231
165
40
185
194
97
59
204
58
36
21
36
244
113
135
130
231
130
97
36
59
59
21
7
113
60
40
204
62
135
40
17
113
130
195
40
59
59
113
36
151
195
40
2
226
59
113
164
135
113
107
234
59
180
195
36
107
130
195
1
182
185
62
59
113
152
60
162
11
195
107
1
107
107
244
43
191
130
92
113
152
36
107
36
135
128
130
187
113
30
132
107
141
36
135
156
7
1
185
160
52
1
211
234
2
90
183
71
135
113
107
220
119
156
211
107
80
60
135
90
87
185
190
1
25
113
43
115
90
152
55
90
146
161
127
213
1
90
127
204
5
36
211
135
43
212
135
212
213
59
185
109
90
152
80
214
90
115
1
176
126
17
146
1
52
105
90
17
101
80
211
151
91
30
80
65
226
121
113
27
150
71
101
189
166
217
36
206
30
208
204
234
41
113
13
244
166
156
36
136
194
1
65
95
212
130
194
1
186
36
229
180
160
107
41
164
31
254
162
43
62
80
185
208
211
206
65
232
245
80
2
50
98
206
113
2
113
26
97
211
234
185
30
105
217
151
91
240
234
110
163
211
213
7
119
244
40
9
138
80
160
204
206
152
110
87
59
195
38
26
151
217
143
17
214
245
245
204
59
55
6
105
101
126
141
156
132
208
211
150
38
118
204
36
71
27
107
31
208
206
200
2
90
1
28
166
206
234
98
59
132
211
162
38
191
119
30
152
160
120
165
17
112
14
115
98
213
55
211
187
13
26
211
2
98
90
104
254
60
7
30
211
98
61
17
41
152
226
21
166
40
254
161
130
156
212
13
208
59
51
231
30
211
128
71
231
131
112
127
217
231
193
203
14
31
188
41
36
211
217
152
225
107
195
200
7
142
160
162
217
218
65
209
250
226
113
69
161
218
9
170
152
208
200
231
19
166
89
128
30
9
38
209
26
62
217
14
120
30
112
172
2
29
213
89
126
32
94
212
98
213
110
26
10
139
101
50
163
132
245
48
206
151
162
139
140
106
159
213
109
13
110
13
13
104
231
110
71
137
52
1
213
113
66
3
206
38
164
131
17
168
169
9
217
163
249
183
143
106
245
66
66
62
151
221
232
90
231
149
151
3
30
113
214
254
185
80
113
106
232
26
48
57
211
166
17
71
119
231
143
232
200
69
43
232
71
30
206
90
64
207
2
65
66
171
119
144
61
229
139
187
9
149
134
94
17
81
163
235
29
200
94
166
156
31
91
57
91
213
123
118
155
27
98
50
64
157
208
110
2
155
11
43
155
98
105
160
143
208
138
61
113
148
41
88
204
221
41
32
221
203
180
213
200
229
132
214
156
254
30
160
161
251
145
30
214
177
28
41
218
32
164
52
49
226
41
98
177
195
27
66
221
128
200
89
135
254
106
163
204
52
153
200
217
171
69
235
83
122
72
52
214
193
238
155
229
135
105
30
214
98
200
32
98
199
229
166
98
43
135
55
214
218
160
69
30
73
139
49
49
155
161
242
116
127
254
231
254
148
254
98
229
148
32
73
208
25
148
216
168
148
155
155
156
33
222
43
237
139
98
45
197
81
75
30
245
188
58
72
188
25
2
135
50
80
148
175
92
58
98
7
72
166
116
139
122
175
119
68
190
171
113
16
148
55
149
55
95
231
229
41
52
102
14
72
1
203
188
200
11
228
95
52
90
206
144
218
52
120
206
43
52
64
45
189
74
214
171
208
199
139
72
210
116
22
42
110
161
161
202
115
11
65
215
249
20
115
223
256
139
58
208
171
171
124
205
238
11
221
186
49
45
197
100
33
95
208
45
177
19
1
229
177
45
161
65
90
207
14
186
34
115
157
77
98
249
144
186
215
157
56
19
150
157
157
160
166
148
157
249
230
157
228
157
200
197
56
160
56
4
200
105
215
190
45
200
186
155
173
205
115
58
230
187
189
1
12
119
197
58
37
157
155
45
188
56
159
228
58
98
155
56
235
155
197
86
58
157
228
56
56
56
82
45
9
157
157
241
157
45
157
