33
59
80
33
162
33
36
80
162
162
84
194
113
135
36
80
80
33
130
80
256
80
253
176
80
87
11
13
31
256
59
3
194
182
75
59
74
162
97
3
55
97
221
75
19
84
146
3
67
26
211
80
256
185
170
59
240
256
31
73
26
170
61
7
42
21
135
150
21
253
80
146
42
60
31
80
19
33
31
138
85
231
31
143
205
228
121
80
150
162
122
64
40
107
75
166
166
162
143
221
7
143
146
239
31
80
176
121
10
150
253
67
50
253
202
78
194
7
143
135
59
256
223
185
209
231
31
231
59
236
150
166
191
42
201
176
146
11
84
94
209
103
135
74
162
256
112
59
222
191
239
78
203
29
121
41
143
154
231
223
144
7
209
194
121
251
186
166
75
185
42
41
195
205
59
194
207
223
108
80
35
55
108
84
244
39
132
55
169
181
228
256
231
203
166
203
58
211
194
121
191
31
32
231
251
162
209
55
208
247
8
8
176
108
150
35
221
40
75
146
18
135
194
166
244
187
91
132
166
140
24
31
8
84
83
135
58
239
146
59
231
84
208
162
199
39
253
162
182
75
91
222
132
66
235
97
115
58
97
71
67
103
66
185
41
97
31
195
169
221
40
186
1
206
143
237
208
191
74
1
84
107
170
73
58
42
244
139
24
160
195
166
231
65
141
42
78
166
191
75
71
80
31
75
256
153
80
52
31
157
75
170
165
203
125
195
73
256
31
195
209
133
131
251
165
7
33
128
232
209
232
31
191
27
243
138
194
40
33
7
8
231
231
185
209
150
33
209
128
166
42
231
18
20
71
197
243
27
138
138
42
80
166
58
42
59
253
231
191
209
138
25
122
77
174
211
194
232
153
120
40
84
191
40
220
235
42
58
166
99
206
166
18
229
195
209
160
62
20
84
121
204
7
191
99
229
59
107
7
78
67
191
107
80
19
138
166
160
112
191
150
231
165
125
223
243
29
31
209
232
80
52
34
195
27
107
23
67
94
256
25
23
165
208
98
75
195
53
172
165
191
90
59
165
35
191
230
231
160
77
24
165
67
4
165
85
84
151
24
71
229
36
194
40
253
21
220
27
217
165
42
151
90
115
210
75
187
71
115
208
7
36
7
42
85
133
182
24
7
7
36
67
115
42
120
56
191
7
165
244
239
84
166
244
107
96
52
199
231
25
20
252
115
113
193
85
42
59
133
254
115
36
7
170
128
193
239
36
84
243
231
77
84
85
183
73
193
248
208
213
165
152
59
208
58
120
25
200
248
94
73
65
42
207
235
208
248
85
72
66
191
15
210
162
66
72
173
165
170
89
15
77
248
7
202
152
94
185
77
143
98
231
80
82
71
185
82
55
191
78
77
210
104
89
221
98
231
152
20
67
82
15
50
249
91
162
120
206
98
199
80
67
36
133
80
128
69
82
216
202
213
239
191
133
82
71
194
165
40
72
84
166
25
231
55
42
86
213
200
130
213
11
133
15
42
23
63
45
232
82
215
84
199
146
49
249
229
239
18
252
224
168
166
18
179
18
213
158
251
55
202
104
19
229
72
161
256
202
119
164
239
166
251
163
213
213
231
176
39
198
210
138
15
157
72
42
52
168
17
210
164
71
42
161
191
239
9
232
133
176
162
232
190
185
7
166
72
12
98
197
179
194
133
152
179
146
29
7
167
158
58
166
133
166
210
105
88
75
161
29
163
209
58
82
82
164
72
26
86
73
42
232
186
44
205
232
88
48
213
133
88
146
82
199
84
72
166
139
173
133
249
164
13
232
23
159
164
63
