220
67
67
67
220
67
67
67
122
221
210
90
90
184
220
240
104
250
75
149
229
227
75
209
243
231
64
147
96
181
167
104
147
127
250
61
15
135
64
192
101
64
173
244
231
61
122
5
75
181
174
135
217
174
217
250
175
101
210
123
250
12
10
211
22
87
174
231
217
250
73
167
141
241
152
118
123
198
17
46
21
226
177
10
167
72
244
46
95
147
46
227
22
181
95
177
151
83
181
127
223
211
166
182
211
245
162
17
192
80
183
30
147
95
7
244
219
210
202
214
167
84
240
8
248
208
223
208
46
214
171
241
193
172
95
84
211
245
141
136
173
77
248
46
254
223
219
222
10
178
29
96
186
207
222
123
77
7
94
207
214
94
3
162
168
129
129
28
72
208
100
62
75
178
40
122
141
147
254
181
100
54
250
101
122
253
76
253
108
168
136
76
122
122
248
253
176
180
139
110
110
39
136
77
122
183
104
238
250
151
253
240
154
118
76
176
176
110
242
9
55
210
253
136
117
154
128
219
230
170
49
170
254
240
248
248
136
99
91
208
222
142
176
98
103
114
160
108
107
105
210
88
128
16
69
106
172
27
186
230
69
54
123
180
226
193
55
62
198
162
76
245
28
110
250
131
250
10
230
42
49
101
110
216
103
77
168
203
138
52
51
211
215
253
195
223
250
162
150
2
228
168
180
178
193
79
218
180
107
164
198
223
227
3
206
2
162
138
33
103
141
127
85
104
72
108
242
126
240
247
4
63
3
199
172
98
79
86
252
52
248
2
162
195
33
26
86
16
19
164
222
211
141
77
42
8
122
57
26
59
138
81
249
77
1
94
108
127
10
70
45
38
70
138
180
99
69
9
121
63
63
162
199
168
128
51
134
54
90
58
13
248
110
239
228
142
122
144
77
77
203
171
219
14
176
164
38
168
154
227
140
248
227
84
216
154
222
201
104
192
122
142
70
182
208
17
172
31
81
110
210
208
130
32
250
49
227
22
180
178
250
110
32
127
145
235
110
215
9
57
118
118
149
15
131
171
102
171
116
154
226
214
95
236
63
239
26
55
192
79
171
114
102
54
154
14
172
158
137
94
137
222
182
65
214
90
163
87
249
66
241
182
140
105
66
116
154
114
110
222
131
106
153
176
5
206
145
92
181
123
137
39
104
96
151
128
140
105
26
171
11
241
122
210
86
54
134
238
195
25
206
79
123
154
164
111
31
154
217
252
131
256
144
58
171
192
203
59
69
96
126
96
189
145
15
66
140
227
144
217
42
54
215
30
184
15
131
236
80
84
13
55
154
72
83
183
249
175
217
182
106
105
46
66
7
50
215
94
147
178
105
245
252
134
207
206
238
210
30
171
190
206
145
66
38
250
222
210
190
147
51
252
54
215
72
38
120
245
167
50
83
245
168
248
108
187
14
77
211
101
39
13
55
239
154
15
32
224
15
124
53
146
192
55
79
112
3
149
232
64
90
54
27
221
116
149
171
104
235
144
210
124
77
154
110
235
10
23
212
171
124
111
154
168
128
204
222
108
168
250
55
39
134
86
183
203
134
205
164
179
93
182
218
122
62
182
73
59
91
220
65
64
79
175
149
139
245
247
231
154
171
130
78
226
124
232
147
6
154
145
224
47
253
17
206
140
3
216
116
6
236
210
167
237
96
221
231
105
118
39
207
189
204
42
224
14
145
248
233
59
28
176
217
140
54
76
111
72
43
219
8
204
9
207
74
188
244
154
122
215
13
49
45
41
209
236
65
127
55
224
221
48
60
3
32
122
226
64
132
92
108
228
154
216
203
79
241
46
165
190
154
142
127
220
38
92
54
218
46
171
95
6
232
231
139
25
13
6
110
43
37
85
52
55
114
229
116
226
141
105
139
58
171
127
136
3
109
64
226
181
132
4
227
215
26
14
250
240
46
96
127
244
120
34
132
58
206
38
117
77
132
248
244
136
146
76
248
231
116
244
6
222
130
249
38
205
120
1
126
224
236
131
47
226
171
54
53
168
96
158
108
16
178
136
77
252
154
182
112
179
252
134
57
54
104
124
108
74
128
33
116
187
136
108
116
149
46
168
139
210
124
142
218
168
217
164
116
132
228
210
120
154
28
14
136
168
134
132
15
114
210
141
38
33
116
222
47
72
106
149
112
95
126
174
24
90
122
88
24
212
2
47
141
132
198
108
222
228
136
162
196
227
81
8
141
54
235
222
15
220
236
190
197
47
119
252
94
52
34
227
193
124
47
175
198
224
110
27
229
195
162
61
129
2
136
210
154
137
42
245
202
142
252
132
217
19
5
107
247
182
5
27
131
31
229
115
1
202
204
114
139
217
105
134
141
93
120
46
205
124
113
19
58
167
47
154
129
122
180
32
64
221
232
120
73
216
59
203
122
199
114
37
60
15
15
207
24
185
43
226
8
37
192
221
122
139
168
164
54
249
30
82
133
9
180
30
75
158
198
113
74
139
207
131
139
180
106
43
94
239
177
237
222
236
13
3
9
224
134
237
17
49
205
39
168
114
64
38
180
234
229
97
205
120
168
129
184
168
174
9
63
131
72
217
252
41
109
103
24
147
229
122
59
218
210
76
198
22
236
26
188
95
98
65
183
183
11
88
98
183
47
132
70
33
127
244
88
136
209
95
114
165
122
84
83
117
108
205
138
205
183
205
170
136
234
238
186
132
188
95
114
71
169
154
51
227
38
77
134
26
30
71
157
110
120
124
140
145
38
210
47
131
16
229
103
37
120
244
19
183
16
183
106
216
57
5
122
118
25
132
17
105
203
73
76
182
109
250
147
122
136
233
26
216
147
37
102
95
200
101
28
1
38
61
131
74
171
4
47
84
138
235
46
11
200
211
5
122
169
210
120
88
8
41
147
172
9
221
78
22
176
133
147
75
196
65
222
198
65
203
243
233
197
43
168
61
27
228
121
116
125
219
211
64
39
21
5
230
96
248
175
235
111
136
246
65
182
159
124
101
67
43
193
127
194
110
181
248
221
164
108
233
253
158
122
57
101
127
139
130
158
159
181
127
236
28
248
237
167
78
14
183
139
245
203
78
25
88
183
141
43
5
224
136
122
241
43
72
144
201
78
140
248
245
121
75
139
234
233
125
78
111
223
136
32
145
202
223
15
114
108
218
68
131
5
82
164
179
179
233
65
195
41
217
138
122
28
226
184
145
10
223
188
102
207
61
237
219
255
220
122
82
36
102
188
195
45
201
27
248
55
122
169
82
67
32
13
206
77
237
144
35
129
235
43
242
76
199
188
211
170
82
35
79
141
43
255
28
140
34
171
162
132
229
132
32
245
8
69
185
109
238
229
101
241
202
168
77
235
87
84
201
238
10
32
43
201
68
149
226
1
201
37
247
5
136
245
104
124
256
193
158
122
138
132
122
13
171
89
79
132
255
198
101
255
122
200
63
77
131
2
229
47
193
228
198
122
27
23
236
200
10
210
73
175
135
233
135
132
132
16
54
180
65
220
100
119
68
20
43
168
93
139
228
170
198
122
53
116
36
2
43
247
108
138
188
187
94
138
208
215
234
181
180
247
204
230
78
158
163
224
208
6
248
228
37
188
131
82
104
116
188
23
108
53
43
196
63
53
56
142
70
100
100
63
241
