187
34
34
187
34
126
34
34
126
34
18
212
160
212
34
51
34
129
242
34
34
102
34
34
76
160
34
34
107
126
220
98
126
79
126
51
160
14
26
51
26
69
126
126
126
126
126
123
239
126
126
223
126
34
106
126
239
51
76
61
114
107
183
126
126
47
1
94
34
126
51
126
34
126
119
172
145
61
111
126
111
74
175
175
175
111
114
79
90
111
175
126
111
26
34
10
151
239
61
126
120
111
111
14
61
126
34
3
176
55
34
111
1
117
90
34
34
55
34
162
111
151
111
90
138
138
52
197
150
34
176
88
138
34
138
69
195
81
199
34
126
34
161
34
91
34
59
132
150
90
64
94
72
150
19
162
91
64
176
36
197
64
64
197
51
187
138
123
18
109
90
231
90
72
212
162
45
176
115
59
19
74
72
140
106
18
172
47
176
12
62
176
189
172
16
197
72
176
74
106
111
184
84
36
82
161
76
110
123
72
251
84
69
62
195
66
146
72
172
150
27
115
140
251
209
140
212
251
222
249
140
72
105
106
242
18
14
140
162
72
242
251
256
220
64
242
5
123
114
176
110
189
66
140
66
204
251
242
88
120
177
72
176
220
3
72
25
251
110
120
143
176
153
163
72
74
96
56
176
177
61
204
133
251
18
136
214
14
34
66
176
140
215
69
34
197
197
111
204
242
21
9
226
61
81
112
81
46
232
9
212
18
26
14
9
222
176
122
77
64
82
204
222
77
29
150
62
140
65
72
219
112
159
106
236
164
66
197
81
184
12
9
217
223
176
150
251
106
63
72
236
81
218
42
90
249
115
72
187
91
34
56
232
72
192
197
21
88
140
49
62
212
102
218
251
23
150
216
150
194
237
215
242
255
42
57
242
242
25
230
78
115
48
63
230
23
82
140
145
61
105
111
211
239
77
216
145
150
88
15
181
195
50
72
184
106
61
175
215
32
50
12
102
197
155
162
232
56
216
197
199
63
197
10
86
221
138
221
112
192
235
199
54
186
97
86
124
192
9
94
199
249
58
72
197
251
3
230
168
168
149
77
82
242
153
215
91
237
232
81
81
25
143
29
194
45
72
71
149
223
74
148
143
15
102
149
199
225
102
133
155
161
9
174
72
159
226
149
97
16
159
16
148
215
199
40
13
44
94
214
82
82
232
97
197
85
72
34
174
161
97
228
165
39
34
72
165
197
56
251
247
163
88
197
12
23
82
133
161
104
249
72
12
39
162
25
105
34
50
39
23
45
255
63
120
131
104
72
220
237
72
153
52
74
165
155
32
101
162
61
242
232
23
197
45
102
215
48
197
88
215
149
56
120
133
45
131
216
50
58
143
81
197
181
210
99
71
149
79
98
155
197
72
161
23
197
133
208
155
223
190
97
197
23
3
161
232
94
190
161
79
215
72
63
99
232
106
155
161
121
249
104
48
16
112
143
62
197
160
143
45
67
197
153
126
232
91
26
230
50
161
215
88
235
121
55
157
79
169
102
197
25
192
99
239
31
197
117
115
182
12
197
45
67
25
215
157
179
157
26
26
155
76
238
77
104
159
159
91
159
83
97
178
72
197
85
159
81
214
85
50
42
99
155
251
112
85
256
210
86
155
44
128
117
72
215
139
189
232
15
117
52
23
94
155
190
235
215
72
63
23
237
253
202
155
45
21
72
81
104
161
174
155
218
247
202
21
148
218
15
202
104
72
45
111
8
218
106
202
174
12
72
139
242
79
208
164
103
155
215
161
247
202
202
72
23
72
243
83
155
117
232
89
85
116
85
216
14
213
197
133
172
155
190
35
223
197
22
197
73
99
218
215
197
218
218
199
115
193
221
181
76
204
45
117
216
218
25
162
85
140
89
170
243
45
220
99
197
218
12
249
25
52
232
202
71
165
174
213
174
34
55
199
165
232
45
232
101
25
72
169
197
85
54
64
153
236
72
12
154
139
221
218
72
169
13
99
255
232
213
11
153
99
197
108
45
42
166
85
161
83
72
72
106
99
215
45
213
197
148
221
215
52
99
99
99
255
121
12
174
190
99
106
197
218
203
45
61
63
197
174
197
120
111
83
197
99
99
81
218
99
45
99
31
104
143
25
236
79
72
84
256
121
26
197
197
73
99
148
99
145
61
120
55
174
23
121
169
196
98
186
164
218
32
186
88
57
216
213
197
197
197
72
25
99
72
26
160
99
197
26
99
164
197
70
238
99
64
136
99
93
198
115
238
94
63
186
72
255
190
99
190
244
215
252
216
189
44
236
52
161
215
42
9
94
235
255
99
139
73
164
186
247
179
28
149
161
72
197
218
29
99
202
80
215
197
163
94
99
218
99
91
25
256
23
197
23
197
256
64
6
99
256
159
242
256
89
190
133
