97
151
108
166
25
98
244
90
203
81
203
151
126
65
190
59
230
190
204
7
73
25
204
84
80
67
84
98
181
181
40
67
150
73
126
251
79
80
174
248
158
209
244
45
214
143
80
7
31
194
204
212
74
242
69
199
7
79
7
106
93
140
208
67
40
91
160
140
50
65
73
112
209
84
61
93
185
202
40
83
128
38
165
61
146
9
143
164
185
28
128
166
73
160
251
213
248
8
212
127
7
59
121
98
54
27
128
7
71
244
209
162
81
174
107
254
27
41
195
152
71
191
79
128
126
22
164
73
189
106
190
251
81
195
27
140
95
176
27
74
55
202
220
203
138
75
143
166
21
19
212
55
4
91
143
209
115
214
216
73
128
140
74
208
21
52
26
162
89
237
69
113
239
166
209
152
165
19
16
93
6
186
50
89
126
186
27
71
127
250
26
141
74
237
230
204
251
177
221
98
143
69
244
81
240
208
164
98
231
75
80
195
128
209
194
51
194
107
113
92
165
41
231
248
98
214
84
113
55
103
16
129
209
84
136
145
204
162
243
235
129
75
87
80
160
128
223
36
36
237
114
138
165
114
113
121
177
80
166
62
125
162
66
195
225
146
213
69
81
29
160
139
145
221
58
208
162
74
225
231
231
148
61
75
73
50
115
240
153
52
71
111
177
45
74
29
191
177
218
98
170
225
208
221
38
225
102
235
84
125
225
251
102
218
127
239
208
177
166
90
113
17
74
166
190
25
26
67
204
81
165
23
5
239
127
216
238
99
74
213
177
59
214
27
232
81
195
26
216
16
91
84
21
214
221
112
107
251
115
181
22
190
8
131
74
128
81
183
19
160
237
240
195
186
71
16
231
115
243
134
249
146
64
82
231
166
178
133
203
186
107
62
89
166
112
73
125
177
208
59
138
251
130
81
73
231
16
249
197
56
194
175
45
161
31
195
62
165
20
74
166
46
97
170
134
122
48
81
225
157
148
209
7
222
77
234
209
136
237
119
56
210
121
81
155
81
66
186
165
78
51
177
136
10
227
172
31
220
220
31
148
231
74
139
79
112
225
16
209
255
235
73
14
248
188
74
90
130
248
249
131
251
248
69
177
130
64
54
148
140
36
153
19
99
184
194
5
255
139
210
97
75
253
171
154
208
123
93
160
208
51
56
210
167
64
234
219
148
25
99
23
182
20
74
25
251
29
54
136
248
151
143
239
233
165
166
148
81
193
148
80
48
175
79
59
248
25
69
175
76
16
218
81
143
210
71
124
137
214
146
25
68
113
147
80
97
254
220
20
244
220
149
136
84
255
20
127
255
175
234
20
47
9
157
216
203
126
86
186
59
125
95
65
225
209
252
228
46
111
209
155
116
66
149
147
244
15
147
27
81
234
81
101
51
138
151
127
239
115
251
202
208
126
175
36
19
81
18
224
18
140
103
123
152
97
36
216
127
168
97
103
18
215
133
230
177
46
74
127
165
238
127
87
183
237
9
184
148
248
126
152
101
229
103
243
127
1
64
125
202
18
244
241
247
195
254
26
14
19
52
211
160
204
237
234
95
20
126
240
207
75
140
148
234
140
210
91
152
130
211
204
171
8
255
26
76
35
88
172
218
46
149
118
190
9
155
25
115
17
149
241
229
150
233
210
212
20
16
186
62
234
216
119
52
81
126
162
153
57
59
48
157
184
180
71
84
74
21
170
246
161
193
18
124
151
183
221
153
151
162
117
16
186
138
23
169
115
73
248
219
141
155
123
26
233
81
211
138
72
169
38
254
254
151
229
88
202
25
197
239
36
149
25
200
52
158
64
67
76
64
94
101
54
76
16
153
84
160
119
215
104
92
209
221
93
225
123
105
148
69
221
254
81
165
121
101
121
127
210
6
221
216
69
127
161
38
185
224
57
243
21
41
153
52
206
244
74
249
48
72
171
107
148
24
36
149
84
81
57
242
90
19
126
251
244
122
106
202
35
25
190
119
255
23
23
232
186
191
104
107
93
251
199
233
50
34
156
252
234
23
61
154
243
153
215
183
198
242
218
155
216
148
218
154
118
175
152
8
194
52
5
179
175
120
115
197
246
20
149
102
145
17
117
216
185
251
251
252
35
88
44
138
136
210
16
141
204
220
127
16
74
213
160
101
209
38
81
23
109
217
139
10
225
107
157
62
251
129
81
199
199
255
62
243
180
101
155
9
221
71
46
161
199
74
9
86
84
178
221
213
254
129
148
154
196
253
115
165
236
112
125
107
239
153
153
109
42
160
247
52
22
20
56
123
216
239
65
107
217
154
154
188
210
98
216
234
17
159
94
210
97
56
22
56
126
210
210
123
225
4
246
234
243
173
163
148
168
157
50
107
246
51
186
48
74
173
74
241
151
119
200
13
255
51
108
148
255
216
46
115
93
8
151
4
66
107
56
246
129
163
190
219
251
102
50
104
119
84
141
52
81
156
166
99
72
45
188
80
221
145
12
246
218
202
77
123
116
168
104
24
185
21
133
210
62
249
252
239
156
255
244
143
98
255
38
113
154
72
4
196
12
4
154
198
143
133
253
118
82
239
41
148
93
64
123
20
254
232
246
251
81
72
118
77
202
3
235
56
40
247
18
13
239
4
26
148
148
133
181
18
165
251
82
115
169
108
161
67
218
74
25
178
107
13
194
13
186
116
85
18
13
225
115
173
63
20
72
116
52
39
221
38
141
161
251
154
51
96
45
168
115
72
250
152
178
122
106
210
155
34
119
39
163
23
18
104
116
108
56
84
99
120
85
133
73
176
118
63
98
63
116
158
45
163
255
72
45
9
247
45
154
189
63
247
200
116
197
133
197
133
73
9
148
84
152
193
153
79
122
20
84
158
197
161
141
247
210
79
73
133
99
59
194
133
116
116
242
116
63
104
89
85
209
179
154
163
57
23
155
243
122
161
79
23
125
116
82
101
104
200
33
34
102
125
233
233
108
20
161
164
133
213
219
78
84
155
20
96
254
101
152
125
133
220
140
20
255
255
72
218
148
218
220
220
70
68
160
101
23
125
158
57
101
125
202
148
158
48
48
102
144
176
125
163
251
15
113
114
101
15
255
23
139
20
48
229
30
101
101
13
157
255
121
72
213
115
191
7
161
31
149
77
133
155
197
190
99
133
20
15
193
189
158
133
157
133
56
82
133
128
40
163
140
163
102
72
20
88
57
133
149
110
48
159
213
247
67
213
133
236
188
155
133
168
26
133
170
161
56
133
186
201
42
189
201
89
20
133
235
161
159
189
155
213
178
72
158
48
88
72
20
197
197
133
218
213
221
