177
177
212
26
212
146
127
127
38
127
94
129
18
129
90
90
21
76
87
220
127
170
129
16
53
189
90
90
220
220
102
54
18
62
128
127
203
62
38
143
66
231
143
220
90
90
181
183
75
66
90
189
53
31
194
121
75
219
66
129
105
219
83
102
143
189
74
8
148
62
90
66
183
231
220
90
66
220
62
73
218
222
127
105
122
90
168
237
62
194
183
28
186
90
12
66
21
148
104
12
189
221
174
91
171
199
199
166
144
129
148
148
62
165
83
211
62
158
66
15
67
67
129
237
67
21
222
123
66
102
122
150
138
220
102
21
90
90
62
189
148
129
65
138
189
38
11
94
65
12
143
253
164
81
28
127
73
179
253
190
127
138
46
186
238
22
148
233
171
12
179
138
238
104
252
55
237
247
199
129
171
105
38
148
252
57
6
172
28
122
100
138
57
196
164
143
238
139
199
184
81
12
239
182
18
148
10
122
105
122
127
38
62
99
237
237
38
116
181
206
237
179
199
129
100
237
193
77
17
38
237
199
102
122
38
12
237
118
164
22
154
44
145
246
6
97
195
9
38
99
38
247
116
38
248
190
121
169
6
77
76
238
246
93
148
38
106
78
174
222
138
248
163
237
148
80
99
98
129
236
148
18
204
26
58
50
153
181
6
252
145
9
186
53
53
38
99
237
115
167
82
237
38
148
170
94
110
6
255
218
77
164
6
53
121
44
77
61
185
6
245
61
105
148
148
101
73
138
9
129
51
91
221
160
26
49
6
160
142
213
216
221
51
148
12
76
189
238
144
154
201
255
61
218
125
78
121
148
210
148
198
216
65
14
153
38
41
17
38
93
129
148
64
53
48
91
61
238
238
148
147
96
142
206
38
6
236
156
210
109
148
99
9
76
148
8
61
103
141
153
94
128
105
148
38
53
3
87
210
176
54
225
103
112
196
252
104
178
198
38
160
61
198
6
103
189
148
134
206
110
211
35
3
241
18
21
238
71
44
104
148
172
38
120
105
255
93
148
76
61
199
85
233
247
216
204
6
136
237
137
134
131
85
89
199
179
81
141
94
99
116
74
6
94
252
12
38
81
189
144
238
148
115
26
148
189
148
163
105
28
38
223
242
105
3
75
212
57
38
50
233
38
125
204
198
148
13
24
88
8
18
108
66
221
38
218
18
128
133
21
38
91
142
187
101
218
144
238
12
126
105
210
15
38
120
117
167
116
38
198
14
105
206
34
62
105
6
99
38
241
132
255
218
24
38
118
116
74
153
47
8
142
219
101
248
38
148
221
83
147
127
241
148
196
142
79
251
210
6
61
78
38
85
198
79
6
161
252
8
133
61
5
212
203
171
122
238
46
38
86
245
137
238
44
38
219
62
102
148
29
120
116
58
247
82
142
5
20
38
50
204
167
219
163
3
120
218
58
38
38
114
115
90
105
129
132
103
253
110
238
116
50
82
14
233
148
196
196
153
13
198
25
210
248
94
38
253
164
240
207
44
6
142
148
250
21
72
79
148
105
98
99
179
115
41
248
237
33
26
153
248
163
169
247
190
148
124
38
164
85
48
123
148
57
153
148
248
134
99
94
82
26
179
253
116
83
116
64
249
108
47
65
81
1
56
98
99
103
38
243
91
213
58
131
142
122
38
26
148
95
38
134
255
161
16
203
244
123
142
167
145
95
241
46
116
247
32
247
237
83
167
248
134
167
248
16
120
248
241
218
40
85
30
19
243
203
53
103
219
148
161
6
238
95
45
133
19
77
189
61
172
79
238
99
221
9
26
210
91
248
201
142
109
210
199
98
124
220
105
91
231
199
11
148
115
124
233
212
252
179
237
45
25
140
222
103
189
86
55
233
161
64
8
26
65
62
154
253
238
156
70
44
83
8
142
203
38
148
154
147
73
133
26
148
131
103
177
110
204
197
79
248
61
38
38
91
179
116
101
74
104
73
116
85
139
193
167
81
219
6
16
247
196
197
116
74
101
251
189
138
142
13
82
162
85
13
147
238
211
223
210
99
255
153
206
57
161
204
115
104
129
167
34
26
211
243
134
203
89
173
218
248
122
218
104
193
155
37
228
101
241
129
67
24
196
98
248
189
150
110
76
38
28
232
9
26
141
77
215
116
37
133
38
231
10
249
193
37
163
155
13
187
74
133
236
104
237
82
241
76
219
155
56
91
218
94
91
190
65
86
189
38
124
116
115
26
246
163
120
24
26
85
215
162
116
248
190
242
5
156
155
215
148
81
205
155
38
22
104
26
150
147
6
153
134
210
61
24
42
36
248
238
45
213
50
110
197
108
248
5
133
10
206
248
157
145
42
11
76
163
210
194
241
67
91
116
133
167
133
216
48
199
142
134
195
242
45
29
134
108
238
167
25
46
236
141
213
13
236
96
236
69
207
13
167
227
155
199
10
139
148
56
193
218
93
15
201
202
119
207
116
133
142
63
161
204
58
148
155
95
134
45
102
99
163
251
163
191
179
130
235
44
248
69
8
161
136
93
221
84
62
133
138
161
58
38
64
130
133
55
236
163
250
38
38
248
48
196
197
163
134
218
44
176
248
210
38
189
86
127
106
106
155
93
255
47
98
248
47
222
221
210
238
38
99
138
178
22
161
85
102
219
52
235
238
134
44
255
99
202
218
96
142
134
127
131
252
29
140
221
133
218
110
30
42
76
161
24
213
216
245
24
69
163
133
117
207
9
112
216
242
82
213
241
203
207
98
72
142
104
43
163
133
138
155
248
149
32
159
87
57
161
9
213
140
163
247
26
207
249
139
115
163
238
155
9
218
160
26
44
134
207
104
210
235
72
115
95
234
247
81
204
143
57
141
167
218
242
235
142
240
86
141
248
57
196
117
120
179
133
56
61
223
197
206
218
215
38
108
189
72
91
230
69
93
58
248
248
154
134
98
213
218
238
218
13
57
63
190
201
132
105
210
167
101
236
72
24
124
133
61
6
1
8
25
46
221
86
215
218
149
237
142
104
26
203
176
103
81
124
247
103
57
252
253
58
248
24
116
203
85
201
112
136
248
73
12
138
163
45
56
227
81
39
238
121
179
167
227
163
139
45
148
181
221
219
252
18
63
12
238
163
24
56
221
203
112
133
139
247
85
38
219
252
91
139
13
191
86
215
87
222
99
18
101
240
62
21
237
247
218
163
158
38
197
218
57
86
65
72
47
91
170
79
181
134
21
69
216
237
110
72
83
201
247
53
163
179
187
62
8
12
161
168
117
85
57
242
79
218
240
228
6
24
11
56
53
255
72
213
77
79
61
201
161
45
138
19
130
167
189
242
155
134
253
180
26
149
116
120
189
115
159
197
218
86
102
161
232
38
255
39
85
184
252
139
76
57
134
117
139
240
16
158
115
109
82
76
123
39
249
42
58
110
253
215
219
216
233
42
196
247
233
133
131
128
210
9
237
38
134
15
102
138
223
247
248
124
178
219
218
139
120
76
218
3
163
101
252
127
149
113
120
133
161
45
203
178
139
232
105
242
38
219
12
38
112
84
10
215
36
45
34
181
102
163
158
133
252
207
77
48
81
216
163
26
63
72
207
218
42
203
218
69
248
113
221
72
100
12
214
191
13
248
148
202
149
210
196
163
221
212
133
103
218
26
103
25
88
157
116
133
139
94
102
207
26
202
232
8
196
45
158
196
132
94
133
155
113
133
252
87
219
182
12
163
232
74
122
69
12
12
67
79
218
133
236
49
75
32
39
26
61
53
193
214
134
128
61
218
70
74
240
120
219
26
255
153
221
198
133
222
153
115
196
87
232
133
48
91
219
232
25
62
182
148
159
138
48
176
25
214
26
163
224
163
29
155
43
199
149
237
106
81
77
67
124
213
189
86
94
18
42
114
240
241
216
57
199
207
218
158
70
142
140
189
159
189
155
36
48
233
178
133
23
205
91
163
81
34
35
210
101
117
189
149
242
198
56
181
12
207
247
106
132
69
126
133
228
139
161
155
179
82
133
129
45
133
161
133
197
120
218
133
109
45
91
210
26
76
199
25
168
124
184
199
64
72
124
30
216
203
222
24
189
74
241
247
163
159
56
101
142
133
163
45
172
154
55
244
103
26
38
42
156
86
157
9
253
29
167
75
31
216
221
56
247
117
117
242
217
45
15
236
159
37
61
86
232
130
155
102
148
230
99
242
232
255
104
154
24
83
117
24
139
12
57
198
221
142
167
73
138
9
215
218
167
25
133
62
193
255
236
242
122
83
57
48
70
148
157
139
79
187
34
8
91
117
83
144
15
163
9
99
69
50
159
83
132
30
241
164
172
48
12
134
218
215
111
104
83
190
55
78
218
19
242
72
215
15
45
52
161
248
64
67
218
133
153
210
221
232
214
163
48
53
56
163
149
167
24
201
159
44
163
43
79
199
215
116
159
91
66
26
133
138
144
227
189
238
48
158
94
105
84
163
86
94
133
149
94
155
86
133
232
255
45
34
199
53
215
31
161
232
26
10
187
155
82
134
48
77
26
108
155
104
77
137
115
25
181
86
116
159
213
221
77
228
243
154
249
11
210
34
82
34
193
134
169
149
45
218
256
192
21
133
63
120
133
78
45
120
45
162
256
218
48
228
206
122
99
253
14
201
56
181
172
48
179
218
83
65
57
15
79
187
236
231
117
233
163
178
247
111
178
197
79
155
86
133
216
139
155
155
57
135
91
192
233
159
241
69
82
76
42
252
174
118
159
13
39
50
133
45
32
133
34
56
104
24
56
11
178
13
81
235
223
138
45
210
175
157
133
82
178
253
183
247
82
56
181
83
135
45
163
48
83
133
248
103
53
48
122
57
227
117
133
227
124
45
227
106
53
121
250
48
252
45
101
233
207
133
108
133
122
227
227
63
11
25
215
45
133
232
86
205
15
232
163
178
133
12
210
255
218
61
45
159
122
147
190
148
255
43
71
219
219
215
99
159
256
155
133
157
190
249
83
82
148
133
13
256
26
249
147
228
56
105
12
13
134
255
228
199
133
228
133
252
105
220
248
101
42
45
207
76
133
232
161
133
159
220
213
133
147
59
18
138
215
252
155
134
155
250
39
100
78
124
57
178
12
163
86
155
63
77
15
45
113
129
73
237
42
187
133
42
102
62
45
15
117
207
73
91
55
86
52
178
25
149
232
196
149
161
78
77
45
15
189
149
199
202
15
70
56
207
147
56
247
158
202
235
134
45
125
39
158
9
16
5
120
63
245
53
155
133
233
193
53
210
228
247
139
86
133
232
218
57
240
114
45
247
210
133
