135
194
80
249
7
40
150
40
195
7
150
159
248
196
77
73
41
95
28
192
147
64
253
41
111
40
146
7
64
192
189
129
139
95
60
233
54
240
158
96
189
67
205
102
57
180
73
243
192
165
110
15
184
176
111
46
165
48
111
41
11
253
186
111
131
81
229
54
102
123
8
112
244
206
184
111
253
244
176
138
67
184
111
121
36
87
110
34
149
139
104
229
238
199
201
172
31
42
13
74
129
219
35
84
147
186
201
206
95
42
182
95
129
246
42
111
64
253
219
29
111
115
111
91
244
111
69
238
149
193
172
192
211
228
5
46
87
111
15
17
15
106
104
169
69
11
73
128
57
199
119
63
47
76
3
111
15
250
172
3
234
47
123
64
47
3
91
104
104
107
217
14
220
113
102
203
111
171
195
253
119
158
74
106
129
201
217
112
244
163
88
110
25
123
219
174
123
97
14
81
19
149
39
123
116
174
3
129
206
31
3
5
43
11
211
105
145
81
61
219
124
93
113
105
65
117
66
216
102
87
66
28
34
76
128
226
38
57
201
98
235
28
129
67
180
111
11
245
132
212
174
67
93
114
249
172
174
116
9
234
37
160
195
168
122
123
34
129
244
93
105
128
152
163
106
107
153
111
66
54
129
14
169
29
211
91
28
238
178
116
123
6
50
193
106
129
174
61
147
182
11
42
11
153
236
127
34
10
236
111
171
147
200
245
132
147
14
163
116
147
220
192
178
174
178
3
12
221
242
83
28
212
104
9
200
92
37
148
65
79
6
147
57
129
6
146
221
189
15
106
200
54
61
9
211
233
147
93
67
216
103
15
35
204
15
39
243
151
201
8
212
189
38
39
128
74
9
15
168
140
158
228
113
15
6
43
243
95
104
66
36
1
62
203
111
6
167
110
181
115
167
113
72
106
186
212
72
63
191
27
96
167
248
212
62
91
85
12
132
236
38
3
187
223
103
181
207
90
149
106
9
132
3
151
37
250
172
93
57
169
200
84
96
167
24
156
114
64
90
35
64
145
219
22
102
199
105
224
196
122
189
250
170
200
174
104
24
233
91
46
147
11
5
91
223
147
181
156
140
169
243
215
9
106
147
47
240
44
238
21
79
131
38
111
108
32
90
15
104
95
174
223
126
34
61
201
203
66
11
83
104
103
222
36
163
28
156
10
94
228
226
97
83
163
101
243
216
93
35
156
247
194
87
21
76
36
90
206
201
3
34
169
57
149
154
147
250
247
238
204
114
129
9
109
8
144
247
163
148
156
12
216
172
50
140
198
201
106
85
248
111
118
222
28
234
41
43
10
243
139
67
206
34
129
135
57
1
109
111
154
104
248
254
153
104
233
13
61
216
238
118
70
30
196
14
114
100
99
174
78
70
30
233
11
104
237
166
12
189
156
57
158
44
36
35
94
139
127
189
250
188
174
249
163
189
121
79
163
2
134
154
76
104
236
169
61
245
21
248
83
174
215
105
240
118
219
123
226
212
140
130
15
66
47
201
145
38
1
64
158
212
196
227
65
38
1
85
81
130
236
245
88
114
12
245
132
6
194
163
96
175
167
222
116
87
148
94
176
34
38
78
39
178
109
163
191
9
69
80
148
105
243
34
156
51
37
70
174
109
163
42
235
34
118
201
102
3
241
30
37
103
124
102
121
102
116
246
30
4
227
81
231
50
97
180
51
38
156
167
219
94
236
147
34
2
246
167
102
58
96
14
236
114
9
1
68
153
81
196
148
36
148
201
179
163
37
36
167
147
147
168
12
69
153
93
69
61
105
154
78
148
64
79
111
69
219
37
255
12
13
64
144
98
63
210
208
152
151
226
167
26
114
61
244
122
172
72
117
196
220
147
182
81
14
144
247
201
167
109
181
70
121
203
60
76
170
140
238
3
187
64
103
169
88
167
238
153
89
109
34
2
110
88
91
195
201
66
248
111
21
103
188
41
89
124
35
127
37
154
227
253
124
199
234
62
255
130
242
254
134
72
108
229
76
167
199
3
10
93
16
61
34
91
219
49
207
179
236
174
181
119
195
102
218
256
114
2
12
35
226
124
145
195
187
248
41
78
47
244
222
201
145
201
254
156
46
199
201
212
163
199
231
86
89
64
212
55
154
178
175
147
216
108
93
88
178
61
91
237
224
184
22
91
15
129
106
221
105
104
38
199
199
129
10
236
107
9
189
119
145
207
154
195
7
163
196
78
126
237
46
165
245
180
242
236
124
109
16
108
46
132
233
94
63
53
175
88
89
64
64
70
74
102
231
224
109
224
105
61
97
242
43
237
37
15
89
138
201
38
240
118
114
65
144
201
10
118
196
19
121
132
103
144
242
12
61
256
13
30
90
193
118
196
47
221
201
69
51
108
122
227
216
38
133
35
236
229
188
216
154
43
9
25
152
195
111
184
201
59
112
35
172
245
91
121
32
212
183
134
226
79
201
254
245
35
148
114
88
170
93
226
203
206
50
87
27
109
111
77
201
46
97
201
75
217
245
61
241
96
14
189
158
174
111
170
147
171
26
219
96
238
183
175
220
219
35
215
158
61
167
34
123
3
38
38
156
174
148
35
53
241
227
26
79
254
35
29
141
122
35
46
14
227
37
93
74
213
61
83
163
227
140
109
49
201
77
223
61
144
56
52
63
250
75
15
223
109
122
243
94
90
76
246
136
156
119
238
192
75
139
116
26
211
35
119
79
74
169
114
61
181
225
142
121
201
34
207
178
37
69
70
109
231
120
231
75
44
167
222
12
128
96
93
242
207
247
196
52
201
243
138
130
102
15
231
213
211
224
114
203
43
187
108
34
105
163
228
190
149
22
219
183
152
254
254
40
108
171
13
102
253
185
101
22
115
233
227
255
93
58
170
76
108
196
89
243
34
135
64
105
188
121
116
18
201
132
114
201
236
102
220
223
56
240
37
19
25
152
231
53
48
37
169
169
196
91
156
13
40
54
74
38
50
25
193
248
116
14
96
206
113
190
34
158
174
156
204
228
114
170
47
88
204
138
183
228
3
112
22
110
207
227
192
2
114
104
155
254
168
187
141
47
93
175
192
15
34
43
206
13
238
201
228
227
103
2
224
233
193
147
158
248
122
83
227
64
207
64
163
156
243
169
149
167
248
57
75
158
61
238
60
64
43
54
56
128
169
122
5
227
105
120
60
116
152
181
202
145
183
83
101
192
255
52
108
255
49
200
242
199
122
162
127
37
3
170
201
83
1
19
129
69
192
122
128
222
139
37
109
65
173
5
238
74
147
46
148
47
188
109
37
91
22
74
132
192
238
130
108
248
243
202
126
203
14
93
201
172
169
200
37
193
158
11
30
192
207
64
108
64
70
211
116
27
146
145
73
42
167
135
19
228
54
208
201
228
120
148
88
103
16
118
41
103
246
94
24
156
154
256
183
120
122
181
201
170
122
125
46
178
248
61
34
81
124
37
147
58
163
210
103
166
212
28
105
35
70
201
187
156
186
139
156
226
121
122
163
220
8
229
114
158
255
218
103
43
242
201
109
201
201
236
116
126
248
8
216
128
14
192
13
43
131
233
217
248
172
79
224
14
52
52
61
222
60
192
58
172
220
109
222
187
122
121
238
14
30
148
149
47
14
27
65
128
187
236
147
30
105
218
181
58
142
233
19
26
95
61
187
172
103
79
37
55
232
8
118
105
148
198
174
210
74
201
172
221
250
10
255
35
51
154
114
12
222
248
219
101
108
5
66
248
147
179
124
102
43
250
243
103
236
89
132
70
43
180
34
183
163
119
30
223
35
32
128
53
101
122
35
122
226
163
129
33
17
78
152
58
168
201
147
108
256
234
127
229
136
169
196
183
179
129
246
90
179
22
167
91
217
171
4
148
120
117
168
85
103
125
147
252
14
27
64
255
83
227
167
91
70
122
247
201
211
96
182
75
95
227
109
22
101
73
103
91
61
61
13
88
196
239
13
201
145
108
252
133
141
127
250
227
148
230
126
247
254
103
195
163
201
61
91
194
151
188
75
14
15
132
49
83
96
35
241
163
181
199
256
253
89
102
108
130
207
231
148
212
28
83
235
211
119
185
147
170
89
231
17
203
122
163
255
167
140
64
244
21
221
214
198
147
253
91
8
196
144
226
90
243
201
207
33
254
195
19
18
181
163
133
179
35
112
169
171
68
92
50
44
38
229
221
84
228
248
69
229
40
250
240
5
101
132
226
169
141
195
248
147
170
96
201
78
91
66
144
120
112
100
158
108
171
195
26
72
132
88
230
77
148
109
201
70
255
141
141
66
221
167
19
196
34
41
167
223
180
27
19
26
120
238
212
174
103
223
34
207
43
247
37
196
181
242
216
227
176
180
167
108
167
196
18
180
78
76
170
10
239
38
247
25
46
61
169
37
169
247
226
73
136
90
246
104
69
44
229
74
32
183
131
240
83
163
195
219
203
256
248
85
200
224
163
60
83
85
37
142
66
137
69
34
146
78
130
228
115
175
119
77
226
210
100
227
181
110
155
35
212
183
154
88
120
228
85
169
57
191
212
238
10
158
86
169
240
227
190
184
17
227
245
179
167
163
230
47
108
179
227
60
224
154
58
123
158
207
228
148
154
228
100
158
16
227
142
47
207
169
239
4
227
254
141
31
35
207
136
219
101
212
219
77
224
61
210
158
14
158
120
10
247
105
77
35
226
6
148
243
141
100
222
14
88
83
230
227
245
85
243
248
150
114
211
64
60
187
158
228
193
79
226
221
65
218
240
101
221
88
154
233
78
121
201
27
247
135
201
78
246
185
163
61
69
122
183
122
181
8
180
235
107
192
34
13
20
18
38
247
73
181
114
180
241
173
116
141
21
206
108
60
219
152
19
247
101
169
255
83
1
24
226
240
228
253
187
35
169
248
227
207
81
109
187
46
26
182
135
224
238
124
108
226
14
226
218
38
238
43
119
109
187
107
163
51
103
96
38
109
20
83
109
226
25
14
65
122
30
108
241
20
109
15
35
234
192
57
10
104
168
5
226
163
79
222
256
173
185
254
255
68
227
163
187
135
234
240
125
10
94
223
135
41
123
145
238
187
169
109
46
252
192
156
188
154
37
79
43
86
90
256
107
124
233
224
6
30
125
254
60
163
119
14
76
78
107
132
68
227
175
47
246
38
201
124
158
152
180
46
187
32
6
118
187
125
132
144
24
227
61
137
78
100
190
40
79
163
3
6
104
201
226
158
179
187
227
233
109
47
