212
222
181
122
89
222
181
212
129
89
177
89
94
181
222
154
123
122
95
150
94
95
181
175
123
190
126
199
174
222
109
184
178
184
184
122
94
27
150
123
114
222
243
195
85
222
114
226
5
78
109
2
114
178
181
63
66
11
122
107
184
179
212
11
51
235
122
2
178
79
129
178
85
147
26
94
28
221
235
63
109
98
187
212
91
122
108
122
147
10
28
15
44
227
5
219
98
212
107
136
231
221
25
66
47
122
226
227
11
35
85
132
44
88
62
5
6
122
2
85
6
67
248
98
122
94
215
9
211
94
25
3
221
239
83
65
91
228
123
75
57
100
31
149
154
66
252
226
94
65
193
132
46
255
83
147
195
221
33
160
9
224
195
82
231
205
61
136
198
61
226
226
132
243
6
115
171
195
33
62
109
105
238
199
198
252
165
247
154
211
83
230
187
10
238
181
110
174
123
87
226
154
253
132
78
2
102
103
131
66
33
57
114
114
53
224
43
53
5
76
54
229
223
41
122
237
176
55
109
104
61
14
132
3
190
171
174
9
237
199
196
252
11
252
66
150
154
171
11
165
123
57
196
102
150
150
61
117
154
131
203
192
132
174
5
88
66
131
216
53
132
199
154
117
53
198
198
68
172
222
10
226
98
207
174
77
216
172
69
112
25
171
33
103
188
132
94
226
237
138
135
243
216
223
199
174
224
62
83
120
172
62
55
62
219
147
32
117
226
62
196
132
176
212
199
17
79
247
57
70
69
53
4
137
181
27
37
241
184
49
1
226
77
127
83
132
217
200
67
127
206
37
122
124
184
122
127
219
132
223
10
83
79
207
94
181
206
79
176
94
1
100
135
65
131
79
212
9
25
102
135
127
216
223
241
27
102
112
207
174
222
79
79
10
218
43
61
35
203
192
75
109
216
224
48
79
226
9
138
9
70
120
253
176
199
37
216
131
226
71
43
221
206
243
10
187
137
212
187
199
11
37
100
11
97
154
122
6
92
174
255
137
130
122
237
138
247
24
95
20
182
207
122
79
222
174
165
144
54
79
118
88
128
68
94
255
36
154
120
233
174
109
221
122
187
109
9
94
123
100
247
117
154
62
104
137
9
79
147
181
207
60
13
247
102
81
197
26
207
243
199
133
144
187
202
70
212
19
43
174
229
220
91
216
61
79
53
212
212
120
212
24
94
131
199
220
220
110
255
52
77
92
216
52
174
199
181
176
9
228
132
11
172
151
255
51
122
222
69
127
237
144
88
133
171
174
131
69
192
256
9
94
97
67
117
122
122
148
255
13
207
181
182
122
102
115
124
122
231
61
199
20
79
250
127
174
222
171
224
64
174
9
5
97
43
96
216
132
235
256
69
237
132
147
174
135
160
176
199
256
122
247
51
172
226
247
43
219
135
181
219
83
60
19
122
154
67
77
242
242
223
171
247
176
182
53
187
104
247
20
216
247
196
25
247
128
242
69
192
44
207
102
154
120
94
12
102
91
11
129
94
216
216
31
222
42
131
172
83
216
196
84
24
154
38
70
94
11
94
208
9
9
203
75
236
199
11
197
237
165
67
20
69
65
120
58
154
216
26
233
112
128
255
88
199
154
24
243
132
220
61
29
207
105
97
187
207
212
147
120
33
12
176
187
69
132
129
255
255
216
129
14
122
91
137
137
61
60
135
255
60
79
205
216
4
247
89
196
197
196
233
69
216
226
24
214
216
79
192
176
114
246
144
116
160
28
102
208
99
113
196
109
195
173
25
192
196
247
171
164
142
160
129
216
220
104
246
149
29
53
120
187
170
171
10
53
67
171
199
199
197
241
161
130
154
89
60
183
115
132
100
102
9
130
179
203
171
216
109
174
220
245
132
93
109
240
130
39
100
187
14
60
100
192
67
128
179
67
130
187
8
187
34
236
137
58
176
207
104
59
14
100
164
61
137
171
181
173
113
246
252
130
46
205
49
53
43
174
236
181
167
135
223
78
90
192
233
120
181
50
212
60
60
190
205
167
37
79
37
181
218
43
4
247
207
