55
162
88
55
203
33
1
165
162
75
75
162
99
162
75
31
243
7
58
95
128
1
75
219
55
31
166
80
1
80
2
55
243
166
113
128
99
176
51
84
141
55
128
162
52
194
84
136
64
75
99
166
166
137
136
115
162
75
84
112
52
75
75
55
33
186
95
174
206
256
128
57
18
21
52
241
136
121
59
99
176
140
128
249
84
36
166
109
164
36
55
177
176
240
55
138
256
128
128
242
191
97
231
5
251
99
243
96
256
182
123
239
191
162
166
28
36
108
75
64
52
6
66
253
220
128
253
140
73
51
240
136
207
21
220
149
165
99
90
73
212
140
205
146
97
215
143
151
231
128
39
99
182
189
108
185
130
114
6
210
168
186
8
34
54
141
9
128
99
135
181
128
55
79
67
36
99
97
25
73
169
229
21
166
186
28
204
83
192
95
93
242
165
182
93
108
179
110
186
58
240
203
22
117
2
171
59
176
99
183
99
60
235
150
237
99
237
96
95
114
185
99
94
235
99
240
26
123
18
99
238
237
10
35
26
73
179
33
90
125
103
66
164
191
242
169
19
170
22
162
165
140
79
256
149
136
8
59
92
37
25
81
52
3
9
183
83
92
230
219
40
166
185
115
71
54
168
35
84
41
181
96
240
103
11
201
34
115
147
212
18
93
16
99
104
48
12
21
73
222
197
99
99
149
181
94
116
32
61
170
239
123
135
99
22
12
187
169
20
249
52
168
22
170
136
13
21
99
197
230
154
99
99
168
195
256
99
84
51
204
249
99
251
238
218
93
40
221
79
204
204
191
99
201
3
107
52
99
116
54
212
64
178
131
65
42
99
84
190
110
40
63
196
91
114
67
246
226
99
189
67
250
73
252
197
99
54
99
169
208
137
54
102
127
74
159
166
149
33
57
256
218
67
218
73
222
54
102
170
13
99
221
40
103
137
99
88
118
98
149
222
99
185
25
99
116
64
208
238
118
242
18
185
27
115
210
67
190
110
169
179
88
196
52
78
228
39
204
28
73
134
182
13
57
91
211
91
222
102
185
64
99
108
196
138
104
14
66
136
237
196
196
186
57
92
117
242
94
196
99
242
228
202
240
211
63
253
112
104
14
99
99
139
199
86
99
99
64
210
222
170
249
169
252
99
79
9
248
32
44
170
190
12
69
63
196
99
99
14
159
92
117
14
79
27
54
248
77
203
103
86
103
99
13
78
75
149
131
112
202
221
182
54
240
184
191
37
253
89
112
256
28
228
39
35
32
256
223
110
14
121
118
211
99
38
252
178
235
64
112
99
20
178
197
99
51
201
99
247
57
103
99
47
17
12
199
83
25
176
181
95
99
197
141
197
137
99
108
227
99
88
133
240
174
118
122
94
226
63
201
235
255
240
190
118
150
99
249
112
99
256
33
168
81
15
17
33
252
232
210
42
109
78
153
190
37
248
116
158
110
88
201
73
118
91
112
117
214
196
182
149
85
85
111
210
93
92
75
52
242
77
100
125
194
115
219
63
5
256
92
239
64
18
139
92
4
230
74
214
99
147
26
153
128
83
88
149
17
184
4
92
250
214
92
194
92
77
39
219
51
178
216
116
121
75
92
122
171
161
15
75
183
237
92
92
247
203
166
103
115
92
52
190
186
149
149
186
25
73
75
57
77
99
184
214
110
254
128
17
51
169
35
131
163
235
203
92
199
195
71
118
201
247
115
175
210
99
99
244
92
238
116
209
63
161
239
139
63
19
158
228
132
104
116
104
119
110
196
189
186
198
13
237
250
252
2
92
104
147
73
14
235
214
235
73
37
219
197
99
92
128
204
32
42
4
123
112
26
91
32
31
83
102
108
163
104
210
38
242
47
236
99
45
169
44
92
52
161
210
116
9
99
184
175
57
256
92
199
43
96
184
169
134
199
5
99
92
4
92
158
169
139
13
249
70
199
118
64
246
149
235
89
169
110
139
184
193
178
92
42
176
140
138
173
163
139
74
17
15
88
99
36
86
118
174
191
116
164
99
88
128
243
235
118
221
223
92
49
93
79
118
92
247
99
73
45
104
99
125
101
92
254
10
83
24
92
4
50
118
161
155
99
15
116
11
150
212
73
74
128
67
92
92
39
173
118
150
99
67
190
76
39
118
210
44
254
96
101
44
154
122
99
16
85
235
195
190
127
221
65
118
210
12
178
178
127
247
246
35
254
92
92
224
101
243
92
118
88
17
64
211
127
164
6
210
184
178
109
74
184
92
129
169
121
174
214
246
45
204
104
203
21
10
163
242
122
76
35
192
228
211
86
99
184
207
92
104
52
202
116
53
178
92
29
173
3
91
184
196
203
31
160
204
193
104
76
249
99
195
57
215
218
42
158
118
246
70
45
118
247
92
234
123
150
85
92
174
185
99
92
174
188
92
190
91
13
140
133
199
228
174
161
238
79
133
118
39
63
121
196
207
202
75
27
150
230
152
71
197
103
97
87
137
19
4
35
10
114
85
92
66
92
13
235
216
161
11
83
11
211
92
85
224
118
118
203
39
157
246
204
191
70
121
213
4
218
170
246
124
133
92
4
178
92
235
190
203
125
112
169
256
134
189
158
137
127
15
31
92
101
102
137
210
212
256
120
116
105
137
104
101
100
136
163
15
4
79
196
85
238
71
76
213
219
70
80
174
193
48
196
15
150
122
92
44
82
85
256
101
118
11
150
125
66
246
115
182
214
9
235
246
155
54
25
149
125
102
116
215
207
70
77
70
101
171
196
140
92
122
173
92
115
18
118
129
226
15
161
129
116
10
166
118
85
184
230
214
99
256
168
79
115
180
116
96
71
11
85
235
169
81
221
116
89
9
85
246
238
118
116
102
9
91
198
89
237
91
197
56
73
15
147
215
166
139
190
101
104
70
31
199
102
248
118
210
118
246
11
129
94
118
120
49
64
116
78
42
118
72
235
70
4
70
92
109
101
19
162
214
162
137
196
99
115
238
230
20
22
101
214
115
253
138
138
159
169
92
171
170
249
247
207
118
203
236
116
198
149
176
55
86
48
115
246
85
118
134
108
93
99
197
101
11
79
91
149
11
101
249
162
13
52
173
118
70
220
91
221
11
180
192
19
181
175
219
91
249
91
198
5
227
91
170
63
11
53
232
246
242
237
45
10
85
249
196
172
190
70
205
226
248
15
44
213
11
159
57
35
70
101
132
197
11
159
69
11
221
101
192
9
70
53
118
52
101
137
32
79
240
69
94
85
63
102
87
109
115
4
25
87
118
149
132
101
29
134
9
55
155
237
166
70
19
210
230
84
118
70
133
110
252
94
211
53
11
101
85
226
15
248
240
137
134
166
99
153
66
39
91
221
197
139
162
99
252
62
219
216
9
116
216
48
109
104
91
130
52
55
137
199
10
93
101
248
76
70
82
104
194
52
187
211
26
104
94
85
228
186
89
116
15
85
157
25
192
83
89
124
77
70
82
170
70
237
116
101
54
193
216
246
120
237
134
215
102
229
115
85
188
249
11
137
158
13
139
196
214
110
196
101
10
184
85
148
256
139
255
70
109
85
116
73
188
89
33
64
19
82
112
10
193
137
167
197
162
256
53
137
166
110
37
247
187
207
194
184
42
118
149
87
193
9
135
82
248
11
181
15
4
118
134
219
71
161
67
66
170
174
159
94
89
121
87
82
108
9
253
116
137
193
89
116
193
82
137
78
100
137
137
69
86
64
118
249
247
214
15
252
116
193
63
184
44
120
187
162
255
100
238
11
70
14
15
70
70
219
91
227
120
194
137
77
133
116
4
58
118
15
11
133
149
203
97
112
163
149
221
133
251
116
101
102
118
15
137
190
174
214
70
79
61
33
91
116
17
11
139
15
118
70
10
101
112
252
28
91
137
139
236
31
97
192
163
85
168
116
15
204
9
70
9
184
137
213
79
44
252
221
11
63
52
70
31
25
15
195
198
2
31
199
52
158
136
16
91
119
184
11
138
15
207
232
70
132
190
252
104
89
48
27
33
169
89
201
11
49
70
239
113
158
162
145
240
190
116
70
139
77
137
184
249
149
195
68
1
169
215
115
120
133
104
200
116
184
242
4
10
15
186
53
78
240
137
120
115
70
104
70
198
101
116
29
137
116
247
134
158
70
85
246
79
38
219
63
113
92
185
134
85
88
101
133
150
70
91
15
27
193
48
137
89
216
134
255
96
182
88
197
70
104
130
116
199
101
77
118
13
116
166
190
120
169
182
118
87
191
101
27
82
232
104
70
188
10
68
193
11
89
27
134
218
15
228
218
152
55
15
52
137
123
85
217
28
82
83
55
76
68
205
116
134
137
216
148
12
116
158
158
230
133
183
15
85
189
116
92
119
65
104
53
159
104
104
152
247
136
221
99
230
70
116
65
59
173
65
158
68
207
161
246
217
24
191
91
213
207
141
184
163
137
59
120
72
207
202
42
104
56
158
148
6
91
215
242
192
116
120
120
70
12
63
191
213
49
68
197
