59
34
128
127
55
50
127
127
59
166
59
128
222
50
150
66
8
28
127
143
66
123
37
93
143
244
123
152
143
8
59
156
222
222
242
128
14
150
127
222
181
239
183
123
222
177
14
177
14
181
19
194
183
239
251
189
90
181
177
113
47
251
14
145
91
181
118
55
118
145
143
181
212
46
14
55
177
5
181
181
212
143
143
46
203
28
54
24
107
2
107
6
251
225
50
225
16
90
90
152
123
6
225
123
150
89
84
90
113
14
141
191
75
118
208
177
25
75
181
132
132
22
141
212
239
246
75
16
75
90
246
125
147
225
181
125
173
47
36
36
50
93
141
152
118
62
181
239
225
43
122
198
195
239
84
125
145
222
129
89
107
118
256
239
107
13
90
74
205
28
205
205
113
208
198
143
84
246
185
250
219
54
51
180
138
54
143
145
191
55
138
204
55
109
118
22
36
171
180
149
204
51
22
162
128
160
132
191
141
128
52
152
180
222
5
222
76
198
149
91
28
204
128
28
48
249
144
65
13
54
238
21
198
21
90
55
59
204
107
205
21
214
89
242
166
231
7
165
155
75
239
21
25
204
225
128
222
118
238
41
104
25
153
162
21
21
37
185
21
44
162
156
121
71
239
240
21
118
138
24
21
254
54
98
5
62
118
128
59
224
96
238
186
190
79
185
21
118
59
59
181
44
143
7
25
214
7
214
21
208
59
213
59
224
191
107
8
216
150
115
214
185
177
74
155
141
110
91
211
165
200
221
191
91
141
208
224
149
118
141
47
84
242
161
118
200
206
71
54
162
113
12
128
90
256
13
206
141
198
132
217
116
151
153
102
8
130
235
72
157
1
8
224
152
28
151
204
155
252
214
102
183
13
236
190
48
140
74
185
157
246
71
125
152
198
197
123
102
52
214
152
128
157
255
247
224
28
22
72
86
44
159
21
102
51
224
185
28
153
150
31
188
69
184
249
244
12
170
102
224
182
43
227
228
185
51
197
32
75
84
214
34
65
204
146
227
27
63
230
13
230
214
214
81
181
42
232
90
55
37
55
141
239
39
191
224
113
36
191
108
209
170
204
112
230
44
5
163
203
140
102
140
118
162
43
155
230
163
39
227
155
184
208
6
68
69
224
188
197
86
3
157
182
118
211
46
68
188
202
171
206
22
157
36
191
42
214
185
202
214
102
191
44
150
110
234
141
141
204
255
151
230
124
191
3
163
163
204
182
22
36
157
51
69
194
102
20
161
214
63
132
27
43
56
128
206
45
118
194
115
28
40
185
75
102
141
185
63
74
212
22
141
152
64
128
224
118
44
155
5
194
141
125
155
102
102
119
144
184
176
49
41
224
162
28
152
162
214
185
150
198
52
153
204
165
21
121
9
24
230
41
235
200
21
224
162
85
79
109
159
224
98
63
152
21
42
253
157
21
25
185
63
224
213
105
121
188
248
112
253
118
153
139
213
140
86
158
49
221
173
219
84
15
182
2
157
69
220
161
119
140
141
98
8
8
125
144
141
45
46
200
157
193
109
21
171
200
118
232
224
224
107
8
18
118
23
184
26
251
66
211
25
63
204
157
157
49
118
24
153
248
227
15
181
4
65
98
42
1
118
157
185
235
89
146
159
127
125
120
64
20
238
193
3
241
184
157
125
253
185
157
165
125
8
21
221
200
79
12
125
125
127
20
35
235
8
246
24
118
253
191
234
214
98
79
24
245
162
153
213
244
234
118
194
253
256
47
242
82
245
79
125
41
137
125
121
237
193
79
13
110
125
85
61
158
241
52
185
232
69
244
49
211
234
230
89
256
139
157
48
209
41
103
224
159
214
41
152
125
138
163
184
138
182
108
156
245
184
62
8
193
20
237
162
237
98
246
68
20
244
23
246
152
165
74
38
81
163
21
213
71
4
134
230
41
62
89
96
246
152
254
125
251
99
209
241
182
61
200
118
254
241
119
104
254
202
189
224
155
197
138
242
152
254
71
45
152
246
224
218
144
224
155
152
40
125
235
165
119
152
163
120
152
152
97
189
197
232
113
152
254
88
202
73
63
48
254
