147
3
3
61
47
126
47
92
24
98
61
98
244
172
212
231
105
231
231
102
256
24
165
126
17
212
212
98
126
90
59
98
59
231
36
126
195
154
212
36
171
90
174
199
226
212
67
154
165
174
28
195
105
245
199
165
5
66
187
244
123
110
222
165
5
205
199
194
226
217
75
231
165
205
75
138
34
61
119
115
92
54
239
69
154
200
47
51
5
24
51
51
176
123
110
141
138
126
7
67
50
130
154
246
28
204
5
119
16
4
254
118
36
165
47
67
106
226
165
225
225
140
165
141
136
20
234
90
111
9
144
141
220
220
226
90
61
188
208
5
165
229
68
69
130
225
30
36
222
98
5
92
96
141
208
212
71
52
222
219
7
173
8
98
211
141
246
208
54
136
226
212
224
24
144
130
231
222
47
43
154
5
245
90
198
113
190
126
47
165
126
75
5
154
119
21
113
2
156
20
141
11
109
47
60
144
21
58
47
8
47
61
113
58
90
102
24
11
113
191
254
119
239
5
177
119
6
141
141
107
34
60
6
183
141
142
143
46
71
202
60
107
245
224
96
6
126
102
34
181
141
58
40
24
20
126
186
94
254
154
102
40
154
130
224
2
245
119
246
244
47
119
152
119
62
38
141
234
93
190
195
217
47
1
118
223
40
87
167
217
217
173
254
228
1
119
222
245
47
90
204
254
156
90
46
41
166
46
93
234
234
47
47
194
209
113
154
60
20
16
89
38
160
8
8
187
6
24
47
184
114
47
20
122
90
30
47
5
90
254
224
40
41
160
234
244
6
246
6
98
92
246
4
231
102
47
47
156
87
83
229
141
227
224
222
87
160
141
198
130
141
152
18
152
246
181
209
113
152
89
6
6
225
113
47
47
224
119
177
123
122
156
203
5
87
6
71
185
160
89
69
90
254
227
5
113
5
92
38
60
5
175
156
119
5
180
234
246
60
6
246
180
254
119
119
49
119
6
246
250
46
66
244
6
160
58
244
87
180
47
24
58
62
160
51
141
119
90
107
92
234
146
217
245
113
94
246
98
125
90
142
234
28
54
229
6
234
30
6
119
180
2
6
6
90
119
111
49
93
98
2
185
98
224
30
86
246
113
174
69
116
164
36
255
150
36
156
30
150
199
252
251
198
181
24
241
4
156
98
234
113
246
6
94
200
180
198
250
175
180
143
216
146
177
152
175
54
159
212
6
253
4
126
55
183
144
24
113
152
90
141
152
94
6
142
128
21
152
123
33
234
33
43
181
191
90
254
175
164
16
90
92
59
6
2
181
41
234
176
207
252
28
141
246
92
28
152
200
199
132
4
21
254
200
90
90
216
176
98
5
195
90
1
67
152
152
24
180
141
176
254
90
90
24
198
241
141
173
33
43
113
194
92
111
224
227
175
181
118
54
200
194
101
127
254
41
212
113
172
52
67
242
128
14
100
26
26
94
118
165
244
93
212
119
152
113
59
28
118
5
217
246
234
47
21
36
143
172
226
156
213
36
126
173
28
26
104
206
152
212
175
165
135
119
100
246
244
109
49
118
90
176
200
58
98
172
92
118
200
226
61
24
119
9
2
36
224
226
113
127
138
131
224
107
174
254
36
142
206
20
49
165
200
96
36
36
28
224
224
222
131
100
143
101
87
226
100
92
36
154
126
141
181
119
117
164
113
36
97
188
152
119
118
9
164
6
206
123
9
94
114
114
78
130
238
229
212
29
153
226
143
165
119
4
104
195
165
206
28
254
28
2
123
208
118
194
66
92
90
200
78
165
4
246
131
202
234
224
6
251
200
123
36
200
206
94
195
127
198
143
229
84
2
171
156
3
213
174
1
231
76
62
118
120
200
200
64
117
118
176
63
143
241
160
238
200
36
39
224
224
3
89
200
92
73
212
96
224
66
60
254
8
143
83
226
135
177
188
200
115
28
234
160
246
152
106
65
149
234
24
254
171
254
256
206
111
118
143
113
156
188
5
214
49
198
228
214
6
186
195
32
12
119
20
152
116
123
152
6
50
229
200
195
80
119
84
254
21
125
256
186
26
174
6
39
6
182
47
212
94
226
79
254
166
28
221
73
200
152
2
234
94
137
111
98
214
229
66
122
5
160
254
133
102
177
149
12
200
224
243
152
89
31
225
229
156
234
152
123
15
118
200
86
105
31
39
217
113
192
174
106
224
241
137
234
192
52
94
235
119
189
45
178
20
236
94
126
234
192
246
171
227
241
79
66
106
86
60
131
66
198
178
76
228
163
225
246
142
134
87
200
122
119
175
243
234
176
114
84
167
87
137
152
225
156
98
74
224
152
60
241
80
192
229
175
103
229
200
254
30
12
101
123
189
200
111
58
12
138
221
101
1
142
234
46
110
226
190
142
193
21
246
44
10
67
92
241
22
239
149
92
152
152
149
137
53
249
173
114
204
152
38
120
8
14
26
256
140
176
118
188
70
38
36
198
142
56
12
246
20
171
4
243
100
152
149
92
76
78
108
234
200
104
152
149
119
4
242
118
134
106
234
68
68
22
174
116
142
49
152
116
101
228
189
173
80
