186
186
150
166
75
186
144
205
205
7
186
108
203
166
112
166
121
146
91
147
243
35
164
73
200
166
33
194
80
165
194
143
165
80
35
124
29
186
146
176
80
144
253
186
80
144
256
144
186
97
19
256
172
80
98
75
150
62
123
25
220
145
62
172
169
186
97
145
126
96
126
50
220
148
17
5
69
115
121
96
111
7
55
69
220
220
7
76
55
199
156
89
186
201
31
126
98
174
111
111
5
145
170
232
165
18
213
118
186
172
132
221
140
215
112
186
254
182
160
76
126
165
106
79
29
209
75
248
73
31
162
143
19
80
206
71
29
7
147
22
156
10
27
81
51
253
12
59
84
199
247
104
208
121
161
53
186
23
51
160
7
7
211
213
224
215
189
132
112
151
232
111
165
84
148
18
140
240
118
98
19
244
190
27
174
256
98
110
71
26
61
140
157
26
237
62
69
200
200
52
219
92
69
217
3
177
230
162
69
153
209
225
155
94
10
72
112
160
98
120
253
115
224
98
216
209
148
72
165
251
107
7
27
191
27
199
26
76
94
199
110
94
153
18
40
208
76
144
96
244
126
244
182
26
140
76
26
107
219
27
127
72
253
177
115
172
18
84
189
98
72
98
242
156
76
71
45
84
17
151
25
189
145
177
219
107
115
45
149
253
94
26
54
174
253
211
215
177
219
9
161
253
63
181
13
203
161
213
83
199
225
189
184
44
162
221
218
221
72
161
165
154
220
98
221
249
129
172
111
204
113
145
228
197
242
208
72
162
123
178
22
54
94
127
51
123
54
69
225
84
165
119
240
213
160
174
218
216
242
165
194
85
3
208
165
19
243
91
228
160
165
140
16
155
204
230
104
99
147
146
54
26
22
146
184
190
244
225
240
140
213
16
145
200
174
161
9
54
45
204
242
76
232
242
232
242
69
155
98
54
44
222
104
240
166
94
249
197
120
3
228
232
146
197
54
240
98
41
228
216
51
29
25
88
177
254
174
208
163
240
9
110
157
42
99
62
194
175
161
175
216
140
177
177
225
72
25
42
240
87
243
221
134
27
25
239
32
48
190
140
99
253
140
140
149
216
20
162
165
69
213
177
230
236
31
177
177
201
9
170
140
200
139
94
146
56
50
149
170
99
46
102
107
48
138
154
218
154
88
161
97
182
117
82
82
156
82
82
215
118
182
82
149
82
197
182
218
218
158
82
118
193
156
218
182
147
232
82
112
82
19
175
215
118
225
215
17
178
182
19
230
112
228
232
82
184
182
72
50
149
15
99
75
7
126
251
118
194
25
133
215
161
44
57
227
202
216
174
125
73
213
162
161
171
80
122
198
192
75
218
112
44
218
149
75
159
98
148
77
7
22
208
214
218
222
29
91
72
77
197
163
148
163
82
164
227
54
157
222
126
107
29
99
208
161
197
200
109
159
172
155
104
44
157
99
43
85
12
232
64
153
124
197
213
45
98
207
215
133
225
242
114
22
218
161
197
244
216
89
26
218
163
17
113
204
232
126
99
99
224
99
133
43
45
163
26
184
95
218
91
207
218
218
254
77
17
163
200
197
129
