31
80
229
88
113
222
145
248
74
110
28
105
11
28
28
74
248
110
184
74
3
123
196
105
32
3
145
65
74
105
244
89
249
113
159
222
51
105
150
177
54
18
177
127
144
97
98
127
181
73
89
18
29
101
206
11
248
11
8
177
111
177
84
51
51
111
88
18
29
138
54
127
219
121
29
153
140
65
87
51
199
144
177
122
147
29
250
236
182
75
138
166
249
195
123
3
164
69
98
61
196
172
51
181
62
89
177
62
147
180
90
177
219
164
150
107
18
28
102
177
250
206
138
243
11
69
3
90
61
86
80
230
31
123
190
236
121
62
212
4
95
219
164
154
51
69
69
243
243
153
54
206
195
75
123
147
105
228
206
181
95
206
121
223
177
51
139
75
235
212
37
18
229
123
83
62
177
24
195
67
226
181
92
24
24
149
61
256
195
20
74
150
185
235
150
162
235
18
236
92
87
98
59
147
5
46
11
44
90
162
96
139
229
51
14
105
139
167
33
231
163
3
96
5
213
177
221
150
165
250
51
91
162
66
195
194
27
139
65
153
47
194
69
168
162
46
216
139
193
212
171
139
24
66
112
187
3
229
172
54
64
105
60
51
8
36
66
153
172
104
4
216
128
173
36
65
153
155
208
150
255
115
150
172
50
162
39
104
143
151
8
3
100
115
144
225
142
219
181
121
114
219
91
210
230
26
127
139
54
176
177
102
216
104
238
69
192
141
167
98
212
66
79
126
171
127
73
216
65
86
54
197
150
150
9
86
217
54
160
139
128
112
3
127
232
37
219
149
197
177
251
10
139
129
51
106
98
3
96
98
53
104
118
36
77
9
150
196
62
118
127
3
100
194
8
115
197
206
197
249
27
64
60
14
96
77
9
238
14
161
126
139
28
3
255
84
28
168
187
122
122
233
39
216
160
177
14
198
235
54
212
139
205
31
250
60
217
123
245
190
51
51
51
205
150
151
42
171
177
193
60
74
179
10
126
211
60
229
71
157
189
218
176
97
192
204
100
90
128
199
3
33
33
122
54
198
12
204
2
194
194
159
71
157
253
161
245
30
184
53
153
145
157
253
18
139
216
14
116
190
84
39
199
243
42
138
45
139
33
158
202
177
108
217
63
28
33
1
9
244
124
136
252
31
178
28
204
2
126
211
151
44
199
165
253
147
147
233
118
204
182
211
222
5
105
182
62
2
43
71
59
176
60
204
122
157
24
180
9
87
221
61
22
145
60
249
82
64
221
112
159
192
210
71
236
106
85
64
151
179
128
78
108
156
177
236
243
83
117
241
17
132
204
246
242
129
96
179
55
220
232
142
246
236
106
153
44
249
104
87
227
104
235
106
252
189
202
157
132
136
118
234
109
182
221
245
182
216
89
48
118
236
227
20
118
24
86
3
170
85
212
210
89
29
237
177
198
160
168
27
249
184
178
219
12
15
148
19
48
182
172
112
129
112
87
19
178
149
131
160
73
148
109
246
27
148
12
171
224
100
106
106
119
197
177
232
199
243
246
158
255
12
25
117
235
204
149
48
12
43
207
160
221
224
12
148
12
90
129
178
124
198
81
182
109
197
109
44
124
182
12
232
49
12
44
132
12
25
9
243
160
46
120
216
163
98
43
175
25
148
148
160
48
218
207
62
53
74
232
211
117
109
43
129
82
120
80
12
82
220
197
163
48
94
178
124
224
48
149
36
159
101
55
254
200
148
72
76
118
83
254
68
133
178
85
82
232
215
56
23
85
44
197
56
57
246
148
86
227
135
155
86
48
157
67
56
49
67
48
249
69
133
213
224
92
56
12
245
48
86
146
111
111
