59
84
253
59
108
108
80
59
97
113
19
231
7
59
174
40
59
135
113
231
76
174
76
207
58
231
57
36
36
36
98
220
76
57
10
162
162
220
67
57
65
36
98
59
7
220
94
25
67
160
220
251
190
149
12
7
165
165
86
149
165
67
143
251
70
143
87
182
143
7
165
73
56
125
198
143
145
31
74
8
182
182
222
106
253
99
115
74
74
220
42
106
106
245
21
87
149
245
73
145
27
207
218
207
8
29
73
57
8
7
134
207
115
251
209
102
134
68
224
102
106
25
207
174
31
143
207
87
94
68
28
56
96
214
134
194
146
172
73
43
217
138
207
8
174
174
219
230
143
189
218
217
217
185
185
108
230
185
68
141
102
227
141
141
36
216
7
179
118
136
202
102
43
252
174
141
214
205
185
99
227
216
105
40
214
29
72
141
141
141
112
195
112
215
141
75
112
209
136
206
249
188
179
227
78
209
118
136
112
107
240
141
15
249
101
15
246
231
33
214
183
183
256
227
246
195
108
133
253
12
82
207
22
222
36
110
231
231
12
141
246
141
242
135
7
222
7
248
241
195
184
86
118
108
7
206
228
163
184
97
231
112
246
179
243
182
178
112
178
140
62
148
243
44
135
231
141
122
148
164
43
62
82
129
195
235
68
231
170
227
171
129
235
184
16
231
49
188
62
92
54
62
89
122
9
4
148
75
123
16
247
34
124
63
184
15
124
135
65
180
231
235
27
44
241
77
163
180
36
251
63
229
7
241
15
195
195
49
184
68
89
58
115
160
116
104
51
235
143
94
68
116
160
193
246
2
168
65
44
2
77
170
74
165
142
181
180
123
139
16
172
63
172
235
98
251
112
188
38
80
251
15
146
139
9
112
63
104
221
7
114
188
76
194
164
164
4
164
139
124
116
247
63
50
46
2
63
107
169
65
65
193
131
158
77
172
95
39
243
139
239
235
170
142
57
77
39
39
120
55
142
191
104
108
65
133
218
63
169
59
96
236
72
148
246
65
62
43
40
183
163
245
59
15
116
87
87
40
87
158
50
65
168
231
65
234
231
124
217
116
198
131
49
63
65
163
227
139
68
63
169
30
163
90
63
103
227
14
227
90
59
63
226
223
142
158
116
116
30
14
90
247
168
14
249
144
76
158
1
198
14
70
200
43
206
198
200
120
205
94
144
152
213
152
75
187
156
133
30
152
147
