162
150
208
162
208
84
11
208
138
208
27
25
11
27
11
47
208
27
162
27
166
84
11
143
176
162
97
209
165
176
11
97
72
29
128
239
239
143
232
209
66
97
97
143
23
27
229
128
46
202
202
162
97
77
202
128
97
209
239
7
183
143
84
23
27
146
25
52
224
40
27
52
27
29
52
183
80
15
52
202
184
25
162
126
126
23
202
32
202
209
223
59
24
95
15
202
59
24
60
222
80
59
135
136
185
126
80
59
185
135
224
75
109
136
75
135
245
208
240
67
185
162
135
67
202
130
75
245
75
166
231
25
87
222
144
205
87
205
167
125
129
180
182
191
154
168
205
87
205
122
20
108
231
147
231
122
202
231
87
67
122
125
29
191
87
147
87
180
183
20
180
69
217
191
66
89
205
183
191
129
58
188
20
191
122
174
211
27
229
174
58
194
183
225
194
67
75
183
180
150
7
79
183
229
176
167
183
151
174
239
236
116
183
180
176
191
233
109
248
198
87
180
147
233
236
252
91
180
46
108
180
205
91
192
1
192
136
69
247
125
180
151
125
248
132
144
198
144
145
183
118
38
10
20
122
10
222
125
199
208
208
225
233
20
59
248
145
125
171
49
185
208
69
95
58
34
75
167
183
167
10
180
40
206
69
54
57
69
233
223
171
139
97
122
79
21
180
5
145
121
101
101
164
7
244
67
38
136
67
134
231
176
138
233
103
69
69
118
220
185
224
248
125
171
112
231
154
164
58
58
255
122
79
21
145
67
220
107
61
228
69
94
231
102
101
58
219
252
61
171
54
216
190
20
180
190
185
34
57
251
94
113
182
94
151
203
58
17
247
216
140
84
181
217
69
146
247
99
26
231
191
69
221
171
150
256
233
21
101
91
167
216
205
180
52
203
185
101
5
201
58
196
216
79
216
61
5
61
247
167
20
142
105
46
139
247
17
145
34
61
58
244
114
94
247
199
5
114
199
252
154
37
125
169
255
96
196
216
145
216
4
24
121
83
20
26
91
216
167
197
33
138
247
221
213
96
249
61
220
185
236
252
231
68
113
114
113
244
10
158
168
122
24
190
105
89
197
133
168
124
71
105
216
168
167
133
125
165
247
68
183
179
15
158
17
11
30
61
169
114
37
60
190
24
10
47
221
165
184
238
147
203
6
138
125
74
20
110
17
247
253
197
216
242
74
153
25
167
80
165
1
198
228
6
11
14
70
222
147
106
253
10
199
21
118
83
89
10
240
140
117
105
221
228
147
190
190
253
11
122
74
239
122
236
228
95
3
68
162
133
255
12
47
167
110
78
153
78
12
147
115
235
219
104
65
23
233
255
190
177
168
253
233
122
64
189
61
256
167
199
68
162
233
91
248
136
228
3
255
133
175
106
10
255
57
192
250
255
125
61
245
255
20
209
110
136
209
233
162
10
158
233
209
84
25
25
210
25
255
17
37
219
105
243
83
79
68
255
83
179
178
61
78
36
179
233
247
198
25
53
175
244
228
178
129
116
184
153
10
64
167
255
220
31
26
110
137
233
56
121
61
155
145
168
61
145
45
189
46
157
26
159
156
79
225
20
178
153
69
14
129
256
82
145
16
85
198
24
45
189
86
126
198
57
105
147
17
3
68
233
121
149
233
85
212
49
126
61
61
157
178
175
38
198
49
26
175
115
96
69
233
225
181
193
155
213
161
69
172
225
111
24
56
178
86
4
56
184
12
3
159
102
17
197
176
155
10
13
199
106
155
122
213
82
59
216
26
26
56
4
206
196
215
238
45
213
159
193
192
179
111
193
233
36
44
213
159
178
4
149
16
243
26
242
192
56
221
155
236
61
188
206
9
189
14
153
1
192
139
198
4
5
9
233
153
9
175
106
215
140
113
57
22
139
115
163
10
158
45
110
255
90
192
233
45
82
12
45
145
85
213
213
161
56
106
85
213
88
45
174
215
179
12
193
159
221
215
45
233
191
26
56
45
