67
62
87
240
209
62
146
73
230
58
176
230
242
232
112
209
7
209
112
123
160
209
98
71
86
112
112
98
209
107
175
81
242
164
112
89
251
52
75
84
166
213
89
128
160
144
213
239
112
89
165
178
151
62
81
182
144
122
230
209
165
243
165
121
76
192
165
127
118
144
212
127
166
164
73
166
106
143
123
27
212
76
143
112
251
81
230
251
63
176
105
205
165
208
64
175
81
249
206
21
11
253
176
18
47
71
203
151
230
140
185
31
115
206
15
151
51
36
155
82
73
187
200
185
67
7
208
225
176
219
31
221
123
221
140
52
211
112
73
138
33
152
205
176
243
67
54
235
170
121
33
225
143
36
178
205
112
206
138
168
221
231
231
204
54
62
56
205
135
221
135
251
178
112
190
239
159
51
126
251
54
129
190
62
176
46
248
253
214
140
105
94
26
238
112
159
159
62
51
42
54
7
104
46
135
187
144
211
40
211
13
225
47
178
76
223
223
231
181
256
106
25
210
42
181
171
123
208
46
69
253
214
243
26
79
189
57
152
151
112
145
181
75
186
172
8
7
143
251
111
62
72
100
248
165
45
151
46
157
219
112
242
121
89
193
46
154
69
86
51
223
33
222
210
98
117
196
12
163
164
183
214
86
123
79
186
127
181
46
190
27
164
215
176
181
178
204
7
28
27
163
70
95
240
54
181
201
106
222
76
56
214
66
111
44
145
54
248
126
108
31
57
105
232
33
51
189
69
86
160
209
168
163
209
54
134
209
62
70
90
140
21
56
73
226
26
7
184
27
62
181
102
108
12
60
69
161
23
155
69
202
186
200
7
87
69
135
136
242
177
215
101
18
151
208
56
54
181
54
143
52
62
12
99
209
52
130
204
27
45
27
81
5
249
209
1
162
210
7
126
204
27
230
64
26
15
204
66
141
23
89
194
16
50
3
112
5
208
87
225
106
145
27
109
50
94
107
76
143
92
151
60
56
193
123
135
3
141
232
163
155
155
140
7
221
200
226
82
165
141
190
203
211
239
98
146
60
151
113
194
30
46
221
19
181
56
221
177
153
201
12
131
155
143
16
71
125
125
116
214
76
65
23
111
168
86
60
57
135
140
220
160
86
225
87
19
181
189
101
151
232
32
220
229
225
204
222
65
36
194
136
145
220
184
56
20
18
177
239
196
140
118
29
19
130
239
12
196
111
136
16
47
50
221
220
6
92
220
140
7
200
166
222
132
238
6
2
136
189
74
242
6
201
18
45
45
156
48
181
216
165
141
160
168
22
154
45
155
47
54
234
86
103
200
143
137
8
31
41
210
151
114
254
7
46
8
7
115
141
154
45
154
193
153
235
76
228
168
16
222
218
136
26
242
99
227
56
216
228
8
35
181
155
144
186
47
197
106
101
170
222
159
119
216
234
112
253
140
218
148
88
50
175
142
141
184
193
27
234
222
174
90
99
60
125
45
94
63
222
210
175
163
252
51
225
23
157
88
137
163
56
74
7
47
184
114
219
155
232
154
210
185
231
118
199
61
141
74
185
141
157
77
155
167
86
177
22
94
154
47
225
23
141
234
32
119
242
111
155
94
145
119
161
165
244
155
31
139
151
119
163
230
154
108
89
184
76
67
80
50
11
8
165
5
99
51
243
155
196
104
148
112
153
69
47
9
247
244
30
50
142
220
64
111
162
226
60
60
27
155
136
99
186
155
86
141
104
23
219
118
45
96
26
246
139
94
94
155
94
31
215
163
208
99
94
227
12
69
56
73
224
64
56
174
62
174
57
185
99
74
143
139
99
155
132
73
47
209
185
86
82
232
64
76
99
48
57
160
201
107
154
112
73
148
99
140
119
57
48
155
224
232
154
154
62
75
45
69
112
254
14
100
194
227
209
105
69
69
238
148
184
200
148
111
142
57
85
100
218
148
23
216
153
141
141
71
241
200
189
141
165
76
216
202
27
165
218
232
190
201
144
133
200
246
133
125
227
120
196
198
57
147
90
148
134
184
86
78
184
218
141
65
120
96
238
202
89
183
120
157
76
20
165
41
193
32
255
230
134
197
191
111
32
172
214
197
93
38
19
35
64
222
8
76
218
106
52
19
192
48
65
14
256
127
57
70
235
89
201
201
119
214
125
86
78
23
111
218
76
252
146
187
157
175
193
48
48
105
197
197
238
16
21
218
154
256
137
13
248
53
111
221
240
1
76
106
238
91
135
25
76
162
106
56
134
110
26
101
116
149
146
256
222
108
170
203
116
238
256
148
23
195
188
256
256
25
175
138
193
238
72
236
256
34
106
55
116
200
35
96
31
248
19
232
55
48
242
89
111
192
18
21
72
72
244
158
163
65
78
120
193
33
137
230
201
238
23
55
214
221
148
213
195
204
198
141
200
48
148
234
