7
251
103
123
7
47
47
123
36
201
75
151
36
208
47
121
34
75
208
150
36
150
185
123
150
51
17
208
170
150
150
95
154
75
83
208
129
126
185
129
29
231
185
29
162
156
165
154
24
162
121
95
140
108
172
128
50
107
130
145
172
67
147
107
22
29
165
239
121
130
29
156
219
229
145
51
183
95
140
208
128
34
223
209
21
130
185
119
174
241
165
224
183
122
138
154
139
224
90
136
128
156
164
181
205
208
119
73
75
75
95
22
89
147
130
95
145
37
194
129
121
21
239
95
145
219
140
228
67
181
65
140
228
206
145
90
28
240
149
15
156
65
128
149
206
118
205
28
231
24
174
95
65
182
194
227
83
183
104
87
241
56
223
209
126
118
231
145
145
231
119
90
206
75
75
101
76
231
240
180
128
45
231
37
27
231
4
88
181
251
87
97
28
45
222
110
154
223
191
208
250
194
61
206
40
109
126
22
231
155
149
86
116
165
119
46
118
21
180
115
208
51
59
139
174
67
112
194
176
194
51
241
206
171
160
15
141
132
166
38
185
82
183
21
71
71
143
97
18
248
243
45
135
169
61
21
95
97
109
231
102
84
174
92
144
116
99
245
222
151
245
121
119
181
231
112
206
75
28
75
71
21
136
125
165
188
43
87
139
144
174
143
32
184
62
75
128
243
159
59
142
63
244
12
243
135
38
197
177
63
75
101
184
151
49
235
174
212
188
1
38
238
184
84
219
28
171
75
245
187
49
95
15
245
180
174
40
212
95
68
180
174
90
212
184
246
38
198
57
101
227
122
219
188
215
130
75
75
59
188
243
113
193
113
67
174
184
108
25
180
215
99
36
174
187
176
182
174
154
188
206
208
188
215
122
86
37
36
113
142
78
141
99
122
125
206
206
174
59
133
243
37
17
143
208
77
15
208
10
109
247
17
246
184
78
216
27
182
65
74
136
165
237
193
24
82
244
220
156
43
82
142
22
47
211
217
92
101
160
173
246
38
144
188
246
224
209
180
188
17
141
195
166
43
109
150
141
232
38
17
227
19
193
247
243
49
207
182
4
30
84
243
166
49
128
128
129
90
75
21
84
129
109
243
14
129
147
188
66
84
129
194
142
7
64
180
174
17
90
78
149
203
32
256
188
187
229
145
67
173
216
182
44
107
47
75
166
168
138
180
227
222
174
150
141
33
233
224
67
207
2
41
135
173
142
62
15
188
62
32
35
7
22
243
2
206
209
35
62
67
87
75
116
58
193
150
226
141
22
248
184
118
87
35
118
118
187
227
255
201
201
27
171
35
227
201
201
201
183
103
158
242
256
89
182
254
35
201
118
201
201
225
47
19
201
35
254
201
89
173
130
201
135
228
201
201
35
201
226
173
201
224
201
33
201
35
201
201
54
53
2
173
