52
176
126
90
90
94
105
87
98
94
191
54
51
87
87
126
160
165
221
174
18
199
87
243
149
84
84
162
225
64
106
225
147
226
51
91
138
55
192
54
54
50
94
225
91
5
87
143
5
84
161
131
20
243
212
174
98
123
153
104
105
26
113
18
18
87
164
81
208
91
48
203
126
165
204
253
87
212
145
98
91
74
192
172
84
239
138
243
105
74
138
84
164
104
164
54
251
153
242
145
91
36
122
218
61
90
164
69
153
225
50
126
247
94
87
208
74
244
18
91
138
234
127
126
69
87
36
208
98
91
31
89
161
54
242
251
87
245
244
122
98
87
177
242
61
104
256
119
113
88
6
22
87
230
76
140
242
191
208
165
174
91
154
67
72
6
181
126
242
192
16
87
52
123
225
186
27
114
154
181
87
3
11
11
225
99
208
7
95
4
25
3
181
36
232
119
208
142
157
22
113
21
34
204
174
72
138
16
251
138
232
172
122
106
34
6
231
74
165
104
229
61
74
17
242
129
164
177
238
122
125
164
154
115
74
21
52
181
126
110
123
105
251
68
84
46
34
74
208
208
181
122
125
177
5
220
5
91
144
221
204
239
67
236
50
18
16
50
112
61
62
96
123
126
104
129
94
115
21
38
219
140
90
165
104
89
19
95
126
208
22
87
104
51
104
225
16
235
211
20
26
88
96
112
51
126
34
67
104
51
40
114
34
165
104
140
249
170
20
119
20
138
154
83
65
94
219
123
76
69
126
104
126
98
240
126
69
17
126
98
104
152
122
152
186
126
129
96
199
104
89
86
216
161
94
10
16
99
140
174
72
204
126
212
148
243
186
63
76
115
115
98
255
239
3
64
72
184
222
99
254
115
242
72
83
137
121
22
126
209
43
104
98
83
26
221
44
181
94
10
67
216
239
249
66
34
232
204
114
127
170
74
235
247
120
162
238
156
69
99
50
197
41
130
26
140
63
10
122
50
16
255
43
194
174
126
42
90
14
72
62
182
154
212
126
216
239
96
212
185
140
126
229
152
11
42
160
189
230
41
44
90
64
245
18
35
90
140
242
46
148
119
207
141
92
76
17
249
94
231
231
216
243
182
244
138
178
80
26
126
35
152
90
94
98
42
242
175
197
114
237
243
126
192
145
184
17
114
90
175
76
138
85
215
17
197
148
95
63
50
128
126
5
46
6
42
50
246
61
6
140
104
212
44
175
81
94
251
175
62
128
6
115
175
14
16
50
6
96
47
42
246
61
93
147
240
144
123
171
62
126
27
222
19
126
230
215
239
54
44
72
90
175
104
16
242
112
152
62
126
243
72
149
56
181
128
215
90
126
201
159
98
145
198
90
5
229
7
49
133
159
225
231
129
90
230
26
62
81
243
239
98
104
16
99
175
157
252
54
16
177
13
45
106
126
50
36
6
151
94
72
16
54
29
41
156
23
75
112
72
99
126
106
178
225
220
106
47
18
50
25
82
122
201
197
102
72
8
85
50
242
199
1
197
112
75
204
16
4
34
242
249
216
251
72
216
16
126
76
81
74
249
119
29
56
249
203
141
90
75
145
63
242
8
34
242
207
226
174
212
27
45
181
122
92
216
81
150
249
56
147
45
99
151
161
6
200
95
242
209
242
128
219
123
36
110
107
151
47
47
189
123
6
151
102
126
216
209
225
197
127
218
211
36
44
219
222
45
178
85
238
42
62
251
51
104
213
36
38
64
129
63
74
181
115
21
140
106
65
215
172
145
107
146
52
251
170
50
50
219
235
98
126
13
228
242
153
50
47
89
154
181
56
110
189
106
183
16
157
10
125
178
3
189
209
148
120
252
195
181
3
12
156
34
199
197
6
57
98
139
81
178
188
244
64
90
76
61
79
123
126
62
154
64
149
65
65
214
128
223
57
243
90
64
82
99
144
90
57
133
76
51
244
126
136
140
148
240
51
235
204
44
84
176
62
126
61
190
154
8
90
62
181
249
115
207
52
242
50
163
76
154
235
51
39
61
239
113
192
53
48
199
76
61
211
6
189
57
57
96
68
47
110
62
126
41
50
242
234
149
147
82
95
48
39
151
244
199
81
47
115
148
237
118
163
57
70
254
5
62
128
84
189
62
122
113
221
219
155
140
126
148
234
219
42
247
74
94
244
155
62
6
165
16
203
237
115
132
224
81
204
69
56
6
202
74
90
127
78
29
237
12
242
4
85
4
255
242
163
203
62
148
118
149
12
238
138
56
163
163
8
126
49
62
12
193
148
16
117
42
253
98
57
148
12
189
115
4
4
12
50
69
108
202
221
48
12
62
56
119
199
89
222
99
57
57
122
12
125
41
63
122
148
73
63
9
111
12
44
189
6
78
91
98
113
159
232
44
82
204
48
214
6
197
163
163
240
107
193
209
174
98
156
96
121
214
84
106
211
189
45
12
41
157
189
163
56
8
208
81
238
22
195
202
159
34
133
12
68
160
175
12
146
157
50
158
44
115
138
159
26
12
73
221
159
48
102
91
246
255
175
235
189
12
199
82
16
56
52
31
53
216
239
81
230
163
125
44
215
82
157
86
137
189
255
146
148
113
165
111
56
115
48
189
18
243
61
118
156
157
159
216
194
148
145
41
72
48
56
195
189
122
11
255
112
223
159
79
196
8
221
115
237
48
52
219
148
48
106
52
25
214
36
157
85
237
199
219
99
12
48
69
204
12
160
202
4
10
56
189
214
12
208
189
237
44
141
163
48
190
25
255
103
104
133
133
98
199
152
148
47
26
197
77
43
148
56
110
85
43
139
197
219
72
96
149
133
82
133
250
122
242
134
155
56
56
163
134
159
227
163
67
159
197
155
243
163
244
247
199
151
85
133
254
110
5
218
115
43
82
85
133
133
237
35
85
26
86
201
133
171
56
45
202
104
238
148
149
163
215
102
56
199
213
86
155
193
91
158
163
25
104
215
148
244
163
5
48
127
133
204
99
148
45
232
26
232
15
163
23
197
92
155
218
218
232
56
99
86
163
155
69
221
189
56
255
99
228
163
163
57
99
56
23
163
56
229
159
56
198
163
23
213
159
133
228
12
133
55
62
