186
166
208
229
186
80
208
85
84
224
143
143
84
162
84
209
162
166
208
187
208
166
36
130
8
165
84
152
243
66
186
162
95
80
209
29
80
143
84
119
35
80
166
46
201
46
119
152
21
216
172
201
162
133
80
130
75
130
216
138
216
201
243
200
75
127
222
162
75
222
222
241
222
83
181
75
127
65
222
19
138
138
46
82
80
172
191
243
75
222
198
172
162
83
243
243
87
138
201
198
58
14
72
152
248
75
141
201
141
83
175
243
231
141
154
216
87
104
212
141
104
141
147
28
51
147
224
182
96
28
72
216
98
96
83
243
175
142
89
185
118
67
216
147
104
154
47
104
165
66
28
212
89
109
138
51
5
166
237
36
87
219
203
87
138
254
220
5
99
216
40
216
216
239
195
212
219
185
152
43
231
151
98
31
237
186
132
28
231
90
194
118
190
229
89
138
14
138
65
7
89
107
169
226
146
118
3
87
243
118
13
231
254
229
174
30
123
3
200
5
170
40
5
181
193
104
203
219
50
36
3
165
76
28
141
238
191
194
234
154
121
183
2
160
229
128
217
209
22
87
140
217
79
40
251
244
195
6
166
2
126
29
96
8
126
234
234
156
48
241
159
156
40
200
132
229
147
200
198
129
192
187
175
136
118
241
218
29
89
89
194
107
223
94
156
19
97
234
152
198
229
116
98
119
141
121
166
152
183
2
118
184
107
106
158
94
223
227
170
246
165
170
227
42
129
29
2
84
203
194
154
2
7
46
121
14
212
116
245
227
201
152
234
30
241
170
244
46
96
71
46
158
71
126
77
84
214
213
182
40
247
107
116
31
2
194
187
187
104
220
126
144
237
239
181
231
136
141
52
96
71
151
78
170
170
205
113
47
27
168
247
184
108
144
201
156
203
6
9
1
234
246
7
136
132
166
90
198
51
151
140
67
185
2
98
234
238
32
22
127
118
107
116
212
212
37
108
246
200
122
7
109
246
192
37
197
7
237
140
37
21
2
141
173
141
135
37
93
122
63
73
65
105
23
113
170
124
187
7
190
107
43
147
65
111
141
256
28
37
2
14
214
154
65
241
28
29
187
13
190
71
87
37
235
25
61
181
200
65
244
123
64
132
251
7
238
208
208
28
116
238
46
87
195
115
138
172
14
8
241
41
247
5
151
59
172
206
136
87
135
150
47
188
151
7
201
107
160
204
116
58
172
246
9
105
214
187
231
37
30
77
47
141
64
58
106
231
19
6
28
231
227
141
65
213
237
36
127
126
6
65
7
224
196
194
198
167
152
46
5
126
252
106
41
225
125
71
37
76
101
171
182
126
126
90
113
13
246
168
104
245
126
182
126
68
115
38
24
75
13
235
37
17
54
236
37
171
156
9
156
7
144
182
92
241
208
46
4
37
14
126
68
30
37
200
151
43
65
37
111
76
75
209
198
67
101
175
212
121
126
224
156
185
126
167
6
58
182
6
14
92
241
246
173
167
126
46
6
28
58
173
60
170
6
46
231
43
119
156
16
191
125
90
30
104
212
141
190
6
91
46
90
234
28
187
7
132
96
225
241
58
227
22
126
19
160
125
249
252
5
18
101
126
22
46
58
90
37
99
77
34
126
46
65
93
98
246
138
90
130
111
141
182
142
246
231
227
120
5
58
119
156
255
34
90
71
126
90
6
152
227
70
46
142
34
22
93
126
126
7
217
47
126
108
210
173
46
126
33
52
246
198
90
120
245
90
64
46
152
15
191
68
246
97
47
152
4
46
246
4
154
200
126
192
142
201
156
111
120
119
4
4
198
187
229
173
6
101
141
12
245
111
127
201
187
126
224
73
191
227
156
