19
11
150
249
184
71
150
123
27
123
3
17
17
184
184
27
71
249
17
172
28
249
172
230
27
15
199
28
184
215
121
215
93
184
61
30
71
96
94
183
215
73
129
82
174
29
172
76
88
215
53
88
77
34
178
77
184
184
178
27
215
16
50
104
178
237
25
90
209
28
81
196
159
178
104
177
64
85
12
60
215
235
40
71
131
50
91
199
215
192
184
34
145
17
149
85
88
15
85
219
238
77
247
85
213
52
85
84
86
32
85
184
129
97
55
6
219
119
117
85
215
127
85
87
27
178
79
235
133
137
178
247
111
76
104
104
216
187
63
235
178
88
13
56
85
45
82
228
56
94
85
237
77
45
45
76
67
96
235
98
205
184
77
59
174
31
42
256
235
160
127
54
57
73
85
46
215
149
230
79
228
111
104
84
54
174
215
111
256
225
135
184
27
82
27
52
94
217
29
6
127
153
215
140
88
181
46
99
86
85
153
25
195
54
60
61
238
243
109
210
141
99
85
202
195
192
52
69
52
66
140
140
159
46
228
82
15
235
85
228
56
73
85
26
13
243
15
85
85
127
55
202
111
190
79
73
216
215
104
88
217
215
70
221
249
57
210
243
69
56
85
230
210
220
85
228
32
220
178
256
206
85
82
32
207
5
88
46
54
104
215
82
189
253
85
77
8
27
190
215
210
12
230
215
144
96
202
174
85
42
48
218
210
161
86
8
96
206
174
88
145
26
187
174
83
237
86
94
96
104
57
232
202
32
199
85
86
72
104
52
45
12
6
115
111
228
12
100
85
26
250
224
249
116
38
14
149
12
220
88
170
235
155
219
103
142
203
53
72
174
106
202
117
85
224
243
237
253
85
127
196
79
104
85
204
139
242
215
72
214
127
33
87
228
183
85
127
52
133
99
157
196
36
99
93
215
157
42
72
172
240
91
162
216
32
76
104
83
108
133
63
205
249
190
215
89
195
190
104
64
199
1
25
99
132
147
140
237
72
86
104
131
86
52
55
106
192
85
15
139
1
34
86
183
110
101
239
32
189
102
41
202
99
139
174
91
108
236
235
8
54
183
106
63
12
124
80
91
94
179
94
52
42
187
85
99
204
210
202
74
85
135
94
9
206
133
163
76
94
139
219
12
190
210
63
27
160
99
48
136
215
140
85
64
242
215
174
217
149
220
154
228
248
96
111
248
106
252
183
153
38
161
131
240
85
130
215
202
163
3
72
111
18
210
66
174
162
73
94
25
106
45
178
156
190
110
22
18
140
117
20
100
85
149
212
103
85
238
85
106
83
248
189
229
82
139
86
216
25
69
231
189
19
72
59
161
196
69
2
213
72
214
115
256
210
196
8
57
215
189
64
12
33
20
189
59
229
15
115
79
202
39
122
163
32
132
45
196
76
117
189
69
10
157
189
163
230
88
72
197
85
72
189
130
189
73
202
189
105
134
196
175
60
256
219
239
189
12
111
215
149
232
184
214
99
172
240
215
56
96
32
52
57
106
32
113
171
215
82
76
32
149
35
106
220
3
231
85
41
91
196
56
242
30
195
106
64
189
83
85
26
183
235
219
89
94
10
192
22
183
149
149
111
250
256
192
184
220
139
99
182
139
172
172
221
115
113
83
204
45
202
215
12
26
151
56
235
99
76
86
124
86
235
86
219
96
85
215
5
18
76
99
61
213
132
1
64
224
76
228
53
79
215
215
45
106
57
193
174
242
236
31
20
237
124
45
220
220
235
86
256
25
44
85
26
215
6
86
196
10
106
133
20
189
149
133
237
94
215
219
99
10
215
138
56
228
19
220
76
189
190
185
79
134
15
22
57
82
250
64
44
161
44
142
137
26
103
106
26
26
242
57
36
99
64
223
59
202
57
242
171
91
189
175
96
197
97
221
190
114
39
86
157
231
115
32
256
237
187
148
99
112
53
189
12
10
48
46
238
147
241
94
94
19
64
149
64
26
12
163
34
163
41
219
189
149
189
214
85
91
190
189
219
220
192
101
104
104
247
199
76
33
196
48
99
96
82
57
77
178
8
238
219
106
157
10
189
33
111
149
190
12
85
120
64
34
212
25
219
69
85
10
99
85
44
124
196
114
138
189
238
64
221
256
108
134
222
189
67
20
203
192
10
228
69
141
211
195
45
79
140
104
147
178
25
25
10
189
32
24
12
241
249
235
145
48
215
256
106
197
218
44
32
12
214
197
192
235
190
66
37
190
200
69
111
159
94
82
155
131
239
189
178
12
230
99
58
86
45
76
232
25
212
190
249
86
159
26
202
85
81
189
10
99
94
145
12
237
56
196
41
189
99
161
12
106
26
12
187
57
117
240
32
73
190
238
57
60
86
76
82
44
174
52
155
149
201
168
192
149
12
99
229
149
190
5
192
76
64
187
18
102
12
53
31
45
59
204
175
102
13
190
99
44
256
25
124
104
149
139
114
45
236
104
25
210
161
215
74
88
145
216
15
61
219
79
31
122
189
12
105
235
153
222
218
221
10
10
55
105
64
210
189
99
26
228
242
56
249
201
240
238
133
12
74
82
85
184
196
155
10
215
44
133
88
85
99
238
52
101
15
238
42
115
153
161
25
237
14
86
193
22
44
230
91
103
52
133
57
145
149
37
117
41
149
69
56
115
81
14
221
204
232
190
236
52
156
182
196
12
34
90
85
149
64
91
249
85
170
81
196
50
34
69
206
46
202
104
149
142
230
232
37
195
129
13
237
23
171
120
17
13
48
94
48
43
111
86
218
113
31
121
236
228
196
55
149
184
236
239
235
115
56
228
72
161
121
88
255
214
91
227
192
8
174
103
57
10
214
120
189
190
197
228
199
161
85
235
26
12
104
204
11
45
74
176
96
134
189
189
35
12
86
148
196
16
137
189
74
114
223
242
242
72
184
149
64
256
56
75
12
189
86
23
34
25
72
197
189
26
210
69
73
215
192
39
115
55
138
242
192
214
52
67
72
133
10
32
176
73
222
237
155
172
170
236
256
240
155
199
155
186
8
159
155
12
106
255
105
106
99
238
74
76
86
52
216
64
174
11
102
183
142
105
115
238
88
48
72
86
189
86
12
12
27
219
189
56
189
190
236
190
215
176
84
153
219
198
249
228
196
242
94
10
12
12
240
235
78
134
31
256
77
190
256
149
14
256
213
8
12
72
238
174
228
42
106
48
10
115
223
25
24
251
52
32
154
42
72
240
214
82
240
197
90
196
149
40
76
103
140
124
220
117
232
225
178
228
237
253
88
27
18
25
69
256
256
238
32
197
79
91
179
133
45
25
149
237
24
10
106
34
250
106
190
256
79
153
64
39
33
115
169
202
228
245
8
7
7
157
163
94
219
110
72
10
137
232
189
52
72
57
232
117
140
69
12
190
76
121
62
155
72
196
207
238
45
115
102
242
44
103
12
220
133
57
221
25
64
189
155
241
57
77
115
79
91
190
134
102
106
220
220
12
120
25
251
112
155
232
44
156
44
248
230
161
237
213
215
26
32
44
53
32
69
94
25
99
25
48
238
115
133
139
204
32
88
12
25
221
88
35
235
196
187
178
127
32
10
72
184
142
190
61
12
66
218
240
247
86
153
57
79
247
155
86
189
115
14
110
145
149
232
61
64
196
164
26
104
94
170
133
53
202
149
242
189
26
221
56
70
26
115
12
81
66
161
252
57
160
182
214
219
174
61
199
12
203
86
156
201
219
176
94
221
56
10
237
56
215
31
255
45
76
73
121
35
19
236
218
35
237
178
174
238
219
10
86
194
161
63
101
26
149
238
238
13
82
39
218
237
15
22
219
73
159
79
238
218
190
147
190
219
256
163
178
83
190
90
240
212
61
190
32
45
117
52
189
189
27
236
215
176
169
228
186
134
155
106
237
69
105
202
134
74
12
134
26
86
86
213
163
57
230
76
232
219
39
232
161
238
105
256
13
110
214
156
86
10
56
28
161
83
26
25
155
62
102
256
82
32
57
27
44
218
189
189
115
204
10
163
86
102
69
64
134
99
45
86
238
237
170
225
228
203
99
134
240
221
159
137
109
159
57
213
159
193
249
25
240
162
12
215
163
102
256
26
169
72
142
213
187
207
52
196
73
61
81
155
10
84
26
161
84
219
110
214
86
106
82
238
115
232
196
189
169
189
26
102
72
204
19
12
35
102
189
99
214
219
149
182
52
74
221
89
10
10
192
25
213
61
238
25
189
25
120
207
57
199
126
109
102
189
178
115
34
178
103
148
159
9
155
176
72
26
82
236
12
197
139
157
56
216
110
94
202
213
192
3
174
27
115
213
9
163
207
31
56
110
102
199
76
72
170
196
238
32
56
110
133
161
32
95
255
202
133
10
163
197
140
32
218
183
42
237
76
247
124
134
202
145
89
196
45
242
237
90
10
26
106
178
69
161
44
10
221
190
138
230
196
242
61
102
25
133
73
82
99
94
178
232
76
76
102
83
189
39
190
238
155
115
232
44
29
238
91
252
256
218
72
12
72
221
79
169
26
202
189
197
238
115
25
201
153
27
237
72
232
255
230
74
161
79
232
218
232
105
219
196
10
86
149
124
159
159
76
45
33
23
110
221
72
134
248
161
187
169
99
139
220
35
159
39
69
157
72
69
73
24
232
94
232
184
86
86
173
207
199
157
106
157
213
86
86
149
82
61
197
189
242
45
26
72
236
256
91
83
139
84
214
45
69
161
184
120
219
48
72
32
133
252
88
215
82
237
197
72
163
73
73
186
86
53
56
44
102
252
83
72
45
27
45
37
29
223
202
45
105
48
207
48
125
25
76
256
86
214
214
155
45
252
10
12
106
190
218
148
31
139
199
44
61
53
202
45
199
232
148
43
203
12
12
230
120
237
57
240
219
199
73
10
242
156
72
39
82
124
39
148
184
196
12
86
189
252
52
238
12
161
159
42
45
148
26
238
161
42
207
225
94
102
9
52
157
214
213
202
26
115
133
56
197
10
254
213
140
42
196
197
146
42
91
110
236
27
48
213
64
190
110
202
125
44
32
69
155
26
223
34
24
86
163
25
64
69
35
88
169
102
45
133
12
201
161
52
42
252
155
88
12
86
10
148
221
25
91
202
213
202
207
161
197
252
72
163
26
12
72
214
202
202
178
139
72
252
196
52
161
163
176
157
42
73
232
86
45
190
133
45
197
219
155
61
232
242
72
102
45
134
174
12
42
25
228
232
170
213
45
155
232
72
254
12
232
42
