150
95
27
228
211
88
150
208
136
184
59
165
67
88
84
165
184
230
249
150
205
33
13
136
211
165
199
150
13
184
75
67
138
249
137
17
87
3
172
18
149
69
138
180
114
84
86
236
245
31
59
180
178
112
164
114
3
67
88
64
182
162
97
160
3
31
176
236
75
184
162
183
135
93
11
3
29
181
135
205
237
182
114
97
87
67
240
11
114
138
184
150
10
138
199
3
88
135
84
235
115
214
162
51
144
11
59
3
243
176
192
181
100
33
150
138
60
88
208
88
95
150
235
162
84
10
33
211
97
206
3
17
97
33
64
176
87
17
222
2
230
89
250
26
136
29
90
220
70
87
91
13
2
235
134
75
176
117
41
176
75
87
135
180
10
31
181
243
220
235
94
93
131
243
231
136
222
95
11
90
211
237
135
240
79
27
66
138
66
244
153
67
93
14
211
50
187
8
16
91
97
130
44
162
130
75
240
66
25
228
127
102
154
140
70
181
75
116
67
3
64
127
5
75
138
66
59
11
138
117
250
220
109
195
187
181
73
17
165
165
183
114
147
196
184
100
88
208
81
50
153
243
140
181
228
136
229
138
250
147
150
181
199
75
13
95
27
214
90
11
242
165
203
237
2
59
70
79
140
90
69
33
10
25
237
209
27
32
61
147
129
90
11
228
117
144
147
62
41
35
10
62
75
226
190
174
69
194
14
145
216
93
102
176
183
187
138
32
127
11
95
243
183
128
144
97
108
242
153
222
176
13
256
176
14
135
83
91
104
235
253
176
41
159
177
104
39
3
181
181
91
97
64
13
33
84
162
105
190
62
90
123
50
145
93
194
129
164
242
17
83
235
128
187
220
175
66
165
31
77
75
42
67
170
33
79
176
10
138
192
33
117
176
11
75
3
161
223
108
55
14
243
39
124
35
187
230
237
25
130
62
91
239
50
174
89
25
28
17
95
91
226
195
121
77
207
32
105
240
172
11
222
11
248
176
223
121
25
176
14
162
196
169
178
174
30
33
89
196
22
41
33
178
160
2
192
114
190
187
32
187
137
230
124
31
135
124
31
150
79
25
39
33
32
112
136
132
91
102
22
33
46
249
13
70
25
39
35
127
235
187
84
236
135
117
32
54
176
256
32
250
195
172
31
95
256
84
74
54
122
211
124
205
11
240
249
10
75
97
95
141
33
192
27
73
96
18
96
249
172
22
95
138
95
227
86
235
132
131
11
132
33
176
208
176
183
76
136
64
201
67
251
150
174
235
226
172
204
122
14
40
132
10
141
66
203
35
108
91
97
159
91
146
13
53
146
138
32
195
115
60
17
11
250
88
172
196
103
5
92
44
66
117
66
117
169
79
190
196
115
150
28
77
136
117
242
11
79
138
102
14
70
105
149
115
187
240
86
223
240
231
104
35
151
25
62
66
190
256
27
172
135
132
32
59
121
94
95
67
25
39
41
102
137
219
108
153
64
14
33
22
124
35
31
69
196
242
42
95
33
13
64
196
66
166
256
93
117
79
147
33
117
42
39
10
153
50
240
70
121
13
79
33
18
171
102
212
144
14
66
151
228
104
151
123
240
137
172
205
13
161
194
105
100
132
131
39
22
240
70
153
238
69
17
240
178
175
17
137
25
137
149
192
223
190
137
34
247
201
33
103
187
195
5
114
42
80
184
253
225
249
186
88
14
214
196
26
237
10
256
145
25
177
219
236
42
131
228
228
42
91
193
108
13
92
131
226
189
117
64
235
14
31
75
181
131
96
115
70
122
76
190
238
103
136
136
151
70
180
5
203
228
170
176
190
94
115
53
35
159
130
123
226
117
223
33
60
195
114
42
135
247
97
250
140
117
181
250
134
60
196
124
151
31
110
115
62
129
42
5
32
105
247
79
91
11
114
33
35
11
70
190
221
195
53
32
149
192
178
35
6
115
190
181
196
219
2
100
97
102
35
127
100
115
67
247
166
131
121
136
79
178
116
122
178
205
40
256
252
56
219
122
163
39
44
191
195
140
61
127
2
131
12
60
34
147
25
228
146
31
223
131
79
97
187
245
203
190
117
14
135
135
12
150
100
196
3
34
131
122
194
137
25
31
102
222
192
153
172
127
220
240
229
245
10
236
90
207
33
14
33
117
151
121
2
42
131
196
135
235
172
91
178
108
26
117
39
32
219
32
79
10
105
89
66
177
102
43
10
53
174
73
190
126
62
130
104
212
230
33
131
13
39
126
14
60
85
236
245
236
35
8
88
66
192
55
153
203
97
46
87
78
62
174
240
194
62
100
97
35
104
201
137
100
138
194
134
132
117
73
35
147
122
237
70
153
33
33
250
210
223
192
70
44
33
79
130
33
251
131
135
237
120
44
39
63
114
86
229
66
105
25
70
131
151
221
18
70
196
212
17
207
228
46
42
34
22
29
1
114
42
174
187
241
179
172
2
146
121
115
174
187
25
153
100
120
140
106
35
131
88
31
251
153
192
181
100
59
2
229
250
176
137
17
25
159
33
220
190
217
42
39
194
118
219
53
26
70
35
109
51
240
187
76
135
31
79
195
17
39
139
42
2
39
59
64
148
203
250
35
250
100
71
75
31
106
2
199
114
250
88
181
236
61
17
153
117
45
70
106
256
176
73
120
14
39
77
128
122
117
181
250
60
142
180
86
172
44
117
237
243
243
10
11
189
240
137
30
27
245
19
176
49
138
199
102
39
217
88
42
196
10
28
20
117
190
106
232
207
83
172
39
249
12
59
154
8
187
39
100
150
59
131
46
61
114
66
117
174
137
105
63
115
4
245
147
31
26
28
90
252
64
181
70
35
229
63
59
113
70
10
135
187
33
25
135
77
245
112
133
27
88
174
194
35
131
28
33
80
53
247
32
109
109
165
44
252
196
73
15
39
75
122
178
142
10
219
49
31
176
240
32
24
44
65
106
217
176
91
175
80
15
252
136
31
176
211
245
4
114
194
244
97
70
207
59
250
114
145
44
115
19
105
131
120
241
206
176
63
96
22
214
187
70
223
237
39
33
61
39
59
64
182
225
60
242
195
35
171
157
222
88
223
110
43
57
134
100
90
207
196
100
176
30
36
217
96
113
247
92
101
210
256
256
145
67
214
90
176
7
95
40
242
75
13
210
217
120
81
171
13
185
25
255
13
253
30
136
150
241
176
141
255
32
105
77
221
183
53
33
73
194
196
216
21
151
24
117
90
60
35
42
44
147
80
171
184
28
88
151
185
117
131
131
14
79
43
31
250
185
147
110
217
165
150
204
191
70
90
33
59
76
41
132
256
141
250
2
6
90
194
250
117
2
43
10
43
208
140
214
216
10
252
171
49
187
252
131
11
36
208
90
38
204
216
118
190
241
22
239
43
90
158
43
255
7
165
19
135
211
94
6
43
128
149
31
49
6
247
30
226
135
12
198
131
70
117
31
43
193
67
204
76
107
6
17
232
14
240
230
1
187
154
90
38
154
22
33
241
142
190
100
252
208
208
205
235
217
154
90
143
22
253
173
51
89
241
14
37
140
38
71
235
50
13
82
170
80
131
154
117
3
172
13
97
187
114
175
73
226
116
71
142
95
50
216
114
49
183
117
130
41
141
106
167
46
38
115
88
59
205
43
132
216
12
138
195
31
226
30
210
204
90
156
145
140
229
55
182
28
14
174
105
110
19
135
92
10
71
3
54
255
174
71
58
171
2
210
138
54
117
114
133
12
91
218
241
113
64
42
211
41
176
68
125
89
172
103
195
211
55
240
228
130
229
77
37
172
100
88
201
37
103
227
208
208
120
65
50
226
183
113
50
14
255
77
226
70
105
46
187
87
193
150
197
172
150
68
248
1
8
255
226
226
187
116
60
59
150
114
10
158
37
248
36
131
17
182
25
71
240
206
239
187
53
220
22
238
81
3
116
206
77
247
237
42
173
71
228
22
172
14
255
65
172
128
101
239
92
128
168
140
91
99
158
237
187
38
233
233
43
230
229
108
132
22
197
122
237
164
93
255
229
245
43
253
22
183
65
17
218
99
42
46
153
252
181
153
53
151
226
153
153
60
14
193
206
116
19
171
158
92
173
224
17
41
172
226
158
197
68
62
144
117
168
77
250
109
168
123
122
206
104
187
105
195
167
205
114
193
42
153
105
214
79
226
205
101
114
149
65
114
131
19
136
14
76
19
113
1
49
39
244
231
17
43
38
17
113
113
144
120
202
40
78
196
4
30
68
39
115
61
65
113
135
164
42
202
202
35
72
144
120
227
132
198
243
113
179
38
61
148
113
53
115
83
24
39
161
152
137
152
156
23
23
179
119
23
2
57
