84
84
138
138
84
166
205
75
55
157
25
55
84
31
25
94
84
166
31
84
29
55
75
114
203
174
177
157
75
42
117
84
94
117
42
84
3
31
40
3
97
110
146
102
31
205
136
74
117
140
147
75
208
136
166
66
197
177
222
58
147
197
171
8
136
167
140
75
136
171
250
59
89
3
130
157
167
58
147
58
8
55
40
215
239
114
66
205
205
154
116
194
17
184
40
58
72
55
72
239
250
117
106
136
40
235
67
169
171
144
59
103
105
40
250
59
72
144
17
194
28
54
2
222
171
144
67
8
232
213
55
249
2
74
221
181
170
176
170
11
194
58
23
202
137
2
240
154
66
146
23
208
239
169
23
208
122
170
171
170
40
137
58
40
162
169
6
182
40
181
203
131
6
139
8
253
136
211
171
55
33
86
55
21
113
243
122
11
144
66
223
208
182
154
196
172
24
86
124
113
130
169
171
173
182
94
40
131
177
171
181
103
114
162
167
192
40
144
251
33
142
122
180
239
6
251
211
185
124
120
229
212
96
94
184
66
184
205
184
184
17
255
165
95
46
184
107
215
150
97
63
123
122
114
42
215
171
84
180
84
208
192
95
183
176
184
63
82
37
165
213
128
245
66
212
191
31
40
99
56
212
248
23
212
82
63
58
250
173
87
132
172
9
58
230
215
156
208
66
124
235
87
154
222
212
176
46
77
156
95
205
17
154
212
14
131
97
171
63
125
212
42
117
250
135
62
117
131
108
37
117
82
14
128
87
255
117
127
131
95
123
117
125
37
193
188
176
198
212
225
207
131
206
149
149
108
179
232
86
75
4
187
72
195
187
63
206
37
212
95
130
150
251
150
88
77
63
215
95
54
167
112
255
212
198
133
23
53
161
97
131
52
206
104
163
1
28
131
109
140
133
3
75
1
195
120
54
179
86
140
195
194
232
120
6
6
117
120
135
212
173
135
6
82
245
124
236
249
53
59
225
82
6
154
30
89
233
212
78
6
180
181
42
29
187
39
174
67
249
174
145
11
176
42
136
118
28
118
212
14
228
28
94
66
239
42
131
249
1
145
54
217
90
97
37
96
219
82
42
105
172
121
256
114
118
131
235
78
216
63
76
117
10
96
6
129
237
142
131
193
71
39
237
136
221
157
130
239
54
207
53
241
110
59
71
37
176
179
89
156
38
204
197
141
210
9
117
178
249
105
138
2
24
131
111
189
139
142
233
198
197
42
75
120
216
237
241
2
3
37
75
8
38
246
82
141
217
217
39
212
63
139
190
59
113
99
58
127
4
142
247
247
149
38
13
93
48
232
39
18
156
15
210
34
53
10
94
128
233
83
213
227
233
147
4
244
256
129
99
197
6
153
212
83
90
25
28
93
53
140
110
123
67
153
49
17
16
139
8
171
167
48
206
83
189
166
4
247
144
8
184
39
141
120
49
53
46
111
65
54
116
71
83
204
15
54
11
216
96
233
141
147
149
193
92
42
219
198
6
92
38
126
197
47
139
228
141
111
127
166
13
250
4
171
74
34
238
153
226
82
75
160
247
167
49
247
237
216
167
65
203
38
223
167
120
38
96
78
226
128
197
61
49
126
53
14
197
53
256
255
165
14
196
255
190
141
156
6
158
241
24
210
43
154
186
167
244
37
46
101
204
249
199
256
179
147
63
91
96
244
255
247
195
232
26
246
216
169
241
34
158
141
61
91
241
50
89
76
156
167
137
44
232
216
181
3
247
241
81
124
50
35
167
42
69
241
241
173
226
210
88
37
39
8
37
10
25
6
101
147
58
198
141
173
65
197
53
49
65
38
179
129
35
4
241
241
149
88
253
63
196
3
253
111
78
59
78
245
42
179
241
39
132
170
114
215
52
241
202
49
31
256
218
247
61
255
137
241
171
160
196
5
216
221
113
207
200
166
4
63
171
4
142
256
6
157
241
115
39
39
82
256
156
