138
94
151
244
42
121
129
234
126
136
163
62
129
107
87
118
203
119
203
174
94
44
101
84
36
76
32
8
113
195
254
96
244
252
136
212
127
76
81
91
140
73
50
121
129
122
177
29
112
51
104
35
156
50
44
87
22
35
12
87
156
94
125
4
117
162
158
160
87
129
237
51
102
50
160
176
253
126
163
243
72
243
143
98
160
155
119
194
121
104
96
181
67
72
140
251
87
138
170
6
27
185
147
100
152
67
104
5
170
195
238
204
122
135
242
167
199
242
55
221
7
9
180
225
134
13
21
203
129
231
151
214
163
75
112
204
138
242
84
122
9
154
87
129
12
32
125
122
181
222
189
181
3
154
75
134
84
98
64
174
3
164
134
122
253
28
67
167
227
109
3
247
165
243
198
225
144
32
181
254
243
155
109
183
62
198
212
70
130
248
39
251
225
158
225
225
70
227
106
225
252
108
28
74
37
195
174
109
181
221
163
73
39
72
243
229
109
74
116
39
191
74
94
74
204
162
164
190
88
247
8
238
173
195
110
181
73
15
190
120
155
110
247
233
252
225
181
15
55
100
37
116
197
213
73
248
110
18
3
158
180
243
239
198
231
141
180
16
165
87
202
86
160
61
116
227
174
173
116
202
36
116
126
25
196
23
116
181
221
173
71
139
74
9
4
212
15
84
227
127
13
110
190
32
61
6
199
90
25
5
117
250
25
116
72
116
146
252
104
165
202
86
75
222
141
205
86
201
247
23
102
255
115
247
55
252
176
120
231
167
120
9
18
238
174
116
115
103
182
200
57
79
129
53
199
71
181
115
56
174
168
209
32
105
199
243
123
3
199
46
205
174
138
110
120
88
93
205
138
140
247
7
120
127
233
109
18
199
84
84
120
46
103
249
101
165
13
36
109
121
170
57
174
101
147
6
39
5
148
116
189
121
238
81
25
114
104
89
203
120
121
109
84
109
70
15
124
96
73
180
116
87
141
225
154
9
132
105
138
254
101
136
116
45
46
83
120
25
112
247
4
26
132
21
125
171
231
138
213
106
52
213
89
181
116
10
120
96
188
200
138
254
9
75
214
213
129
238
202
119
5
102
9
174
121
116
174
87
194
29
64
30
90
200
116
90
115
249
49
47
186
242
72
5
199
101
221
160
162
116
252
111
76
121
167
254
138
197
19
230
120
153
153
194
238
75
101
34
90
15
213
106
213
123
63
152
53
214
63
63
90
175
189
228
102
52
101
176
199
235
48
96
197
159
34
147
216
5
137
230
63
121
104
120
87
215
156
101
148
210
63
123
252
163
124
204
145
248
47
6
153
247
129
256
168
256
247
63
101
42
174
199
191
244
256
217
172
115
63
138
24
139
230
34
133
24
196
138
244
162
83
99
6
110
119
123
19
230
172
222
15
200
90
214
35
175
253
106
135
34
230
152
233
201
135
167
114
55
165
171
110
214
86
212
119
31
67
251
12
123
76
239
63
137
156
63
146
103
122
147
165
75
15
122
137
61
40
122
15
136
46
14
115
220
61
254
153
50
169
87
248
239
105
116
116
87
216
238
111
79
127
99
10
10
129
123
200
214
103
136
5
101
52
87
176
162
233
200
224
162
16
63
129
195
248
200
164
212
228
239
244
15
192
162
197
114
221
161
22
223
168
219
28
166
87
245
101
181
34
101
144
233
14
105
37
190
115
165
65
61
122
65
162
63
158
11
11
56
129
235
115
61
248
15
87
105
101
254
52
174
116
101
154
212
91
227
210
37
129
247
129
103
227
136
90
222
46
179
79
73
26
247
194
34
64
176
210
73
245
181
52
42
28
256
26
102
245
34
3
38
152
147
101
96
252
233
25
63
2
87
181
115
37
230
209
58
57
122
15
135
11
214
140
247
200
135
11
245
230
186
116
152
143
136
245
181
198
94
140
129
193
36
155
120
15
147
245
84
115
43
105
94
136
105
20
144
153
168
198
57
12
36
28
65
157
190
83
79
132
116
206
11
219
230
245
233
200
67
193
225
214
160
127
212
193
32
219
179
54
17
79
55
244
233
120
233
26
178
162
161
101
201
179
168
101
245
18
123
185
152
87
172
245
22
212
79
172
63
94
57
79
55
38
44
176
117
101
12
171
131
122
9
94
9
156
14
162
191
170
252
52
109
245
228
37
52
42
115
66
65
179
233
56
140
199
63
181
110
10
107
34
116
231
79
132
132
167
212
132
210
85
57
159
239
101
26
67
63
12
244
20
173
114
159
215
135
162
254
54
172
185
213
249
172
45
171
236
89
105
256
81
93
181
252
78
156
20
137
116
9
104
233
192
91
5
217
110
48
70
109
89
2
162
200
116
162
150
227
67
202
10
25
26
140
168
56
160
72
117
26
116
157
204
163
67
117
233
185
91
249
63
171
72
115
199
154
256
244
224
230
120
64
32
245
52
133
234
9
93
100
67
244
245
38
98
140
163
223
11
195
172
38
216
168
229
167
91
252
168
199
4
231
176
15
9
98
11
181
115
79
247
233
172
105
15
189
11
91
172
7
188
17
15
116
94
47
160
186
229
159
167
226
198
176
156
101
9
180
103
100
135
79
167
167
48
62
49
26
167
111
56
56
101
39
195
130
249
36
172
233
93
24
104
9
192
176
217
182
233
233
38
106
181
13
28
109
171
67
115
254
181
167
26
200
42
140
32
134
217
212
130
26
196
158
200
55
1
102
146
27
109
233
210
15
87
224
167
106
171
233
3
233
100
87
256
233
236
233
221
217
69
243
174
6
66
207
120
226
93
245
93
4
249
249
233
185
226
130
220
192
79
57
48
217
130
101
194
56
134
34
24
196
168
15
8
168
24
132
248
61
230
26
93
196
87
255
184
43
149
19
199
43
153
228
2
167
9
206
67
101
249
106
9
144
193
74
233
105
180
207
167
247
116
192
233
118
226
163
207
137
26
256
123
167
233
245
226
148
9
141
15
149
28
202
92
63
214
170
201
217
145
158
220
233
222
167
187
167
233
233
196
56
217
210
78
214
233
38
101
162
110
42
167
35
157
158
248
38
233
130
43
213
101
214
233
115
163
42
245
155
101
167
230
79
43
162
244
70
134
156
86
9
220
139
168
158
167
219
226
214
15
118
115
167
110
85
89
157
78
26
83
226
20
172
155
196
156
233
187
111
155
163
109
226
29
247
149
60
46
199
67
67
228
192
212
152
233
79
120
191
118
49
9
196
118
9
201
223
118
137
15
218
226
