230
231
62
165
165
244
230
102
112
112
165
165
165
112
209
244
112
118
112
165
208
165
209
62
67
176
165
118
62
28
92
176
208
98
165
151
84
176
98
84
208
17
151
182
151
209
209
87
249
98
17
87
249
98
176
172
141
112
28
84
208
50
208
87
151
92
172
75
75
50
229
172
112
162
165
47
6
162
208
136
17
75
230
112
31
231
143
65
208
160
6
165
6
227
250
67
6
213
208
99
72
150
151
207
200
250
165
75
162
171
39
231
227
208
45
162
239
39
140
26
150
51
9
87
17
123
174
51
79
200
256
140
200
239
7
256
37
26
34
250
39
206
47
29
200
39
160
18
159
135
86
200
150
64
209
243
154
55
160
47
209
202
250
39
98
93
99
121
140
150
135
175
174
126
195
51
239
200
7
37
208
9
190
208
190
208
65
129
174
248
17
9
177
42
128
239
174
200
29
150
165
177
145
128
218
250
79
174
26
206
17
99
99
212
88
129
195
112
123
195
200
67
96
150
21
50
128
33
190
155
29
65
200
204
59
110
37
51
76
241
142
238
34
79
51
110
200
38
150
171
140
76
204
131
110
165
171
142
208
220
50
250
59
200
76
128
136
218
79
222
250
160
104
112
181
150
178
116
13
177
5
225
178
206
171
129
250
222
93
87
67
46
9
202
136
13
57
170
237
208
182
235
205
13
177
46
150
204
116
99
95
171
114
229
142
33
92
50
25
31
46
75
79
248
137
99
250
46
122
235
31
85
112
142
94
139
171
57
160
3
112
171
26
79
162
135
10
227
13
211
133
87
63
42
160
59
1
117
114
76
102
131
182
204
48
102
74
77
213
99
250
1
29
76
175
205
137
249
17
57
106
248
224
193
149
14
33
164
170
57
50
112
99
121
211
57
224
106
249
250
76
205
42
99
79
17
211
13
137
112
206
218
162
239
154
126
139
184
140
211
112
222
17
188
219
157
165
31
105
133
114
235
194
136
233
94
249
24
117
198
139
162
151
171
171
172
249
140
29
240
1
243
171
29
158
134
236
16
99
242
229
245
177
245
57
112
227
230
66
164
113
143
53
220
157
218
237
12
211
117
24
240
32
231
101
178
211
56
100
95
117
26
207
68
149
79
39
62
222
87
240
139
134
113
171
153
114
103
149
192
33
42
197
101
206
26
181
17
106
17
114
192
149
157
17
207
70
76
141
220
86
243
249
12
10
3
171
245
179
250
206
189
57
121
106
210
57
86
184
32
218
218
106
133
246
89
219
56
141
245
22
3
56
170
213
207
177
3
163
243
22
70
149
170
219
220
106
157
210
218
157
23
198
218
21
114
133
17
118
249
122
111
86
3
167
77
210
98
179
213
157
75
118
197
85
189
86
247
26
211
143
226
159
218
17
218
248
219
33
227
89
118
109
26
210
26
129
54
145
198
3
62
198
56
109
220
218
104
171
188
118
66
56
106
22
106
110
94
198
134
233
175
12
37
63
56
63
226
76
222
160
10
155
233
248
110
110
86
63
159
141
38
56
163
46
242
197
136
26
141
226
101
63
87
110
3
142
38
17
55
22
249
99
181
79
6
26
159
75
158
44
171
53
140
32
82
45
211
157
14
56
12
142
125
168
56
142
246
227
132
204
226
6
26
248
179
242
210
243
227
6
117
153
10
24
204
55
142
117
139
124
6
157
197
161
180
227
117
6
139
142
101
137
56
233
15
92
46
197
69
139
172
227
24
54
26
207
38
147
137
157
55
246
23
52
198
198
46
227
52
52
38
197
188
46
34
224
15
46
111
46
239
88
82
188
63
227
122
173
155
82
217
14
