231
54
231
166
244
205
195
217
195
208
166
217
27
135
195
70
135
156
144
145
59
70
166
28
80
212
113
27
7
130
152
24
91
59
144
229
208
191
21
113
192
14
7
141
130
18
194
144
171
191
21
40
37
144
144
21
217
203
8
191
95
102
160
28
183
195
187
123
28
130
240
244
152
136
14
2
195
160
248
7
254
119
200
212
146
78
240
95
183
114
92
2
95
195
62
71
225
21
47
230
144
34
156
21
75
229
144
90
132
36
230
60
36
217
227
75
231
195
195
1
200
206
231
141
119
166
95
143
89
130
118
146
240
11
231
46
230
96
212
92
2
231
166
165
234
13
177
209
143
165
141
191
217
250
182
246
75
225
21
1
208
47
144
191
54
50
169
113
145
217
89
191
188
202
142
171
62
245
141
102
118
191
152
43
96
165
144
171
185
33
96
114
30
59
241
30
14
212
166
185
21
98
253
200
181
65
84
254
130
59
89
21
47
89
195
98
96
33
250
195
206
130
14
222
30
217
21
185
98
250
171
152
243
130
2
217
225
248
122
205
250
188
83
208
40
191
253
245
191
98
195
141
238
225
108
191
141
18
200
231
42
171
58
185
169
118
253
250
195
15
7
185
92
254
30
168
182
105
143
141
191
185
8
78
103
1
87
206
121
171
84
2
21
41
50
191
206
222
50
165
50
209
229
208
98
63
233
6
171
30
39
167
98
206
191
200
185
68
256
89
145
5
33
144
28
191
210
187
47
246
130
32
117
141
195
156
125
98
26
98
107
2
59
146
217
59
227
156
219
68
30
75
187
200
30
182
171
212
6
47
47
142
30
248
136
130
144
144
118
212
22
30
33
132
181
98
234
40
56
254
171
185
245
50
126
100
254
107
108
143
185
28
40
231
217
95
20
217
28
191
108
234
130
203
200
58
146
188
177
177
130
211
242
11
245
98
200
47
204
195
206
191
209
98
152
90
191
63
87
215
40
200
101
156
222
3
231
246
20
76
51
185
182
46
92
59
181
217
206
212
47
210
217
51
100
41
38
246
220
70
162
24
200
47
144
169
222
51
116
54
168
122
167
234
1
200
129
39
151
191
217
128
58
113
194
200
185
171
212
185
185
186
20
200
59
93
182
191
65
70
152
141
90
143
59
153
127
245
139
191
36
201
14
2
21
5
146
174
130
94
185
236
4
89
162
127
39
118
139
65
101
206
92
209
64
219
35
245
225
107
241
191
195
36
208
43
156
127
180
35
58
125
230
171
35
151
47
200
105
51
200
51
125
93
251
1
230
125
64
144
119
90
182
239
127
245
222
248
123
90
122
93
244
182
57
200
126
125
139
31
84
156
203
2
234
224
8
191
144
139
119
138
225
138
109
21
122
74
40
69
16
171
251
191
152
206
142
225
209
256
118
188
171
227
92
16
113
89
211
113
143
209
234
188
119
126
98
244
194
185
200
203
119
2
47
65
185
160
191
47
185
234
222
152
1
246
102
185
107
231
25
67
8
152
215
78
68
217
59
65
113
113
58
73
156
45
78
47
194
107
7
104
118
185
130
191
50
24
61
1
193
10
65
188
36
244
245
217
223
152
92
84
209
130
200
103
175
40
185
160
109
2
158
36
69
97
68
119
152
222
78
253
21
152
119
41
156
61
21
24
1
154
236
200
210
169
41
246
224
187
227
41
185
3
109
90
96
87
246
119
130
113
141
92
254
171
191
213
170
36
151
136
125
35
94
36
254
42
244
155
18
208
168
156
60
208
87
153
52
167
1
132
118
225
125
114
242
227
18
169
107
71
135
141
185
8
141
77
187
195
222
56
220
195
196
201
167
125
81
244
79
244
160
209
125
67
185
117
65
227
151
245
182
222
246
2
36
167
221
30
248
95
187
74
35
182
244
30
233
249
179
89
231
101
92
125
96
43
47
109
139
226
133
223
1
125
43
68
98
34
5
231
231
43
254
76
250
251
212
43
256
83
64
90
21
191
2
156
34
241
231
130
156
132
2
182
47
174
21
194
36
62
171
141
20
203
84
2
244
231
248
208
47
108
20
232
100
253
139
215
180
121
17
217
185
226
159
129
1
231
43
250
47
24
215
21
191
92
55
244
97
59
63
96
121
222
233
47
191
231
74
21
21
142
191
191
27
225
113
43
125
144
119
142
75
56
245
231
191
205
245
28
6
229
251
40
191
160
166
239
209
166
231
91
77
2
43
109
39
63
246
191
49
92
251
245
52
135
21
107
241
30
133
164
239
94
78
132
1
68
223
210
65
151
69
217
24
69
119
4
1
125
144
33
242
22
125
2
182
114
234
68
157
107
61
116
36
254
159
197
119
52
13
46
1
36
156
107
157
141
139
185
160
206
195
240
250
61
1
245
134
125
21
132
2
170
99
210
249
125
87
36
251
142
8
108
4
231
43
216
255
125
13
144
234
107
191
225
217
225
205
125
107
170
16
231
256
178
48
21
65
148
246
157
216
246
65
211
169
205
30
157
195
125
212
191
247
83
36
129
210
16
74
99
244
157
95
235
250
191
19
130
118
125
90
152
77
67
31
62
214
88
168
69
46
201
47
40
191
39
234
225
234
21
212
191
227
253
134
68
206
206
17
199
254
1
130
78
224
136
154
1
185
245
21
18
215
250
185
140
126
217
102
68
132
206
168
184
185
234
210
169
130
254
125
27
132
136
25
4
195
191
151
6
180
182
89
215
223
5
125
229
90
109
152
125
119
130
71
36
188
35
233
244
244
185
58
100
107
113
218
1
107
185
37
200
248
197
185
159
47
69
71
191
130
119
94
195
217
37
156
220
230
33
99
118
56
215
130
68
36
49
250
125
153
245
47
1
106
6
4
88
148
74
119
1
125
3
74
221
90
218
232
245
19
245
8
206
152
6
167
30
113
60
161
107
13
250
191
223
195
226
69
5
215
13
229
109
234
64
36
231
6
20
152
92
74
13
14
107
152
119
178
89
109
12
85
190
225
73
40
211
57
159
17
16
6
81
167
95
5
152
186
113
182
185
108
255
89
118
169
6
43
157
215
215
119
187
48
179
249
41
89
119
237
158
125
134
231
252
153
235
125
99
1
119
68
171
118
91
234
234
227
244
20
113
15
36
202
163
216
161
135
172
81
82
63
94
125
68
24
188
109
256
225
217
10
32
78
152
170
108
152
40
125
200
248
171
76
219
69
167
107
94
21
161
4
227
34
154
125
234
180
237
163
118
237
33
113
17
113
47
234
121
121
32
185
71
247
139
172
246
1
125
15
130
1
234
5
55
1
130
96
188
217
31
82
125
135
182
73
119
92
109
255
254
92
234
185
218
66
48
206
144
243
20
37
196
152
146
185
229
234
20
195
206
178
115
60
2
167
130
32
92
86
188
47
16
185
165
67
32
155
241
20
125
188
45
10
92
152
99
108
84
171
171
52
175
202
62
56
234
248
62
47
21
39
52
132
40
215
78
113
73
132
190
47
11
73
5
100
161
145
18
24
191
185
139
61
173
114
214
225
185
75
214
130
85
122
119
213
213
125
125
185
85
132
176
202
44
59
252
227
6
37
154
131
113
125
118
50
236
17
72
155
191
32
66
216
49
187
125
232
75
246
49
37
200
241
234
18
159
75
152
115
99
115
215
216
225
167
229
213
40
86
156
152
43
161
103
232
78
165
233
68
90
247
89
8
172
171
200
64
74
125
187
90
159
45
39
253
158
157
221
125
99
213
103
50
237
244
118
246
95
119
115
5
109
244
20
110
119
109
231
159
27
30
15
4
195
215
160
190
96
185
194
84
58
49
179
255
157
88
40
27
213
108
30
38
244
134
179
107
251
82
190
45
119
119
247
190
249
47
237
38
136
85
30
152
254
148
115
118
240
175
97
20
119
214
204
133
99
247
133
149
46
180
214
130
53
252
244
4
104
95
168
222
168
214
74
245
213
212
120
32
125
219
200
188
198
99
254
163
4
24
175
9
7
190
72
60
165
99
133
119
91
88
232
254
104
218
237
33
8
213
139
98
2
215
241
91
4
59
185
48
227
203
229
36
68
248
169
239
47
163
90
1
163
30
252
218
173
125
4
243
26
37
92
247
247
149
139
104
159
65
159
215
164
200
133
95
130
152
21
104
139
225
99
107
234
156
59
214
232
198
57
145
225
152
191
207
125
99
168
155
33
182
213
1
75
121
222
46
22
118
102
73
215
152
45
30
158
200
215
174
198
42
160
139
142
223
225
148
119
44
182
23
94
249
52
194
61
20
215
218
32
109
196
246
201
119
161
20
30
182
48
74
31
42
195
171
213
202
235
182
241
246
247
215
149
1
109
25
229
134
213
234
13
171
138
30
125
215
5
95
125
46
104
62
6
210
229
152
39
9
47
238
246
60
148
152
185
152
254
44
232
61
229
191
82
107
113
65
232
246
126
56
246
194
157
218
116
161
254
167
113
254
161
212
185
15
113
88
132
122
45
244
24
30
73
210
248
16
234
40
20
30
239
161
41
108
37
133
239
198
239
114
175
253
235
126
140
105
113
82
234
185
159
60
73
105
1
99
234
225
81
73
157
197
202
107
240
233
161
223
157
156
152
107
48
136
40
5
156
108
72
45
34
185
163
26
125
227
185
37
142
126
39
74
197
163
74
224
155
156
48
82
152
245
169
152
99
133
228
157
175
116
249
210
48
230
183
245
161
78
182
184
161
236
44
73
21
74
16
250
152
63
6
161
98
53
156
249
216
52
9
42
193
198
5
233
163
5
43
156
182
24
86
125
30
56
82
82
227
108
202
65
54
63
155
39
56
202
136
133
132
241
152
43
159
190
229
54
163
191
178
225
85
62
139
96
219
133
246
152
78
42
254
133
185
185
108
94
159
152
72
213
96
48
202
156
32
153
24
200
225
3
15
148
215
198
232
8
222
75
169
93
139
247
118
9
63
168
159
159
62
108
161
52
100
35
170
82
125
142
152
46
98
215
157
39
12
54
107
254
244
152
222
224
232
111
103
108
47
232
85
85
185
125
138
1
72
52
157
181
204
34
183
57
202
59
88
159
82
156
74
152
225
215
118
99
232
85
88
213
211
125
157
76
20
202
30
31
47
76
48
133
185
180
4
134
218
57
45
128
213
30
156
133
49
232
29
241
189
16
82
157
133
82
157
202
88
241
223
32
232
139
99
82
107
4
82
48
213
219
219
49
4
95
34
220
53
36
234
96
250
230
213
149
197
250
96
215
5
159
109
213
210
241
149
187
90
109
158
163
205
92
160
107
48
197
133
19
245
197
200
48
12
218
178
77
157
181
109
170
42
246
159
48
82
159
173
4
52
48
48
159
92
20
159
159
120
159
237
4
72
83
159
109
213
107
110
163
173
96
107
161
107
104
141
6
163
48
159
244
119
148
157
171
187
48
23
72
234
152
197
241
132
137
48
202
4
108
84
182
118
149
4
103
22
215
82
132
163
157
109
156
103
215
72
109
157
232
23
4
72
156
133
197
85
28
181
155
20
30
43
109
48
4
72
25
164
202
40
246
155
48
236
109
157
17
56
213
30
82
149
57
86
85
191
82
159
133
102
71
85
57
109
92
224
202
129
78
213
132
152
198
180
232
215
95
213
45
43
155
191
163
4
48
246
193
48
149
63
129
48
180
148
119
197
254
163
98
246
78
5
133
188
5
197
5
119
155
78
48
48
82
101
22
155
159
163
173
244
30
109
48
157
85
82
171
109
82
48
56
48
155
157
45
56
179
230
234
