84
80
35
84
71
35
55
115
249
230
170
70
137
115
253
71
36
91
135
194
36
205
113
36
120
89
205
256
55
150
249
176
150
35
55
205
151
249
31
36
162
91
115
256
71
25
240
55
115
249
91
115
115
7
67
55
78
70
35
203
205
67
249
151
205
84
87
136
211
135
36
140
231
88
84
67
88
8
71
115
55
225
151
37
135
115
160
146
135
70
209
256
91
101
209
176
249
70
253
79
89
191
252
25
205
176
185
249
187
150
205
110
206
21
87
71
93
146
243
17
25
29
191
165
206
136
115
116
186
249
138
29
7
244
162
78
162
206
21
203
195
146
37
115
253
150
208
146
214
249
110
116
52
143
200
21
84
110
98
98
252
116
195
115
41
38
44
164
25
71
249
190
40
113
203
25
109
29
146
8
128
113
205
206
164
98
135
41
120
89
223
160
256
48
40
212
81
252
206
78
151
61
109
84
195
206
120
195
151
151
252
185
256
205
206
89
150
68
40
195
103
67
103
237
68
191
225
205
32
78
31
212
221
195
95
135
67
150
66
251
67
166
17
33
187
225
157
71
29
103
185
40
206
170
132
169
98
93
11
192
40
151
71
67
59
182
186
74
115
194
33
29
206
36
31
4
221
87
191
52
194
225
11
213
201
22
171
152
76
164
151
214
29
229
36
180
76
252
113
89
151
205
22
32
81
103
239
136
164
67
178
108
50
113
233
33
195
115
107
196
11
137
164
236
214
151
98
171
150
31
113
252
173
36
8
21
220
231
237
40
252
233
212
186
33
164
98
211
150
151
195
104
113
249
179
3
98
92
229
175
157
67
185
68
2
75
121
205
50
113
190
244
221
7
244
194
17
35
205
22
150
167
244
248
191
8
116
171
98
136
88
32
256
176
128
186
186
25
225
49
97
11
205
150
121
252
150
205
29
164
32
113
41
1
59
116
44
140
87
138
221
229
185
58
33
240
15
49
231
11
58
137
241
170
29
25
221
33
1
236
203
146
229
38
151
21
58
32
42
66
114
176
244
171
21
210
134
206
179
98
40
113
131
179
29
244
187
118
75
186
74
22
144
204
73
137
61
98
162
91
228
12
70
176
140
252
26
112
180
63
214
40
91
140
97
54
220
31
54
229
88
24
231
171
39
185
137
3
31
231
137
174
7
51
7
8
7
220
71
238
117
164
11
67
252
65
39
206
22
77
244
206
40
168
143
168
50
84
194
29
256
15
180
190
138
1
75
171
211
107
1
14
256
32
31
122
75
30
206
71
225
91
137
170
129
89
205
186
179
109
101
245
135
231
182
40
75
91
209
169
191
137
242
244
192
2
84
50
87
182
146
87
71
121
205
54
137
66
98
236
33
171
206
168
137
150
84
87
25
241
195
43
58
187
58
137
166
200
190
223
106
180
168
58
128
171
52
130
175
144
36
114
74
32
31
143
160
38
11
84
195
113
98
71
195
21
208
67
55
225
231
135
42
231
147
203
164
180
144
55
203
137
14
90
144
67
151
22
27
206
138
203
170
164
190
208
190
206
31
239
179
42
239
239
22
179
109
84
138
130
73
103
204
137
247
103
249
21
206
209
180
13
252
191
116
67
166
233
113
113
13
252
98
113
112
132
231
98
113
77
244
172
75
168
139
141
107
184
36
192
250
230
52
147
71
243
168
87
126
231
119
224
21
191
201
105
107
130
40
252
239
194
27
41
233
190
239
115
144
27
31
63
95
13
13
95
171
110
98
32
97
190
168
128
104
81
90
98
15
65
146
25
77
220
83
64
128
42
59
67
67
146
170
209
143
8
16
88
107
191
116
95
14
144
144
107
107
91
71
21
171
98
115
229
108
65
244
90
105
105
58
144
180
105
21
245
224
93
65
203
66
137
71
174
58
190
5
113
33
179
107
21
115
250
84
231
194
141
168
71
31
249
118
42
32
190
158
46
114
67
8
75
87
229
90
203
184
130
211
121
240
154
191
24
194
253
3
166
31
71
194
8
187
116
38
239
108
22
16
61
139
247
231
162
206
126
243
127
76
240
206
105
142
11
141
141
171
156
178
194
221
59
97
206
131
55
191
250
237
203
229
254
38
229
241
141
154
146
252
214
205
90
237
184
90
130
180
184
124
25
15
76
21
8
150
167
65
88
144
41
231
149
57
215
42
239
168
113
158
231
108
138
113
88
151
168
98
204
46
254
142
231
92
107
235
144
185
40
168
210
166
141
130
204
185
150
138
47
40
180
93
78
136
44
164
167
70
139
241
15
22
156
224
195
54
249
252
121
214
141
89
107
178
108
5
8
150
22
16
115
166
158
237
164
65
90
50
162
58
171
52
76
92
226
179
1
65
225
107
96
89
87
185
108
25
15
188
206
14
13
160
230
108
58
230
237
203
136
88
144
27
237
47
75
195
198
171
137
87
191
8
139
24
95
236
47
126
205
239
151
107
144
169
73
54
71
107
244
200
180
8
92
46
107
192
84
174
92
90
24
191
237
225
38
38
3
156
8
151
116
165
210
233
219
46
239
55
95
15
70
1
15
71
47
205
21
22
248
174
227
8
139
49
156
160
104
122
255
92
205
42
87
46
22
245
72
138
92
230
253
74
229
138
21
215
130
253
90
90
31
145
70
250
90
232
101
144
216
70
38
116
125
146
116
144
29
193
4
144
235
182
57
115
38
46
47
192
250
115
25
116
104
101
104
46
107
131
201
231
206
182
119
57
137
190
98
241
172
113
178
171
229
142
97
184
76
191
57
237
78
58
4
171
142
224
239
38
1
15
246
244
84
89
204
146
249
107
40
116
194
161
195
1
71
15
65
187
137
208
240
115
135
203
179
112
98
11
208
208
8
90
75
142
227
7
31
249
161
92
153
204
151
122
67
238
70
144
24
67
151
107
210
150
113
248
141
240
174
53
104
191
230
222
30
58
63
176
104
29
130
136
171
100
72
122
31
90
112
116
227
249
131
179
141
237
179
8
142
70
139
244
96
191
194
74
206
46
93
235
25
231
70
237
143
149
75
43
167
229
7
124
190
244
238
113
211
165
24
87
87
121
116
75
255
151
20
24
15
195
108
107
38
241
101
231
190
122
97
89
107
70
241
250
233
107
179
24
30
44
167
171
97
47
18
171
141
193
121
1
70
130
130
193
243
182
254
195
57
25
224
33
233
144
185
252
216
195
216
151
194
142
121
57
116
248
187
100
164
216
108
130
87
93
238
169
180
190
251
116
244
115
180
24
11
205
101
25
160
241
24
113
237
87
89
90
41
182
5
138
240
203
255
237
233
118
182
33
53
24
55
47
87
255
38
122
205
30
181
248
15
37
62
200
230
224
6
241
91
41
104
87
100
144
158
142
151
107
171
200
155
236
195
190
71
34
91
186
206
71
179
170
255
139
199
186
108
130
229
119
93
82
84
95
29
216
231
134
1
239
121
237
151
8
43
216
200
122
63
225
171
251
166
191
116
216
83
170
141
241
131
84
142
30
198
115
146
230
186
212
188
116
144
126
237
247
200
241
152
122
227
138
152
158
55
243
88
75
244
217
122
186
154
152
194
14
20
73
1
182
237
171
241
126
139
235
222
104
46
217
171
88
131
42
93
130
90
152
20
182
158
116
96
47
134
87
194
97
185
71
206
136
242
87
107
91
166
151
185
137
121
195
255
29
95
191
121
21
116
247
130
22
115
191
154
90
198
187
95
251
203
31
139
70
89
231
138
171
29
116
247
76
101
84
193
116
115
77
191
219
229
115
97
185
22
55
104
216
182
4
101
44
191
84
15
200
191
182
128
164
180
156
119
198
15
208
98
78
115
122
120
173
81
144
103
138
21
164
32
215
87
14
47
94
247
246
224
185
244
20
81
205
170
104
244
247
154
234
158
171
151
46
97
158
97
124
130
171
217
30
198
83
116
41
227
97
24
125
233
151
30
122
164
138
248
1
234
230
41
151
25
244
194
81
53
180
35
101
19
186
41
167
25
24
37
47
32
64
57
141
151
141
142
1
62
180
241
247
237
71
55
35
182
201
152
121
141
199
151
108
107
24
204
70
117
160
181
241
44
115
25
136
206
174
88
174
154
1
247
144
67
36
25
220
161
195
122
229
53
226
220
243
169
27
5
202
154
103
63
169
101
241
152
198
247
101
91
124
187
241
235
241
122
255
241
21
185
3
168
185
208
200
199
193
254
116
205
107
141
171
109
171
220
29
191
36
80
179
119
74
129
193
224
251
125
152
144
247
16
122
185
5
20
107
25
95
7
241
84
235
237
220
166
71
57
223
243
101
221
122
244
179
156
190
4
201
121
119
208
122
221
41
101
182
240
200
11
60
1
41
191
123
109
5
223
156
29
158
241
30
253
254
1
11
241
61
115
107
52
46
105
47
234
150
248
243
186
130
247
122
112
191
47
25
171
154
193
33
37
116
107
233
254
187
216
122
122
206
26
244
158
247
247
253
168
121
190
180
152
200
254
53
156
10
115
101
168
238
101
211
241
43
108
200
47
81
115
181
156
78
154
222
254
172
254
255
244
120
169
21
195
138
15
171
182
227
241
171
221
200
174
43
57
95
241
245
244
217
104
131
243
208
59
242
181
243
246
230
190
31
185
117
255
63
115
185
216
102
185
90
41
118
70
216
70
186
197
214
115
22
227
102
180
236
227
24
221
41
180
234
172
247
2
205
151
198
88
136
141
227
191
150
107
244
181
122
116
236
4
152
205
199
200
180
142
142
119
226
122
193
109
137
8
123
7
141
95
227
81
137
243
247
164
154
79
21
24
89
6
122
245
1
199
189
20
30
41
50
152
66
41
247
78
241
137
92
156
37
32
94
224
141
122
216
113
200
20
43
193
121
48
254
7
152
173
102
103
11
184
122
168
70
233
103
174
237
227
125
101
229
168
191
90
125
115
137
119
158
168
112
200
101
244
40
131
107
104
125
5
151
179
141
122
6
113
151
113
154
24
52
164
254
71
1
94
108
122
95
227
154
24
78
130
71
190
206
255
1
154
254
138
125
125
122
191
189
221
216
233
71
122
109
154
41
236
118
180
122
241
200
245
122
152
188
154
20
203
101
107
24
205
109
24
234
167
20
118
160
254
68
59
129
30
227
244
134
255
79
173
1
92
102
243
192
189
122
215
113
144
95
241
154
36
254
181
121
136
254
148
193
149
93
187
251
36
108
141
138
246
247
101
208
107
198
188
137
122
255
38
24
154
115
107
8
138
254
122
4
81
68
216
188
246
244
200
149
122
75
125
84
68
192
11
237
247
109
151
245
113
256
199
227
181
119
122
247
240
200
200
21
216
1
255
81
113
1
237
160
213
112
30
20
36
198
19
156
107
195
156
193
115
125
217
112
234
58
115
244
47
141
188
41
24
173
105
187
125
193
35
30
241
247
70
115
244
185
77
191
1
255
68
200
255
95
203
119
189
184
68
185
52
234
247
68
144
152
113
138
200
233
227
4
54
68
151
122
139
254
119
237
24
195
200
20
71
101
171
253
188
188
247
151
125
30
37
137
200
188
138
247
154
102
163
191
158
220
200
189
212
200
172
195
107
115
247
36
2
24
203
92
188
24
125
68
224
66
230
188
244
95
92
43
43
125
181
101
152
24
4
164
224
107
46
21
131
116
134
237
116
240
250
119
181
16
115
145
216
137
247
199
1
185
21
115
101
93
116
193
230
44
30
4
125
53
226
158
44
115
37
119
245
88
255
158
188
185
241
240
93
217
22
24
171
4
119
154
43
64
57
4
239
246
125
254
217
89
244
18
199
125
125
48
30
161
61
216
89
37
29
38
25
4
21
179
54
185
168
134
226
91
43
43
102
154
227
168
71
68
125
101
101
213
30
254
125
43
230
223
255
81
200
252
49
116
100
101
103
200
158
24
241
223
14
36
211
125
115
141
21
234
21
239
211
49
241
78
108
144
125
171
53
254
30
142
241
57
206
65
137
57
247
115
239
200
83
200
4
123
185
60
87
142
132
232
185
139
229
223
168
49
24
125
159
137
244
62
60
178
36
229
234
188
158
241
211
4
200
4
20
24
53
24
224
30
52
198
68
47
198
222
254
60
4
116
15
142
225
60
49
200
224
156
4
216
156
60
229
136
245
173
101
104
116
255
24
117
125
229
21
254
119
245
158
103
241
49
47
152
168
198
200
200
78
229
229
198
20
247
125
224
191
200
133
125
245
20
55
124
254
119
22
125
234
125
224
224
234
234
