146
194
80
75
59
143
75
209
209
91
75
84
150
194
52
231
96
67
182
143
165
143
251
143
66
75
183
244
84
25
67
126
29
121
240
87
74
165
144
230
203
231
147
165
144
87
118
150
244
29
243
24
67
194
5
31
87
75
209
75
150
112
165
165
243
147
171
143
52
21
151
137
75
165
89
206
209
143
243
121
166
25
6
165
165
194
144
13
164
38
21
191
67
29
231
169
28
67
147
7
154
243
243
212
106
65
151
200
67
87
137
126
59
206
182
31
253
209
194
50
126
31
231
59
182
182
209
105
225
29
146
108
147
245
73
212
31
24
59
75
218
162
135
240
169
185
240
194
96
143
17
59
17
219
75
236
251
190
208
143
21
208
153
61
28
88
106
5
212
165
74
89
150
95
256
29
21
185
172
219
5
95
59
239
95
135
146
113
218
235
17
35
135
219
243
204
123
221
11
212
194
144
74
75
74
90
81
126
200
5
223
190
182
90
55
21
206
18
74
174
19
126
112
140
26
134
87
209
205
8
211
182
206
244
203
64
123
18
80
165
147
14
21
66
147
154
90
144
229
60
243
150
20
162
217
191
34
92
212
21
237
72
182
123
95
62
20
162
14
243
106
240
28
182
21
88
206
141
14
106
229
75
146
26
3
111
229
182
194
59
25
65
96
191
18
218
50
91
108
177
123
108
57
60
29
243
17
153
234
241
171
143
74
97
99
33
93
184
206
150
150
32
50
167
84
150
84
215
204
141
154
128
3
203
87
221
220
141
230
186
50
72
5
35
174
98
130
189
79
94
107
8
136
172
97
138
185
150
69
230
37
123
104
62
156
105
243
203
182
123
212
143
141
138
203
241
21
206
50
203
194
136
17
156
128
3
98
203
140
177
74
186
250
250
208
245
244
89
236
33
97
114
8
176
95
111
28
212
151
75
89
76
98
230
126
74
245
206
153
206
84
60
14
14
154
189
247
250
32
88
126
231
96
143
70
225
150
96
151
208
229
176
156
89
228
111
221
195
31
106
94
236
108
130
111
4
59
54
105
92
55
68
185
249
70
136
98
144
229
72
182
238
95
125
194
245
245
123
125
247
14
186
250
99
134
168
253
190
121
221
41
34
60
134
79
96
188
69
191
192
151
31
92
123
17
166
205
221
59
231
135
49
104
187
141
154
229
38
246
206
27
14
103
18
194
69
245
231
21
55
62
116
134
187
113
122
31
104
14
156
61
240
243
212
13
121
92
25
123
54
223
129
3
147
212
166
208
206
81
234
184
21
106
106
193
84
225
13
46
221
225
224
26
250
190
243
166
18
59
200
92
165
75
249
8
118
87
151
191
254
76
206
105
113
17
195
230
191
16
256
34
105
134
84
249
112
221
33
229
105
34
210
8
166
176
46
241
172
229
27
169
46
175
156
231
153
250
84
175
118
46
169
107
28
88
27
87
61
229
65
89
104
105
222
190
102
1
41
160
76
231
236
144
245
90
229
194
17
24
229
5
36
69
182
18
174
229
243
113
136
79
203
111
69
53
212
5
46
219
206
210
149
105
221
203
190
150
17
171
153
125
98
71
14
107
221
54
54
153
93
118
108
251
5
237
119
113
41
196
54
6
151
50
21
113
149
95
156
161
70
236
138
238
43
186
102
65
221
81
162
102
84
3
130
20
218
18
153
126
251
194
248
164
20
81
246
81
181
104
152
200
17
138
192
5
169
103
62
14
150
52
24
86
256
174
190
90
31
190
222
182
190
62
65
141
249
190
103
87
95
150
153
5
211
185
6
253
106
112
173
129
28
243
153
12
144
188
36
110
22
39
92
102
160
253
170
34
188
229
107
57
113
203
119
254
190
165
201
237
129
169
162
188
200
182
132
162
128
186
104
74
170
245
109
20
104
241
200
253
58
34
184
20
178
104
67
21
251
170
95
179
87
194
90
70
217
246
180
4
246
203
95
71
4
170
65
69
139
223
20
78
160
182
74
179
20
253
194
206
152
188
104
239
74
227
137
47
179
65
20
90
162
201
39
95
166
248
253
57
20
186
77
193
195
227
151
218
104
107
241
109
58
81
55
39
234
5
65
160
124
191
112
194
239
169
208
190
102
47
234
44
160
151
128
20
192
42
71
200
246
91
152
203
136
203
210
112
92
144
26
67
238
195
69
33
167
186
47
81
74
57
108
34
47
170
47
174
185
253
102
119
162
194
200
151
22
89
20
180
87
121
94
171
109
169
76
179
168
194
148
26
219
182
209
253
229
66
182
94
40
168
89
142
138
84
7
236
152
97
163
107
98
20
81
174
222
102
140
212
247
103
81
22
184
144
51
29
182
193
80
163
182
26
160
73
208
13
89
164
113
168
196
103
92
108
157
242
124
10
107
84
217
152
102
75
190
176
176
124
25
18
107
82
193
203
87
176
112
168
174
168
186
130
168
34
73
171
219
169
164
132
130
8
65
138
203
25
83
164
168
208
171
20
33
88
208
168
137
197
138
115
256
190
120
130
145
182
168
221
166
209
35
96
171
168
55
208
107
171
61
256
121
168
77
69
240
39
124
168
158
164
15
146
171
88
194
35
221
184
203
157
15
178
144
114
214
150
29
136
183
26
240
222
253
35
42
25
144
35
27
224
235
146
172
195
58
238
240
131
210
133
112
96
49
1
215
168
35
124
197
136
215
32
228
64
25
73
214
192
115
199
67
124
166
137
112
55
176
95
214
22
97
10
203
88
176
245
201
88
90
203
39
42
44
76
139
42
32
164
168
233
139
256
35
83
2
220
168
236
256
110
44
42
230
180
94
147
95
254
121
186
237
16
29
57
206
158
199
232
235
169
256
27
196
83
240
83
135
4
106
190
236
250
218
110
35
10
34
28
64
77
196
194
253
5
199
193
128
214
249
136
201
168
73
136
15
197
72
10
91
15
138
240
236
196
117
64
229
25
34
124
235
55
35
240
222
176
62
80
195
146
162
77
52
174
136
107
230
93
25
174
55
40
230
252
91
39
203
169
121
95
203
101
73
78
221
171
62
208
83
52
235
149
124
250
195
31
88
210
256
67
97
74
204
249
249
67
52
194
142
40
27
256
121
134
230
179
169
201
31
190
29
67
110
120
55
253
120
170
169
162
184
219
79
52
54
138
168
27
102
170
230
228
31
176
199
11
31
44
252
26
91
240
201
240
214
240
54
169
165
136
88
228
83
249
236
33
11
174
230
102
199
121
88
219
73
15
120
134
112
35
5
175
31
166
41
237
179
15
240
8
13
192
230
52
91
29
176
4
107
38
188
144
22
194
146
170
110
19
228
221
110
13
256
112
116
203
8
138
49
252
249
25
219
29
240
91
136
235
187
121
13
236
117
8
73
39
157
42
231
31
73
256
25
230
103
140
230
35
230
71
136
169
255
238
15
97
136
170
15
77
88
170
71
44
108
62
88
3
88
169
14
64
13
77
219
104
32
163
56
242
88
124
179
25
31
238
240
88
186
61
221
115
94
174
146
158
101
161
88
158
64
116
254
237
15
204
89
88
88
232
190
97
63
77
131
169
55
253
238
10
52
199
169
9
26
91
241
236
32
196
214
133
74
255
253
221
75
76
140
8
81
186
88
256
73
230
169
100
42
169
34
130
237
44
15
184
230
168
252
144
67
34
253
250
203
152
248
164
35
236
34
120
164
25
169
39
236
196
8
41
248
111
153
184
64
167
186
117
95
186
35
162
19
101
236
83
214
242
76
117
140
12
10
230
53
117
33
29
63
38
56
228
171
88
88
159
256
117
78
178
88
35
93
114
202
101
192
192
168
256
69
136
199
76
42
81
42
27
88
171
2
240
81
63
