81
67
63
176
16
9
209
153
54
176
249
158
150
54
115
67
206
75
126
126
138
251
40
153
139
127
229
209
91
27
150
251
128
91
91
108
91
138
129
256
127
31
184
141
91
251
22
181
89
209
129
33
94
219
32
91
32
129
183
178
32
147
237
94
212
183
42
177
9
202
223
51
208
61
205
210
32
51
174
244
139
51
154
51
51
20
15
104
239
181
52
9
177
128
81
52
69
50
174
84
147
178
51
51
127
26
129
190
69
206
220
212
47
209
136
105
239
174
176
105
175
208
248
172
240
8
51
212
159
129
212
218
131
177
237
94
220
122
207
104
126
34
126
136
13
20
129
94
21
132
94
51
74
51
154
126
229
3
94
104
94
243
174
99
174
242
18
139
51
193
26
190
7
139
7
51
183
174
171
94
226
18
67
18
199
21
108
108
129
136
174
74
145
51
18
210
99
99
243
186
204
153
204
229
76
177
62
74
239
199
199
244
108
123
96
188
230
209
21
183
108
184
256
221
106
144
199
62
76
229
18
177
237
108
147
136
209
51
175
131
20
131
222
239
198
165
183
129
225
102
218
131
127
239
72
96
221
222
8
73
225
121
250
22
44
102
153
106
94
108
114
177
138
240
107
94
219
41
21
219
221
181
123
10
177
190
106
131
62
131
96
158
183
106
173
126
18
126
172
18
256
123
51
212
145
250
123
210
7
64
198
168
123
50
96
102
218
251
251
62
27
253
208
34
175
69
102
165
119
219
202
165
145
37
138
88
126
74
90
177
220
123
90
119
129
18
184
230
168
64
165
239
148
126
32
187
143
172
220
29
205
58
27
129
94
86
220
54
66
198
250
146
230
76
15
244
237
123
117
184
3
69
212
251
97
223
51
143
223
183
111
65
21
229
6
225
251
97
205
126
225
175
18
13
81
250
17
246
156
122
38
123
183
75
126
198
32
232
144
174
34
96
175
126
3
86
198
199
220
123
74
6
81
177
251
173
183
20
61
244
250
126
156
145
131
98
9
177
140
97
126
8
230
141
83
184
51
184
90
1
205
249
136
87
209
131
151
18
156
3
17
98
227
98
114
229
114
109
166
98
55
6
18
19
153
201
229
75
138
45
71
212
225
123
208
175
153
175
81
216
23
177
15
225
221
26
160
142
13
220
171
94
13
175
107
225
30
123
75
229
177
29
156
8
54
246
243
117
105
103
153
42
5
143
87
38
131
174
222
104
12
230
208
64
83
27
69
141
170
59
150
15
3
5
76
39
183
28
125
173
247
218
198
209
209
3
104
69
28
208
110
15
211
129
119
177
130
160
69
94
224
38
141
28
50
123
79
5
198
174
181
145
95
63
26
18
218
76
183
74
165
51
7
42
209
3
153
222
192
111
244
61
2
76
77
15
14
208
127
3
69
18
104
39
25
178
237
13
219
110
220
20
74
123
159
16
170
236
163
161
123
122
28
222
130
173
127
89
63
212
122
250
123
175
23
94
178
20
81
216
138
22
81
153
242
208
249
105
208
163
222
181
245
126
67
141
129
51
93
133
57
238
95
23
165
238
216
39
50
202
222
74
215
143
198
148
65
73
75
111
220
155
131
245
141
38
26
250
34
198
63
106
172
130
247
173
226
244
89
154
173
199
200
146
16
191
165
17
76
73
183
123
212
210
238
147
217
198
145
130
126
47
239
178
51
17
165
64
125
172
134
227
238
48
42
247
127
76
21
76
155
198
256
128
173
38
104
217
225
13
123
222
144
147
69
250
231
172
105
102
91
128
198
176
217
130
54
102
17
54
81
197
39
43
107
173
19
93
173
217
184
128
17
105
31
21
172
72
113
30
89
131
31
244
147
154
49
150
200
159
189
220
138
72
216
43
158
76
83
47
62
5
87
130
200
65
231
128
154
155
115
117
97
17
201
212
227
208
238
170
154
250
76
82
64
80
19
251
163
18
56
12
118
235
3
103
220
191
41
26
74
111
129
18
144
173
251
168
128
14
247
39
19
26
53
255
96
221
185
5
42
42
62
197
168
215
23
62
129
107
251
76
36
118
98
89
245
54
148
14
63
22
39
220
78
81
189
31
181
217
187
153
72
46
96
99
149
89
50
62
165
47
117
225
133
245
247
217
27
209
197
147
126
70
208
202
244
110
72
166
25
65
108
110
75
43
163
94
163
173
181
245
115
18
133
53
25
126
210
208
126
23
155
49
50
116
105
165
25
21
53
17
249
19
157
56
170
190
107
85
19
75
84
147
247
169
141
178
82
232
117
97
155
157
241
63
131
7
133
178
249
10
51
51
249
198
139
245
56
8
210
139
80
7
20
163
161
117
256
63
246
36
152
113
7
153
113
197
253
7
72
208
225
181
133
8
150
159
244
197
107
64
27
116
232
161
17
157
157
38
142
221
64
185
247
47
89
194
51
168
58
148
238
190
3
243
245
47
15
217
182
255
253
54
51
115
134
232
133
198
122
165
117
116
188
197
47
253
115
26
177
198
85
187
113
38
244
227
45
129
214
185
254
97
254
112
158
215
139
133
141
22
69
158
177
204
11
51
213
191
239
197
98
214
163
255
133
45
204
187
158
17
240
91
158
195
101
111
162
115
20
112
145
117
62
154
224
141
149
218
210
191
174
133
182
250
254
48
253
50
161
143
123
26
161
232
195
12
161
148
210
56
72
52
215
119
49
100
133
200
232
78
39
211
4
197
99
132
191
119
118
119
82
102
118
175
36
152
118
102
102
48
