31
11
146
236
137
42
60
80
84
31
135
135
236
172
172
135
162
49
176
84
172
135
236
135
202
35
172
147
214
52
55
203
138
176
176
187
211
39
150
28
135
33
138
138
135
176
199
84
229
28
252
80
176
59
25
204
150
228
66
83
199
59
28
59
176
150
83
33
197
91
33
84
86
196
69
196
196
84
106
33
219
176
252
26
106
110
67
111
66
150
216
28
162
59
174
111
122
17
31
250
86
196
84
106
106
203
109
66
59
35
111
39
43
97
66
170
80
195
213
167
181
213
162
170
32
176
250
7
26
109
75
110
162
194
128
141
106
111
162
127
91
150
226
27
86
231
211
38
231
174
205
17
117
42
13
109
13
229
70
243
229
227
53
216
13
189
183
122
99
242
39
196
218
186
195
165
216
194
94
39
137
97
39
115
128
72
228
201
6
220
212
165
235
220
229
87
42
164
39
189
219
212
17
212
171
154
39
111
13
181
212
60
183
203
44
2
145
249
196
209
106
209
165
12
196
69
253
7
145
194
212
111
169
197
66
76
147
145
145
59
212
86
219
189
17
97
212
182
240
141
70
70
203
79
129
70
95
94
224
145
225
106
66
195
66
209
140
124
106
61
151
96
114
214
137
122
7
54
94
5
90
95
245
192
66
40
220
82
74
66
54
60
235
48
41
111
216
178
51
196
173
60
122
204
222
140
228
231
79
137
240
75
13
162
157
92
219
166
191
196
219
178
76
120
153
212
44
66
94
198
14
99
240
27
111
66
170
214
126
171
174
137
49
57
118
222
66
230
187
188
66
151
165
195
178
15
144
131
26
19
79
170
95
224
28
10
203
12
135
196
237
136
184
174
220
160
169
111
54
220
213
171
203
94
25
1
77
131
207
149
61
226
14
86
141
86
120
217
70
12
120
5
228
66
164
15
94
78
164
235
163
60
57
195
176
131
214
111
171
192
117
12
175
57
32
108
13
56
94
136
64
208
135
88
166
235
34
238
118
39
220
57
54
35
174
129
238
126
219
200
39
238
210
12
254
190
9
235
94
111
178
192
129
110
192
64
86
111
58
96
10
132
220
12
222
238
184
178
112
56
54
74
106
104
10
192
70
70
114
141
235
240
96
203
10
106
5
26
183
77
134
243
118
189
10
175
106
249
184
79
79
79
192
192
117
243
218
57
220
170
187
184
116
86
17
186
158
131
39
220
12
231
219
227
236
220
171
208
190
97
219
1
209
31
25
52
178
131
230
195
175
235
189
117
55
1
177
238
111
217
222
115
169
108
14
184
230
12
183
203
106
120
97
192
228
11
131
114
75
111
111
180
35
39
44
148
118
85
9
236
241
175
124
220
1
70
236
192
137
241
235
124
114
124
189
15
2
228
117
28
44
132
12
192
115
77
236
214
11
117
11
131
220
97
106
86
44
242
102
184
192
64
86
228
178
136
44
12
192
235
115
196
187
223
252
149
32
8
229
12
111
14
196
222
111
132
134
124
217
39
102
207
177
117
149
220
234
181
70
236
48
144
104
131
84
111
203
187
70
34
134
206
228
92
201
129
32
139
235
166
131
110
12
99
131
15
201
21
184
64
190
220
54
86
79
117
153
230
94
114
44
64
102
14
145
134
114
192
235
86
254
235
79
190
175
104
198
184
228
239
79
250
132
104
207
57
248
97
196
94
58
77
76
197
64
171
171
44
236
111
235
25
196
196
175
113
39
1
78
176
175
9
32
118
24
107
72
111
35
10
88
106
131
15
248
206
235
79
10
60
56
235
88
216
215
77
137
77
5
83
214
131
248
114
76
5
178
182
86
84
138
44
242
114
109
120
228
19
131
64
25
142
220
131
111
117
248
228
212
48
70
166
240
170
177
169
44
109
64
149
131
33
10
141
80
78
248
28
184
196
76
192
228
120
117
178
1
79
222
178
114
223
42
1
39
106
230
3
79
15
192
84
17
192
73
117
164
99
15
235
238
235
117
59
73
137
207
101
10
180
76
70
13
102
32
196
124
137
44
39
240
116
31
108
114
101
124
183
101
157
12
42
9
64
132
219
25
96
192
48
248
3
189
145
249
228
76
131
48
3
235
230
192
70
23
131
9
44
124
236
222
228
9
26
79
239
200
204
194
39
85
108
210
134
105
76
206
60
197
192
93
35
25
140
255
158
216
210
131
34
52
149
196
48
131
219
170
33
19
238
196
54
137
31
117
105
181
99
97
114
196
223
181
64
40
44
154
35
166
184
94
197
94
12
60
145
250
13
3
70
102
120
39
33
26
219
219
37
7
22
230
74
214
238
216
48
57
174
126
110
64
139
114
131
193
27
168
69
17
131
237
105
44
244
243
109
226
134
195
186
103
91
170
185
215
100
181
102
228
131
237
252
9
26
24
236
35
34
79
239
192
178
109
149
14
113
94
58
217
192
137
190
215
95
110
181
60
32
216
236
181
212
15
160
166
91
235
196
60
161
174
112
44
106
124
220
94
159
37
241
220
48
134
76
194
228
139
192
82
120
14
117
217
20
235
24
85
219
111
114
54
24
45
249
131
154
217
114
117
228
19
137
174
212
175
117
222
228
116
117
27
19
114
181
12
114
228
107
196
228
94
64
124
252
15
227
99
54
174
169
115
37
12
201
86
184
114
207
163
64
231
106
134
210
28
141
32
85
83
117
170
192
111
61
54
140
25
248
201
42
20
52
230
207
60
12
248
169
114
48
102
192
141
178
124
238
67
254
140
86
12
228
247
189
132
230
137
42
84
62
142
210
185
53
117
57
232
79
60
109
100
238
196
70
228
31
128
192
47
178
249
161
215
117
32
2
108
255
76
201
253
93
256
9
245
2
56
153
240
207
45
210
149
70
15
176
76
159
178
86
25
27
236
230
94
238
43
172
102
149
77
192
145
25
97
176
219
228
132
186
65
196
214
228
145
37
197
222
217
161
192
131
10
9
196
56
235
15
230
105
207
72
108
111
29
69
255
82
35
230
181
256
110
63
63
67
225
35
153
131
37
25
128
163
192
172
43
168
149
253
69
79
196
53
117
74
197
230
37
189
76
61
163
37
183
39
8
157
86
34
32
196
139
114
79
134
192
102
192
37
37
158
111
230
130
64
56
157
94
201
45
29
255
9
150
256
223
228
44
190
187
25
17
169
196
203
222
207
39
197
233
230
114
35
27
197
149
13
86
114
91
222
146
70
12
15
29
203
135
199
72
102
157
167
252
83
74
44
94
37
228
192
18
32
168
236
116
75
104
167
105
219
77
163
10
42
157
87
197
54
247
186
53
120
235
3
238
25
129
97
230
238
9
199
228
26
145
42
69
256
201
218
94
196
192
39
10
207
192
39
12
182
95
192
111
124
116
19
10
256
115
137
111
14
182
13
192
64
131
106
197
107
132
220
88
3
64
9
189
39
170
178
77
70
246
196
131
45
215
32
92
230
255
14
34
78
220
9
161
121
114
79
91
26
199
256
9
163
226
230
137
79
210
199
133
86
114
114
230
155
19
231
81
158
104
127
45
178
95
102
124
235
88
137
206
105
228
117
86
64
144
159
57
171
83
147
222
25
190
39
135
157
111
195
120
13
255
189
228
248
25
220
137
147
214
6
33
42
69
111
14
57
135
124
218
87
171
69
95
180
53
236
27
222
192
189
182
14
213
171
169
161
77
212
172
130
189
45
137
197
25
204
79
155
63
169
117
70
214
79
45
120
12
64
121
150
157
160
26
133
65
44
35
134
67
31
176
157
63
147
187
131
124
10
181
242
127
103
196
228
34
201
79
201
195
137
157
180
187
116
217
14
32
228
192
232
83
56
182
182
137
135
60
54
255
114
124
6
172
192
192
114
137
84
176
238
192
146
228
2
22
69
144
37
242
73
123
171
190
25
14
197
120
155
15
61
229
74
255
79
161
75
60
70
35
193
138
238
161
255
120
79
45
116
55
238
83
33
221
255
124
248
210
45
255
189
137
190
157
10
174
237
79
204
176
69
37
129
256
69
163
39
131
79
111
64
134
218
104
203
242
256
131
37
105
210
149
64
82
76
44
216
33
181
204
40
124
230
186
44
103
239
172
242
12
144
181
91
220
228
203
235
192
110
245
214
72
100
201
103
39
34
249
131
213
91
10
135
170
21
186
14
216
187
211
35
102
157
33
149
124
124
190
56
223
79
26
238
213
99
247
219
239
214
137
214
13
65
147
91
40
155
203
196
39
179
14
14
220
120
64
60
11
