138
7
138
243
117
7
243
117
95
40
166
143
95
7
135
249
231
176
40
40
177
97
128
128
143
88
243
97
83
84
143
87
55
97
55
7
55
243
75
130
15
55
222
177
162
116
138
143
7
174
138
150
97
27
174
58
80
58
138
162
183
16
170
36
183
205
67
166
239
97
243
42
164
175
143
252
35
128
87
33
7
143
186
143
80
160
194
87
47
51
239
150
174
177
194
165
75
184
80
67
191
40
42
183
177
151
209
162
231
41
194
211
75
209
87
39
114
206
186
33
67
59
71
143
203
97
161
205
151
136
203
182
75
143
80
113
237
190
41
211
203
98
230
168
128
47
151
75
87
58
128
243
250
67
203
75
75
240
27
151
91
31
174
243
182
162
136
165
107
138
136
146
183
87
186
153
96
166
251
233
89
51
135
182
165
162
165
182
240
240
66
136
236
183
236
91
186
144
151
87
160
183
95
18
32
204
95
222
150
151
208
109
18
231
182
150
40
2
59
28
206
55
239
165
231
256
66
211
136
222
211
39
239
84
75
243
124
40
50
41
75
83
27
168
128
65
87
26
206
204
225
58
95
15
130
30
171
136
98
97
42
26
191
166
206
18
256
150
7
214
217
124
113
225
80
113
250
143
181
253
31
155
113
231
41
225
84
87
121
51
209
150
196
90
206
203
211
95
239
87
40
235
231
184
75
11
76
177
109
29
26
231
237
252
212
191
256
103
52
40
84
61
128
127
40
250
205
81
200
200
141
151
84
87
174
242
31
246
182
92
240
98
59
83
126
96
80
128
87
162
143
33
61
119
141
212
208
138
26
231
95
59
130
21
33
182
221
61
13
243
176
132
222
205
113
7
140
13
18
75
17
210
239
1
124
88
61
31
256
43
126
251
250
94
80
210
77
204
130
238
141
88
217
40
194
126
87
221
128
16
186
147
114
182
231
229
229
205
29
88
18
50
243
95
222
174
150
154
166
105
113
26
130
165
182
252
200
174
32
110
66
165
239
145
66
203
87
243
109
76
214
191
113
174
61
151
228
135
139
87
26
238
18
84
200
41
88
256
130
76
224
217
87
141
102
107
84
204
136
92
199
121
147
217
245
200
175
95
124
217
46
88
26
177
147
231
97
84
74
41
205
150
21
17
87
231
7
7
24
40
164
118
8
34
80
22
244
61
184
40
71
224
25
113
46
229
80
203
170
40
243
3
193
246
77
225
200
156
170
61
136
208
33
205
243
26
130
165
36
21
144
231
113
128
113
17
203
7
13
1
231
33
237
31
226
76
217
123
88
168
172
21
206
95
165
25
39
172
104
252
101
165
55
107
176
128
88
87
17
143
225
164
33
15
208
57
27
114
82
105
146
222
225
231
244
199
148
224
114
127
190
33
147
171
172
18
17
192
90
87
237
66
80
35
150
231
126
180
52
58
184
33
136
229
187
46
154
197
138
97
184
102
84
229
182
81
203
17
242
222
42
33
80
3
82
95
256
207
114
181
184
18
40
73
128
211
80
201
64
150
189
99
95
113
50
17
83
79
182
136
65
68
31
175
118
92
132
185
122
177
18
105
31
87
138
16
94
25
221
36
6
9
63
136
55
31
118
212
229
59
203
54
192
185
79
88
222
89
130
74
217
27
87
211
208
146
132
184
5
152
60
252
200
40
182
237
171
83
139
233
26
47
91
165
153
34
139
256
177
231
206
55
205
42
60
98
205
40
182
168
21
15
88
43
36
145
217
67
154
229
177
89
92
251
73
95
140
14
205
242
248
14
60
212
72
177
28
182
177
185
164
51
256
58
231
240
40
61
17
256
33
237
30
249
156
42
83
28
88
182
229
239
63
169
166
216
96
206
40
6
58
239
217
49
31
207
251
153
150
156
189
65
165
154
135
130
251
108
183
128
228
121
21
247
153
177
28
229
154
254
170
200
228
31
174
185
185
118
227
131
94
182
21
235
20
174
194
116
242
65
129
67
24
75
13
164
128
44
1
24
21
116
228
123
229
99
104
5
67
77
40
130
107
106
92
83
150
3
210
239
141
77
107
229
36
191
147
144
114
245
136
156
81
183
225
102
84
79
195
8
51
93
246
229
146
194
184
31
9
95
79
107
33
101
25
10
160
61
88
51
171
168
95
66
25
171
33
83
134
121
90
13
58
95
35
204
177
123
253
110
33
74
217
128
227
184
55
229
205
90
109
88
27
209
33
53
134
74
109
236
224
127
35
134
93
59
61
226
204
3
107
211
237
205
62
119
136
101
77
150
9
61
150
135
81
88
154
88
89
206
40
149
134
235
81
30
128
118
33
140
115
22
15
150
105
21
132
122
114
239
203
246
35
166
92
204
175
7
107
182
40
4
117
235
243
17
134
184
17
62
25
138
202
176
208
41
41
208
33
17
166
82
92
128
129
60
216
30
42
17
30
118
71
59
122
14
162
1
65
227
7
180
113
153
141
205
19
141
37
171
150
245
158
211
44
28
11
118
172
87
194
217
8
220
99
94
16
226
138
98
126
21
122
33
139
2
180
104
252
88
208
221
205
187
152
150
244
184
197
205
110
256
184
229
73
41
244
189
94
172
33
164
159
118
152
27
208
113
247
5
147
43
230
93
42
250
136
62
93
42
3
109
145
42
153
132
180
16
156
183
235
47
209
14
69
171
72
5
184
150
226
33
171
67
190
58
182
229
25
229
184
27
172
200
87
221
198
3
6
132
164
59
205
77
47
254
10
172
21
250
199
126
91
217
59
222
4
61
54
39
36
183
172
89
132
22
243
59
15
26
8
15
95
96
7
61
183
171
62
243
150
235
190
58
135
199
175
59
174
55
187
61
52
17
183
184
226
100
188
191
14
120
131
235
118
253
54
191
88
59
196
80
26
243
243
252
256
31
245
74
156
211
117
184
13
168
160
135
217
135
207
25
184
184
80
194
165
105
83
43
153
28
59
154
235
33
138
76
31
139
47
184
184
83
186
197
22
226
197
159
221
55
168
235
77
135
135
14
160
161
67
239
228
203
204
69
15
75
28
33
191
131
76
118
107
174
235
105
58
229
83
16
206
156
2
40
83
43
202
171
166
228
235
131
224
138
8
80
50
125
21
96
118
18
246
77
50
18
248
107
240
224
184
17
184
226
66
95
187
95
7
68
1
17
205
107
150
83
151
15
207
197
243
239
187
36
195
92
135
119
169
80
124
177
109
132
24
185
235
226
14
177
162
14
27
236
119
39
112
249
217
212
96
150
203
118
66
187
97
195
13
160
30
231
110
239
185
99
118
206
167
217
146
240
161
184
235
236
217
59
177
237
135
131
115
134
226
60
14
250
242
239
118
3
229
239
71
19
171
222
185
77
109
59
220
213
108
35
5
227
24
179
190
217
232
58
33
14
127
252
23
171
10
132
147
226
141
216
89
242
131
54
142
195
161
120
191
33
107
180
224
26
54
242
162
118
235
214
184
34
17
163
96
174
132
88
234
15
187
170
53
24
40
88
92
78
17
27
52
28
2
201
152
160
2
126
235
235
36
73
184
220
186
96
165
107
239
181
58
219
168
239
228
40
9
239
91
255
77
185
76
231
83
20
92
81
7
184
41
184
97
200
224
245
107
139
221
107
240
164
124
67
237
229
251
67
95
109
224
141
212
138
89
41
24
214
42
159
91
3
229
132
249
202
54
14
153
200
210
36
87
214
240
2
175
254
111
43
1
77
254
25
158
33
77
224
94
94
68
187
27
107
8
174
95
141
28
56
11
184
7
162
27
136
196
195
190
36
100
10
235
226
35
97
28
29
212
138
115
149
59
131
191
24
122
213
52
78
6
234
146
100
59
113
138
20
235
40
1
20
97
182
17
98
249
129
255
139
172
136
208
13
250
47
172
207
59
212
137
132
94
198
31
224
33
124
120
190
10
207
255
241
40
107
227
36
27
143
149
87
254
221
15
203
132
179
171
39
67
18
107
161
94
47
236
49
13
255
3
1
120
24
158
96
77
2
119
172
132
96
7
200
229
184
150
160
141
231
212
226
191
77
224
121
59
92
31
235
39
127
95
109
212
3
87
35
72
104
235
1
231
224
197
109
30
105
37
190
24
105
119
138
240
211
81
1
125
186
2
132
2
68
54
77
203
92
175
252
191
187
164
149
43
162
235
124
97
1
223
204
62
24
3
52
210
229
242
34
5
5
240
115
15
138
226
205
171
187
191
153
130
158
1
187
30
79
64
210
144
254
171
118
106
221
163
13
210
131
132
235
186
146
184
246
13
118
22
109
8
25
255
115
159
89
207
91
195
187
126
17
24
217
191
22
135
95
223
108
168
187
213
3
3
174
142
59
171
69
30
87
34
60
244
77
200
245
171
171
251
83
256
198
187
14
24
30
119
49
205
14
212
31
232
200
197
76
56
213
216
2
199
23
119
90
22
9
226
216
224
3
242
3
14
150
58
58
14
96
17
225
58
241
94
190
43
240
195
218
66
182
5
150
243
153
110
163
71
180
229
87
147
18
118
162
40
87
118
235
210
155
81
90
205
1
146
5
132
216
191
229
15
53
192
226
21
119
15
32
144
223
5
108
127
141
225
109
90
234
195
180
206
211
153
226
17
108
166
34
216
97
121
15
70
28
186
153
232
184
119
171
184
223
14
166
250
121
195
90
13
113
81
17
195
2
212
33
22
68
198
144
73
229
191
49
92
138
59
192
142
221
142
92
187
190
191
166
6
96
188
254
77
170
82
221
65
58
36
53
8
227
167
10
219
36
166
41
218
28
93
28
150
208
49
2
147
37
219
69
250
47
74
146
36
229
216
216
228
224
56
74
224
92
163
217
150
47
197
198
55
49
29
58
28
188
255
122
188
58
178
233
212
120
90
252
76
187
167
188
21
235
195
255
56
170
156
60
58
65
206
250
61
171
96
74
108
251
186
201
59
31
131
2
162
34
254
145
251
49
119
69
99
234
121
50
162
108
50
59
100
27
242
191
191
182
211
5
53
229
17
28
226
17
20
88
90
216
211
6
24
32
252
34
139
198
119
206
100
127
119
74
100
69
95
1
223
256
150
76
244
174
229
82
74
90
42
184
35
97
172
150
211
182
103
218
244
52
120
97
49
97
229
21
65
107
217
21
119
238
192
184
208
53
246
20
9
131
129
29
107
172
69
198
150
105
52
207
158
96
224
119
17
52
76
43
203
99
119
49
119
1
118
4
125
168
186
188
184
135
211
224
90
207
50
78
110
171
109
212
141
17
100
14
192
200
139
232
150
78
187
73
151
50
107
48
13
73
100
141
91
119
53
200
9
142
196
78
92
107
244
33
236
250
36
36
229
34
135
253
245
255
74
36
174
22
168
200
9
68
159
150
229
52
37
107
73
53
67
43
245
5
28
93
147
230
84
139
211
245
58
18
58
139
78
80
244
33
36
193
239
200
73
151
68
199
166
53
135
197
229
111
68
78
132
235
63
78
47
19
214
107
43
57
229
216
199
130
229
174
68
55
37
151
139
57
78
150
26
16
31
65
8
222
222
222
246
68
43
193
243
224
250
245
65
60
11
32
249
186
204
200
60
16
253
255
250
82
53
200
144
150
245
65
92
188
54
171
188
246
68
211
43
6
196
43
117
34
250
120
114
195
224
220
20
84
94
195
200
99
5
197
4
97
244
30
253
132
65
245
68
205
125
65
44
245
245
33
187
226
107
111
58
134
186
196
68
255
157
236
145
200
246
59
57
171
172
250
5
5
125
149
196
81
224
3
229
223
68
233
200
206
100
226
211
50
112
96
145
188
87
107
32
40
33
137
68
200
126
139
113
222
141
89
107
195
89
47
40
13
231
227
49
130
197
38
107
148
195
31
191
193
253
110
11
173
229
200
132
94
82
9
77
45
200
241
40
1
97
78
113
145
88
211
79
188
9
210
228
43
153
193
109
47
94
19
229
7
229
230
171
254
90
71
158
36
119
127
124
30
99
149
80
99
114
41
40
19
79
6
8
57
53
209
88
68
15
198
197
80
2
54
154
54
226
88
152
136
152
234
171
100
186
199
151
163
26
99
119
99
226
27
187
30
96
116
249
90
5
197
193
216
60
90
116
134
78
65
61
26
78
45
234
78
78
216
198
