73
7
151
75
162
162
71
75
208
7
80
162
73
86
184
176
183
162
31
202
204
213
162
111
84
176
80
7
204
31
73
150
112
176
7
84
163
230
162
73
84
162
111
106
9
73
166
84
31
75
59
243
202
199
126
111
7
209
6
150
230
111
163
84
52
73
163
111
141
111
202
7
71
199
111
115
51
208
80
72
112
111
131
124
176
80
76
204
80
162
77
80
174
55
126
12
149
75
162
180
202
126
77
155
84
64
94
238
155
126
111
232
202
149
126
76
112
238
12
209
230
230
147
80
62
7
7
123
111
243
80
162
73
88
189
186
12
126
36
111
46
77
88
80
80
40
189
76
129
76
163
126
238
88
189
12
46
238
27
52
111
112
162
12
99
153
36
112
87
26
177
27
12
155
87
57
11
157
98
36
27
249
90
106
57
162
12
36
73
91
186
57
161
98
176
12
94
85
76
10
79
238
85
26
253
77
157
99
98
229
98
126
111
160
184
163
77
91
85
140
174
163
163
160
18
111
86
99
202
174
174
174
31
26
235
225
31
99
79
79
85
184
242
1
86
166
111
56
105
229
34
126
99
76
249
11
64
18
143
161
184
201
202
239
60
64
202
161
84
161
192
71
184
85
230
12
41
82
71
85
160
76
176
12
216
112
251
72
72
177
119
184
174
86
196
34
85
12
23
111
84
72
222
119
85
27
170
119
86
155
7
10
119
162
56
26
238
202
42
120
202
106
107
119
72
84
21
189
140
56
72
12
73
71
107
213
201
107
155
106
242
163
202
111
42
72
202
202
231
151
131
119
86
231
120
191
56
177
42
155
72
215
192
99
177
50
207
201
11
131
47
204
157
31
249
256
76
111
42
214
46
99
218
231
220
190
84
155
85
228
10
155
215
50
44
157
112
114
155
31
213
120
166
112
111
53
161
72
119
112
111
85
36
155
190
115
44
85
163
72
30
106
88
111
107
39
157
161
201
119
48
107
106
115
12
23
117
196
111
98
133
42
163
76
111
44
111
148
111
209
155
31
119
85
80
114
85
124
86
123
114
216
82
50
148
133
60
132
23
216
84
23
159
155
23
133
161
228
111
207
85
42
23
161
149
82
76
53
82
238
34
162
111
157
111
114
148
202
79
200
161
56
115
79
85
34
42
112
42
50
133
30
23
12
64
148
191
72
90
148
56
192
12
191
56
111
85
23
21
148
56
111
213
119
161
242
23
112
232
192
216
157
155
85
75
232
157
249
111
12
133
215
231
209
82
159
148
111
60
155
21
48
213
191
133
215
155
31
82
202
45
82
192
111
56
131
85
155
208
191
48
191
213
163
155
232
23
159
99
148
115
191
161
12
107
91
256
213
214
208
218
45
213
155
12
26
157
82
82
53
193
111
26
219
191
97
62
86
157
214
82
48
110
208
189
238
148
148
213
54
88
174
88
82
31
27
82
97
56
148
151
123
132
213
153
44
191
202
225
82
213
82
225
120
23
225
157
249
225
53
251
202
230
239
189
239
232
26
175
155
218
232
157
148
48
157
239
32
48
86
202
141
48
189
232
82
232
218
155
163
44
45
249
159
256
213
50
148
202
157
25
42
249
133
190
88
157
