231
231
231
205
205
205
205
87
252
74
54
150
15
150
17
74
150
17
252
162
169
102
177
248
121
114
40
222
7
208
177
22
61
247
222
102
195
177
229
211
61
40
172
92
13
65
83
132
138
177
222
81
147
211
174
230
252
195
81
168
169
136
147
63
17
132
174
41
166
222
248
92
55
108
22
41
17
165
144
13
55
97
63
123
28
41
229
1
123
87
80
190
97
208
40
31
220
22
104
87
129
165
129
87
77
174
27
8
87
165
129
79
138
3
208
177
151
165
89
212
3
184
184
94
104
97
103
194
225
5
208
164
128
208
40
216
251
84
168
87
229
226
211
205
174
177
123
84
136
95
190
30
209
51
123
48
121
132
108
17
138
165
75
123
83
138
102
177
51
129
71
123
129
75
51
18
17
51
199
41
164
212
156
165
122
51
69
75
75
126
224
123
186
75
75
168
26
165
103
114
87
168
138
118
229
87
126
122
224
138
5
83
87
102
135
156
113
90
8
209
217
138
206
206
199
17
17
142
138
184
216
92
87
153
62
183
94
123
129
158
109
174
172
67
138
30
109
62
165
29
87
143
132
127
242
58
3
118
198
94
229
126
66
51
256
87
194
164
246
118
249
126
138
9
129
129
211
62
165
147
129
231
18
156
147
138
89
147
74
187
98
9
153
178
5
43
29
187
63
147
51
27
41
152
58
173
212
243
217
16
147
174
209
65
127
83
122
41
29
125
21
9
108
162
140
150
17
123
142
156
165
177
123
141
132
147
220
29
251
141
182
208
209
73
182
182
164
249
71
28
147
109
156
19
86
29
123
160
184
3
92
204
67
51
253
51
173
109
184
71
16
51
105
204
51
173
165
66
217
123
51
75
51
95
171
122
132
74
64
209
160
118
41
33
172
165
51
160
78
250
37
105
87
165
122
125
51
204
49
150
109
216
165
211
15
171
75
209
9
15
105
32
109
156
62
246
98
144
104
160
107
98
160
211
123
173
147
9
51
118
8
212
243
38
182
226
114
51
184
18
43
132
51
63
16
165
193
78
118
37
147
75
136
127
246
20
20
51
16
92
109
177
229
245
105
177
106
38
62
154
32
211
94
51
109
34
186
241
150
171
234
62
154
14
178
246
136
94
209
118
189
15
67
19
150
246
171
3
49
212
109
192
51
138
154
141
154
246
135
19
208
160
177
217
227
216
185
6
177
217
198
189
118
118
222
122
63
174
92
92
217
165
112
41
106
106
109
246
182
123
151
104
107
18
144
209
184
184
58
123
106
80
50
15
6
200
148
206
113
123
113
38
148
128
14
243
71
32
174
118
246
104
50
153
38
123
51
211
207
249
55
50
118
243
117
107
62
173
207
171
166
228
197
37
113
123
75
222
63
3
40
92
71
240
153
59
222
206
219
246
168
16
40
154
54
182
186
17
106
207
173
171
246
240
6
206
35
174
37
138
132
190
65
71
95
211
156
98
173
97
32
153
224
54
205
47
10
59
3
65
133
3
243
54
51
246
171
97
146
150
109
7
133
54
171
150
3
166
169
107
145
123
121
134
123
54
171
186
189
133
110
54
54
168
208
177
211
35
248
243
82
208
248
180
168
168
17
243
231
168
109
208
171
18
121
171
171
171
246
184
16
168
234
75
168
171
156
194
188
136
3
166
66
211
142
112
92
209
24
108
216
168
51
171
63
145
112
21
50
181
54
122
195
209
10
4
219
130
231
130
173
171
85
177
92
92
106
208
160
58
186
246
94
3
208
17
69
49
177
165
24
107
198
177
69
135
186
54
223
246
134
17
168
171
30
25
160
247
32
168
171
3
36
246
208
4
13
248
76
171
168
44
247
255
200
31
177
3
236
19
207
221
171
55
135
10
177
171
123
208
219
171
58
13
236
97
32
229
200
208
173
249
24
237
177
106
224
169
141
142
171
29
92
169
198
109
195
173
24
122
106
25
54
154
166
252
122
171
245
252
197
168
256
24
122
168
69
22
246
217
24
227
141
209
226
31
171
208
166
174
136
166
22
190
254
241
28
131
138
188
168
219
67
19
203
171
200
145
208
240
217
131
58
209
194
169
91
188
134
139
69
34
154
106
188
252
122
92
132
234
29
106
22
190
89
6
180
144
22
99
143
25
213
89
83
198
171
181
89
140
246
169
37
207
148
89
158
242
69
238
110
240
28
252
171
85
245
121
76
48
130
251
99
75
133
20
208
188
44
205
207
240
197
185
4
136
189
216
154
99
168
154
49
252
168
196
181
197
37
92
220
240
174
255
148
171
142
190
89
162
163
122
40
224
161
171
99
78
33
252
131
73
151
170
4
162
122
122
229
122
224
46
82
251
47
22
46
188
4
53
85
205
247
245
202
188
