225
225
225
250
220
145
250
220
225
60
106
106
91
128
105
237
214
106
98
76
55
76
128
91
105
220
13
128
76
219
128
38
105
237
141
119
123
55
211
76
123
219
211
105
250
206
128
119
237
238
206
250
105
129
221
28
168
27
212
28
123
76
81
192
238
168
87
14
28
28
90
90
66
131
20
229
105
92
153
200
200
243
172
221
131
47
175
4
94
187
217
214
66
99
87
119
123
16
58
14
206
150
226
96
94
123
153
187
128
200
206
206
250
119
47
64
154
20
179
239
99
223
174
119
126
126
221
17
175
94
122
125
239
239
13
128
174
175
149
171
34
37
211
254
119
118
76
37
46
17
13
37
249
37
206
177
28
46
120
64
130
17
20
167
236
223
96
163
211
16
175
131
163
67
46
46
17
17
239
234
43
119
125
24
179
119
93
130
123
173
90
116
13
224
217
205
98
249
9
140
171
79
41
127
37
152
90
237
245
244
113
149
245
43
125
125
192
223
105
178
97
17
251
16
6
182
185
236
118
21
37
239
212
93
21
113
108
83
120
16
2
14
81
175
139
118
223
192
16
37
205
152
47
71
234
64
207
179
71
98
223
57
197
120
164
97
100
171
125
105
102
187
206
152
28
57
245
13
106
90
164
100
152
64
227
192
204
191
227
156
44
234
118
224
254
236
55
180
164
223
191
67
20
224
6
167
173
224
64
245
197
220
28
13
79
229
97
173
152
152
125
79
216
192
224
111
111
38
63
201
63
238
13
224
180
235
120
93
86
201
14
74
6
110
46
123
81
37
187
125
187
114
191
132
3
224
45
136
227
119
192
110
131
173
37
54
61
217
121
179
68
6
4
6
109
188
245
94
68
24
79
245
182
217
37
118
9
171
189
196
58
41
188
243
150
239
189
6
172
114
71
6
229
86
93
192
167
190
196
60
142
83
139
68
188
187
76
89
60
224
132
28
69
34
34
79
217
88
128
93
26
137
119
173
188
173
43
190
43
77
118
125
28
156
49
173
152
220
37
61
24
40
14
93
139
37
68
6
76
110
111
188
126
167
188
68
65
83
45
114
91
219
37
93
43
194
246
37
37
25
192
34
15
245
105
113
27
28
34
24
178
3
3
119
36
212
179
187
93
188
241
120
57
211
93
124
239
147
193
69
173
171
28
37
173
60
28
156
245
110
93
88
194
129
22
13
219
171
156
173
28
206
228
128
5
134
13
41
124
61
86
171
68
124
43
8
47
116
25
126
116
151
37
198
116
171
68
153
36
14
155
28
118
50
110
108
191
13
106
227
205
5
13
37
226
256
229
227
68
37
190
68
106
206
20
110
47
188
128
68
93
224
37
242
27
65
252
235
171
116
47
18
167
211
18
43
249
248
171
43
217
172
200
5
50
113
123
150
69
70
171
93
34
128
173
239
125
13
168
37
44
105
15
2
45
110
93
125
109
2
10
188
206
249
24
151
145
24
116
128
139
242
234
237
168
55
68
69
113
69
245
44
37
173
37
224
171
173
49
192
229
123
233
150
54
24
150
37
2
28
120
2
224
141
171
63
30
68
171
24
25
71
229
37
200
150
224
226
43
150
124
1
217
239
125
13
169
44
106
40
8
217
49
36
17
180
37
63
17
116
18
71
224
28
188
105
233
180
2
112
37
37
188
171
26
77
93
65
225
153
123
245
10
37
20
227
93
65
236
37
171
98
248
28
147
245
84
115
112
171
128
37
90
68
83
203
73
115
24
83
224
229
171
68
178
224
70
171
77
14
107
19
245
200
200
226
63
38
13
105
150
1
100
55
185
28
144
65
77
246
103
200
171
239
82
37
76
58
121
124
25
112
224
150
224
20
245
238
200
179
13
217
171
144
37
147
147
224
254
38
108
49
124
108
81
119
117
245
105
27
118
43
151
37
17
235
188
87
79
173
37
200
233
93
200
65
96
200
105
235
38
103
200
224
224
139
224
171
47
64
92
167
188
76
38
24
37
43
180
31
180
133
55
65
94
173
200
224
29
132
68
43
113
49
68
31
199
105
206
249
43
200
55
38
144
185
242
122
86
241
171
171
38
91
33
37
44
152
171
20
180
171
43
205
233
116
234
65
81
123
43
93
160
152
141
40
173
20
139
99
65
91
173
43
137
173
38
14
130
105
37
43
185
118
206
92
171
175
24
43
151
82
105
37
73
113
94
200
167
206
105
154
191
200
124
206
229
20
106
139
171
33
196
43
38
83
171
250
92
142
241
187
210
49
142
150
171
198
68
224
158
210
92
234
116
173
33
150
118
118
188
40
171
217
167
121
167
200
152
79
244
113
141
171
113
233
141
206
113
125
43
89
47
20
198
173
249
224
142
83
19
230
168
106
173
8
105
43
121
142
47
43
229
200
24
43
113
171
141
198
224
20
173
224
168
200
173
253
8
229
229
108
200
229
30
200
141
185
125
173
130
89
92
96
60
200
229
198
113
47
229
173
96
30
173
180
47
224
217
20
119
119
223
119
130
152
168
234
191
113
113
111
68
244
89
113
201
47
108
5
198
119
152
135
119
130
234
119
156
49
130
244
47
119
201
119
187
156
8
46
36
187
180
137
92
191
47
119
107
1
119
130
1
173
152
107
152
224
179
152
58
156
234
191
201
119
241
20
224
173
191
