97
240
97
205
205
229
80
194
222
165
214
208
58
80
162
177
208
112
40
222
75
181
205
229
31
249
240
222
88
169
181
112
169
75
240
146
209
80
170
88
146
205
29
209
121
58
36
205
169
146
208
108
170
177
186
190
29
55
75
222
146
160
182
59
31
177
209
21
194
84
208
252
88
170
195
166
113
115
177
177
112
243
208
50
162
88
186
186
208
194
27
36
121
36
62
146
208
27
249
204
108
177
25
88
3
195
176
7
31
180
31
35
121
29
75
59
244
176
65
3
84
28
231
50
150
35
231
27
208
252
243
150
75
130
36
62
249
164
108
186
150
62
36
29
162
253
8
84
206
162
151
231
121
29
170
88
89
113
67
7
88
151
29
107
186
7
166
194
244
137
80
108
84
59
239
50
194
8
231
84
209
121
16
231
151
239
222
95
199
195
253
236
209
182
31
36
150
73
67
101
59
166
214
73
107
166
31
152
98
121
67
75
180
179
222
27
36
71
80
40
67
160
190
115
253
98
249
199
183
112
181
184
249
54
108
176
183
208
25
170
186
194
98
169
40
95
50
208
7
62
204
112
253
208
66
28
115
206
252
27
144
213
83
130
107
225
75
231
204
244
128
17
177
13
163
40
251
204
113
88
204
40
67
239
112
115
75
166
36
8
176
225
94
194
176
195
62
253
114
144
243
55
40
146
36
181
113
107
180
29
41
160
177
40
84
176
244
222
205
123
170
54
115
239
208
151
29
249
62
150
204
62
50
130
83
27
194
205
172
206
29
108
169
219
29
229
58
58
18
204
94
205
121
146
144
164
29
231
194
50
33
94
75
204
27
40
36
71
33
54
74
239
75
29
253
91
62
170
98
25
36
16
169
84
112
75
115
32
75
84
121
186
166
25
7
5
163
50
186
112
251
160
39
253
91
29
231
59
160
194
75
249
59
41
40
101
165
50
54
140
95
64
83
249
205
190
103
40
250
170
58
170
204
244
237
186
181
214
153
67
84
89
229
45
65
101
127
176
40
205
97
190
71
107
62
196
54
98
40
191
176
81
237
36
194
151
103
10
138
54
208
164
98
62
186
204
148
206
184
208
244
102
35
71
75
49
75
113
151
29
107
102
190
102
186
75
31
58
101
151
160
194
65
166
110
180
7
94
160
25
115
190
31
84
244
80
239
176
21
237
138
128
7
244
32
222
28
7
110
62
121
87
108
12
205
176
75
62
130
62
150
91
206
208
67
98
209
208
251
7
12
180
235
113
113
83
59
31
243
98
151
206
143
208
27
208
216
138
80
17
8
233
7
185
98
155
62
160
110
27
162
155
91
166
184
228
206
242
243
75
16
113
208
74
208
160
7
58
151
144
27
25
253
202
71
61
66
222
204
71
153
237
28
199
244
50
249
7
31
204
151
113
27
18
54
39
27
169
127
112
205
65
209
165
136
160
159
112
112
42
231
75
232
169
50
136
206
32
79
211
213
204
107
17
27
10
186
192
143
112
27
73
143
97
203
87
251
83
121
115
112
75
73
208
93
128
36
8
166
141
17
45
84
151
138
135
186
113
162
170
222
252
31
204
204
213
174
98
115
40
27
209
191
89
240
142
88
150
81
87
190
160
115
21
241
244
112
229
20
202
80
217
208
62
162
204
33
184
213
45
11
75
203
101
61
159
50
62
66
124
162
17
241
229
204
81
160
136
143
59
115
256
220
135
159
231
112
171
67
81
176
36
181
231
256
45
87
249
239
240
186
159
214
124
241
235
231
221
182
208
211
75
247
205
192
231
203
81
21
83
87
44
208
176
135
224
41
128
150
215
94
254
213
231
224
160
229
98
176
204
155
42
27
206
102
66
150
151
62
183
165
145
27
110
231
21
84
71
180
141
27
56
209
75
166
83
217
205
44
241
26
98
80
209
112
151
125
113
149
94
36
88
240
163
208
217
161
110
22
44
23
221
130
136
251
154
182
44
195
214
209
209
232
237
73
103
141
98
221
208
195
72
98
6
206
67
80
50
194
143
169
205
242
143
27
73
176
50
18
53
28
54
31
62
235
213
231
71
194
161
42
160
62
174
238
56
192
84
59
194
42
95
148
44
122
21
84
12
124
42
183
128
66
152
55
138
245
7
162
141
87
97
241
31
87
59
256
157
37
195
237
25
136
209
126
95
50
206
25
231
184
71
73
109
160
112
107
83
25
62
107
143
159
79
154
62
124
31
77
108
143
206
249
25
37
194
42
213
61
25
66
73
26
245
9
243
231
36
128
62
237
88
36
18
232
244
17
150
25
197
169
12
28
87
80
215
107
73
120
104
209
88
149
62
244
242
94
236
12
178
78
207
97
60
130
7
42
136
148
159
148
97
243
94
33
83
33
33
135
208
31
243
73
99
20
232
176
236
202
45
157
54
104
232
231
222
243
25
97
62
222
86
206
112
222
52
148
202
115
80
170
136
22
165
74
186
224
95
27
157
141
28
187
231
245
243
113
108
59
42
153
115
40
91
73
42
156
236
135
215
77
255
160
74
232
231
17
157
112
202
20
18
42
72
173
42
39
171
202
87
3
22
61
89
68
67
113
185
215
84
230
84
62
166
25
202
216
230
206
35
129
28
148
144
163
154
185
89
243
139
113
217
255
31
150
92
157
174
138
80
208
166
222
164
52
202
253
94
99
4
232
4
239
35
31
68
206
50
252
191
128
247
29
129
150
165
213
180
20
221
159
92
78
138
52
185
129
42
155
148
161
113
37
191
179
68
148
181
194
162
42
94
29
242
9
107
59
68
176
163
164
205
66
71
146
223
87
10
71
244
162
25
155
138
89
161
228
84
66
198
71
164
71
113
39
148
12
84
138
139
25
98
160
136
160
157
160
71
4
73
19
256
80
153
253
138
71
174
1
165
36
88
144
80
203
205
27
198
138
139
232
210
150
113
120
186
218
160
89
206
56
45
202
114
215
223
144
88
89
11
136
6
95
120
72
153
165
132
196
54
222
138
39
8
232
113
68
231
179
125
138
151
173
151
210
193
174
245
132
166
109
166
146
78
230
55
59
161
173
89
62
196
139
30
50
151
144
39
143
203
191
179
245
11
52
184
198
78
253
90
173
36
95
27
125
206
252
244
11
144
202
89
88
107
82
103
80
96
206
158
78
11
125
128
216
87
179
221
99
205
79
104
95
168
54
179
49
151
87
145
171
253
50
253
133
174
244
164
53
196
116
69
184
104
17
198
206
88
63
36
52
231
202
40
46
139
186
4
208
170
50
88
198
206
211
198
229
253
53
38
208
166
164
200
164
193
23
202
82
243
211
83
203
23
104
186
105
54
66
76
113
205
210
152
80
117
92
152
30
203
120
53
185
117
66
200
33
23
152
213
245
176
166
217
72
80
33
113
231
224
72
247
206
82
23
228
7
216
49
161
139
33
203
68
164
152
256
68
35
161
192
164
193
175
17
256
83
249
202
162
164
41
84
4
176
17
231
186
68
29
68
9
89
228
158
256
58
169
212
19
80
42
139
166
167
