18
18
212
212
242
140
178
242
231
242
83
222
67
184
67
160
236
129
9
236
25
16
228
129
140
113
32
85
178
86
170
105
162
239
129
225
30
129
150
230
129
56
239
129
86
129
239
174
45
121
208
89
30
31
206
212
50
73
225
225
32
90
251
159
174
110
90
90
123
94
169
251
38
172
123
149
24
40
36
67
52
86
73
5
86
251
37
86
28
186
225
96
129
225
67
215
19
86
90
174
121
123
67
239
190
239
196
160
7
67
67
251
111
111
238
31
169
172
7
18
115
123
69
251
50
22
145
159
119
129
36
113
86
145
174
219
73
170
196
28
199
17
73
8
172
184
105
179
44
220
231
231
104
162
106
181
172
18
67
87
34
87
129
54
145
199
18
212
215
17
20
23
145
153
129
94
252
145
164
52
3
129
126
105
212
105
17
120
143
43
66
36
174
190
155
243
71
94
87
133
177
104
7
221
222
225
83
94
160
252
113
199
32
156
3
174
15
20
174
106
219
16
8
87
231
131
93
98
207
242
161
221
127
23
83
215
174
172
84
235
120
129
243
102
20
94
9
155
126
155
174
136
15
220
191
219
20
99
243
159
253
215
113
173
9
145
161
178
106
221
215
159
59
67
175
193
98
197
159
82
20
157
20
125
161
112
231
145
222
106
94
215
42
209
123
15
94
187
222
149
160
221
54
174
174
23
160
71
23
160
235
225
212
161
160
94
19
219
87
174
159
23
160
144
220
243
194
190
18
86
189
216
12
82
160
208
174
20
235
189
126
165
102
212
98
15
54
178
153
87
202
127
251
243
9
82
1
155
149
17
36
221
156
147
9
243
251
160
191
140
175
16
18
189
178
220
190
242
125
216
82
161
74
74
94
48
84
61
20
215
48
1
153
173
243
155
104
202
53
124
174
202
124
247
119
221
20
220
222
43
106
94
82
81
177
9
215
254
44
77
165
174
254
145
19
136
87
181
155
114
121
17
161
159
17
23
202
131
103
34
217
183
215
140
209
5
157
174
18
18
157
237
63
178
31
202
157
23
157
215
160
182
18
20
20
227
155
147
199
226
111
98
72
32
72
95
45
202
157
157
157
72
254
50
82
162
130
42
149
202
98
71
157
157
72
213
163
125
193
190
215
94
162
64
189
138
218
44
72
102
255
90
157
189
66
172
112
150
149
115
247
94
243
232
165
215
92
232
157
216
215
120
74
72
43
42
156
237
94
210
216
204
214
161
159
20
20
94
172
157
255
44
171
191
215
189
83
47
61
71
215
161
72
23
136
144
189
61
76
9
92
157
61
237
156
123
112
215
112
96
23
64
73
9
202
9
202
157
70
45
72
24
112
111
5
62
79
45
255
9
61
164
157
112
155
209
83
157
99
213
148
218
132
198
72
212
213
237
20
48
82
42
147
198
72
227
170
9
144
160
133
112
23
20
122
209
240
159
200
202
215
243
148
202
241
48
173
34
232
237
48
20
135
119
157
48
159
161
90
215
227
138
20
197
85
208
64
104
81
221
200
42
120
70
221
157
218
