80
179
151
121
101
164
158
106
126
236
142
71
106
167
96
232
121
126
175
96
126
130
175
156
15
113
156
178
126
101
90
175
90
126
97
199
156
46
130
98
175
175
113
223
130
90
136
3
235
222
202
137
113
95
126
185
235
93
90
72
198
137
229
54
156
20
37
204
11
28
164
114
204
11
164
178
95
212
62
248
46
167
3
223
93
28
6
120
93
8
11
89
8
150
90
101
235
157
126
126
91
11
212
115
36
248
77
111
107
84
256
215
46
79
142
118
84
145
214
172
96
96
75
240
62
54
84
115
63
212
111
142
70
171
105
8
107
137
46
112
95
18
174
248
14
137
130
160
44
242
70
182
62
84
8
223
115
230
90
187
136
236
138
214
250
40
94
185
8
37
34
65
58
254
225
142
35
5
143
202
168
75
157
212
164
162
28
27
18
157
130
121
182
11
50
232
206
198
156
28
10
70
230
116
46
15
130
40
28
29
135
253
13
9
168
88
79
106
180
182
50
142
128
144
251
11
156
250
119
84
182
238
9
123
111
142
2
115
186
130
44
230
30
171
139
76
240
30
214
174
44
70
182
174
139
28
139
14
256
121
67
28
44
38
138
37
5
248
137
222
88
69
138
35
62
219
6
222
187
67
38
2
112
83
214
210
175
33
210
115
137
119
22
117
30
232
123
151
112
125
253
137
28
210
84
117
187
117
74
128
210
37
126
38
252
41
106
70
126
122
91
8
90
103
2
153
37
81
44
206
113
62
241
2
31
74
130
65
85
229
187
168
8
183
58
242
139
90
63
225
111
152
90
40
33
156
50
128
153
236
18
125
251
31
154
174
172
156
31
119
153
10
70
165
68
138
6
244
38
116
6
25
105
130
142
128
154
157
183
91
117
6
127
152
52
62
38
38
130
202
5
251
208
138
187
254
69
180
105
150
67
156
5
116
91
200
251
120
222
215
113
120
244
206
68
8
150
8
137
141
90
6
5
111
137
175
90
195
157
191
70
77
33
102
234
244
33
101
254
3
62
18
150
248
227
206
42
244
186
193
171
42
25
5
238
73
178
189
74
148
187
128
9
43
88
110
102
160
25
53
2
125
142
253
137
153
101
42
156
174
200
184
236
77
244
88
112
142
150
215
108
137
30
65
80
137
121
241
86
70
4
73
24
174
184
191
82
42
139
206
252
136
30
217
53
128
102
193
158
183
254
88
202
12
27
148
9
200
136
167
9
79
250
53
180
133
42
207
200
69
154
58
168
169
249
192
88
219
154
232
229
239
181
137
56
91
230
189
195
54
139
137
96
78
88
212
249
30
145
215
175
220
16
88
180
101
79
3
33
84
62
162
171
229
199
54
2
252
94
241
24
153
220
78
190
229
222
244
41
2
5
52
186
253
202
172
174
169
111
70
229
60
207
53
234
38
150
161
215
52
120
70
133
9
191
141
6
171
113
128
77
145
137
167
46
137
39
214
242
170
190
103
160
102
163
161
44
107
25
33
137
202
171
99
207
70
56
105
169
200
170
42
75
109
1
163
241
121
170
222
187
102
241
194
117
236
241
101
137
153
69
30
215
220
86
53
158
181
30
112
115
141
157
112
72
241
101
241
141
160
245
2
200
170
162
171
224
65
254
52
9
145
124
82
249
160
65
256
18
137
137
39
241
130
31
109
88
141
154
2
160
102
77
14
187
30
89
111
124
60
3
158
212
154
120
179
250
30
30
107
169
53
206
88
254
46
107
124
232
90
101
84
124
71
107
136
207
31
221
137
150
245
84
137
84
42
228
135
230
210
187
249
254
117
136
214
76
45
105
31
12
252
42
27
117
88
140
235
252
69
150
215
75
44
5
121
120
34
215
128
157
111
210
236
150
252
30
76
10
107
133
72
190
132
30
101
49
36
215
102
39
174
77
230
94
207
178
214
232
39
58
70
232
88
73
39
55
78
112
70
230
112
145
245
71
182
124
215
9
128
29
120
30
215
91
112
116
9
115
235
119
237
184
69
190
121
1
118
178
124
193
219
63
42
99
86
53
43
59
256
158
155
104
17
161
149
115
116
79
70
62
197
99
184
240
84
42
57
137
42
241
227
124
34
197
232
111
138
142
45
253
67
11
56
251
24
71
134
46
162
240
39
2
43
102
88
146
163
84
161
48
128
210
8
124
30
238
116
249
121
207
121
241
85
82
215
115
242
190
33
39
139
241
163
46
42
229
89
30
10
41
138
117
113
72
236
207
230
21
187
109
128
107
162
183
163
74
2
121
30
235
2
2
99
172
138
45
157
109
120
46
10
215
105
120
232
115
106
213
155
163
109
88
32
30
184
9
15
42
191
25
248
2
158
232
110
230
133
44
163
148
30
154
249
170
88
62
201
101
61
156
241
190
141
215
236
235
81
90
133
234
196
204
170
94
228
226
44
124
109
221
120
42
241
150
53
120
207
161
207
238
30
55
163
158
124
113
86
115
141
45
252
133
117
26
39
99
57
162
14
44
178
101
207
72
174
70
219
104
62
168
174
254
242
137
252
200
110
64
45
133
254
218
43
184
247
215
224
207
207
218
9
63
140
77
137
197
99
186
57
39
220
13
88
235
142
221
249
189
39
137
120
232
109
114
232
194
178
91
184
110
44
70
207
13
141
153
184
120
147
85
214
184
185
185
129
56
9
74
170
94
88
5
90
232
243
85
227
184
178
236
120
26
38
238
9
42
207
42
184
91
236
199
109
2
199
38
85
155
55
52
241
77
53
171
90
162
30
190
220
156
42
99
238
144
169
163
226
133
69
30
137
200
104
126
82
9
39
99
70
235
89
218
214
29
180
9
184
204
22
34
141
241
73
207
115
116
235
235
160
117
27
89
120
232
111
245
32
30
252
111
162
149
2
107
11
133
173
189
39
240
72
176
55
216
46
39
153
26
227
49
133
248
196
32
72
253
14
138
39
85
28
216
9
249
10
66
96
241
120
9
26
25
132
250
134
219
46
25
182
24
163
178
162
61
13
178
176
142
102
115
83
69
188
202
232
110
218
120
84
50
55
186
55
256
137
41
71
34
235
71
207
213
218
89
213
133
73
185
111
172
2
74
232
115
132
83
86
25
91
2
41
73
229
163
199
85
110
178
207
222
100
148
207
252
73
150
153
214
26
44
237
240
23
219
88
9
219
23
44
23
22
249
209
97
31
225
81
169
188
89
25
10
193
138
34
242
178
106
89
33
99
73
120
162
232
163
232
88
114
184
39
253
242
74
232
77
133
124
192
215
155
218
30
200
114
122
9
225
15
138
133
77
32
187
124
180
20
248
124
81
204
228
99
191
53
77
189
88
39
184
17
191
192
218
228
36
55
110
178
240
43
9
94
236
192
241
104
196
30
88
218
9
173
154
133
121
252
15
94
79
158
192
107
219
57
133
134
73
122
240
225
102
9
108
9
240
12
157
115
9
111
185
161
110
115
145
218
57
134
73
218
120
225
133
88
216
88
102
149
53
248
159
52
215
99
133
72
207
130
170
88
60
111
96
256
207
35
15
218
99
232
120
32
38
115
184
86
20
17
43
120
25
15
214
35
23
174
82
155
115
117
204
88
169
119
189
236
120
99
55
170
15
232
232
163
111
39
228
120
178
228
204
8
228
9
85
133
86
238
77
181
30
103
130
218
56
225
230
184
153
218
56
192
249
243
215
82
82
188
247
213
110
149
218
161
149
86
207
105
13
196
53
133
32
162
133
163
154
53
99
44
236
188
19
72
96
116
49
99
115
56
85
25
75
115
229
242
217
159
196
256
9
99
85
189
207
115
249
28
26
249
101
207
26
32
241
73
157
85
110
107
99
31
94
27
15
232
115
133
192
218
22
106
133
159
84
162
110
44
13
185
203
178
45
132
64
110
85
218
119
99
88
56
131
232
225
145
130
110
215
42
232
218
199
56
77
15
137
158
108
69
86
77
111
73
145
25
210
38
77
26
218
119
228
232
39
94
82
65
82
174
124
213
44
228
52
184
172
43
192
131
2
8
162
197
110
77
110
82
134
192
56
184
210
190
168
230
56
18
26
249
235
232
247
107
110
163
99
153
215
239
56
242
117
159
9
235
163
88
119
153
22
157
256
232
53
10
232
108
215
12
147
133
131
139
56
133
48
159
58
59
188
192
115
56
23
228
56
103
102
101
111
23
213
162
175
23
120
84
184
220
23
99
163
202
