128
87
87
174
231
128
244
40
231
97
97
143
87
50
164
50
244
144
95
174
164
36
55
146
146
21
95
203
184
146
164
11
164
107
21
146
146
107
17
151
17
67
123
71
80
35
168
129
231
17
17
71
17
55
187
36
206
67
55
184
67
243
183
249
243
115
166
138
211
166
146
17
232
199
244
160
221
55
80
113
146
91
69
5
194
129
144
67
80
55
142
217
210
129
249
185
244
195
91
84
146
221
205
125
199
227
122
7
20
122
166
212
122
25
180
67
17
80
108
147
179
47
107
179
126
67
63
31
29
29
216
29
80
147
78
122
83
206
171
212
147
87
174
95
164
71
144
121
95
130
126
128
126
99
126
130
80
147
96
144
194
231
171
203
194
134
127
217
166
126
74
217
166
184
31
84
17
221
165
113
246
231
55
211
150
146
215
125
67
141
132
161
154
139
154
15
36
90
249
67
110
11
206
154
122
216
7
16
217
244
126
230
65
217
216
211
28
123
55
138
231
174
82
209
231
185
165
82
55
83
192
172
164
36
217
71
205
215
237
123
98
160
236
171
231
211
144
215
157
200
195
217
211
93
84
3
90
231
243
59
164
104
32
165
84
83
136
231
154
93
231
80
80
82
252
150
28
254
217
93
157
17
9
166
242
172
16
96
222
242
42
146
244
28
252
164
146
22
91
217
244
205
92
203
108
200
7
191
28
74
222
230
68
123
136
82
254
150
184
144
211
134
168
28
231
93
55
252
36
141
166
121
28
168
90
202
146
88
58
14
192
176
150
146
180
122
233
130
256
222
130
250
46
147
220
144
126
110
96
217
28
202
67
176
200
103
231
216
200
7
2
3
146
90
146
57
217
195
46
116
162
151
116
9
84
166
43
113
215
144
41
116
72
65
169
7
90
48
96
174
93
254
75
112
90
244
157
97
53
220
84
172
245
171
77
200
7
205
30
67
113
168
203
59
116
30
90
58
116
122
152
102
116
30
206
206
37
141
116
209
215
147
126
171
52
144
162
79
198
14
75
9
10
185
147
20
224
138
253
217
14
215
245
35
147
113
147
47
93
73
121
114
24
222
123
14
202
6
118
175
222
205
118
75
167
118
18
77
244
142
80
97
156
252
162
84
162
154
20
222
84
156
46
146
243
198
62
195
108
101
195
249
10
28
199
154
7
102
30
127
184
202
215
215
224
249
14
156
80
20
65
96
231
41
250
122
187
168
185
41
13
165
191
168
59
77
130
187
156
166
180
92
125
223
29
171
164
164
231
36
20
256
182
165
118
88
193
107
232
168
65
65
215
203
249
187
215
166
172
174
80
164
114
231
71
15
95
130
84
195
109
222
244
101
20
208
95
111
215
195
141
184
236
101
129
102
254
38
160
209
45
139
239
216
96
228
162
208
27
187
168
107
73
215
113
168
249
200
185
240
250
156
215
228
205
127
151
15
124
191
229
228
28
206
217
233
107
107
229
107
107
156
180
217
6
41
178
184
156
136
206
236
52
97
245
230
125
101
246
136
208
38
83
229
77
92
29
20
203
37
20
5
235
202
136
66
234
144
208
244
27
124
249
240
97
96
223
37
156
59
4
230
156
216
182
202
151
82
154
95
241
108
67
41
41
28
232
95
173
86
202
216
107
30
37
125
82
90
122
52
97
65
139
212
180
208
49
246
46
245
68
49
108
135
15
109
206
177
37
1
23
182
13
215
177
217
15
226
146
107
241
245
144
168
235
71
171
170
45
203
180
162
186
15
244
136
213
171
146
41
250
235
63
132
186
215
139
46
156
167
191
146
213
251
116
60
243
30
222
77
88
148
45
184
190
166
210
88
82
29
252
132
90
194
184
36
184
171
213
159
88
191
40
125
46
244
63
221
164
254
27
162
164
131
189
63
171
256
109
53
255
202
254
90
249
20
73
13
200
186
250
134
186
244
54
156
20
47
215
168
253
20
226
3
118
224
48
35
170
228
185
132
96
115
178
252
72
204
20
54
221
72
191
125
37
157
163
197
185
250
235
113
193
119
3
88
240
42
13
54
249
131
234
242
72
168
37
36
125
163
208
125
24
46
57
26
64
85
230
118
27
54
213
20
16
125
192
203
170
39
20
46
112
177
157
242
88
37
252
72
54
219
163
20
78
157
178
228
146
48
63
224
102
72
135
41
130
125
133
118
227
236
124
82
189
214
32
236
88
12
182
255
230
186
125
9
205
179
125
110
82
14
37
146
31
255
238
145
159
163
201
22
15
16
214
158
11
119
56
168
153
125
131
196
20
40
20
133
125
125
203
64
230
190
101
106
186
119
213
124
18
31
199
229
20
71
120
163
199
101
199
77
72
125
12
125
86
53
42
27
217
125
154
184
193
168
22
74
75
145
183
145
205
227
228
193
223
196
125
82
20
116
20
56
125
213
77
249
14
179
125
240
125
43
228
210
168
168
239
217
105
168
192
159
194
67
256
20
116
195
223
53
125
88
128
125
20
228
125
77
82
68
82
76
125
72
72
108
205
249
64
115
20
61
65
33
77
20
175
113
72
197
72
99
36
235
168
170
205
125
68
176
199
13
94
32
117
19
29
214
106
40
57
94
235
63
178
82
169
116
230
125
154
56
228
158
71
86
146
91
20
161
230
133
227
133
137
53
170
20
125
196
125
20
173
86
125
113
29
117
250
75
82
255
157
130
20
110
133
193
237
248
171
76
210
110
27
20
161
116
159
190
86
193
179
3
91
38
108
53
20
225
83
202
4
125
249
54
199
130
133
20
66
209
168
248
248
229
180
196
179
168
188
250
69
29
190
130
222
4
202
86
256
17
249
170
39
59
9
142
163
250
159
20
27
20
223
252
86
125
113
186
203
113
230
125
40
121
181
149
91
86
149
210
11
114
15
248
256
34
83
212
178
76
212
125
20
170
241
76
29
82
219
102
161
133
94
104
133
172
125
125
133
94
104
220
79
145
82
169
178
20
26
219
180
237
133
246
58
4
10
42
163
244
57
222
135
125
25
225
237
121
140
86
49
66
116
138
125
136
128
158
31
101
133
231
145
76
25
56
4
35
137
135
125
66
107
43
20
237
159
88
13
109
79
35
256
59
109
145
39
32
106
190
239
53
82
222
241
93
53
253
129
236
144
178
169
255
145
91
250
142
215
125
32
152
174
164
199
240
50
130
77
168
250
86
25
64
66
35
215
58
235
125
78
233
217
248
169
52
205
161
238
172
63
163
105
176
115
76
90
230
189
120
46
252
63
12
3
25
219
42
20
221
144
236
223
12
14
230
196
85
84
56
133
38
202
145
34
65
219
231
199
93
121
128
97
238
125
178
158
64
182
164
35
146
198
25
183
146
107
184
38
83
170
43
115
24
221
86
44
86
172
55
135
49
88
66
90
78
2
91
2
169
56
170
222
19
116
158
70
34
174
238
61
125
200
215
76
142
178
129
254
24
62
181
35
230
84
220
125
193
135
89
103
43
199
244
216
240
89
43
222
125
248
86
192
237
115
220
223
64
253
107
184
39
159
23
109
252
187
157
121
46
53
78
58
253
86
212
45
33
192
62
193
180
171
124
49
222
147
76
42
244
30
35
256
34
144
222
19
212
75
116
83
241
40
88
49
79
111
86
16
201
