146
143
143
143
80
208
208
208
165
209
112
89
208
209
165
209
112
253
143
165
209
26
153
115
26
128
165
204
10
112
165
165
145
165
220
209
26
227
115
153
138
222
8
199
122
161
165
74
199
165
138
138
165
122
161
199
222
34
165
165
161
153
209
115
251
8
209
216
184
150
97
184
215
26
199
204
243
184
204
216
106
56
209
162
5
215
155
219
56
112
209
154
69
154
177
209
76
209
154
154
162
56
251
154
74
153
154
225
135
251
243
74
251
177
251
161
225
8
176
243
153
121
251
154
247
51
154
162
29
161
162
143
227
76
143
11
129
133
189
11
249
26
204
251
199
56
31
129
251
11
54
151
251
76
225
11
8
129
154
106
151
56
11
106
51
189
51
232
54
32
106
227
225
54
84
251
64
247
26
225
153
8
148
238
151
225
3
63
98
178
7
153
196
173
95
225
106
106
66
153
227
84
225
7
8
153
32
25
71
74
40
161
74
7
74
169
50
239
23
178
113
204
239
173
140
74
220
227
22
50
66
51
74
251
122
175
133
74
51
208
238
113
216
51
18
106
74
251
255
243
7
177
225
178
22
95
220
22
18
86
251
128
95
22
23
27
251
123
239
177
178
163
98
196
251
74
208
153
81
11
107
106
82
23
225
161
153
163
81
226
177
239
50
54
138
150
251
51
51
208
175
129
239
150
38
3
11
251
165
123
243
51
225
210
20
150
175
51
220
204
153
51
51
38
132
177
209
50
18
16
16
107
38
123
204
20
54
71
51
109
178
138
74
51
8
246
153
22
113
123
22
178
74
251
113
160
206
113
178
7
136
106
175
138
27
74
7
222
209
22
208
246
22
204
165
22
129
254
163
127
178
177
160
178
163
51
243
243
127
241
165
163
122
172
51
51
51
38
243
54
29
165
98
189
188
16
220
173
251
163
8
251
250
178
172
178
74
20
40
97
153
254
51
211
109
172
51
98
216
163
74
81
239
165
186
200
104
113
16
74
188
151
217
153
88
112
120
225
82
14
163
151
133
163
246
177
126
112
186
71
92
208
113
153
143
12
85
209
211
230
240
194
22
133
200
209
8
106
204
228
7
4
112
133
217
113
205
120
107
128
155
147
192
89
22
19
152
151
118
119
92
173
151
247
81
208
125
151
127
230
57
127
104
76
27
74
247
162
204
251
120
153
150
74
222
251
97
251
123
120
123
160
31
97
190
153
211
206
198
193
79
205
163
153
123
71
127
5
40
123
106
151
123
197
74
19
204
103
133
140
20
249
228
126
24
71
228
76
184
48
96
156
56
75
112
127
68
53
200
128
197
205
249
204
125
204
74
129
67
196
3
34
223
112
81
87
194
198
22
129
33
199
16
120
194
188
20
163
75
120
239
138
183
19
150
235
122
168
183
200
209
246
85
53
65
121
152
243
54
125
204
219
254
13
119
123
200
178
160
118
47
128
243
120
197
149
140
19
118
203
209
169
177
128
177
177
209
190
216
150
20
165
160
23
171
65
216
209
67
82
23
206
208
150
175
208
208
125
164
5
243
122
112
105
86
50
95
246
204
161
225
20
67
228
224
51
201
246
165
28
13
64
217
75
209
249
3
75
119
254
174
204
249
97
151
126
75
34
250
27
75
6
143
59
125
244
181
112
16
81
129
34
183
224
162
208
165
162
250
246
183
246
40
225
128
75
128
239
17
188
163
254
146
249
224
125
152
247
133
211
160
123
249
183
220
224
114
229
27
95
128
43
123
129
97
50
209
123
232
3
250
209
174
82
50
245
28
122
50
81
224
76
178
235
114
97
148
113
184
150
75
255
103
212
50
230
222
148
50
7
218
81
246
55
148
172
131
66
131
220
20
206
254
123
55
92
131
208
72
219
254
183
159
14
103
119
196
198
254
70
200
250
234
35
7
209
192
14
148
251
197
209
201
160
12
119
44
192
143
57
29
188
143
143
3
76
84
175
23
133
19
228
74
218
118
224
56
224
162
78
39
92
125
224
