177
177
177
177
177
177
54
54
54
54
54
54
205
231
162
162
27
110
75
177
10
25
162
84
43
74
153
138
59
162
253
253
108
76
177
240
251
241
103
108
179
29
213
253
97
22
23
205
2
162
179
59
242
95
176
27
62
31
95
130
58
60
60
35
253
176
233
169
35
110
121
121
177
203
59
162
186
176
145
62
33
59
86
25
108
244
27
138
128
81
55
10
32
253
81
97
127
27
74
118
128
54
223
146
233
95
59
29
43
75
233
54
51
27
246
31
181
31
54
128
192
123
181
97
177
236
231
253
177
98
203
58
17
75
170
130
223
162
31
31
81
29
127
135
55
233
108
135
116
61
110
170
209
249
223
231
103
58
59
54
212
95
177
192
215
35
167
186
23
121
7
246
153
236
179
121
246
205
80
164
240
244
91
195
83
123
121
176
31
128
168
170
42
154
167
167
51
205
65
150
110
176
1
81
114
196
140
88
179
195
28
215
205
54
211
177
179
244
237
176
236
194
110
54
231
24
236
197
54
55
127
246
185
203
172
7
80
202
234
225
159
125
135
205
195
39
211
138
176
74
31
108
3
45
240
232
246
251
27
253
195
177
7
80
100
67
50
40
166
253
82
166
128
212
29
215
126
146
176
127
166
26
89
225
80
7
60
135
51
135
177
80
84
79
40
43
251
159
162
49
24
221
170
250
191
249
80
80
203
205
139
60
177
166
85
237
193
127
147
144
32
223
23
80
136
123
219
137
110
194
237
146
221
83
230
83
36
40
144
51
62
76
60
109
219
36
166
128
100
39
40
166
82
102
206
125
240
87
79
164
49
82
210
79
113
202
109
177
88
79
166
45
82
65
82
83
63
87
24
194
231
36
17
51
39
172
210
84
250
60
137
225
40
82
221
166
203
256
82
202
118
82
164
219
214
231
121
166
105
186
80
82
28
159
173
100
231
80
60
166
188
21
253
80
80
211
197
146
246
135
148
166
94
173
130
80
7
199
83
96
92
26
166
195
202
190
178
166
232
246
1
206
23
172
67
203
34
174
223
97
60
129
27
82
166
80
33
78
173
223
198
256
171
37
157
40
54
135
37
59
146
129
59
256
221
218
231
208
202
117
166
147
179
24
36
190
172
197
40
39
176
236
231
198
139
80
7
240
166
199
171
52
166
1
85
153
186
72
29
172
9
115
195
223
11
83
25
31
164
166
206
188
195
186
182
213
212
174
176
245
30
1
28
221
94
18
92
138
217
56
133
199
120
203
172
186
25
51
49
252
99
217
91
166
203
48
117
221
11
245
225
165
174
223
129
166
99
195
83
135
51
20
166
92
221
167
73
190
144
245
123
50
28
96
35
43
67
75
11
120
203
48
94
92
117
121
123
51
55
243
179
99
174
93
174
83
203
191
29
5
1
78
173
216
94
60
181
80
146
173
67
169
165
105
176
80
43
129
205
24
203
221
217
173
217
252
166
146
69
193
83
154
161
210
99
113
40
243
243
123
80
221
24
24
99
194
156
59
194
123
150
164
216
179
120
80
80
83
186
35
13
191
174
104
164
83
24
221
80
159
80
26
20
197
186
52
191
83
75
21
40
69
35
256
194
186
128
88
221
205
197
83
52
179
83
163
115
43
80
145
191
129
25
29
146
35
83
197
83
159
53
93
186
8
247
140
36
174
147
127
67
144
182
221
58
255
80
148
43
73
80
9
195
53
203
4
231
80
110
62
69
203
35
17
9
61
230
19
199
83
180
199
99
37
140
204
115
216
203
24
8
172
99
33
173
186
192
237
221
195
197
145
83
7
43
39
237
47
233
24
166
174
109
186
139
181
237
186
256
65
216
52
123
237
240
130
83
237
82
124
24
247
113
94
184
121
247
99
129
76
256
221
167
172
147
38
192
100
130
11
210
247
49
53
34
2
167
24
255
4
49
186
52
35
68
35
255
135
186
256
160
121
256
53
11
43
130
194
60
83
130
80
117
76
17
81
207
91
199
99
68
9
186
20
94
174
91
203
108
212
147
120
113
123
164
4
120
83
141
221
227
80
141
233
122
223
99
202
252
229
192
51
247
141
29
31
147
221
123
83
49
43
52
212
180
148
147
69
96
83
221
5
133
197
132
80
73
66
124
164
99
35
27
173
60
244
113
227
122
212
207
89
44
210
214
216
70
29
120
251
240
17
207
120
176
146
244
244
108
138
61
88
174
251
73
2
129
138
147
70
61
80
189
39
203
39
196
138
169
135
11
26
195
78
220
80
79
170
104
148
66
146
111
138
21
174
227
106
85
173
199
181
207
212
79
47
102
99
35
120
79
227
166
80
145
186
70
106
221
74
227
130
132
65
256
99
10
58
221
197
179
99
24
184
130
185
220
104
256
172
70
34
181
144
60
118
138
5
169
237
34
256
244
129
191
203
221
212
96
150
170
194
58
220
247
221
83
80
106
82
61
69
224
154
122
138
132
75
40
191
247
111
122
146
99
26
69
120
22
4
26
204
216
69
80
226
224
220
171
203
224
244
253
206
244
169
169
204
47
237
148
130
123
11
191
247
47
255
217
240
169
198
99
154
80
142
198
207
247
255
197
255
255
112
226
26
40
68
120
154
207
69
39
169
226
86
192
220
122
78
107
203
221
253
207
226
193
199
104
11
199
132
199
6
207
184
227
4
18
246
247
120
220
186
102
207
94
132
110
105
207
30
111
121
226
182
9
207
111
242
207
57
111
148
79
9
82
221
91
242
79
216
102
44
103
80
79
192
61
108
99
255
6
174
6
99
