97
151
97
75
244
18
37
244
97
105
97
28
150
24
28
150
144
97
231
97
251
91
150
24
66
75
28
75
66
91
144
251
91
28
240
97
231
125
144
253
237
240
40
40
253
103
150
136
40
77
240
194
24
167
66
7
91
4
107
97
123
121
240
125
240
208
168
191
135
229
129
91
168
40
138
40
107
92
150
37
101
206
114
129
150
40
240
136
146
169
253
205
223
135
17
240
146
190
228
107
125
47
206
103
170
238
15
40
40
206
190
223
101
240
24
206
101
140
101
238
121
40
129
245
179
114
60
123
144
180
150
233
223
95
233
47
59
97
169
252
169
252
125
179
252
220
205
101
66
92
123
172
168
229
40
190
108
164
182
118
166
220
164
66
123
121
132
144
169
88
206
16
65
112
252
140
24
5
190
125
136
31
11
3
186
6
222
6
246
146
252
248
180
122
252
3
37
37
125
88
128
184
190
145
29
63
240
109
238
4
94
24
116
116
150
116
30
139
150
47
121
150
205
34
146
228
125
240
129
145
105
236
116
22
52
117
125
184
89
59
5
130
180
132
59
223
17
109
250
93
91
248
228
101
181
65
101
37
145
238
182
116
139
15
60
250
223
249
252
185
123
8
183
151
146
40
118
229
91
203
65
3
249
172
233
185
179
34
183
128
223
238
169
164
171
240
248
218
96
103
252
206
40
65
100
59
184
34
121
128
116
32
114
116
94
29
38
252
89
89
219
91
173
116
230
100
217
95
241
17
171
187
113
223
185
94
206
252
83
174
8
228
106
101
116
249
77
6
201
180
212
216
34
139
1
97
142
103
183
116
167
190
206
95
179
167
146
150
241
178
106
109
150
210
10
89
88
65
164
132
113
103
150
201
220
89
8
179
193
197
73
100
73
179
29
178
77
89
73
116
136
95
240
250
63
33
251
240
63
49
250
39
46
73
248
89
217
183
240
169
158
231
61
60
89
253
118
91
97
65
38
242
65
73
60
252
206
30
238
184
29
164
75
55
253
154
223
238
203
164
171
64
58
38
248
240
92
167
50
223
238
144
134
37
235
12
83
116
222
186
190
245
182
8
150
46
184
65
34
71
102
248
218
236
65
181
182
179
227
5
6
65
236
136
187
101
59
208
208
169
182
6
113
101
124
134
73
58
134
222
90
208
134
134
89
129
180
40
223
95
32
92
236
65
35
75
9
38
201
29
122
206
184
67
8
100
91
73
50
28
241
1
171
17
91
100
179
46
103
203
95
171
19
223
66
191
245
61
71
96
251
61
110
65
110
96
66
59
116
120
172
130
109
61
116
91
183
39
216
186
75
223
139
33
19
118
63
114
97
104
91
233
26
141
38
249
55
93
89
6
126
49
64
120
32
96
130
196
128
193
203
6
44
89
71
76
210
101
58
240
169
114
238
91
219
168
101
179
34
10
39
36
238
222
101
118
256
168
89
256
180
233
25
248
31
76
139
65
55
221
97
40
168
109
37
65
68
240
169
34
171
122
114
8
154
154
19
34
169
199
131
120
210
170
172
134
63
168
69
168
253
125
32
32
195
97
95
57
250
88
116
37
146
167
236
146
122
183
73
223
71
145
245
43
169
32
118
170
190
201
5
191
130
26
190
60
169
19
69
26
176
58
100
91
127
223
38
41
65
109
39
191
236
178
66
196
62
150
253
252
139
246
46
38
88
8
40
62
201
91
151
174
190
216
236
238
222
182
191
89
216
164
65
6
34
17
61
94
246
103
95
96
19
92
223
229
37
68
78
54
203
121
126
132
253
40
250
236
28
2
83
96
39
105
69
26
248
165
116
248
147
170
194
42
225
35
88
100
69
246
39
34
116
240
16
168
103
94
66
247
38
120
168
38
101
37
13
240
107
118
250
101
98
217
61
102
37
168
60
88
207
230
179
87
49
199
203
168
154
37
61
168
226
71
250
58
226
184
250
126
201
255
233
34
192
4
252
34
207
46
91
105
50
153
118
188
206
92
84
219
193
4
161
216
144
174
44
57
170
217
235
100
252
235
33
34
57
58
134
109
65
154
8
34
179
180
86
238
171
3
246
31
130
235
19
179
39
173
238
100
83
177
69
237
255
134
236
22
144
158
233
118
116
210
4
139
169
8
91
54
105
15
109
183
139
43
112
219
178
134
83
61
116
26
63
170
171
110
15
140
37
37
134
216
225
190
115
63
38
189
196
106
147
37
9
8
108
42
55
154
253
28
78
64
32
3
241
251
131
63
102
167
109
169
36
241
15
235
50
238
25
101
228
19
93
65
157
25
15
96
248
48
63
21
89
253
93
84
105
252
49
78
246
37
78
134
169
112
16
252
223
89
238
134
4
249
214
228
92
250
129
49
77
89
33
49
246
101
144
171
237
193
19
108
232
65
239
249
14
17
119
63
240
42
134
34
168
88
115
246
200
34
192
77
179
178
248
165
182
237
247
236
208
76
230
250
167
183
33
63
29
253
61
69
253
88
15
8
237
151
112
217
185
101
101
168
102
107
171
147
139
225
57
65
27
70
142
170
134
41
154
238
113
129
58
151
36
4
63
135
118
256
217
1
8
179
165
238
132
167
109
20
63
196
168
250
134
193
193
58
84
219
115
243
56
111
15
235
154
76
38
101
118
111
171
216
122
134
52
149
235
54
193
116
37
232
58
71
179
16
211
227
168
3
109
171
214
68
115
202
171
237
77
218
38
154
113
77
70
129
102
180
19
185
116
235
210
190
225
65
174
219
30
145
136
227
193
93
192
144
154
132
37
171
63
41
246
116
64
113
138
39
190
74
110
240
236
242
94
27
139
193
63
63
219
253
89
24
4
198
234
230
96
256
109
43
63
101
170
185
250
122
63
78
247
24
4
222
115
248
140
127
139
37
19
238
77
254
25
142
34
241
28
214
181
236
174
247
84
91
233
96
240
3
119
243
15
103
185
112
35
15
226
4
49
154
69
188
74
158
68
68
134
179
153
256
241
252
229
113
101
24
246
241
104
132
158
4
247
197
243
207
202
16
139
57
154
206
116
44
91
46
199
19
64
144
175
54
138
105
248
192
168
63
247
183
237
25
67
3
39
192
170
105
158
187
101
139
60
101
240
113
88
156
84
63
156
169
123
86
4
246
15
114
245
61
134
19
206
144
119
164
171
105
191
199
176
6
240
102
134
4
211
236
192
252
46
61
140
164
142
140
73
196
249
245
179
154
117
47
30
120
134
20
179
192
6
192
