62
36
195
41
38
12
38
187
189
1
1
36
187
20
76
123
116
239
121
204
182
123
51
121
177
51
34
212
123
129
160
51
151
51
182
188
129
243
220
212
16
243
172
163
119
54
181
160
30
191
243
75
98
51
69
243
172
216
181
102
22
119
79
18
83
83
212
98
54
172
154
62
144
123
36
151
129
77
6
11
142
97
41
174
22
62
21
176
115
147
177
223
18
21
69
57
18
130
156
75
177
163
54
92
177
44
98
160
240
182
47
130
173
8
66
21
129
51
252
160
66
115
98
97
113
177
241
17
21
62
54
151
128
119
160
50
200
88
54
172
44
6
50
129
180
129
123
66
199
106
17
123
67
209
98
251
153
92
67
87
123
125
17
130
69
170
138
67
97
84
254
123
67
255
36
44
95
225
17
98
103
71
195
50
2
137
89
251
173
50
98
123
194
231
40
106
127
137
95
106
119
17
137
127
251
84
92
239
143
143
186
251
143
251
60
95
143
30
20
195
251
136
92
20
17
137
194
129
143
234
129
137
187
51
1
65
119
97
252
119
190
205
44
84
123
234
20
129
236
119
129
119
251
151
136
141
119
5
112
17
239
204
239
173
103
161
155
119
239
44
51
204
119
177
151
4
173
173
156
123
225
221
60
156
251
234
70
75
156
173
165
195
119
195
200
153
84
165
109
98
165
140
20
170
4
132
125
119
119
137
212
44
121
84
137
212
192
140
97
172
140
119
84
60
251
183
78
47
68
92
254
123
239
4
18
130
119
84
119
153
165
152
64
165
4
132
199
165
243
200
30
119
113
137
174
4
115
60
47
156
70
234
126
123
71
119
123
17
20
56
137
6
200
17
123
99
128
119
126
239
250
14
80
119
176
126
156
188
200
56
74
251
250
99
173
242
119
184
246
110
80
92
119
250
234
123
119
66
30
123
156
200
44
66
125
77
120
51
152
118
120
20
227
5
90
184
83
51
156
54
4
4
192
231
81
18
231
18
4
28
99
140
92
116
140
203
176
37
137
234
28
8
194
56
25
141
180
125
204
68
20
238
129
112
92
231
102
192
217
126
141
81
190
177
104
125
28
217
39
74
92
135
114
99
149
99
99
231
231
204
8
102
84
154
200
12
21
131
129
195
173
150
206
106
165
16
203
132
94
104
156
204
251
195
119
198
4
111
230
76
10
251
121
163
251
212
251
197
165
80
234
128
212
73
101
116
165
98
208
20
68
122
181
154
165
8
219
159
73
243
54
20
165
7
149
78
106
230
99
22
165
56
165
247
73
217
56
103
81
19
145
195
239
4
68
116
196
219
201
132
21
167
250
82
166
189
141
100
80
118
230
234
152
191
145
145
208
106
22
203
19
21
7
191
151
122
81
17
142
19
249
211
197
218
162
234
1
162
253
180
224
219
128
6
115
197
15
214
254
81
156
208
254
134
80
123
122
197
83
34
186
32
254
90
142
191
196
110
56
234
254
152
137
107
186
72
38
208
200
156
152
152
25
19
196
56
107
40
152
191
152
19
254
72
254
152
254
224
152
119
