162
151
162
249
146
162
230
249
194
27
80
208
176
113
151
42
231
230
68
146
73
152
71
249
98
112
67
208
149
176
150
115
27
230
230
159
56
87
42
65
80
67
78
202
200
93
254
124
4
214
7
244
33
85
230
141
13
107
151
27
200
78
98
160
115
107
2
147
230
244
139
157
32
157
141
13
206
91
251
118
175
194
228
55
62
115
44
146
202
215
98
134
141
159
159
152
102
75
56
202
214
163
113
85
157
151
162
176
248
161
168
252
55
200
93
195
110
102
231
115
141
160
155
25
27
165
134
160
155
195
159
34
133
159
213
16
186
93
252
202
44
90
213
89
215
241
150
202
151
120
85
112
159
183
89
225
162
148
62
150
256
43
195
199
115
214
72
225
228
187
50
118
251
186
256
232
198
121
213
206
140
248
214
43
176
121
141
252
27
33
25
22
157
225
109
250
71
90
115
130
249
56
43
254
112
89
232
176
28
36
197
13
214
176
26
92
250
27
11
225
191
25
252
210
208
16
115
217
85
173
249
151
217
133
105
36
136
253
36
84
55
7
149
242
157
212
200
92
56
208
55
230
135
175
11
123
225
92
242
86
86
133
105
128
222
235
43
69
212
84
217
41
140
141
242
121
90
250
163
64
229
207
132
64
173
11
33
71
242
132
71
134
251
56
107
158
164
98
157
37
161
83
214
7
157
7
213
253
202
76
89
48
133
219
181
242
47
56
184
137
89
214
139
219
47
232
227
48
8
228
27
186
16
64
89
253
45
199
198
161
213
50
115
162
181
158
235
151
68
242
115
98
214
33
55
155
96
175
3
161
50
189
113
157
90
5
208
209
243
133
62
55
229
139
42
115
168
148
203
157
155
221
229
133
136
10
207
163
212
163
83
134
213
11
215
27
219
121
120
170
73
89
52
121
86
69
47
115
11
217
155
242
190
27
115
188
44
235
55
55
29
109
12
52
73
152
249
209
213
185
153
215
59
29
214
88
72
181
242
59
45
116
217
213
202
217
140
229
32
176
89
229
214
25
148
67
126
28
211
202
200
181
204
213
126
242
156
159
89
50
52
10
162
151
74
45
35
113
169
250
153
251
121
149
204
157
221
143
7
197
204
229
89
46
217
146
242
70
148
81
92
72
86
85
15
200
213
206
88
256
25
93
21
39
102
144
165
56
93
89
206
199
215
194
239
35
250
27
89
146
252
217
11
213
62
126
42
69
74
96
230
21
249
73
89
213
202
136
249
217
202
115
176
134
129
163
201
200
222
85
101
101
146
5
17
213
32
250
206
93
135
232
101
242
29
93
213
10
74
153
204
23
151
159
70
123
133
249
156
151
120
225
229
170
214
195
93
186
90
159
160
252
212
43
163
84
170
196
216
252
157
84
200
48
143
187
55
133
153
200
2
135
230
47
17
33
62
57
64
90
90
142
171
128
101
205
199
73
59
98
105
45
33
3
83
239
224
138
156
65
185
213
240
64
74
252
9
33
207
64
191
230
27
214
28
63
207
147
155
156
22
155
135
256
121
144
29
17
5
228
163
140
50
199
195
160
179
203
254
217
171
196
156
180
135
170
51
202
236
115
240
146
134
227
238
200
128
14
127
101
42
196
105
33
85
116
174
82
126
67
192
47
62
254
216
230
251
159
101
101
217
26
230
208
33
135
33
22
213
35
11
43
153
115
201
203
210
231
120
33
42
34
174
256
92
158
127
119
176
90
51
94
135
173
57
222
127
104
130
254
115
134
153
158
176
66
83
159
94
94
256
70
70
80
60
2
194
229
140
190
35
232
110
100
101
74
201
165
200
20
133
143
137
249
193
200
130
105
137
30
33
52
213
214
140
237
101
233
224
60
135
200
52
213
156
132
29
135
186
139
55
44
94
256
188
217
160
31
218
239
64
44
58
60
85
248
135
58
21
135
33
90
197
72
83
196
35
135
35
244
116
55
35
106
162
74
164
190
33
146
254
225
164
101
200
35
33
210
98
17
189
12
244
126
105
251
131
177
244
55
79
251
249
33
52
146
162
236
216
104
27
60
133
98
196
200
89
26
127
101
29
232
135
243
55
227
213
35
35
153
18
194
175
195
33
146
135
240
94
217
35
74
28
196
195
216
39
11
18
213
98
55
17
45
74
140
222
96
128
59
12
27
115
154
67
27
236
134
26
60
83
144
135
157
199
189
197
44
162
200
210
223
242
160
135
60
83
94
197
217
213
22
154
60
237
62
83
98
65
254
60
131
232
256
43
89
143
60
191
242
72
85
244
60
14
84
135
98
209
122
171
230
34
126
2
191
194
60
96
109
216
160
55
127
48
43
214
135
253
140
135
50
180
137
218
135
62
137
249
35
90
110
28
101
60
57
243
44
237
56
12
60
46
51
135
160
137
43
162
77
194
135
256
60
218
83
25
92
232
135
135
217
82
195
62
187
103
235
60
226
200
122
135
239
188
160
60
11
197
18
218
217
51
48
230
33
8
162
232
155
228
197
162
160
228
60
33
188
100
194
166
60
69
197
25
60
242
202
187
43
83
170
213
218
224
45
76
251
123
229
183
60
231
60
219
181
216
100
69
137
143
186
72
180
162
218
162
100
218
217
100
60
53
60
25
254
140
155
52
104
81
25
51
74
170
130
135
165
43
51
61
221
42
101
253
243
217
146
217
21
135
117
217
94
137
11
10
90
157
205
59
200
100
99
249
125
135
217
207
39
52
33
104
190
62
52
27
221
9
207
197
190
60
178
163
230
35
251
66
60
217
100
57
43
89
60
207
69
169
100
135
217
60
131
156
200
70
150
89
135
189
220
159
25
94
117
235
217
39
135
244
135
199
149
123
60
150
183
33
94
64
27
63
100
254
21
48
33
238
169
150
61
170
155
124
60
94
26
200
185
161
137
85
89
151
11
60
11
83
218
190
216
121
114
135
210
58
197
91
81
232
161
8
230
229
89
135
85
245
82
139
135
238
60
89
25
160
27
226
45
86
224
48
132
20
161
231
60
33
156
217
156
132
81
217
60
217
83
151
66
39
79
148
153
62
254
137
197
82
30
214
60
36
60
256
43
85
113
11
60
217
208
232
135
81
197
207
41
29
18
64
135
245
253
81
45
176
30
100
117
207
117
228
156
79
60
199
224
236
137
137
60
201
187
52
113
217
138
60
100
245
27
255
68
60
214
135
217
137
137
20
245
137
68
100
132
103
137
184
135
127
41
117
155
150
161
184
11
98
114
254
217
25
77
123
60
240
230
36
217
167
195
245
135
81
135
207
60
101
60
81
201
100
16
179
115
214
172
159
242
217
176
59
114
217
60
46
71
117
45
59
245
11
213
217
11
3
217
155
83
84
58
197
81
214
167
29
117
218
245
176
121
171
88
136
60
245
157
155
148
82
60
162
245
245
1
245
214
100
5
185
193
231
72
135
11
102
81
53
117
117
33
162
117
183
219
60
242
57
124
191
53
30
8
89
126
179
104
94
231
89
162
194
256
137
232
48
230
43
146
206
60
81
86
119
135
91
193
11
89
66
206
102
204
85
57
35
8
125
135
60
217
135
225
89
117
135
14
135
100
15
210
135
221
60
226
83
142
28
100
112
199
221
49
157
196
35
176
9
256
231
17
60
211
256
156
100
230
146
113
174
167
89
126
41
171
43
21
135
66
11
4
100
17
211
135
135
253
245
72
92
167
148
70
88
30
221
17
49
100
135
31
206
206
253
33
151
125
137
210
