97
29
97
29
29
184
164
87
29
164
174
128
84
97
210
184
55
174
235
127
127
206
172
184
55
146
172
172
183
123
153
123
213
123
29
15
153
123
172
172
146
123
162
66
168
164
54
172
168
172
122
243
194
164
185
145
220
162
145
174
97
183
123
55
123
51
55
162
55
172
123
51
150
221
57
51
145
243
89
29
66
172
146
91
220
189
94
94
87
191
216
44
99
220
128
253
91
174
183
131
220
145
51
50
38
55
245
209
172
36
180
174
140
101
106
120
14
138
243
36
252
55
180
129
65
112
220
199
253
209
84
129
66
250
73
61
121
226
50
165
138
236
216
209
195
216
165
196
33
97
65
29
9
93
94
220
172
129
55
31
112
58
192
138
146
163
136
33
26
26
65
27
106
154
174
209
94
113
243
3
150
136
190
128
76
172
229
153
235
129
58
55
26
145
206
220
104
150
91
76
106
245
201
253
54
195
91
216
87
50
148
148
153
183
87
129
174
154
183
84
87
185
225
253
13
9
174
176
176
106
139
146
97
219
63
63
121
54
233
9
174
54
27
110
74
138
170
11
17
74
50
240
183
79
27
240
170
211
76
21
165
100
170
62
9
139
74
240
144
153
9
172
26
245
63
245
79
137
112
226
226
192
216
106
44
63
183
208
189
194
62
63
52
226
49
129
194
74
141
151
178
211
9
218
77
121
160
54
63
105
56
4
142
54
138
196
143
241
17
66
145
178
28
59
229
67
44
53
64
103
248
77
216
141
54
16
245
58
200
226
63
89
22
183
15
243
38
169
94
12
206
245
200
226
100
94
245
44
62
94
120
124
99
163
211
12
115
22
115
154
163
169
105
163
34
173
189
135
137
226
174
226
55
111
30
15
15
116
111
22
178
190
120
252
20
223
178
71
156
29
146
94
153
178
131
17
175
206
57
123
61
236
194
116
22
69
120
17
53
175
175
226
244
216
163
128
170
103
177
100
109
226
37
187
208
115
63
85
16
101
239
139
250
223
24
94
9
44
94
172
10
192
178
178
111
87
120
93
131
137
105
86
12
216
222
221
180
51
216
177
120
94
226
110
189
74
225
243
225
133
243
3
206
120
125
226
140
15
51
62
65
238
120
62
226
166
112
73
190
172
105
11
43
208
120
4
172
197
197
184
243
87
29
209
252
91
111
221
102
24
87
216
172
44
120
245
123
123
220
11
192
53
87
120
160
68
93
16
206
222
142
83
215
25
184
102
102
91
10
125
4
76
4
37
61
37
62
196
140
9
62
11
5
218
220
247
104
68
44
175
9
172
231
56
198
222
11
226
74
93
160
4
156
219
126
129
140
198
190
216
242
184
137
181
25
14
251
6
24
223
184
243
241
170
137
210
122
196
157
122
63
218
137
11
174
174
94
9
255
94
44
156
244
6
46
239
74
60
237
129
197
9
130
248
72
160
74
244
194
214
122
239
129
22
57
81
51
226
242
229
231
37
120
34
158
67
16
126
248
215
163
173
112
251
4
81
175
129
113
124
219
253
112
63
254
212
180
173
200
7
37
22
31
135
81
191
99
218
64
113
113
158
142
22
214
39
134
