203
80
75
75
231
75
223
75
223
136
97
77
112
203
32
2
40
166
184
95
59
141
95
146
117
77
100
59
39
91
164
108
60
178
20
141
59
147
176
164
223
95
20
59
100
141
221
39
100
118
39
168
100
22
59
39
33
168
239
221
168
117
59
226
135
20
77
118
223
195
95
59
226
168
60
117
60
231
204
181
39
114
166
37
206
185
196
117
118
245
245
231
118
245
95
39
114
41
135
138
141
68
114
245
108
109
95
176
217
204
127
130
60
17
245
59
231
135
250
108
176
179
34
204
121
245
35
33
1
166
70
235
184
67
104
117
143
211
195
143
33
114
184
50
217
172
30
60
195
184
235
5
204
203
195
33
176
186
144
7
107
172
146
255
16
67
67
107
21
148
67
13
2
220
172
245
59
203
59
78
33
11
148
150
143
176
227
49
136
59
143
66
40
181
100
150
97
210
68
195
199
245
17
68
235
164
179
119
66
216
142
187
43
59
195
204
179
186
131
150
59
17
179
217
114
245
241
164
135
246
204
49
131
7
114
109
49
16
132
59
256
135
115
150
245
88
1
206
109
58
181
43
36
46
13
114
227
94
121
241
18
58
59
167
164
97
185
241
191
43
131
123
1
191
226
172
68
226
78
217
33
174
109
49
24
43
114
18
59
59
191
46
199
199
40
191
68
46
226
247
132
183
127
171
33
97
88
226
185
78
191
191
17
59
135
127
172
59
244
20
226
68
135
179
127
191
171
223
55
37
211
123
171
216
241
241
68
114
21
33
68
18
247
1
37
108
127
128
172
142
114
179
195
132
244
54
95
68
132
171
33
108
67
164
122
100
241
185
18
244
135
246
127
20
182
58
1
49
17
90
17
226
68
221
172
168
17
126
114
187
221
247
187
136
118
14
58
126
46
171
20
87
227
229
92
142
225
100
100
167
187
33
129
156
168
244
171
43
173
17
78
132
102
168
49
212
212
245
226
24
168
211
58
104
188
37
92
33
191
224
245
225
226
47
118
67
30
226
92
185
114
217
33
102
58
60
224
60
135
207
50
217
20
37
1
217
172
24
93
135
119
58
245
65
212
185
247
150
211
37
60
33
140
245
100
100
100
156
224
33
233
103
132
245
179
60
100
5
236
226
132
226
138
181
24
46
247
216
24
102
132
18
89
1
226
124
235
58
125
187
179
233
255
13
173
20
37
135
49
206
9
142
94
227
10
185
226
36
20
255
217
132
140
173
185
119
68
217
9
1
24
207
2
185
216
217
43
68
119
58
66
132
217
24
78
217
185
3
247
185
70
78
68
132
132
107
132
132
185
43
1
100
114
193
124
91
217
11
226
191
60
2
130
195
49
135
248
181
240
118
43
66
49
43
37
43
43
68
207
37
217
1
49
168
217
36
14
132
33
109
4
242
9
42
9
156
89
176
28
185
217
37
136
17
2
43
132
132
109
241
49
68
217
100
4
100
217
49
93
241
100
224
100
226
43
217
58
1
20
2
1
78
131
241
184
224
156
43
241
137
100
211
173
216
156
1
144
107
59
14
1
59
49
109
131
100
49
