126
126
147
147
147
147
243
147
38
59
38
203
84
214
29
205
205
203
29
69
80
28
4
137
58
135
151
16
206
220
135
28
81
146
174
214
38
121
51
33
203
58
29
113
21
33
7
69
44
75
206
28
176
253
62
51
89
253
204
51
55
199
42
69
79
40
81
44
121
176
206
50
199
222
181
29
203
42
90
69
253
190
46
179
164
94
81
113
94
143
54
54
94
154
54
214
40
51
203
50
98
105
154
88
28
31
144
121
62
52
172
29
205
165
253
127
17
209
75
40
209
84
253
129
223
116
209
206
29
144
89
29
28
74
165
165
51
145
165
250
7
89
16
74
165
236
238
41
113
71
96
21
170
25
164
160
199
62
177
144
105
104
69
170
86
51
69
74
200
46
50
174
221
51
221
113
160
7
209
11
29
105
42
52
71
74
62
244
231
135
62
177
102
177
29
79
128
135
172
139
73
113
109
75
109
79
136
250
151
205
143
29
194
75
29
17
138
177
29
195
243
128
209
8
191
112
79
74
55
122
105
54
74
3
105
56
113
28
67
256
86
121
190
28
36
9
212
87
240
154
17
11
49
198
110
204
239
138
6
212
112
69
41
165
112
152
69
107
54
204
89
204
69
152
111
71
212
67
7
122
112
221
220
138
28
42
49
19
142
46
138
216
242
219
37
199
208
152
101
46
204
204
195
89
217
189
208
106
242
181
69
122
204
215
105
198
243
165
181
154
79
219
54
54
89
162
107
123
165
101
247
31
162
172
208
154
93
256
226
204
236
65
87
184
114
14
199
243
149
191
36
87
108
158
25
144
25
112
223
219
208
219
17
50
239
54
54
99
208
171
204
114
212
113
127
204
190
177
31
216
170
162
154
168
219
145
172
211
118
200
129
11
50
114
22
18
154
245
127
165
87
154
123
189
8
71
177
15
87
202
50
54
169
143
165
36
89
205
54
133
25
171
74
154
4
145
107
160
226
136
95
217
207
76
36
101
154
4
154
219
217
86
166
89
41
143
81
218
243
24
64
208
42
122
154
177
153
183
133
93
71
218
220
81
5
75
91
22
21
239
183
95
3
113
183
138
81
53
226
201
154
218
154
199
216
21
220
4
36
160
64
122
148
152
136
170
154
188
241
114
112
141
41
87
160
198
184
142
157
141
47
178
160
123
154
95
50
87
142
215
40
138
36
186
207
226
142
26
53
101
113
35
247
101
217
17
50
130
195
142
160
17
194
168
113
145
194
101
254
194
44
36
142
241
68
216
191
160
188
65
130
96
207
141
194
214
118
140
127
43
28
138
53
69
242
254
159
220
56
168
178
37
22
115
6
159
254
122
216
15
218
44
142
117
40
68
241
247
28
20
178
156
62
63
125
184
4
79
142
18
207
37
147
213
69
204
161
187
213
173
6
191
24
62
67
163
141
112
34
161
75
224
156
177
159
252
7
235
99
48
89
66
113
243
143
92
92
203
12
246
171
28
4
95
215
125
54
148
117
254
28
142
148
148
188
148
65
216
38
67
110
63
233
200
137
114
224
215
188
148
254
58
200
167
204
254
203
4
204
1
4
155
141
221
99
125
162
122
122
3
96
68
22
21
79
224
144
254
117
114
157
67
189
41
68
158
104
189
158
101
244
112
171
254
4
206
4
68
173
197
43
205
116
37
125
247
237
185
125
189
112
158
224
254
125
155
101
152
44
99
141
214
185
125
48
218
42
234
214
101
156
247
20
53
101
26
191
188
104
4
221
26
104
191
86
187
44
133
132
26
44
168
68
150
193
156
144
188
92
152
246
235
86
215
115
107
113
191
254
111
86
68
247
126
68
188
156
156
113
240
4
234
191
188
