126
111
111
204
204
112
126
177
138
126
126
138
112
126
126
138
114
204
127
6
90
51
252
11
126
248
208
208
38
29
215
26
2
6
153
112
3
216
208
71
123
26
4
112
204
19
248
112
19
147
63
63
26
155
253
168
175
114
90
248
94
235
160
26
206
115
149
74
19
166
209
123
219
160
111
74
27
143
64
181
189
29
204
204
189
147
145
138
172
26
165
220
127
143
92
149
175
16
71
115
9
17
155
29
243
220
123
123
254
92
230
17
172
91
160
115
3
220
160
243
160
89
199
23
177
181
75
3
69
186
115
220
165
143
243
128
209
129
149
115
211
143
112
155
236
129
165
175
243
51
210
129
165
98
197
129
209
3
56
48
143
200
2
56
98
56
98
72
98
143
26
216
243
160
249
143
98
178
255
115
172
75
41
243
214
52
251
110
110
172
77
72
243
118
155
148
172
155
56
3
132
148
72
129
85
18
52
156
243
9
110
232
149
114
17
189
218
143
159
204
157
66
56
9
94
126
9
157
148
159
32
87
157
86
30
213
99
192
197
148
76
155
45
157
202
159
30
159
44
139
99
115
157
115
45
197
45
125
197
120
157
82
69
115
105
216
39
133
218
197
133
30
213
163
133
45
197
133
86
163
56
155
82
86
115
45
133
115
196
159
139
189
189
56
163
213
45
48
255
12
133
218
216
197
155
213
189
243
163
26
216
213
99
148
155
199
106
12
86
155
255
42
56
22
115
86
72
48
157
155
81
48
155
45
57
197
48
115
99
197
56
72
115
148
45
161
163
23
120
197
52
161
133
243
232
213
72
189
159
148
111
163
232
82
163
82
44
155
197
48
52
163
220
56
124
55
44
218
45
86
106
155
12
148
133
104
133
133
115
148
232
232
48
72
155
12
12
174
56
48
86
163
213
148
155
197
45
106
163
189
213
155
72
163
202
12
155
155
213
133
232
207
112
214
159
232
232
112
99
72
56
86
197
56
197
86
56
178
29
22
124
124
219
213
197
52
218
163
155
82
213
232
56
163
155
232
45
213
155
45
202
110
189
74
124
56
213
56
232
218
148
56
189
52
115
45
161
48
72
48
186
148
155
9
52
161
139
48
149
213
56
82
213
255
203
72
137
197
155
48
56
159
159
61
45
213
23
99
44
72
80
32
73
232
56
82
213
197
197
72
45
213
163
72
23
213
159
155
189
232
