84
29
115
29
230
176
29
75
146
127
121
162
84
127
166
84
162
253
150
29
84
252
194
176
75
146
253
166
84
80
162
127
80
127
105
162
249
115
150
126
8
203
31
145
164
139
162
189
230
6
168
111
150
209
176
220
80
110
189
77
242
127
77
179
249
62
162
55
106
128
51
97
14
119
27
209
97
205
169
119
119
127
36
73
67
126
106
229
73
67
112
73
73
228
244
52
243
145
11
228
7
54
67
156
52
225
225
45
96
230
147
8
59
112
67
59
169
229
116
106
229
126
236
47
36
184
107
243
113
116
205
208
144
67
231
160
116
123
180
243
15
119
119
158
124
225
209
126
160
251
67
47
107
67
36
126
40
67
67
36
180
118
239
59
118
208
126
119
209
239
38
249
206
239
51
239
67
87
125
244
73
229
67
90
177
234
194
204
40
67
36
24
106
52
36
70
179
242
95
87
250
187
242
92
92
87
27
14
204
182
208
90
171
184
130
182
16
47
192
204
141
54
239
70
175
47
107
54
119
113
160
98
231
231
200
121
200
251
181
110
36
36
208
244
70
47
126
212
70
204
55
70
143
40
114
24
119
204
70
194
7
190
143
10
36
208
116
27
144
98
139
144
254
121
75
200
140
127
253
89
200
168
54
131
17
200
107
178
14
107
181
70
36
20
234
238
64
55
130
107
67
140
242
106
143
255
1
234
212
126
17
152
36
208
222
140
234
158
234
234
17
152
222
98
158
38
70
234
162
143
191
50
185
80
52
152
37
67
21
171
144
59
70
200
209
70
177
254
58
92
89
129
58
130
17
47
36
151
168
206
59
7
158
125
234
164
123
180
41
184
234
70
3
192
186
1
10
234
177
90
36
1
93
162
143
7
93
36
200
206
208
81
24
54
130
158
82
200
185
251
239
79
158
141
36
183
89
234
113
234
251
246
165
15
62
171
151
249
32
87
3
128
234
192
119
70
229
164
234
163
113
118
225
158
116
70
89
15
183
41
121
50
158
154
119
58
184
186
17
67
98
74
177
24
119
119
126
59
50
225
47
172
150
36
92
254
234
21
200
200
75
82
200
20
89
200
70
89
152
168
58
36
126
152
36
188
166
73
89
6
180
70
90
234
90
74
15
68
93
7
208
113
211
211
20
206
15
92
126
4
253
125
156
27
204
57
78
165
68
200
164
168
206
225
173
70
143
125
234
15
118
251
36
21
70
20
158
76
4
7
160
246
6
200
70
242
151
126
90
230
130
11
93
74
130
33
246
172
110
68
4
227
206
203
125
50
16
4
125
242
6
20
11
171
175
246
70
28
242
168
151
70
144
33
15
90
245
125
229
6
70
113
246
119
70
158
234
4
123
20
200
181
191
28
153
4
36
187
200
76
175
6
93
194
78
234
160
70
168
119
4
20
126
226
168
63
38
188
161
184
234
11
193
4
114
15
208
113
79
82
15
209
66
79
168
63
156
11
176
4
154
70
70
130
126
15
200
66
234
24
193
95
176
123
230
38
86
11
182
242
15
161
252
59
200
18
33
187
168
119
1
86
200
123
165
18
200
98
245
158
123
193
63
212
98
173
127
207
135
153
222
125
37
160
168
4
70
60
135
79
17
82
160
70
200
70
70
234
234
11
206
70
60
17
119
152
126
60
85
215
39
4
234
17
15
189
17
119
188
135
165
157
254
20
17
188
123
70
15
163
100
231
176
93
39
152
82
68
11
125
78
109
77
125
63
142
70
194
68
113
125
185
171
149
131
24
67
226
125
188
70
112
11
168
190
133
152
11
171
168
70
99
15
131
113
148
152
60
136
15
136
39
117
157
77
187
15
4
152
63
60
63
124
82
22
137
61
152
20
9
60
63
152
38
117
135
104
69
79
83
100
20
139
124
152
173
101
100
92
63
211
20
4
20
120
252
188
37
193
15
50
152
20
23
215
193
234
193
33
39
209
124
193
3
15
18
152
74
224
124
39
212
68
113
152
4
224
4
79
193
193
60
60
17
4
119
60
234
54
137
90
29
152
193
130
109
100
124
181
125
215
100
193
15
158
113
63
20
234
117
212
39
39
30
90
131
63
41
63
79
39
137
82
159
193
158
119
30
39
71
100
20
54
70
127
215
60
127
4
9
215
63
82
239
39
70
180
232
234
100
234
63
254
100
39
144
158
193
39
160
152
200
215
39
29
116
223
63
63
4
100
178
210
100
245
234
156
29
245
79
63
70
254
63
185
181
215
253
156
39
200
100
69
130
159
100
50
158
79
254
210
158
119
114
193
100
4
68
29
4
252
100
60
179
217
109
98
53
235
2
200
158
68
220
100
210
70
233
164
156
173
125
68
210
109
24
39
191
152
43
79
126
194
200
210
159
159
92
193
30
119
193
125
204
68
193
254
2
158
168
193
159
38
101
159
65
25
4
168
193
167
