19
101
180
19
236
110
24
101
132
111
248
250
248
101
223
38
252
138
8
138
138
250
138
28
166
182
144
181
132
150
187
28
175
233
253
180
250
199
175
180
203
138
79
132
29
181
247
253
150
150
132
28
38
42
184
190
150
29
154
4
249
31
184
175
138
4
247
171
128
150
249
7
171
116
175
249
132
235
72
128
162
235
101
171
210
116
184
95
55
249
2
172
168
106
159
13
209
116
151
162
15
210
249
162
249
45
55
54
116
26
45
166
249
213
123
140
2
253
93
220
157
84
162
89
138
132
84
52
101
123
26
242
55
162
115
55
37
181
89
171
162
164
220
157
84
86
253
228
115
249
50
149
45
50
80
155
84
162
161
253
209
26
155
84
26
95
26
131
62
52
215
157
27
112
162
106
116
154
186
62
131
162
199
84
26
101
45
62
136
213
188
213
91
162
115
62
155
42
189
155
220
194
205
77
115
76
186
157
80
215
23
162
25
84
84
158
213
163
52
115
256
138
148
115
131
232
115
77
215
12
209
162
82
72
115
184
32
77
115
215
161
232
157
87
157
213
202
202
219
45
228
112
163
205
154
235
77
32
128
155
56
148
214
256
45
42
162
85
155
228
210
54
26
189
72
115
174
215
63
77
215
214
104
56
115
249
85
72
186
215
161
115
148
44
77
231
130
45
52
140
82
114
99
112
190
115
84
162
12
133
140
12
45
56
161
57
45
197
231
32
148
215
80
45
149
56
204
133
250
86
82
87
56
213
72
140
194
215
253
163
204
148
86
155
132
84
161
72
214
159
161
218
115
42
25
75
84
84
232
45
115
58
178
45
10
215
210
184
150
213
215
157
197
184
237
31
12
39
161
155
23
87
155
61
28
215
149
115
72
176
72
161
56
124
161
10
218
85
48
23
82
155
162
213
28
174
128
202
163
162
48
141
73
82
80
189
27
115
56
84
155
148
155
133
63
147
115
230
45
210
133
146
202
170
197
232
214
215
105
161
57
197
10
215
80
45
155
56
121
140
56
215
72
29
104
148
82
155
45
83
133
23
148
250
31
184
163
84
27
56
45
249
155
166
218
174
197
215
26
155
106
232
72
115
163
232
174
32
115
45
147
213
213
161
99
163
197
155
214
23
248
67
37
56
244
249
25
72
155
215
163
214
193
215
213
157
202
157
230
56
133
148
149
159
86
84
155
215
230
45
27
202
215
45
213
56
133
148
155
161
249
202
161
155
148
220
72
161
72
159
23
155
44
215
12
44
45
15
32
45
133
149
72
53
155
213
161
121
158
106
163
115
215
159
48
155
197
250
189
218
215
86
32
192
44
26
214
186
86
82
155
148
44
161
155
15
215
232
26
213
45
157
148
163
155
148
213
197
72
162
45
161
148
84
12
232
155
52
197
148
197
163
148
155
232
53
215
215
215
218
163
26
45
45
235
215
45
155
213
25
155
161
9
159
213
213
26
163
82
99
189
73
215
148
155
228
48
159
48
204
158
64
157
244
42
159
45
72
161
232
48
155
45
157
155
189
133
85
45
48
133
163
99
88
45
213
27
155
148
186
202
74
155
72
72
72
26
23
159
133
133
214
57
77
232
155
197
9
148
73
149
159
197
45
45
99
84
157
228
26
213
163
85
157
157
155
197
155
99
159
184
219
74
155
124
133
155
25
155
157
161
163
183
232
213
155
48
82
52
167
45
82
45
232
80
139
161
56
85
12
155
99
72
48
73
45
170
157
161
159
155
155
163
12
13
198
218
159
232
124
91
115
178
164
161
213
197
197
159
202
214
86
155
213
9
155
232
155
213
148
155
45
218
232
232
232
196
214
44
155
82
133
218
214
157
202
215
178
99
159
133
45
157
248
155
162
218
215
230
43
202
159
115
133
115
232
48
157
72
157
115
159
84
232
155
56
186
233
249
23
159
72
202
202
163
155
79
232
159
82
189
99
155
23
197
82
197
155
133
215
213
48
72
133
202
161
115
159
39
235
215
48
52
213
133
56
99
139
104
213
155
155
237
35
242
155
85
197
48
104
249
213
213
215
192
99
82
157
166
157
26
213
48
159
235
133
31
232
115
45
232
133
159
213
197
72
72
72
157
45
157
72
155
163
99
155
48
53
155
215
155
214
232
159
202
202
202
133
213
251
213
218
232
104
213
104
161
157
133
157
155
161
85
213
