84
121
146
221
67
227
172
73
51
51
106
58
139
106
220
172
61
69
242
102
86
69
192
202
110
18
106
220
111
69
111
86
220
126
243
62
126
163
84
56
56
117
106
220
163
99
126
163
23
189
111
110
84
126
207
104
94
126
94
207
133
31
106
253
207
126
106
207
86
104
216
163
126
51
71
138
23
111
189
56
218
98
44
231
9
126
94
161
154
115
115
220
11
160
26
99
243
189
80
187
98
160
102
157
62
163
112
197
162
94
189
199
218
140
220
222
81
98
213
12
102
218
126
216
91
186
218
218
23
253
86
126
228
163
9
222
189
166
218
182
178
187
216
163
230
230
243
104
161
220
84
242
56
191
216
99
25
219
9
178
197
218
86
190
80
81
56
218
199
126
77
202
9
163
9
26
193
82
77
145
157
63
163
161
81
25
247
238
126
148
218
56
133
48
157
163
215
115
76
86
157
99
26
31
243
218
99
20
202
203
249
25
163
159
199
189
8
31
99
215
239
74
26
247
186
161
86
155
247
79
161
104
218
31
48
163
86
9
162
157
25
44
256
9
186
9
62
104
86
81
94
188
99
148
163
174
216
56
84
157
86
157
77
195
133
133
115
157
112
55
112
83
250
79
159
176
112
189
56
82
163
22
253
22
163
174
88
89
94
232
163
157
99
82
12
218
50
157
157
157
254
159
174
26
133
219
213
114
157
244
69
112
85
157
44
99
162
91
133
56
99
143
99
220
189
157
235
120
216
129
133
19
163
133
61
163
157
61
186
133
155
129
9
133
207
163
82
148
255
174
242
110
174
106
5
69
100
199
53
99
160
99
99
51
199
148
221
157
133
157
218
163
86
199
129
155
9
23
165
247
111
156
125
201
157
94
99
133
231
44
82
56
207
228
253
216
112
133
163
9
197
9
157
163
200
50
255
153
9
154
163
124
163
157
159
64
157
124
120
99
178
9
82
218
186
218
163
124
200
178
133
148
131
232
207
157
163
235
155
254
214
125
69
133
163
48
197
190
200
214
235
53
12
197
218
111
215
157
215
218
163
51
57
9
82
45
86
99
18
213
157
77
85
163
249
204
82
232
133
197
225
157
133
20
9
9
252
131
133
155
202
163
157
199
23
163
133
86
133
161
133
94
251
235
56
163
178
129
85
213
218
120
104
157
94
51
74
82
200
86
218
131
42
44
9
136
86
249
99
228
133
236
56
115
133
218
9
124
12
12
99
163
193
247
98
256
204
133
111
10
133
163
45
213
83
157
255
153
249
214
40
12
252
153
160
232
48
26
82
133
213
56
169
32
120
133
56
82
218
228
23
82
9
157
14
64
133
23
215
213
163
163
133
99
131
45
133
218
133
140
25
232
98
104
163
94
83
57
157
12
83
143
163
12
9
210
133
45
189
111
235
161
161
148
163
163
86
189
56
10
56
160
157
254
235
153
82
74
214
192
76
12
215
133
148
230
251
232
247
73
23
184
27
72
197
99
131
111
197
163
45
218
133
140
218
140
197
161
77
218
12
9
157
161
196
157
133
12
109
232
45
218
159
197
157
31
133
32
89
64
73
134
133
149
133
157
219
133
163
133
157
133
201
157
218
161
133
186
159
12
133
133
197
255
79
56
133
223
218
82
161
56
148
218
133
56
120
157
148
189
148
170
23
72
45
120
218
163
215
215
178
249
12
213
9
133
77
232
131
42
163
197
242
197
133
218
218
157
133
12
157
153
48
45
48
82
99
25
134
86
86
39
56
123
23
48
218
157
12
163
111
53
72
69
85
219
219
133
133
157
85
148
189
225
215
72
99
252
48
197
99
69
12
57
133
89
56
218
56
235
174
133
111
220
99
12
117
170
228
73
247
187
45
209
12
232
133
216
237
219
203
192
133
197
72
99
133
155
218
228
189
111
155
35
247
120
196
149
120
249
163
228
232
215
192
73
23
218
44
232
169
202
133
45
86
82
72
161
161
133
178
27
153
236
161
72
77
31
151
228
89
203
94
72
73
148
192
163
133
218
192
23
31
236
133
178
133
34
72
218
79
10
96
214
155
218
64
45
72
148
88
133
207
64
157
238
72
135
178
207
213
133
161
39
157
153
196
161
230
256
148
237
242
12
72
26
72
79
203
23
10
133
12
133
82
178
186
73
194
72
23
207
192
155
194
79
48
82
147
72
79
62
72
96
178
48
190
48
82
82
213
72
82
70
72
155
159
89
213
72
69
196
114
48
69
201
72
133
163
11
192
201
26
56
215
133
194
220
163
166
248
117
148
72
197
214
26
197
213
82
163
82
166
82
117
45
134
212
72
82
163
117
61
189
169
201
72
163
10
72
26
10
23
