84
80
36
80
231
166
42
36
51
220
142
220
177
10
64
8
177
10
89
6
8
244
220
54
184
3
6
16
29
172
84
29
212
87
87
90
208
54
87
192
90
108
90
16
90
87
179
208
84
98
175
142
87
105
31
244
105
6
181
119
16
76
222
179
222
179
46
222
114
98
229
35
146
107
144
192
16
46
202
5
170
134
205
95
244
80
166
212
229
107
105
201
121
65
211
201
188
128
87
205
239
96
24
113
141
90
134
108
226
90
144
96
244
208
24
111
170
134
134
89
142
177
37
201
233
90
201
229
119
201
90
201
246
158
201
175
179
108
179
134
128
250
41
233
227
179
201
111
146
80
127
91
113
70
181
119
134
24
201
170
210
195
240
169
167
222
119
116
35
130
119
233
233
41
55
5
24
250
127
126
179
239
134
38
126
223
35
31
180
35
139
201
236
93
177
2
201
35
101
183
205
169
221
207
109
169
107
116
201
125
46
80
169
167
144
201
144
201
179
169
41
157
35
169
179
51
201
16
103
119
107
195
169
2
24
201
179
169
108
115
83
169
169
121
170
47
169
195
244
75
201
168
49
201
201
144
8
151
41
65
119
179
191
222
168
244
201
65
121
169
201
190
176
26
16
118
157
83
210
212
179
107
95
252
87
96
89
237
51
241
233
240
116
186
31
119
208
41
170
70
219
195
169
179
5
121
47
35
177
109
171
24
169
169
179
256
141
119
119
141
246
5
169
231
169
88
144
179
241
121
169
199
234
107
252
49
35
119
11
195
169
130
142
78
119
195
158
183
107
210
170
109
109
180
222
90
24
24
203
103
246
121
244
35
118
46
96
14
126
119
109
135
234
233
131
200
39
46
252
49
195
179
195
83
89
169
210
195
35
103
97
170
171
11
121
246
11
167
142
49
134
146
119
179
217
135
169
114
2
35
59
227
70
179
35
65
107
88
137
237
203
203
121
179
35
101
179
179
190
117
194
96
117
179
36
230
103
176
169
169
59
35
179
119
38
244
101
252
233
170
233
78
200
119
35
233
36
107
256
203
78
195
201
244
35
108
169
109
83
162
181
179
86
179
35
179
89
169
96
65
108
170
25
203
88
179
179
243
160
169
88
178
65
229
201
142
98
203
179
35
14
182
179
103
121
244
129
200
20
83
233
119
119
19
35
38
190
35
256
134
130
169
179
65
179
198
33
169
179
132
144
113
170
142
108
130
19
179
179
146
240
179
121
252
65
65
243
144
180
179
169
234
169
243
103
254
180
180
186
200
182
169
203
179
49
33
198
65
244
35
144
119
24
169
252
24
130
111
35
136
252
21
177
195
65
186
35
182
247
169
35
130
195
116
179
64
35
190
109
77
35
121
210
241
256
78
144
24
169
237
169
75
227
195
241
217
190
11
142
169
27
179
27
96
194
35
135
180
30
46
179
2
25
112
137
70
131
169
201
137
200
89
226
170
91
151
253
136
200
183
35
169
200
80
169
35
35
103
187
179
35
200
35
65
195
137
146
33
187
201
131
169
234
112
121
89
142
252
179
108
190
200
220
5
136
169
179
253
130
240
179
28
131
131
185
201
130
65
117
200
169
125
102
80
121
11
180
211
154
236
135
65
35
196
43
53
55
179
44
187
253
111
35
253
170
135
96
137
67
141
35
121
201
195
224
68
169
169
236
19
169
70
179
169
252
250
43
179
170
113
179
201
130
107
111
35
221
61
119
11
59
136
172
116
60
138
177
64
53
101
19
181
65
224
195
246
121
118
179
195
200
130
116
193
224
144
253
201
107
142
75
158
250
35
121
252
234
201
169
195
65
18
35
252
169
200
130
169
212
201
19
178
91
77
182
179
240
203
169
169
169
179
22
241
179
88
119
169
101
33
233
134
234
31
201
15
101
244
142
169
227
238
116
84
142
179
201
121
179
187
89
101
169
58
234
252
185
230
169
79
241
238
132
24
225
169
101
195
109
220
91
107
171
238
65
137
108
188
121
233
180
244
135
79
179
132
144
134
233
201
169
38
142
169
144
179
47
6
63
80
231
201
169
179
169
201
75
121
169
107
2
231
101
47
60
135
195
170
141
201
1
34
210
233
135
38
126
38
180
141
130
250
179
100
126
75
33
233
84
119
245
236
5
170
103
152
126
244
2
245
22
6
169
231
180
46
136
171
65
187
179
61
186
35
233
208
46
169
176
65
206
201
78
180
130
5
47
212
170
19
154
121
156
121
225
136
46
179
34
233
235
130
88
201
201
19
131
185
76
252
144
169
244
187
12
70
182
146
252
78
198
30
47
5
142
187
101
227
14
240
210
179
244
168
207
235
106
190
84
156
116
245
244
152
131
169
21
240
184
16
134
136
192
38
145
125
2
201
53
217
179
241
169
104
154
90
35
180
84
147
200
188
241
46
61
33
122
185
164
2
187
238
5
142
256
63
46
201
35
184
142
141
169
201
198
152
79
131
194
2
240
227
2
152
2
63
156
91
134
107
188
141
141
89
76
169
231
170
54
180
136
246
171
224
196
145
2
122
147
170
43
205
141
122
248
233
103
110
4
235
182
180
179
248
182
35
131
227
188
169
79
130
44
148
141
28
238
78
211
103
119
245
184
44
150
180
38
245
216
43
181
93
46
248
114
142
79
90
104
30
13
201
15
241
87
16
57
212
179
136
184
90
43
172
126
122
154
107
227
181
201
2
141
63
198
86
30
35
33
195
118
126
119
63
248
188
30
93
25
150
8
16
236
8
211
44
2
184
233
181
119
50
70
71
230
237
130
46
63
169
233
241
2
115
59
150
96
193
24
141
35
190
5
180
180
88
141
195
26
147
179
237
216
24
198
118
63
222
201
2
41
237
217
179
1
119
133
246
14
134
2
24
88
246
19
46
46
8
2
158
142
11
71
233
169
88
95
5
79
90
122
43
97
9
141
40
116
198
9
15
238
58
188
201
195
189
46
158
14
156
64
246
43
108
171
35
101
137
96
83
155
226
179
246
4
241
214
124
231
246
131
122
46
186
3
217
189
227
210
14
14
200
30
154
70
158
216
101
108
187
60
187
178
214
187
14
14
154
218
192
68
144
169
12
215
169
168
226
155
46
187
198
116
248
100
245
141
21
142
211
169
68
60
193
246
208
28
242
188
110
10
156
101
110
232
163
30
192
90
110
198
78
203
105
43
161
189
201
161
30
163
156
227
202
64
108
200
79
12
118
119
118
193
142
227
219
116
199
79
152
201
14
48
149
179
144
233
10
230
48
77
169
