78
75
75
75
7
231
208
231
243
231
40
244
40
231
40
250
250
40
231
240
95
64
180
113
95
177
95
236
225
231
7
243
225
147
113
204
175
106
126
145
106
250
81
108
87
190
113
231
231
126
111
106
236
127
95
240
220
236
131
127
127
105
250
231
105
126
81
111
105
96
14
204
250
147
105
6
127
205
127
108
220
233
90
138
147
70
192
231
236
6
138
236
54
131
204
205
220
138
74
150
90
186
46
70
127
147
113
58
162
126
18
24
146
131
174
174
90
87
162
7
150
7
6
138
112
138
84
231
131
160
146
162
146
25
165
162
204
34
84
150
148
212
90
102
8
84
107
90
89
106
169
81
164
95
129
98
165
174
162
82
187
160
164
238
162
84
219
220
33
240
238
143
127
98
129
91
126
204
95
178
147
164
95
128
84
235
249
194
203
112
16
203
75
138
244
90
164
220
84
137
75
122
58
206
143
131
67
176
186
204
75
87
102
212
6
146
93
169
149
107
54
205
79
165
221
65
97
129
160
205
203
112
97
141
176
100
143
169
84
141
176
143
104
55
14
70
164
14
44
123
90
75
143
14
112
145
76
86
256
196
152
66
34
82
191
105
122
122
67
98
127
57
220
18
79
17
124
212
115
76
98
112
127
238
204
106
6
174
165
127
54
209
220
181
235
135
217
29
128
143
91
220
211
88
47
212
256
121
95
66
98
127
76
229
47
112
138
154
115
102
95
14
211
76
206
165
143
248
219
143
204
93
212
6
204
176
211
138
191
132
98
190
256
98
51
143
115
59
212
247
152
34
47
189
250
189
17
28
136
63
150
204
150
91
229
208
76
204
102
136
169
189
39
206
146
37
2
112
100
150
93
189
115
135
3
190
217
76
211
136
28
190
66
205
204
35
143
186
138
128
5
256
98
160
87
28
132
3
17
95
77
183
195
209
112
250
183
97
16
206
247
98
208
238
106
28
66
229
195
237
26
96
190
5
235
152
220
195
250
93
28
158
150
150
186
124
160
81
54
95
250
90
215
97
98
208
250
117
136
250
219
132
250
138
195
176
31
5
113
250
208
240
26
250
190
138
221
240
90
6
14
93
111
90
82
209
28
96
204
186
251
106
195
54
112
230
12
28
182
84
160
153
66
203
19
109
101
132
149
227
148
243
33
33
174
241
195
105
166
177
229
96
204
220
200
112
80
109
188
242
90
66
5
236
169
191
90
128
208
28
187
224
62
186
10
164
220
131
105
220
145
225
187
98
220
80
30
29
66
35
216
28
109
185
193
198
251
114
154
30
58
37
112
75
102
169
237
148
124
144
13
206
63
243
169
78
98
63
25
112
211
195
114
113
121
54
91
28
5
198
12
90
174
114
120
46
114
14
239
84
35
203
90
237
231
114
84
210
114
234
191
90
179
210
231
14
198
127
182
14
198
152
46
5
185
48
185
54
134
187
209
151
216
214
200
112
6
193
183
99
71
37
193
71
71
187
69
166
114
24
71
6
198
227
147
6
112
115
160
247
52
224
26
58
177
144
254
191
183
24
118
235
92
110
123
220
147
248
109
227
142
142
238
243
54
30
241
90
2
62
90
239
36
30
42
234
147
241
254
239
245
100
132
246
66
71
222
1
81
17
214
114
200
173
98
17
230
1
109
37
226
120
245
71
232
227
250
204
217
171
232
37
206
142
54
63
54
92
90
54
131
111
254
185
234
101
100
54
198
177
92
175
118
26
112
16
14
254
182
254
227
189
220
54
17
190
142
30
193
253
235
63
132
119
132
118
200
173
53
143
92
190
53
214
187
62
55
208
124
66
254
103
224
96
30
142
95
43
204
19
46
52
41
1
204
28
107
192
225
171
227
111
171
200
148
132
160
95
78
171
151
43
173
30
151
70
132
246
227
73
187
171
132
217
63
239
30
93
30
118
132
246
88
200
95
107
165
254
88
200
2
2
71
132
171
206
40
192
214
181
64
188
225
158
171
95
93
204
123
234
41
50
92
38
214
4
46
30
163
226
171
124
88
4
57
118
254
121
234
118
49
132
200
50
86
187
109
86
188
77
28
221
200
147
102
254
8
189
139
86
37
64
254
86
86
218
107
102
36
22
229
225
192
88
132
196
171
185
243
183
100
35
1
248
31
27
192
188
44
15
117
28
173
43
111
230
188
2
236
200
10
236
35
150
43
248
201
188
8
200
254
201
244
1
35
35
2
244
70
236
2
24
132
219
248
15
222
34
33
34
93
226
221
201
