121
80
84
21
84
88
166
17
128
66
150
162
128
177
177
162
150
17
228
123
123
242
177
225
250
162
230
4
239
74
50
96
177
225
88
90
250
228
162
146
217
220
191
162
223
92
26
242
153
151
123
106
153
242
90
242
110
107
128
153
113
89
240
164
151
159
177
52
96
8
31
3
121
21
60
146
215
146
153
162
3
71
228
110
208
121
175
162
208
175
33
248
128
3
251
31
249
217
121
29
228
3
121
121
140
84
136
249
47
199
22
164
162
253
84
157
96
162
202
150
19
175
175
164
208
162
162
143
73
74
2
239
211
16
32
10
162
162
209
55
3
84
110
113
35
88
151
202
243
202
55
202
26
206
136
220
81
113
208
145
84
84
176
51
26
22
175
251
143
225
251
51
251
73
212
19
127
72
157
26
54
177
122
225
84
59
151
10
230
162
72
123
59
14
84
170
177
51
51
3
7
52
199
27
249
8
7
209
162
112
18
179
154
71
15
139
136
249
38
52
209
59
52
154
175
84
157
112
27
16
159
74
112
143
206
54
50
33
62
102
57
150
150
51
50
62
76
7
7
242
225
157
199
176
249
7
110
36
164
133
177
52
123
211
183
54
74
52
225
123
52
150
7
123
135
36
250
25
6
37
150
31
104
256
34
181
56
177
225
144
27
144
83
51
83
162
178
57
153
172
80
54
175
150
7
7
102
203
176
227
200
153
165
52
138
210
150
88
165
121
205
123
203
110
123
251
159
228
102
34
17
123
194
239
97
36
245
157
44
84
206
59
52
72
60
80
205
203
164
18
27
93
41
242
256
202
15
172
150
112
157
3
3
84
129
256
63
3
122
145
242
205
76
3
54
148
25
166
100
77
239
210
208
93
165
54
72
80
197
199
172
162
242
69
123
84
177
249
208
251
222
25
212
251
169
150
157
76
131
7
176
88
166
62
189
123
165
177
121
204
51
33
157
239
94
214
84
230
242
88
197
129
72
27
183
13
44
81
170
215
13
81
26
42
134
163
165
251
51
204
93
32
162
193
218
242
84
69
54
157
163
207
225
215
207
131
197
157
231
225
82
89
203
33
195
178
208
97
16
138
126
135
149
59
11
16
25
7
35
210
217
204
249
80
164
249
162
129
157
33
162
9
208
225
72
172
27
230
185
42
188
199
20
165
214
50
161
74
225
54
135
204
129
210
193
134
3
51
69
98
35
149
82
191
65
165
42
168
195
135
204
72
208
15
215
72
253
229
90
49
55
210
75
189
23
87
251
207
249
144
139
139
170
25
17
249
3
54
147
80
239
231
204
115
172
163
131
48
219
202
249
242
76
199
199
254
193
25
55
155
231
215
133
92
70
240
100
82
55
231
204
100
177
207
213
213
242
110
177
106
9
89
82
17
231
147
153
16
231
159
81
16
3
172
81
54
110
159
57
188
230
22
133
72
163
199
134
209
138
213
57
60
193
204
249
148
190
203
165
7
135
21
175
172
136
165
193
72
189
56
160
54
166
227
99
218
72
217
84
98
203
67
57
189
22
148
5
225
209
94
124
87
82
139
23
23
172
166
68
135
170
98
21
195
157
18
5
165
87
86
9
102
172
222
81
228
72
42
50
80
139
25
200
54
8
208
228
230
80
138
214
127
94
23
55
94
76
135
189
127
214
57
192
184
123
57
33
33
146
183
3
120
157
147
10
48
145
104
3
80
123
165
225
155
200
176
105
98
5
20
82
83
130
33
72
95
31
130
86
210
9
197
72
23
120
155
189
9
250
10
242
33
51
137
177
9
144
123
59
72
188
8
137
76
72
60
8
42
123
60
120
125
23
23
54
92
88
20
175
20
72
137
67
184
88
156
95
92
100
203
92
193
172
71
133
60
163
184
98
34
170
106
120
177
176
98
166
9
92
169
8
113
9
244
83
117
255
60
70
100
238
252
106
72
86
135
120
217
135
117
8
108
23
177
72
165
221
87
123
50
33
90
140
62
82
155
245
123
9
95
145
177
14
209
82
127
112
62
124
125
74
95
36
144
48
23
50
208
34
60
244
97
76
171
41
204
144
57
43
9
125
188
209
42
125
62
37
100
71
176
92
102
98
73
199
62
60
185
14
45
79
9
112
48
177
106
115
180
20
146
133
155
115
226
67
135
103
62
255
41
48
5
112
97
14
42
243
149
232
199
32
50
225
165
140
40
145
188
112
21
156
124
149
147
112
112
207
115
172
150
101
178
146
230
9
188
178
135
73
124
175
205
178
174
64
230
222
113
212
89
32
66
93
36
40
39
32
222
159
191
12
112
89
29
141
87
255
212
103
110
207
48
141
92
50
29
32
104
171
187
165
160
20
154
96
103
236
36
6
108
62
39
256
83
207
25
79
91
160
206
233
115
112
118
230
86
124
235
236
62
247
32
208
148
70
230
243
92
207
166
62
145
178
218
89
49
238
17
212
148
194
66
231
50
153
84
17
162
117
230
20
31
230
243
31
108
88
235
89
235
140
98
76
178
112
184
235
73
27
31
160
92
110
231
191
46
235
117
145
183
176
193
32
62
153
186
124
218
131
140
227
218
178
193
219
39
239
141
95
8
39
73
165
158
19
98
11
191
186
161
73
39
178
84
232
95
218
156
218
84
161
230
32
167
191
166
139
189
249
235
230
49
237
197
253
62
196
182
228
231
230
91
34
156
230
177
8
178
204
131
26
74
189
157
42
117
75
42
35
215
215
178
228
199
255
65
13
148
123
178
205
196
13
196
117
201
117
70
253
176
193
178
45
252
184
246
48
27
221
196
246
221
238
231
249
42
73
77
73
161
18
230
237
32
250
137
147
102
117
230
219
228
32
41
221
151
27
196
210
83
224
98
148
103
110
155
117
193
17
73
193
210
98
221
178
50
178
79
252
60
199
148
176
117
235
160
201
208
57
230
32
6
176
70
164
47
239
178
165
52
197
5
88
117
34
27
184
122
215
118
177
192
104
195
104
163
64
225
50
55
178
230
184
250
169
137
129
186
204
242
184
124
76
184
20
15
142
163
39
153
242
64
137
112
210
121
161
178
15
74
175
185
153
112
62
232
131
249
38
198
111
197
33
44
163
32
25
221
153
120
235
218
230
79
192
104
76
163
249
230
254
178
242
144
3
196
42
48
223
63
201
36
117
207
32
53
124
203
192
41
180
87
154
254
117
3
124
53
167
137
163
222
254
163
178
243
95
137
110
255
246
53
128
252
235
192
163
210
117
221
69
176
3
215
178
252
176
246
196
198
206
13
88
124
49
236
49
120
252
120
203
74
52
82
9
218
233
243
192
63
179
246
233
74
192
226
221
131
165
79
33
120
203
82
249
158
252
124
82
203
113
246
99
161
188
186
20
221
9
90
207
176
9
256
69
218
132
163
117
