181
244
98
244
181
84
98
84
98
36
40
97
222
33
31
205
205
41
136
236
40
74
97
89
189
108
62
202
176
239
41
98
59
150
15
75
184
252
230
87
205
237
239
141
75
29
42
238
29
237
235
38
136
150
75
74
40
137
108
243
199
33
97
84
203
73
40
176
63
237
235
177
250
102
87
168
87
178
10
87
140
194
191
87
84
87
140
167
41
14
64
175
29
75
112
75
106
237
233
106
95
141
222
15
201
57
112
150
243
237
89
166
25
138
150
67
37
196
51
165
29
250
248
230
15
101
250
193
167
199
219
62
229
243
65
176
30
36
11
54
243
183
42
192
151
205
26
236
42
105
88
203
248
150
122
203
29
113
150
70
77
179
55
114
199
122
42
78
237
138
69
59
52
237
236
95
69
66
115
84
42
35
33
166
243
161
256
52
14
15
106
59
249
252
163
29
36
24
33
25
235
151
35
138
55
101
176
63
243
10
222
28
43
203
193
32
157
146
179
252
116
57
214
174
15
105
29
190
94
193
208
164
249
84
137
190
204
105
96
84
47
72
37
138
33
59
63
27
172
33
21
233
219
63
105
54
33
63
28
39
101
150
209
105
96
190
63
214
64
255
14
39
150
138
63
230
212
256
242
128
165
35
122
63
14
212
130
219
184
230
31
179
71
31
135
95
150
33
209
196
143
165
75
214
138
105
209
150
106
9
135
184
210
54
73
158
228
48
15
194
31
179
15
45
19
216
199
103
35
162
208
122
90
25
209
150
136
208
244
12
116
41
59
256
26
233
95
184
136
243
99
82
135
199
37
43
63
34
31
250
125
180
203
15
69
249
35
61
252
19
63
138
237
38
56
14
201
29
67
88
33
19
163
52
52
56
66
196
199
9
134
29
167
38
35
19
184
35
219
170
226
39
67
166
170
56
203
238
25
185
235
141
243
137
220
186
116
252
106
212
91
7
87
136
172
44
252
183
205
167
141
236
61
113
186
38
256
15
73
122
9
243
144
90
33
179
10
195
116
67
100
179
139
101
26
158
154
130
166
31
10
63
140
76
198
256
138
33
164
227
169
235
33
49
186
67
154
154
139
210
67
106
32
158
154
63
135
214
158
16
37
39
47
101
167
29
57
141
67
186
192
203
229
52
191
179
165
86
63
206
166
85
154
109
164
43
233
125
141
29
140
116
88
127
86
64
179
167
134
63
89
174
231
169
29
75
63
162
141
52
3
252
103
106
120
63
179
101
110
210
35
66
130
42
38
210
135
170
63
177
177
88
162
38
250
11
230
67
10
94
240
248
135
83
139
34
186
184
167
169
104
120
149
9
251
29
181
147
248
65
256
215
177
52
94
155
248
230
186
179
248
63
144
28
22
42
130
252
221
8
229
63
167
116
187
154
199
41
219
120
93
63
135
168
72
73
121
70
12
75
141
127
226
39
29
42
233
166
186
174
178
214
38
65
65
69
88
116
80
122
102
187
42
58
94
203
216
65
122
93
216
35
248
111
167
46
50
207
104
256
34
9
30
116
196
26
8
135
122
203
53
116
221
211
9
13
104
9
25
71
33
151
144
206
137
122
9
142
186
50
102
9
26
252
240
217
47
94
76
174
116
134
220
248
33
167
221
145
233
147
99
216
195
111
169
96
94
63
61
199
127
88
104
9
154
33
136
217
42
61
172
164
63
215
13
23
109
249
58
94
223
60
147
233
111
67
5
106
240
38
240
134
174
33
53
146
65
94
170
122
248
38
132
175
226
109
247
179
134
242
94
70
70
75
64
34
64
11
147
252
97
72
33
33
101
229
147
35
97
145
193
238
230
191
102
108
93
217
252
61
95
126
206
171
233
237
38
167
227
174
138
226
66
167
122
126
55
114
101
233
216
144
219
174
164
169
155
6
39
15
109
203
89
185
190
216
91
70
191
226
94
66
201
187
25
33
33
104
64
89
79
104
252
240
115
99
231
167
179
89
116
142
212
256
118
189
124
116
154
91
83
66
226
206
12
42
167
170
122
253
190
68
155
233
14
252
26
168
233
165
9
137
235
250
187
96
11
31
231
168
66
207
108
9
32
252
167
249
110
26
207
25
222
201
29
236
11
89
102
217
182
180
205
215
180
184
164
202
88
213
256
216
38
170
134
21
26
236
226
164
113
164
120
121
167
197
46
66
99
42
34
147
9
110
116
182
231
199
123
35
137
94
141
171
187
43
64
76
76
215
210
233
63
137
99
86
42
183
30
237
99
12
53
9
105
195
34
99
239
105
142
213
139
52
28
66
197
189
180
210
183
3
179
134
108
11
25
72
93
221
155
171
174
73
223
83
108
167
213
155
28
187
64
28
94
24
28
164
110
65
66
226
155
9
204
197
93
167
99
155
247
72
197
10
64
123
155
84
9
164
99
240
155
118
9
49
122
42
29
181
61
171
207
99
73
237
149
82
255
83
197
26
216
91
250
209
24
12
205
212
161
19
54
169
55
164
137
57
169
37
189
251
54
209
88
9
142
42
145
29
146
175
207
66
179
95
101
101
38
197
164
97
161
204
120
72
190
37
52
113
197
19
216
99
210
154
57
81
195
95
63
63
155
99
97
226
210
209
240
169
99
88
99
207
25
38
12
120
199
72
52
186
210
73
57
99
84
9
155
161
106
134
155
128
84
52
169
153
120
99
91
212
127
73
72
77
84
39
91
170
255
32
210
197
57
116
233
193
101
22
99
209
209
218
207
69
164
23
82
57
32
26
184
240
203
170
105
91
99
216
48
157
137
104
197
218
111
11
54
72
197
116
139
77
197
76
148
83
149
99
73
212
32
99
134
99
9
197
111
120
97
197
139
150
101
149
229
35
142
99
159
157
32
49
202
99
197
9
84
99
97
33
255
193
218
218
210
99
149
120
174
94
32
161
49
190
102
255
218
120
218
122
122
94
184
256
197
94
230
58
184
58
17
104
24
97
84
48
158
218
99
93
232
166
179
9
149
190
99
134
210
32
94
117
48
167
84
84
179
255
184
203
180
129
99
218
199
197
161
63
201
116
197
179
91
115
84
232
161
232
96
73
230
253
17
33
180
63
120
187
32
197
232
99
174
129
120
213
15
59
15
115
232
145
167
148
116
255
216
99
26
84
44
169
65
179
15
58
91
55
163
94
120
215
218
72
15
196
22
184
153
139
199
133
186
63
174
232
197
133
122
25
210
210
202
220
133
218
178
120
235
63
17
120
218
26
22
26
31
145
32
23
104
139
26
25
28
167
74
66
9
167
15
137
23
248
99
49
197
57
52
133
232
94
45
164
48
255
9
84
221
235
55
233
140
105
172
123
49
148
45
247
15
247
91
84
26
218
167
218
197
104
84
197
52
149
26
158
232
1
204
111
42
215
179
52
105
227
45
99
117
149
139
128
104
84
108
99
72
104
149
243
134
164
26
146
197
218
252
139
135
28
203
201
233
170
96
215
135
58
117
53
159
