151
150
151
113
150
200
121
113
75
113
191
95
75
231
150
137
195
191
204
107
204
195
195
7
205
231
135
239
130
90
225
135
96
204
1
205
97
74
123
91
127
123
58
239
2
21
2
208
90
54
123
67
78
231
191
58
191
150
2
205
190
29
205
91
239
113
95
130
195
194
205
78
185
87
2
130
132
199
1
2
231
1
67
77
75
150
95
59
199
231
97
210
95
175
95
36
243
95
210
253
195
2
205
58
206
206
78
95
95
91
40
132
36
153
253
206
97
210
205
75
150
101
2
239
113
153
210
40
182
74
164
206
46
210
49
190
97
206
2
95
130
183
187
132
164
97
164
1
28
2
54
75
78
29
130
1
95
210
206
137
95
239
49
210
178
210
193
55
250
130
178
138
11
140
106
165
246
2
140
11
231
150
183
113
2
11
245
164
2
68
184
46
195
97
2
67
204
4
140
40
107
52
113
81
92
205
224
253
78
140
97
183
1
153
253
147
136
164
226
54
55
113
3
245
113
162
55
29
246
118
223
162
152
226
78
90
236
3
68
24
136
164
100
239
18
105
107
164
245
60
83
109
42
114
189
117
113
187
162
204
2
113
130
137
49
58
74
210
90
11
77
11
115
55
139
136
65
10
133
147
4
24
4
58
130
90
78
113
30
83
128
130
58
250
28
84
28
60
114
18
130
14
226
30
60
30
110
97
10
147
55
71
100
175
53
183
125
162
108
79
58
205
187
173
173
82
117
105
217
217
107
33
77
131
132
33
88
40
17
156
77
217
245
86
60
103
175
105
79
12
253
195
249
114
117
108
176
53
215
119
252
65
28
164
253
2
233
83
226
139
99
36
30
24
119
117
24
117
77
189
216
101
10
130
195
226
159
226
245
252
70
109
128
195
191
103
43
2
79
2
217
52
29
58
43
233
2
65
131
60
43
30
92
30
249
12
30
117
75
28
75
147
2
2
151
30
31
33
130
68
119
187
58
58
12
77
163
171
13
127
132
184
252
187
195
119
159
77
245
43
168
137
79
29
204
130
2
30
11
1
43
126
193
214
108
137
187
172
77
184
1
244
43
226
130
255
132
77
43
65
130
219
77
112
2
78
1
33
214
59
178
24
204
134
12
33
51
184
147
207
43
43
171
224
70
236
195
45
42
144
68
101
137
1
226
226
135
226
218
43
220
12
130
168
2
42
133
181
236
120
211
85
60
217
49
132
205
133
76
77
70
132
132
252
118
216
42
226
60
46
42
60
131
177
78
132
211
124
77
226
79
105
192
85
158
42
155
58
131
174
226
105
222
26
158
98
173
217
135
184
68
187
233
167
117
53
78
245
226
70
132
215
132
177
220
232
215
132
249
131
132
131
196
114
30
211
60
254
58
20
161
100
132
9
78
131
194
117
158
124
248
218
2
224
117
117
101
100
132
231
39
207
39
44
131
213
33
226
70
132
215
155
207
39
68
205
217
226
167
120
42
125
44
70
49
117
217
39
191
226
78
132
133
213
9
68
43
142
132
142
120
60
215
45
39
207
114
131
100
226
2
137
226
213
45
193
226
101
136
73
157
53
36
113
137
60
56
207
200
207
131
45
226
56
193
60
109
173
180
78
133
78
142
200
132
82
120
78
133
113
33
117
109
142
109
137
56
148
142
4
70
49
45
207
9
53
53
53
109
23
137
39
135
131
135
159
159
53
114
193
30
119
142
119
23
188
137
119
173
120
131
200
119
241
49
43
60
14
152
70
78
78
156
132
224
157
124
163
137
37
78
39
53
78
233
159
53
70
49
156
120
197
167
233
141
