208
206
151
3
107
3
3
208
3
95
206
107
151
97
14
184
27
208
206
95
211
3
3
184
116
65
28
136
95
211
28
208
206
28
184
28
123
136
211
114
136
77
137
54
101
114
77
16
211
248
156
250
156
217
172
114
90
248
94
122
156
41
248
248
77
156
164
206
179
180
248
79
236
126
222
94
180
101
167
236
123
154
180
114
27
222
167
27
180
5
16
126
236
191
89
171
254
131
212
75
168
36
93
123
199
199
114
233
176
4
182
5
15
40
38
38
36
95
145
233
181
151
41
38
96
107
136
122
61
167
243
38
245
180
199
38
113
174
113
160
172
126
205
123
59
136
96
38
116
114
185
103
38
245
176
61
179
181
176
174
124
41
136
101
147
206
16
6
36
38
212
27
123
30
26
153
168
248
247
83
174
245
195
193
160
170
41
174
97
123
244
69
101
101
31
94
59
154
36
30
199
214
167
37
120
94
104
38
191
145
42
15
195
15
211
122
221
113
246
204
81
185
167
151
37
29
179
15
158
49
150
37
150
116
90
181
113
61
107
172
200
245
55
92
37
94
29
19
221
147
58
116
206
190
248
44
118
147
116
17
149
49
55
42
101
137
137
101
116
247
154
29
221
142
174
212
149
173
147
211
56
96
210
184
57
107
19
113
247
254
101
98
7
228
38
71
118
147
27
107
15
49
41
29
181
49
69
254
163
9
115
9
44
147
149
64
71
98
171
191
221
5
187
71
89
31
207
207
37
139
36
121
9
129
256
247
84
13
255
218
249
104
184
98
98
195
207
13
137
48
55
233
158
107
147
137
174
83
24
162
216
42
95
252
149
17
118
77
172
187
231
203
49
207
246
49
246
91
231
254
210
109
5
32
120
193
210
29
55
250
122
97
78
200
187
182
22
245
8
8
79
82
116
193
184
80
51
56
247
126
244
91
61
118
174
28
116
148
232
78
160
109
126
29
147
252
98
25
9
9
233
120
207
53
116
73
36
113
233
97
158
116
57
160
113
117
137
32
160
237
9
182
200
120
42
124
9
146
227
167
9
110
91
182
199
29
48
207
82
217
233
123
195
34
130
246
211
16
179
207
95
50
137
109
10
173
53
120
66
76
221
252
256
179
9
148
130
216
28
233
184
200
120
184
120
162
83
28
53
124
75
226
41
199
50
247
32
147
61
221
66
57
26
104
89
178
246
255
105
121
154
200
147
9
1
89
200
116
49
70
33
139
156
217
165
158
200
167
228
217
173
254
91
187
30
138
49
226
233
233
105
233
233
78
213
120
22
219
158
41
160
200
156
122
1
230
22
238
6
34
207
135
238
147
230
207
122
160
179
210
53
28
142
210
158
104
222
