253
19
121
230
115
214
19
230
80
25
214
75
214
136
29
87
183
179
67
165
87
8
240
151
112
183
25
62
166
19
237
160
75
93
214
177
90
97
103
62
242
220
205
219
239
229
160
110
147
54
74
74
140
129
242
153
7
95
239
81
5
190
81
98
18
54
19
242
136
123
59
149
103
212
8
18
55
40
153
93
220
135
209
220
59
36
250
105
251
107
50
95
7
230
116
79
7
129
140
62
7
225
212
190
103
11
31
160
97
55
18
203
71
251
129
123
140
219
62
138
164
128
25
250
237
123
81
40
251
209
176
192
50
126
153
236
8
129
8
59
166
36
50
138
81
41
18
81
14
110
41
79
8
205
97
97
140
53
144
36
123
177
25
229
212
74
135
240
54
232
250
138
59
22
151
250
21
107
103
203
182
93
209
220
56
8
253
165
240
103
32
110
7
93
153
227
239
184
87
39
214
101
253
237
36
41
242
42
207
40
123
212
176
168
24
74
220
59
232
177
138
7
151
84
211
242
207
117
208
162
127
209
97
65
93
143
162
62
44
87
34
121
181
204
29
250
87
74
90
42
8
87
151
229
7
3
240
242
33
136
27
138
121
95
153
67
229
97
176
155
106
103
208
209
75
143
239
220
236
31
143
221
221
206
205
17
97
231
28
40
237
150
19
74
17
98
79
11
98
28
164
123
77
39
237
117
239
238
84
223
3
162
128
186
98
220
242
161
17
5
225
27
32
211
74
67
95
117
75
225
28
7
17
97
41
21
141
11
223
81
240
166
211
39
137
7
27
32
144
138
17
79
235
211
33
97
66
103
179
87
159
146
135
74
42
231
232
176
7
160
17
88
79
39
150
71
84
216
109
79
186
32
121
183
94
93
66
73
27
189
187
13
237
254
194
188
118
144
25
181
33
84
136
31
64
96
194
205
146
138
231
205
194
205
126
114
97
153
45
79
153
221
84
58
97
59
176
128
150
80
145
108
177
168
136
250
181
231
7
183
194
211
92
42
42
162
170
176
211
35
81
209
194
29
93
37
203
213
29
31
207
17
166
216
194
108
174
229
143
235
84
256
191
176
25
79
174
145
157
75
153
32
191
145
52
42
143
253
140
172
176
225
150
183
21
80
31
141
221
39
249
231
64
52
40
256
200
181
256
33
29
150
94
138
178
114
31
235
251
146
114
11
21
117
208
7
32
135
225
183
178
208
33
31
156
25
47
73
9
91
72
177
119
208
232
209
172
25
161
206
179
18
208
70
182
72
208
164
177
235
58
7
242
75
92
170
182
156
178
235
72
122
204
231
27
58
136
160
118
146
31
209
146
250
97
25
162
174
18
62
25
52
7
25
191
17
118
55
231
118
75
250
71
129
22
237
72
242
87
241
62
220
153
128
36
81
84
160
84
70
57
80
186
108
135
65
74
122
156
229
97
166
87
72
235
95
176
55
114
177
104
83
123
169
182
231
209
156
219
108
184
6
129
87
55
242
175
145
251
221
235
153
97
172
128
217
90
122
9
40
36
209
164
167
74
17
39
98
55
186
185
55
248
119
87
13
167
46
122
207
17
254
243
177
230
128
166
32
213
176
251
107
61
71
3
175
91
129
130
230
172
32
65
103
140
147
205
153
90
146
206
13
170
52
208
7
165
47
231
172
122
81
238
17
209
156
149
176
224
87
37
232
54
201
71
13
27
74
100
44
156
77
36
35
32
209
147
203
17
167
212
170
6
17
40
193
156
104
132
90
185
9
112
73
191
57
95
153
147
217
72
75
80
98
40
95
141
34
160
5
90
87
34
109
203
87
40
235
230
172
83
7
240
109
54
175
97
225
123
58
116
6
140
18
237
183
9
42
183
95
97
127
73
199
89
54
235
40
185
147
98
75
86
59
236
217
71
113
113
225
89
40
11
49
218
29
224
9
176
42
191
147
127
54
247
16
183
28
92
191
185
51
28
53
9
18
217
133
34
59
90
113
239
41
185
113
118
239
252
190
9
148
82
3
58
77
175
145
18
51
41
51
238
9
224
173
180
54
75
52
85
175
238
97
7
239
218
218
40
219
190
61
195
171
239
173
238
236
127
85
136
154
57
10
40
182
54
171
81
190
113
20
191
21
85
91
86
51
185
132
59
171
67
239
109
127
118
256
14
160
162
86
15
97
172
109
172
173
20
52
88
256
57
167
86
24
117
28
167
144
4
151
119
142
190
20
189
220
53
117
172
129
72
31
182
16
200
9
77
64
170
225
157
234
10
175
27
9
82
19
64
82
250
160
76
20
120
236
201
218
185
9
242
224
54
16
53
86
9
146
76
84
85
146
20
34
144
219
108
102
145
9
82
21
53
123
69
207
144
120
256
235
48
181
177
20
178
195
27
56
138
196
169
9
160
5
112
217
209
25
53
105
102
74
174
4
206
136
201
9
79
9
141
83
108
145
118
138
136
64
73
151
112
196
124
238
82
134
189
109
235
115
248
16
12
107
220
10
64
189
172
112
200
236
85
115
121
199
227
201
102
47
182
182
78
207
256
25
13
137
200
115
170
230
139
92
166
64
196
78
196
219
232
236
35
172
110
256
254
234
77
26
249
92
253
200
196
256
229
75
192
178
107
42
137
78
10
215
237
149
75
169
236
79
137
131
102
9
192
149
172
10
149
137
34
92
26
77
18
25
10
70
69
19
77
171
34
45
121
76
256
37
129
230
228
11
110
249
110
220
161
196
242
170
164
77
42
201
224
85
33
117
159
35
95
19
136
19
234
132
77
256
239
27
64
120
109
45
186
88
184
239
55
116
120
249
237
34
31
98
92
110
249
203
65
110
165
85
91
189
120
175
9
200
44
106
221
256
117
12
236
228
133
69
238
232
219
120
207
192
33
67
76
176
82
201
256
79
93
77
249
205
102
236
56
230
137
192
201
97
176
39
200
9
176
31
31
110
189
196
196
256
10
193
42
35
186
178
236
146
201
192
42
77
207
23
53
157
120
163
133
77
77
82
163
184
233
64
77
133
77
131
39
85
232
