51
51
51
51
51
51
59
36
231
59
36
135
59
150
123
71
113
209
146
71
194
138
121
123
123
123
123
7
123
209
138
27
71
240
7
254
254
71
7
36
54
113
7
177
54
170
54
54
3
95
67
239
113
231
231
231
36
54
71
54
113
242
71
7
231
209
71
17
208
68
7
21
92
150
231
211
208
92
68
249
209
80
146
136
105
3
92
254
68
113
50
254
87
113
21
30
185
185
68
254
7
177
7
150
185
31
160
42
7
160
67
194
180
73
67
153
36
84
185
84
177
68
67
160
21
231
194
113
191
188
7
7
4
177
42
92
160
165
21
33
160
254
36
205
21
231
254
7
231
185
177
7
54
4
231
92
160
191
166
92
87
254
254
177
209
75
206
160
118
254
231
92
160
92
92
211
21
67
144
151
52
99
33
36
25
209
176
185
166
113
215
177
194
205
87
21
194
89
99
166
84
99
82
36
144
177
177
162
177
205
50
107
99
166
162
188
188
160
107
99
253
194
202
36
59
72
42
99
121
188
99
118
191
98
174
36
99
135
59
209
36
188
143
92
177
107
162
130
202
202
151
177
191
177
254
99
209
206
162
99
177
213
197
177
190
177
52
209
84
162
177
202
256
162
202
177
152
95
170
202
36
162
115
243
144
150
197
130
194
75
178
156
209
209
72
191
209
52
74
194
72
197
177
177
160
36
33
42
107
162
140
23
200
133
190
23
162
85
20
162
85
90
71
71
54
209
146
253
92
161
209
177
68
21
194
213
190
215
95
54
92
125
162
209
177
213
190
153
214
140
32
115
162
33
162
62
118
213
32
84
138
162
162
213
100
118
28
149
238
118
84
49
191
204
213
209
72
186
149
121
144
135
36
200
178
148
1
209
156
121
146
146
166
109
163
118
235
254
254
48
248
72
235
166
162
163
204
82
118
256
115
153
136
91
246
72
146
156
69
23
155
84
98
113
87
112
16
71
118
223
136
157
107
209
254
87
209
95
216
254
224
4
101
194
107
59
208
124
213
25
118
201
204
189
75
161
72
49
104
204
50
84
157
72
202
150
118
112
169
197
194
232
118
166
202
197
32
143
68
27
213
104
254
180
72
252
197
123
68
108
45
249
72
118
251
160
128
209
143
170
205
94
136
208
52
47
250
161
113
118
138
242
84
15
197
52
94
249
204
172
123
37
132
109
246
138
109
138
168
71
118
227
246
213
101
215
214
150
76
37
205
194
152
197
209
135
197
194
177
145
215
47
115
214
82
197
74
107
11
149
204
165
182
84
101
156
95
197
101
21
161
101
185
15
161
3
31
73
192
197
71
232
214
94
197
249
118
246
216
7
165
4
3
95
254
197
51
216
52
209
118
130
169
224
27
214
168
169
197
120
232
107
88
118
29
37
33
118
141
165
213
3
94
186
40
5
118
156
162
251
102
215
166
235
104
254
109
73
229
202
57
87
235
235
194
107
181
186
123
27
127
157
140
3
42
187
3
157
182
95
211
197
125
115
51
50
4
55
144
235
197
218
146
67
63
182
187
194
235
204
168
100
75
165
184
197
59
197
127
20
198
197
181
4
246
115
159
95
159
245
22
231
199
98
159
15
94
163
157
246
102
232
118
33
90
72
160
232
202
40
137
104
74
168
94
76
78
33
140
99
235
113
35
127
100
253
12
123
49
211
211
191
30
197
78
13
254
118
56
197
72
157
42
33
23
12
213
23
44
23
55
60
168
36
78
246
95
97
246
80
163
69
220
200
25
197
244
246
39
173
72
173
246
72
169
68
76
10
45
214
11
65
123
72
82
72
222
182
99
148
109
102
151
11
72
149
57
159
230
72
168
72
173
203
250
82
208
138
213
173
110
23
63
175
16
23
42
208
14
234
126
157
55
100
37
202
173
69
250
196
175
184
94
48
161
4
249
72
202
189
47
110
84
234
149
220
45
220
242
200
155
63
97
149
82
178
161
139
200
185
137
214
228
237
152
249
236
227
163
178
72
120
11
230
202
47
156
82
169
133
138
102
197
163
82
73
173
197
12
197
116
234
118
56
12
110
189
232
57
60
196
50
60
72
111
16
145
47
203
19
159
199
128
82
159
195
55
116
185
157
246
202
157
178
72
52
56
152
246
195
77
256
119
244
60
224
232
234
234
157
60
65
207
56
116
128
205
100
58
125
243
239
86
179
173
65
56
86
23
159
49
153
148
42
78
157
19
72
146
13
12
203
100
49
49
52
164
49
230
12
60
31
13
111
227
256
120
70
100
163
101
33
89
115
18
107
85
199
84
197
48
85
72
4
57
157
120
185
4
256
38
49
85
163
72
164
13
111
68
195
185
81
100
213
213
72
157
142
191
157
