97
211
33
59
33
236
211
81
135
31
40
97
33
11
11
162
162
31
97
236
131
121
11
208
102
235
31
40
31
74
2
146
102
45
40
212
84
84
115
74
84
73
137
33
40
59
40
158
97
32
29
84
212
31
95
84
97
75
166
121
55
203
80
40
84
31
84
29
230
115
55
184
40
80
73
187
10
169
77
117
30
77
212
249
84
77
117
97
102
3
230
153
84
235
3
158
96
256
73
53
138
59
136
29
14
153
208
28
11
230
59
176
44
34
73
29
84
150
121
123
80
256
136
170
166
249
54
214
115
17
28
219
73
3
17
217
39
138
54
238
105
123
146
203
13
219
11
189
117
118
7
251
18
251
143
3
186
73
32
250
77
14
88
136
178
170
123
80
13
235
183
13
80
251
186
203
13
37
146
33
238
224
33
186
17
201
238
26
60
178
138
114
162
186
237
66
143
147
182
223
62
39
77
88
95
166
123
138
196
105
146
138
228
83
203
132
80
121
35
235
166
80
54
181
27
196
137
138
3
83
73
238
31
184
88
117
89
230
3
79
195
105
166
16
43
105
184
135
256
153
181
104
138
186
235
80
33
96
108
204
146
64
80
105
91
130
52
64
66
150
252
25
179
34
230
181
3
96
3
116
79
4
238
195
200
138
89
13
240
46
190
3
36
249
235
217
250
240
27
221
235
203
65
211
3
252
83
112
74
253
115
146
203
75
211
219
166
89
17
235
39
175
33
228
193
31
131
199
146
166
88
144
250
25
60
80
70
229
103
91
214
135
31
138
186
196
168
236
169
186
162
161
256
211
249
55
168
18
253
249
49
203
39
140
41
165
215
253
256
253
77
50
223
211
25
253
203
204
178
220
196
102
9
35
221
67
240
95
138
10
73
212
42
52
157
13
221
77
18
244
207
128
13
86
117
203
103
106
196
250
88
31
237
91
140
196
27
138
76
81
35
238
190
212
83
104
215
145
197
237
67
33
77
146
144
144
64
229
64
153
5
39
51
76
64
10
190
39
256
219
108
242
33
25
230
55
186
54
170
14
134
136
235
196
117
8
242
250
69
29
13
25
230
190
240
21
174
181
149
31
76
146
150
12
103
52
33
70
170
240
169
252
217
170
61
114
47
185
137
1
106
12
17
242
89
231
8
21
38
31
25
138
25
39
201
39
35
32
64
54
81
136
13
110
75
88
154
167
11
79
76
27
186
25
25
237
73
250
73
64
76
136
106
249
244
64
110
27
166
201
11
33
28
67
121
220
14
73
175
103
50
237
170
35
35
249
153
34
50
10
214
164
91
88
48
35
240
202
32
33
112
88
109
135
73
221
165
226
1
15
82
221
35
190
26
33
228
132
111
8
33
150
106
238
147
223
40
170
201
190
64
128
238
25
115
39
42
236
64
256
115
256
32
195
134
189
203
60
145
70
187
184
221
249
203
27
13
175
244
187
22
256
164
25
33
138
211
21
73
135
240
235
10
74
33
162
104
181
240
179
222
25
195
186
104
161
52
220
140
110
196
12
256
35
139
35
50
184
75
237
146
149
108
230
96
80
146
44
203
110
199
91
21
153
153
237
237
33
1
235
159
87
149
104
50
225
13
4
64
195
159
121
51
226
103
139
230
105
223
31
77
25
77
15
176
77
115
39
44
57
183
193
190
161
194
214
32
77
186
52
223
89
70
190
119
55
12
201
35
8
110
176
27
67
25
207
64
13
235
158
220
25
49
146
34
60
8
49
190
249
149
220
176
221
10
81
39
256
192
223
77
192
193
217
106
249
50
74
236
249
256
135
164
55
249
190
67
50
130
17
83
256
182
187
32
13
100
244
70
88
88
67
184
14
3
55
91
146
256
10
27
134
181
169
238
149
81
221
238
161
240
110
253
228
249
44
96
199
256
73
149
203
27
240
147
130
100
59
17
25
19
170
207
230
143
35
52
199
14
103
45
76
170
43
197
149
49
249
19
208
122
27
13
73
10
146
214
195
50
197
164
16
159
245
108
169
228
15
256
119
22
33
83
91
207
14
228
240
190
249
65
181
35
164
221
137
117
154
38
184
145
137
150
62
65
91
64
52
62
25
27
159
240
11
168
176
149
197
120
105
196
38
52
79
32
13
230
82
2
47
240
19
73
76
28
57
137
63
55
32
39
77
190
223
31
135
149
230
248
122
201
60
123
162
40
50
73
91
82
134
130
12
88
110
55
195
146
81
153
194
190
256
236
249
32
79
248
171
172
236
249
181
52
28
240
193
52
222
74
157
228
249
91
162
199
219
187
80
102
70
25
145
222
70
91
242
237
236
64
106
157
192
248
222
15
108
56
64
221
169
187
190
77
27
203
10
169
203
137
207
169
105
35
235
112
221
145
201
120
215
110
146
10
196
64
110
14
231
189
190
203
103
214
87
32
195
199
201
221
69
214
169
64
35
221
83
161
34
49
238
149
146
39
129
184
194
75
249
252
150
33
172
145
19
106
11
132
70
91
148
201
22
203
237
242
137
64
83
32
154
69
237
190
72
194
197
121
93
153
8
256
139
191
76
252
73
131
65
62
17
44
70
135
167
190
105
164
240
201
179
21
14
76
8
207
199
207
190
57
27
144
216
4
93
54
82
128
138
35
28
76
39
232
249
116
120
8
247
95
120
29
31
195
203
186
207
103
75
201
76
117
13
105
149
91
210
12
190
187
69
27
243
194
77
81
88
100
196
230
256
127
15
117
232
120
117
156
196
221
175
70
10
70
25
145
238
201
9
14
147
187
256
240
256
106
256
35
17
19
13
13
157
181
76
35
215
110
175
115
28
174
196
181
230
189
151
192
37
140
117
172
192
236
229
147
47
154
171
112
32
253
75
146
228
222
198
115
242
199
13
172
105
253
221
35
226
73
195
170
24
237
169
249
237
79
201
133
242
149
111
174
223
106
11
26
10
190
249
104
171
53
44
204
103
253
104
88
184
69
53
169
35
21
170
240
10
207
195
99
157
37
47
221
256
87
13
10
223
181
93
135
115
169
149
245
35
237
219
32
32
32
161
252
94
105
33
64
201
82
130
112
38
196
252
187
34
10
76
207
223
243
156
195
181
69
65
13
27
249
11
203
39
91
249
64
66
193
91
148
248
160
65
35
199
91
13
186
117
76
131
73
3
221
219
207
187
35
114
236
178
102
249
35
137
13
169
146
10
59
203
11
223
110
154
9
108
32
35
35
207
13
10
76
228
76
32
158
69
96
117
103
140
204
154
186
128
31
240
197
61
223
215
89
102
195
89
74
25
146
28
81
76
75
25
103
102
53
163
74
120
203
228
181
146
75
203
15
102
14
140
248
139
190
124
115
223
219
252
204
69
238
69
72
33
53
26
10
171
102
190
248
35
26
240
169
53
144
168
157
126
106
171
15
35
69
253
134
186
242
230
223
153
106
70
116
192
216
237
168
236
192
79
153
236
157
94
199
157
52
217
190
64
196
63
121
10
25
60
170
106
10
108
26
196
154
94
144
220
129
86
129
34
70
218
129
102
139
104
25
179
230
69
217
9
237
228
135
11
232
88
11
37
89
190
25
102
69
95
190
34
247
41
102
134
122
236
11
196
196
35
133
210
32
82
10
135
76
128
57
203
134
203
135
135
256
163
214
201
35
91
72
117
256
186
184
214
187
207
31
242
25
91
218
153
218
73
139
240
76
214
114
57
32
88
158
69
134
35
102
244
72
238
11
129
242
83
186
193
236
75
11
134
148
106
35
192
72
10
31
33
67
203
190
201
122
187
235
248
64
35
2
187
10
11
248
86
220
73
35
10
253
77
193
186
94
19
253
114
61
176
11
211
18
256
227
79
252
139
214
135
144
216
250
15
14
18
215
99
10
243
250
67
190
128
52
203
199
199
238
86
164
94
161
94
14
102
249
252
204
204
102
27
137
139
115
203
169
252
11
86
214
45
186
253
198
194
34
207
189
26
83
60
99
37
179
133
237
91
237
11
31
250
147
223
256
207
52
96
238
150
169
81
199
238
48
94
196
168
214
238
105
73
247
60
195
169
184
216
252
26
149
237
27
169
204
242
149
114
139
196
86
49
134
9
251
237
189
77
215
187
33
121
235
18
25
190
187
44
86
223
135
22
157
11
216
164
57
73
64
70
94
102
76
110
176
88
10
53
238
79
199
170
25
237
76
115
203
199
221
199
240
39
34
120
70
86
34
202
135
223
26
86
207
233
228
76
238
216
49
33
11
105
252
140
19
86
176
15
70
86
242
11
238
96
189
61
77
219
199
189
235
186
42
133
169
189
157
134
45
86
67
57
139
256
56
175
158
73
105
256
102
62
216
121
174
121
147
175
104
31
189
196
88
67
204
203
161
117
214
176
133
19
26
238
45
238
178
189
157
147
201
184
73
219
210
49
11
86
45
159
242
238
88
130
192
43
10
236
221
64
19
32
33
134
83
83
70
120
77
52
172
199
86
153
18
32
157
91
44
190
76
53
52
10
44
34
78
91
86
86
159
42
72
73
184
63
192
256
15
210
163
52
115
131
213
157
72
219
202
10
203
45
128
22
178
192
26
128
157
244
56
147
45
44
202
117
161
120
157
192
105
196
45
137
192
240
26
102
214
133
242
243
214
178
196
149
232
39
45
57
86
137
56
39
219
249
157
159
148
53
35
26
202
124
213
45
86
115
53
46
163
45
117
56
53
45
161
201
110
213
52
45
86
196
32
88
157
202
131
124
70
77
131
9
161
101
56
196
161
157
107
213
157
53
202
124
189
232
157
45
161
22
213
45
45
120
45
56
42
53
