128
164
184
203
55
169
80
55
190
202
186
29
29
203
164
75
121
143
87
164
55
29
29
84
84
253
29
75
75
84
256
42
84
184
29
95
27
31
176
164
160
31
55
256
31
169
55
164
25
91
75
18
87
209
35
97
73
18
29
208
55
75
18
7
27
183
240
50
138
87
208
141
182
31
75
183
209
31
203
138
150
205
7
239
194
28
29
165
240
207
52
32
208
244
75
67
35
31
165
138
50
166
55
29
91
135
208
150
18
66
27
253
250
205
111
183
76
164
230
250
147
194
62
225
231
231
244
95
62
205
97
31
115
101
54
207
29
164
174
253
138
231
29
18
244
208
250
113
31
174
73
222
25
205
168
54
14
147
244
129
231
28
180
199
14
199
31
237
98
14
54
237
166
67
106
247
76
237
222
74
249
228
132
175
146
41
111
123
16
64
183
14
170
250
64
180
174
168
29
175
182
170
52
87
97
51
26
51
205
55
149
95
183
97
104
174
65
97
10
209
129
54
222
87
183
54
29
231
98
150
199
148
174
19
186
91
151
250
141
184
195
29
221
176
129
59
243
205
55
206
14
179
54
154
46
27
104
87
87
138
52
147
168
243
97
256
176
247
112
97
108
164
201
168
67
250
102
218
154
184
206
183
169
88
21
198
89
182
176
182
150
103
87
164
53
203
87
123
180
177
219
138
164
174
253
178
249
205
95
206
55
169
89
168
183
205
215
242
87
150
247
87
51
141
96
184
146
98
88
95
253
67
165
212
84
223
230
54
144
35
206
3
95
144
54
25
132
142
97
184
178
206
230
169
184
54
247
104
17
85
127
221
219
107
66
206
183
176
146
28
237
176
58
237
102
121
223
58
243
223
172
231
150
127
141
66
195
236
240
116
143
87
144
135
55
164
104
97
184
249
151
97
55
99
29
98
183
28
95
243
132
231
99
83
236
179
142
122
211
168
208
31
89
144
164
180
104
227
10
252
144
190
89
256
182
164
166
158
141
248
184
180
242
77
237
205
206
186
134
184
174
141
169
169
256
28
252
162
169
29
141
91
77
88
206
54
130
5
132
53
207
40
162
182
256
174
164
109
21
29
42
206
29
43
5
243
15
14
34
242
164
79
207
116
55
250
33
130
88
181
104
11
141
170
101
172
170
110
180
230
153
21
238
66
235
206
169
87
128
169
244
52
247
15
92
248
91
186
99
195
123
8
122
33
218
65
242
121
158
116
8
156
156
229
100
101
101
35
15
11
150
205
5
144
10
144
256
83
10
224
103
15
91
122
95
88
129
39
219
256
170
108
95
141
10
108
87
146
219
141
54
229
146
132
118
201
33
30
25
146
212
3
220
132
28
100
146
227
141
61
208
142
227
184
243
219
115
229
29
88
229
231
83
121
150
38
28
146
187
69
158
237
130
88
169
205
254
222
38
156
252
75
33
184
100
158
144
170
46
168
217
230
170
77
121
101
30
256
149
184
195
158
122
58
164
123
32
150
204
204
170
240
61
101
88
115
64
15
242
195
29
47
205
140
121
170
158
83
39
106
256
184
227
168
249
3
240
35
187
134
117
9
88
139
179
190
252
169
100
11
184
91
201
237
106
104
245
256
75
169
77
169
195
164
164
101
168
61
180
232
174
15
38
164
134
222
181
244
226
123
15
106
31
149
136
253
129
243
249
102
122
174
121
226
42
15
101
63
185
115
67
8
211
13
164
133
141
43
201
244
89
188
118
108
33
33
106
179
184
224
134
117
10
42
230
38
77
208
21
252
208
171
241
80
193
224
28
199
216
249
34
15
190
236
241
240
110
108
47
208
44
31
214
227
124
83
8
208
63
168
94
224
122
141
158
116
185
152
214
158
226
208
199
190
141
92
227
250
17
227
166
217
78
28
256
94
129
129
118
229
3
158
73
243
31
55
77
88
77
186
166
116
159
169
66
91
47
174
232
42
63
216
17
203
55
24
158
15
193
59
5
199
214
208
227
66
33
170
249
250
122
158
194
241
244
199
153
205
110
15
244
88
87
64
143
215
143
244
224
235
218
182
149
250
169
182
250
15
218
66
135
122
252
180
15
6
61
224
180
207
230
180
67
12
227
133
154
163
214
224
135
15
57
110
236
227
207
154
204
216
122
102
182
66
57
246
158
128
232
122
133
67
86
154
218
198
224
164
77
36
141
141
87
203
128
67
133
201
182
227
57
180
173
226
91
174
181
86
82
179
47
49
209
253
62
36
256
247
226
91
210
141
253
9
141
246
25
138
125
182
122
256
27
227
121
122
247
236
49
256
86
122
131
84
49
247
193
4
215
122
186
218
86
33
165
182
4
4
47
176
241
237
209
4
199
39
180
9
141
31
255
58
62
104
13
58
11
216
6
227
158
180
38
4
58
122
209
227
197
9
158
145
250
122
130
78
255
195
38
176
176
109
19
197
203
89
52
48
25
179
