95
244
80
35
237
203
244
2
2
84
84
169
248
189
184
87
71
162
187
211
150
87
237
150
252
150
90
230
18
150
205
240
87
3
29
75
108
150
235
144
102
150
220
249
154
220
181
88
62
226
147
10
87
211
15
209
226
220
148
236
62
226
148
172
121
28
206
64
34
87
158
150
233
130
222
87
126
251
145
194
181
130
252
138
194
59
28
3
121
64
183
64
139
61
5
38
3
195
237
150
222
66
95
150
230
183
150
132
150
166
138
211
226
180
146
150
150
138
137
135
194
194
1
236
220
41
243
239
227
147
113
164
165
190
132
59
135
138
222
145
223
146
179
15
60
114
3
135
150
31
61
248
222
36
97
245
77
177
245
132
40
212
78
31
205
32
203
227
195
113
39
8
78
59
126
132
109
89
7
95
95
109
3
144
140
166
75
227
137
235
201
38
1
135
235
2
3
240
238
109
183
14
35
170
158
63
222
109
108
138
136
67
181
75
62
2
181
38
206
181
95
180
240
93
28
138
138
109
62
38
95
17
95
38
244
229
38
206
55
212
71
224
241
147
136
216
2
146
181
236
65
239
62
223
60
109
188
193
87
121
138
236
95
3
109
33
248
138
244
206
27
95
122
63
181
254
29
189
226
121
98
135
150
2
3
95
169
6
222
145
236
226
38
167
130
244
43
195
187
226
231
58
105
116
109
38
62
61
180
145
62
138
237
3
194
27
192
238
17
109
131
3
219
27
87
108
166
95
75
131
130
222
240
217
65
66
114
49
67
62
135
30
71
109
111
138
244
165
229
90
55
135
171
97
87
217
187
243
40
240
226
194
15
139
145
2
114
92
156
136
183
244
66
59
2
169
87
231
95
228
53
13
14
181
18
88
195
75
206
2
15
183
2
183
183
227
53
183
15
123
244
13
246
165
18
243
156
229
226
195
235
216
63
50
132
229
182
244
227
95
231
15
14
2
240
223
246
17
181
27
18
244
87
246
186
108
226
66
135
239
21
18
236
76
4
66
229
61
128
229
139
68
49
63
223
136
1
229
46
14
244
132
87
182
87
116
245
220
229
108
43
243
187
217
245
2
146
210
220
245
228
235
118
230
33
210
30
171
235
122
25
223
59
168
61
61
116
95
194
66
128
87
236
130
247
116
186
182
250
65
227
217
170
240
160
65
116
245
221
246
15
90
130
18
231
17
87
250
229
200
131
182
111
79
160
88
187
38
15
116
146
158
154
114
229
113
13
168
36
135
18
182
2
170
93
122
43
222
245
2
230
169
231
181
226
138
164
15
60
226
36
250
211
160
235
59
241
43
136
65
63
2
131
64
145
195
70
91
75
43
122
231
226
223
160
217
225
192
43
222
192
1
207
135
43
124
18
118
70
238
139
230
131
82
132
226
247
240
116
224
238
18
109
13
156
132
15
131
210
245
248
43
224
245
75
145
1
49
66
130
91
217
116
131
68
63
90
180
13
245
237
245
233
70
217
224
245
230
5
219
224
153
114
104
227
205
183
131
150
108
168
217
168
238
60
181
30
30
190
233
180
145
103
95
180
182
101
170
231
233
114
245
139
46
31
244
241
169
90
46
59
1
79
2
16
112
132
60
90
241
233
89
1
131
69
217
30
205
230
118
131
172
231
2
139
46
43
226
241
174
16
122
121
59
147
152
195
224
180
59
89
181
138
123
222
192
227
118
90
63
62
30
185
114
76
212
147
180
181
231
193
182
67
1
1
14
49
14
165
245
30
222
224
233
141
70
184
146
114
66
114
227
135
1
49
70
35
187
240
245
46
96
200
63
1
187
158
139
165
194
233
96
30
151
204
88
253
192
83
222
156
181
1
245
97
59
78
134
30
1
130
30
96
63
154
204
131
226
134
180
1
246
212
96
111
135
131
187
170
130
78
166
141
170
233
154
246
136
154
1
154
198
187
49
245
217
1
164
15
187
70
132
17
146
30
246
38
156
217
204
198
160
138
107
61
190
1
247
116
110
92
49
34
227
131
245
231
1
94
2
246
30
30
104
205
63
78
156
205
128
254
231
129
187
158
65
156
137
30
198
130
245
47
130
239
188
49
61
166
156
200
137
92
130
156
134
1
187
237
188
1
254
217
217
60
188
100
53
246
212
231
78
227
66
30
134
118
41
158
167
21
247
30
178
246
212
154
70
60
212
70
43
168
4
252
245
46
132
78
230
188
43
181
140
108
109
255
156
130
119
252
124
247
1
249
245
234
30
149
46
100
30
254
248
14
30
91
57
46
68
119
115
120
30
217
132
15
132
15
38
78
130
2
156
49
134
46
43
158
179
109
147
2
43
136
207
248
49
14
30
104
104
157
35
121
2
1
245
14
226
2
227
179
217
188
119
213
33
1
125
188
1
156
2
78
2
245
22
180
1
137
252
179
200
144
