166
164
80
7
205
166
29
209
128
144
208
208
208
80
67
97
209
154
166
97
154
97
97
222
164
209
74
243
183
20
118
154
182
231
40
158
87
182
51
40
231
184
243
7
94
51
18
131
65
51
129
46
184
150
51
122
87
131
7
131
205
131
131
95
63
138
51
141
40
131
178
162
58
143
118
56
15
158
77
95
165
110
184
63
184
51
153
150
143
205
141
178
252
131
85
184
158
118
40
205
209
235
85
244
138
54
129
71
166
58
150
110
184
71
53
147
139
240
162
138
79
131
194
225
75
162
235
7
131
118
53
106
118
165
162
15
27
55
31
235
253
29
114
95
109
7
73
172
75
95
95
85
42
85
208
235
138
63
89
183
32
109
92
162
228
139
55
138
17
205
28
191
9
191
32
138
52
17
85
109
55
92
17
194
75
143
176
230
146
35
150
191
14
17
242
131
143
85
131
245
183
232
191
9
117
53
25
71
95
203
17
245
35
7
106
89
131
143
135
230
88
126
114
125
42
248
96
145
156
143
73
42
91
226
239
184
88
199
118
52
27
118
199
58
36
195
25
180
67
126
67
185
153
208
106
88
160
208
253
9
179
126
221
153
65
81
231
195
205
58
7
106
17
9
245
151
70
109
153
110
205
209
179
7
109
254
245
118
97
112
117
106
241
81
19
209
246
92
95
181
25
81
53
20
42
226
72
146
165
20
180
194
83
245
74
27
108
254
53
222
249
106
160
36
222
31
180
88
58
204
209
239
118
193
97
31
238
245
16
118
222
178
145
82
121
151
112
214
6
184
129
109
208
215
19
5
65
114
74
182
62
81
185
132
209
162
78
23
92
191
224
109
148
109
220
245
143
7
82
231
157
203
5
204
75
13
194
172
34
215
214
224
221
118
155
135
137
50
20
238
231
119
1
200
166
221
19
230
221
31
1
39
224
16
9
71
239
166
25
252
92
172
111
49
96
80
113
254
224
198
186
215
153
101
246
228
200
75
117
243
185
173
23
88
150
187
214
86
221
106
17
157
241
28
16
239
249
76
209
137
117
143
50
118
81
30
178
81
62
117
203
200
118
224
151
119
121
254
136
126
225
92
78
200
88
27
96
80
64
35
97
211
235
76
115
36
97
115
136
163
217
105
193
235
229
41
103
1
94
189
72
242
242
25
224
203
245
245
189
58
29
235
205
27
62
157
27
145
2
27
211
20
42
30
230
224
219
203
254
166
43
20
222
145
10
159
8
179
242
29
162
95
73
27
31
66
27
205
244
162
222
200
175
245
3
137
122
97
137
9
7
215
33
170
35
224
224
254
128
212
196
145
12
235
126
117
30
92
200
42
7
81
90
71
242
230
4
175
81
8
5
75
68
235
27
110
5
171
242
90
24
20
217
241
125
200
100
1
192
43
196
234
235
162
169
245
5
221
173
114
27
9
200
49
27
52
235
242
27
253
73
211
125
119
155
126
222
245
139
119
214
90
235
155
113
175
249
140
111
234
86
27
234
242
119
217
162
57
31
224
228
21
214
166
67
206
196
1
217
156
86
25
191
200
29
246
126
40
33
90
43
220
72
206
81
53
175
50
175
174
59
230
27
215
249
162
84
194
216
12
100
191
91
173
195
254
116
125
114
156
166
188
182
200
142
193
55
237
221
249
256
170
5
239
115
189
125
150
214
147
253
71
97
27
147
38
116
211
25
74
214
148
56
171
238
31
235
204
150
134
214
27
94
210
89
256
59
125
134
32
67
41
115
86
145
146
86
245
217
35
190
193
173
15
185
144
146
129
254
245
35
210
69
29
245
110
222
96
30
159
50
157
194
163
172
125
86
201
137
235
14
224
196
161
42
200
128
69
253
125
65
68
237
54
73
116
253
157
134
102
29
33
128
125
237
43
78
110
125
93
117
29
222
88
159
230
64
19
178
244
52
69
97
29
242
169
235
146
200
38
196
237
120
16
176
214
196
111
73
162
71
21
86
83
139
175
230
29
110
245
245
153
164
115
91
219
139
115
188
39
115
89
238
29
31
75
146
61
56
32
53
170
223
210
88
210
71
194
196
194
245
194
240
244
224
110
162
90
256
79
64
162
125
178
96
84
147
161
220
189
170
250
189
78
52
88
193
199
121
116
125
42
146
214
90
46
228
29
185
236
214
250
62
69
61
49
25
232
214
124
147
104
186
139
235
64
227
49
170
157
10
64
207
11
208
89
157
84
134
158
164
189
57
234
71
59
12
242
240
111
217
5
63
13
249
234
191
52
214
240
86
116
119
245
86
155
5
235
220
88
61
74
59
192
52
43
29
84
228
211
35
249
256
47
71
160
235
81
228
253
158
134
31
31
224
133
53
124
115
64
88
25
252
157
159
121
238
26
73
134
227
132
196
202
72
242
189
196
216
73
31
50
73
155
189
163
89
39
94
132
125
235
176
204
24
159
213
245
236
249
188
115
110
121
44
178
170
245
158
236
105
43
145
150
202
196
150
249
214
204
73
228
158
26
196
43
66
148
75
126
169
157
64
89
241
201
228
80
189
129
256
35
228
235
248
219
240
124
59
231
39
121
35
132
129
171
213
10
157
48
37
60
219
178
42
4
73
64
142
157
66
230
130
214
27
73
161
139
241
13
52
53
139
242
230
56
133
125
159
256
149
104
178
156
235
64
26
45
35
53
33
71
151
49
42
86
187
256
76
139
42
89
189
242
162
108
110
27
42
169
34
4
57
42
97
128
125
32
170
185
178
196
96
157
134
213
230
79
170
171
52
106
254
154
86
57
134
200
209
157
41
149
16
196
115
15
71
252
27
56
68
45
12
25
88
253
26
125
31
254
196
4
49
178
42
88
15
31
43
189
249
12
57
31
52
7
254
139
170
33
214
236
253
86
52
125
44
121
124
157
157
145
22
140
203
73
110
134
178
31
56
25
109
39
4
196
196
256
176
253
35
53
65
235
52
170
78
235
201
119
88
167
78
32
12
13
235
115
25
252
4
53
249
110
184
115
63
210
242
124
37
232
133
10
110
73
184
189
236
121
184
84
230
134
176
43
256
10
25
35
148
133
133
202
73
45
25
234
25
159
115
42
179
235
228
84
6
15
56
184
240
175
111
184
56
35
228
193
49
56
130
186
78
228
253
228
186
169
73
134
184
85
15
96
170
252
210
86
22
184
248
202
178
134
86
238
124
227
157
56
170
230
228
111
53
