166
80
146
208
208
182
208
182
147
67
67
208
147
67
182
147
135
147
67
182
208
135
223
105
75
162
75
3
162
222
28
75
60
147
127
222
75
182
135
106
177
106
177
15
164
123
162
177
146
54
11
60
141
106
42
123
230
176
18
141
176
104
37
4
75
4
4
42
109
154
143
143
177
54
75
96
143
143
28
92
123
111
182
143
111
15
4
143
109
165
182
11
7
67
50
4
114
165
13
143
13
109
162
87
153
3
162
9
128
211
75
143
123
165
136
216
153
122
97
3
184
111
176
98
136
216
92
243
50
160
174
182
170
96
241
97
181
3
3
245
245
184
5
187
156
16
5
54
154
28
206
226
177
187
188
62
156
175
215
245
188
3
87
145
87
22
237
54
206
68
87
188
206
136
62
78
138
243
237
250
15
148
138
198
150
26
187
238
26
135
95
239
94
175
177
68
95
15
154
28
211
16
94
211
138
155
135
206
135
135
4
106
92
91
43
135
106
138
15
13
220
3
171
71
109
26
22
199
71
244
160
245
194
4
4
104
26
12
141
121
223
117
32
54
9
236
78
71
26
15
3
217
95
54
226
112
26
122
209
125
209
245
32
136
209
130
136
181
54
35
227
160
182
62
77
35
114
148
199
220
209
51
192
3
244
235
187
127
171
51
15
181
54
11
114
148
217
217
160
133
206
192
64
206
187
22
171
104
2
148
245
154
37
56
163
109
154
138
154
199
247
226
182
51
121
235
109
2
74
3
86
81
37
189
172
85
43
114
43
4
