29
29
29
208
75
208
75
209
208
75
209
75
177
184
204
75
220
165
235
80
224
21
177
143
160
146
162
165
194
184
71
208
177
18
177
7
184
143
162
29
94
71
208
165
29
177
85
143
29
178
195
199
3
217
21
16
106
68
92
107
146
40
243
16
217
165
51
143
87
164
65
138
208
51
204
51
143
75
225
92
94
151
51
50
29
3
54
177
2
181
160
98
43
50
225
16
51
104
3
152
3
243
17
177
98
229
177
222
200
21
225
177
200
104
98
91
97
54
98
50
69
188
9
21
154
143
97
154
177
160
36
9
50
103
227
36
154
114
75
98
154
217
175
175
217
94
185
151
145
141
118
122
165
104
243
165
154
43
9
165
123
62
50
154
151
29
229
62
119
138
143
81
200
62
123
123
255
123
239
141
29
239
225
156
14
28
222
95
123
62
123
50
165
227
243
141
141
209
123
110
36
222
255
66
127
204
62
183
200
75
51
183
246
184
127
141
123
178
227
112
2
206
143
3
154
114
91
127
227
38
209
178
120
183
55
154
50
180
40
127
255
224
243
91
122
123
8
98
149
29
128
122
227
112
114
251
26
184
91
188
40
136
118
243
140
118
165
154
29
227
222
55
38
243
178
54
209
178
224
38
75
143
122
26
29
136
154
177
181
172
77
178
183
198
29
16
77
51
219
181
29
197
171
185
16
26
120
114
54
177
89
55
115
151
40
75
29
6
55
154
112
77
154
77
115
165
198
208
243
184
145
149
181
154
209
243
151
145
216
16
116
178
209
109
243
174
235
178
218
29
129
154
141
243
116
96
85
235
64
176
79
173
243
235
163
131
163
178
77
174
8
19
154
6
143
193
208
246
92
112
224
55
95
114
235
222
75
29
222
197
209
178
149
229
248
8
132
122
77
29
29
141
243
243
174
114
143
209
178
112
177
76
209
229
235
181
178
48
51
54
53
162
176
85
177
181
200
172
178
77
181
218
54
251
212
97
174
47
77
137
97
218
235
114
55
190
16
137
172
109
197
162
218
46
63
177
247
33
77
149
209
198
227
122
218
94
82
9
184
181
177
133
62
222
190
207
167
137
216
136
137
235
218
183
154
40
162
97
181
237
78
235
235
184
27
37
221
77
133
94
244
198
172
130
218
115
101
137
177
174
14
247
218
229
40
221
114
235
243
178
8
117
4
218
177
77
244
218
198
197
209
109
181
190
184
227
9
247
29
54
174
72
218
192
235
245
114
224
133
244
213
207
244
243
207
218
54
163
77
246
29
247
235
218
177
67
128
228
75
218
218
98
218
242
181
208
183
54
183
218
235
167
12
128
171
218
54
240
131
235
10
114
228
85
171
235
246
213
40
218
227
229
207
218
193
188
28
61
221
218
12
55
55
28
141
192
61
218
218
114
250
77
33
246
154
180
183
105
208
174
116
217
231
133
198
37
218
251
157
252
124
124
11
231
256
101
227
37
227
132
77
69
247
98
200
81
145
157
158
235
145
235
212
13
240
213
85
227
227
95
131
207
6
124
69
218
37
196
60
37
137
122
46
65
218
235
7
162
197
10
141
131
72
243
246
122
124
72
7
227
141
120
158
242
198
7
241
37
213
34
72
213
55
122
131
46
163
158
247
112
122
137
122
118
227
82
