87
8
38
20
20
41
126
62
109
252
60
3
229
103
138
20
250
103
251
113
93
109
225
70
138
253
22
7
59
222
59
30
205
20
164
221
40
102
214
223
164
91
40
194
108
73
65
211
109
231
118
97
118
204
144
22
164
253
251
73
194
135
64
146
140
109
181
180
59
147
162
229
109
93
179
78
195
174
1
93
88
236
209
138
108
185
135
1
245
223
58
253
8
223
20
231
8
179
235
194
194
223
206
59
179
200
141
93
1
36
71
222
58
206
249
248
40
40
245
198
81
91
135
160
50
38
57
36
102
81
26
81
97
91
170
146
121
221
204
75
156
36
146
185
240
198
24
208
146
84
38
58
199
240
103
253
96
75
249
204
32
80
20
77
98
88
203
164
123
55
146
67
216
191
102
91
206
73
194
1
18
253
253
95
73
240
231
219
103
83
38
199
59
81
245
118
175
55
109
203
84
245
170
253
187
175
88
138
195
54
219
1
1
162
253
2
59
130
192
65
199
59
36
95
247
253
144
235
199
71
164
40
112
87
168
185
190
242
37
150
43
35
5
132
149
256
102
135
18
149
73
25
185
253
3
221
253
160
110
164
144
220
35
253
199
86
179
225
112
55
59
45
8
57
103
210
119
76
238
50
10
185
221
38
14
22
50
111
90
223
191
45
77
137
84
4
3
185
185
92
203
220
238
176
135
1
10
151
179
134
38
23
14
136
134
1
103
185
1
15
210
211
64
77
210
114
32
174
237
106
24
5
240
143
29
89
229
202
196
49
195
136
221
50
223
45
213
111
96
240
223
211
170
111
136
169
25
136
240
137
240
166
161
223
240
61
27
124
27
211
20
237
121
64
151
157
61
199
199
97
75
202
15
229
121
32
52
117
203
240
187
137
96
105
25
25
105
96
176
177
121
137
33
110
187
223
135
192
139
199
218
194
256
199
25
242
157
11
166
235
157
235
128
3
166
241
230
15
195
103
249
31
60
224
114
245
186
104
5
192
176
25
237
196
41
187
100
114
11
139
150
91
196
242
248
148
186
66
221
192
110
87
229
235
77
156
196
26
61
23
244
103
73
113
25
49
119
83
157
27
103
157
140
91
198
201
229
170
186
34
35
248
249
31
218
133
130
14
1
104
25
60
103
83
22
21
140
28
184
243
31
256
33
11
111
201
251
196
72
198
169
232
96
79
190
65
218
38
61
93
218
25
166
195
110
103
65
111
35
219
64
218
93
135
159
192
115
237
136
240
11
237
60
70
90
35
223
198
10
62
252
242
31
15
96
25
170
35
61
35
93
203
201
49
4
192
189
69
62
91
77
77
73
111
139
229
249
136
34
61
140
22
31
114
195
29
89
195
253
103
4
15
242
169
14
113
1
129
159
93
14
178
96
121
8
237
77
85
14
237
110
102
184
132
111
110
25
83
88
245
110
11
34
14
14
204
169
159
146
146
206
216
76
190
85
199
31
129
135
31
222
35
171
76
103
218
76
190
35
95
157
223
124
252
201
203
190
33
61
100
190
132
85
99
59
140
83
174
195
237
229
61
13
10
201
252
237
114
61
232
14
68
56
100
100
178
222
103
249
99
179
184
33
104
190
27
32
81
190
116
14
157
223
99
94
184
201
34
64
196
96
53
196
214
89
218
17
11
85
100
147
221
103
103
12
237
138
17
14
10
154
79
86
10
7
96
147
214
178
190
2
236
192
156
83
85
238
25
5
79
97
35
196
50
27
3
184
8
146
10
14
70
76
79
79
133
64
240
25
111
190
238
76
247
85
220
99
117
19
103
43
33
198
196
103
238
12
139
140
10
240
111
201
196
97
133
11
153
242
33
86
53
99
61
166
114
27
111
41
27
190
201
50
192
27
140
220
66
229
83
170
123
81
14
240
238
114
79
99
14
161
77
35
8
133
31
235
151
100
235
108
2
99
124
103
34
129
238
88
124
163
67
235
104
228
14
236
53
196
255
242
195
76
187
11
99
103
114
242
121
10
238
242
102
10
207
218
97
70
83
65
50
53
14
95
236
218
117
8
32
110
99
33
236
242
86
22
240
57
212
218
60
15
27
235
161
237
220
69
189
6
31
238
41
34
238
103
203
218
223
117
184
15
238
61
19
33
65
165
184
161
10
99
242
105
253
153
85
64
5
145
67
192
196
13
238
15
91
149
149
99
70
10
242
192
201
133
219
32
237
76
81
53
236
238
220
66
192
91
178
39
128
129
196
121
56
10
79
207
112
64
83
28
83
240
250
144
26
121
39
124
31
24
178
85
133
103
216
235
172
230
108
238
79
222
25
35
140
34
211
114
79
131
38
19
190
10
223
10
236
195
74
192
65
220
35
208
172
243
230
104
86
161
203
154
99
26
85
126
130
203
184
238
215
93
22
219
220
191
83
67
161
213
85
218
218
150
214
13
83
111
246
26
79
207
237
192
14
15
13
223
236
82
34
104
145
114
176
184
66
107
76
240
194
218
240
114
103
133
170
240
235
96
150
22
256
189
71
215
16
175
223
150
10
178
11
161
196
201
35
34
89
39
133
27
77
34
196
11
240
103
85
85
15
244
130
44
23
204
103
75
248
13
149
71
114
147
106
71
218
105
10
15
240
9
102
27
83
201
56
249
13
50
96
237
196
95
192
1
153
221
223
12
170
250
192
10
236
6
242
214
60
115
134
81
76
157
13
249
215
35
104
95
240
99
10
85
201
130
249
10
15
34
88
53
192
256
184
134
8
228
85
226
2
112
207
61
149
35
35
238
76
249
102
218
95
114
196
129
100
100
10
34
10
99
187
35
170
10
72
76
235
236
60
11
130
39
10
189
64
120
39
14
238
196
10
42
83
33
158
79
218
144
53
74
140
8
220
27
187
249
145
85
4
9
76
17
141
178
137
27
131
228
60
163
81
10
3
34
19
147
131
10
9
34
149
238
13
207
192
69
199
34
203
238
121
100
103
103
35
114
35
87
193
65
207
169
184
88
102
60
11
242
64
131
187
33
201
64
79
56
170
10
8
237
79
77
24
12
96
208
89
99
79
14
170
146
214
84
86
256
221
69
102
242
196
88
192
238
83
64
256
10
149
134
56
130
238
49
26
69
56
82
133
169
13
14
167
15
69
120
169
88
228
46
111
25
32
106
144
10
192
149
10
196
256
196
134
211
50
218
240
19
238
84
130
46
151
85
87
79
187
195
215
84
219
223
130
22
133
145
181
192
44
120
228
235
33
170
195
26
83
10
60
190
218
197
69
169
169
44
59
72
178
256
219
249
12
80
85
7
39
111
12
83
196
190
201
178
120
256
34
196
248
102
256
120
131
24
83
69
149
82
215
192
169
223
240
134
176
93
186
57
179
207
88
187
95
228
10
207
201
58
85
217
69
196
219
180
187
228
10
146
10
134
31
256
13
237
61
201
110
130
237
8
117
64
196
60
178
226
96
149
207
241
201
102
99
