84
84
80
80
166
59
80
59
162
256
7
59
142
59
80
142
80
84
66
80
84
97
95
95
166
80
94
80
97
95
84
142
140
129
165
174
140
154
140
184
231
205
67
174
153
87
231
84
184
95
97
129
231
54
110
140
236
194
185
54
166
80
105
184
84
97
203
110
237
79
182
86
51
79
25
140
75
135
54
181
135
79
147
132
95
217
80
33
150
80
72
165
113
54
181
231
113
14
250
107
184
185
40
91
33
21
220
22
130
181
191
80
222
7
209
75
14
150
176
130
136
21
84
91
212
150
176
222
231
212
40
135
80
126
107
237
212
107
59
250
250
160
174
33
59
107
194
194
90
107
176
67
59
107
212
212
140
117
24
164
144
98
67
221
181
40
176
32
47
126
132
150
59
174
47
80
243
166
94
7
136
87
243
32
73
47
87
94
49
87
114
33
59
32
170
53
231
164
166
67
135
60
237
87
131
243
160
132
53
235
119
160
174
123
136
103
170
172
94
244
82
135
132
138
59
243
90
50
150
172
172
117
103
191
53
191
135
53
182
132
130
117
237
132
89
219
77
58
164
17
193
33
7
114
212
184
215
168
67
53
66
191
205
252
121
146
184
172
184
172
92
182
17
182
256
103
80
132
66
146
211
73
184
19
1
182
256
206
164
244
92
55
188
194
77
176
176
193
80
17
132
66
17
170
29
165
14
53
231
9
147
77
143
9
14
124
78
218
182
80
55
194
1
176
203
66
172
17
43
92
113
113
150
58
216
109
67
109
66
75
190
213
3
252
203
220
181
255
128
208
133
11
80
203
1
203
206
4
255
146
28
131
239
109
170
37
176
245
216
176
204
176
239
245
182
138
182
188
188
252
33
77
28
194
231
184
239
224
13
208
150
214
166
124
158
205
188
188
43
59
97
216
244
33
13
168
250
133
58
158
243
174
58
188
168
158
132
250
137
225
7
224
117
60
33
247
176
224
60
203
188
104
122
217
183
209
256
97
243
188
60
216
73
60
6
216
17
30
32
130
191
208
6
58
187
124
187
224
66
52
209
70
33
207
82
188
157
207
132
207
102
181
1
216
188
52
43
12
188
209
217
137
58
133
39
125
70
237
78
204
230
96
132
216
187
216
135
13
132
202
214
80
53
27
58
159
216
179
75
216
216
216
43
132
93
247
59
107
86
124
159
195
155
33
80
206
202
60
247
159
72
155
