230
194
150
55
146
206
55
128
170
55
195
59
53
130
176
97
97
184
97
128
33
55
181
79
220
217
184
18
136
22
195
195
236
51
60
228
235
88
79
88
33
51
113
10
102
184
64
40
33
113
95
17
40
195
225
225
114
217
181
250
80
88
40
128
236
105
192
211
171
28
192
247
138
64
105
203
171
33
11
97
40
97
100
17
192
97
228
51
171
192
248
28
248
80
37
136
171
97
146
146
205
186
103
192
247
54
209
79
168
174
146
100
17
237
248
207
166
65
37
248
132
184
138
54
37
99
246
128
168
229
187
192
168
171
186
209
97
37
79
186
17
102
37
146
128
209
80
192
114
80
124
17
128
38
220
217
168
183
65
49
192
186
220
145
99
31
168
188
205
199
79
103
248
95
164
64
136
118
144
128
155
91
183
95
114
205
88
31
115
38
226
240
250
80
209
136
9
209
128
107
171
101
59
97
107
101
95
66
164
40
40
224
208
168
209
146
168
15
209
38
38
128
226
184
220
55
138
224
14
136
219
131
47
92
185
118
1
191
118
14
95
59
40
136
136
43
95
99
97
87
38
40
131
150
9
94
87
183
224
187
183
97
186
60
65
165
47
91
100
132
226
217
99
168
216
184
131
209
125
250
132
246
128
110
226
70
164
77
179
146
128
172
47
76
222
191
236
114
77
77
216
185
47
226
168
194
137
158
184
114
241
99
99
130
109
16
33
162
182
174
114
60
26
186
183
89
35
114
183
31
176
149
37
246
138
183
40
222
128
223
109
87
14
218
181
181
114
14
179
95
209
129
169
226
116
234
136
94
7
124
168
77
7
59
172
67
192
220
150
114
93
171
47
55
114
77
237
187
176
59
37
143
114
140
3
237
171
114
20
95
111
20
245
195
226
77
178
183
185
143
101
28
193
60
174
9
138
184
130
181
226
243
114
87
28
67
130
226
87
207
85
149
209
8
7
234
33
125
181
234
40
186
82
77
114
38
85
184
75
114
114
235
49
171
114
222
195
94
162
109
59
230
183
118
97
182
224
20
8
135
87
77
199
37
101
65
122
183
77
109
77
100
171
220
63
154
151
60
181
33
53
161
138
130
28
119
183
9
168
114
132
28
240
26
122
212
49
75
114
49
160
136
113
113
49
135
75
40
218
132
183
226
37
101
207
120
49
183
130
70
33
16
132
79
168
226
197
226
246
191
225
9
26
212
93
230
131
151
8
96
68
85
226
77
137
33
78
229
123
223
9
212
60
130
14
83
196
9
136
32
151
250
210
255
235
95
225
207
33
33
140
168
249
129
14
222
40
244
33
174
132
235
107
49
89
114
198
77
117
59
255
99
62
49
21
164
244
121
210
67
208
81
201
101
173
8
4
11
14
151
70
222
14
42
187
62
49
219
63
87
65
219
192
3
222
70
231
130
256
199
15
240
230
181
28
78
28
201
154
174
86
69
14
138
226
60
151
35
195
256
135
64
154
28
192
9
2
75
8
135
83
183
122
245
250
135
43
114
97
87
77
60
110
209
151
160
182
64
30
33
235
79
37
147
222
226
55
138
53
185
244
135
33
28
108
117
135
238
230
181
164
130
35
222
39
114
217
90
137
155
62
48
195
240
53
89
220
51
195
223
135
230
155
78
231
120
28
35
53
84
120
33
60
243
53
199
53
135
55
33
19
131
136
168
136
49
183
147
184
226
90
32
206
120
130
132
122
233
144
33
195
87
35
2
62
2
79
32
103
120
78
149
116
55
190
5
199
249
74
131
33
199
76
33
190
135
33
244
195
78
244
210
60
33
136
195
176
253
89
90
11
67
4
223
195
76
44
191
168
86
42
185
195
54
244
4
76
160
197
204
181
70
39
70
135
130
14
182
147
198
204
110
184
256
60
83
65
33
55
117
4
8
4
107
28
253
120
120
70
135
30
230
135
18
135
77
230
113
33
151
114
11
247
10
186
152
59
130
59
193
190
137
2
230
129
122
195
193
121
18
90
33
207
33
187
11
32
158
33
70
250
135
60
120
130
120
35
243
207
135
187
223
118
66
77
130
182
14
154
152
103
37
211
41
37
192
91
39
187
66
231
85
96
135
245
137
108
135
70
39
47
33
48
37
5
135
131
152
55
226
3
156
68
14
120
135
5
60
67
246
44
117
33
84
130
67
207
176
248
120
15
116
95
135
70
173
238
193
137
37
207
136
228
33
89
131
77
9
19
130
135
120
36
77
37
36
200
18
38
196
54
135
53
247
158
59
97
83
156
222
134
60
28
28
207
114
130
74
237
66
62
107
57
137
135
156
70
33
91
51
76
128
226
129
33
174
247
28
187
137
246
33
21
75
86
237
120
151
49
49
55
223
147
39
35
123
77
228
153
28
191
114
109
226
226
195
135
132
70
53
171
255
49
152
196
58
114
123
39
231
37
136
237
33
220
216
90
178
135
235
79
207
33
255
187
130
192
58
47
33
200
176
152
174
120
100
187
82
10
135
190
207
101
37
135
75
200
222
196
153
132
96
60
41
200
114
152
103
211
81
102
207
135
132
105
2
120
28
130
204
118
61
47
37
247
68
58
207
131
120
95
109
131
226
49
226
207
247
137
63
34
80
200
192
147
187
187
109
90
92
136
79
78
100
100
65
132
39
39
53
138
57
58
245
192
161
171
54
245
10
220
196
147
207
42
120
176
131
130
137
104
135
95
33
124
249
114
60
124
246
175
70
120
114
253
49
43
137
54
14
100
182
94
120
114
249
11
114
37
218
131
214
9
117
161
226
120
10
59
30
69
53
137
124
32
39
39
68
244
120
242
117
70
58
77
32
228
39
226
16
207
131
58
114
63
124
247
180
77
207
169
103
37
61
219
131
218
43
193
33
92
59
253
135
176
53
17
256
193
192
9
91
72
246
137
187
193
41
78
146
171
42
252
41
218
221
114
160
156
63
132
193
241
207
125
173
39
218
119
53
152
119
