80
52
84
84
128
84
128
128
84
52
84
84
84
84
80
84
3
3
3
79
208
13
88
220
84
54
95
97
222
256
88
16
220
174
74
176
84
97
97
209
63
138
208
182
138
88
25
50
180
63
138
103
88
74
140
74
248
176
220
248
140
245
97
99
38
62
118
140
60
99
225
74
177
123
33
40
123
181
97
131
208
129
250
225
106
79
123
138
39
177
176
206
91
74
85
33
172
95
54
131
140
243
206
243
140
3
88
95
225
208
174
79
80
14
88
34
113
5
182
87
55
240
176
15
208
95
132
105
80
75
87
149
243
5
208
121
29
197
206
97
3
95
75
71
79
97
208
140
95
51
109
74
150
56
97
3
12
97
51
63
204
240
156
106
194
197
59
89
71
161
236
53
82
197
232
114
138
110
130
13
13
95
51
153
97
242
71
13
127
54
51
215
124
38
38
3
127
73
5
222
54
84
39
38
90
95
222
149
138
38
131
1
71
252
192
101
118
129
25
61
215
55
168
59
82
154
28
105
237
249
77
39
15
156
25
243
114
237
87
23
30
253
82
162
235
159
72
209
230
204
156
87
41
216
220
36
28
203
110
25
208
42
13
131
192
23
85
5
50
230
77
253
95
77
252
192
111
215
133
53
196
27
87
240
204
82
211
235
77
162
136
82
82
82
160
120
33
216
109
166
149
211
211
97
253
54
70
12
29
221
220
170
87
59
214
62
237
27
211
209
156
23
114
166
82
88
82
106
133
115
99
215
66
61
85
147
186
59
197
6
182
253
25
74
87
133
85
85
220
165
132
25
38
124
82
123
25
248
100
249
128
221
245
210
169
54
245
145
28
164
87
36
185
105
56
133
153
111
75
118
63
171
156
135
220
73
17
194
57
59
95
32
208
232
79
122
160
85
65
240
109
29
176
219
4
129
123
211
245
85
54
15
159
7
245
164
132
164
3
204
138
9
55
150
208
176
211
166
77
99
216
194
116
133
66
175
47
37
87
99
235
206
193
55
169
85
225
136
197
14
27
109
75
61
114
164
13
116
164
196
88
85
106
231
220
29
50
49
230
39
128
211
48
48
245
109
215
55
182
163
6
220
230
126
252
253
109
114
41
253
97
114
182
128
220
106
172
209
252
65
182
171
118
114
172
226
164
97
221
99
113
174
250
120
9
17
87
136
63
209
177
242
38
85
49
208
65
245
245
250
85
70
177
76
119
95
12
9
129
225
254
105
106
245
4
109
8
222
55
136
83
37
72
177
37
245
136
133
70
220
12
149
76
182
3
242
4
230
92
84
242
123
220
220
114
172
245
184
123
82
119
136
65
118
156
49
94
92
189
211
220
5
230
131
245
79
51
206
118
177
170
177
224
144
79
128
51
165
212
196
109
64
56
115
37
51
161
211
178
136
117
233
51
54
89
103
34
58
133
219
170
11
135
244
156
220
211
126
2
214
170
30
79
182
197
235
170
2
84
163
129
233
118
7
105
178
97
194
70
182
67
106
236
41
168
113
37
28
255
184
42
103
133
126
196
50
90
96
89
145
249
149
137
197
197
76
52
214
157
42
123
189
79
168
232
129
165
5
163
25
189
55
11
155
76
137
242
145
72
216
109
51
113
171
237
130
235
84
105
228
8
226
98
106
7
145
28
137
150
133
253
157
192
220
90
203
247
94
114
244
216
168
156
162
113
247
172
197
52
127
18
112
67
204
217
55
130
57
156
202
102
84
132
90
5
85
253
220
79
244
110
110
84
176
127
127
102
188
200
193
137
84
12
172
199
174
206
98
115
12
217
92
217
130
30
153
136
131
110
92
50
197
128
127
188
205
148
163
187
50
37
97
121
33
179
140
212
217
148
108
30
215
160
149
179
76
197
9
40
109
109
194
131
224
63
226
212
109
112
224
125
37
121
236
208
217
109
179
116
90
174
179
29
58
106
132
77
53
70
29
131
164
3
99
135
167
192
131
1
29
132
95
139
99
144
217
212
226
9
109
236
170
106
149
105
170
200
104
110
121
91
29
254
176
192
218
148
140
130
184
25
148
175
78
192
175
220
49
90
211
184
14
17
175
203
197
22
79
106
153
77
40
117
146
176
244
124
59
197
116
131
149
175
161
193
241
64
113
153
106
254
170
189
43
38
220
189
112
170
82
170
223
107
51
34
90
245
163
118
214
226
245
189
203
118
212
144
49
26
147
101
57
116
176
12
33
189
106
19
9
137
78
226
220
109
70
38
14
4
235
131
113
236
33
96
32
133
134
16
109
33
129
212
131
90
69
213
131
197
214
137
105
207
78
249
226
136
148
77
213
30
8
177
217
191
34
213
109
131
131
192
231
197
185
70
249
223
192
60
218
101
213
192
249
197
189
98
130
222
135
200
43
224
214
217
20
56
33
148
167
232
159
214
44
246
37
