231
113
95
35
209
95
209
67
209
31
217
146
65
186
135
186
40
231
231
205
222
222
73
231
231
123
123
40
140
7
222
135
217
88
40
194
95
97
31
127
123
76
140
166
73
223
209
195
208
222
206
40
67
194
209
110
75
76
110
29
140
97
222
54
67
75
250
136
164
51
164
88
70
106
54
75
110
129
54
29
97
89
130
177
47
59
51
106
75
160
84
150
135
140
19
70
84
129
165
177
51
243
125
162
112
195
29
243
55
17
217
47
128
75
54
95
130
150
29
105
66
205
225
243
165
140
249
151
162
113
192
97
145
18
153
161
199
150
35
114
97
225
140
40
54
132
153
183
80
54
77
77
183
222
55
101
153
234
212
106
128
239
208
225
222
39
56
153
106
90
155
166
205
65
110
211
143
153
66
151
203
211
66
29
114
241
250
77
218
175
28
171
244
55
26
13
8
175
151
141
175
243
126
56
2
66
175
13
226
102
97
132
97
114
175
97
217
150
186
106
168
176
130
16
171
66
176
128
234
128
29
28
77
13
54
77
243
222
175
97
26
239
201
153
183
116
141
237
30
128
250
253
142
84
175
151
113
66
89
216
55
142
217
211
77
29
243
204
89
66
12
29
242
13
226
89
251
54
102
253
28
140
251
72
159
29
217
75
162
150
98
191
32
85
3
113
5
12
16
78
128
143
105
10
147
159
113
182
250
159
225
251
250
252
251
87
209
147
189
72
81
124
256
251
99
252
136
175
160
140
93
140
239
204
72
251
153
175
109
64
183
251
73
209
168
66
106
234
106
56
6
76
235
137
123
131
206
54
150
106
122
205
10
139
189
236
197
141
39
183
153
151
88
128
97
106
251
211
70
189
40
22
40
244
99
227
165
142
46
29
99
130
160
153
56
214
102
36
244
140
98
177
172
162
183
3
113
252
127
239
181
3
137
204
106
119
130
172
250
112
183
204
123
177
159
159
153
122
76
236
113
183
205
127
54
200
230
177
254
141
70
55
74
163
239
153
140
228
141
99
141
177
54
254
101
220
102
178
182
171
239
161
3
154
142
251
127
177
41
74
177
46
241
73
85
74
14
29
251
137
195
228
140
172
127
141
54
54
114
130
245
250
148
90
153
141
204
6
54
112
14
153
211
134
41
95
54
54
163
104
208
215
127
54
77
200
177
122
114
234
229
180
95
200
133
182
123
218
95
2
119
195
70
241
134
123
235
93
218
127
195
177
177
215
244
239
200
177
73
231
195
70
217
133
180
97
159
234
234
36
204
215
14
215
70
222
174
152
178
241
15
60
241
112
102
122
206
93
133
54
54
222
225
55
70
99
36
153
133
215
239
254
206
75
128
201
32
4
177
13
39
77
53
115
114
145
208
236
204
239
13
177
211
127
177
223
235
234
237
163
23
235
239
70
119
212
133
182
155
99
53
54
148
104
184
137
174
44
48
108
148
209
225
133
137
20
90
36
163
163
97
192
239
136
177
168
133
148
133
87
56
183
239
148
200
133
127
155
254
153
133
241
204
117
36
148
161
70
131
36
87
54
148
85
99
189
209
218
131
42
208
31
133
54
205
149
133
208
65
148
119
27
227
149
249
93
133
137
67
149
238
133
133
107
133
149
99
32
119
2
112
184
133
200
12
227
145
145
208
137
241
225
119
137
225
27
178
148
70
133
98
4
241
160
204
184
163
133
20
140
148
133
148
133
163
202
237
231
180
225
178
133
73
99
222
133
99
156
36
224
211
227
141
183
149
208
163
133
99
133
66
5
99
133
82
163
99
133
91
241
163
189
137
53
227
177
50
133
90
109
249
133
177
207
54
197
124
252
129
99
241
163
180
133
175
99
177
235
133
99
62
211
99
85
99
245
241
109
212
30
27
163
133
6
49
182
133
133
72
234
133
241
30
82
24
140
163
136
208
137
112
255
227
86
132
12
187
133
77
99
155
141
1
243
133
124
237
133
241
184
60
92
200
163
78
79
227
90
243
217
43
213
38
53
154
177
85
184
133
243
133
163
3
163
39
180
95
119
6
217
43
133
213
163
99
163
133
135
110
163
133
202
82
43
171
212
204
188
154
50
82
133
11
99
168
187
158
66
163
241
204
200
147
5
133
237
243
115
99
253
241
215
109
244
234
148
77
183
227
79
163
254
98
163
202
133
85
212
163
218
244
241
197
207
163
231
160
23
98
211
253
114
141
85
177
36
111
241
49
151
99
133
163
94
45
163
155
85
184
61
215
181
214
227
23
133
99
61
244
23
36
163
58
200
85
133
36
190
217
163
163
98
237
25
48
61
98
153
117
185
241
85
143
70
37
163
85
147
85
66
70
70
156
208
124
98
99
187
67
8
23
85
254
85
23
188
78
106
39
137
243
63
85
85
200
126
143
48
243
85
163
78
15
63
85
187
23
45
163
137
243
106
197
144
85
163
85
216
82
85
133
163
85
16
23
85
43
215
8
85
85
159
140
1
163
23
70
123
163
155
85
70
85
241
82
70
4
195
142
163
85
163
215
85
85
119
234
56
85
4
251
163
197
85
215
70
163
85
158
85
224
113
76
85
254
215
8
85
85
254
82
23
85
35
185
70
123
116
202
215
23
46
215
159
85
30
163
85
48
85
119
163
23
70
50
70
180
100
215
215
149
46
180
107
66
48
119
70
48
127
133
65
167
215
53
214
213
248
64
76
229
25
88
60
184
23
163
173
14
23
82
133
219
109
127
227
180
111
190
190
87
234
206
215
152
235
14
47
64
23
20
219
112
210
23
47
172
45
244
34
23
61
95
5
23
14
8
48
79
156
108
214
173
197
129
23
48
96
156
108
199
201
151
34
201
214
14
46
87
23
85
105
124
215
251
1
159
212
46
159
126
34
53
19
90
244
49
47
8
23
237
242
46
67
219
8
231
219
96
63
116
172
127
212
2
98
188
22
244
93
157
217
135
48
180
21
5
129
223
81
14
14
47
5
199
211
156
82
2
241
8
89
245
251
217
14
108
61
126
224
222
180
47
43
195
183
19
82
244
41
239
14
120
48
152
38
83
23
18
108
123
121
14
201
82
2
46
76
105
201
98
119
199
96
142
69
82
53
157
156
23
82
183
135
61
137
46
185
239
48
188
43
188
17
34
8
108
28
47
250
61
252
82
2
23
124
90
82
250
18
105
82
82
156
189
57
227
48
47
82
163
53
101
156
90
244
201
23
158
49
101
47
72
223
93
171
47
14
23
159
159
47
48
224
156
119
173
157
227
83
216
94
60
242
119
224
8
159
57
82
248
108
48
161
236
130
248
119
14
145
145
18
83
115
82
13
157
82
58
108
161
145
173
78
60
82
199
87
161
156
56
83
78
