196
7
7
7
7
87
166
97
231
59
162
231
7
97
165
7
211
21
143
97
7
45
176
143
243
184
166
7
84
97
143
204
162
162
166
194
231
59
7
87
143
194
97
84
98
40
136
89
21
7
128
165
7
211
231
165
163
67
203
231
244
231
256
208
162
208
81
253
98
209
208
209
59
209
223
81
194
75
182
7
138
7
162
95
231
231
11
128
161
67
46
7
165
165
182
160
112
160
157
28
231
36
143
206
195
231
243
7
143
114
166
95
98
95
36
231
177
208
231
44
208
166
62
165
182
160
231
244
112
81
143
214
95
140
36
165
112
67
136
141
75
75
138
231
208
143
138
222
36
71
66
114
177
223
27
138
253
222
146
182
71
121
133
160
231
71
242
231
231
208
7
240
7
190
121
140
7
97
230
209
27
92
174
242
59
208
27
21
73
174
77
160
166
165
138
50
89
66
128
32
75
211
163
185
182
27
27
144
43
182
242
7
208
231
62
182
183
75
208
7
144
123
211
231
143
58
43
143
144
71
241
243
143
36
27
181
235
123
223
181
146
169
97
160
98
243
52
162
206
146
119
166
69
130
239
183
242
148
166
62
55
191
75
119
75
143
231
173
140
185
187
209
163
17
24
237
105
123
66
206
181
25
237
75
150
208
231
140
209
194
92
242
181
123
238
191
243
225
13
166
165
141
144
237
62
51
242
153
168
50
173
84
110
84
194
51
35
15
15
54
124
177
254
165
208
186
195
119
7
242
65
177
208
143
231
62
54
184
181
188
171
143
27
7
177
143
165
35
32
181
143
43
171
175
166
39
242
182
203
7
166
182
206
136
94
71
184
71
7
242
136
166
88
208
231
177
102
141
235
182
208
227
230
80
138
7
240
143
244
29
62
204
39
177
31
182
144
67
240
108
75
182
148
164
208
177
1
185
177
55
240
164
136
151
231
59
166
67
143
31
239
52
21
118
203
54
54
54
252
182
239
252
181
54
123
54
80
133
118
182
254
163
54
204
208
208
21
59
110
82
208
165
177
143
118
242
7
157
121
118
244
212
209
3
67
181
246
244
164
191
118
7
143
88
54
140
7
107
208
204
182
148
182
123
244
80
254
254
15
194
123
242
24
15
177
160
118
208
234
153
185
66
254
72
176
177
209
240
138
231
54
234
142
40
177
118
254
77
21
206
142
118
231
80
26
208
107
163
130
204
7
123
118
7
198
246
208
224
185
80
50
160
182
76
50
182
95
148
118
206
88
153
24
246
112
209
148
67
177
88
44
92
242
255
85
40
118
80
177
251
15
205
169
50
163
98
177
140
177
252
118
163
209
246
31
98
160
63
118
234
165
118
98
192
243
85
85
20
118
228
215
24
85
163
163
109
45
125
112
177
112
98
87
163
7
88
151
95
160
74
74
209
177
230
92
62
42
151
127
59
98
253
115
7
87
254
104
90
141
119
184
4
151
165
87
118
149
85
160
92
81
163
208
115
143
234
125
208
118
62
196
203
63
148
54
136
87
208
118
118
118
209
7
209
67
141
98
151
225
57
118
7
109
146
71
103
4
4
162
99
92
209
182
16
61
219
163
184
177
239
209
71
99
234
128
133
92
254
32
254
175
185
190
3
106
177
214
82
231
44
173
188
253
44
182
85
44
148
186
254
189
182
173
62
10
71
136
39
208
240
118
209
189
177
95
163
113
44
149
163
202
125
153
234
239
198
118
35
204
118
191
206
176
121
148
85
185
244
104
191
186
219
203
33
50
252
118
178
185
194
16
20
177
70
234
17
62
252
64
118
203
144
206
208
142
148
163
235
194
24
194
178
200
24
110
254
186
101
185
247
150
48
219
96
197
221
150
256
208
173
92
151
13
29
29
157
204
204
25
99
254
173
54
224
92
151
92
247
18
118
74
43
82
85
208
10
143
142
51
68
177
151
27
97
151
141
246
173
15
92
165
102
246
115
197
21
107
206
173
62
12
206
15
246
49
225
241
85
77
73
77
89
54
235
163
204
233
198
27
235
253
239
200
119
81
27
234
177
173
200
192
21
118
126
129
219
219
97
13
147
118
249
239
71
50
209
252
115
115
54
115
118
188
188
35
125
218
110
29
96
129
199
82
82
36
249
81
27
148
82
203
208
173
204
203
219
194
36
253
173
128
133
50
54
8
204
192
192
143
221
57
145
58
119
48
208
208
197
213
178
16
82
153
80
115
185
92
115
247
200
253
204
221
154
125
151
40
69
163
133
66
70
92
20
191
16
188
254
231
118
63
20
50
63
115
7
192
186
97
59
242
144
204
112
208
101
173
173
193
177
31
136
71
242
69
247
7
92
10
254
200
207
173
206
178
110
45
44
174
56
247
82
247
46
153
118
178
245
21
145
188
126
126
166
254
209
200
50
153
219
20
148
152
77
52
42
153
125
15
69
117
118
21
57
188
224
200
122
73
90
249
254
110
246
140
143
119
37
173
74
82
153
251
154
107
92
177
12
208
92
82
133
188
220
65
143
56
118
74
202
68
7
90
246
69
71
249
185
213
20
147
76
222
118
115
128
118
75
129
31
211
52
242
254
3
238
194
145
252
185
9
84
254
92
234
82
200
221
5
136
140
146
65
209
44
207
204
27
254
29
89
247
154
35
188
218
186
179
57
43
85
21
162
247
29
67
131
191
74
117
125
256
106
152
125
202
206
215
247
162
244
3
112
122
101
209
140
149
68
41
169
133
173
125
238
215
234
197
178
68
19
41
242
43
112
178
92
157
42
173
41
247
20
48
200
125
211
50
256
4
29
56
84
50
4
179
50
48
238
200
219
115
189
34
38
173
200
169
133
254
133
208
71
238
150
79
137
106
82
117
66
96
85
48
201
121
255
15
29
85
206
188
12
73
24
173
73
178
31
255
254
74
205
253
220
99
238
8
159
9
152
256
173
222
66
166
159
197
255
69
211
198
44
256
4
57
208
85
53
85
89
152
152
125
117
64
256
202
253
148
118
82
101
85
204
163
42
234
57
82
41
16
160
133
125
148
196
202
138
12
96
133
133
44
82
44
62
82
85
121
148
32
82
