181
206
256
146
142
38
239
200
112
175
152
139
14
29
41
143
116
200
181
175
14
31
54
147
81
208
129
92
205
51
200
177
160
54
177
165
96
183
225
44
152
205
41
106
160
129
206
21
143
112
102
160
119
38
205
203
51
143
144
54
127
98
166
223
186
69
44
200
147
81
86
243
16
177
87
160
251
143
81
211
129
153
178
178
48
129
251
149
112
152
208
18
177
178
180
166
239
169
181
116
50
177
251
143
147
205
200
129
140
106
41
76
94
190
22
5
98
87
171
128
143
106
6
92
14
225
81
166
183
135
81
16
62
40
98
154
239
47
189
46
229
177
151
143
71
96
129
94
223
89
222
244
54
204
177
94
154
69
119
93
238
164
81
156
206
177
248
178
97
204
47
209
96
191
8
160
194
6
178
140
170
81
205
199
122
81
44
30
55
149
156
55
97
154
81
234
18
13
148
62
55
123
175
178
151
222
46
46
199
248
51
94
75
156
3
106
178
189
186
61
16
160
105
160
248
74
51
175
80
149
200
239
32
209
51
126
113
251
154
119
126
122
8
189
18
54
248
230
128
158
183
153
81
238
248
160
48
151
13
192
218
122
94
71
242
10
79
140
188
200
102
216
87
102
74
160
32
58
71
5
208
99
19
84
183
235
69
220
106
50
200
104
95
154
154
241
239
176
216
239
248
87
74
216
76
86
74
81
140
48
209
5
174
129
225
38
52
152
210
220
65
177
209
62
216
94
71
168
214
71
74
51
239
214
84
110
191
151
89
5
174
74
57
251
81
90
121
171
165
116
177
77
154
52
222
189
216
18
154
5
238
175
138
189
84
189
74
106
76
184
18
217
254
46
127
5
112
208
72
152
90
208
44
180
177
178
251
76
251
229
119
89
216
174
177
216
99
128
177
126
177
84
102
181
177
99
118
16
178
219
3
34
177
122
244
47
130
145
110
5
234
62
140
57
16
6
101
62
177
107
254
177
134
106
34
106
242
140
90
178
140
142
143
181
50
255
171
171
66
156
51
164
130
177
102
53
178
106
84
141
178
76
99
251
205
72
94
3
29
47
156
168
137
98
122
154
168
104
129
140
16
15
116
181
102
10
62
225
122
89
241
190
227
255
189
15
3
162
66
172
225
62
241
215
251
130
24
113
38
190
116
252
162
206
216
66
158
75
90
151
193
34
170
254
76
235
229
185
254
192
108
156
104
252
152
230
116
153
255
54
54
51
116
71
112
57
119
191
199
81
18
7
216
127
239
41
24
81
126
238
126
141
99
74
110
57
99
254
71
186
116
119
57
255
158
134
216
254
219
254
242
254
46
34
81
104
188
71
227
231
22
205
96
253
87
243
178
141
116
134
216
136
63
98
237
156
47
6
62
200
15
215
126
51
165
98
175
48
104
71
50
254
103
208
118
73
15
242
8
6
136
197
255
116
116
50
151
208
177
216
242
238
116
98
220
75
98
71
247
254
158
119
242
141
158
239
82
239
122
18
190
99
168
193
16
64
31
7
88
104
253
154
62
23
155
143
17
227
22
93
175
251
162
118
110
75
220
208
170
108
107
41
140
15
98
104
92
20
199
34
198
144
236
15
87
15
71
96
71
13
160
144
199
175
184
248
210
200
215
188
234
224
15
102
199
99
116
254
191
170
20
81
110
176
50
156
176
232
216
221
117
208
71
46
175
71
156
170
112
5
44
212
57
88
254
92
99
57
84
193
198
254
236
54
76
87
57
243
22
156
158
127
252
75
244
176
225
34
158
236
204
208
19
84
242
139
200
116
104
26
129
200
175
163
119
200
153
45
99
170
31
129
50
254
38
70
153
199
87
57
84
255
254
116
140
97
229
113
133
162
116
193
231
200
210
71
254
94
116
104
119
156
164
3
188
210
161
242
71
104
215
238
50
27
98
200
104
92
154
110
104
254
104
102
78
62
94
197
94
105
214
247
98
110
206
87
73
45
204
98
161
54
47
254
56
63
113
102
47
84
90
104
57
221
127
57
230
156
254
50
58
158
23
63
183
91
104
139
227
134
243
122
206
13
96
197
158
210
193
162
116
144
50
208
193
255
138
216
36
210
21
255
224
227
248
252
200
254
137
116
191
63
248
73
137
139
204
183
254
104
158
254
200
247
21
141
45
22
113
191
7
102
63
119
173
85
133
22
87
173
119
247
137
204
116
244
116
187
102
192
190
200
92
216
238
254
15
256
232
224
214
143
216
48
176
162
92
158
200
134
200
254
202
234
15
26
133
155
155
57
188
155
173
125
173
152
45
139
31
98
148
79
137
155
70
255
31
63
232
45
117
162
227
125
255
173
163
7
42
70
173
200
247
57
134
255
187
117
237
106
163
43
92
227
255
99
210
123
234
45
236
137
104
234
198
214
156
247
255
216
45
70
20
116
173
35
189
117
79
161
57
213
254
119
255
43
117
45
125
79
219
232
37
232
214
215
39
117
16
232
117
193
82
137
119
70
157
70
39
254
131
248
133
117
213
192
72
21
35
196
117
43
70
134
247
70
163
70
154
134
117
70
196
117
247
238
247
226
163
157
111
155
60
189
39
128
169
79
58
72
117
256
201
39
39
45
117
64
14
70
104
197
170
39
133
124
39
137
189
117
70
60
39
148
69
39
70
137
117
39
72
39
155
189
23
39
140
65
221
234
39
39
65
39
12
