84
7
162
209
95
36
7
84
208
186
186
162
95
162
190
126
7
132
61
93
143
84
88
225
55
241
162
36
230
250
126
160
121
231
36
208
84
162
165
103
250
214
176
7
84
212
230
209
16
89
132
62
84
151
78
121
7
36
143
143
84
212
144
160
160
165
7
176
95
186
87
162
206
185
194
212
73
98
160
132
18
50
71
212
36
106
165
30
36
145
165
93
93
25
253
209
113
89
21
162
2
22
84
208
135
113
89
128
165
112
98
139
146
102
7
34
84
84
250
191
36
212
135
31
21
156
214
191
162
230
231
115
189
160
90
128
36
20
162
138
209
3
29
84
5
125
172
244
189
3
162
59
143
90
113
209
106
67
128
162
29
84
222
250
194
165
47
189
185
211
113
165
22
86
106
89
165
65
115
109
127
251
146
209
253
181
33
243
66
165
98
128
194
146
225
72
143
25
90
8
14
165
109
64
143
150
143
16
142
175
244
125
97
127
225
175
188
190
47
195
36
86
33
209
75
164
220
246
185
209
250
208
29
153
143
36
51
243
65
146
111
251
246
123
146
19
84
25
145
150
25
72
147
50
209
84
232
204
250
204
60
121
213
231
84
242
7
200
162
166
151
195
203
36
74
163
232
111
113
113
58
11
77
229
86
165
29
16
194
14
194
58
231
89
143
208
253
253
204
194
16
113
128
230
185
121
90
229
125
17
93
2
239
47
18
14
112
229
56
153
86
208
20
150
162
177
246
162
76
160
154
23
230
175
180
225
54
180
177
244
180
243
176
125
180
209
83
8
71
165
185
34
212
153
91
65
165
82
187
209
25
209
138
125
195
177
222
250
177
107
4
180
206
150
177
147
20
68
243
59
123
104
253
180
209
153
84
205
146
143
149
156
83
32
177
170
74
24
34
205
20
138
166
147
194
251
172
153
20
66
150
111
177
143
180
138
232
115
111
153
108
90
178
54
243
248
115
84
111
20
244
135
151
101
113
102
76
95
180
125
82
204
101
209
60
181
83
113
6
20
203
232
222
180
17
93
187
163
54
233
150
113
14
214
213
118
3
118
255
239
28
169
230
71
213
113
155
154
157
177
58
122
56
86
56
147
203
225
106
68
164
67
203
207
191
128
248
71
239
97
26
187
238
78
38
70
181
27
107
181
28
186
61
251
51
154
177
206
98
222
105
69
108
27
167
74
74
251
180
29
209
34
125
125
70
236
6
122
71
21
121
144
47
146
22
130
4
248
125
112
191
16
208
70
142
36
185
194
172
47
191
145
64
47
167
66
125
154
226
86
152
241
20
231
242
145
128
46
231
74
208
83
140
177
134
174
49
111
25
66
181
96
248
31
33
191
254
60
253
95
107
27
213
60
147
29
2
243
125
208
223
36
144
90
239
180
208
212
28
229
28
249
126
54
109
248
125
250
13
58
226
160
29
28
47
233
122
20
52
182
116
25
239
60
180
146
95
236
208
126
151
187
24
239
178
35
115
60
204
14
41
233
125
75
20
8
151
181
229
184
109
230
206
34
192
112
147
60
112
21
213
213
213
136
21
64
239
161
35
178
96
242
156
208
33
4
87
249
206
212
2
90
125
144
241
10
195
200
40
46
156
209
187
46
203
180
95
171
31
213
204
246
231
93
28
225
116
71
251
245
230
115
144
188
252
31
212
30
209
54
108
255
185
66
25
20
172
125
29
12
171
164
138
81
121
191
212
106
151
74
61
90
21
135
223
2
256
244
11
222
226
186
167
113
154
74
58
210
71
151
189
43
46
223
18
71
194
22
96
216
70
151
10
171
70
244
243
83
65
122
208
5
126
239
199
4
21
75
35
209
122
216
197
65
21
87
220
123
183
54
101
199
101
75
130
242
180
152
71
152
187
48
46
211
152
171
35
3
234
171
58
254
111
157
229
6
125
180
203
75
203
68
74
244
33
187
239
41
177
70
116
188
189
148
251
200
156
235
160
47
222
13
65
44
71
58
112
155
173
156
65
144
70
235
39
213
191
130
79
223
148
204
208
256
101
217
20
235
229
212
33
123
76
79
194
180
2
96
113
233
232
18
171
101
151
244
48
21
246
136
70
244
21
38
102
142
18
118
251
238
112
40
8
19
200
61
34
209
87
88
21
58
91
125
239
77
39
251
213
99
14
6
180
188
229
87
160
96
107
203
217
119
126
19
174
47
97
123
151
64
155
152
46
116
171
165
153
96
108
101
68
222
141
177
96
59
2
102
244
211
208
125
18
187
165
195
209
191
229
66
29
59
157
231
126
29
252
141
118
147
167
92
152
210
71
6
130
184
107
33
76
40
151
110
160
23
165
230
165
156
217
40
241
200
165
36
70
62
97
216
115
105
2
73
200
17
116
163
155
103
60
244
180
199
66
6
71
13
116
180
43
33
83
12
142
6
91
137
134
221
28
64
142
159
148
116
139
41
17
208
1
168
157
88
195
192
1
47
186
64
165
234
126
160
248
17
47
162
199
6
83
206
20
200
239
237
213
92
92
113
83
125
68
156
141
145
231
105
215
254
80
12
17
113
31
96
153
165
213
199
88
76
140
205
113
32
132
33
107
187
128
151
175
184
64
166
125
92
63
229
67
126
96
10
83
197
67
156
10
231
20
253
177
69
200
237
174
160
171
21
190
96
28
185
107
73
32
101
223
254
152
126
241
112
44
156
171
166
199
254
119
29
195
21
156
156
192
196
2
192
58
10
141
249
157
33
92
187
30
67
156
17
20
72
246
254
75
142
38
33
143
89
38
180
200
171
205
237
100
139
75
189
64
10
67
100
38
216
144
75
254
76
250
200
196
237
74
31
66
11
231
187
47
212
13
10
254
212
149
174
155
15
254
119
201
211
240
98
69
4
68
103
21
92
118
192
174
204
35
82
188
52
36
98
171
116
240
34
21
28
4
44
116
104
195
254
220
60
20
38
234
98
221
175
191
160
48
132
136
148
107
83
118
255
127
133
83
36
91
69
104
62
238
216
228
5
114
220
151
5
100
207
136
187
137
207
17
212
239
192
30
214
89
230
74
143
4
30
34
245
19
2
135
62
229
152
34
113
191
102
96
98
112
88
44
67
120
35
46
83
187
163
221
11
126
97
200
99
165
25
150
143
174
156
151
222
236
173
187
46
6
27
192
49
19
20
6
107
49
203
69
171
81
1
119
18
26
185
101
118
21
33
237
207
83
201
223
150
237
137
38
168
116
198
122
196
225
224
108
46
41
13
38
190
72
110
173
168
236
192
35
35
246
65
229
169
151
210
117
65
38
21
49
99
8
97
253
91
240
104
50
182
201
20
240
197
156
223
2
246
147
53
57
31
144
173
91
76
139
83
229
101
152
151
6
236
90
220
67
14
220
188
73
236
208
69
63
137
16
5
200
49
49
254
207
38
99
52
49
188
197
156
90
207
150
216
35
219
78
198
53
41
228
135
218
144
186
39
28
42
245
116
185
20
253
65
141
256
174
169
216
213
241
33
88
246
20
214
243
99
167
187
69
240
31
172
254
219
243
146
126
246
213
134
244
189
107
246
144
110
36
137
171
38
44
137
224
199
198
79
199
217
79
192
69
4
214
169
65
22
173
242
20
254
190
204
37
112
213
173
173
220
10
198
240
35
245
69
178
4
107
104
20
69
254
69
157
176
111
118
197
26
181
109
105
93
76
118
112
22
96
185
246
135
24
187
7
187
169
56
219
36
60
13
155
246
167
218
57
221
60
14
7
219
137
179
17
33
254
203
97
173
76
33
123
254
171
249
218
2
152
176
94
6
20
91
113
126
91
29
121
33
79
36
115
190
149
100
74
211
18
70
33
141
50
241
21
200
188
215
229
6
69
25
82
135
112
104
173
171
234
201
212
254
254
205
79
169
146
66
130
105
221
222
137
211
200
96
187
102
196
52
82
101
102
224
43
69
200
172
123
104
20
200
58
254
21
174
70
104
219
12
82
45
171
191
188
98
217
69
6
98
37
173
185
77
128
79
232
101
143
201
191
186
83
52
193
25
203
22
192
8
10
133
159
231
83
211
8
142
234
179
221
165
91
221
10
155
63
213
245
214
187
4
157
173
75
232
68
108
73
43
60
193
36
137
142
229
187
222
133
228
50
4
137
39
119
64
225
66
26
88
149
252
254
225
28
121
235
79
6
93
35
33
78
225
28
191
206
200
142
173
21
214
60
233
32
200
11
42
60
2
212
2
182
95
80
187
68
77
19
169
6
38
41
23
79
182
135
156
42
105
21
52
64
160
33
147
43
187
156
135
157
132
187
137
192
14
10
121
43
60
245
135
161
158
78
95
227
22
169
4
158
135
55
73
255
38
89
135
253
25
197
148
135
104
33
60
142
187
24
121
116
215
30
237
29
13
43
144
126
184
253
16
31
163
173
39
245
10
100
203
96
133
53
187
38
35
76
79
42
4
137
60
247
218
115
117
119
240
138
117
256
