231
243
165
67
61
195
231
66
256
66
243
243
128
115
51
140
195
165
138
243
140
143
74
243
123
106
66
59
191
9
87
123
84
191
231
21
243
166
123
129
74
47
256
129
84
129
61
51
87
121
115
59
176
59
104
139
203
176
173
59
87
177
139
186
165
204
1
106
123
69
204
209
80
40
106
151
209
80
164
191
51
87
84
66
209
179
84
75
59
24
62
88
51
54
231
208
143
135
209
243
162
165
69
24
54
136
57
51
75
209
172
151
88
117
194
89
51
251
204
194
162
51
73
66
54
208
253
24
176
114
253
173
240
209
151
89
97
151
54
67
177
151
150
67
204
231
150
239
146
66
67
75
54
76
105
73
239
195
102
28
127
135
239
112
117
31
151
28
51
75
181
67
54
151
27
225
123
73
256
153
88
63
153
249
26
146
105
24
195
165
177
251
67
67
128
214
129
176
213
24
31
106
174
243
217
151
52
3
112
243
127
33
204
225
174
89
74
75
92
28
208
151
243
129
183
89
214
37
67
183
67
235
183
123
13
28
127
28
42
125
80
64
3
229
67
31
143
67
183
98
112
105
178
151
84
135
49
202
76
256
151
50
54
141
162
172
256
151
92
99
44
243
125
112
34
82
160
212
178
12
125
243
113
80
253
50
26
64
81
204
17
7
171
148
36
143
29
84
73
151
124
66
162
12
138
172
249
63
214
206
199
12
153
46
104
54
110
178
54
242
143
26
20
159
31
217
67
176
140
9
51
146
69
204
143
143
97
51
81
166
256
10
127
92
128
7
17
36
204
143
115
151
127
219
26
218
63
108
120
27
165
66
66
203
221
174
203
113
178
9
82
60
17
125
31
202
225
59
74
73
208
110
33
25
39
208
125
162
62
95
208
13
56
203
26
176
120
160
20
230
83
172
125
10
29
50
105
150
27
51
89
166
60
156
194
91
160
105
73
204
218
140
35
246
26
112
160
59
25
195
80
204
166
76
242
88
67
176
51
70
81
85
66
81
42
157
127
120
150
108
228
117
199
80
195
42
174
143
79
63
92
174
120
15
26
174
9
202
123
151
97
11
228
13
143
52
128
92
225
17
188
235
7
203
17
39
54
87
189
1
1
189
162
138
81
209
121
253
132
56
138
150
204
150
137
143
112
162
201
220
72
173
143
17
79
84
35
197
71
153
44
174
113
44
59
176
182
194
176
249
239
143
215
95
195
194
228
214
250
151
87
236
39
97
207
174
140
235
176
37
17
105
250
163
138
218
121
127
249
66
17
170
10
143
151
209
172
162
215
218
9
64
162
232
27
209
207
111
50
153
190
151
190
121
202
228
112
132
13
170
39
153
71
63
110
110
115
254
250
112
168
57
243
138
253
85
165
120
123
137
12
39
82
25
235
129
99
243
168
132
86
208
112
249
166
28
150
97
213
4
90
17
228
201
184
251
184
204
3
204
27
201
71
198
251
63
74
213
121
249
141
112
249
204
235
232
253
236
27
95
81
128
56
42
28
98
184
21
71
124
7
26
50
97
208
168
218
140
17
178
85
176
15
166
165
112
175
105
208
206
85
225
208
23
151
137
208
73
178
243
123
18
213
63
170
214
157
184
217
89
63
97
115
45
69
148
62
218
201
42
191
134
75
175
239
143
82
235
157
17
228
4
235
94
80
84
74
76
3
171
218
162
109
44
143
235
20
178
146
15
144
239
208
209
96
126
17
171
4
51
104
58
22
169
217
141
45
159
186
251
209
151
4
76
251
62
28
62
201
56
164
123
219
28
42
165
126
146
89
137
69
95
184
22
199
162
22
79
190
239
217
117
251
250
132
54
4
163
170
123
109
97
27
136
109
230
13
242
237
140
17
119
150
63
4
173
249
218
31
20
126
239
140
19
71
193
219
251
209
146
79
51
183
251
91
94
157
126
6
52
153
31
52
170
9
62
115
183
200
212
23
92
59
251
144
237
251
151
161
113
131
76
44
113
63
183
81
21
95
208
120
132
171
24
74
81
65
209
120
27
136
108
172
109
27
251
85
225
11
208
240
172
190
252
163
213
66
97
209
123
4
90
143
225
184
206
165
153
199
212
251
113
69
94
221
41
123
84
8
85
56
113
24
208
123
3
194
133
126
69
243
132
251
20
126
140
249
153
165
204
229
133
225
47
165
28
133
120
229
153
107
204
153
176
208
128
160
69
209
19
17
123
123
92
11
209
201
239
20
156
125
81
133
225
150
120
10
120
112
174
50
36
201
249
231
150
107
196
239
177
201
120
171
116
3
150
94
74
40
125
74
160
132
212
13
123
68
201
133
208
26
84
71
67
110
75
160
156
213
85
225
199
243
150
229
251
201
147
85
243
254
228
63
160
91
209
249
107
150
133
57
123
85
157
44
157
148
120
239
160
177
71
151
178
4
72
106
136
186
193
26
177
91
71
8
74
215
32
57
71
182
65
213
158
237
4
120
251
197
163
157
143
214
54
13
225
56
237
146
254
107
186
251
225
219
26
95
125
51
126
8
56
3
26
12
115
225
167
4
120
82
74
4
4
74
198
197
213
183
88
213
73
42
85
9
200
44
85
255
147
44
9
125
59
225
150
74
144
214
160
19
63
201
202
98
150
120
144
184
144
225
242
66
253
16
222
109
148
208
158
160
82
226
200
99
245
71
1
209
225
49
115
1
148
223
92
99
82
218
88
90
225
225
94
23
214
113
158
168
216
88
63
219
18
209
207
255
157
68
140
228
253
120
112
189
197
208
218
117
120
140
112
73
82
202
63
20
153
218
197
223
73
207
225
82
151
29
226
177
240
245
165
50
237
245
51
215
243
154
209
110
203
51
205
7
10
111
222
140
244
112
193
131
133
225
112
226
127
225
193
237
106
249
218
239
193
125
155
78
141
7
20
32
246
243
242
125
42
245
149
50
218
156
27
199
165
18
124
199
48
232
195
150
120
108
199
246
178
197
246
4
125
27
218
209
20
187
225
14
141
56
89
165
92
193
20
140
125
49
125
158
52
213
173
197
208
84
193
171
161
193
161
31
239
119
107
33
54
197
120
243
120
4
195
33
207
37
179
47
49
125
91
188
214
112
197
50
128
120
209
197
59
115
85
156
115
156
223
136
114
49
33
125
155
37
89
63
113
118
72
168
118
133
94
76
168
48
227
195
4
144
254
32
23
120
157
17
120
34
