201
110
220
93
140
145
228
238
248
64
222
110
93
140
201
97
58
58
87
8
162
25
208
27
165
209
189
58
77
104
127
38
8
222
113
38
6
205
8
54
242
47
151
176
147
242
103
176
230
8
127
230
95
29
94
3
38
8
29
240
6
127
38
103
177
192
29
98
29
33
86
240
150
166
128
127
34
44
175
26
177
3
176
205
150
140
47
13
58
110
151
162
74
46
40
3
147
140
154
8
55
151
112
11
13
151
62
50
176
3
177
84
219
205
90
162
117
151
205
175
238
32
13
183
150
175
29
31
95
222
13
38
145
248
174
65
75
177
112
147
71
227
183
105
105
112
114
133
166
40
219
236
196
204
203
147
71
130
170
111
13
239
252
219
162
28
230
244
65
11
90
175
177
208
3
35
208
239
181
75
103
54
46
90
251
82
220
186
219
253
220
74
75
109
58
65
177
237
230
114
170
62
182
137
65
112
208
13
208
46
65
12
236
65
244
239
123
46
151
169
180
108
141
162
57
107
194
180
251
177
37
239
212
7
7
105
40
155
3
98
142
41
189
195
112
146
36
69
171
105
108
129
197
103
190
129
46
181
206
103
46
40
220
59
40
183
149
230
150
112
244
97
145
90
91
184
212
212
95
54
211
199
149
150
77
113
90
130
113
149
184
40
219
145
190
54
24
55
225
253
51
172
54
147
3
55
11
97
195
230
194
64
79
71
132
115
14
12
189
40
130
186
167
211
150
31
181
195
46
66
253
112
116
32
32
74
116
195
236
65
113
16
223
40
211
244
104
91
47
40
57
182
89
3
3
220
41
230
79
64
46
236
117
115
32
86
230
4
160
149
247
40
209
79
138
160
31
150
193
175
182
6
90
112
54
54
47
199
222
54
190
146
149
192
240
241
15
160
230
160
51
95
14
88
84
170
39
232
220
224
95
71
98
205
151
82
194
16
160
183
103
160
107
18
230
95
125
32
113
71
104
90
71
235
105
189
136
124
110
37
160
37
151
37
243
231
192
252
175
37
66
117
192
46
248
217
243
5
230
96
149
78
244
250
47
141
219
93
138
16
164
98
82
129
191
105
85
199
220
97
105
125
22
244
31
5
221
95
64
106
241
181
87
40
102
46
154
74
87
46
250
16
4
149
101
217
144
81
103
184
47
91
29
181
95
104
110
88
196
231
170
108
104
1
203
182
8
176
162
152
27
231
220
127
254
149
130
126
62
238
84
173
246
104
123
240
87
29
224
25
29
31
82
71
191
248
105
103
201
18
165
71
13
105
248
104
236
58
95
3
151
150
74
240
150
25
11
248
95
54
37
209
138
128
182
242
154
149
47
201
231
29
118
206
5
113
37
156
60
104
208
14
162
71
211
248
204
101
244
156
220
218
256
82
114
19
170
248
229
256
78
249
34
182
95
90
242
225
254
190
254
230
95
30
225
71
103
14
176
208
98
244
250
62
180
216
130
196
15
6
154
208
248
92
4
60
62
183
87
73
154
47
147
8
156
24
230
141
113
219
47
95
134
154
41
250
225
216
64
172
47
145
112
254
25
56
27
230
36
209
69
103
95
243
62
98
117
230
176
98
33
32
59
24
224
107
248
166
159
24
75
172
230
245
75
46
125
145
172
1
112
125
3
64
240
105
87
15
113
18
210
225
41
225
185
216
250
112
77
167
98
43
167
22
220
99
3
243
172
102
235
142
243
245
57
249
209
93
199
149
89
119
192
230
96
116
179
230
66
170
107
248
100
55
172
92
174
172
116
246
28
101
208
181
79
185
104
64
149
99
114
174
17
25
9
243
115
182
82
175
183
96
75
228
173
46
190
156
156
151
189
118
251
136
241
237
37
154
200
23
218
55
65
17
28
180
204
236
40
116
61
14
64
250
235
185
208
118
147
250
24
149
165
36
179
178
141
160
13
205
141
200
104
104
216
177
187
145
46
107
46
229
173
1
54
119
61
145
13
46
156
74
193
6
200
2
221
66
244
64
250
49
57
168
7
34
105
103
105
237
183
200
143
235
106
243
146
54
136
8
136
74
212
169
147
93
146
66
67
101
46
143
254
61
145
141
122
236
106
175
108
212
175
113
36
143
10
10
135
181
152
244
99
143
53
174
177
182
120
79
255
197
234
229
159
150
223
96
175
200
184
91
200
67
187
25
47
76
172
111
219
141
103
197
105
245
57
255
234
74
175
46
82
72
197
66
82
4
66
234
178
151
217
248
111
200
205
158
2
57
202
139
96
136
189
46
119
175
79
106
234
193
149
131
63
77
47
47
6
204
254
141
123
34
234
28
134
125
66
17
222
63
111
99
136
218
35
138
76
188
15
149
96
252
216
79
170
149
216
140
212
57
256
52
216
136
246
116
1
82
125
212
212
79
238
131
218
100
74
77
66
106
252
140
181
79
152
224
218
182
212
197
219
4
163
6
252
6
16
123
101
85
117
54
47
26
105
147
15
182
62
129
180
63
243
185
17
144
47
50
133
77
118
104
175
213
44
125
101
99
64
46
228
128
120
32
163
57
141
99
228
209
237
75
180
147
44
52
212
185
119
180
180
171
213
182
200
66
1
12
29
197
207
224
34
92
145
19
255
185
47
246
82
177
57
248
218
177
148
218
115
22
15
206
10
47
185
222
149
245
26
228
62
149
129
174
202
64
198
200
102
238
246
18
110
132
99
247
253
81
216
185
128
173
162
237
27
65
248
222
218
25
32
206
44
255
93
17
65
44
152
34
162
37
120
104
44
118
174
216
125
144
119
174
64
161
22
238
224
249
122
75
99
170
31
218
188
5
57
156
207
218
228
4
23
232
99
6
108
19
15
182
182
5
22
99
69
164
86
169
56
234
99
214
1
234
188
243
153
37
111
15
88
254
236
228
217
222
109
109
34
34
254
238
57
27
200
72
113
8
99
4
93
227
162
76
188
120
99
188
254
218
125
47
110
204
204
215
107
128
232
197
99
21
40
148
64
211
227
241
99
170
9
189
25
217
172
24
15
152
87
99
203
99
151
255
3
188
227
104
208
199
244
116
34
113
218
188
254
156
206
240
152
16
119
256
34
224
169
47
89
47
187
246
158
92
120
227
215
204
99
150
178
188
206
200
35
66
193
193
89
178
99
188
121
20
202
125
96
228
254
206
61
47
113
201
53
53
19
46
182
32
120
83
188
183
229
103
120
41
27
255
105
227
184
180
120
31
160
245
5
240
189
65
174
90
99
122
240
216
193
188
20
234
197
21
184
218
182
84
227
154
216
232
185
200
210
224
170
63
55
227
169
247
99
216
245
22
200
228
193
113
200
101
227
10
38
238
248
139
120
61
37
200
200
210
138
122
13
219
94
76
13
23
108
255
152
38
193
197
124
78
125
105
78
152
72
105
111
79
88
99
111
91
216
4
23
38
197
18
158
19
139
63
76
43
93
167
252
254
237
104
234
131
167
116
184
155
37
197
176
254
101
15
88
148
167
76
170
99
147
133
14
94
218
15
24
76
190
82
254
73
91
254
224
34
125
4
243
139
234
20
218
218
57
73
133
38
30
254
216
197
238
158
234
35
31
