80
206
209
176
205
150
231
205
135
80
17
205
206
17
208
208
29
77
249
208
166
128
231
88
135
42
33
221
28
92
250
54
171
65
80
166
250
59
205
221
42
165
230
182
194
88
211
211
21
208
206
206
92
88
97
77
88
55
253
144
28
74
205
168
128
217
194
99
203
136
229
205
86
15
98
8
166
150
166
250
54
138
225
146
221
92
150
244
97
146
162
74
230
33
164
162
177
244
33
205
92
211
222
13
150
191
244
54
169
121
80
59
92
92
254
254
254
177
63
230
63
39
183
141
74
77
249
144
240
141
141
141
63
181
144
80
244
178
29
123
141
141
183
229
118
7
191
194
150
146
92
59
203
118
59
113
69
141
55
85
249
195
80
231
136
235
100
132
92
35
217
42
88
166
17
239
132
141
240
58
208
217
181
97
107
65
211
217
35
40
40
58
176
128
16
20
240
141
7
84
244
28
7
182
36
36
65
118
40
97
208
144
92
80
230
80
203
7
63
230
235
141
256
92
89
151
246
240
85
235
184
82
85
162
75
107
244
141
256
118
132
235
113
5
141
27
166
95
36
40
144
248
203
191
7
113
215
235
253
58
84
211
132
150
235
132
196
112
39
240
256
241
127
89
191
59
217
87
221
143
97
235
15
237
217
80
7
178
29
122
127
36
42
205
253
146
80
29
178
229
87
192
253
41
160
95
176
33
87
182
129
223
244
185
121
113
92
4
191
76
103
129
58
203
185
182
146
33
42
95
168
117
93
28
29
153
205
235
212
55
185
164
39
194
127
135
253
95
176
6
45
121
184
97
24
230
135
169
209
146
55
230
141
249
135
182
58
28
59
143
166
22
67
211
227
36
217
182
229
231
191
31
89
208
107
109
182
114
114
176
253
43
228
113
146
136
9
13
231
85
1
58
242
205
239
181
191
223
250
242
40
168
86
141
235
42
36
80
24
185
108
229
170
140
21
75
58
40
237
15
33
122
203
124
182
59
89
59
135
191
203
11
194
35
109
41
133
108
11
24
109
217
256
107
136
249
235
118
142
193
113
231
93
146
177
37
186
191
246
75
249
193
21
176
146
87
191
97
35
113
253
209
53
121
59
243
40
169
65
113
103
89
8
145
237
36
35
28
133
191
166
194
118
146
86
70
93
223
92
142
115
106
117
253
171
206
49
178
256
118
21
225
87
115
59
74
22
107
195
75
162
49
150
107
195
42
169
61
42
89
29
206
6
166
121
136
152
38
133
162
251
236
21
254
71
194
251
249
191
97
253
89
79
244
185
103
103
194
113
89
18
253
62
110
33
41
234
58
171
142
109
59
113
95
8
138
79
185
121
160
121
113
256
182
25
121
33
113
181
171
194
169
249
6
80
92
39
39
39
188
75
191
180
113
152
39
16
42
245
194
256
171
176
249
84
18
174
180
195
89
253
52
52
236
33
41
59
80
191
230
204
83
183
106
121
67
75
254
121
224
251
46
88
133
248
39
40
30
39
243
206
126
35
28
49
35
7
89
181
24
170
154
166
96
122
26
224
249
113
151
182
64
111
114
121
136
113
171
92
26
200
124
214
80
231
155
239
31
52
191
38
45
230
191
164
121
24
77
43
191
191
253
4
230
107
42
92
206
61
81
58
41
195
146
7
20
36
61
35
154
188
80
153
191
135
32
52
68
106
155
90
107
170
122
101
217
151
189
206
166
42
103
239
11
10
202
68
130
152
185
212
206
246
37
182
113
32
224
119
191
215
206
187
119
222
83
107
154
114
187
89
72
41
191
242
154
193
60
40
42
109
154
89
61
136
191
68
188
111
71
236
107
254
191
126
91
200
68
67
103
6
209
35
155
124
138
125
121
185
202
75
32
26
113
136
86
99
6
136
6
133
185
121
158
36
9
67
36
141
22
152
77
195
47
144
191
160
155
157
175
230
179
152
109
21
22
188
77
234
222
224
141
159
26
224
20
25
113
105
68
158
52
39
58
224
141
244
246
92
152
38
95
1
102
206
118
144
144
159
145
16
189
188
108
194
92
109
145
71
146
255
249
61
8
203
133
59
118
154
202
185
137
119
157
156
182
224
125
111
1
191
26
109
173
39
188
5
226
191
61
135
47
230
212
22
106
75
216
191
254
246
193
188
1
207
243
187
106
53
170
200
253
114
83
130
114
5
49
21
36
216
236
117
191
45
188
8
207
35
149
191
36
36
65
200
156
35
185
121
9
182
244
108
110
139
188
49
230
8
222
144
246
12
88
208
206
131
149
109
198
182
94
131
193
10
191
191
166
141
212
205
182
106
219
38
12
27
7
121
197
224
137
145
113
101
8
180
77
12
244
53
206
70
42
213
46
13
108
230
171
113
77
191
179
1
13
21
48
252
39
134
83
144
8
122
77
86
194
132
94
13
198
91
179
53
45
115
68
176
128
130
191
94
54
190
252
207
67
210
154
48
225
247
182
8
35
113
249
235
92
21
131
188
117
45
192
47
5
141
9
48
77
145
2
29
26
9
17
198
86
45
12
2
115
9
22
153
120
113
69
150
134
31
191
140
162
198
162
24
247
17
191
116
36
169
146
230
236
156
210
24
18
191
156
17
125
227
182
35
212
138
157
181
141
55
5
173
181
20
64
63
38
94
196
6
13
189
193
222
215
128
86
228
150
149
45
55
17
133
119
134
59
108
168
203
120
156
36
63
94
134
99
37
188
130
51
22
171
21
238
56
154
105
136
146
156
9
62
134
136
9
138
143
154
75
22
253
232
145
72
145
68
115
222
105
154
9
141
214
157
149
77
156
48
14
53
138
68
154
194
197
116
142
161
216
197
145
93
24
119
197
246
238
113
227
229
216
138
141
69
71
72
163
181
170
200
96
212
156
92
109
67
78
115
130
86
89
70
109
96
156
119
161
116
223
49
117
207
224
119
156
147
227
155
186
1
77
117
193
241
253
106
149
26
145
194
210
130
182
158
193
119
53
77
171
236
26
4
156
145
116
26
15
107
5
191
47
8
69
183
130
55
58
200
189
173
47
185
120
228
131
39
229
26
152
157
65
191
1
136
198
156
116
56
152
188
157
169
187
49
224
92
218
226
245
4
155
4
224
224
188
135
163
191
20
167
224
