80
79
248
236
209
209
209
145
6
177
209
229
80
209
140
10
145
177
209
222
229
51
238
5
138
64
79
46
22
183
177
22
75
177
182
181
51
141
185
7
185
46
236
138
88
108
88
138
51
209
85
127
182
196
183
11
79
59
97
96
71
177
237
136
183
1
71
229
5
38
186
97
177
141
22
118
121
50
174
219
186
85
76
237
121
106
176
54
220
177
80
192
182
243
204
18
136
76
120
113
47
137
256
12
122
115
81
151
86
162
94
178
81
66
150
220
219
137
189
253
254
192
116
243
13
235
145
107
188
79
102
118
6
16
102
114
79
254
115
45
169
181
154
213
141
180
63
134
100
194
243
116
223
88
81
249
33
170
182
51
10
124
180
122
9
213
187
66
14
203
213
256
62
62
172
55
182
218
27
54
218
75
54
113
79
227
77
14
203
27
180
150
9
48
75
249
37
114
55
243
248
80
49
213
241
222
249
243
169
240
112
144
157
44
227
120
51
63
240
5
187
97
84
12
9
95
220
86
85
39
84
118
224
102
256
219
130
202
224
76
18
189
189
235
51
65
86
3
199
242
14
215
13
106
79
109
5
243
118
189
178
5
205
146
3
157
21
221
136
207
228
95
113
161
194
97
166
201
118
72
6
34
158
181
184
137
176
136
131
33
249
85
27
249
242
109
249
46
86
115
5
31
248
30
209
96
118
113
164
184
31
36
42
224
65
163
242
50
70
5
128
118
75
118
30
33
43
230
135
13
226
183
39
101
251
34
98
128
77
82
4
152
26
128
243
63
79
61
249
113
67
182
170
175
58
36
95
169
30
88
109
203
17
183
250
184
105
202
70
155
204
118
53
117
91
139
42
179
85
163
250
156
207
5
9
106
33
31
222
76
91
114
203
182
15
241
212
131
203
135
31
204
66
106
204
195
137
135
34
228
176
33
219
128
118
101
39
83
39
30
118
13
135
118
253
228
84
117
160
30
204
132
228
34
118
24
41
233
33
226
176
124
104
14
217
8
211
13
2
194
227
141
84
87
226
120
30
36
115
33
1
141
34
169
241
26
227
34
18
74
228
79
79
9
123
116
171
245
176
248
76
168
141
95
183
99
34
175
222
28
242
75
208
74
82
213
227
102
218
118
200
136
204
174
232
96
58
241
216
13
226
91
131
171
203
159
230
242
166
39
156
178
197
117
250
187
226
75
126
10
192
253
46
39
172
108
137
44
171
11
13
136
192
235
241
195
38
237
156
195
36
3
195
64
213
89
214
204
118
118
65
122
77
128
253
176
70
5
124
46
207
197
187
79
253
44
131
118
82
205
166
71
228
207
49
208
187
36
137
183
217
1
137
167
1
110
100
229
54
9
65
175
109
141
5
39
116
256
55
71
5
77
84
33
160
207
134
241
248
230
108
229
128
38
217
80
202
100
44
124
218
201
183
39
30
232
1
202
238
118
130
207
221
213
229
231
34
217
67
128
5
66
187
181
46
62
120
100
180
137
109
180
190
207
163
180
227
141
77
42
207
227
195
56
67
197
50
172
38
195
28
174
193
112
118
82
211
177
96
100
142
100
25
148
98
39
171
218
177
22
232
108
175
77
198
177
141
21
101
54
223
114
248
37
201
228
81
242
130
20
163
182
202
114
156
1
1
12
30
239
28
137
172
46
126
235
20
137
116
217
239
189
195
137
122
135
195
5
158
41
249
65
122
256
173
46
59
92
242
98
205
126
46
119
195
65
130
21
46
195
188
97
163
77
196
33
70
38
47
228
14
13
82
110
213
33
137
223
130
43
88
149
163
136
219
130
138
87
84
130
186
69
60
226
18
23
54
39
157
49
91
5
131
187
142
206
254
87
136
206
214
117
15
229
185
241
56
232
188
113
100
16
137
132
163
199
143
135
168
49
226
109
34
255
184
229
242
124
39
54
130
24
133
223
226
43
221
115
62
255
49
89
32
253
49
69
42
120
124
201
107
170
163
18
117
5
137
136
241
163
213
51
46
100
227
6
241
85
39
6
100
15
138
198
111
163
5
171
224
241
229
44
76
137
207
18
78
34
226
21
135
198
226
118
56
138
88
190
77
111
224
125
37
182
49
137
240
226
91
77
157
125
107
123
73
1
61
130
217
207
137
137
77
9
198
39
44
117
197
72
49
60
150
21
42
48
256
143
39
218
114
163
178
69
15
43
109
212
249
24
9
213
82
122
176
125
96
137
226
116
207
241
237
39
132
224
30
30
125
77
120
199
118
193
219
222
229
77
66
21
9
197
137
117
226
9
224
104
37
72
39
150
72
100
213
43
86
174
171
45
102
4
207
218
79
117
4
77
226
212
73
43
119
176
2
186
77
137
109
136
227
226
174
224
173
49
73
174
154
117
249
37
100
241
153
117
224
226
176
61
243
197
159
255
39
42
4
197
249
30
77
247
190
39
206
193
226
10
176
15
9
42
226
159
122
187
55
24
224
42
176
163
30
163
115
203
231
44
78
163
141
213
256
187
210
137
154
49
244
44
37
73
30
43
94
127
117
226
133
232
130
1
42
42
111
13
72
42
33
169
31
148
53
136
200
84
249
238
124
72
137
25
179
148
162
115
241
10
218
227
198
232
43
30
217
187
200
174
33
137
104
206
30
39
233
29
77
254
173
207
176
237
42
42
163
39
210
15
13
62
198
197
138
70
192
42
33
100
176
170
35
84
10
114
76
217
13
42
137
44
218
105
206
88
91
15
54
42
77
198
218
96
88
43
4
117
237
213
238
240
173
198
53
44
240
19
15
255
163
252
125
218
4
15
124
31
253
141
25
226
163
88
240
111
207
114
86
131
142
15
154
237
196
114
116
131
214
197
79
79
12
203
76
163
171
10
115
207
39
120
75
238
78
216
163
137
102
131
57
84
104
48
179
164
31
149
199
53
174
115
117
44
86
137
163
110
214
248
13
115
182
73
228
237
135
120
43
26
224
16
204
227
39
215
26
163
236
64
207
237
73
63
163
83
13
43
197
9
179
116
52
66
91
146
124
169
216
240
13
101
76
94
256
73
44
49
256
243
241
189
163
169
68
49
173
57
57
238
44
198
34
52
88
49
57
61
163
52
134
42
124
222
120
88
134
187
69
31
236
133
117
197
142
52
238
256
91
179
124
1
117
35
116
199
256
196
158
238
179
134
88
140
197
176
26
142
34
134
120
158
86
101
57
179
22
41
64
198
142
