48
166
155
166
95
170
33
155
63
190
230
136
205
138
95
95
199
33
215
161
230
230
33
40
11
11
155
7
11
246
221
184
243
3
59
184
75
236
239
3
86
52
3
246
222
239
222
217
33
59
244
128
97
235
242
5
182
161
150
113
73
121
59
144
223
170
208
150
28
173
57
24
22
31
175
11
209
31
131
89
222
11
161
118
249
97
100
132
106
166
146
40
95
28
153
13
155
14
31
30
222
59
3
195
183
129
65
208
226
181
37
83
32
27
58
194
127
40
231
136
150
253
230
76
109
37
98
44
182
217
113
67
208
170
253
136
27
168
26
196
65
206
106
13
88
88
27
147
116
75
222
246
136
3
190
28
184
5
62
223
24
95
222
240
136
17
253
121
152
103
61
250
244
11
190
141
13
154
123
103
109
238
103
187
253
244
183
64
160
231
160
182
212
235
226
73
71
109
118
132
37
61
195
160
14
219
47
246
223
32
41
129
87
223
73
104
203
223
89
104
180
242
136
203
190
109
28
206
207
250
136
172
65
40
104
183
244
256
83
212
168
41
145
135
8
182
102
37
71
31
14
139
244
41
183
118
121
237
190
171
175
186
75
71
136
96
231
194
61
253
39
244
113
31
91
10
21
25
147
47
200
14
136
34
235
96
221
67
145
208
35
32
75
131
184
4
58
114
165
61
145
203
182
190
88
223
108
185
200
200
200
88
75
223
218
129
116
217
78
208
21
39
147
170
185
185
190
244
83
162
132
147
253
28
91
182
185
181
58
146
47
107
4
147
185
174
135
31
71
141
14
221
89
160
69
182
141
30
78
206
160
212
88
71
212
24
221
209
180
135
160
18
113
242
181
254
160
5
116
28
140
116
8
28
103
160
138
28
69
208
65
198
154
6
154
32
198
116
193
90
18
21
89
18
132
144
241
169
104
92
160
150
108
122
154
36
150
96
10
25
87
98
81
118
244
67
96
103
142
49
204
31
4
165
136
172
35
172
71
171
241
141
122
222
209
212
217
141
212
190
150
227
219
68
209
145
103
141
220
254
147
92
31
2
76
200
111
2
220
67
76
127
67
151
217
150
152
141
217
5
88
219
141
212
127
147
223
201
23
28
40
156
150
175
29
71
30
163
152
219
204
32
54
96
155
54
219
219
71
106
114
91
180
148
3
37
57
244
88
57
101
129
188
219
133
92
72
147
220
64
131
133
83
111
83
230
19
189
49
111
13
37
175
238
192
138
68
159
48
64
37
197
111
93
228
37
142
235
105
34
133
111
230
133
76
111
255
139
133
129
133
199
133
215
145
14
81
76
133
242
133
79
111
25
252
82
99
133
133
133
64
76
85
77
111
248
102
82
111
133
189
56
22
238
82
189
63
91
85
133
111
110
110
106
219
76
64
111
34
12
15
111
147
94
201
111
133
134
56
97
106
190
106
220
111
238
52
201
219
153
111
201
111
99
82
26
11
94
111
72
57
133
133
94
219
133
15
34
201
111
48
189
61
111
111
134
145
104
133
111
248
248
242
86
133
224
26
61
10
82
228
85
189
111
111
111
111
