184
32
184
184
140
235
184
235
140
32
140
184
114
132
132
184
114
168
32
181
79
177
15
208
208
209
76
225
38
132
235
114
114
208
37
40
131
105
208
106
235
184
40
88
235
14
215
76
52
83
118
37
168
204
204
51
250
79
122
134
116
118
114
27
168
235
27
131
27
106
122
77
97
105
171
154
105
109
171
171
97
131
116
168
150
179
235
189
109
88
55
184
184
40
14
51
105
109
240
190
192
182
168
209
28
182
114
27
27
124
109
62
40
37
77
116
40
54
194
70
66
65
55
54
149
206
235
222
106
206
88
184
95
73
105
29
198
133
153
100
182
37
171
235
59
78
168
67
203
168
54
225
168
40
170
40
174
77
153
125
168
171
131
91
235
128
131
171
118
114
15
85
28
15
70
178
171
221
77
131
166
136
159
67
105
138
237
172
63
137
215
168
131
63
150
235
235
236
105
217
28
131
168
131
114
168
105
240
248
203
236
230
70
55
137
109
215
238
246
44
221
240
124
195
129
55
77
206
171
192
53
168
132
157
85
61
109
206
182
171
77
106
79
55
235
235
151
86
138
158
63
37
93
153
46
189
55
37
216
77
85
149
205
153
166
13
193
236
222
210
117
77
235
127
132
235
94
132
105
13
239
215
100
3
105
207
184
193
212
216
52
242
249
40
135
210
15
33
220
117
13
115
88
181
75
114
171
13
60
222
110
222
176
117
81
161
44
63
37
131
63
236
117
28
54
77
168
118
184
95
37
110
103
189
54
131
131
77
189
26
223
191
131
206
63
114
38
37
55
105
242
151
182
193
73
193
247
32
79
227
25
192
207
235
210
232
60
100
132
150
136
246
206
114
185
63
198
134
166
52
37
180
168
37
171
222
77
105
63
117
161
31
222
193
206
189
189
95
144
81
13
225
175
184
235
34
100
145
46
77
221
204
13
171
132
63
193
133
78
168
95
168
1
157
247
131
113
182
67
104
131
168
147
220
168
13
158
114
124
117
132
213
106
86
63
235
128
235
14
104
33
77
42
64
204
207
114
249
168
65
77
39
114
55
217
26
26
192
248
155
192
57
132
182
63
118
79
186
252
136
131
59
210
100
220
168
168
12
188
26
210
58
214
124
32
131
70
167
15
183
117
135
168
29
232
42
215
16
131
174
115
9
232
153
161
124
52
63
168
139
184
142
41
159
44
39
70
139
101
70
57
183
26
178
19
116
215
28
159
246
29
210
227
231
209
41
12
74
182
84
245
117
117
151
37
170
101
148
107
117
26
88
134
168
78
106
157
109
25
25
40
150
178
183
58
178
207
131
192
86
133
215
164
52
214
134
138
108
68
202
73
235
25
25
220
102
170
183
135
57
132
174
68
100
12
53
86
228
249
94
206
56
117
37
79
131
59
64
109
172
156
19
49
242
17
42
25
70
141
25
10
54
66
117
69
109
133
19
82
104
77
86
63
79
124
26
105
168
15
62
168
84
145
65
159
81
14
124
14
220
66
202
55
198
53
120
164
164
90
15
26
72
15
48
256
232
124
235
110
168
52
256
147
225
88
10
159
124
114
164
188
235
161
86
84
241
105
130
196
82
204
249
174
74
43
68
105
176
124
153
168
55
197
133
117
115
131
45
68
130
64
214
109
235
192
109
107
192
17
161
181
42
77
137
155
46
100
155
245
26
133
219
27
161
159
69
59
159
221
60
86
73
133
176
189
161
14
90
189
232
168
131
63
82
190
192
228
141
53
37
43
37
4
130
86
5
64
77
77
131
24
202
144
102
37
30
100
55
15
78
15
102
193
172
105
102
42
176
15
53
57
168
129
56
70
161
106
244
117
174
136
168
77
48
155
130
83
185
63
84
178
235
55
178
155
42
193
110
79
3
146
232
221
159
64
249
216
69
176
117
247
75
228
3
60
14
77
28
193
65
106
124
117
198
64
248
79
149
176
174
44
124
250
19
81
106
193
114
110
24
247
213
55
157
124
40
196
84
125
9
34
54
12
13
221
52
77
256
105
163
94
229
193
91
6
193
232
195
205
33
184
136
124
13
77
86
11
15
59
217
63
97
214
141
124
174
76
76
60
107
53
38
196
47
76
196
77
14
238
255
40
220
82
86
102
183
159
189
15
213
69
77
168
77
72
144
141
56
122
53
26
17
59
105
218
139
159
46
213
84
213
220
31
117
206
76
78
109
24
15
82
228
26
196
42
159
189
66
230
235
233
72
214
221
28
91
69
114
217
116
105
155
120
235
113
149
82
219
54
64
161
79
106
53
134
190
63
213
54
120
235
26
13
37
105
256
199
133
34
70
56
17
37
250
145
86
124
189
48
53
158
121
204
255
176
249
11
65
176
157
150
168
150
57
104
9
180
37
86
141
182
15
77
20
4
122
134
102
213
247
85
56
158
59
160
64
77
114
158
206
120
95
79
250
197
59
110
227
214
44
25
168
40
4
230
187
75
67
57
24
120
138
78
101
135
222
38
11
159
192
47
68
39
246
12
102
236
63
158
183
137
82
82
68
105
25
174
113
37
54
220
110
56
13
133
15
131
52
142
163
63
174
15
235
168
183
174
210
250
42
228
114
250
163
44
224
207
159
216
138
255
171
194
77
37
250
134
248
118
188
124
102
220
117
33
249
39
27
250
179
161
95
193
61
138
255
150
11
76
53
214
125
44
176
105
24
220
252
240
121
110
104
227
43
26
159
153
37
128
56
238
204
100
189
170
192
17
213
131
60
228
230
133
102
55
211
222
54
133
77
109
195
161
150
196
78
211
247
41
25
232
105
118
135
70
77
182
63
26
221
199
171
115
235
178
189
33
79
135
130
228
249
55
131
124
147
187
219
125
13
137
106
130
12
37
210
168
219
174
48
183
245
235
222
227
40
117
132
50
182
33
242
220
117
145
227
211
56
203
110
100
178
226
138
49
17
53
17
33
75
245
25
79
24
77
66
248
11
132
187
107
10
24
39
172
130
11
140
52
110
214
15
256
92
128
48
109
168
148
245
53
144
79
109
235
93
238
85
115
53
204
174
124
145
100
150
78
192
52
155
108
215
84
63
158
230
181
214
43
220
102
157
78
230
133
85
145
124
245
55
230
238
256
232
220
226
150
198
230
213
145
24
66
106
133
220
224
55
220
70
54
24
53
94
57
133
232
176
198
47
56
107
138
222
130
133
173
89
174
214
99
9
53
157
20
74
198
184
109
133
159
133
190
224
193
25
210
31
124
218
159
24
51
245
133
179
78
246
224
173
244
236
11
49
154
131
43
10
53
109
28
90
198
176
96
24
116
220
238
87
164
17
110
79
122
26
102
134
159
184
157
37
109
124
57
139
72
82
82
202
178
110
63
57
158
74
115
161
117
157
77
134
130
220
116
211
149
75
69
150
228
8
133
157
38
101
45
138
177
45
105
137
198
39
56
133
15
118
135
183
246
115
85
130
114
178
164
10
90
13
86
159
114
42
193
249
172
235
198
133
49
82
124
68
178
252
159
133
55
192
28
8
202
116
56
139
107
137
145
76
133
171
145
137
159
133
105
155
110
238
3
196
105
26
48
3
117
157
110
137
158
217
53
128
193
247
133
178
115
9
57
33
133
158
182
178
69
77
211
60
227
202
189
107
134
189
202
39
189
86
157
244
110
38
45
102
228
189
53
48
39
133
256
137
56
252
60
78
57
78
168
157
192
56
