3
3
192
222
193
193
222
222
181
192
181
178
181
192
192
145
219
122
122
181
178
178
237
178
129
122
222
178
43
157
149
145
85
192
109
145
156
151
157
178
140
157
109
126
145
222
151
237
109
60
126
145
178
43
215
189
51
140
189
150
5
18
157
222
184
184
10
178
114
60
184
132
122
222
175
145
229
178
156
137
51
19
74
118
129
137
126
218
197
178
197
157
74
70
132
189
82
114
60
174
150
118
76
189
28
230
230
180
28
246
181
137
51
132
181
157
178
122
11
26
117
178
70
12
60
75
178
44
51
150
28
101
28
68
75
222
222
68
28
177
183
51
114
180
147
129
51
98
96
2
222
98
250
132
53
117
222
123
75
150
238
238
131
247
235
101
129
8
182
182
18
230
185
214
178
189
208
57
97
214
62
70
177
157
250
222
37
102
150
148
157
87
6
122
123
122
248
118
109
38
154
237
95
63
214
6
229
112
154
136
150
66
119
38
222
149
182
178
118
70
102
66
87
180
87
82
12
136
53
122
109
178
58
115
38
6
47
48
119
182
12
182
29
58
87
180
182
248
247
192
148
188
66
185
192
224
90
227
82
90
87
230
70
76
11
222
14
58
39
182
222
220
55
53
78
193
48
5
131
220
220
141
44
78
58
122
180
222
187
248
205
227
8
141
227
253
227
157
69
109
6
90
187
109
141
221
256
108
8
162
14
247
227
109
158
122
164
112
148
109
168
109
56
187
248
235
163
78
117
157
254
19
247
131
188
12
163
12
62
131
227
178
192
136
30
163
136
109
