128
128
55
150
211
196
205
150
205
211
74
55
150
140
55
162
162
84
106
55
88
169
150
183
55
95
88
184
64
106
202
232
249
204
184
64
214
3
150
25
52
29
184
218
155
73
44
256
52
115
249
121
94
115
157
26
105
204
58
63
230
81
134
162
26
115
155
242
111
161
46
55
29
157
159
46
111
104
256
76
176
89
91
136
228
203
57
15
111
95
99
54
106
55
127
83
202
161
130
256
162
111
256
126
149
105
230
64
32
39
103
162
211
73
16
84
191
123
126
103
242
3
157
150
183
209
115
175
26
130
213
112
147
25
23
149
66
84
248
127
190
54
211
190
136
126
209
26
138
25
73
76
54
182
103
192
79
128
240
16
132
249
209
138
110
3
94
192
50
123
238
32
70
16
112
128
59
112
211
63
202
54
106
54
157
202
211
106
249
190
145
163
202
175
123
170
76
81
132
128
11
115
111
145
55
86
62
121
163
11
91
25
232
145
55
161
61
110
123
128
3
190
143
249
232
84
111
105
123
163
88
230
128
115
54
138
237
192
111
237
69
208
31
84
70
208
163
123
155
13
3
84
104
69
105
74
134
74
44
218
128
148
28
162
3
230
145
155
202
69
94
130
112
197
115
164
16
217
86
240
54
52
230
104
248
193
155
57
220
149
139
54
112
190
230
213
177
204
155
177
145
44
10
202
12
178
52
74
190
209
176
203
155
11
105
139
9
145
238
110
214
112
50
45
219
74
62
86
104
216
248
164
190
148
248
86
115
155
214
149
73
79
29
197
110
161
164
155
26
9
161
149
12
55
209
253
127
72
31
149
143
148
6
49
84
159
94
57
189
149
162
225
215
48
210
220
148
197
86
128
168
94
253
26
112
45
100
13
32
64
128
204
9
237
237
155
163
13
150
138
54
214
72
48
159
106
45
165
57
202
230
164
106
115
145
11
182
168
197
51
208
248
220
126
134
9
154
235
161
174
155
74
189
72
213
3
197
154
9
127
256
124
150
209
16
219
155
214
104
222
111
52
13
213
64
110
106
104
16
214
204
162
45
86
162
27
178
115
181
55
34
12
225
111
48
57
13
149
16
148
141
174
155
168
210
249
211
55
211
86
148
239
55
44
159
63
238
177
189
218
105
72
219
184
106
237
146
45
82
176
237
115
57
149
211
218
62
214
248
38
219
243
213
178
163
243
110
106
189
237
204
162
208
189
237
230
81
149
126
139
111
44
159
81
237
57
104
155
45
201
123
213
210
249
249
214
106
197
212
104
56
105
129
184
184
155
235
235
56
139
218
62
86
149
189
57
51
161
232
155
148
85
220
62
40
204
104
82
186
106
214
44
104
252
73
201
56
12
175
114
218
15
197
172
245
235
72
104
218
155
149
48
220
148
148
120
82
218
83
243
85
9
237
208
184
217
237
156
128
92
129
190
208
218
217
153
81
115
114
218
190
218
191
63
218
126
175
237
184
63
90
222
235
243
149
162
193
63
143
184
232
162
181
208
175
250
155
72
129
148
117
197
197
184
172
218
149
247
79
56
235
193
209
23
63
143
75
184
218
197
215
163
62
250
140
242
14
218
15
235
155
193
15
215
48
136
183
183
255
193
235
54
145
155
57
218
169
163
242
216
23
216
172
189
178
204
235
237
31
161
15
77
197
74
186
76
15
86
104
183
32
74
222
163
51
184
190
16
197
75
184
52
208
184
99
9
81
215
31
84
82
63
235
149
63
109
52
218
99
81
81
184
62
235
220
210
122
178
124
74
178
83
57
178
235
247
112
44
72
82
32
235
177
73
189
218
32
115
63
114
140
228
213
110
178
15
159
102
52
63
172
189
220
228
235
207
247
186
139
129
53
177
73
207
133
184
115
136
178
72
235
190
23
159
84
193
10
199
44
184
139
163
208
178
84
86
189
102
178
184
23
215
189
137
48
77
193
45
136
184
136
82
197
250
161
53
184
53
72
42
79
140
12
13
184
218
42
114
136
150
73
132
12
247
44
73
247
170
161
161
228
32
52
247
184
115
134
74
15
57
218
208
148
247
184
55
218
189
23
111
218
137
204
227
15
218
42
79
77
235
48
148
79
63
99
219
12
184
73
84
101
163
124
235
145
44
74
141
97
223
44
218
72
72
161
6
28
46
218
46
184
122
92
247
79
163
37
10
81
163
161
136
109
74
15
73
218
73
34
202
117
69
199
83
155
73
13
77
52
187
184
5
189
111
133
94
86
189
56
184
134
161
