211
211
211
211
211
190
190
211
190
184
129
129
129
226
67
129
84
129
162
95
66
64
162
67
165
220
108
115
143
165
94
143
136
203
89
243
64
243
89
165
243
111
59
174
212
111
238
174
165
174
212
243
115
166
143
95
166
31
166
238
203
29
203
228
203
240
81
166
194
208
87
208
165
170
87
208
44
143
95
25
138
67
77
200
67
75
36
77
31
42
200
152
190
121
152
136
250
221
136
136
100
165
32
89
36
150
200
136
170
98
136
236
90
165
143
188
98
97
146
203
87
200
165
67
102
88
192
84
136
136
170
98
42
208
236
242
4
240
208
209
68
136
121
33
243
201
90
98
151
98
162
71
245
160
114
87
88
92
69
98
115
194
143
253
164
31
98
89
97
253
79
253
75
224
126
16
123
54
94
18
18
41
75
96
13
3
140
231
38
254
138
34
42
16
71
26
33
67
122
90
220
138
211
18
230
182
243
34
54
42
171
18
171
40
3
231
54
18
3
13
49
162
172
18
54
47
51
91
26
75
220
237
39
91
239
113
251
191
123
47
97
220
54
118
123
97
18
18
251
94
161
123
108
171
205
208
31
225
204
138
95
182
117
239
108
29
251
76
185
54
18
212
79
150
119
96
251
97
244
118
123
51
73
229
40
18
94
211
23
182
109
53
239
99
5
47
243
47
199
40
18
206
91
146
156
95
150
53
31
72
209
143
40
81
123
42
122
129
140
113
239
81
250
32
128
128
29
33
191
150
51
156
244
124
118
53
227
75
171
144
4
71
207
127
146
50
172
75
97
16
109
18
99
49
181
109
203
64
139
19
178
239
35
237
40
102
4
175
71
239
254
229
219
67
49
209
218
135
61
41
24
239
138
211
237
153
51
68
60
22
56
172
190
81
10
188
209
201
231
239
18
47
7
203
72
77
82
47
49
206
95
172
31
19
180
140
239
126
132
84
119
220
72
140
36
53
109
181
72
139
99
187
98
135
211
20
18
72
216
165
121
1
189
138
195
168
178
124
140
90
10
51
135
119
240
21
131
9
104
225
109
143
165
24
118
122
165
172
94
62
252
17
90
72
3
16
76
245
97
239
96
173
21
240
85
122
47
164
51
94
211
153
124
225
194
104
250
242
20
54
181
136
245
104
122
51
77
136
250
127
37
173
42
20
5
256
208
143
61
140
136
72
126
153
70
154
215
153
123
21
96
18
77
224
216
114
229
71
16
16
1
253
187
123
8
34
109
72
87
123
254
146
248
30
37
127
127
147
65
20
99
127
250
123
184
123
220
98
123
192
21
70
98
96
147
251
154
224
153
122
253
114
83
88
4
145
218
6
225
123
218
92
134
215
153
243
177
153
128
90
77
37
68
72
99
16
168
60
5
200
158
127
10
184
18
185
7
198
222
160
243
11
4
202
165
140
235
113
256
165
153
198
138
18
77
224
220
120
53
245
110
218
181
72
248
99
242
26
109
114
109
16
239
153
125
132
4
197
74
256
94
172
97
74
30
4
215
1
39
204
123
124
239
18
185
137
90
154
196
1
108
157
1
114
111
159
159
77
94
172
254
102
70
189
150
191
65
90
5
163
14
131
4
77
168
191
9
77
43
228
38
104
36
152
190
36
191
145
36
172
41
26
66
125
157
124
109
120
224
145
57
158
6
145
125
145
77
114
20
76
57
41
7
20
72
109
142
191
245
245
96
78
7
226
187
145
90
94
120
2
44
