75
75
220
150
22
26
143
106
186
143
59
143
243
128
67
84
67
67
205
256
17
66
165
220
91
143
205
66
155
174
56
92
86
220
140
72
87
209
208
220
164
251
208
112
45
115
62
90
143
139
155
83
133
208
19
143
159
112
221
165
220
165
254
232
8
112
176
72
62
24
155
216
7
209
244
256
141
143
194
143
194
176
194
56
113
115
143
36
191
84
18
140
251
121
222
156
159
56
5
256
113
185
18
210
36
209
152
203
189
121
7
177
238
36
212
254
18
186
143
104
67
199
86
204
232
232
153
175
73
104
140
84
209
84
163
249
254
155
73
145
45
203
214
7
199
161
123
202
212
152
37
103
27
74
156
246
27
104
43
73
143
67
176
194
91
175
175
8
157
177
110
209
194
74
88
159
171
72
104
209
254
21
36
164
225
75
213
74
74
111
36
69
194
67
161
177
254
254
238
164
60
155
80
209
42
121
155
67
153
69
121
254
31
147
216
36
17
74
135
98
45
172
232
141
121
172
145
122
13
216
147
97
141
209
36
17
113
152
7
147
50
172
126
40
67
214
110
23
220
155
83
125
16
3
104
237
77
239
69
239
209
236
231
225
249
125
157
254
21
200
10
98
155
66
141
62
254
15
174
219
52
160
211
178
240
251
253
228
224
249
126
155
254
145
115
155
104
74
231
32
218
256
27
112
75
161
84
249
5
202
64
75
191
113
23
126
256
197
129
75
254
59
155
74
129
112
254
202
126
155
164
215
45
49
156
17
191
256
226
156
64
64
143
14
155
126
160
10
74
147
232
94
83
45
74
126
30
202
29
155
124
61
3
40
231
84
83
66
141
49
256
152
112
104
76
126
16
188
175
208
55
235
226
126
160
3
5
66
160
208
130
3
91
200
16
208
129
241
98
71
129
94
152
239
40
45
4
61
152
232
126
3
160
152
153
104
254
112
141
61
76
45
81
128
152
66
50
129
200
241
141
172
44
65
199
104
213
226
254
160
61
130
129
64
107
83
139
160
2
45
254
47
177
160
125
129
128
44
191
215
177
52
177
126
152
84
83
13
17
81
147
155
68
206
159
123
232
123
18
126
230
177
77
210
200
3
44
155
66
18
241
27
141
52
196
188
94
163
152
73
199
253
254
232
92
155
84
199
187
172
152
128
21
213
152
152
126
256
20
196
163
177
213
44
160
21
75
20
212
254
241
152
177
130
188
199
247
192
44
62
161
88
199
124
152
254
243
200
154
125
181
123
133
200
155
188
160
160
5
217
210
69
244
215
61
154
91
141
207
64
51
215
241
152
39
42
220
98
244
244
235
219
53
186
160
130
119
200
26
200
69
254
215
74
193
173
193
133
254
152
202
243
232
202
230
152
193
225
141
5
108
152
215
56
217
213
200
200
200
254
152
210
68
200
141
19
254
200
200
152
244
1
173
85
125
45
119
45
200
77
249
111
253
9
207
115
145
26
82
62
232
141
200
200
84
254
104
254
218
115
84
141
159
252
157
215
134
118
213
254
238
103
11
202
64
11
216
57
196
72
99
202
9
207
25
145
200
19
57
238
155
52
111
34
157
254
76
76
232
157
223
247
256
26
134
134
219
26
26
189
134
106
214
247
134
84
111
237
86
218
155
161
243
26
224
218
103
234
196
72
31
