40
88
168
187
97
123
250
190
123
83
54
64
123
208
208
250
107
54
54
41
127
171
49
54
92
37
21
126
64
190
208
92
250
143
223
73
245
245
49
204
143
97
190
240
245
143
123
28
33
131
35
109
95
91
84
83
172
156
250
204
20
143
212
99
245
71
37
151
83
91
24
197
250
88
18
105
3
90
187
4
172
208
243
172
31
111
220
70
17
41
65
254
208
74
28
105
4
150
111
4
162
250
178
226
92
84
62
60
166
66
143
4
165
157
17
179
88
165
188
18
226
61
184
113
90
138
187
157
62
205
145
214
165
62
3
127
225
90
181
188
243
160
153
189
79
66
17
5
79
214
116
88
20
166
126
220
173
173
127
145
17
4
4
165
28
14
88
129
157
170
140
3
17
111
157
113
92
183
220
66
99
94
216
126
239
183
28
243
211
183
66
236
248
177
105
17
245
51
189
245
145
3
248
51
51
20
208
4
202
62
145
184
20
188
3
189
227
236
56
217
46
112
51
231
109
205
235
237
236
173
109
138
74
68
153
61
129
34
198
242
90
126
107
185
153
126
199
140
134
208
61
186
248
106
14
51
51
84
79
19
86
132
79
231
3
105
226
99
208
172
194
170
160
69
222
61
147
92
231
80
195
169
75
51
231
246
10
89
44
78
106
129
219
176
253
220
236
65
112
111
177
55
145
134
208
104
140
19
134
94
160
111
25
30
241
122
46
79
92
75
62
219
192
172
112
156
84
75
160
111
235
212
224
109
14
30
184
235
132
201
178
140
51
223
95
37
176
112
68
207
36
126
111
219
44
92
172
46
147
131
82
61
75
56
10
244
125
68
111
202
51
219
62
99
247
210
51
123
11
79
68
17
51
206
157
241
61
34
34
79
13
69
84
150
134
176
104
134
94
75
147
168
34
115
231
231
243
66
122
166
73
98
134
109
4
131
61
160
226
51
45
92
78
150
236
54
17
253
2
75
55
12
7
143
243
1
125
5
54
164
109
124
231
131
253
251
44
34
243
127
54
118
192
248
111
130
79
202
78
231
111
72
39
37
245
208
4
178
144
160
83
225
246
237
11
136
95
111
235
191
111
71
64
111
132
111
109
225
248
55
32
96
208
17
92
62
225
109
4
163
220
3
37
221
126
250
118
4
243
95
245
163
44
127
13
54
196
4
122
27
96
169
123
44
111
54
144
78
13
34
111
146
111
196
89
17
238
172
25
121
172
218
220
115
66
95
248
13
38
134
111
111
34
191
20
111
4
225
245
99
248
201
46
213
105
79
228
160
80
193
166
40
54
167
123
245
30
8
237
174
249
189
237
193
160
125
77
231
250
245
191
62
4
125
5
42
200
163
118
17
141
193
125
83
212
208
7
33
134
62
13
134
14
144
74
42
226
131
10
145
6
98
206
14
40
76
148
154
172
63
102
84
53
51
199
238
53
112
5
218
110
55
245
151
160
132
157
244
8
151
154
14
123
14
240
245
57
238
51
173
208
49
18
239
187
187
85
141
199
89
65
14
99
54
14
245
187
63
110
84
182
125
38
154
132
4
186
208
239
3
185
185
163
131
218
198
159
229
16
158
198
95
77
131
20
125
185
14
198
239
156
116
108
147
185
254
173
130
92
69
153
35
96
110
18
154
254
175
65
50
159
62
200
112
6
126
109
17
244
254
159
149
156
90
194
38
55
226
156
208
126
231
1
93
109
72
104
140
236
64
189
118
157
31
75
114
65
4
75
223
4
94
152
226
236
112
126
191
216
4
224
77
39
148
225
141
149
112
208
4
138
152
132
188
74
18
104
236
207
54
196
191
113
1
124
138
61
163
134
119
245
9
222
141
29
136
53
4
225
75
194
118
188
173
131
131
109
220
148
4
89
165
57
88
161
64
140
90
1
188
132
230
239
159
178
159
152
88
251
78
131
134
193
228
118
1
28
92
75
37
172
54
210
12
173
131
181
200
34
236
227
245
89
185
4
61
34
248
98
174
92
246
71
156
193
200
150
10
243
149
212
44
142
44
234
246
56
233
9
61
4
173
212
18
75
137
54
198
130
71
137
108
48
4
185
244
221
239
159
144
192
18
114
225
193
150
12
142
1
173
230
79
248
251
130
13
81
10
254
75
193
54
172
198
4
112
71
124
167
4
254
177
68
4
54
16
174
88
1
75
56
152
224
141
45
188
185
208
244
208
20
251
85
58
88
53
251
23
197
247
159
113
229
20
20
4
18
96
136
136
20
206
224
65
141
55
173
148
230
212
90
75
182
20
64
76
153
253
45
4
4
215
20
43
48
173
200
246
148
119
208
52
24
130
48
114
60
78
4
142
152
119
44
117
20
185
148
251
141
156
207
119
196
234
77
177
4
249
8
141
134
118
24
48
218
219
244
24
148
124
201
47
161
118
225
254
229
151
173
148
183
115
104
41
198
113
20
156
125
35
87
253
219
253
134
104
133
117
24
24
156
169
156
29
4
24
38
155
175
251
102
108
247
161
41
156
159
163
125
248
20
44
46
20
46
254
20
254
59
148
92
20
