150
194
235
228
228
150
55
55
204
88
250
97
205
66
184
80
228
184
114
184
252
112
209
14
204
150
175
33
184
54
221
112
114
180
184
114
134
175
95
209
230
178
17
236
249
150
249
63
230
16
230
253
178
70
53
205
172
17
172
250
29
184
172
230
253
172
235
230
230
154
63
31
172
84
175
2
94
84
250
230
17
133
84
145
207
85
84
84
95
99
207
145
250
174
235
172
84
27
174
32
222
207
27
63
85
84
172
96
143
27
117
178
53
154
229
174
143
131
75
112
77
126
106
143
172
75
131
99
177
6
34
66
117
6
50
111
107
220
34
104
164
175
165
119
220
243
75
220
230
230
70
175
250
66
18
126
6
82
175
111
248
9
34
255
34
243
126
111
111
111
220
34
6
17
85
77
111
177
175
216
175
175
111
131
90
23
216
82
34
175
9
229
145
6
220
164
111
27
111
111
84
202
66
111
111
111
111
117
183
111
90
175
111
175
84
111
111
117
111
221
111
85
141
111
111
170
50
111
251
66
87
76
217
81
111
231
108
186
131
251
163
176
164
111
48
111
74
19
123
197
159
145
99
232
237
85
181
121
111
148
111
111
178
174
201
50
117
111
111
170
166
163
181
39
104
166
88
209
95
231
49
80
117
111
110
198
216
148
52
166
88
141
255
216
97
111
194
216
84
84
117
255
210
51
24
148
112
49
84
39
198
88
49
148
110
215
53
53
198
79
39
23
162
163
88
148
24
104
48
216
44
148
148
210
193
249
42
197
104
104
120
189
104
213
48
230
137
23
148
74
72
137
148
23
