146
244
88
244
130
150
17
87
225
140
171
251
7
225
30
229
225
225
175
150
3
29
3
177
229
150
177
54
52
29
183
153
50
153
177
16
54
68
177
206
52
177
211
143
224
90
225
63
76
164
177
217
143
42
183
71
175
121
114
209
90
76
27
177
209
84
89
114
127
171
239
84
188
209
20
20
203
246
6
108
177
140
7
137
8
16
20
109
63
171
115
90
173
209
126
140
207
225
14
7
79
206
183
167
140
162
34
235
152
225
206
114
238
183
90
8
180
90
234
115
213
149
187
167
167
241
60
30
66
235
66
41
55
187
79
66
14
140
225
166
209
20
76
45
90
34
3
74
166
238
207
25
155
207
41
213
197
206
102
82
250
197
193
197
60
193
245
239
245
193
255
245
27
81
240
37
72
162
160
197
125
245
16
70
239
225
188
197
128
251
153
118
215
155
117
206
118
112
12
48
194
148
148
163
28
120
156
49
37
72
239
72
255
155
148
197
148
18
148
148
148
245
163
120
232
148
245
15
72
30
148
72
72
232
73
232
218
85
163
30
21
90
232
148
42
161
99
231
30
148
148
148
27
253
156
85
5
99
200
114
72
52
155
121
148
148
234
249
148
179
99
178
142
228
148
155
127
66
148
221
148
109
30
218
230
148
125
205
217
12
148
161
58
201
42
72
24
82
170
155
215
99
50
96
195
215
241
161
63
110
96
157
69
45
201
249
156
