197
115
115
91
59
91
90
206
175
110
7
183
203
236
138
39
77
14
110
7
128
231
76
162
73
84
105
250
7
183
98
146
117
76
84
31
95
162
137
60
116
14
250
169
127
107
34
223
150
138
36
166
166
220
123
25
231
3
127
256
121
88
253
76
136
121
55
91
229
238
39
123
14
166
16
256
135
194
111
154
60
96
238
256
35
127
220
243
14
248
154
229
231
146
76
98
67
34
60
14
3
138
31
229
97
145
256
248
149
240
172
13
14
33
14
128
137
108
65
76
9
25
120
219
3
222
84
60
95
231
9
171
254
128
143
78
171
73
111
183
121
128
256
55
59
154
60
223
7
180
154
171
219
123
28
17
135
196
146
65
211
93
128
3
60
207
84
209
154
97
76
141
14
242
55
238
97
22
145
211
105
9
67
113
132
165
144
93
54
97
191
146
33
171
160
138
33
162
126
135
123
33
172
111
17
239
241
97
9
83
243
153
130
24
243
211
111
153
64
203
39
153
128
128
94
241
191
17
192
211
14
199
256
140
228
65
39
176
114
76
17
191
181
110
250
55
204
58
141
208
123
145
204
22
100
219
135
35
196
8
108
243
243
80
128
84
201
76
123
65
110
171
33
192
3
33
93
256
192
77
150
171
230
110
182
132
138
33
10
61
150
62
86
171
31
87
17
135
110
10
250
121
7
220
74
7
239
95
191
95
17
235
146
39
136
219
9
10
9
13
123
135
238
217
95
221
219
236
193
223
55
22
126
60
107
194
141
132
220
59
51
128
204
116
217
171
100
217
226
68
229
100
31
29
92
32
66
117
236
242
13
93
63
111
154
195
146
79
138
158
168
182
114
168
61
174
11
32
37
51
172
217
253
42
31
88
182
222
37
143
92
136
195
27
107
93
25
5
14
92
25
40
64
174
223
65
73
183
217
128
123
32
153
235
104
188
212
206
221
60
37
14
59
77
183
226
31
69
37
88
223
92
211
92
28
60
77
44
92
176
65
117
146
199
71
243
171
106
97
154
96
236
66
32
230
187
92
105
138
208
216
183
92
181
60
83
95
28
42
36
170
42
244
92
22
141
106
100
141
206
229
140
28
77
240
92
149
78
231
180
37
91
31
115
176
204
132
180
132
132
114
126
52
150
168
34
228
28
186
59
30
138
33
115
189
88
83
95
191
87
135
233
92
58
170
60
140
74
184
245
195
93
210
129
184
152
181
226
114
115
60
128
120
18
37
146
215
95
108
22
60
117
235
170
216
228
221
199
162
200
69
154
161
60
76
68
212
39
60
243
115
71
22
181
60
245
90
32
87
136
109
25
121
187
25
210
204
64
220
196
9
30
128
246
181
229
227
231
235
231
27
106
251
132
100
92
136
73
230
61
67
208
10
166
188
31
109
174
74
229
60
237
248
239
121
187
187
204
87
162
235
132
92
166
95
39
186
208
136
191
31
14
14
46
219
2
25
187
100
43
170
4
178
39
39
185
132
191
109
195
240
188
168
100
34
22
162
76
242
22
18
42
83
151
189
249
157
94
136
60
182
199
252
252
117
117
49
245
60
217
60
155
61
39
140
250
135
199
164
13
117
247
190
117
60
129
185
90
61
14
14
95
201
151
182
16
165
204
102
65
228
179
180
70
181
203
245
100
66
43
39
67
121
1
67
229
132
35
184
19
233
130
95
10
16
136
179
37
226
185
188
27
186
184
168
3
252
188
86
162
36
129
19
136
194
100
188
188
18
61
231
188
100
228
247
122
167
169
146
122
126
213
165
107
35
76
135
136
133
194
35
205
143
132
94
34
65
98
67
190
186
168
187
146
46
102
94
120
210
161
100
135
96
28
226
21
201
133
169
111
74
135
211
190
59
90
201
215
182
135
16
10
154
44
184
147
14
98
115
33
96
49
244
18
217
91
164
205
200
59
197
121
188
104
75
18
111
91
4
168
78
96
49
135
184
35
52
60
215
175
192
106
90
22
121
247
162
171
103
215
204
107
181
43
154
14
14
243
92
101
67
213
226
71
56
49
22
89
35
165
79
94
43
195
56
132
83
91
158
238
35
181
32
164
94
237
100
188
94
149
217
59
53
119
143
13
252
100
63
60
186
11
99
60
240
203
215
44
249
226
226
14
161
226
123
83
65
203
142
200
219
197
210
252
201
49
70
89
188
3
181
238
117
68
111
154
178
114
65
117
174
229
35
170
143
37
73
130
60
188
210
98
199
113
72
22
233
206
99
76
190
91
222
229
74
44
114
8
79
31
31
219
1
174
8
203
40
105
163
250
219
197
4
200
184
55
237
9
35
117
149
166
89
133
221
171
199
23
163
21
8
9
120
194
26
177
81
235
198
170
194
105
150
199
48
121
147
206
162
252
81
34
117
150
237
214
195
228
135
226
250
64
22
23
9
236
71
194
183
235
6
104
35
207
147
113
19
64
72
169
13
8
8
194
14
153
53
181
217
226
236
185
151
58
204
39
67
26
203
9
13
161
110
215
211
1
3
10
190
153
95
174
94
113
237
32
172
242
240
1
144
245
172
176
172
34
176
32
210
19
9
3
32
182
249
17
153
247
201
91
255
199
184
43
13
196
110
35
79
237
166
189
214
91
134
79
32
17
43
94
176
78
41
97
23
9
99
140
9
155
39
252
1
210
130
82
125
16
39
43
79
14
37
140
70
15
49
9
189
94
176
39
79
72
82
2
42
222
222
49
166
18
49
218
213
15
213
65
161
42
187
193
176
7
222
203
207
9
226
163
95
39
215
105
31
127
198
70
155
256
35
170
146
69
18
26
169
70
76
103
39
203
199
52
127
33
170
249
77
47
154
140
194
164
39
99
130
213
213
254
127
250
66
49
158
9
155
26
244
26
7
174
255
226
87
65
120
82
48
195
147
20
27
41
168
120
82
107
120
232
202
120
25
71
81
64
136
232
65
232
94
243
22
241
37
217
221
26
37
70
67
35
8
137
25
20
120
246
124
132
20
235
39
255
68
245
84
156
41
60
226
106
137
120
226
60
102
88
125
169
256
50
