87
145
46
204
183
204
105
88
97
209
115
67
83
29
204
164
97
135
76
28
27
46
83
146
164
105
83
95
13
166
100
130
162
202
183
208
29
241
95
211
95
40
145
211
103
164
146
154
145
3
11
146
14
59
59
46
204
162
204
104
84
209
28
244
86
171
50
145
91
7
91
95
135
36
221
185
208
87
97
176
7
204
95
150
203
194
144
139
253
100
65
121
29
170
84
211
73
50
81
29
89
231
3
201
115
113
205
250
41
208
14
150
27
194
208
194
152
230
143
169
170
228
55
50
253
79
87
128
250
16
223
81
7
121
205
76
135
208
190
55
40
256
150
139
81
88
169
190
99
231
136
223
7
206
231
7
231
245
87
135
55
223
130
14
7
3
87
101
208
135
166
8
28
253
180
180
212
223
194
162
194
87
209
136
209
13
89
205
141
206
162
239
231
195
130
52
162
250
53
101
235
202
211
170
180
205
253
162
53
206
162
160
196
243
160
80
209
16
206
103
80
67
235
14
41
25
88
143
50
88
248
95
5
250
13
40
41
164
143
105
145
194
14
208
164
12
136
205
147
54
250
130
171
68
136
183
250
81
95
89
193
108
250
208
11
28
250
132
211
137
225
229
141
42
100
250
128
41
16
175
182
143
40
136
229
153
250
143
108
135
101
169
73
84
235
160
73
107
191
60
241
229
243
136
240
60
52
178
97
228
108
150
133
14
42
143
64
170
205
205
162
205
204
74
66
160
243
100
108
212
84
158
79
112
231
129
15
7
83
137
114
95
256
149
203
240
251
229
132
48
21
256
223
231
208
178
251
222
145
166
242
88
97
237
13
171
73
104
121
3
229
225
242
146
212
130
178
209
250
14
110
105
132
175
174
178
36
27
42
204
131
31
110
7
16
27
240
222
88
136
192
73
205
143
237
205
256
171
131
107
229
237
136
92
132
138
184
121
11
27
187
138
242
46
61
143
75
178
101
200
95
138
158
43
88
187
229
5
187
138
130
249
5
250
73
137
175
112
40
14
253
172
100
107
243
10
220
191
226
237
113
66
130
116
102
55
219
150
169
237
145
75
62
246
27
138
165
47
115
195
247
54
43
80
149
181
242
217
73
181
256
24
131
136
231
138
130
41
53
27
243
222
216
223
190
84
34
256
132
142
60
89
217
54
115
163
21
141
252
31
212
93
239
60
5
242
196
43
145
14
160
146
66
97
240
249
110
131
127
235
163
199
36
74
75
170
41
91
130
171
44
136
56
242
108
14
256
33
100
73
75
171
5
211
222
52
50
95
8
29
237
150
60
75
20
89
109
239
111
149
138
229
117
29
185
150
199
228
76
57
214
5
102
188
140
221
250
241
205
184
200
31
117
222
169
177
144
219
15
3
214
76
165
172
194
195
94
131
254
177
100
77
71
105
130
16
45
169
154
90
253
71
52
55
37
41
199
55
182
187
202
147
101
24
76
148
37
140
99
89
171
105
244
134
6
6
54
248
114
178
220
172
124
37
27
11
144
109
60
24
92
118
203
238
147
116
185
139
150
105
181
194
172
38
76
16
145
250
27
105
130
102
229
15
130
90
96
169
184
130
36
95
209
94
86
127
33
47
244
154
243
191
147
2
128
112
95
55
132
97
206
35
10
132
144
59
202
65
94
35
251
198
85
177
115
52
220
217
205
62
66
24
125
105
15
172
94
29
88
107
240
220
113
95
64
113
4
60
143
131
31
184
251
159
243
198
29
182
30
186
140
9
7
113
30
16
53
91
122
233
91
128
239
195
227
206
35
27
76
27
27
37
179
57
31
181
205
117
60
100
28
89
165
113
228
209
156
243
212
149
233
89
177
209
236
168
35
69
5
200
125
195
219
1
14
187
220
229
35
79
209
205
116
141
144
140
37
93
194
242
67
67
95
171
154
183
14
198
206
219
147
87
90
119
139
67
172
78
74
207
139
37
111
3
88
145
55
247
43
105
165
224
6
6
175
208
153
25
214
171
212
15
14
201
110
193
6
77
60
38
243
163
131
27
2
223
65
89
14
121
171
145
199
129
27
118
90
108
117
84
184
216
53
22
90
118
30
28
16
250
168
119
198
250
6
90
118
152
35
90
38
114
5
25
6
200
167
58
187
248
236
135
58
189
248
150
3
47
206
159
57
2
89
194
182
229
208
237
215
55
226
125
35
131
39
10
188
73
133
129
1
149
38
125
188
33
141
103
28
205
187
111
118
79
182
2
10
141
171
158
122
99
60
98
236
183
144
97
6
242
141
185
134
188
200
184
90
4
156
21
27
38
8
201
212
1
28
154
247
147
248
222
14
203
2
233
53
140
212
171
198
27
188
88
113
100
151
109
227
234
180
89
113
65
234
139
94
172
189
154
229
159
58
4
163
217
171
227
173
34
134
28
10
252
119
241
15
174
17
179
40
69
3
108
28
95
28
141
218
27
90
85
35
126
171
187
105
138
198
141
54
147
71
252
212
88
250
181
147
234
170
71
98
245
188
53
199
224
148
168
153
250
174
144
21
121
242
117
236
27
161
218
115
175
218
36
138
94
2
97
14
16
104
15
229
194
138
254
171
78
28
78
100
68
132
111
109
60
42
28
101
41
227
75
244
69
141
115
73
227
237
187
61
223
139
252
93
42
129
30
210
14
195
52
54
55
170
27
154
60
152
148
79
153
145
125
196
58
4
206
54
94
169
55
98
134
198
133
40
229
105
63
237
149
17
69
191
181
20
142
98
215
43
52
169
42
5
138
65
8
97
125
208
221
234
109
158
104
91
37
9
142
179
111
231
95
36
69
243
25
208
6
184
79
67
1
9
234
215
1
92
121
146
72
60
188
65
25
144
174
52
159
195
222
144
75
158
5
158
78
191
108
65
89
174
52
65
90
40
29
4
135
238
191
141
253
73
12
30
90
208
141
13
69
39
224
4
172
41
200
44
69
70
60
21
91
103
172
34
157
89
201
240
218
194
15
167
159
120
6
249
208
200
72
168
141
245
40
171
152
168
94
136
75
167
44
200
66
41
216
198
171
104
85
89
213
241
200
217
247
91
91
62
21
38
228
149
66
195
242
227
178
41
116
236
110
219
117
69
8
110
245
171
49
152
96
118
99
44
224
1
170
231
71
200
217
171
210
57
138
63
49
91
116
222
171
113
156
92
21
54
188
88
55
148
130
244
116
178
247
142
57
92
170
108
95
110
79
218
239
211
185
255
205
168
110
39
22
75
88
210
20
216
134
250
24
49
141
25
221
130
175
116
44
143
47
91
237
185
34
144
234
171
30
142
69
54
22
179
24
237
163
21
248
101
15
156
170
244
171
130
195
255
78
35
178
223
125
161
152
138
32
213
44
236
156
30
94
15
44
199
99
114
100
65
129
152
52
38
196
227
141
71
137
210
224
136
217
218
218
159
218
229
34
203
5
138
154
218
134
171
41
94
38
214
78
67
173
112
43
31
38
194
108
141
108
141
112
66
172
158
246
155
222
104
38
256
154
149
62
112
20
64
37
193
144
45
179
238
188
30
38
193
60
68
154
168
185
247
243
151
141
29
34
158
171
218
92
182
37
161
37
18
233
112
181
116
117
142
233
217
156
232
156
242
79
14
29
160
201
26
62
156
4
228
179
232
96
139
141
43
131
255
37
194
181
167
198
252
224
203
169
193
164
170
222
107
3
171
117
244
3
216
47
186
37
227
6
222
203
117
141
47
37
164
65
181
44
3
180
201
57
205
156
135
122
169
164
38
95
3
15
169
170
189
65
152
29
181
182
226
32
58
40
19
212
34
1
212
138
134
107
38
119
152
212
6
145
10
124
29
209
71
112
154
196
171
45
200
248
224
43
43
59
188
12
45
241
182
142
43
131
151
227
188
12
47
201
69
90
37
233
230
243
255
167
131
118
138
124
248
181
194
124
233
185
255
49
92
241
224
142
227
12
151
167
97
114
145
98
167
37
255
97
58
102
170
203
89
210
233
198
248
233
181
181
58
46
182
199
49
12
167
155
171
139
155
155
78
43
37
155
53
255
20
171
