230
126
126
200
126
98
200
126
147
110
15
200
15
231
61
206
254
162
29
75
165
165
61
209
230
138
165
203
94
205
190
256
94
107
222
162
210
208
243
200
240
222
41
141
71
240
122
71
15
94
199
122
94
199
222
94
118
110
243
138
219
168
240
110
87
122
94
7
16
240
164
229
94
94
210
184
121
145
177
145
252
73
138
26
122
127
165
149
154
154
230
199
115
94
55
71
205
29
249
148
165
165
84
128
162
230
210
84
29
200
38
66
222
144
112
115
176
243
69
174
115
141
112
232
243
16
94
236
36
75
178
30
249
177
66
171
104
54
112
98
178
174
243
91
126
94
98
112
183
160
156
1
112
76
210
42
210
167
208
160
52
210
33
5
162
204
121
234
25
150
54
216
8
209
93
91
164
160
5
222
180
17
167
156
149
250
138
42
115
21
121
177
180
94
91
94
176
96
209
75
205
28
13
61
54
136
209
103
235
135
69
222
167
32
243
209
11
115
3
145
237
219
162
222
250
199
75
223
194
69
186
249
113
194
147
13
230
75
168
34
228
104
38
38
28
144
237
105
123
220
167
37
220
179
99
164
35
170
170
63
135
243
47
116
118
253
33
222
209
98
207
37
219
118
230
197
252
210
29
29
51
204
105
63
168
55
230
103
118
105
193
98
204
95
55
141
7
149
21
26
122
94
178
183
235
214
98
129
160
115
63
41
201
11
110
200
170
167
55
248
98
199
26
44
48
33
243
155
31
127
181
180
172
149
249
55
254
94
57
149
246
190
190
208
249
178
5
203
132
230
64
26
168
151
167
27
92
158
89
228
182
204
182
105
55
193
113
240
176
233
5
168
18
113
144
110
184
178
42
85
29
193
106
46
210
131
149
254
208
156
228
230
182
8
185
184
184
153
168
179
67
63
162
105
63
193
75
131
46
168
122
197
228
99
149
222
222
8
193
150
107
213
159
220
210
218
94
94
167
165
28
26
165
210
129
73
210
131
160
235
84
161
232
213
63
16
253
84
168
183
121
221
110
156
107
247
191
168
164
48
98
197
222
63
79
140
181
141
63
52
237
118
5
170
15
138
139
99
149
94
11
193
101
230
43
43
64
211
32
93
168
102
35
34
99
177
155
84
168
118
155
228
149
228
35
61
89
65
84
118
66
165
247
94
179
169
161
197
121
197
8
15
160
151
84
105
216
108
247
203
106
13
94
102
246
63
121
63
197
190
113
141
228
133
236
251
130
215
138
136
65
163
32
163
94
12
85
136
151
113
65
254
240
128
94
130
237
74
129
149
141
230
160
138
113
212
5
200
148
29
243
168
251
169
63
138
139
89
195
181
149
236
191
60
89
169
254
121
13
83
164
63
193
122
96
99
141
216
129
253
169
129
143
115
89
24
115
199
84
65
65
217
68
48
95
9
210
99
228
82
236
54
44
64
34
12
253
182
138
118
87
246
104
22
85
118
47
51
177
86
49
104
42
44
221
140
104
85
221
71
183
85
112
71
140
94
160
229
35
118
222
129
73
181
41
104
250
99
36
247
201
64
114
139
103
235
69
34
189
85
39
113
145
118
112
242
108
242
126
83
177
214
112
40
86
168
228
124
246
195
205
236
130
244
107
104
219
181
177
86
182
223
216
127
99
173
253
149
214
63
186
200
193
126
181
25
170
18
34
99
104
145
204
140
86
74
123
193
82
181
215
145
127
241
25
253
246
89
225
51
19
47
25
182
140
246
235
175
129
92
118
127
72
254
63
34
235
165
54
25
158
86
90
160
113
80
252
153
159
122
216
106
200
175
240
200
29
210
16
103
180
8
113
139
212
99
255
141
199
147
252
216
231
213
154
198
254
129
199
190
151
71
203
99
85
154
153
41
232
127
133
41
50
252
215
112
220
235
55
94
112
236
51
149
13
29
16
146
153
15
75
86
147
145
36
197
155
140
215
76
6
198
177
99
123
34
228
176
102
94
75
235
41
75
90
48
247
171
224
218
199
41
27
48
170
197
164
99
224
201
202
99
144
78
179
21
158
169
197
25
160
77
255
140
255
203
122
41
56
193
78
243
139
20
63
254
177
114
218
47
72
200
114
197
27
177
204
246
197
27
251
129
25
122
99
224
205
118
61
140
122
124
199
133
56
161
213
78
174
80
99
78
204
12
219
214
80
206
180
197
41
70
247
99
184
210
247
122
193
91
232
140
204
163
69
247
35
57
163
166
66
24
141
98
228
80
216
24
80
48
197
203
141
139
149
238
199
56
200
3
33
255
210
184
141
141
62
204
122
159
247
35
158
120
200
247
193
122
200
200
122
80
254
133
64
254
224
198
99
103
236
213
139
48
58
122
254
