162
7
7
181
138
138
230
138
168
174
138
202
102
24
81
236
210
184
121
84
90
84
55
14
13
97
102
56
113
74
209
113
192
106
209
13
222
214
74
209
214
97
195
174
97
214
196
94
235
214
27
170
204
87
242
204
164
94
87
26
214
54
214
162
164
113
242
203
201
97
222
235
205
171
209
94
159
162
212
56
244
171
58
196
205
243
222
176
7
52
27
63
204
214
171
157
7
214
204
100
13
204
50
7
252
166
112
212
122
134
162
214
40
54
235
214
214
162
165
162
87
204
67
196
62
212
162
248
157
150
65
177
62
7
74
209
132
61
252
204
209
235
244
15
100
214
159
101
71
15
253
22
71
230
132
32
27
13
202
196
168
150
40
235
232
71
71
27
3
127
180
129
239
162
88
54
253
15
214
196
76
93
56
7
62
239
162
13
248
95
33
158
62
204
66
40
174
114
62
129
15
239
225
29
29
4
212
243
4
15
162
225
162
103
113
209
95
7
138
212
15
63
201
225
174
71
103
231
225
225
165
15
93
3
3
138
220
113
67
168
114
113
168
253
171
3
209
204
62
56
209
54
54
158
15
159
95
181
176
112
185
109
185
97
171
247
136
7
171
54
127
181
253
231
205
93
37
7
209
209
41
204
128
174
115
27
106
88
88
162
15
84
160
153
144
37
113
115
51
37
89
151
127
230
235
225
194
165
183
139
252
71
204
171
253
153
95
62
87
127
119
127
107
51
135
71
220
165
51
243
165
160
24
209
129
154
127
165
83
253
22
165
115
16
140
115
144
3
47
252
185
94
127
215
153
115
103
159
63
215
84
115
64
243
165
22
25
74
210
168
99
54
25
16
115
84
66
27
225
209
248
136
50
158
116
174
232
213
153
150
225
101
59
123
211
58
16
158
67
183
243
137
46
150
185
115
144
32
225
181
16
127
115
102
128
251
126
225
38
103
209
177
238
94
54
248
225
58
123
224
115
253
245
16
212
204
104
177
177
54
153
51
225
209
38
38
127
252
63
1
168
30
198
29
180
243
251
176
252
162
251
183
67
50
136
101
63
7
251
225
157
245
123
235
217
215
246
240
98
167
230
38
177
150
42
138
144
245
67
125
225
71
69
217
27
4
177
22
251
89
70
177
71
238
89
74
123
175
51
22
136
8
247
185
205
15
177
253
71
129
208
177
225
126
51
16
174
23
97
183
51
40
136
225
102
136
217
21
167
2
205
28
52
177
6
251
153
64
25
240
62
222
181
251
158
224
171
136
155
177
217
144
28
239
103
116
47
245
24
211
180
96
225
122
160
212
71
123
51
84
160
50
210
253
50
176
46
168
251
224
72
175
125
198
202
177
24
144
227
3
177
231
160
225
160
103
162
168
37
252
200
173
103
7
174
214
209
174
235
168
234
2
181
158
204
103
174
251
77
176
140
237
181
181
181
63
54
123
129
63
30
211
66
242
121
53
199
74
85
16
51
58
177
131
125
247
61
202
84
141
247
164
130
63
241
54
157
59
233
63
74
171
125
230
191
180
131
225
244
6
122
63
177
89
85
6
3
102
52
107
122
152
155
245
120
251
171
38
51
239
244
69
129
53
181
204
63
86
63
123
181
86
147
174
18
75
157
28
246
236
208
239
124
37
168
251
86
191
208
251
50
100
214
131
119
107
117
211
94
131
208
43
196
91
131
125
37
168
102
174
98
210
37
254
4
106
227
84
241
72
66
249
74
247
97
106
138
129
4
225
181
89
94
236
121
140
83
83
66
233
30
206
153
101
63
58
174
251
188
101
125
107
193
167
131
22
247
66
123
46
94
50
141
142
140
198
246
44
20
246
69
129
182
107
37
247
21
158
169
6
112
216
91
165
57
184
204
233
117
9
78
21
158
148
239
255
66
184
254
105
231
198
19
251
229
133
249
148
106
196
239
204
143
244
134
63
101
162
125
55
182
94
53
63
42
184
62
103
16
227
239
58
204
213
28
131
58
106
42
214
116
6
148
97
26
239
215
189
150
53
174
176
6
116
227
216
223
239
134
124
71
125
93
122
115
112
131
50
45
116
84
37
82
63
95
67
168
17
63
119
213
84
112
84
51
142
34
198
50
165
124
252
12
155
108
250
173
62
127
122
241
61
4
82
155
247
118
116
68
37
72
213
197
95
63
6
112
148
28
225
239
122
247
244
213
27
72
39
198
61
161
131
122
50
254
37
193
20
76
87
2
152
83
227
44
12
76
61
124
82
241
61
94
54
196
136
244
247
239
51
207
158
204
104
255
88
191
221
162
174
122
37
124
67
155
46
58
6
193
51
161
78
255
180
39
244
61
129
30
152
182
199
61
244
67
6
214
128
200
105
191
205
244
200
142
173
17
142
17
2
168
55
40
50
62
4
108
37
221
62
218
40
72
155
30
213
126
90
55
122
158
238
183
157
137
34
247
174
181
115
93
25
53
54
61
216
204
216
173
51
44
81
243
179
160
95
1
155
43
213
81
120
255
154
78
168
154
142
65
148
67
61
162
241
17
218
154
82
103
158
216
247
158
24
142
227
38
176
148
237
21
221
7
167
148
47
122
5
3
171
61
120
61
148
158
110
193
94
155
153
162
221
148
162
58
5
156
245
58
253
6
231
157
38
202
198
256
241
101
188
198
5
142
118
148
244
148
153
247
204
249
115
244
6
6
51
167
125
179
38
36
53
171
8
106
68
161
190
125
218
22
244
95
244
133
233
218
96
58
241
244
162
213
142
81
145
6
62
142
191
124
238
241
44
64
156
218
26
191
156
133
179
218
24
115
58
247
247
141
218
107
53
119
158
58
121
119
218
5
158
101
213
10
200
168
92
119
63
109
162
20
202
37
197
142
116
256
148
108
187
163
156
197
233
202
157
119
113
120
148
92
104
157
155
171
201
162
119
148
118
247
197
