151
54
208
54
151
171
208
208
208
114
177
208
225
208
177
208
208
208
177
114
114
128
208
151
141
113
3
225
39
144
229
179
144
3
7
136
54
200
256
95
95
114
229
54
144
9
205
136
144
225
208
90
209
151
171
50
97
136
39
123
88
93
180
128
209
42
225
208
41
136
88
88
131
128
194
191
138
158
185
220
228
138
39
38
138
208
222
152
95
205
146
138
156
206
39
27
222
22
144
93
240
54
58
143
95
107
39
113
171
228
208
194
114
106
80
93
143
62
182
143
143
110
144
93
205
39
107
136
18
236
93
138
39
67
18
92
118
209
39
165
39
77
132
67
152
67
169
144
106
152
208
165
39
39
208
178
121
171
194
109
182
113
225
168
208
39
5
18
142
40
40
169
8
208
75
16
7
113
136
24
205
39
13
168
39
136
91
238
225
222
235
144
58
185
220
142
141
206
152
118
27
188
225
39
62
81
113
181
171
88
181
91
131
191
167
180
90
114
51
88
136
208
131
224
118
169
178
37
103
151
234
118
241
37
169
251
175
92
18
90
90
108
241
205
53
175
233
18
123
251
14
141
154
118
254
188
8
131
39
108
183
169
219
103
196
171
205
219
183
81
145
20
34
233
144
235
149
222
18
229
153
233
233
39
18
108
251
206
108
144
249
114
63
96
83
151
16
18
25
233
126
97
167
63
137
36
175
233
254
225
233
94
233
167
2
89
51
56
250
127
241
14
185
136
34
167
70
16
242
205
229
56
7
178
152
233
235
225
167
122
233
142
151
52
56
32
127
27
52
184
218
125
219
16
236
139
233
189
113
90
151
70
39
39
131
70
131
196
86
233
229
81
185
92
205
36
7
236
137
141
192
125
152
153
131
83
97
158
17
75
58
185
108
70
52
29
184
137
164
137
233
233
183
56
142
187
83
174
229
160
151
253
125
39
185
86
141
140
224
201
233
122
201
142
159
254
221
55
180
96
42
238
77
250
187
3
160
201
54
54
239
236
235
70
141
251
146
251
251
51
167
251
50
14
183
188
32
50
141
193
47
142
105
75
207
50
98
98
177
250
110
234
21
125
91
66
75
196
177
116
105
62
105
58
70
241
213
56
254
78
105
160
105
129
129
54
20
201
16
31
82
20
50
125
142
84
177
8
217
207
199
71
207
121
64
70
77
77
34
201
141
251
83
42
221
81
54
200
117
151
212
207
104
98
191
50
207
246
121
151
152
123
5
249
92
62
46
218
207
209
140
121
221
254
209
91
240
36
253
209
7
38
70
234
18
175
130
209
75
233
111
18
200
163
148
71
175
159
251
208
206
198
37
191
253
200
151
163
62
6
75
181
209
52
203
58
16
125
204
110
204
209
151
212
232
97
112
89
112
204
229
112
44
16
39
225
99
218
177
204
242
34
193
151
7
149
151
208
112
233
112
151
106
207
123
118
103
117
62
38
153
200
114
51
108
138
118
92
251
18
151
17
104
74
121
191
154
207
104
254
218
168
100
160
71
248
242
112
18
175
205
151
165
207
160
200
167
63
50
108
67
209
205
123
92
254
36
34
71
5
16
207
18
124
36
5
112
150
62
26
151
248
98
236
174
11
254
233
156
17
104
96
34
224
196
219
200
229
118
196
20
188
203
219
39
54
41
62
41
208
58
38
167
96
62
38
104
254
98
248
202
36
141
104
207
6
248
117
167
98
115
74
124
160
36
151
36
246
104
188
74
167
160
117
207
165
152
39
18
70
71
24
188
92
233
39
143
208
254
80
55
144
138
123
98
154
103
126
207
98
141
233
221
242
200
165
200
167
50
94
98
188
46
62
205
173
77
173
98
138
248
62
39
152
85
98
104
31
98
88
200
241
75
123
51
123
233
145
233
231
121
20
8
151
151
207
101
63
61
50
77
26
82
191
129
151
209
142
181
17
209
105
181
48
103
93
237
242
93
60
62
5
179
55
77
77
184
252
104
36
201
167
165
154
123
185
18
123
182
207
110
233
52
142
184
104
254
118
238
182
3
77
129
77
137
18
180
244
151
98
54
77
113
98
36
196
131
185
70
62
254
207
98
81
128
200
184
153
104
181
51
47
62
252
38
14
243
53
104
128
99
196
152
14
95
13
77
50
173
248
85
152
36
224
254
77
24
93
179
238
175
60
238
248
38
29
161
74
95
123
25
184
237
187
140
164
248
107
50
79
199
17
39
163
132
248
27
13
186
200
165
200
119
44
42
163
219
38
167
200
79
92
77
67
165
93
163
233
228
204
33
187
53
97
185
207
196
42
124
11
46
249
115
47
94
219
184
153
228
53
51
85
105
179
195
75
246
200
243
233
130
51
248
233
248
104
77
81
254
235
92
183
146
195
175
8
63
233
141
53
17
35
135
187
167
233
184
140
218
92
129
77
17
153
213
104
185
22
75
153
153
33
141
141
28
100
182
233
43
246
124
39
244
233
170
205
42
206
207
254
10
32
244
51
201
20
97
116
59
39
235
163
190
213
39
60
179
227
167
122
186
188
51
109
179
190
8
60
132
77
167
165
204
160
187
167
20
20
249
179
125
135
108
224
200
104
163
238
60
70
250
151
163
20
179
187
129
42
167
233
27
251
141
251
77
44
246
151
118
116
14
151
32
254
33
235
61
227
77
77
77
18
196
39
135
112
174
135
135
135
249
209
185
114
184
163
165
130
53
70
214
235
118
213
38
206
250
103
195
67
248
233
179
240
39
251
115
190
96
53
167
18
152
21
179
188
187
188
135
224
67
224
235
232
70
187
183
77
60
233
141
217
254
252
233
135
14
141
124
31
136
14
104
254
63
191
167
68
246
36
33
85
122
199
215
38
36
194
91
68
115
236
196
249
198
155
254
74
232
8
82
188
142
39
104
179
119
240
28
43
18
203
194
172
153
124
135
92
104
158
69
69
167
121
251
185
125
74
21
126
39
149
195
30
77
233
221
60
38
11
104
33
115
187
227
104
3
233
125
224
167
28
14
27
135
7
2
131
150
191
18
100
61
106
224
14
111
187
39
50
27
238
210
188
60
196
38
187
25
22
166
59
67
125
58
122
100
179
47
233
135
188
228
162
101
64
46
233
59
104
24
188
212
231
27
59
215
84
21
253
10
187
180
41
117
221
50
89
134
75
195
224
41
238
244
93
215
117
186
146
188
140
34
21
198
173
36
242
18
27
213
101
49
27
59
100
96
92
53
36
238
44
44
80
148
197
62
232
248
179
244
31
243
110
147
191
156
254
246
62
254
