242
174
242
25
36
95
209
65
8
166
239
166
229
251
7
7
242
242
239
8
36
86
174
36
215
147
46
203
46
40
40
177
251
144
181
40
237
128
242
166
49
248
162
223
25
162
76
211
28
97
40
225
8
253
89
172
147
250
211
98
95
3
181
97
95
181
174
223
127
110
139
11
164
40
14
12
147
250
241
162
61
250
241
54
14
128
150
181
29
3
98
127
103
103
181
243
181
244
146
199
188
244
84
64
149
33
189
203
231
179
67
223
165
243
162
64
54
113
165
189
3
231
127
121
12
122
40
165
189
28
220
150
36
138
189
241
165
113
244
192
239
239
92
149
39
165
64
179
160
153
29
122
63
37
67
123
136
176
180
185
236
180
198
179
109
104
54
112
92
127
153
202
40
162
109
3
206
87
71
64
136
29
67
221
162
141
121
154
112
195
37
113
109
33
153
6
180
180
36
153
188
73
206
153
243
7
37
182
98
72
128
244
66
96
154
66
146
72
206
37
102
231
68
128
121
75
113
206
125
242
66
8
50
109
210
182
183
250
7
136
121
227
8
244
245
162
122
7
143
227
177
198
122
26
144
244
66
4
153
243
177
26
150
206
198
107
121
37
154
182
182
97
113
177
233
174
171
209
146
150
55
87
26
166
95
177
177
209
15
150
182
82
31
198
19
90
152
150
209
141
153
143
87
37
22
71
209
105
22
179
165
203
59
177
77
107
113
165
179
183
182
177
141
16
54
222
129
184
191
90
65
119
21
14
142
146
73
119
92
191
129
136
182
252
93
220
213
208
208
58
16
101
5
144
123
220
198
151
164
198
184
75
19
205
36
37
87
185
231
136
41
143
24
130
185
142
183
130
46
208
123
33
191
191
91
207
232
220
67
231
36
95
58
184
54
7
14
21
21
106
182
100
231
8
190
166
240
113
206
186
90
122
144
150
17
211
143
255
208
145
58
231
20
180
11
227
54
165
81
11
67
87
75
11
183
231
240
11
102
102
177
84
191
131
177
102
58
143
94
177
125
145
36
36
182
94
213
233
143
135
21
123
184
152
241
145
191
97
190
98
243
127
183
204
195
163
118
188
208
36
198
94
43
148
75
67
78
164
65
118
143
33
244
165
250
180
240
214
143
143
143
53
102
98
143
34
192
194
226
94
152
7
21
245
59
241
150
9
206
189
209
7
138
48
254
44
52
191
163
143
136
53
94
236
123
150
243
9
249
209
115
221
48
88
59
67
59
85
97
206
38
24
208
131
128
107
246
131
30
3
129
129
140
97
177
53
5
104
112
168
5
97
109
208
26
108
255
165
103
190
106
36
113
11
165
62
97
150
115
9
21
184
205
53
143
141
188
141
168
44
109
4
152
85
112
169
57
7
21
37
241
165
106
41
139
87
75
225
141
8
136
76
208
37
166
136
181
185
57
12
49
215
4
81
9
213
213
145
42
7
36
77
227
97
11
227
37
202
113
225
223
252
246
125
116
221
200
204
250
208
227
176
21
194
47
63
6
3
77
89
116
5
138
94
230
206
21
91
58
125
67
216
93
241
144
42
39
63
136
104
223
115
170
206
87
255
164
227
213
92
113
62
37
193
137
37
88
125
63
227
243
40
49
21
206
29
18
72
204
4
191
209
4
62
191
74
227
91
44
37
255
201
65
67
4
125
255
125
93
113
248
255
227
237
15
26
125
144
229
118
14
125
114
5
191
218
20
3
125
137
188
137
225
210
209
151
255
17
193
67
247
143
113
222
125
40
219
31
247
208
136
217
185
220
216
130
167
87
89
247
167
200
210
81
142
185
125
3
227
155
118
90
115
154
60
137
95
113
227
196
181
141
165
116
73
162
229
60
20
165
40
14
220
234
191
234
185
152
227
210
93
48
213
249
202
84
139
152
170
117
158
239
233
254
254
113
253
