55
55
18
231
128
243
243
164
83
128
28
128
28
28
51
51
128
219
21
211
51
229
243
128
183
51
229
28
51
205
229
3
28
150
150
150
51
29
51
51
177
243
126
33
110
110
123
154
84
183
123
205
51
51
123
29
51
216
51
51
126
110
123
123
51
150
183
122
123
123
183
119
25
162
164
110
229
123
46
51
138
46
21
229
183
126
162
183
183
138
95
51
51
123
229
211
29
141
175
175
138
29
183
102
192
225
192
119
123
174
216
54
138
98
174
251
176
61
135
29
135
75
183
225
95
205
75
119
123
123
84
123
42
46
51
199
75
135
138
126
150
75
40
192
226
123
102
29
29
243
225
252
141
138
123
199
174
46
68
199
84
252
29
29
251
13
68
165
244
29
8
141
84
54
77
68
11
175
251
11
220
123
114
29
42
209
123
149
64
226
54
222
150
95
94
174
46
174
112
97
84
180
119
216
6
39
112
112
114
123
244
97
209
200
5
94
180
11
187
152
229
254
111
200
84
222
18
209
253
141
18
2
209
29
200
119
33
68
112
253
236
253
187
245
217
253
54
220
30
168
69
14
174
216
226
29
229
16
33
6
16
54
225
42
164
226
69
253
210
156
52
176
210
200
2
174
152
168
174
236
5
147
254
171
85
20
210
170
224
156
123
99
172
54
192
104
147
187
206
15
152
210
220
104
64
236
174
90
147
212
90
212
200
152
129
224
90
36
55
90
109
141
90
126
54
46
156
102
241
164
51
212
141
54
90
102
200
184
129
158
229
226
33
231
206
136
102
33
208
174
222
235
71
156
26
17
164
184
139
200
200
122
182
29
90
234
32
215
222
138
4
156
117
90
62
231
15
132
156
166
77
231
95
122
206
141
176
252
115
75
32
75
77
129
131
212
166
32
10
248
129
151
211
117
163
177
17
64
254
211
33
254
41
67
25
95
117
116
108
63
33
131
211
192
62
166
231
146
63
68
177
229
156
37
175
122
171
175
10
75
144
163
171
186
15
145
175
206
17
208
151
138
130
188
147
227
141
231
70
29
145
163
151
95
235
95
200
122
131
122
128
177
156
131
115
231
236
131
97
108
116
13
5
66
250
235
116
141
30
168
182
115
97
75
181
21
51
92
145
141
177
64
218
34
230
165
149
168
135
48
209
192
7
15
49
69
219
246
105
158
97
178
85
178
128
71
112
210
103
231
229
204
29
13
203
7
29
115
220
218
92
19
102
115
236
181
71
248
4
115
5
209
164
244
98
152
226
211
246
114
200
210
156
200
164
5
118
224
71
235
53
4
248
197
219
182
158
117
22
140
253
3
200
85
214
207
105
227
10
5
57
188
185
6
15
229
246
116
149
5
237
123
233
152
141
227
178
200
95
248
95
37
13
90
116
125
30
219
115
151
97
148
43
160
116
154
14
149
233
243
4
227
168
192
95
43
204
234
198
238
53
3
188
151
144
149
70
109
170
117
92
109
43
131
197
235
200
237
149
34
63
94
254
114
123
200
19
200
99
142
131
212
37
100
214
141
57
254
78
237
222
21
29
136
254
113
224
207
188
137
102
142
79
200
25
174
21
38
204
109
214
204
38
151
212
47
158
237
37
253
89
62
15
97
156
116
108
178
46
69
214
116
173
211
73
14
43
156
67
25
173
211
142
109
90
230
96
90
115
105
211
5
64
108
142
139
97
109
90
152
102
193
130
163
122
193
138
101
6
54
134
5
90
149
90
224
230
69
109
252
113
127
96
200
161
43
254
147
42
113
53
157
192
152
255
92
112
56
40
63
12
246
113
224
227
195
15
142
173
243
30
241
241
224
139
133
100
156
102
138
138
133
102
10
224
241
109
101
56
106
224
68
163
252
188
30
151
224
198
29
47
229
132
224
90
125
159
56
4
178
224
224
112
197
224
168
247
120
221
200
56
176
69
133
232
43
48
229
110
67
224
135
30
102
199
127
75
193
68
41
56
226
78
248
78
72
135
222
6
156
47
61
12
155
119
43
243
15
241
241
230
60
43
133
196
156
132
120
116
224
45
112
91
163
133
149
168
149
158
198
200
156
15
168
8
37
200
168
152
220
2
133
200
78
45
254
4
45
179
120
135
155
19
39
254
72
72
138
72
45
156
247
155
57
41
155
155
159
187
200
39
163
159
224
43
12
72
152
210
56
171
48
156
