80
80
205
256
205
166
121
194
80
80
180
166
80
135
121
194
135
80
7
166
7
80
190
166
144
243
205
179
180
87
252
169
175
143
89
7
175
136
253
209
223
164
37
248
29
166
169
146
128
116
241
138
42
80
37
33
27
170
40
250
40
252
222
121
138
138
65
175
33
191
229
76
240
75
179
90
198
243
73
182
249
55
65
250
55
58
58
80
250
250
167
222
11
182
40
90
209
135
250
8
247
108
186
191
164
117
199
205
127
90
6
84
97
250
43
170
65
101
250
24
229
97
130
180
127
108
144
6
145
177
205
97
90
121
90
52
203
75
84
256
217
127
180
164
108
147
222
108
241
80
121
58
42
239
236
250
230
162
230
147
180
97
34
65
212
175
167
80
203
32
77
33
101
90
250
164
74
74
203
58
34
141
42
176
182
58
147
28
239
97
33
108
176
176
141
252
211
141
222
140
203
129
223
135
62
175
32
222
227
1
121
129
233
80
2
73
170
250
1
195
97
54
84
178
74
73
243
52
109
151
135
256
26
53
26
58
24
211
84
122
237
176
242
107
25
90
65
185
73
222
58
154
221
53
88
256
142
65
111
46
222
84
229
11
110
84
157
17
73
199
37
181
241
18
179
190
164
228
239
179
59
77
230
224
225
133
31
42
18
176
249
227
10
185
140
64
40
130
201
115
73
10
114
225
69
46
18
78
181
187
129
246
50
182
212
63
2
225
67
236
251
140
47
7
14
140
76
54
144
185
194
111
178
151
85
140
28
21
3
54
146
186
54
180
157
109
28
69
251
169
201
225
62
10
139
150
178
176
141
225
163
54
107
52
95
140
178
66
140
225
138
253
54
71
37
190
212
225
111
164
88
242
107
84
10
187
242
110
54
5
51
42
241
73
71
1
151
51
47
18
203
158
245
54
51
251
233
86
225
178
63
10
253
31
37
76
203
160
135
253
107
71
114
222
125
225
180
40
237
107
160
58
111
37
24
24
140
54
180
233
32
66
27
131
91
50
252
160
151
59
37
237
146
107
201
92
138
127
130
241
111
73
154
135
131
235
67
85
16
127
7
30
225
256
7
138
206
97
151
189
111
180
162
96
248
111
220
130
144
127
38
220
231
241
203
184
38
107
31
50
27
107
66
237
71
82
109
97
111
63
205
165
215
141
207
184
230
54
142
187
17
125
231
46
222
220
42
9
38
62
24
178
109
248
205
14
34
240
127
243
206
237
135
239
24
187
51
109
216
240
75
180
48
222
62
148
22
85
138
178
122
91
49
9
225
135
175
227
103
67
5
111
237
231
239
177
50
17
222
229
141
243
181
20
178
138
230
204
80
97
239
73
73
97
237
111
180
181
144
43
230
82
144
135
187
173
134
89
235
62
203
219
75
212
58
144
125
181
183
212
255
216
187
111
112
178
103
2
18
22
82
239
76
216
21
40
82
179
239
83
228
194
111
17
108
111
111
227
89
161
8
95
82
209
84
212
95
178
103
245
111
147
230
175
215
107
56
82
211
248
148
195
247
88
228
111
237
206
83
132
136
235
37
24
5
68
112
168
168
74
151
87
72
87
20
253
72
168
191
5
222
125
209
74
150
175
111
198
175
225
111
14
238
177
201
192
68
64
52
136
74
34
198
198
132
23
104
158
149
111
72
55
220
181
163
41
95
14
247
175
245
199
63
63
63
107
111
63
216
43
16
191
39
124
63
34
74
219
128
233
201
27
48
15
38
111
198
133
8
9
6
253
71
109
215
108
111
196
139
28
157
233
134
235
109
191
207
76
206
120
68
248
109
201
248
91
27
228
238
228
201
248
138
113
219
28
92
233
189
183
111
249
243
140
167
222
43
165
249
115
133
151
148
224
160
196
134
138
201
235
78
249
85
23
25
133
111
5
209
201
187
227
129
117
249
224
96
235
201
106
96
138
75
144
99
250
116
136
82
111
64
170
214
243
4
118
238
82
224
64
224
120
111
99
132
215
239
220
92
133
78
114
207
179
111
114
122
160
53
238
101
242
207
218
157
64
226
10
75
111
218
114
151
250
72
198
228
29
147
248
249
99
155
142
124
78
141
22
238
238
72
64
26
30
201
76
15
53
222
133
241
136
9
9
5
182
34
238
151
16
228
187
201
168
64
114
24
162
228
196
201
102
110
133
208
14
122
183
160
161
165
155
89
238
124
111
228
228
133
255
63
82
103
171
27
69
64
86
86
44
242
249
228
163
13
29
141
248
178
186
253
201
52
182
64
77
110
178
115
142
8
218
175
163
136
189
16
178
142
163
178
228
215
46
11
13
139
163
223
14
14
188
10
64
65
175
163
41
14
165
10
228
44
133
65
163
167
55
136
218
222
148
35
116
101
141
178
163
110
201
142
73
196
37
163
255
228
13
9
201
124
201
163
12
207
252
231
165
163
12
38
86
47
248
148
31
108
238
238
19
85
4
67
238
241
46
115
207
122
111
163
148
14
82
87
28
228
24
120
76
38
20
12
183
76
149
79
12
12
201
86
228
175
163
163
10
163
10
81
12
163
77
172
163
85
192
111
111
86
103
220
228
125
192
163
238
209
228
163
192
103
148
175
44
78
52
163
110
42
133
238
201
163
163
86
22
193
163
201
201
13
240
201
163
158
42
196
111
148
168
148
178
131
201
116
148
148
163
207
196
149
76
134
192
247
42
