17
182
182
94
17
94
7
123
17
118
7
182
144
7
7
172
123
205
144
111
63
205
108
203
105
108
122
63
184
235
98
235
184
108
138
105
138
203
235
123
186
111
71
182
240
118
154
51
122
138
138
7
184
174
183
138
244
184
146
105
146
174
71
181
138
154
181
138
250
80
165
219
122
108
94
138
111
169
252
97
130
182
105
136
235
174
138
181
132
183
219
130
184
132
46
80
237
80
244
253
146
199
72
145
20
237
177
80
177
177
141
177
141
8
80
95
154
20
20
132
136
182
51
183
241
154
80
65
87
79
181
80
141
154
154
154
204
235
10
204
154
177
154
166
154
142
9
216
151
184
219
154
204
165
80
112
138
235
138
222
102
181
47
14
219
18
219
184
197
138
118
244
64
84
185
109
154
14
194
220
183
125
197
11
9
118
154
150
146
114
105
51
150
104
97
251
136
109
165
204
67
87
181
222
58
123
57
174
194
141
192
235
131
136
131
154
204
166
132
141
243
154
198
146
114
222
185
26
76
138
136
172
140
83
70
146
164
18
8
18
110
114
118
80
219
26
53
194
222
67
239
190
227
146
58
197
255
241
198
243
166
87
220
97
131
8
177
231
132
141
220
227
31
29
67
243
120
43
244
129
90
227
105
79
120
190
237
183
104
132
166
62
132
105
79
150
138
86
105
129
132
26
120
239
181
114
220
107
212
50
225
79
168
212
137
141
186
243
24
166
145
154
132
136
62
112
173
59
137
105
166
178
244
247
196
104
237
107
197
112
177
66
154
129
95
222
132
110
174
104
8
75
90
226
195
228
245
225
109
177
142
197
49
50
62
31
54
51
114
190
51
69
211
89
209
104
205
54
89
177
220
51
144
113
51
122
167
51
164
187
144
208
140
54
79
75
51
198
244
91
28
83
228
51
99
51
136
131
190
204
205
88
136
225
154
229
91
144
255
203
49
90
51
51
243
164
136
208
177
62
226
234
236
8
255
58
128
61
241
75
198
132
131
104
95
104
113
94
4
221
198
241
132
75
218
229
71
196
198
113
211
51
58
113
97
88
187
116
245
129
88
7
252
249
112
208
114
51
100
50
59
177
195
154
103
22
129
62
79
34
11
88
131
131
113
161
216
226
51
135
53
235
187
131
129
145
242
131
49
109
58
113
28
91
49
54
154
30
243
245
211
136
53
235
216
28
106
212
124
166
209
29
206
7
106
205
240
171
115
54
144
49
60
49
11
203
192
59
49
73
231
54
38
243
150
115
213
129
221
116
114
171
1
58
95
66
27
255
164
255
11
91
251
15
244
57
132
250
218
30
106
40
104
7
37
80
114
144
227
179
205
255
205
33
255
245
106
66
250
51
20
226
37
88
114
85
235
113
91
58
225
30
157
114
104
224
115
68
136
226
68
205
104
168
205
113
91
147
147
206
20
87
242
252
186
35
72
115
231
154
147
247
207
13
192
169
152
17
212
3
191
226
92
20
205
29
136
205
100
168
150
158
255
132
83
156
58
72
157
147
246
58
233
206
124
68
78
114
184
205
188
188
6
210
200
225
49
255
200
159
4
113
58
192
4
172
77
255
252
150
113
191
85
224
53
206
27
107
167
137
205
247
191
200
4
148
191
52
159
53
200
152
8
255
