84
138
138
138
177
138
177
230
84
230
183
46
34
242
236
51
236
138
177
181
237
75
220
183
151
164
241
84
181
209
203
3
205
209
97
209
170
84
209
212
140
183
136
75
118
62
183
8
84
241
121
212
59
183
252
244
219
59
79
67
212
126
113
90
79
28
10
40
50
106
75
59
212
16
248
103
181
212
40
162
177
121
212
113
105
178
165
110
52
109
205
38
34
175
40
17
59
108
10
190
98
183
86
10
116
180
52
248
122
116
35
170
160
75
59
143
3
223
241
90
59
51
10
253
88
248
94
98
112
164
112
51
89
151
160
22
151
55
8
160
165
141
79
62
17
249
130
73
253
160
201
237
59
248
71
150
27
130
28
97
89
90
253
182
110
160
50
51
177
11
76
157
160
112
75
44
116
175
177
222
42
18
150
55
162
29
157
55
130
101
150
171
171
8
13
139
126
89
74
112
209
42
203
58
18
50
195
79
86
182
144
101
86
253
164
151
146
87
187
130
51
98
222
57
70
228
186
93
51
67
150
164
67
192
136
154
50
74
156
246
85
183
160
43
116
171
30
183
204
27
75
29
162
160
88
59
180
77
165
164
105
255
150
243
171
244
221
203
163
241
166
132
89
8
177
147
244
205
93
112
89
197
163
41
163
182
86
86
109
5
181
243
130
132
246
240
204
137
205
144
240
254
62
147
5
182
28
18
51
102
88
184
96
51
121
175
238
209
96
199
122
156
206
170
160
46
146
81
96
183
156
180
164
35
88
8
93
29
170
109
29
88
16
206
227
243
10
56
74
106
160
205
118
28
56
227
250
86
34
194
250
63
151
136
114
215
250
171
95
204
38
112
222
150
2
13
163
102
49
206
182
216
182
249
182
114
165
101
163
89
14
3
90
62
55
30
228
79
111
13
144
215
93
228
62
27
33
154
67
153
211
40
188
256
175
96
21
250
209
121
88
134
80
60
219
115
150
209
14
43
42
122
180
162
241
27
189
217
98
112
28
182
221
250
89
42
64
219
215
5
183
190
21
14
199
159
217
40
112
12
15
25
60
3
181
14
171
136
191
14
5
208
47
234
163
122
21
44
150
192
14
101
70
194
156
145
59
138
75
23
61
205
96
162
91
102
36
168
15
27
103
204
175
81
125
89
14
177
209
98
146
77
50
253
70
150
228
175
160
2
64
141
168
110
187
222
132
32
211
99
122
208
33
12
171
144
24
42
146
24
153
150
195
185
235
21
167
30
206
250
51
104
88
136
215
256
163
253
71
232
88
137
191
242
195
247
153
96
160
250
51
153
112
166
27
42
125
229
74
88
187
5
141
24
85
163
242
185
75
27
166
224
175
54
219
40
177
175
104
172
75
70
57
13
27
14
177
192
216
228
85
111
42
160
249
76
154
210
112
225
15
160
121
74
54
171
231
203
152
5
146
185
171
136
13
142
35
228
157
245
240
16
246
123
163
217
75
210
50
150
5
115
12
30
40
107
137
105
15
73
204
216
101
132
254
179
3
223
207
105
248
235
88
101
89
52
180
88
108
65
230
126
156
65
40
124
159
163
133
199
200
55
253
106
21
215
116
210
183
250
117
147
55
235
240
255
187
131
172
72
140
156
24
30
191
107
65
184
236
106
71
141
24
8
152
85
118
85
88
59
167
111
106
215
242
121
88
236
106
150
192
56
188
77
13
215
156
65
146
52
90
107
57
191
178
195
89
187
1
202
215
56
96
41
101
254
76
201
256
15
105
235
156
215
103
230
171
208
158
191
171
222
76
41
111
30
14
144
246
163
119
27
255
255
105
59
61
109
26
132
104
200
205
210
180
67
33
37
85
112
114
237
75
163
220
82
141
253
125
102
89
201
146
154
132
70
179
182
5
138
205
90
163
163
213
58
58
183
77
154
131
199
220
219
117
133
102
14
44
235
101
116
96
102
181
254
163
38
229
193
167
218
15
235
132
107
171
142
224
127
61
251
125
228
248
105
116
17
137
75
168
26
64
71
214
251
27
191
90
26
65
116
219
34
12
74
237
123
41
196
101
2
241
13
131
185
137
142
91
251
119
188
138
73
36
118
227
13
23
163
227
34
213
203
193
223
180
1
50
228
107
92
91
65
79
163
192
185
156
102
25
34
90
169
31
156
25
83
65
170
35
82
207
242
116
185
105
70
180
6
191
1
230
208
85
192
94
220
156
215
89
191
234
91
245
15
47
185
32
87
178
69
71
130
131
103
94
64
246
73
73
69
137
77
66
120
242
146
115
209
172
187
152
1
118
22
167
22
70
191
60
77
208
44
231
120
33
197
120
234
77
83
187
243
171
63
254
198
187
109
111
137
227
218
237
126
148
234
127
185
94
102
102
163
183
53
21
92
145
9
227
14
75
92
16
58
118
61
79
232
234
191
116
69
100
11
28
98
116
147
142
102
73
172
253
53
142
13
29
69
187
94
57
119
119
123
17
251
22
120
204
44
148
162
19
102
160
239
174
231
109
76
36
234
36
158
146
199
184
184
73
198
117
254
53
197
159
69
75
123
152
119
3
77
102
9
161
89
174
112
175
9
89
235
27
181
135
109
203
32
131
156
82
63
199
73
141
23
253
141
109
15
23
149
136
234
31
107
75
73
170
200
166
243
44
242
57
196
239
228
156
11
191
163
40
184
70
44
200
23
82
40
191
251
189
48
44
215
82
5
215
187
146
4
130
119
59
63
90
83
191
70
199
73
189
116
254
199
81
36
101
73
88
117
64
242
135
181
224
58
103
116
137
5
15
210
21
156
83
56
169
94
60
2
147
256
24
253
168
45
253
99
82
88
171
245
137
192
191
222
244
196
160
199
117
144
19
73
21
92
196
5
166
246
219
19
200
244
56
88
69
64
4
234
91
53
223
166
61
21
254
76
142
43
124
82
61
256
159
152
242
113
40
82
116
105
65
244
179
124
130
238
36
200
144
103
191
20
41
232
88
202
160
163
231
133
208
166
163
249
30
200
53
97
25
101
103
69
15
83
35
77
218
25
29
5
203
44
197
12
152
5
23
196
101
132
30
234
146
119
82
20
118
107
69
85
113
163
199
203
57
7
3
188
213
216
15
65
60
207
201
5
149
64
42
102
144
43
94
191
132
137
156
254
19
45
85
101
145
139
112
199
253
118
61
166
90
83
117
151
63
204
244
200
191
165
83
88
151
220
184
22
120
194
191
43
38
83
35
198
222
203
242
109
51
120
77
12
138
32
12
212
98
140
227
240
160
89
116
52
213
169
247
191
188
32
116
95
256
73
107
113
96
18
155
191
166
191
227
240
121
111
5
65
155
200
100
9
36
163
194
197
194
191
171
14
66
156
184
238
5
113
101
22
213
238
24
69
20
119
236
119
45
203
82
20
191
242
140
163
56
190
146
47
23
201
226
191
89
210
236
219
8
73
4
35
2
130
234
197
53
20
61
108
56
223
192
221
84
19
152
15
66
194
62
134
76
24
26
221
156
212
196
115
15
161
144
40
105
5
161
161
130
121
249
130
33
249
189
142
21
254
163
21
101
162
136
200
90
161
50
62
144
200
2
159
155
152
204
163
163
203
133
196
94
119
8
16
73
207
119
158
24
200
19
63
213
110
59
90
2
42
11
64
101
156
76
175
44
125
96
136
185
116
151
234
116
39
188
175
108
200
125
100
73
86
246
22
29
88
159
198
19
199
156
60
204
185
81
175
25
208
201
61
158
235
2
101
162
200
221
31
5
12
245
242
119
168
234
190
156
221
191
47
193
65
53
26
15
232
221
96
8
249
90
100
199
58
111
88
78
85
138
89
89
186
82
160
256
178
35
256
85
89
51
25
236
86
119
21
233
228
192
70
26
119
124
169
196
169
26
249
39
99
46
107
191
221
148
174
39
107
191
97
193
230
101
148
228
102
158
100
107
163
221
240
144
148
237
157
207
182
91
240
10
144
211
247
113
210
236
223
104
128
116
184
199
138
158
221
65
25
190
157
128
201
10
30
73
191
35
50
170
96
156
105
111
124
60
161
69
133
98
72
44
166
207
252
63
149
238
57
238
69
253
189
63
10
53
26
40
89
171
213
156
218
180
82
22
252
206
38
158
76
113
221
218
98
107
82
237
249
221
223
221
199
107
108
88
43
121
25
191
90
107
8
236
119
45
119
207
14
45
47
151
218
23
213
125
173
117
75
191
232
234
150
237
144
67
24
199
198
22
226
45
221
163
193
134
116
218
116
14
119
61
152
221
241
175
25
202
43
186
68
151
141
41
156
151
218
234
96
119
215
192
194
156
168
14
121
170
13
116
232
195
222
41
203
24
103
160
225
46
169
96
36
157
2
11
6
82
71
128
222
45
241
116
45
96
119
103
232
113
119
196
8
203
218
93
22
178
194
108
195
169
161
172
120
163
229
77
88
72
82
83
204
124
238
248
200
70
169
96
116
244
14
121
236
61
41
145
11
10
214
197
42
242
163
72
163
256
240
186
91
201
19
70
11
163
148
82
182
144
163
119
11
224
44
30
31
221
240
169
185
148
181
249
2
31
146
201
234
31
38
49
99
119
25
10
204
221
119
232
47
163
108
196
127
163
130
96
203
189
241
230
226
73
221
77
82
61
120
125
199
56
190
238
122
218
93
187
197
187
248
45
68
175
19
252
234
136
232
158
205
44
85
242
124
89
233
116
167
64
180
20
35
252
236
65
254
146
43
148
53
70
31
149
4
98
63
163
193
25
48
232
186
170
8
76
194
19
176
256
210
225
111
110
121
228
229
10
253
185
159
193
187
48
65
167
163
200
64
232
228
146
83
122
199
2
213
68
195
43
121
163
148
203
170
223
23
169
146
34
73
248
221
86
7
215
63
161
161
45
181
230
189
93
4
234
76
169
82
234
107
252
232
157
163
163
10
45
79
200
1
108
235
35
234
152
19
47
210
166
240
125
15
69
64
79
100
246
176
20
56
148
78
186
215
199
138
157
213
36
218
164
16
197
253
254
221
41
161
61
65
4
93
166
133
1
242
55
135
256
175
88
108
173
204
24
210
22
34
235
83
240
232
238
224
168
223
65
91
15
237
254
157
102
253
232
256
234
120
11
239
74
70
159
161
64
255
216
199
156
246
227
108
168
89
254
248
168
135
133
207
190
61
47
207
133
19
157
102
149
66
83
109
11
207
232
2
203
167
252
40
126
240
133
107
47
236
61
198
11
52
101
53
254
190
82
149
45
247
236
78
63
221
214
224
144
93
201
254
201
137
48
193
105
193
196
147
169
254
25
133
39
245
253
63
168
252
255
187
226
221
195
120
213
