145
145
177
145
149
145
225
192
189
239
106
189
3
12
225
45
145
106
56
12
45
54
8
56
54
106
239
45
189
16
56
45
12
18
45
86
86
56
45
56
13
110
190
239
228
3
189
45
145
22
232
199
56
45
86
239
251
106
178
177
26
45
76
56
56
189
18
143
67
106
94
165
86
94
161
56
86
220
106
102
45
106
69
8
72
56
106
18
67
220
56
106
165
99
231
143
86
106
72
218
218
143
51
67
86
218
143
74
9
81
145
164
218
231
51
99
9
56
45
63
86
138
136
143
215
220
165
61
220
45
143
74
192
215
94
102
45
242
136
176
51
85
9
221
106
143
80
143
94
74
74
86
145
96
256
56
9
165
208
138
199
23
176
176
136
165
111
165
143
208
215
176
18
172
87
165
128
87
129
51
218
154
235
74
191
109
128
180
208
165
87
74
38
74
176
231
99
23
119
165
221
3
157
157
187
181
157
232
52
235
157
23
176
244
157
61
45
109
172
177
204
56
216
99
130
111
208
145
112
81
225
111
111
133
220
72
218
157
102
145
209
256
87
161
151
36
192
109
91
23
192
54
208
145
130
99
75
71
45
180
181
189
144
251
52
208
209
11
106
161
181
256
98
122
52
109
82
249
167
231
157
220
215
152
74
86
136
192
133
191
71
106
252
164
189
52
251
220
5
116
149
251
177
220
109
129
220
22
75
56
185
185
106
149
56
185
157
129
133
122
54
6
218
162
120
112
229
251
21
106
106
220
157
58
155
157
48
133
18
133
133
23
56
229
163
133
108
128
155
104
38
133
153
47
191
121
71
153
162
166
174
149
228
98
174
78
106
109
23
141
121
233
94
229
228
251
191
20
87
31
172
85
191
136
199
155
157
18
21
133
206
229
223
189
103
138
249
56
57
6
229
106
235
143
133
133
73
145
87
109
125
246
245
215
240
47
109
47
157
59
83
213
247
58
58
157
83
17
23
109
170
182
59
147
76
144
52
38
45
133
87
109
30
106
191
30
45
123
191
86
30
213
213
98
143
20
163
30
129
240
126
141
185
16
45
61
163
157
174
251
229
129
244
65
13
109
215
145
122
106
18
251
251
111
152
52
7
45
59
153
123
90
88
157
119
208
30
47
59
152
122
107
58
30
199
178
122
157
228
225
185
44
48
23
31
157
163
1
107
59
128
94
59
177
148
59
129
59
246
18
119
156
155
82
203
69
18
52
30
98
59
67
59
18
18
133
182
214
129
109
156
82
166
59
61
62
244
119
67
191
156
59
84
59
125
148
59
59
234
111
153
109
225
18
59
128
1
69
29
59
191
251
244
23
41
122
15
59
24
18
230
152
18
181
177
218
107
30
244
44
166
236
175
59
199
242
46
59
107
115
119
183
129
119
114
164
51
144
109
55
23
244
56
119
45
111
38
194
183
140
231
82
51
119
78
5
41
155
8
136
51
216
251
48
84
129
1
20
149
140
243
136
244
104
57
89
46
185
244
242
119
166
133
46
221
131
46
61
20
46
51
230
157
23
197
152
32
152
242
111
46
107
23
167
246
140
111
148
97
111
242
215
48
101
30
91
84
145
230
191
76
145
84
119
102
177
173
104
47
185
251
46
197
148
140
61
104
32
51
91
191
148
225
156
198
255
197
205
42
152
63
48
236
98
76
46
186
111
119
198
102
145
237
125
139
23
8
32
212
42
1
18
85
234
190
59
123
126
123
54
123
145
225
87
104
225
218
242
59
123
20
48
212
152
19
42
67
67
178
181
251
177
111
63
191
210
246
100
89
234
20
137
18
145
38
251
126
196
181
104
41
154
136
91
152
85
136
72
175
139
54
74
183
63
196
23
36
197
123
125
9
110
221
85
13
215
18
155
141
104
48
235
182
127
41
78
197
78
7
93
230
127
234
225
225
48
8
133
215
99
48
67
104
140
210
63
158
227
132
142
155
48
48
120
127
106
99
91
119
54
3
40
141
226
215
198
42
238
19
141
181
177
215
74
69
140
81
20
27
196
177
181
181
104
255
23
63
72
84
84
198
5
12
7
181
141
141
123
29
197
85
199
227
215
76
202
190
7
210
90
9
102
34
145
40
51
152
46
61
230
216
36
202
235
52
62
104
216
251
225
52
122
216
59
216
152
210
248
63
141
251
161
118
197
104
48
88
74
76
181
217
154
214
78
45
216
78
118
167
70
152
210
100
