127
127
127
127
183
183
183
250
114
75
75
203
75
97
206
168
203
136
110
38
28
28
181
28
28
105
181
110
126
181
122
127
113
105
38
217
80
223
33
130
150
216
136
206
181
47
181
35
150
28
13
135
245
49
14
49
181
28
60
241
97
60
182
13
212
226
192
53
192
53
77
60
182
116
77
122
109
61
36
146
135
46
147
127
60
91
91
223
60
46
91
65
164
203
203
65
171
14
182
129
203
100
164
4
211
4
100
100
129
241
154
31
182
235
110
176
116
137
91
144
100
180
100
107
100
25
180
245
116
176
154
203
43
103
80
100
138
154
186
131
60
165
107
101
75
174
226
64
95
4
226
83
174
2
15
146
2
144
100
55
116
122
80
37
255
64
46
93
230
252
89
255
96
187
252
123
168
35
186
136
91
142
76
213
137
179
2
142
59
186
101
193
180
78
246
101
167
