121
75
112
221
256
33
75
6
18
18
146
186
89
129
123
18
215
212
176
215
166
186
251
215
48
161
32
212
165
215
126
197
23
220
23
93
146
33
39
23
23
23
23
54
202
150
202
98
202
39
36
81
126
3
202
32
162
150
202
249
150
3
25
18
186
185
126
153
18
111
36
34
62
99
149
150
211
72
112
72
215
72
16
161
90
157
157
242
76
143
72
153
27
239
62
90
7
235
34
63
54
209
155
112
72
172
249
2
225
7
72
209
157
161
34
253
251
126
77
84
72
202
209
86
175
238
157
71
89
35
157
52
77
97
177
82
84
7
109
27
256
192
251
59
7
175
161
234
7
14
249
161
27
126
234
181
161
151
215
7
161
149
208
149
163
72
191
72
7
71
41
208
239
161
52
45
5
47
16
107
157
161
239
99
162
41
82
72
72
42
202
161
107
189
23
239
3
161
225
80
235
72
104
7
90
214
88
72
48
177
181
242
251
150
7
152
229
77
232
185
84
16
215
187
191
7
36
5
197
51
191
125
157
157
16
202
86
107
178
72
148
157
202
202
84
110
115
226
56
115
202
36
206
76
189
23
148
157
239
202
157
56
146
148
27
159
226
44
215
23
163
155
148
148
1
1
19
85
19
23
85
23
148
85
82
202
159
148
82
23
230
34
23
82
173
72
110
189
23
12
85
56
157
204
85
23
85
232
120
191
82
197
232
148
72
230
163
72
197
82
107
159
120
86
197
23
23
163
78
232
82
85
89
82
12
148
202
89
23
23
251
48
85
172
60
148
213
212
213
213
197
163
82
155
155
189
44
85
161
225
213
48
213
117
163
148
155
213
82
218
213
163
48
98
155
213
72
82
155
82
82
155
148
159
163
56
45
163
213
56
148
148
48
72
148
213
48
72
133
213
48
48
48
163
48
12
23
