205
190
51
51
6
185
140
140
251
251
51
239
28
191
239
251
54
54
239
51
126
7
21
54
6
40
140
21
153
251
126
177
105
140
74
251
126
206
231
40
67
40
205
225
71
236
251
71
54
43
59
79
225
150
105
236
1
153
88
64
177
36
51
1
46
36
249
225
59
40
88
64
75
65
123
150
215
71
118
75
191
37
18
97
36
84
95
215
75
177
84
41
41
21
95
136
231
249
112
137
225
123
75
96
239
188
229
225
75
79
188
95
215
127
127
168
229
112
43
114
105
119
79
51
219
119
239
46
245
127
123
234
95
109
183
51
156
209
185
28
79
229
206
65
1
225
41
58
77
151
184
234
96
178
25
111
136
41
225
54
127
185
206
24
242
156
58
95
156
60
90
206
12
46
97
64
46
34
151
182
181
130
60
242
150
76
239
111
36
159
127
244
195
151
127
205
205
80
249
132
8
123
151
119
8
132
119
244
58
46
30
65
58
146
245
112
8
136
114
135
184
182
186
205
82
60
95
100
80
151
146
18
55
242
242
53
234
87
185
234
96
206
156
209
130
28
190
203
200
121
185
144
127
89
29
181
215
37
185
85
204
150
142
225
176
245
125
217
127
132
29
159
65
59
121
132
1
211
75
245
157
150
252
177
59
24
84
208
109
180
80
37
12
186
241
122
93
130
245
157
59
123
76
211
8
30
151
29
142
119
55
252
157
192
82
32
29
98
82
175
82
175
157
82
97
39
235
18
234
39
195
29
64
242
186
229
140
85
175
90
237
181
80
102
102
84
208
164
206
2
192
69
130
65
90
224
237
217
168
181
42
144
88
82
242
130
28
175
206
145
33
175
90
92
7
78
229
156
69
165
7
2
206
185
192
16
1
152
183
97
97
166
151
199
96
140
167
107
13
200
69
52
141
171
50
206
53
113
209
95
85
145
110
151
185
212
18
246
22
48
185
50
185
121
18
137
122
103
136
132
24
62
1
92
46
156
1
20
251
28
121
246
112
171
49
21
68
1
102
82
80
88
7
204
106
215
182
250
100
184
190
252
212
167
10
37
83
200
175
107
238
79
29
185
168
58
13
18
128
92
7
68
241
217
200
208
182
224
106
244
174
222
182
90
1
122
21
191
121
82
179
210
18
211
82
242
85
251
68
244
112
60
24
82
50
217
135
113
1
75
180
1
174
93
140
1
141
55
231
196
220
120
79
241
84
18
164
241
241
74
125
106
30
226
97
163
224
130
74
171
130
106
80
103
231
69
190
164
13
181
59
83
109
31
181
168
121
55
53
151
179
137
125
212
191
246
93
73
33
109
201
26
78
160
170
179
19
146
86
151
99
199
68
219
240
224
12
167
100
199
59
212
93
100
36
138
149
166
210
107
146
231
86
68
144
166
81
244
182
61
191
217
167
215
81
196
68
209
166
97
117
29
117
252
120
61
138
97
122
26
166
73
166
19
256
251
24
171
252
150
168
131
135
182
174
110
125
200
81
253
101
185
256
201
144
84
31
210
8
251
55
84
198
122
39
188
78
211
195
156
206
142
86
135
211
197
125
4
78
43
224
175
60
200
30
171
166
24
121
152
199
28
199
169
37
226
44
52
136
196
9
146
136
175
73
80
146
171
206
28
192
4
135
78
199
11
214
63
146
188
77
31
1
105
206
166
171
223
239
146
109
153
166
162
195
125
174
3
69
203
21
177
136
223
153
87
58
199
24
206
95
185
135
127
59
155
44
146
135
76
207
196
136
175
137
188
8
78
240
22
142
96
245
59
195
138
26
165
182
59
158
36
198
29
92
166
13
33
132
129
75
109
180
26
171
157
176
73
191
231
30
28
57
142
208
128
59
13
136
136
256
54
93
208
98
125
237
148
57
153
11
21
148
33
9
31
158
153
148
33
229
211
21
18
231
166
100
44
232
21
60
232
87
175
207
127
244
175
148
100
162
4
70
208
78
198
4
139
138
253
3
171
244
93
169
97
198
185
28
25
184
125
142
245
249
172
133
148
21
226
87
168
61
69
89
171
59
188
44
231
67
206
58
180
223
54
59
6
78
224
216
87
58
99
36
11
43
95
146
189
190
207
14
138
256
136
243
199
124
219
189
209
91
140
98
171
77
82
34
171
100
136
144
69
69
110
200
224
221
199
43
138
219
217
17
22
1
206
73
205
239
237
226
16
21
238
168
67
7
143
137
40
207
4
209
169
19
114
122
227
20
182
100
221
185
207
18
46
22
55
185
243
212
150
69
43
203
128
224
40
42
120
224
207
251
224
181
222
256
54
79
206
59
189
245
26
174
57
212
226
79
9
22
33
157
19
90
232
75
1
4
94
26
107
253
138
232
224
55
67
226
106
68
236
237
192
170
144
21
144
148
226
191
226
25
245
68
20
224
107
147
226
87
64
66
227
39
4
68
172
246
100
43
100
68
148
35
148
99
112
132
171
68
207
26
30
58
226
40
59
120
231
224
169
75
99
81
150
232
252
232
217
4
43
11
22
174
241
66
19
246
198
32
253
156
68
246
133
253
21
226
79
136
205
120
199
44
157
245
185
69
226
224
245
236
39
195
121
239
121
191
193
242
227
18
207
191
187
68
148
47
103
95
191
151
109
78
232
132
150
211
120
94
81
234
251
33
132
218
47
28
4
21
241
240
195
232
221
173
97
4
119
14
34
195
81
199
4
21
53
79
141
144
33
97
34
169
67
58
20
247
88
185
41
236
190
59
5
89
68
224
119
176
187
121
191
107
245
224
249
14
86
65
41
158
10
239
245
244
113
254
96
232
82
120
227
105
83
198
35
120
224
20
201
201
7
150
133
105
193
68
37
203
83
4
195
158
253
27
42
198
240
19
185
155
255
119
94
201
72
236
248
35
49
169
187
147
198
21
169
31
34
88
52
45
125
226
224
105
169
186
211
55
