166
36
58
80
237
231
135
157
231
176
143
150
214
249
150
150
170
128
157
58
162
59
33
204
176
113
204
128
249
214
150
146
214
52
208
209
112
214
55
209
143
214
186
157
135
164
128
150
33
58
162
250
89
244
138
128
114
214
89
42
36
208
89
66
115
208
249
165
176
113
80
176
66
162
143
52
144
52
66
214
249
249
84
42
214
165
52
84
11
84
214
128
84
242
88
117
157
249
249
59
162
11
176
249
112
208
186
52
52
249
115
209
143
128
249
176
115
143
232
32
32
84
230
164
78
208
91
213
84
162
33
165
170
73
11
202
115
11
25
170
135
214
29
77
214
42
165
52
162
194
31
89
126
213
146
214
84
208
9
138
27
36
27
249
179
232
73
121
97
253
115
208
84
209
25
194
208
73
170
184
11
10
208
84
77
176
84
249
159
170
38
62
88
153
39
213
104
84
131
162
117
179
163
162
163
213
52
39
186
29
208
66
162
61
184
73
156
208
203
249
52
202
208
210
249
52
208
9
115
17
243
243
95
29
213
202
84
45
33
45
196
31
157
97
77
38
162
82
194
139
115
70
208
86
45
70
226
165
115
157
117
84
52
95
208
84
209
39
143
95
45
122
9
5
122
162
208
140
131
45
39
88
140
117
117
71
99
249
196
140
176
213
143
115
124
141
190
39
159
45
180
202
151
140
159
140
61
29
95
162
202
70
133
143
84
161
162
84
163
72
131
202
162
139
51
143
77
165
161
72
9
132
162
210
232
54
74
54
72
41
115
202
176
32
202
208
41
32
202
228
176
54
57
32
115
151
32
165
165
186
208
228
41
85
162
184
184
139
162
133
165
84
124
248
165
194
184
162
88
199
41
162
69
190
72
165
149
139
32
151
79
155
165
126
133
72
195
26
165
177
41
55
71
165
178
71
94
45
146
160
161
204
100
149
133
184
199
54
73
71
161
26
171
17
160
175
209
157
143
157
26
143
162
133
170
127
84
27
202
51
127
55
55
126
149
91
98
72
23
214
45
157
149
213
127
90
42
217
161
213
162
160
124
254
204
133
90
159
26
69
79
50
232
41
163
117
243
50
98
143
98
160
174
209
90
160
143
122
138
127
42
160
66
132
22
213
204
209
232
143
117
69
53
129
72
75
209
160
115
62
41
66
110
160
136
157
115
230
213
160
71
123
50
136
209
72
204
160
107
98
99
209
151
66
237
50
200
196
92
124
213
31
228
50
150
232
209
253
23
151
110
232
165
71
31
98
67
159
27
52
249
87
215
107
149
49
178
44
92
95
151
92
115
16
98
160
213
143
17
9
9
94
102
36
151
209
90
209
31
109
57
31
50
71
151
151
209
71
102
99
202
161
71
27
98
85
45
136
82
190
133
208
150
27
232
71
197
168
163
133
213
97
230
13
37
97
163
99
140
148
118
158
51
39
240
111
112
126
98
209
208
39
82
36
41
81
112
98
159
159
168
12
235
16
109
97
235
85
153
232
133
77
232
81
160
209
88
232
148
71
159
54
99
197
57
204
209
94
159
209
208
3
213
208
213
62
85
72
131
82
183
232
148
208
131
3
163
52
146
155
159
208
48
147
146
209
42
213
42
159
131
112
196
107
149
80
85
197
80
99
213
204
209
159
149
197
99
232
213
163
213
155
133
159
133
80
159
193
184
202
193
42
110
159
157
91
50
59
148
98
98
163
12
23
72
143
151
204
51
155
85
197
53
52
131
168
82
18
59
39
253
149
204
131
214
146
82
163
72
82
162
48
242
191
162
82
82
53
131
120
131
164
104
232
82
82
115
162
162
71
160
39
33
163
48
155
232
84
163
155
76
133
72
69
42
104
197
52
160
157
197
163
232
72
148
48
82
202
82
160
72
53
115
23
94
148
72
48
99
72
23
52
57
199
44
86
197
48
48
163
48
22
243
23
163
218
82
157
48
163
48
155
43
163
218
159
52
99
163
155
72
173
94
48
218
103
99
48
72
99
56
