33
250
52
134
184
114
40
236
184
97
24
176
113
184
177
250
236
97
147
67
66
240
29
135
66
83
126
239
29
147
91
239
55
138
236
17
101
14
179
11
130
95
237
206
146
121
237
66
147
75
169
211
146
141
239
122
231
121
91
205
184
73
166
222
95
237
73
194
31
29
194
77
239
194
201
208
138
77
229
208
250
180
174
91
103
128
212
50
227
238
180
174
165
75
208
33
205
250
194
208
31
180
211
141
122
208
253
75
141
206
211
253
212
41
250
233
94
180
175
236
184
141
233
11
29
103
121
169
38
250
60
154
61
146
121
61
141
150
212
150
199
201
243
128
29
227
165
122
238
51
208
18
150
26
150
119
150
29
71
14
97
150
168
78
241
141
167
18
138
141
87
150
89
150
238
199
205
121
87
185
110
50
108
43
33
122
205
166
97
122
236
180
229
248
40
208
229
166
29
211
91
242
52
242
251
28
138
7
166
195
34
37
144
225
166
87
87
69
205
130
137
54
242
211
222
239
124
132
150
205
154
233
128
162
135
134
227
88
138
8
248
220
33
16
205
43
34
18
199
34
248
229
167
138
141
170
88
24
195
243
122
90
239
241
54
27
236
90
14
177
54
203
75
60
7
74
90
217
154
97
116
250
229
167
227
184
110
128
110
243
88
130
251
14
114
205
14
119
251
109
245
59
60
168
37
171
227
128
107
130
229
184
95
174
33
212
167
205
139
65
110
248
201
194
246
131
256
243
144
209
18
130
166
60
62
243
47
107
50
145
125
246
1
30
16
233
62
153
205
34
119
4
220
43
167
122
199
141
5
205
198
234
250
10
138
128
198
66
2
183
40
60
210
174
24
144
171
181
231
188
64
25
207
10
127
256
75
2
170
141
47
3
119
231
102
123
187
142
10
41
160
8
61
167
150
250
52
124
21
231
87
5
14
63
216
231
255
195
183
205
13
63
105
217
144
227
30
168
155
2
4
10
233
8
109
67
198
187
248
189
121
231
197
67
30
33
188
96
187
171
185
18
59
55
61
126
144
5
187
24
127
66
231
168
243
15
181
55
92
47
21
31
138
181
15
29
156
104
33
165
30
163
205
87
67
25
156
181
28
160
194
231
119
136
14
22
92
1
33
195
2
187
227
204
30
141
150
187
237
243
187
181
14
122
102
13
119
60
246
109
43
211
21
103
43
231
195
17
198
2
211
60
88
85
63
193
167
211
167
183
130
211
242
191
30
194
198
190
95
2
143
85
216
187
252
47
24
43
126
5
163
142
121
25
52
130
195
49
213
66
188
141
243
122
130
17
195
154
181
245
231
60
77
109
60
139
198
14
191
24
176
104
195
122
182
28
109
75
243
244
182
181
55
165
141
131
138
245
156
210
100
122
144
178
135
122
66
130
21
98
4
137
119
231
17
164
110
231
75
77
252
75
58
116
252
243
164
250
66
156
4
33
66
246
55
246
243
14
167
195
150
149
99
158
14
210
33
164
78
65
21
246
231
144
214
63
198
233
187
204
87
30
221
210
254
187
77
131
143
207
187
207
227
68
83
164
246
119
156
102
166
244
58
166
229
150
21
10
88
29
84
14
239
5
203
167
216
198
204
84
14
13
114
195
125
78
174
17
78
99
238
245
216
91
14
47
15
36
137
54
138
167
99
122
196
14
21
195
138
171
44
174
5
119
77
63
44
63
119
15
217
154
77
54
176
164
238
37
73
17
226
58
63
193
60
92
1
55
75
176
170
171
199
15
85
29
22
216
224
220
217
125
231
64
150
135
78
150
156
152
245
109
245
253
73
101
108
24
190
11
28
139
210
198
53
27
33
243
111
6
68
100
14
231
230
233
122
28
150
27
186
40
144
123
179
116
92
43
59
58
212
198
188
78
167
156
231
193
97
167
83
154
78
6
88
217
43
228
85
183
85
217
78
229
133
17
243
27
150
73
247
39
243
100
37
248
101
83
93
61
58
199
61
248
131
208
188
19
146
138
122
246
135
101
235
233
210
37
122
21
198
33
233
143
152
46
100
57
177
100
163
142
167
100
203
221
65
237
28
58
8
142
122
247
122
6
226
169
94
245
198
217
15
122
227
193
217
37
4
37
226
203
14
122
101
67
170
52
38
104
177
198
255
206
168
60
121
108
168
193
216
128
77
38
47
179
38
144
87
147
142
17
147
170
49
151
193
253
42
236
81
200
21
172
5
150
160
193
166
47
91
248
189
206
24
100
100
17
150
108
91
243
128
167
247
206
205
241
86
161
191
177
242
58
207
49
238
233
190
91
236
36
253
167
177
195
210
241
119
17
24
118
245
132
204
182
179
135
193
100
200
171
239
190
185
36
239
166
40
43
236
199
117
167
52
128
124
166
120
58
223
150
118
3
203
195
193
65
17
122
111
145
53
249
132
226
135
203
52
37
8
113
46
24
203
253
217
215
240
17
244
101
248
100
188
49
80
233
179
132
43
226
171
227
65
65
226
144
164
146
150
109
8
241
132
55
53
128
4
153
63
4
43
67
213
169
46
252
226
144
15
131
164
191
52
231
58
245
164
46
233
237
52
135
68
49
230
205
20
28
1
144
217
37
247
182
83
205
24
65
216
141
203
72
6
63
246
28
169
247
193
134
164
227
205
191
191
169
83
146
210
200
156
233
156
179
227
188
24
47
191
191
