14
249
105
105
249
204
204
105
249
54
18
59
204
251
251
54
14
251
33
59
18
18
97
105
251
149
151
40
126
127
54
40
59
87
142
96
51
66
126
95
164
129
157
164
74
28
204
204
18
47
66
74
200
129
239
58
97
189
129
204
110
98
57
164
66
177
79
177
151
80
67
153
54
149
153
51
86
51
9
98
186
204
90
225
74
34
112
128
19
177
94
164
89
6
9
153
9
26
67
203
51
173
6
204
209
212
112
94
54
58
127
225
105
112
110
106
40
44
157
177
181
58
9
80
185
203
54
56
56
64
127
129
157
181
242
67
54
105
206
97
239
232
46
110
26
54
238
16
46
26
54
40
54
204
161
94
132
215
17
172
105
202
106
26
242
26
147
26
207
204
9
107
197
101
29
40
159
29
34
123
138
157
190
112
48
161
132
232
26
9
107
181
203
247
157
6
242
129
67
87
212
212
251
159
161
127
37
172
60
239
153
157
13
211
202
47
179
184
28
65
182
148
165
251
86
253
45
48
204
202
211
171
94
182
172
89
241
248
231
29
165
177
245
115
87
112
126
216
251
240
231
231
60
129
239
182
52
211
173
211
202
204
197
241
126
251
190
204
28
232
171
166
222
183
52
229
161
230
200
190
138
87
165
129
165
74
18
165
51
33
95
123
94
132
140
232
215
112
87
250
222
23
27
23
138
204
208
50
140
166
194
123
215
23
66
182
241
112
191
33
23
97
59
110
173
164
13
6
56
249
94
248
86
12
243
124
151
243
120
225
215
244
118
51
74
115
33
215
66
190
115
237
164
52
73
29
102
215
181
17
169
210
237
123
150
17
149
33
120
132
183
214
46
183
119
229
189
7
45
237
94
204
59
240
143
210
250
140
203
127
231
115
183
115
112
215
219
182
57
215
248
183
209
129
236
166
150
55
94
172
52
189
37
17
86
97
97
246
117
18
77
159
97
72
214
236
181
246
16
112
222
242
210
215
118
90
183
248
38
246
117
137
115
136
183
153
210
189
40
61
120
28
90
222
177
177
251
109
253
118
248
157
240
29
87
147
215
235
17
148
215
48
13
127
38
127
64
40
72
28
157
72
77
171
204
211
123
222
77
215
216
172
151
84
95
204
46
254
61
210
141
117
90
104
28
161
32
84
191
74
222
183
112
150
127
141
183
168
246
58
147
118
77
215
222
197
58
216
151
118
172
255
90
23
50
215
11
168
215
181
112
98
119
141
112
184
248
141
136
88
115
138
172
235
71
23
188
172
191
249
248
34
75
72
235
64
119
254
39
100
174
182
130
154
151
184
197
25
181
99
69
99
252
74
221
38
215
125
66
163
87
39
160
72
95
184
174
72
84
72
18
212
215
120
112
23
172
99
48
192
254
17
148
131
217
250
184
200
156
215
223
136
24
72
156
192
160
194
94
194
109
29
100
29
136
233
184
254
234
205
174
215
197
236
118
142
118
112
91
235
56
235
70
99
227
184
18
71
66
162
230
85
240
32
6
182
205
141
58
133
61
37
10
109
155
197
136
99
251
159
99
104
43
96
9
58
66
185
155
66
247
86
144
230
180
78
246
254
82
160
185
243
109
82
158
94
58
131
24
242
194
143
131
90
207
122
148
174
188
216
205
115
172
216
21
135
151
66
94
131
131
159
91
139
216
158
58
182
184
112
91
37
86
218
99
4
230
209
33
184
24
37
41
109
10
216
160
122
131
23
85
72
58
90
176
148
130
92
26
241
77
63
184
18
100
91
138
85
72
99
31
156
227
104
37
99
176
219
69
131
211
14
216
205
126
6
82
148
176
139
93
178
229
113
184
216
190
193
25
166
254
189
161
206
192
247
182
229
218
148
79
253
54
75
92
176
58
4
216
53
60
16
211
64
102
211
246
4
246
217
241
131
228
184
158
131
96
64
184
168
72
72
112
12
203
72
235
243
23
94
57
204
55
17
12
156
100
4
114
34
174
24
253
218
148
235
156
254
48
117
235
106
203
124
88
148
6
138
99
72
104
155
178
168
87
182
37
62
28
246
72
225
153
57
86
224
254
235
105
164
235
228
148
218
148
9
21
73
161
76
47
197
21
219
99
15
146
34
235
27
21
237
133
173
198
232
251
168
133
28
77
197
252
112
216
191
73
25
109
249
253
200
77
88
21
6
83
148
88
178
133
39
24
237
74
11
159
85
95
237
84
216
237
216
197
82
158
237
181
235
147
57
25
218
6
89
52
99
183
112
4
72
23
222
153
50
73
30
253
250
19
184
76
6
214
160
220
83
6
86
245
46
12
133
254
29
147
126
254
246
83
86
2
6
187
121
200
6
148
253
214
187
147
161
52
219
255
88
195
23
172
31
133
133
73
232
120
166
133
16
96
173
128
83
151
233
256
175
111
42
221
133
80
156
61
211
144
212
256
144
203
215
253
235
241
254
212
77
61
166
202
4
19
125
108
186
182
28
234
221
218
125
146
250
79
111
103
243
217
141
9
72
