229
222
16
194
203
209
239
84
95
151
249
208
107
250
220
145
90
42
129
50
31
229
220
220
31
15
252
220
164
59
121
76
231
68
125
54
40
220
7
204
29
189
222
250
159
220
187
71
250
244
107
130
87
3
228
40
194
123
203
250
180
67
123
220
31
203
7
59
220
106
249
111
33
199
144
236
50
189
128
41
195
190
74
160
145
87
14
157
236
95
7
160
121
74
199
60
139
192
191
88
169
239
128
51
169
229
69
231
84
84
26
138
22
106
40
84
165
169
208
31
243
231
32
243
26
176
245
27
28
189
252
219
170
28
205
28
10
14
10
222
175
18
186
35
145
26
203
169
62
172
69
253
138
190
56
155
256
171
231
75
183
168
90
35
135
240
101
136
64
192
8
165
26
25
205
18
231
80
9
183
213
7
169
194
54
16
135
88
153
35
252
66
157
195
40
147
17
87
20
83
84
159
127
89
159
26
95
195
49
97
225
164
17
244
231
239
88
229
36
222
245
187
186
91
203
122
172
81
161
182
92
77
149
164
8
94
26
256
54
175
242
221
123
244
105
153
74
96
190
35
14
235
47
205
80
169
187
28
52
88
71
143
39
190
255
192
252
236
183
185
213
56
190
199
144
212
164
14
203
13
94
157
14
118
24
194
108
31
84
38
60
130
165
179
238
27
9
98
211
250
41
31
245
178
153
165
213
139
109
84
32
71
65
113
147
114
126
52
155
74
144
75
203
74
97
179
9
250
201
137
96
59
88
239
130
204
181
175
235
88
242
84
90
81
151
49
231
41
72
60
146
200
98
144
240
88
121
108
49
17
183
41
127
231
93
95
47
25
193
172
42
32
186
60
205
140
91
95
144
230
186
150
145
236
74
250
113
33
61
204
175
228
140
192
35
11
64
82
88
60
236
54
6
231
108
195
104
169
250
203
138
200
228
187
219
28
86
74
39
44
38
172
91
221
91
65
28
90
59
236
90
65
49
180
89
31
97
91
59
17
226
205
130
18
40
160
32
103
35
64
59
44
207
76
34
15
189
93
25
167
33
65
250
166
135
35
35
95
104
238
166
252
147
40
42
183
97
128
160
203
212
74
178
236
39
76
172
113
4
223
178
17
28
237
231
236
104
51
230
40
2
201
60
114
136
187
8
74
171
250
166
204
192
14
86
113
153
1
5
239
94
59
89
11
229
100
225
136
19
213
227
5
88
10
135
154
27
170
108
64
103
160
106
222
239
195
225
176
28
157
236
176
135
144
8
167
64
223
172
75
64
245
67
26
39
219
109
160
65
236
201
69
39
5
136
250
215
3
146
211
194
137
229
47
212
169
196
16
61
109
164
4
41
94
79
93
93
36
95
184
115
203
194
172
243
28
5
229
187
187
94
220
88
113
105
89
103
66
185
220
178
242
47
239
21
16
46
104
175
231
64
212
26
35
169
67
237
30
211
195
187
178
229
239
69
220
231
238
42
233
96
64
8
67
60
5
170
208
133
251
238
212
127
104
200
195
247
221
138
210
185
185
89
93
108
222
236
95
31
3
52
221
21
42
178
80
236
35
183
239
96
198
65
230
96
149
25
2
63
88
5
56
64
64
34
65
54
74
223
253
88
76
109
147
19
69
183
177
180
248
225
91
79
80
16
223
89
88
196
88
253
108
94
222
138
130
201
174
34
27
55
8
34
244
34
113
111
150
13
176
220
253
78
109
130
169
111
75
129
221
228
55
233
252
28
187
231
194
128
121
79
65
83
238
83
196
10
38
94
222
239
212
107
142
248
25
187
24
96
219
186
236
41
13
35
71
79
114
181
223
136
49
181
5
50
110
5
111
55
44
108
116
195
243
196
229
146
22
76
227
14
248
222
88
96
203
43
229
223
13
90
103
2
231
10
145
79
138
153
5
195
166
28
122
123
179
250
96
33
96
67
219
236
114
103
203
35
175
248
29
32
106
2
28
2
94
74
222
236
49
96
96
182
170
129
103
16
251
71
34
28
136
64
127
94
239
122
79
68
236
174
106
178
8
211
237
49
11
226
96
196
130
94
64
37
170
33
217
42
16
59
204
203
201
108
10
225
81
64
35
195
123
117
5
225
114
240
187
13
213
151
21
129
71
130
89
229
14
10
93
5
128
172
212
203
223
94
76
111
190
222
1
108
5
243
65
24
1
157
229
86
215
29
250
201
237
238
34
85
108
66
81
235
232
223
212
88
185
219
238
201
18
129
79
187
194
135
238
51
123
170
212
102
240
236
150
13
240
229
159
91
34
154
222
215
223
81
45
103
79
180
189
91
89
10
136
253
207
103
39
138
196
36
115
240
212
108
5
59
256
138
219
110
108
217
211
19
175
133
127
110
151
41
76
58
138
196
10
22
65
223
198
236
156
191
117
88
137
91
201
81
83
103
39
64
218
145
32
206
61
75
223
95
170
154
238
170
106
65
99
93
34
94
88
21
49
64
11
228
196
108
253
228
175
35
96
219
222
181
108
102
8
195
147
5
14
201
137
95
218
184
145
123
14
40
187
147
102
137
219
144
238
16
83
108
166
34
71
256
96
187
160
17
5
28
200
210
34
169
14
195
34
127
97
229
185
74
61
237
169
220
16
184
71
245
204
203
71
225
239
60
1
88
111
32
154
34
79
10
96
31
5
236
35
221
252
196
66
93
121
201
146
248
197
99
5
169
242
28
5
130
195
223
225
41
150
251
218
195
161
43
36
34
40
5
231
129
77
146
34
108
219
28
64
96
88
9
229
25
22
5
250
16
13
32
49
102
212
8
184
170
28
75
245
201
5
195
21
21
91
181
1
248
34
35
44
220
110
38
103
124
201
31
114
47
145
65
5
108
245
46
191
53
223
139
223
8
21
201
219
242
236
253
96
225
196
18
191
43
170
183
190
223
3
174
146
159
250
83
90
212
144
212
10
236
137
240
60
229
30
124
89
64
145
203
203
216
181
76
229
5
239
196
192
187
94
96
14
166
249
43
252
175
32
223
219
223
8
160
61
35
205
221
5
1
60
141
108
16
108
154
86
230
65
242
60
49
16
96
25
200
83
35
104
5
108
103
218
104
196
185
64
83
221
34
184
103
108
56
203
144
137
67
39
223
115
110
113
108
24
93
34
229
30
256
164
65
153
88
75
14
74
79
44
34
225
64
123
212
72
121
136
248
4
212
242
169
94
229
108
8
201
80
203
8
61
170
64
44
71
169
187
10
116
35
83
39
166
242
206
140
64
40
44
10
186
221
35
115
181
201
223
18
156
60
238
10
192
90
212
5
182
91
129
7
120
32
83
166
230
8
30
230
21
87
147
96
189
110
137
195
222
26
103
61
31
178
39
131
110
108
89
76
62
217
212
11
146
18
223
203
11
14
1
81
58
88
129
71
44
238
108
250
169
79
147
190
230
16
64
201
79
238
66
180
34
10
207
253
78
256
34
145
86
62
238
8
108
157
26
34
106
76
35
201
108
248
108
196
218
8
116
240
108
201
91
120
61
240
115
117
29
78
212
199
2
94
5
43
175
16
223
187
47
229
11
60
237
196
129
38
150
111
215
187
28
91
84
28
161
203
96
10
83
180
195
31
196
164
108
64
111
5
229
43
244
96
94
65
210
88
16
8
256
137
82
113
60
229
11
184
96
242
96
30
59
126
39
65
161
157
223
130
61
253
222
187
144
122
181
250
44
194
201
201
169
17
150
236
34
223
67
43
72
77
137
26
238
200
11
146
61
130
89
240
196
226
131
35
47
96
83
72
244
85
53
195
223
24
175
242
140
81
181
242
182
108
11
227
240
235
47
187
74
34
201
42
231
76
233
14
65
14
34
105
110
108
187
145
22
43
106
219
169
216
196
229
6
10
72
217
212
108
61
21
195
96
40
49
85
212
187
8
24
223
89
87
201
35
17
96
88
90
253
39
40
19
111
219
201
201
21
229
103
142
156
43
223
203
196
252
58
67
108
175
212
201
198
203
195
76
169
78
223
255
72
61
17
103
135
250
1
121
223
234
150
13
79
250
11
251
96
94
203
94
65
150
108
218
21
88
77
83
228
205
85
203
176
251
5
5
212
211
236
96
49
140
133
201
33
43
219
11
110
170
126
223
187
169
133
2
189
103
108
137
10
129
31
5
34
212
182
19
187
11
136
10
137
110
34
146
237
33
39
89
237
96
219
60
196
201
239
150
35
9
206
88
192
19
102
24
90
11
10
28
201
130
150
236
196
201
61
177
5
10
66
86
1
58
90
201
223
238
2
221
39
75
75
83
65
197
67
245
13
69
192
195
35
116
30
36
8
194
1
215
64
198
236
84
151
144
117
201
135
8
59
26
83
33
91
74
212
35
90
201
133
196
10
178
11
124
241
18
81
133
179
49
34
67
13
28
32
121
124
212
187
74
49
150
96
53
229
91
187
187
74
232
189
236
40
187
9
223
124
72
64
144
212
39
24
83
201
30
102
96
238
11
16
11
256
187
93
91
8
60
223
103
201
216
187
232
223
5
242
89
42
117
81
176
30
10
47
147
223
240
133
103
185
10
187
256
195
225
223
38
64
2
250
212
195
8
96
5
34
134
91
14
212
203
11
195
33
89
61
187
184
242
61
11
116
238
252
187
238
187
88
61
69
94
65
94
201
33
226
34
239
203
88
253
22
196
25
108
105
9
11
39
231
187
196
5
212
103
190
79
242
35
60
3
2
140
96
3
238
103
187
223
199
11
83
170
159
77
83
35
8
121
16
14
201
11
187
47
243
81
43
183
203
36
172
121
117
189
170
201
105
87
2
229
42
187
223
200
135
88
2
236
251
69
103
238
50
24
161
135
34
1
10
28
79
5
14
105
108
25
82
161
96
175
170
105
108
10
35
223
103
35
2
67
79
83
79
6
43
53
60
14
8
195
69
140
229
79
72
64
221
2
43
130
111
33
30
91
187
19
50
112
119
99
137
96
72
8
137
8
237
170
223
34
103
167
86
201
35
150
89
2
89
234
83
220
96
138
186
39
242
238
69
187
35
14
13
96
241
238
131
9
79
120
19
124
201
22
64
256
187
41
10
138
83
19
130
133
50
89
78
195
45
81
8
201
13
223
49
19
135
194
34
193
137
34
24
187
203
35
6
2
79
43
2
188
30
131
5
23
201
215
8
180
150
220
28
47
85
72
175
201
64
133
100
187
103
8
169
31
133
222
11
242
99
66
72
161
72
35
190
108
130
195
135
14
70
19
34
223
221
189
9
72
96
72
19
124
132
108
65
124
23
39
100
63
157
8
91
195
157
232
223
35
213
133
138
18
25
86
119
138
154
120
249
18
165
249
221
66
2
218
66
175
115
108
18
65
232
138
219
91
31
144
63
47
220
156
184
223
11
144
48
115
79
161
48
120
48
99
48
235
133
133
72
85
77
86
163
230
77
57
85
48
227
86
189
82
82
82
82
