249
28
31
205
7
47
58
7
144
74
97
239
243
240
84
165
128
29
7
67
62
136
145
231
153
209
69
194
67
136
27
226
230
248
33
123
71
153
128
174
121
31
128
91
138
256
211
249
8
211
126
215
7
18
177
7
49
62
145
136
204
7
145
186
171
160
55
108
27
255
123
16
123
249
128
67
73
87
110
177
112
239
146
239
19
170
151
71
62
174
128
190
146
195
126
177
123
190
121
226
18
177
145
175
239
146
128
31
183
86
123
145
211
86
62
214
136
135
108
190
189
145
108
249
54
138
239
91
45
171
71
145
252
11
27
204
147
162
138
242
236
27
249
47
249
207
170
47
237
128
45
207
239
112
221
168
19
88
231
203
98
51
50
242
194
147
77
51
249
249
47
154
204
51
120
211
87
150
212
125
57
42
130
106
126
106
126
106
153
51
230
215
1
147
159
237
178
237
249
172
206
230
235
176
219
26
98
40
17
50
127
47
50
18
220
126
52
88
251
205
64
17
239
237
50
175
123
17
94
220
211
52
239
91
207
44
256
219
172
160
17
229
18
211
251
204
145
25
166
123
128
239
88
44
184
147
181
13
43
219
123
221
220
51
48
219
55
26
10
231
3
98
94
44
129
115
138
127
225
251
201
51
239
50
249
95
153
231
123
55
175
18
76
249
116
239
86
201
243
51
149
177
129
42
221
162
196
177
81
217
56
15
127
74
32
189
17
132
34
47
205
18
43
140
230
175
110
138
230
140
175
96
127
74
93
243
45
66
47
123
42
240
86
176
127
243
220
102
74
44
87
236
112
153
196
18
217
74
145
189
84
67
207
8
160
239
184
105
220
205
66
217
169
34
201
192
86
211
105
214
91
17
115
165
220
127
8
199
132
244
165
172
108
243
28
64
238
112
173
10
249
219
83
106
236
160
105
79
126
184
127
10
217
162
183
64
172
105
140
50
149
230
239
251
249
162
63
18
156
26
237
87
165
55
15
43
44
136
201
96
112
16
102
73
237
55
174
28
74
229
125
47
84
13
86
102
43
225
18
81
158
55
229
13
55
127
13
47
160
143
229
201
196
171
105
249
52
226
251
54
105
79
55
209
8
132
251
45
17
212
172
51
138
16
218
13
251
150
57
206
84
55
28
98
130
252
145
61
45
201
73
84
175
175
63
126
57
160
31
172
235
175
197
198
255
149
158
110
66
235
244
13
79
21
55
193
13
256
184
61
232
17
52
81
56
140
211
114
182
172
83
51
16
153
25
149
150
137
3
160
235
140
66
76
191
13
12
226
172
184
214
190
217
57
124
74
204
158
79
205
44
19
81
16
105
105
138
146
166
230
229
184
43
73
38
225
44
81
24
232
205
145
256
25
140
21
225
31
3
149
47
55
240
90
32
190
256
214
227
73
71
226
57
172
5
214
205
138
143
120
144
71
105
2
229
43
98
145
107
77
66
172
108
55
71
189
231
50
98
8
89
121
189
75
126
47
193
249
74
18
207
110
151
10
74
85
140
38
11
196
159
8
198
3
169
172
34
235
125
203
151
105
51
149
198
110
253
16
190
81
114
62
235
244
211
253
84
157
205
159
45
138
125
157
129
45
198
149
105
160
149
42
88
215
214
181
157
189
25
50
73
154
94
151
163
110
256
114
140
77
148
17
105
52
223
73
19
176
240
196
133
90
19
193
85
174
52
198
219
55
62
93
26
151
238
54
108
251
149
201
149
230
162
239
52
193
15
31
54
193
159
170
60
198
55
251
193
65
149
25
57
163
184
197
236
101
178
55
157
63
149
55
236
153
63
210
63
159
212
244
76
99
48
82
76
104
178
110
193
204
105
35
23
25
149
117
20
72
15
123
45
63
15
77
80
215
161
57
72
204
175
110
82
168
163
236
162
63
76
251
222
89
90
84
168
230
77
63
45
72
123
163
205
56
96
48
73
241
85
186
116
197
80
117
62
122
35
159
109
94
9
108
71
161
124
63
202
105
22
129
110
154
197
72
166
236
48
63
254
202
13
45
108
45
163
182
86
116
48
31
63
131
72
193
15
15
226
204
72
159
26
169
238
63
63
157
52
63
55
63
203
63
82
55
63
197
63
15
170
155
163
164
197
38
35
118
161
189
15
31
63
34
104
168
82
221
204
116
188
189
63
249
82
18
256
23
240
9
67
218
56
95
203
61
48
126
72
42
63
120
143
215
149
149
59
9
164
63
215
149
207
195
249
67
149
158
67
44
99
193
35
67
218
88
159
169
203
94
256
66
215
15
66
45
137
193
133
82
203
116
59
221
199
149
15
134
163
158
116
157
45
103
99
232
140
143
45
175
157
85
143
161
240
200
121
107
145
52
212
210
215
78
47
247
159
223
10
35
64
63
207
70
239
172
42
242
158
13
199
221
242
191
161
67
77
56
27
111
232
48
13
20
161
149
158
179
39
15
63
107
247
45
158
208
49
15
193
193
222
44
50
186
212
77
107
256
63
237
155
65
240
196
63
252
168
44
189
88
124
126
193
121
63
210
170
63
116
176
169
15
42
196
193
244
94
193
133
111
163
63
144
218
29
116
82
82
237
232
158
189
15
189
214
63
193
19
63
111
193
124
189
146
3
94
240
63
155
159
189
186
72
159
189
188
170
199
190
26
176
189
85
106
155
110
15
210
228
193
57
39
237
193
256
134
119
252
111
52
228
38
169
39
15
42
157
183
116
102
203
256
137
56
15
232
252
189
189
179
139
219
169
101
82
72
219
158
252
34
101
116
192
80
