7
7
160
225
11
160
225
172
138
211
225
211
97
209
172
225
146
150
239
97
211
206
125
54
97
185
138
17
7
59
138
239
71
150
138
211
211
206
239
166
206
17
138
226
203
226
13
5
123
219
235
138
239
185
185
150
107
54
90
13
28
138
211
4
136
195
195
166
211
97
14
13
110
105
136
17
90
206
150
211
41
28
97
13
239
90
20
21
59
13
136
150
206
28
13
191
211
211
33
217
150
150
182
107
138
20
245
206
59
106
110
28
76
166
115
76
95
20
20
239
125
28
151
20
198
206
235
211
17
13
194
33
13
204
59
21
150
108
125
33
231
226
168
217
60
107
40
108
168
239
40
106
227
26
247
97
5
5
38
125
211
105
60
220
245
191
80
219
247
70
89
81
225
86
122
245
231
132
132
196
40
95
135
87
161
124
168
14
192
95
92
5
17
2
136
245
236
154
125
79
135
250
2
38
2
95
42
79
150
154
43
165
60
184
125
79
2
250
206
2
14
107
97
132
40
132
246
20
79
136
95
100
132
245
202
185
185
75
165
32
225
132
245
185
132
84
125
131
118
239
97
205
253
245
5
20
21
252
202
225
32
253
154
118
97
29
191
222
80
245
131
120
40
75
222
114
47
182
183
1
1
32
75
16
185
13
202
107
233
42
185
7
223
150
52
109
225
75
109
37
183
112
224
37
131
125
63
131
233
207
183
37
157
239
109
67
62
114
87
136
77
107
7
87
117
75
185
132
62
37
5
36
118
222
164
30
188
131
191
131
36
20
54
36
171
136
118
50
154
36
75
168
32
132
236
227
132
188
54
42
84
128
252
143
109
256
131
135
125
89
195
89
164
6
120
239
43
37
31
75
47
205
109
162
132
247
224
154
246
144
40
150
256
113
135
40
211
191
114
113
20
114
166
239
235
143
191
169
185
118
125
114
109
113
246
113
33
131
77
135
151
235
125
181
20
114
55
124
132
108
188
171
200
128
39
11
124
20
132
230
191
246
188
77
78
224
162
78
200
208
229
179
185
6
234
181
229
130
208
188
191
181
206
20
152
47
78
109
77
200
181
117
152
136
208
191
120
181
95
71
181
176
223
191
120
142
29
131
84
233
107
119
137
49
95
188
125
32
32
246
90
136
185
114
195
181
187
33
152
20
181
152
227
225
245
131
139
152
78
187
25
126
124
181
77
224
132
37
119
49
109
100
246
191
173
167
73
171
7
246
109
185
137
77
77
191
58
239
144
68
118
132
78
37
42
109
37
224
174
78
131
152
20
244
68
124
54
212
136
55
132
195
79
206
245
246
78
70
159
49
231
153
68
216
119
36
213
254
6
95
191
138
159
226
168
10
43
4
78
168
49
132
36
126
152
185
107
153
118
77
125
226
168
187
205
67
132
185
187
126
10
10
152
118
200
132
168
43
182
244
95
45
246
167
47
226
139
191
107
118
130
33
83
77
109
77
152
217
4
21
49
169
157
173
37
167
232
88
237
207
63
207
205
88
191
100
119
119
68
37
186
60
185
59
226
24
32
130
42
86
139
107
191
109
47
242
68
119
11
60
172
185
109
44
152
252
154
127
119
20
185
68
75
5
1
185
172
75
154
67
20
233
246
119
191
191
130
75
75
182
60
132
130
152
240
29
119
24
96
87
232
121
92
114
43
234
4
185
191
125
109
132
182
246
191
156
153
42
44
78
234
125
119
223
131
49
132
107
167
132
5
164
77
217
143
75
191
1
30
246
44
144
70
6
141
140
231
239
186
172
119
176
125
49
11
223
36
165
130
185
125
198
94
30
254
246
68
125
149
137
203
120
78
144
206
198
224
244
132
32
188
32
47
43
182
225
217
107
114
203
135
43
37
207
100
217
95
196
194
97
136
234
42
223
230
6
125
240
18
41
154
250
102
198
234
97
49
100
136
191
68
107
29
212
68
147
24
227
21
137
49
135
206
59
138
217
29
166
152
21
191
190
100
255
224
68
142
97
188
44
98
234
137
68
182
166
80
68
87
230
123
98
144
204
152
138
207
156
180
98
152
68
132
102
128
29
30
218
49
182
4
71
240
125
173
38
49
203
21
160
1
49
185
20
252
246
246
44
205
62
250
137
90
68
123
254
126
83
4
254
17
156
24
244
128
43
17
21
40
135
17
136
224
98
159
33
44
59
103
115
109
223
114
136
118
39
49
217
172
49
115
253
59
68
176
245
28
176
109
4
176
78
193
109
53
59
220
121
246
68
246
199
119
241
164
180
137
58
246
24
245
131
78
180
160
25
68
86
1
124
198
32
72
68
180
33
224
107
194
198
115
25
202
100
224
156
1
224
173
4
43
218
193
59
113
59
1
107
193
171
119
43
40
173
11
244
39
232
92
10
7
252
158
30
40
205
199
152
152
173
45
130
187
68
35
101
109
170
89
40
78
244
234
171
246
173
100
