164
164
176
178
40
178
13
59
176
22
162
22
17
164
176
79
135
59
22
17
22
10
60
207
128
143
79
100
222
190
67
132
176
128
226
42
59
181
60
22
211
249
55
39
9
162
116
172
150
164
52
84
55
222
172
86
52
211
136
58
128
249
162
52
21
121
231
100
176
109
135
139
226
179
58
162
7
219
136
17
55
195
93
226
132
7
31
55
150
135
75
222
7
211
25
33
222
31
79
226
66
182
164
162
222
179
230
223
195
31
205
139
73
195
65
84
256
7
135
7
22
205
52
205
136
210
88
230
132
226
154
205
226
135
179
205
91
84
236
185
52
139
13
192
75
213
17
97
150
230
93
9
29
139
117
164
73
222
249
9
243
242
17
205
139
180
131
9
253
223
138
139
230
226
215
130
29
11
132
91
230
138
29
202
191
160
1
226
118
178
226
97
91
97
66
52
117
252
164
33
138
211
30
205
205
197
87
42
29
230
1
122
170
205
180
65
66
28
153
100
150
221
30
83
42
179
128
1
226
252
206
33
138
195
87
7
60
179
29
76
213
243
210
11
167
236
230
66
1
183
164
213
87
248
164
210
215
91
39
83
39
1
136
132
100
230
231
242
206
76
252
171
32
164
88
237
135
170
41
205
153
42
231
42
167
100
236
29
147
210
88
132
108
132
196
205
39
29
116
187
87
226
235
251
32
215
37
211
30
207
136
39
22
179
231
28
231
222
214
206
65
32
117
117
42
116
59
83
36
212
58
55
41
147
103
215
130
126
95
214
215
77
226
153
205
150
135
120
66
97
164
164
187
214
212
29
118
219
67
228
203
84
41
252
22
252
159
235
88
147
142
1
147
150
230
210
179
252
102
137
253
137
135
33
243
127
205
33
187
226
22
226
27
40
14
103
136
183
198
41
26
60
121
166
100
65
213
219
33
228
168
42
73
100
56
135
25
39
24
248
17
53
135
179
73
184
41
116
185
164
164
56
30
32
124
100
252
25
117
164
29
192
150
196
25
164
77
124
214
113
211
103
205
29
208
217
39
69
100
65
251
56
243
115
252
192
222
153
60
247
253
103
50
58
100
170
184
60
124
245
97
136
187
117
164
52
219
247
217
217
245
196
212
192
192
9
77
167
193
95
1
233
187
33
134
205
178
226
226
91
204
187
54
110
60
179
178
208
114
110
192
56
77
63
53
2
124
2
132
103
67
100
252
101
60
233
110
30
187
95
167
136
211
42
29
25
252
101
117
166
131
58
101
74
127
233
38
24
58
116
226
60
121
167
56
53
232
67
60
100
60
77
39
226
233
167
205
101
132
193
16
245
211
153
69
75
187
179
187
217
226
60
211
70
211
45
187
110
116
179
167
89
100
204
147
25
208
60
75
39
167
144
158
42
39
179
139
174
9
38
211
46
45
55
233
24
120
211
50
134
45
167
43
233
213
80
215
58
97
197
211
127
83
247
174
241
210
80
233
137
167
136
28
226
28
82
226
24
137
68
2
167
50
157
168
75
211
162
215
116
75
167
167
141
58
100
158
217
2
255
75
100
116
52
101
227
41
136
224
157
80
15
122
97
183
80
88
183
77
101
109
153
82
23
37
73
118
224
232
118
109
132
256
223
235
45
192
235
15
177
92
184
109
80
118
109
124
226
217
109
108
185
226
224
83
227
3
114
77
80
101
227
118
13
205
43
40
171
73
78
28
136
216
124
88
157
169
179
80
124
6
77
37
154
49
124
79
133
118
80
219
216
80
205
78
53
46
63
79
80
80
154
205
93
132
192
79
118
192
1
