129
61
207
147
207
242
147
219
129
44
61
148
69
237
94
147
237
251
51
61
150
127
150
214
80
197
44
143
172
129
134
219
172
172
129
99
94
174
147
174
94
126
147
237
174
94
243
243
69
216
230
122
129
160
174
89
228
216
91
199
197
94
50
251
122
89
207
237
9
243
27
98
50
228
3
230
243
251
126
216
174
247
66
216
216
89
192
174
154
176
219
243
66
216
243
176
27
204
44
126
216
174
94
216
214
164
26
177
172
66
42
84
104
147
251
44
25
104
84
243
243
131
237
189
25
16
237
94
66
57
199
154
204
242
148
253
74
149
81
7
177
192
199
52
44
61
103
9
85
102
253
52
172
243
192
88
243
9
237
189
102
56
251
18
104
88
212
12
9
153
47
52
44
74
154
27
226
213
102
149
90
119
104
177
88
77
103
10
197
216
102
129
243
216
154
197
199
209
90
111
216
154
184
85
54
94
216
40
216
209
178
163
77
118
172
23
74
13
54
123
3
47
18
156
105
139
104
154
16
239
149
26
102
42
246
111
126
149
131
232
162
216
216
67
172
156
115
3
178
82
97
81
129
14
139
111
228
243
16
115
42
129
225
77
225
53
115
216
216
177
224
140
111
174
33
16
111
239
216
84
34
9
172
225
161
156
174
3
162
26
104
105
242
32
44
226
85
104
86
84
48
82
17
134
26
178
216
242
66
138
81
118
202
85
156
220
48
26
26
85
175
111
112
73
247
184
178
255
230
235
117
216
15
54
226
73
154
119
122
209
48
104
255
86
106
82
221
99
213
247
48
243
184
251
211
129
216
114
178
47
25
79
162
82
161
144
252
7
242
111
174
28
212
111
226
87
84
123
211
255
221
250
74
114
211
48
209
154
110
138
153
247
134
16
115
207
239
32
98
232
129
224
206
28
118
251
234
170
17
217
250
120
123
91
14
173
218
157
71
247
245
215
25
211
156
135
71
247
133
160
17
73
160
82
217
99
250
55
202
213
150
47
47
208
235
204
120
119
218
216
247
168
201
23
18
27
211
111
242
189
81
161
28
208
211
247
216
51
85
216
247
221
112
147
163
73
104
215
20
242
28
94
193
139
23
147
102
74
184
147
9
218
18
91
148
41
33
105
23
76
185
255
86
71
144
141
192
230
82
14
74
192
20
150
215
190
6
33
187
147
138
9
230
218
192
67
216
208
243
205
230
212
218
14
111
230
59
64
59
242
218
247
95
129
215
150
3
205
65
62
192
154
174
94
129
192
230
190
27
220
8
207
212
164
174
212
216
71
129
247
111
25
105
247
201
57
167
154
251
59
72
150
216
219
80
215
216
108
114
122
192
132
82
215
153
138
220
187
133
97
56
61
71
255
228
205
59
94
199
48
178
129
88
136
162
192
184
174
144
31
48
128
247
72
247
55
104
99
94
40
203
117
116
231
194
82
136
207
124
111
133
124
199
144
255
72
77
187
