112
208
58
204
112
237
112
244
138
164
165
67
20
98
242
199
62
223
177
190
242
244
22
177
160
164
69
87
125
243
183
237
69
225
177
167
127
147
182
86
244
58
94
251
235
67
46
127
199
6
217
50
135
211
74
36
93
239
75
8
125
239
3
239
138
165
126
191
125
164
147
129
153
3
87
97
18
123
222
151
138
54
153
182
87
191
93
208
242
16
69
4
13
65
147
208
69
151
156
61
99
147
235
67
206
25
94
147
69
208
47
74
3
21
75
211
47
233
135
244
222
146
147
154
151
211
14
217
123
194
194
7
61
14
208
181
65
184
93
65
208
17
212
208
50
209
14
146
206
208
206
65
131
112
187
76
217
50
239
71
125
47
123
94
143
113
208
76
51
217
170
156
217
28
143
76
119
25
119
31
95
28
151
181
97
123
28
123
208
239
125
206
154
131
97
163
3
181
112
123
190
147
123
75
251
185
84
31
89
125
88
93
206
208
183
7
217
253
20
206
92
20
20
140
227
28
18
118
154
81
27
171
81
28
174
146
92
136
54
119
8
197
119
123
123
206
51
170
165
165
254
92
20
81
160
54
234
140
250
154
92
206
182
24
231
165
208
168
119
185
113
171
206
36
211
191
71
20
206
164
195
20
21
192
123
17
20
208
254
219
211
165
44
81
36
141
9
203
92
211
200
36
119
188
18
219
245
164
250
234
43
191
174
164
90
162
231
192
83
188
200
188
112
20
226
22
87
20
38
61
4
197
99
164
68
160
96
36
43
36
250
104
191
237
65
36
123
12
125
252
19
37
43
12
200
58
190
128
94
200
68
61
164
200
128
152
254
83
99
61
119
128
43
119
39
67
158
12
188
103
197
48
66
188
200
128
94
254
169
170
128
232
48
66
197
200
43
43
48
186
156
173
89
7
144
245
128
252
197
254
17
127
68
94
4
92
128
200
125
128
66
188
171
197
252
48
197
254
98
16
23
48
138
173
68
138
185
200
203
188
134
4
197
138
200
217
128
138
128
191
188
193
162
23
92
138
200
138
173
20
19
66
188
173
197
46
125
144
41
68
136
141
173
140
132
4
92
28
4
197
185
188
162
254
165
142
173
4
128
171
119
92
171
171
200
118
142
77
203
7
188
37
118
58
4
221
132
57
191
41
254
84
30
68
254
200
173
133
218
132
4
4
133
158
74
158
142
142
173
254
152
254
119
142
142
89
254
30
155
4
191
171
191
142
188
173
142
55
4
171
113
191
142
68
