31
33
135
177
129
212
222
84
256
211
67
181
253
51
194
51
84
236
128
220
112
51
181
209
222
80
32
112
144
31
211
97
138
165
138
130
105
250
105
55
138
154
28
209
253
206
32
206
138
243
155
250
165
112
138
28
138
25
122
52
146
75
211
154
206
138
181
242
190
211
54
13
122
194
252
169
249
206
3
102
194
13
55
25
162
75
222
33
206
118
138
146
155
63
128
91
128
205
55
55
91
221
249
3
52
55
146
168
54
51
55
154
182
222
128
176
54
25
67
199
256
165
168
205
129
182
239
168
138
225
176
206
105
28
176
35
206
242
91
174
256
104
54
26
122
94
75
206
13
211
52
115
216
182
169
34
33
138
94
135
168
25
182
42
54
55
122
155
121
10
167
66
17
217
8
143
33
37
13
170
104
67
164
14
168
54
162
122
230
3
84
31
199
176
61
176
121
33
176
176
8
240
28
168
48
80
37
122
162
66
55
22
146
75
256
256
141
182
3
129
13
25
222
31
39
251
126
89
164
251
256
3
127
164
102
62
128
178
168
115
131
182
123
89
81
35
243
98
3
105
240
231
178
126
67
64
209
14
3
14
225
184
222
123
102
251
206
3
174
155
238
75
115
62
162
176
29
3
242
176
143
164
37
208
13
48
190
122
240
42
211
25
211
10
118
73
200
249
8
128
141
88
188
182
203
182
35
107
195
54
98
115
35
182
87
143
83
182
126
121
251
75
200
61
182
94
206
156
242
50
174
120
89
2
66
59
199
206
203
3
178
211
171
176
252
25
170
199
37
80
94
135
34
193
110
61
32
208
84
182
244
141
102
83
87
35
135
16
199
186
151
62
162
37
138
32
115
25
118
29
39
74
36
162
84
8
16
154
135
88
121
253
63
42
32
89
84
241
230
96
28
206
102
193
52
84
193
186
36
197
176
55
99
253
32
196
10
155
151
75
253
197
238
172
155
83
42
42
91
182
40
135
204
208
168
166
162
244
150
243
140
200
4
229
89
28
42
253
242
71
35
56
31
35
34
160
99
86
151
149
202
31
141
25
95
256
253
67
213
219
95
135
242
113
210
151
146
41
55
104
84
186
176
139
34
171
171
136
25
161
256
27
89
108
28
112
161
37
86
190
176
105
123
202
214
254
223
117
171
172
185
101
185
42
84
165
99
155
67
45
41
118
56
72
97
160
194
192
138
137
237
25
121
172
253
21
160
86
12
200
203
134
213
138
81
106
120
115
11
150
55
42
253
63
84
73
86
52
115
113
213
242
222
26
45
215
155
160
102
140
213
98
75
73
207
80
115
165
140
189
51
159
256
210
140
255
27
193
75
37
222
25
12
57
155
84
75
157
62
138
238
12
186
150
35
64
115
213
45
62
213
91
82
159
48
99
155
112
155
236
26
39
207
35
88
256
66
148
161
12
11
99
157
75
249
66
230
230
86
199
222
115
256
62
161
33
157
29
56
182
197
199
44
25
45
222
189
159
213
75
155
115
26
154
184
202
84
138
42
202
25
25
213
64
12
222
159
86
115
103
219
232
57
48
204
140
236
102
162
140
213
72
12
52
213
23
42
162
161
80
77
204
1
12
52
163
86
12
33
230
220
216
226
242
12
39
57
45
44
10
219
26
196
103
88
91
148
192
10
9
155
256
148
163
157
159
39
213
48
39
149
138
213
157
10
238
27
82
157
157
204
176
86
52
129
99
102
157
89
9
153
28
215
139
197
72
155
184
138
115
242
84
148
161
23
163
72
213
213
49
215
197
12
213
138
77
90
99
159
242
207
155
157
45
102
162
23
82
85
161
213
42
161
39
157
151
181
56
256
64
196
86
215
157
155
56
25
163
215
161
256
102
157
39
163
70
159
26
161
73
157
155
213
138
157
214
45
161
86
12
242
202
70
159
56
45
133
139
213
232
232
215
163
42
45
202
73
32
202
214
44
48
256
42
178
45
56
202
163
153
161
255
232
45
213
98
26
158
113
163
111
159
83
99
159
45
215
169
162
163
197
115
124
163
57
213
213
159
157
45
10
163
155
213
161
114
133
9
72
159
86
165
213
70
86
39
215
39
26
192
189
255
45
230
23
219
215
72
157
240
170
189
161
232
72
12
155
215
232
91
42
57
48
155
12
42
23
213
133
182
155
53
159
105
42
37
56
86
186
230
45
226
232
230
48
226
45
74
44
226
148
157
181
157
196
199
124
141
157
44
157
202
207
12
207
86
232
148
159
145
169
23
62
213
39
73
155
123
133
157
213
45
84
26
48
213
69
117
45
163
159
9
159
42
99
249
202
115
238
45
62
115
48
117
157
214
42
247
74
153
94
213
102
159
45
204
77
232
163
232
104
155
148
145
120
39
48
161
163
155
57
83
230
148
45
157
159
62
45
161
45
56
213
115
232
115
159
226
213
162
157
155
213
91
159
157
25
133
213
202
161
161
159
42
230
163
232
31
202
207
48
115
157
32
213
215
161
155
133
218
232
226
214
221
189
115
213
157
197
171
163
115
110
42
178
161
45
139
77
209
197
77
44
56
226
159
72
159
159
133
79
123
202
77
202
50
159
218
232
123
155
159
161
133
215
86
74
105
72
197
73
232
118
42
230
168
31
66
77
115
155
161
133
213
99
52
207
232
213
252
23
159
159
159
155
25
159
45
181
155
213
213
42
232
124
115
165
73
115
104
153
157
249
45
114
9
72
207
202
213
42
48
159
202
112
155
148
222
222
124
39
85
55
123
214
249
256
57
157
178
26
115
56
115
230
210
45
213
213
159
48
42
213
55
133
176
56
56
57
210
230
74
99
213
77
159
48
202
155
149
48
155
218
161
148
53
213
171
157
73
120
232
218
215
72
211
159
232
133
230
159
157
48
207
159
49
207
161
145
56
102
117
213
155
197
13
157
39
249
148
45
104
136
159
207
42
35
249
13
29
155
230
213
45
72
45
214
189
15
114
157
232
155
44
115
159
123
161
45
86
48
99
213
133
45
232
153
171
159
155
72
86
157
211
133
48
170
202
214
202
157
148
157
44
216
149
157
122
210
161
213
117
213
161
66
157
207
247
26
157
133
104
163
86
74
249
72
154
155
65
155
39
45
55
115
213
214
163
48
44
52
48
115
115
213
140
123
213
110
159
150
232
155
138
165
202
86
163
48
161
157
42
50
148
49
213
159
202
53
204
102
208
115
221
99
104
72
133
44
161
45
133
91
73
117
56
246
159
213
218
48
48
101
197
214
88
39
44
32
161
133
48
243
214
197
131
39
215
213
99
114
99
155
86
56
171
136
48
31
186
120
215
128
73
133
124
23
157
213
44
159
213
232
213
232
73
42
232
214
19
52
42
70
211
85
82
232
45
117
163
213
122
159
237
150
232
26
232
197
52
72
115
197
202
214
232
207
157
25
42
124
157
44
26
45
186
157
45
159
84
86
155
78
220
91
79
161
197
28
159
53
213
120
85
157
50
157
82
241
104
155
197
235
39
73
99
220
214
163
232
50
106
33
197
99
91
214
190
202
74
86
213
232
72
230
213
217
115
31
99
214
232
86
44
232
23
78
121
19
110
44
159
256
252
138
197
91
15
214
52
48
157
157
159
48
133
101
218
230
138
230
218
45
26
48
131
213
213
213
45
202
72
85
155
256
124
249
77
161
42
253
140
213
232
155
53
39
31
154
213
74
252
218
44
155
32
133
161
184
138
45
213
161
157
45
157
77
86
256
110
176
120
45
104
197
66
48
110
120
211
192
45
214
193
230
232
115
45
26
155
44
202
148
72
213
230
42
86
86
157
77
32
157
66
120
133
72
197
138
45
13
202
213
73
202
150
214
45
193
214
232
148
213
155
120
32
45
232
256
197
214
133
45
140
78
133
202
197
217
163
155
161
213
159
184
157
215
42
230
77
25
138
32
197
157
23
172
12
213
161
52
197
86
82
213
148
35
163
207
161
161
12
56
115
213
213
45
39
157
55
56
213
86
157
48
157
218
155
52
44
103
202
155
12
202
86
207
170
157
124
157
131
120
161
242
42
82
232
193
43
249
155
218
134
115
157
214
48
155
53
213
157
255
184
74
232
53
82
48
161
138
45
213
247
237
192
82
159
157
213
157
82
38
53
193
35
192
86
196
39
48
52
249
213
232
82
155
157
214
