71
177
71
177
239
225
225
177
80
203
225
36
239
71
80
144
80
36
225
160
231
80
36
87
231
54
7
31
58
87
200
40
165
231
54
80
170
53
58
209
7
54
113
27
194
75
21
113
209
27
177
50
231
231
165
177
177
143
40
177
87
58
165
177
209
40
165
143
231
50
235
141
165
231
165
31
59
165
143
40
40
177
50
143
40
119
156
16
87
156
7
118
143
92
54
6
125
40
71
234
125
36
143
43
113
126
156
127
165
143
7
245
20
54
143
165
59
154
200
141
200
125
235
200
156
143
127
156
40
173
254
165
177
173
4
43
200
5
40
5
188
20
92
118
20
177
92
71
243
21
200
125
254
251
68
29
125
133
47
191
251
175
122
19
244
171
97
47
29
234
245
217
119
71
31
20
254
119
200
68
20
119
68
156
231
234
113
119
239
175
243
254
200
254
133
119
200
243
141
136
245
2
122
208
68
119
113
75
226
84
141
75
119
119
254
208
40
121
254
238
254
217
9
40
152
119
66
200
234
98
253
255
28
98
119
68
66
254
245
217
244
68
28
200
152
185
46
3
171
18
246
18
254
200
224
152
9
152
188
177
200
119
211
176
200
46
181
98
47
217
4
234
125
94
152
234
191
177
119
36
171
234
167
226
75
75
125
200
183
46
2
177
4
125
2
254
200
17
9
152
176
3
92
200
254
156
211
68
177
177
217
211
124
226
152
136
200
224
226
211
49
119
138
194
226
244
171
234
119
254
4
97
152
3
254
16
200
254
152
227
185
29
244
7
77
66
113
46
29
4
227
177
67
33
224
186
119
125
245
114
152
119
154
227
68
246
254
17
19
234
244
67
152
152
191
217
82
224
105
200
191
33
97
204
254
37
234
185
131
234
95
188
173
251
195
21
97
42
119
231
50
234
180
50
207
251
33
193
130
226
217
126
126
59
227
21
217
137
17
246
83
78
94
173
169
182
164
125
185
95
217
191
193
212
147
89
49
173
217
43
71
170
53
89
173
223
157
59
88
137
234
133
193
68
168
185
22
173
226
254
83
152
173
8
217
173
198
32
173
30
58
12
182
100
137
75
211
21
249
4
243
95
249
113
4
85
15
158
133
4
147
61
4
241
95
116
198
121
157
217
138
82
4
11
152
113
200
178
85
167
4
249
15
163
174
173
55
38
65
212
30
190
78
188
173
173
230
173
33
89
173
200
30
245
82
82
