58
162
205
129
146
256
129
129
205
221
205
147
94
256
211
8
167
17
58
178
237
236
244
140
172
203
144
108
58
94
59
127
185
146
142
169
17
25
249
9
58
172
223
94
55
255
123
219
8
123
140
94
172
147
32
88
94
242
129
256
58
53
94
147
23
26
127
9
35
138
84
94
205
178
57
106
239
94
89
154
134
55
80
243
94
94
216
174
230
5
93
24
32
129
94
149
129
142
24
62
219
174
216
166
58
219
147
182
205
174
190
94
31
69
221
229
147
122
174
166
178
240
69
88
94
215
26
215
60
120
229
83
205
63
168
219
215
179
145
237
32
126
142
121
53
83
58
26
91
164
102
147
91
206
103
238
203
93
210
215
89
51
174
83
244
65
68
174
196
87
186
32
170
55
250
230
62
154
175
199
174
94
105
24
250
107
174
221
207
175
94
183
147
158
190
207
243
193
239
97
211
86
8
28
185
106
87
192
190
178
250
253
76
91
227
236
131
88
178
247
7
91
51
199
37
129
240
185
154
193
170
221
91
116
26
174
190
205
221
92
54
83
5
69
199
201
25
83
247
225
250
85
84
180
28
242
83
242
94
239
174
174
55
92
248
5
147
50
250
207
24
91
238
83
226
40
242
35
94
82
250
65
250
93
28
94
174
243
67
180
197
147
138
144
43
213
245
105
96
174
154
19
174
244
73
149
207
88
10
190
221
227
28
243
76
157
227
150
3
52
151
231
50
190
69
65
94
52
134
250
34
91
216
123
109
184
61
172
19
47
170
98
86
113
94
243
120
158
89
153
174
169
179
14
210
104
134
237
50
96
9
199
13
149
199
250
57
144
139
77
207
145
199
169
190
189
89
77
143
108
61
247
212
188
171
102
224
220
101
105
66
172
149
147
203
14
94
203
65
84
226
13
251
116
96
90
35
94
64
220
186
57
84
250
91
128
64
253
229
94
237
169
13
10
108
108
249
220
88
40
145
73
113
88
34
74
65
99
67
84
147
13
88
25
2
35
3
10
214
178
26
184
145
154
4
117
83
212
91
215
41
160
195
5
120
88
35
184
238
239
127
128
99
172
236
122
178
56
219
28
193
199
225
27
213
13
175
73
216
213
15
187
116
43
178
154
17
172
9
88
189
37
26
91
194
17
256
111
244
121
96
94
178
169
147
170
174
61
35
83
3
116
182
76
147
150
120
229
220
252
221
144
88
94
190
26
146
149
174
76
175
250
230
94
89
178
147
134
147
61
8
13
194
105
178
10
202
203
10
199
17
52
197
63
188
16
190
250
141
170
83
199
256
178
102
17
64
65
47
77
185
76
75
34
17
170
66
76
219
5
197
180
81
161
169
178
181
63
174
63
139
178
190
116
67
149
32
76
7
61
182
174
169
13
238
94
168
154
167
250
154
27
250
169
74
55
120
64
19
66
115
67
134
189
203
61
88
215
199
122
73
120
180
122
120
94
253
111
139
154
94
11
17
178
81
195
103
169
167
86
154
221
256
86
181
94
13
94
69
107
3
232
149
105
147
96
194
195
5
89
38
88
238
18
134
229
221
3
83
222
11
138
215
82
247
52
237
83
144
31
247
236
91
238
226
220
63
164
121
104
181
179
199
256
170
89
247
88
3
199
221
223
27
178
94
178
189
157
238
94
52
27
256
146
192
238
222
169
145
221
91
105
81
207
134
105
122
178
161
65
220
169
76
46
66
145
141
35
219
241
236
14
139
73
94
210
64
176
27
179
252
66
120
187
16
29
181
26
28
61
94
229
221
34
83
65
161
154
170
186
61
54
19
215
174
167
226
108
232
157
154
222
19
91
9
207
140
91
226
175
237
111
43
94
226
140
248
34
64
147
253
64
91
89
221
158
227
154
126
31
107
52
64
222
9
216
65
25
149
183
170
64
183
247
157
94
249
140
174
26
207
129
83
111
237
175
222
202
108
76
8
64
248
72
24
221
174
145
32
215
192
197
172
66
249
226
216
199
210
215
108
170
9
91
221
174
189
210
91
219
38
69
243
129
237
140
94
47
161
94
252
125
83
172
172
61
35
74
226
93
49
179
174
238
61
93
42
33
144
85
161
255
195
72
8
105
105
94
222
256
256
256
145
213
236
10
149
69
115
28
94
66
253
174
64
207
221
212
175
202
118
256
197
82
227
34
225
185
83
154
95
214
29
74
13
126
52
184
185
193
228
38
144
247
51
215
32
154
52
53
197
88
24
27
19
34
244
236
178
81
252
236
102
207
32
214
230
216
14
213
15
94
10
94
189
248
88
10
60
99
66
186
99
28
170
76
207
186
213
126
199
212
116
223
164
145
164
223
76
202
103
64
172
238
221
175
9
215
52
221
157
207
8
162
10
202
147
230
40
121
227
174
94
46
108
28
154
176
252
222
57
147
88
25
57
187
247
45
154
214
242
89
157
42
221
159
124
229
244
186
51
94
86
58
255
76
66
221
215
91
13
169
52
130
133
25
158
23
9
230
189
95
159
238
134
84
222
256
170
181
221
61
154
201
174
52
67
220
247
32
72
247
226
192
162
169
64
213
79
133
61
236
202
55
157
99
243
199
207
77
249
108
94
197
49
38
212
19
160
237
29
202
235
35
53
49
86
52
202
218
91
244
221
182
187
18
42
83
110
215
221
94
56
179
134
48
81
8
199
202
82
29
247
202
158
235
248
4
189
186
230
32
235
99
73
21
13
11
79
162
247
8
238
129
6
76
184
199
147
76
57
228
222
194
8
230
243
147
178
81
201
158
57
157
13
73
52
139
210
32
35
57
120
52
223
232
235
32
220
186
94
25
219
73
249
187
210
62
125
256
13
202
72
232
167
222
157
215
58
129
105
69
186
249
13
158
52
27
120
210
139
76
230
193
110
221
199
72
159
32
82
228
122
28
3
86
256
65
124
73
158
157
72
210
133
79
167
248
176
103
72
72
42
89
42
120
124
153
124
167
230
249
153
115
32
77
158
205
124
193
23
124
179
133
210
32
249
56
178
124
77
159
111
115
186
134
124
43
133
