31
80
7
88
170
170
80
162
80
150
84
209
88
150
33
170
73
256
137
91
95
88
162
91
240
80
170
209
25
186
52
240
144
80
191
253
115
84
202
7
95
77
196
14
202
14
80
176
7
80
205
83
222
166
114
164
176
166
52
80
58
150
137
83
14
77
52
108
83
222
164
95
176
14
83
76
196
77
115
77
199
235
90
256
165
146
76
176
60
176
176
220
53
217
41
172
191
164
225
174
138
52
25
249
228
60
100
145
174
162
3
54
86
31
202
115
178
60
137
54
196
145
96
96
75
77
126
66
80
196
88
249
66
49
86
14
235
235
95
232
147
100
75
113
162
127
80
191
191
113
127
249
35
91
36
98
30
98
30
202
256
205
242
60
99
174
123
145
70
41
115
5
181
129
66
49
166
100
209
123
105
181
178
58
9
219
235
131
181
77
138
75
100
117
160
136
58
250
138
140
146
123
146
235
97
253
97
86
53
59
97
67
98
235
114
59
132
25
14
115
199
166
67
86
138
75
52
191
122
114
223
84
94
123
88
159
105
143
53
97
205
33
80
9
115
59
181
80
128
191
136
223
97
115
202
231
114
137
223
53
70
223
80
100
70
191
66
11
53
53
7
100
66
130
58
77
114
165
75
97
114
87
226
80
33
231
128
165
185
165
31
59
180
141
70
66
131
18
97
10
220
59
182
150
202
7
202
212
2
191
106
125
147
159
202
98
249
166
10
70
231
73
131
3
53
160
120
77
247
224
203
31
176
227
112
215
123
114
182
130
3
215
5
130
141
58
197
222
181
166
206
54
72
123
147
70
231
222
212
219
143
215
88
203
188
203
95
224
153
141
146
166
177
244
166
97
8
75
2
72
141
222
81
114
212
224
182
222
150
222
97
141
58
131
237
19
19
202
166
206
97
221
194
47
184
121
150
138
147
215
222
95
222
59
215
88
197
23
75
180
31
135
18
17
84
121
121
147
80
114
19
205
62
146
27
215
86
121
215
100
226
182
114
203
76
141
138
32
80
77
162
237
41
88
25
80
162
215
209
4
191
191
153
215
97
88
80
64
40
121
2
150
95
60
162
171
19
224
86
76
212
185
150
146
136
42
112
217
243
7
153
66
182
191
166
60
31
65
77
184
115
211
16
43
215
227
209
191
209
85
209
144
146
195
60
164
27
6
162
122
42
138
55
209
250
250
229
243
66
191
208
225
131
40
75
202
88
80
43
74
191
208
243
203
243
171
84
89
250
247
208
147
205
143
211
195
209
232
186
40
136
115
182
62
7
67
250
120
250
42
10
250
211
93
125
147
108
103
136
43
60
243
187
150
211
204
191
233
209
211
250
60
206
184
64
122
118
243
253
113
131
161
161
222
80
191
7
136
66
168
136
249
71
121
131
179
179
80
62
136
7
245
136
168
77
179
211
84
222
211
161
191
92
146
89
131
53
32
203
150
205
77
162
169
220
230
164
235
59
150
230
208
60
171
80
7
108
209
232
252
95
122
31
136
256
179
208
113
211
143
37
131
235
249
104
202
109
50
81
73
11
243
206
182
235
162
107
231
255
162
158
132
50
109
85
43
39
135
179
80
78
179
179
202
85
143
37
256
80
235
15
67
85
37
174
109
229
59
150
137
50
37
230
229
135
70
256
191
108
59
232
39
89
135
83
208
228
157
202
85
162
171
111
99
83
175
82
217
195
183
104
69
70
77
171
157
70
82
37
19
222
133
37
87
30
137
33
161
78
112
73
207
25
77
95
89
27
31
118
7
49
167
217
133
157
122
133
202
87
117
231
215
227
164
122
87
245
251
225
70
117
187
230
52
171
226
118
197
111
84
200
217
202
171
154
27
7
148
240
1
231
30
169
230
59
70
20
70
131
174
137
165
77
116
231
187
78
130
232
215
104
70
248
101
101
29
30
7
241
241
207
70
230
196
245
165
197
134
197
96
101
70
191
247
141
95
33
157
46
190
152
231
196
192
163
68
197
230
202
256
80
231
80
99
137
133
171
186
23
44
82
80
135
132
193
133
221
137
186
77
30
161
30
202
155
191
23
161
23
30
213
