75
84
162
84
162
162
166
209
162
249
29
205
55
184
83
42
203
54
250
84
204
164
32
162
249
146
73
61
84
42
192
72
166
256
146
196
105
32
84
115
172
244
164
17
127
32
105
87
184
175
242
84
127
183
18
14
127
204
58
249
58
113
41
231
17
105
115
36
52
128
230
196
67
35
84
27
220
150
114
249
195
231
183
52
25
166
115
25
172
221
58
231
3
31
90
166
244
50
50
150
152
242
73
25
162
134
174
114
52
160
166
244
184
84
140
166
128
249
234
129
128
243
242
42
132
253
206
19
39
95
128
29
117
61
159
21
41
157
84
142
115
190
93
42
42
97
97
35
215
251
42
33
187
84
33
45
21
72
72
32
72
152
59
212
197
159
215
230
72
186
56
59
159
26
205
99
215
55
242
157
32
71
136
39
161
252
113
127
203
206
97
205
234
166
208
209
235
231
214
187
182
214
207
119
253
32
202
184
201
17
192
110
240
206
73
184
40
210
182
249
214
209
119
174
71
74
7
88
11
93
31
97
44
162
162
82
73
182
72
108
66
196
88
91
81
72
13
212
144
242
165
214
73
242
119
86
48
99
108
249
215
75
122
23
33
72
9
72
215
210
97
187
226
202
203
121
206
144
106
150
72
249
79
98
45
207
79
36
39
175
138
79
114
95
107
2
182
41
97
122
115
86
157
211
183
104
81
238
165
119
235
137
103
39
192
136
152
72
95
79
242
108
114
202
175
119
175
226
73
137
130
56
55
85
70
174
119
252
62
107
175
25
175
199
251
110
119
175
119
137
242
192
79
242
242
252
157
119
157
35
115
192
101
242
252
9
206
119
168
175
175
100
256
154
250
207
229
150
250
95
138
72
175
200
242
8
234
140
79
203
157
94
242
114
41
250
187
119
242
242
75
90
119
242
175
73
119
201
242
240
39
229
141
25
74
117
95
33
25
214
205
73
119
207
47
242
61
216
141
98
70
117
83
119
92
242
25
175
95
175
23
39
175
196
105
23
223
86
60
242
106
16
31
39
242
232
119
35
240
53
175
202
220
228
256
119
7
249
42
119
141
139
154
13
25
229
199
46
39
119
203
114
214
242
221
240
115
139
226
169
97
35
158
243
242
114
35
74
31
243
141
66
35
110
213
39
39
3
201
242
201
250
207
201
108
44
139
184
175
206
242
150
77
141
196
28
92
242
39
178
217
139
243
92
72
216
152
247
95
242
23
167
7
114
174
77
114
140
105
247
97
242
72
229
119
68
170
119
60
201
39
242
32
13
139
114
181
119
139
81
105
21
88
217
163
97
242
242
168
226
201
219
159
98
205
105
219
210
81
39
72
114
2
217
191
201
119
62
117
217
196
167
40
226
127
190
119
139
17
62
136
87
216
128
154
242
16
243
81
16
10
202
206
226
17
29
219
201
181
201
227
79
206
112
159
242
141
201
201
219
93
155
204
184
154
17
44
31
107
137
46
191
206
87
112
166
102
131
166
17
239
209
159
95
242
206
8
225
38
139
40
181
255
168
217
40
193
243
112
227
44
141
186
72
83
81
58
182
68
16
61
230
217
217
131
141
226
227
98
139
243
68
181
169
2
175
162
176
45
217
20
17
62
25
217
219
196
220
58
217
105
166
217
114
106
242
164
206
62
204
206
205
179
106
66
207
197
26
55
107
181
228
132
138
242
105
179
38
162
141
230
26
249
182
207
207
217
182
164
227
102
161
58
23
62
46
176
45
91
167
157
66
217
87
98
210
155
217
194
184
162
75
84
35
217
219
104
45
39
131
154
39
60
109
112
161
63
35
44
148
106
179
89
162
115
68
10
180
56
44
254
249
146
162
213
5
163
39
91
202
162
155
230
202
22
86
42
187
209
233
163
106
240
23
45
167
12
154
222
91
60
249
249
26
214
226
148
214
158
236
162
66
107
146
224
44
66
162
62
26
136
220
249
186
22
196
217
143
217
139
66
12
161
200
10
32
66
134
31
249
118
62
161
179
97
106
253
10
117
106
97
214
92
44
243
85
213
106
112
232
115
200
50
189
249
202
100
66
117
50
105
214
11
50
133
249
102
202
115
158
130
125
9
197
214
230
21
136
44
155
66
189
217
103
87
189
33
140
50
124
106
162
126
213
214
158
10
237
49
76
144
45
44
214
139
39
146
253
45
62
148
62
115
141
149
138
66
21
204
62
76
196
213
185
158
206
4
162
56
213
86
157
30
249
47
103
102
236
32
202
159
142
56
131
157
180
102
44
141
160
217
217
49
158
66
155
166
200
214
66
192
117
32
115
157
159
76
245
89
113
161
52
159
105
103
13
213
213
249
158
57
12
57
148
140
157
157
32
215
75
128
159
226
249
39
172
159
110
182
245
34
159
249
117
249
72
42
60
26
213
9
114
102
162
240
157
32
155
249
115
161
91
84
73
59
157
213
157
47
52
213
86
189
170
73
97
157
157
56
86
214
56
48
57
162
198
4
213
37
22
215
142
66
89
70
89
60
182
31
204
230
66
37
161
157
206
69
13
62
253
157
77
213
213
37
42
214
115
162
204
56
161
198
235
42
200
157
55
157
161
29
48
157
45
57
101
230
188
249
249
249
76
79
165
44
189
214
71
221
252
189
155
13
157
220
66
33
136
214
45
94
199
155
213
249
161
50
170
1
213
215
10
204
73
131
92
176
72
214
213
151
86
69
214
180
95
161
230
101
157
86
52
214
238
159
196
230
75
22
178
57
157
161
77
72
84
213
247
162
62
204
189
73
72
157
247
22
213
181
44
206
75
159
151
126
101
214
97
65
124
215
159
48
39
22
66
122
89
26
26
165
55
206
228
91
52
185
131
202
132
52
230
148
110
109
86
73
157
188
44
247
206
214
159
32
113
42
161
75
186
25
159
43
213
48
41
84
210
117
193
251
86
161
58
180
45
122
214
48
72
249
4
153
55
157
121
151
172
44
215
161
44
249
73
117
214
23
172
220
22
194
101
232
202
204
159
152
205
10
82
227
232
9
159
110
249
101
249
58
230
10
102
202
157
249
122
69
101
56
230
133
150
13
204
210
100
45
33
249
84
214
161
163
158
115
26
56
53
148
158
230
112
163
65
157
157
53
152
232
65
91
157
2
161
45
213
115
101
202
213
159
251
162
197
213
205
214
159
110
159
206
213
230
56
204
165
170
42
157
210
248
161
42
159
224
204
249
101
65
10
86
142
76
155
110
104
10
157
71
214
56
117
159
103
57
142
157
161
211
214
162
250
157
157
219
157
45
241
86
91
213
8
249
230
133
53
214
197
206
42
206
241
150
91
52
157
214
202
230
241
159
42
93
56
202
208
50
249
106
206
159
142
230
48
198
214
199
103
206
35
249
215
157
13
163
154
157
213
163
29
24
213
13
22
8
134
155
230
162
64
110
56
161
196
24
230
127
66
157
73
230
53
104
37
141
3
249
157
232
113
112
151
45
252
50
65
37
113
214
72
190
215
163
214
45
249
230
235
214
31
86
163
215
236
249
153
158
48
256
230
193
206
219
93
202
115
185
188
163
197
132
118
13
140
215
35
56
214
230
256
132
157
157
48
115
178
249
69
230
124
157
19
163
214
110
162
4
42
249
3
206
157
161
202
142
45
115
42
77
200
213
54
86
249
160
113
105
254
157
140
219
120
159
157
115
48
143
216
104
199
45
112
230
48
176
157
215
202
46
142
66
103
78
214
163
5
214
214
161
197
227
98
37
198
116
200
200
162
57
134
187
200
226
190
35
158
241
55
213
43
45
218
171
22
209
215
171
230
135
133
255
183
161
207
161
213
10
151
89
157
232
151
200
30
92
153
74
176
226
157
88
135
143
248
194
161
73
215
213
247
30
157
46
133
24
163
159
205
135
214
30
142
136
124
142
30
163
200
206
135
198
157
161
59
107
135
254
198
49
251
37
