95
95
95
95
209
95
169
136
89
128
239
136
128
84
84
164
164
128
136
218
140
87
110
84
140
97
160
128
59
209
28
151
95
87
128
59
243
140
186
205
182
75
218
211
1
59
141
205
209
97
132
239
140
29
97
209
180
84
141
140
246
97
29
183
180
182
187
1
223
141
1
1
97
196
1
140
71
40
239
239
40
209
225
107
107
175
205
240
223
173
59
205
225
24
175
165
205
62
24
131
180
227
239
1
131
187
136
187
244
131
205
107
216
95
24
175
249
90
98
240
29
178
240
165
168
90
108
16
118
175
1
130
107
224
97
240
232
7
90
181
243
98
24
33
181
100
235
255
119
97
100
118
165
171
183
144
118
141
46
144
235
171
141
171
235
250
88
144
241
109
118
60
141
168
218
183
144
118
236
243
29
33
1
236
90
34
1
122
29
118
1
97
193
227
229
227
99
101
224
1
1
223
117
227
174
8
227
170
249
227
1
187
1
97
73
224
225
1
167
246
108
187
167
154
237
90
125
246
171
168
144
24
247
246
227
246
152
200
107
152
241
241
