249
80
126
166
177
22
165
51
165
25
18
51
199
143
112
177
204
165
80
160
166
66
239
143
204
204
29
181
87
119
243
143
111
79
219
69
10
51
128
234
47
123
251
123
47
174
76
145
206
162
7
129
13
87
126
79
75
129
95
243
162
47
75
208
174
185
55
123
249
123
239
95
136
168
110
177
208
181
51
110
239
38
129
79
208
80
129
7
239
236
170
228
174
184
110
7
251
54
87
110
55
38
234
143
129
164
251
51
87
75
168
164
251
13
82
40
168
106
74
249
67
75
129
57
140
208
74
177
143
209
29
209
127
239
16
165
191
153
143
170
190
143
184
127
222
38
239
229
178
51
165
164
47
166
155
222
127
231
182
229
129
235
110
136
138
192
129
143
138
146
54
177
175
13
127
208
178
162
12
159
51
181
154
178
189
143
153
8
235
47
239
74
235
165
54
209
87
55
150
194
155
167
82
177
172
168
184
14
18
208
150
159
192
26
16
208
225
172
208
92
14
190
26
38
36
38
177
168
115
8
218
237
129
12
54
86
153
74
123
141
38
239
14
38
54
235
12
222
153
154
123
177
99
9
29
63
8
168
54
95
39
94
129
9
141
29
244
229
209
82
22
54
63
177
115
192
58
87
252
69
141
85
85
172
178
116
92
222
18
172
12
163
141
197
63
87
141
63
141
8
222
14
63
15
12
110
72
92
63
209
195
197
242
208
177
82
173
38
235
44
19
58
99
56
62
184
129
87
63
178
123
175
55
44
193
239
141
77
248
209
57
178
141
129
176
161
92
18
175
82
149
88
141
141
244
193
213
77
63
192
12
165
18
26
120
93
159
231
189
21
26
210
98
13
7
174
174
162
104
85
139
92
142
172
256
174
22
226
178
129
202
9
93
44
12
141
184
139
208
72
172
218
15
212
82
252
141
6
87
6
243
71
184
115
136
237
69
192
63
147
24
176
12
50
83
82
53
29
207
251
18
193
210
76
193
84
141
189
20
246
202
56
70
63
146
77
128
77
182
45
24
158
157
99
82
83
34
216
220
85
115
136
61
210
149
256
12
42
151
125
29
251
224
61
193
29
115
190
29
99
111
141
75
141
231
218
27
50
125
146
15
146
168
178
146
99
110
189
182
133
141
213
111
160
227
159
92
75
74
22
163
53
131
15
82
58
27
9
168
256
29
94
115
146
141
51
218
222
85
9
24
166
122
111
123
62
12
9
55
256
153
232
27
91
227
39
219
12
15
190
51
81
56
199
227
215
79
256
42
237
57
4
129
69
226
141
141
64
141
163
163
163
213
132
91
94
146
141
181
92
141
246
207
226
61
32
252
123
126
69
51
146
85
84
51
218
86
183
237
126
111
15
227
256
242
51
155
57
26
64
18
99
99
189
4
18
210
81
158
9
44
227
183
99
23
163
82
237
15
158
227
91
82
52
48
12
57
18
247
207
163
120
50
210
163
134
207
192
12
44
106
153
174
110
142
197
163
243
54
123
153
26
146
165
54
227
122
44
163
242
218
146
17
35
42
70
65
77
241
180
31
54
198
188
193
245
197
173
122
155
128
79
148
98
155
31
207
163
134
42
159
54
66
189
56
73
63
159
56
163
145
19
22
208
53
12
158
154
163
148
153
45
210
163
148
8
61
248
148
129
198
12
145
155
224
251
138
101
1
207
133
158
10
138
53
198
150
214
148
95
1
49
158
84
23
211
232
254
52
149
56
155
196
163
155
254
207
148
232
186
72
45
232
45
159
163
