146
50
146
62
62
206
237
107
80
143
90
244
62
165
106
83
231
130
143
50
165
90
97
87
98
98
203
55
87
165
80
107
151
98
7
80
105
209
237
231
184
150
211
165
209
87
3
150
50
168
35
164
36
122
97
3
87
32
211
13
116
75
97
223
231
3
107
115
219
89
165
251
87
164
128
209
216
206
162
162
97
142
194
231
3
59
77
71
135
14
108
226
55
206
16
122
252
141
140
252
59
252
116
61
138
180
176
55
250
90
250
144
71
84
229
71
230
161
87
231
209
80
75
130
237
164
20
166
119
103
206
109
203
204
87
55
125
71
8
250
160
162
223
71
73
151
237
126
237
119
187
92
160
7
151
151
253
252
83
162
205
242
256
80
147
84
230
126
150
90
144
97
8
150
98
209
38
87
71
169
14
8
103
151
146
151
208
228
150
71
180
229
8
206
76
27
227
34
186
253
55
89
98
27
219
253
84
136
15
71
180
49
22
91
98
71
14
89
250
150
140
138
151
41
191
229
252
231
13
205
195
231
87
205
190
186
64
142
164
223
164
59
141
141
65
194
144
190
237
44
187
195
106
200
98
206
66
87
87
88
89
251
231
65
71
110
121
121
140
209
7
184
150
241
116
47
190
97
89
160
33
186
168
239
98
150
176
254
150
162
7
132
221
144
28
239
204
184
3
98
69
31
126
147
122
142
71
107
61
176
101
17
101
170
89
24
61
138
90
204
153
170
36
244
136
144
94
242
89
249
231
8
151
253
132
81
230
25
146
95
7
237
40
191
146
250
164
147
165
21
200
89
76
160
89
206
41
252
144
170
252
190
190
153
38
139
252
153
169
4
25
7
88
148
89
19
95
148
146
204
97
135
71
144
208
77
8
64
245
8
240
201
164
162
37
126
58
27
203
77
93
205
96
41
16
252
59
151
49
116
151
170
149
96
54
40
170
150
250
12
221
71
113
146
126
65
151
28
162
252
184
123
252
77
196
17
31
101
115
140
40
242
71
205
209
184
107
209
102
249
190
166
59
150
13
76
144
87
131
243
50
98
91
172
34
190
191
225
256
138
31
41
36
186
95
47
110
89
191
7
7
211
37
141
65
73
151
245
211
205
8
8
168
203
7
224
179
62
201
184
151
194
89
204
194
242
256
71
141
164
40
27
118
71
73
17
114
26
122
125
13
243
93
89
252
26
13
22
32
13
75
103
108
196
138
71
166
164
128
160
200
25
252
204
252
97
24
139
253
237
230
101
107
103
101
89
138
61
210
204
212
87
14
144
162
186
201
137
89
144
94
256
96
89
208
205
128
94
22
102
8
167
21
98
177
98
231
172
238
98
212
64
237
27
97
91
15
91
240
16
115
217
205
211
94
94
243
160
135
151
200
35
88
50
238
182
27
205
98
180
97
186
250
113
116
182
91
115
95
61
91
209
183
170
136
184
103
128
223
26
168
183
93
225
253
44
16
105
28
81
103
18
98
123
18
214
122
146
174
134
244
237
81
243
95
231
46
151
32
73
104
50
169
32
104
144
253
225
221
211
239
131
153
252
101
215
164
52
182
209
225
76
249
65
253
73
160
98
215
8
55
61
173
248
203
59
150
91
224
160
236
52
190
95
31
34
203
225
54
7
165
223
151
144
40
164
121
16
124
58
236
248
252
229
4
46
44
32
91
182
90
184
253
240
200
150
19
41
36
46
256
95
21
28
164
164
229
151
46
65
123
200
29
67
87
10
217
80
128
81
186
29
214
135
174
222
67
225
127
146
200
241
250
112
136
40
142
166
108
108
34
66
73
33
146
253
229
58
83
222
211
200
25
250
146
164
249
47
94
221
160
151
170
253
231
17
248
206
231
65
212
98
152
251
107
211
1
87
124
31
241
160
41
91
71
238
204
150
244
71
108
167
152
241
205
221
229
139
178
252
211
234
110
88
190
96
102
65
229
91
248
234
160
223
16
52
3
90
240
241
251
107
219
65
212
185
68
112
94
179
164
88
234
5
238
151
191
146
18
110
27
68
125
203
190
16
54
251
42
231
130
154
81
71
109
150
137
160
140
5
167
89
222
236
64
6
97
144
252
180
102
227
59
101
29
164
136
200
141
84
64
212
228
132
151
201
201
64
136
142
144
208
40
31
46
41
163
59
108
152
95
242
88
58
135
191
108
160
205
153
223
252
206
105
112
93
253
88
177
131
200
142
151
71
205
94
211
211
50
209
254
190
98
129
76
113
104
238
164
8
201
18
113
156
218
69
24
58
98
87
31
105
177
205
136
88
191
190
218
172
73
151
237
248
113
59
66
252
101
83
75
18
121
73
24
204
252
253
96
195
152
200
88
150
83
34
160
220
230
244
25
163
31
129
93
236
73
217
222
151
164
112
121
64
8
222
254
135
89
237
58
118
75
96
174
182
174
132
225
67
144
125
76
101
103
46
88
210
147
200
190
70
208
249
108
136
58
36
200
51
31
171
181
176
66
36
169
249
250
229
50
91
47
182
122
194
200
235
71
36
14
34
200
75
170
240
221
136
248
38
199
231
8
231
170
135
97
114
27
244
67
36
138
229
231
21
67
103
5
253
87
146
83
138
169
29
9
21
167
190
27
18
251
189
200
34
132
115
191
211
63
219
219
67
200
254
7
146
185
51
182
91
165
84
58
83
59
102
79
58
26
101
145
154
200
182
94
9
216
179
35
14
94
225
98
88
201
156
200
30
157
76
67
44
129
84
107
18
34
40
223
199
228
176
31
108
172
103
180
9
9
140
21
106
31
190
76
33
101
205
95
240
103
135
98
139
151
68
65
244
21
17
60
98
149
77
58
11
115
28
231
35
140
251
190
227
177
182
170
95
18
27
231
134
64
94
38
145
21
147
54
91
237
204
109
67
51
67
200
39
212
71
123
182
231
59
178
170
254
221
181
67
189
24
8
184
175
182
28
106
149
239
129
18
74
81
228
11
190
141
142
105
71
8
166
137
59
145
105
251
18
206
100
239
58
182
94
225
145
176
182
58
119
147
190
203
242
212
236
91
200
239
225
244
229
129
151
68
205
178
35
11
205
240
84
121
20
95
185
77
185
165
205
115
171
135
97
127
186
96
13
160
147
252
254
83
241
60
21
96
252
2
228
108
160
24
244
103
191
256
153
73
141
235
113
62
230
10
61
254
31
222
219
36
41
91
118
18
169
22
240
98
8
47
170
57
16
137
97
146
175
101
152
114
127
113
200
21
254
37
254
132
223
178
254
230
208
174
29
36
6
170
97
163
38
174
206
191
102
22
204
18
29
112
208
86
131
46
254
24
237
234
32
132
135
50
25
200
2
253
142
21
158
5
169
254
71
58
156
156
103
110
210
200
29
254
203
81
19
191
63
5
136
182
105
101
249
179
22
27
255
136
236
94
36
103
17
237
169
97
200
221
34
61
47
28
98
5
113
92
151
105
132
24
237
16
194
187
254
170
109
152
251
190
251
254
170
215
229
237
132
66
171
200
236
158
36
121
31
217
254
138
33
144
103
141
236
102
7
44
204
108
185
254
200
219
113
239
185
200
126
210
102
67
34
136
186
113
93
236
9
22
221
216
108
108
226
8
136
27
180
220
132
254
212
254
254
254
71
254
136
142
68
107
254
236
178
146
101
160
64
230
170
128
29
75
137
43
41
10
200
18
173
253
200
194
108
206
161
214
254
83
191
107
128
16
135
66
160
254
234
27
131
62
141
98
75
190
121
254
33
229
62
254
254
254
131
37
24
49
181
236
201
47
113
226
26
224
17
68
30
157
74
254
190
171
174
184
215
163
181
223
36
235
128
239
67
151
83
194
63
105
240
83
20
133
203
192
67
174
33
173
224
28
154
242
46
131
201
200
156
35
253
182
163
135
154
34
211
98
224
209
104
219
104
247
200
200
245
92
214
200
84
136
39
136
128
76
165
46
97
135
2
245
222
36
211
60
129
195
181
224
172
172
97
251
46
141
136
106
141
251
224
136
208
146
254
176
164
136
26
215
77
228
125
28
228
13
170
33
25
164
44
11
248
2
251
118
6
236
165
22
214
42
235
244
104
113
61
240
63
99
101
256
80
112
124
75
112
138
200
37
97
251
199
91
113
136
188
221
112
204
62
57
251
200
118
210
200
220
237
16
121
187
230
216
113
230
181
45
200
130
241
200
62
239
181
174
37
69
19
181
36
37
172
200
161
182
121
128
252
47
254
127
70
18
242
239
200
68
205
54
126
121
144
219
129
129
254
120
46
136
176
8
136
112
134
146
46
254
152
134
4
17
240
38
7
28
245
211
231
112
219
230
241
170
103
107
114
254
208
254
254
101
230
114
61
253
225
234
46
200
200
167
142
221
234
61
44
237
15
218
153
90
88
104
8
114
92
24
8
101
137
75
165
254
102
248
185
204
237
121
120
38
177
29
245
137
174
214
58
53
2
22
83
182
60
75
113
221
18
24
178
121
132
124
37
171
68
253
185
200
159
189
31
254
132
2
91
234
31
47
203
57
104
153
225
124
200
251
152
118
220
3
254
148
120
129
22
62
224
254
152
131
4
163
128
212
246
58
192
160
246
172
136
46
225
65
120
161
234
67
214
174
95
43
22
153
227
59
9
120
20
24
186
125
219
233
47
186
133
7
179
181
152
117
65
128
234
186
28
222
179
224
254
246
163
131
88
124
189
196
230
151
191
200
7
147
233
239
178
1
83
43
194
66
188
240
81
21
59
56
187
89
246
248
151
240
60
200
254
206
38
30
191
148
222
143
171
200
222
186
34
185
65
21
71
127
163
156
119
179
240
44
190
234
227
5
29
163
16
205
179
254
194
7
41
254
106
254
7
237
90
189
254
81
144
174
108
152
119
234
19
31
207
219
138
20
59
251
85
200
150
124
137
166
58
123
141
8
80
37
93
5
146
58
174
95
19
163
65
130
124
124
142
185
152
224
200
254
163
152
4
245
118
174
47
172
175
163
137
192
233
253
62
152
167
31
254
125
68
138
100
22
173
238
19
177
91
229
249
37
182
254
160
220
251
123
79
41
137
254
144
63
234
188
113
179
186
174
31
34
166
27
147
212
200
233
194
200
161
118
107
255
133
77
76
142
24
144
118
222
163
188
152
36
211
71
179
222
248
224
218
148
179
233
248
147
160
75
96
221
46
119
218
92
113
24
200
224
254
186
227
109
200
152
105
254
124
62
42
152
110
117
251
11
44
33
185
254
135
185
194
97
136
182
248
44
12
206
117
105
254
169
237
142
229
232
248
236
233
21
96
245
60
229
200
119
8
254
254
229
234
62
242
97
224
175
38
224
152
21
40
123
159
187
245
16
201
46
159
249
80
70
163
175
200
34
144
188
171
175
39
254
252
31
19
255
16
13
21
167
44
103
214
254
102
63
254
4
134
167
24
254
20
141
144
129
142
135
132
254
224
188
191
16
151
256
75
249
67
44
41
254
125
20
200
194
96
90
200
200
2
125
234
188
188
75
254
191
142
179
124
115
49
152
238
200
200
248
144
8
249
96
215
224
239
173
20
119
231
152
188
200
108
89
222
24
200
233
20
115
36
150
119
119
254
29
233
188
254
152
63
254
119
234
46
254
254
153
254
107
134
44
63
187
115
238
254
70
241
141
255
242
203
88
200
129
200
55
254
3
21
105
238
225
4
105
32
161
159
55
76
224
173
222
99
218
253
75
186
238
254
63
133
246
105
96
63
115
161
124
240
199
200
91
144
99
44
22
254
224
224
239
61
25
21
200
86
221
105
225
53
196
197
36
188
138
120
3
224
95
176
37
91
188
188
185
233
37
200
46
176
159
207
70
53
68
63
254
207
159
89
46
116
13
185
125
161
201
205
44
252
78
125
200
62
198
130
200
122
75
22
108
224
119
4
122
87
224
166
229
130
159
188
117
221
46
4
22
21
224
173
115
163
166
4
185
42
197
164
124
221
56
221
236
124
11
37
242
36
188
97
62
26
22
99
62
171
198
99
39
204
232
164
19
187
176
218
61
24
116
30
152
236
188
167
19
221
19
222
241
242
5
163
221
158
193
157
55
167
215
73
188
69
166
6
197
111
232
197
49
166
221
110
69
224
