79
230
14
230
220
212
14
165
220
212
194
220
212
107
107
83
165
7
247
176
76
182
28
211
195
150
182
248
101
152
21
96
190
107
145
35
182
2
40
180
19
145
64
233
223
15
211
195
233
92
52
105
76
234
46
191
175
182
194
58
130
46
134
200
40
195
91
142
234
16
212
104
206
89
181
119
217
83
130
105
36
229
18
182
36
102
247
128
175
191
51
231
195
231
212
229
113
35
90
54
132
223
96
92
248
95
118
220
156
190
142
229
194
46
231
5
236
229
136
8
229
166
75
63
112
211
40
244
254
58
177
229
190
229
108
46
113
151
195
30
239
91
226
8
47
1
206
5
97
36
109
36
254
182
91
36
169
118
58
107
152
1
126
205
200
8
14
211
234
90
91
105
108
126
108
64
90
36
195
139
206
187
107
76
145
5
41
2
90
35
155
229
102
253
92
229
194
195
195
217
126
107
60
90
229
21
200
107
217
217
130
151
151
83
248
185
57
56
90
131
200
90
130
200
14
250
245
36
250
65
113
194
55
8
212
245
108
109
227
123
104
181
185
28
1
97
226
59
108
97
200
30
13
152
36
90
141
76
35
195
124
75
195
241
233
58
223
195
22
28
190
200
109
219
90
194
238
118
126
195
221
67
191
253
130
188
58
227
194
107
234
185
20
14
2
185
103
234
170
212
134
5
71
41
252
208
118
110
169
195
92
152
122
67
36
234
152
126
21
116
113
1
36
156
108
21
113
26
8
128
151
200
24
123
83
41
11
142
91
76
1
124
217
253
97
224
241
217
225
206
205
152
42
16
89
185
14
90
234
123
107
169
60
110
200
142
38
187
172
5
186
3
211
128
181
67
225
47
203
107
227
11
71
211
116
174
221
91
92
118
254
87
107
11
254
83
83
164
234
79
187
71
83
136
5
252
47
253
195
107
119
229
188
1
156
175
24
122
122
60
171
201
18
93
191
88
253
14
28
98
123
251
60
110
200
244
28
13
139
160
22
5
237
83
183
28
65
118
84
142
195
65
119
36
75
109
40
206
141
152
96
141
5
143
90
60
254
241
206
211
250
80
191
151
98
181
1
195
139
7
90
135
113
30
74
107
108
147
144
3
253
127
251
14
2
138
87
244
169
38
5
154
205
181
61
142
154
141
37
250
191
91
109
83
217
234
130
83
113
211
56
36
123
172
152
24
211
229
109
122
245
156
188
132
1
118
36
181
83
12
1
29
47
181
43
119
156
181
141
96
239
152
38
142
109
171
227
145
96
200
241
253
46
163
181
92
248
3
226
231
152
5
201
55
200
212
119
90
141
211
98
160
217
217
217
143
30
136
34
1
14
24
97
156
222
62
182
135
201
225
30
51
36
138
4
38
206
21
182
182
132
194
121
182
156
51
238
137
108
188
22
108
55
156
76
254
154
200
107
131
191
205
90
30
3
223
91
21
40
176
187
203
185
123
47
122
167
187
229
5
217
138
199
212
67
136
144
130
147
144
172
87
195
17
90
38
47
69
180
139
237
24
224
167
229
154
226
91
109
141
46
46
109
154
238
183
24
136
55
211
190
243
168
181
47
47
172
151
154
165
171
17
132
152
141
147
5
93
5
76
241
170
105
254
243
195
206
108
47
19
56
36
5
245
181
144
58
64
150
71
11
119
245
47
108
89
93
2
175
110
137
118
254
119
201
91
47
93
113
246
244
201
187
152
26
101
247
151
233
138
36
118
86
217
5
187
47
96
121
182
234
71
200
30
113
217
109
227
207
245
172
200
207
223
154
48
128
250
178
246
30
217
198
34
200
183
79
237
152
225
212
169
122
189
151
119
108
141
107
247
185
167
79
28
7
119
234
156
89
47
195
238
60
20
46
33
14
30
60
2
246
79
164
124
18
126
145
67
28
119
224
154
60
188
76
40
23
234
223
234
229
125
100
246
226
49
180
256
194
86
37
97
92
142
47
122
185
30
192
74
119
20
256
30
78
28
36
253
11
55
123
244
200
215
200
5
228
19
24
24
160
90
61
97
43
199
47
83
138
142
30
47
101
225
6
141
25
108
92
119
113
91
181
231
116
224
74
118
238
4
125
83
254
226
3
132
41
119
237
14
46
30
86
137
122
46
36
118
231
141
122
222
156
217
173
142
4
212
187
40
195
200
199
212
220
5
83
152
156
154
142
246
116
156
195
216
64
214
54
231
194
66
1
224
152
253
144
139
248
66
78
116
185
8
200
106
60
152
119
132
231
5
100
2
30
250
172
125
30
200
227
21
58
229
244
117
234
154
144
36
130
182
200
65
5
212
18
20
173
119
21
70
119
224
106
14
83
126
225
154
76
107
16
125
115
90
234
1
118
245
36
21
156
5
232
19
195
200
119
46
142
98
89
200
28
114
33
2
156
33
181
30
150
159
166
40
222
16
30
14
187
141
142
229
171
233
8
67
110
241
160
36
103
147
126
181
119
142
244
167
28
141
168
182
179
237
181
223
118
234
5
152
107
208
2
61
60
116
254
232
229
123
41
185
5
211
152
195
180
141
181
107
195
229
195
97
2
74
86
2
88
171
14
83
90
234
175
34
182
125
185
36
30
174
239
233
20
38
142
118
185
21
239
224
89
191
152
191
5
119
130
106
180
70
98
40
116
125
67
132
223
106
182
132
250
130
67
246
95
22
241
248
248
16
90
195
30
61
152
231
235
241
30
43
44
13
47
256
22
234
248
134
169
154
189
6
47
200
200
182
1
38
142
5
147
185
217
25
119
221
61
109
68
30
237
30
27
130
154
19
231
217
142
180
156
70
131
100
79
206
237
107
43
43
217
185
106
60
236
18
244
89
134
254
212
144
141
197
191
33
187
143
200
109
32
118
17
60
28
229
106
132
253
22
32
151
156
110
28
7
74
183
187
89
183
25
30
223
83
247
130
30
131
105
47
150
191
174
47
241
60
248
105
101
2
126
158
16
92
156
46
6
13
187
14
200
6
142
28
225
116
1
123
224
200
36
115
212
119
236
246
188
187
130
195
142
181
240
229
65
105
233
113
1
96
135
239
156
211
134
180
167
65
32
152
65
219
250
34
224
144
187
20
109
3
198
187
106
118
152
108
200
44
106
204
231
191
245
122
137
5
66
100
19
195
21
13
104
119
61
5
40
30
196
113
247
224
73
65
132
246
47
224
32
141
18
25
191
115
43
224
36
132
116
43
90
30
246
225
13
244
234
1
101
240
1
116
114
158
6
254
217
18
217
200
224
3
19
188
227
18
21
234
21
200
13
204
24
116
234
130
192
103
212
156
137
24
118
235
132
2
236
188
132
2
65
43
81
119
152
231
137
187
90
241
142
202
136
185
187
185
245
110
1
234
32
83
234
60
40
152
185
43
125
130
183
204
95
171
61
200
24
234
132
8
14
114
142
96
47
181
224
125
101
168
206
11
216
198
107
40
212
152
109
200
188
1
234
40
188
3
95
152
224
54
15
227
30
124
79
226
241
250
41
8
119
211
42
107
54
241
16
131
248
254
30
1
177
74
212
132
103
158
227
234
30
3
241
234
37
129
54
234
132
70
152
43
40
21
74
185
156
144
216
125
30
195
58
216
121
30
68
168
6
70
182
156
231
212
107
254
91
187
141
233
31
64
93
155
240
126
254
60
121
254
96
60
135
250
254
225
108
20
156
229
152
119
137
60
224
142
30
69
219
206
118
246
43
2
46
198
231
195
20
239
254
168
211
234
234
188
247
100
230
187
105
115
78
234
152
105
2
77
187
182
249
177
39
224
248
247
168
53
10
125
152
131
179
65
117
152
173
184
187
239
105
70
187
255
152
185
96
40
78
93
116
70
4
124
191
133
95
208
198
230
28
163
79
51
236
119
1
79
142
1
102
152
207
137
227
144
142
1
86
71
207
1
100
141
54
58
119
79
43
171
129
192
234
254
79
182
252
198
183
70
179
212
254
43
114
254
182
68
90
30
42
224
40
181
6
254
37
168
43
224
224
68
195
158
198
187
71
30
234
70
224
5
86
119
152
198
101
137
254
38
207
28
161
158
224
181
173
173
183
120
230
113
193
224
171
120
189
236
230
218
158
73
234
43
45
36
136
171
73
160
187
205
45
229
12
224
70
47
38
97
12
125
8
227
163
125
227
170
227
163
241
170
232
163
97
224
48
