205
231
33
7
150
33
244
181
107
71
206
130
231
95
95
1
87
208
95
125
75
16
87
33
141
141
75
141
245
250
103
66
165
138
142
181
235
250
250
66
62
150
250
71
138
208
209
114
165
66
18
165
62
184
211
165
211
138
130
62
40
209
165
222
123
172
177
40
206
172
180
114
222
239
165
87
138
239
90
182
180
40
209
178
122
180
206
222
138
7
29
123
14
16
40
136
222
18
222
17
217
95
181
90
123
87
95
5
87
176
217
83
40
243
88
239
8
195
190
97
40
222
74
172
40
3
192
100
190
150
18
245
123
97
113
87
138
251
172
206
123
123
71
181
222
154
211
176
184
138
243
59
98
195
123
211
3
204
96
154
17
5
245
114
128
67
18
18
20
206
65
16
154
31
180
95
171
47
132
22
94
250
47
59
211
7
160
95
174
181
217
238
36
122
51
250
150
135
92
245
21
181
18
250
154
6
96
154
3
15
61
240
63
122
239
104
61
144
47
30
154
154
3
61
230
154
97
154
138
90
253
136
217
171
79
158
90
104
19
151
65
54
150
43
138
230
194
147
171
171
97
158
253
166
51
122
33
37
71
98
111
183
138
61
230
219
114
61
154
123
229
57
97
116
96
30
129
75
182
138
183
182
205
107
114
229
236
79
229
190
94
147
94
133
238
178
96
124
230
190
182
95
6
136
250
3
132
171
136
129
126
101
75
104
138
224
96
183
120
139
160
160
133
101
54
16
211
55
245
92
206
208
141
6
122
224
171
66
63
51
67
154
30
206
125
30
139
92
205
183
171
90
1
104
254
180
75
125
118
183
147
118
16
187
178
160
181
250
63
111
75
29
102
160
71
175
92
216
111
111
49
139
118
68
43
3
171
216
255
122
4
49
112
46
224
183
208
254
205
37
112
30
63
171
41
4
71
51
37
95
63
184
206
204
147
28
225
73
253
251
151
114
37
238
154
208
188
214
243
188
16
130
112
111
37
67
79
171
237
27
209
4
185
111
92
237
238
185
92
208
118
211
160
95
92
126
69
96
114
177
129
63
64
1
249
151
28
139
178
92
15
118
46
175
150
95
164
34
63
94
111
38
118
154
83
217
185
214
200
109
129
3
27
87
171
1
195
21
67
92
219
139
3
16
111
141
17
188
241
217
122
57
154
141
15
46
171
68
116
206
237
183
87
160
118
154
33
195
142
94
98
200
95
219
104
3
237
118
104
77
254
111
200
34
98
8
36
188
195
154
29
183
168
200
61
151
168
128
85
33
207
172
123
5
104
54
234
228
200
123
200
98
145
73
181
193
62
228
200
164
88
5
171
54
38
123
51
254
209
227
103
40
132
247
135
75
254
254
164
71
34
206
206
216
226
132
200
206
36
175
154
54
142
53
203
141
104
33
118
123
90
168
255
254
15
180
188
69
181
180
178
222
188
121
254
235
2
121
209
246
158
37
124
15
10
131
254
254
188
92
206
15
206
168
103
206
98
158
118
181
198
136
104
33
151
28
254
152
78
8
154
254
82
136
75
92
25
37
57
173
115
144
247
67
62
206
160
188
38
107
204
173
24
207
98
254
1
169
53
247
247
160
254
69
151
98
173
157
14
230
230
164
174
206
216
169
118
116
118
254
207
230
78
101
200
160
14
200
216
81
14
188
182
171
104
98
108
68
217
97
129
245
83
35
90
30
14
158
116
136
84
103
200
254
31
246
219
28
3
255
173
255
118
136
87
3
206
87
183
254
254
188
200
210
101
107
163
76
67
206
15
188
201
193
78
254
90
247
87
229
136
241
22
98
163
67
118
247
63
200
28
78
203
64
136
244
53
53
61
93
193
87
67
76
229
83
78
154
239
22
173
87
164
67
156
247
34
114
38
67
46
223
134
31
254
254
68
247
207
253
216
237
254
119
251
8
164
224
193
241
229
200
254
43
10
90
254
188
200
224
164
94
93
132
254
28
254
32
119
247
251
36
5
4
250
9
129
21
21
234
244
200
68
182
22
15
121
9
224
15
101
141
224
208
173
198
200
200
118
254
254
107
200
229
201
200
105
142
200
53
13
254
254
208
244
254
68
254
247
31
254
254
141
6
104
200
41
254
254
154
216
250
146
212
179
174
102
21
234
92
68
201
254
200
18
71
139
30
254
5
254
254
163
188
241
188
173
61
200
145
235
119
43
200
200
14
247
8
141
47
116
200
20
224
141
90
126
200
156
158
254
188
254
254
203
247
254
41
120
47
200
6
254
200
244
103
126
125
247
20
188
253
254
248
200
184
200
137
188
185
188
24
200
247
246
68
200
118
200
234
224
119
254
254
254
47
47
241
224
195
200
200
254
217
254
83
200
107
125
246
220
254
188
254
254
254
254
119
119
5
141
7
254
47
103
36
152
118
254
200
247
20
144
254
125
152
231
21
222
254
68
5
200
224
4
38
119
234
119
254
200
43
246
203
