55
203
95
135
231
198
146
33
98
205
209
180
59
88
31
207
135
138
138
205
177
91
59
144
138
205
128
180
206
194
177
84
84
190
176
33
95
138
33
244
97
7
97
249
206
50
229
231
59
95
55
97
177
209
166
194
138
121
166
95
25
55
150
256
97
177
55
97
50
75
221
55
146
183
138
95
59
3
62
106
62
97
107
95
229
203
59
206
66
59
121
136
231
59
150
235
62
59
184
249
182
176
80
88
59
223
102
194
203
176
180
138
256
7
166
223
249
33
182
36
249
146
97
28
250
13
59
231
144
144
128
7
59
16
162
72
250
253
115
95
95
62
130
136
69
97
42
199
65
45
130
25
220
180
67
132
205
62
58
54
128
176
162
145
128
239
182
97
7
251
74
165
109
123
75
251
251
239
74
25
135
75
74
35
74
74
128
25
84
251
182
54
162
74
251
3
251
123
110
179
96
251
74
251
194
25
74
74
112
45
98
75
91
251
209
75
214
202
59
56
251
239
75
74
115
209
194
83
123
25
119
121
250
74
251
74
231
190
251
184
250
251
102
128
222
74
110
3
36
25
123
178
231
123
235
112
135
86
123
251
137
75
195
112
23
251
168
239
14
55
222
239
176
75
157
174
112
203
251
59
145
181
72
256
128
222
137
219
29
199
75
242
111
205
88
144
84
150
150
81
33
185
158
135
202
18
115
153
81
153
183
65
140
181
51
72
33
153
186
121
28
31
138
108
3
81
153
243
54
74
140
65
81
108
130
140
97
108
177
33
243
202
225
153
180
146
97
30
206
54
242
97
140
18
29
157
31
150
190
97
54
54
75
140
97
256
59
155
54
29
250
137
129
115
225
153
69
225
129
243
29
226
129
170
181
170
183
140
140
57
97
253
243
3
170
129
157
50
84
243
157
36
253
183
243
228
32
84
235
112
144
29
243
29
195
121
29
153
187
50
253
107
135
54
100
7
140
243
75
249
23
153
9
100
190
123
251
81
168
166
58
32
138
250
114
236
202
75
113
214
74
251
252
157
176
163
209
105
160
74
107
253
253
129
29
138
74
130
253
54
54
74
235
176
144
45
187
129
83
2
135
26
176
114
33
181
256
53
114
256
30
222
111
184
117
144
26
29
251
228
115
116
39
105
202
8
150
221
243
148
29
225
208
239
251
181
241
202
117
135
117
181
79
204
172
132
97
42
25
256
81
81
42
112
59
130
27
169
117
29
27
44
170
117
172
25
52
73
84
240
105
115
55
9
42
108
256
117
42
117
212
153
239
159
202
157
171
203
54
81
7
155
115
256
60
25
86
83
8
28
215
208
178
110
33
203
23
178
42
12
151
114
230
195
202
121
23
172
170
39
9
25
67
25
94
29
140
42
33
31
74
117
184
125
15
65
42
133
163
42
72
27
109
192
151
117
36
27
25
136
85
187
45
178
202
157
223
90
29
117
23
110
164
202
148
140
115
33
93
233
230
144
89
215
253
27
60
230
153
83
223
53
75
202
85
110
7
168
140
170
97
62
72
23
140
148
91
31
60
116
101
215
42
123
62
226
164
146
240
93
98
168
31
72
55
73
110
67
5
219
203
110
9
186
23
23
72
203
256
128
242
42
100
221
12
126
155
72
8
85
42
62
73
31
82
202
62
58
188
170
163
157
117
135
243
224
99
99
100
23
135
135
155
205
14
233
10
3
77
55
96
171
15
39
86
86
19
144
103
191
135
49
117
7
176
223
141
125
196
52
142
25
168
109
205
164
133
85
72
17
36
202
100
100
183
89
49
217
100
230
49
256
140
187
125
88
152
53
148
214
97
135
163
93
157
39
181
183
167
200
38
135
99
52
10
49
2
23
84
233
171
25
203
157
1
7
227
20
171
64
215
157
1
14
174
252
2
33
132
157
157
2
217
133
163
64
247
77
168
215
64
39
152
10
157
1
132
67
194
215
190
118
13
58
50
86
247
72
134
62
250
157
217
110
79
110
174
212
128
42
124
202
195
17
218
247
39
254
147
148
256
125
209
134
148
148
99
219
11
135
58
239
135
130
95
191
236
171
135
88
133
207
52
63
233
251
256
24
189
89
234
185
210
112
176
185
169
109
157
207
256
24
99
203
64
247
224
79
232
169
153
169
193
210
192
174
124
58
53
9
207
224
173
169
133
99
9
37
35
142
116
154
201
11
17
193
64
23
249
163
163
100
174
30
215
169
226
137
29
30
79
169
23
229
212
169
232
115
215
82
184
152
207
210
79
79
72
222
100
9
204
100
88
19
93
163
1
23
72
79
224
133
149
72
107
101
9
23
56
241
133
131
172
103
23
224
169
47
116
125
142
144
78
196
191
12
178
80
120
218
24
23
188
178
58
249
74
76
80
65
138
142
205
224
53
39
164
93
61
111
249
76
193
35
130
176
233
111
241
79
24
58
201
74
125
193
79
21
37
120
189
82
101
142
170
238
238
169
201
96
58
82
23
225
65
164
133
148
197
169
48
12
10
170
173
133
120
111
48
213
196
4
79
163
58
133
12
23
111
161
142
48
212
56
39
189
188
23
105
234
53
162
200
111
50
51
219
106
227
243
159
227
4
64
212
218
69
179
241
161
187
14
11
241
111
14
23
238
226
242
67
149
112
56
148
86
205
111
39
163
102
14
229
117
72
213
23
220
33
32
12
228
16
23
12
162
26
189
192
4
163
193
44
242
34
218
153
23
9
86
120
219
198
39
64
241
189
149
214
196
23
79
34
72
26
111
242
197
76
111
111
142
12
72
124
238
72
219
10
111
196
133
45
12
110
10
64
192
8
155
196
155
12
124
133
26
86
34
189
192
167
192
235
196
192
69
