183
111
183
76
156
183
184
63
79
187
222
134
189
111
148
220
238
192
184
114
228
111
7
95
192
134
63
95
95
106
117
63
136
114
184
136
114
219
2
75
69
106
75
107
201
90
30
56
15
238
156
15
12
168
79
75
182
86
96
76
77
96
249
145
117
104
184
101
193
30
134
77
38
135
117
184
173
96
56
11
96
193
182
136
96
237
130
192
204
253
132
130
96
131
178
41
230
201
192
86
151
238
145
32
29
182
1
230
30
196
112
197
140
147
47
212
216
111
240
132
2
82
218
86
56
30
30
230
111
105
192
65
57
94
141
47
201
196
248
47
145
219
95
109
2
2
231
228
132
111
240
145
96
158
21
112
243
4
1
41
229
98
124
14
178
157
84
230
92
145
16
248
14
149
12
56
193
131
14
65
115
86
147
137
157
231
30
220
220
132
96
230
131
2
2
235
92
86
37
64
96
124
252
192
230
36
79
70
131
105
180
230
14
92
79
230
210
11
36
56
132
217
217
105
47
192
155
98
132
132
102
178
223
253
30
136
58
86
96
131
230
124
230
230
178
137
190
113
193
192
231
86
17
109
41
65
50
156
17
101
184
116
200
36
109
14
137
157
228
228
217
131
182
86
230
105
143
14
250
65
215
173
200
245
193
96
96
123
245
200
73
21
192
9
178
36
238
200
244
193
200
157
9
189
117
11
118
228
157
161
219
132
12
141
224
137
170
149
249
79
132
157
230
236
124
56
114
134
45
142
46
157
56
