189
137
44
44
97
36
190
36
150
44
150
190
22
242
81
44
112
162
150
71
250
67
36
3
22
95
235
124
164
75
3
153
50
128
112
29
81
62
143
162
27
71
183
27
223
36
50
243
175
3
133
72
6
111
50
111
162
22
62
36
220
91
94
133
3
211
16
28
14
115
86
3
31
28
223
184
154
195
208
97
208
211
162
84
3
164
6
3
84
97
253
32
182
223
109
45
219
254
28
107
164
171
175
91
49
208
208
109
176
253
38
181
51
235
147
84
39
140
206
102
13
159
76
245
182
111
249
38
33
154
132
164
222
32
105
154
118
33
176
68
12
182
248
51
181
222
181
30
122
176
176
181
200
246
90
252
154
253
141
127
33
62
119
91
175
62
126
254
51
107
86
250
199
177
25
175
25
36
102
250
54
51
72
107
132
154
122
226
91
162
12
253
106
167
250
206
189
195
113
226
103
38
67
141
89
73
127
200
234
53
30
75
173
12
248
195
12
205
69
173
57
19
12
164
150
19
141
205
202
164
211
222
74
188
211
253
103
122
107
231
67
132
38
171
200
28
183
78
176
12
164
193
195
12
190
105
180
19
177
235
245
44
205
92
111
54
42
151
145
28
14
28
28
28
54
92
132
141
187
92
34
176
92
38
193
192
202
92
211
152
92
90
2
105
190
230
57
195
11
111
254
141
100
23
164
224
113
192
224
46
107
192
250
151
228
217
132
89
152
3
211
157
113
250
152
74
8
21
181
254
57
71
146
92
28
142
8
156
171
46
132
150
15
142
5
132
206
245
231
231
211
5
28
178
250
113
210
103
178
187
150
119
190
87
154
15
175
154
8
157
115
132
231
231
141
68
151
68
118
109
15
70
224
144
142
192
226
142
137
78
109
70
119
6
220
201
206
182
92
13
201
82
141
47
217
70
158
160
31
40
191
170
188
151
193
173
61
192
13
224
142
101
86
141
131
230
95
188
154
141
125
6
129
154
40
141
168
142
131
47
217
137
53
118
144
36
217
238
217
160
185
152
209
182
241
217
89
181
200
185
136
4
207
226
231
142
152
124
54
217
35
147
142
201
137
168
253
95
141
76
241
217
89
154
34
179
207
97
175
250
175
65
154
240
108
154
102
185
209
91
175
217
170
68
49
28
156
88
183
170
188
141
91
156
227
217
65
241
200
175
253
118
141
240
141
123
36
6
13
88
252
144
233
142
141
196
132
201
71
250
238
152
107
2
221
244
221
190
83
195
245
219
30
245
38
165
28
231
196
154
19
88
195
73
240
19
224
35
13
182
195
221
196
245
13
196
40
16
228
203
189
229
3
230
240
137
76
184
5
76
187
34
13
201
30
141
61
62
201
101
65
58
28
145
83
35
238
175
230
175
26
10
93
137
241
44
250
32
171
152
13
201
244
145
22
147
146
249
165
182
31
250
249
228
222
46
34
198
203
55
93
88
76
241
152
145
241
60
141
54
81
130
200
103
236
36
91
47
256
186
80
35
224
13
206
201
11
203
120
28
196
35
176
170
14
88
16
13
169
170
196
201
195
220
9
35
36
227
121
152
22
41
146
228
134
234
178
205
237
137
69
228
254
130
41
8
169
135
234
238
8
46
79
201
180
52
13
200
108
113
229
246
201
152
75
31
87
195
132
201
111
203
187
