84
132
127
127
162
162
66
127
66
66
132
66
84
132
143
256
132
127
143
182
127
128
128
80
205
128
164
205
94
182
143
128
179
74
146
127
146
183
29
164
183
171
42
179
183
183
3
105
146
80
183
28
183
172
172
111
90
123
179
111
123
3
49
17
14
17
101
101
245
52
192
189
30
49
154
126
245
3
135
111
245
30
101
183
49
189
114
3
144
206
16
168
49
17
168
245
49
168
111
101
126
172
40
168
28
231
63
101
206
40
231
122
220
189
154
167
206
231
245
217
205
63
241
144
106
108
195
195
168
217
206
220
206
168
101
63
205
171
233
220
189
101
206
111
220
206
171
97
3
111
106
106
182
220
189
28
22
208
217
168
166
124
106
208
63
38
116
220
80
189
189
68
220
116
65
80
101
106
217
92
65
22
116
58
101
114
171
220
111
120
217
76
212
226
105
111
206
168
101
156
116
106
106
195
245
168
217
245
245
28
42
111
220
65
180
217
180
116
124
42
24
70
248
106
116
111
217
245
92
217
168
56
80
245
106
111
137
245
2
168
150
245
168
111
106
167
106
217
28
111
245
245
46
171
46
227
167
180
180
130
116
227
171
106
10
43
106
63
205
109
211
7
130
227
168
180
168
220
176
227
217
42
180
227
111
187
187
117
167
189
116
109
168
111
168
24
180
59
185
43
111
217
228
245
180
126
180
176
242
135
116
116
224
14
39
217
217
224
12
144
1
235
42
46
197
224
111
228
245
36
