205
193
170
7
71
7
203
164
145
212
193
175
235
95
235
129
212
128
193
184
71
145
97
253
95
97
128
193
15
208
235
182
182
194
212
15
97
181
181
222
71
175
154
165
105
243
108
248
244
34
16
96
182
182
184
5
15
3
164
14
184
174
201
139
243
154
90
169
220
95
183
97
212
247
3
174
90
76
149
108
111
3
46
126
34
90
61
154
6
69
236
199
64
79
8
54
46
28
181
90
231
229
64
6
6
3
219
15
111
236
174
138
235
95
220
46
126
142
231
10
182
6
101
108
28
54
106
64
130
164
212
96
34
164
90
235
90
116
183
16
181
226
154
75
126
15
174
183
235
223
245
64
126
3
54
122
126
245
193
108
108
111
175
70
54
81
38
130
63
129
16
122
96
199
248
158
231
6
179
33
5
206
245
49
220
28
235
3
95
126
7
181
212
69
69
182
12
129
106
154
183
3
164
109
111
90
229
56
235
49
205
141
54
96
96
126
126
154
15
167
183
235
8
96
13
129
7
212
129
209
154
177
226
126
235
108
81
164
180
118
231
63
90
163
181
220
183
6
220
95
123
108
122
79
3
177
166
74
75
154
6
235
226
96
46
222
154
6
187
138
89
184
229
97
154
238
222
122
102
102
129
34
95
15
96
184
14
158
21
129
211
126
96
13
96
102
122
178
30
97
226
222
6
158
74
250
86
135
205
194
180
217
181
160
109
95
177
17
122
154
154
187
90
181
15
241
46
88
168
235
154
201
222
14
226
17
158
110
104
207
15
95
246
108
122
14
122
240
15
54
96
141
113
183
96
241
202
154
154
97
178
122
27
160
193
212
220
111
241
182
184
71
171
154
242
103
34
109
38
64
154
46
79
182
88
97
154
217
8
75
15
227
67
131
129
182
40
187
183
168
182
182
92
187
180
111
108
123
182
46
253
135
246
122
6
227
207
181
68
27
205
71
196
196
201
168
141
144
154
111
241
122
15
211
182
49
222
235
14
106
154
203
96
214
109
187
137
132
13
37
171
138
122
181
181
208
90
168
246
30
206
64
109
168
182
170
203
187
59
59
248
206
132
211
203
64
129
92
64
46
59
34
235
130
207
78
7
93
180
132
68
241
205
59
88
97
182
198
71
190
158
102
92
240
158
168
11
156
195
106
239
235
208
184
182
109
168
203
114
223
241
137
95
183
217
68
221
167
181
180
38
33
89
14
187
168
5
189
193
41
249
63
125
2
15
171
109
246
32
41
63
53
118
234
75
87
209
36
28
184
79
191
40
182
154
101
214
4
211
17
87
182
63
130
102
168
2
63
178
59
89
183
54
203
90
138
1
97
205
96
187
122
60
156
180
241
183
175
90
241
205
141
168
175
17
144
97
65
108
173
205
47
241
92
176
156
13
28
185
141
90
194
75
193
151
89
92
49
135
97
168
67
102
216
75
188
107
241
109
198
63
144
216
85
138
142
27
79
193
187
88
14
134
209
227
5
216
227
248
97
254
186
1
11
130
209
40
92
227
156
109
146
207
142
182
235
41
46
180
118
122
245
135
248
122
118
132
135
90
68
187
79
227
140
227
158
241
35
121
187
132
11
146
140
205
144
8
224
109
109
248
92
209
38
168
130
64
58
205
37
24
222
244
82
193
21
158
158
28
247
122
108
250
46
6
144
122
93
164
168
205
207
7
88
88
168
78
253
101
109
49
13
182
32
116
77
141
253
204
217
176
229
227
206
195
238
88
237
206
168
164
185
114
78
6
40
243
255
132
195
132
46
19
146
61
144
75
6
171
25
244
75
205
166
46
6
140
32
52
59
24
60
168
46
87
164
230
136
19
65
113
171
140
227
232
144
92
59
195
198
241
98
78
124
169
103
24
6
255
156
181
184
221
30
78
47
75
169
243
141
124
114
187
132
124
71
142
67
101
132
151
241
164
227
195
202
129
129
205
221
60
181
198
212
37
6
11
168
168
124
27
202
128
223
185
54
114
2
195
4
195
136
163
231
171
2
59
169
141
144
243
144
67
30
39
109
41
133
75
144
207
108
164
60
58
128
107
184
193
87
179
71
227
160
19
255
44
179
29
256
37
156
97
133
11
167
164
186
136
17
202
41
27
236
29
114
185
247
2
164
208
156
180
174
142
37
200
130
212
89
46
208
221
132
244
17
245
60
1
206
169
142
136
27
198
200
205
89
100
31
11
114
88
224
122
107
65
142
205
128
207
140
33
180
110
142
60
27
227
132
3
185
254
227
89
52
88
55
67
1
200
101
116
28
154
166
218
138
223
231
207
6
142
93
135
200
227
35
60
100
248
132
121
108
109
100
173
116
245
144
49
137
248
101
240
55
70
188
115
3
35
200
103
55
31
60
187
58
103
29
156
38
188
207
192
60
13
200
254
60
218
187
79
240
102
187
218
1
132
69
227
14
