80
186
80
186
90
40
177
244
40
114
114
130
114
177
95
130
253
177
146
222
225
253
55
140
253
11
253
162
7
150
51
98
17
105
90
177
11
150
84
89
177
150
136
106
231
218
211
253
181
177
140
105
90
150
116
98
5
231
138
177
123
123
90
165
208
90
222
136
43
90
174
71
14
176
150
113
90
208
74
187
181
53
90
74
102
98
165
229
165
131
89
6
231
90
150
174
130
229
116
36
90
116
90
34
50
181
89
138
98
8
208
97
50
225
5
113
18
175
90
165
160
128
43
204
160
175
89
126
174
128
6
136
204
219
29
71
150
138
25
109
6
204
71
36
89
138
106
17
102
195
208
70
126
126
176
181
47
220
228
78
212
26
14
51
83
18
62
195
204
254
160
174
172
100
94
176
150
6
29
131
151
247
177
90
147
98
250
212
40
176
119
109
220
126
83
171
113
222
160
138
90
97
174
71
111
199
243
97
243
47
40
195
95
231
94
126
250
194
21
26
67
94
220
17
16
13
17
200
187
102
166
93
183
71
185
204
3
165
146
244
160
75
116
136
71
236
151
76
244
212
186
126
222
79
172
174
3
96
59
65
206
236
187
90
250
152
130
19
95
172
174
190
204
93
127
165
208
90
206
165
50
126
71
97
152
180
127
248
119
194
11
230
129
108
90
244
3
148
108
172
230
174
109
231
225
54
136
40
165
71
113
111
234
126
51
91
122
97
40
225
98
54
225
181
183
228
236
209
3
116
77
126
250
119
222
209
137
208
81
196
11
249
95
95
140
40
188
225
88
47
190
88
34
47
81
35
71
24
253
76
111
26
90
160
98
177
249
171
212
64
160
46
222
209
254
127
126
13
28
47
174
129
221
67
216
196
18
75
75
4
150
254
89
150
105
77
222
8
175
65
28
250
125
51
76
230
104
121
183
77
152
154
185
212
67
162
256
200
28
47
40
126
89
8
61
38
5
71
209
248
14
112
123
114
90
244
108
71
200
118
131
254
106
235
135
235
105
142
192
211
127
88
185
138
180
160
127
228
9
245
88
54
71
98
126
162
71
157
202
107
164
182
250
36
127
172
89
160
212
40
140
172
214
126
194
181
243
202
17
90
97
256
13
253
59
20
91
125
181
209
185
211
17
126
98
200
107
74
152
254
111
26
114
239
24
123
66
160
147
237
248
150
194
182
114
175
138
131
228
65
18
200
150
185
40
51
227
222
147
202
165
209
98
118
81
142
196
98
237
98
83
182
168
248
127
211
222
222
214
225
160
129
237
61
194
96
254
244
156
182
143
147
17
14
6
54
239
37
142
130
138
128
28
129
113
17
242
177
143
127
95
235
121
2
24
254
118
254
248
104
18
183
38
229
8
99
204
143
143
217
218
135
18
84
41
234
219
27
2
231
119
126
183
74
204
76
8
171
211
175
28
165
104
40
40
212
209
9
160
98
175
109
88
217
52
183
208
13
142
208
201
185
168
61
61
98
217
111
77
254
49
126
9
19
93
145
12
14
254
182
21
24
6
81
183
27
21
46
104
226
196
110
190
215
178
106
132
28
245
248
184
126
107
239
212
46
123
19
47
89
127
105
177
226
76
95
31
14
211
126
244
168
245
26
108
182
18
8
8
104
151
5
90
211
83
10
156
79
183
139
11
254
182
141
138
238
79
172
254
61
24
141
244
61
120
107
126
57
61
87
177
90
66
251
33
47
229
178
83
34
174
222
171
199
98
33
33
129
62
113
77
229
244
198
224
21
190
17
8
8
57
125
61
248
41
65
104
97
71
139
81
17
123
149
151
188
124
181
79
90
136
90
141
54
225
17
172
61
152
126
205
126
21
153
6
126
239
83
59
8
106
119
83
73
96
216
3
200
234
11
106
224
245
90
96
188
225
119
6
41
220
40
223
98
143
91
30
251
183
171
220
33
182
114
256
33
90
94
123
200
191
51
196
126
123
15
185
106
254
182
18
174
147
18
20
109
220
76
126
10
10
3
212
21
111
150
83
174
131
20
34
9
128
40
251
107
174
245
160
147
232
36
47
104
206
183
27
123
17
6
93
147
244
98
251
113
98
239
4
200
144
217
156
36
147
18
181
124
13
147
14
190
251
44
70
198
251
6
24
220
99
245
188
237
147
61
242
178
182
154
217
254
121
96
5
130
49
175
244
94
158
18
22
244
109
91
120
105
221
222
33
141
102
186
107
61
199
18
248
147
216
115
78
195
65
155
251
68
18
114
70
174
207
191
57
125
77
177
44
188
222
99
91
185
251
154
126
211
83
178
175
199
79
212
243
18
119
94
131
61
126
57
140
115
246
104
182
245
238
244
120
171
113
94
220
154
83
114
129
102
178
111
239
78
231
199
144
61
224
200
18
173
119
166
68
65
217
244
188
93
254
254
54
184
94
184
154
125
188
200
146
166
9
3
184
122
115
221
229
121
11
36
204
146
244
184
6
156
183
235
240
18
21
104
206
111
199
251
207
254
188
69
130
94
120
184
245
54
197
126
188
90
43
251
146
227
217
20
191
90
16
162
214
194
61
164
236
102
49
5
170
218
197
107
251
248
21
101
98
79
20
69
7
156
118
217
20
107
37
65
120
65
224
212
251
199
49
251
212
17
221
82
57
18
199
162
244
204
201
221
244
111
120
155
153
205
89
98
178
244
223
175
49
235
190
108
121
78
79
78
89
164
21
24
91
18
24
194
90
94
108
160
78
126
188
197
123
110
24
152
40
217
217
87
43
111
212
82
83
70
105
212
235
18
197
230
19
200
69
75
172
228
16
224
43
248
40
43
101
182
21
94
8
212
173
120
217
1
49
60
251
161
92
94
241
68
113
147
79
251
86
36
156
12
142
12
32
86
119
125
208
75
119
78
175
251
206
224
80
221
65
92
76
86
244
156
105
92
177
181
125
147
21
208
177
245
222
180
49
206
133
243
36
133
198
111
206
122
226
24
200
133
83
229
56
144
208
49
12
133
234
213
230
122
147
175
147
180
123
156
122
251
78
125
83
200
83
125
90
34
154
200
26
20
36
78
62
137
79
47
165
228
244
222
24
113
119
114
226
173
226
105
79
132
152
198
154
111
60
223
56
107
249
4
211
118
226
126
213
190
75
214
197
107
49
131
96
109
51
180
110
251
156
248
117
24
112
132
109
18
49
36
234
36
76
211
158
70
152
49
68
222
126
54
113
92
152
20
235
61
226
36
6
51
147
130
30
114
200
20
220
4
156
122
41
122
129
122
244
172
122
5
175
131
58
156
234
106
122
156
205
109
148
142
113
248
198
156
156
175
163
114
159
218
113
133
218
113
217
227
228
4
175
132
191
106
111
199
191
152
17
155
233
120
137
255
77
86
212
224
30
185
236
86
191
247
246
188
242
30
113
188
228
185
254
201
113
119
163
217
