89
83
91
61
219
89
140
105
184
184
105
245
51
140
62
219
235
245
47
103
18
123
200
18
235
13
250
200
184
229
175
175
105
103
63
59
123
47
98
211
245
135
183
175
13
229
246
245
130
135
55
195
63
206
126
6
2
65
98
123
65
164
175
250
229
166
59
5
241
164
185
67
229
166
37
41
188
231
119
64
127
231
119
173
4
113
96
152
88
136
127
13
234
190
152
237
46
193
97
68
132
125
127
132
217
87
166
229
206
55
184
125
87
166
125
35
65
113
41
41
166
68
183
206
126
4
122
171
245
123
237
113
128
200
190
93
152
87
127
75
96
141
8
59
63
244
171
121
113
119
184
87
13
68
67
241
250
59
132
183
141
229
97
154
166
194
254
184
8
24
122
122
20
29
129
236
65
7
250
8
93
121
28
195
188
8
250
92
67
206
156
20
92
119
24
217
195
107
205
75
236
121
1
46
200
90
21
185
27
92
129
92
8
28
112
65
200
118
195
92
90
59
206
206
254
249
138
144
59
108
211
5
7
224
156
125
250
246
89
43
78
128
185
97
217
37
24
191
64
98
141
54
118
98
191
254
154
156
188
225
101
140
156
152
190
191
154
61
141
121
20
93
200
151
244
43
250
188
225
114
160
24
16
95
78
112
93
34
191
109
244
245
6
61
160
41
175
217
43
151
208
168
224
208
185
254
254
75
173
87
16
92
173
248
24
54
4
184
177
41
95
98
194
107
92
168
254
200
156
41
200
206
107
229
96
164
254
107
152
98
229
168
113
3
244
142
183
89
90
200
185
75
166
151
107
152
141
54
18
182
200
231
97
43
200
40
177
173
54
254
171
97
41
1
118
200
3
254
34
113
89
118
166
168
250
127
112
96
182
125
168
244
243
95
43
254
20
63
235
108
20
109
168
107
109
141
54
202
244
234
206
254
109
119
128
168
188
195
224
96
229
247
254
118
243
120
96
200
248
234
32
54
141
63
156
234
188
149
244
191
65
222
188
185
188
185
166
41
171
182
243
125
175
199
90
151
224
21
191
9
254
254
231
110
9
59
171
41
8
136
245
4
34
2
123
118
21
194
250
98
92
5
66
21
235
195
136
194
254
217
187
20
171
254
241
141
96
200
223
97
224
234
52
39
188
249
200
16
173
4
122
90
21
154
37
67
136
171
98
38
126
87
224
28
107
223
125
243
130
108
200
9
2
231
68
241
14
105
212
135
246
92
227
126
245
38
182
199
173
28
141
25
168
164
42
9
250
254
151
120
254
63
98
125
254
223
65
47
173
132
122
24
38
248
36
211
125
182
160
217
162
184
63
185
234
128
37
181
42
187
185
151
248
122
135
187
136
112
108
250
107
54
68
52
54
190
224
68
217
27
224
129
242
149
205
229
254
168
231
206
134
187
156
227
138
125
212
241
236
244
199
254
224
184
141
156
68
91
182
118
126
188
245
171
88
68
173
119
241
246
234
132
125
13
254
188
125
33
138
225
247
132
174
54
114
68
126
191
51
246
185
254
254
255
228
245
225
128
40
200
156
224
172
22
114
135
168
141
59
90
68
28
224
97
28
52
107
36
33
76
8
173
182
54
21
224
225
151
55
205
254
173
185
16
122
192
174
40
128
44
121
133
173
200
20
19
173
151
83
192
248
158
97
90
98
96
183
150
122
231
107
36
28
18
254
46
187
256
144
16
84
188
63
46
54
147
54
225
142
68
132
168
87
5
142
228
28
173
205
90
144
127
110
68
200
33
185
171
63
254
132
109
169
55
4
55
253
90
225
181
108
25
225
114
191
187
200
200
128
224
112
227
68
212
254
18
181
51
119
206
182
162
225
227
195
59
106
235
185
211
158
224
234
235
127
206
227
209
171
84
217
24
49
185
225
252
107
15
205
125
200
27
224
3
228
83
227
49
130
194
54
22
79
225
173
182
144
200
67
225
54
254
235
200
174
68
212
165
16
184
254
55
130
183
108
245
24
75
231
107
43
235
52
4
164
181
199
151
168
224
97
37
254
224
182
113
136
171
4
49
4
132
95
13
79
54
78
46
25
250
171
185
225
188
226
154
20
134
9
68
90
47
133
151
200
168
75
182
244
131
5
28
118
123
5
24
185
200
77
225
132
200
217
44
184
247
173
174
194
212
200
194
128
234
132
156
52
141
60
188
200
194
208
224
104
174
129
87
114
128
165
198
125
24
182
211
254
99
246
144
198
9
99
132
224
206
55
38
9
211
158
217
128
119
168
191
130
254
235
77
64
168
229
120
168
227
191
188
123
142
3
118
197
20
44
234
171
182
167
31
185
130
238
1
234
152
17
200
200
173
243
94
207
84
200
59
119
27
225
24
98
254
16
234
50
171
150
135
235
244
107
200
90
216
9
188
132
153
192
104
30
174
150
212
135
200
184
141
132
132
49
188
99
26
192
225
78
175
128
68
104
203
21
218
94
172
90
224
132
15
171
170
224
144
209
128
195
234
3
60
37
43
168
83
99
227
64
14
152
224
35
137
71
22
200
14
224
168
92
99
37
114
235
50
173
147
65
168
43
92
92
31
30
139
83
184
50
235
249
206
15
132
49
158
241
218
122
226
88
171
24
187
242
106
200
94
157
17
100
37
231
237
150
138
242
117
68
71
222
225
135
144
60
254
136
190
154
187
68
130
43
207
43
5
68
248
120
137
114
92
158
231
100
188
20
153
157
61
136
32
158
128
229
200
131
98
205
170
207
199
255
254
68
224
150
77
37
216
168
108
172
244
249
174
183
3
132
239
116
147
55
172
122
226
83
37
50
200
151
61
176
172
191
182
9
188
192
32
211
125
2
249
152
37
217
199
199
175
121
97
92
122
139
99
132
121
237
1
125
173
232
40
207
184
188
141
37
28
144
182
246
216
120
246
249
212
130
207
171
18
4
171
120
92
30
63
132
249
43
13
227
121
200
225
114
246
227
221
43
28
138
206
13
13
153
129
200
232
49
130
96
246
202
92
158
252
99
13
112
192
83
224
43
132
28
200
200
184
60
196
181
170
173
152
171
154
99
235
235
241
158
68
70
237
188
224
227
147
70
191
184
123
42
112
224
200
233
22
32
224
110
1
172
127
227
29
188
232
14
196
234
96
118
185
78
83
254
29
253
15
150
66
19
89
136
240
156
147
28
205
32
178
173
180
109
50
3
254
135
227
125
132
207
79
144
235
136
83
200
136
199
152
228
188
104
207
196
43
141
31
234
246
192
42
193
227
188
173
200
242
212
204
137
150
47
207
55
130
4
230
15
61
227
249
250
215
207
132
114
184
224
156
187
240
40
184
189
111
228
185
199
75
40
47
32
154
217
93
187
150
61
227
14
197
205
234
66
96
241
172
182
191
200
73
202
76
14
102
37
53
57
60
24
198
72
178
95
213
54
217
60
18
119
208
132
250
207
4
121
187
187
249
188
154
74
240
119
75
227
245
5
136
130
149
75
79
100
75
44
189
130
220
173
240
91
227
103
207
60
136
137
8
94
43
34
103
184
37
52
43
234
99
139
226
128
133
16
211
202
120
136
217
207
118
161
122
132
245
232
1
212
190
2
184
227
212
241
199
250
37
39
58
161
184
224
43
168
210
114
53
212
71
132
234
206
66
124
79
237
50
243
246
43
221
245
242
69
113
78
158
43
215
84
179
205
227
58
222
118
138
210
138
58
180
149
127
188
37
158
228
219
32
227
180
94
28
32
220
158
109
94
28
227
99
52
69
9
49
198
111
37
254
193
173
163
189
89
196
181
217
199
243
132
13
158
3
181
72
136
90
93
133
244
192
149
185
42
70
221
199
113
66
63
29
222
198
241
105
188
141
187
14
168
61
241
147
142
128
99
124
245
64
23
153
252
163
188
79
136
196
95
21
118
91
1
184
109
176
120
180
22
41
164
226
58
171
200
202
236
99
43
97
83
187
132
132
57
117
29
13
199
220
133
198
164
247
81
84
121
246
9
137
208
53
201
135
200
144
10
219
159
42
185
109
164
208
153
34
78
137
231
245
218
27
245
210
168
120
238
164
106
158
88
215
11
104
46
159
222
53
190
254
77
6
36
141
168
69
207
73
180
60
192
253
136
139
170
211
91
187
32
176
228
228
151
169
214
256
164
137
205
90
177
247
156
171
105
254
1
139
199
219
139
90
245
164
185
191
170
246
27
124
142
156
207
133
120
137
112
169
55
245
115
95
69
49
108
66
187
46
117
241
61
139
159
49
58
204
256
60
171
124
190
214
245
144
43
124
202
78
97
168
214
238
90
55
188
55
142
142
131
139
63
16
127
114
207
93
137
120
137
199
52
226
83
207
252
73
104
200
16
195
42
124
49
240
230
24
24
185
100
214
192
238
124
110
245
170
241
187
99
116
52
139
157
240
197
207
232
210
33
241
97
43
125
142
201
56
