162
84
162
230
62
112
72
115
194
204
166
115
31
87
162
112
209
151
166
230
162
249
230
230
121
138
164
29
59
249
75
143
209
204
29
150
256
213
160
208
150
249
208
115
80
202
52
157
208
102
204
62
150
59
221
36
253
221
130
213
243
214
21
222
67
22
136
116
231
194
112
225
230
98
22
222
121
112
230
71
230
204
121
237
222
61
98
36
230
153
213
213
165
87
62
251
65
136
213
72
150
75
200
21
22
222
138
21
10
22
144
143
139
115
154
242
157
213
40
221
194
21
205
209
146
121
21
103
146
27
87
230
75
138
253
222
80
40
253
239
154
178
194
75
75
165
222
129
59
205
102
205
205
239
153
205
123
51
157
75
11
150
253
208
222
136
226
135
118
102
222
165
123
121
123
123
102
222
186
58
205
222
182
239
75
229
103
97
123
150
177
108
62
71
58
222
100
113
200
37
37
241
58
172
221
75
151
118
90
58
88
241
58
100
205
222
184
171
58
37
80
151
184
67
164
136
102
36
33
73
37
184
136
105
165
89
171
109
82
98
184
105
118
165
171
131
5
245
132
136
122
108
37
122
9
184
235
43
75
92
122
165
33
237
136
26
56
211
164
114
92
235
192
28
171
136
137
209
109
37
71
222
105
228
227
206
168
249
97
53
70
249
41
206
105
122
211
206
186
206
17
97
109
92
94
51
168
171
9
92
136
194
92
37
40
114
206
206
131
43
28
211
114
208
203
174
206
114
173
40
136
216
40
109
182
37
206
240
51
211
206
151
65
206
98
206
168
34
82
216
171
220
245
184
206
37
97
222
255
204
187
195
208
34
94
208
105
171
116
132
216
171
132
127
92
208
14
136
185
180
220
238
94
132
239
121
206
116
116
30
171
109
184
121
37
222
255
193
206
180
208
28
227
190
92
51
252
185
230
246
171
109
14
171
127
114
209
235
92
116
206
150
130
127
77
208
30
196
109
47
238
241
239
14
53
206
140
109
14
109
14
206
34
131
250
209
208
68
208
109
171
97
109
76
171
34
116
188
64
62
37
39
154
147
171
51
116
47
209
197
206
256
241
217
188
147
47
206
131
181
62
255
147
181
145
181
185
185
181
131
71
68
2
127
4
255
181
145
47
245
206
199
70
166
158
45
78
114
14
68
252
53
176
42
129
51
64
47
21
155
255
2
24
21
241
208
68
55
176
104
47
181
217
142
231
9
92
142
65
146
28
199
245
165
10
181
252
101
142
127
25
193
14
21
92
2
97
147
5
47
243
183
147
49
223
78
118
218
17
4
95
37
245
109
33
58
113
130
47
142
171
27
216
207
231
206
208
241
14
188
97
4
116
206
253
37
193
244
135
188
116
121
206
187
118
129
216
118
89
144
130
2
218
10
94
81
28
90
181
241
28
28
256
97
5
4
209
205
142
245
78
4
112
47
190
218
9
37
171
28
28
121
71
223
224
45
171
243
2
206
70
194
90
158
209
69
70
5
2
166
37
184
95
203
37
209
59
217
16
249
17
185
37
223
112
136
37
44
181
38
138
36
168
168
16
89
233
36
119
21
136
218
90
144
224
5
90
41
138
36
113
43
183
198
187
245
28
90
198
112
144
65
135
43
119
198
77
37
135
78
193
110
224
130
185
53
65
156
33
144
184
255
89
129
75
130
168
220
183
170
158
195
246
180
135
70
253
217
54
125
218
135
200
129
109
132
113
220
185
30
252
252
205
95
203
224
21
9
206
122
168
200
112
251
194
207
168
59
9
21
203
78
68
78
2
185
217
92
163
58
113
113
168
120
168
135
174
43
21
43
14
161
223
166
166
130
97
244
80
207
6
36
156
1
113
88
49
43
59
171
93
132
188
60
92
207
60
135
141
135
40
98
135
168
96
94
88
20
141
113
141
247
9
154
49
187
3
21
128
208
58
92
156
193
37
243
124
110
101
135
37
116
240
224
105
113
115
188
117
193
97
43
144
37
187
122
188
185
241
97
207
247
166
254
97
207
169
187
229
130
110
119
207
80
80
118
46
194
146
229
104
254
237
33
87
93
240
31
158
233
17
58
60
188
226
97
130
135
142
191
98
207
43
97
43
120
120
151
139
59
193
55
156
191
77
124
231
174
188
210
246
94
109
205
145
24
193
26
135
43
146
33
39
158
64
137
89
226
256
43
