253
146
162
71
144
160
135
50
27
36
59
135
87
102
231
160
80
87
186
8
237
8
132
150
253
243
146
146
231
130
204
170
151
59
239
121
186
195
27
182
186
7
55
130
143
77
60
89
36
237
107
95
251
2
52
14
170
61
253
250
87
236
36
67
87
170
160
240
194
180
52
76
166
204
194
98
50
89
109
27
89
103
146
252
8
213
251
186
112
222
229
166
170
160
7
127
252
176
73
250
49
96
195
36
100
31
187
102
186
71
98
62
184
204
49
253
223
256
250
83
195
194
84
166
166
195
62
29
130
52
50
103
35
231
12
138
194
52
49
107
97
223
21
33
180
14
203
135
29
187
194
150
107
166
240
84
251
251
118
191
113
42
35
121
35
75
102
35
103
239
138
250
149
59
186
19
83
121
62
253
98
35
244
35
89
89
222
41
127
21
96
89
2
239
73
182
191
4
42
240
195
199
31
151
13
113
146
193
194
195
35
9
182
160
238
79
42
176
180
244
147
89
250
160
86
16
146
98
151
27
182
203
229
185
205
244
107
208
151
9
123
231
62
128
223
169
239
176
235
42
21
78
83
14
208
166
59
187
203
203
151
27
35
42
170
238
249
143
195
38
140
30
194
170
102
191
250
87
92
203
24
108
36
177
113
83
21
31
118
98
65
89
157
113
249
194
121
177
172
25
60
65
166
244
59
244
170
130
239
40
144
89
42
27
22
36
103
175
143
39
146
64
80
244
239
103
170
192
103
203
22
158
40
144
217
118
238
118
209
196
118
96
169
43
67
185
119
253
195
174
108
251
158
223
84
41
195
31
184
205
138
195
89
59
225
15
1
65
145
195
177
252
252
88
65
256
4
209
135
244
190
102
210
204
201
252
34
208
108
182
138
36
35
36
170
42
95
208
140
76
196
191
249
88
253
64
88
98
11
253
102
239
240
118
91
121
256
205
118
35
15
166
102
221
175
225
191
36
169
51
27
224
144
175
121
195
50
42
222
113
121
13
224
118
256
256
223
166
160
249
186
151
224
131
224
153
88
103
87
184
250
242
146
22
71
153
14
140
239
32
113
160
105
31
121
220
96
170
61
32
194
2
205
136
30
35
13
224
182
75
252
165
192
211
14
165
51
102
88
140
201
220
138
113
118
73
110
7
253
35
101
102
138
252
226
236
27
79
141
64
31
145
164
140
33
83
159
174
80
80
113
194
87
230
146
89
8
175
229
224
191
185
2
199
51
179
87
238
13
106
61
172
104
203
118
247
203
77
210
118
170
199
42
64
141
205
181
153
31
32
51
61
35
123
190
61
187
35
153
182
36
107
177
29
62
35
35
182
61
169
83
118
5
66
76
190
35
249
246
165
139
214
159
121
170
78
182
42
183
64
235
87
242
166
243
30
7
92
140
108
242
205
201
186
95
25
205
10
194
115
161
239
174
230
203
141
29
31
75
253
2
95
185
246
118
26
87
121
243
174
130
31
233
149
201
80
229
87
64
190
199
29
118
118
239
173
118
158
205
231
25
186
230
139
151
153
40
118
75
8
83
181
25
220
220
29
141
87
136
141
64
115
244
89
180
255
96
203
31
201
174
108
169
164
36
61
222
230
235
226
170
30
169
44
198
256
29
250
118
22
5
29
151
190
65
199
115
11
32
182
18
110
10
203
96
42
118
129
101
54
151
230
118
118
11
88
214
165
237
146
115
19
251
160
191
221
21
183
73
222
108
250
197
121
138
236
113
89
146
74
80
18
88
139
26
255
91
248
147
115
139
164
242
47
186
223
169
65
63
88
141
56
62
32
174
32
242
87
116
36
205
54
166
5
139
29
190
93
247
118
161
120
147
256
39
144
237
170
209
62
168
103
222
118
227
179
87
235
32
183
247
130
211
183
240
180
176
35
243
220
17
34
179
138
255
209
203
38
242
203
55
140
104
152
95
114
75
31
84
179
118
224
252
164
101
228
160
254
65
174
93
150
91
183
181
243
103
40
254
170
180
138
64
5
183
149
195
250
150
242
164
81
203
103
244
174
204
18
227
16
139
49
242
174
61
183
110
94
7
235
29
169
29
236
181
240
222
25
14
256
122
227
227
84
29
236
15
118
25
44
95
140
103
256
118
154
14
25
165
11
66
27
88
231
193
243
233
118
165
52
235
118
17
210
108
141
109
13
137
144
237
240
39
151
21
31
35
91
55
177
95
76
153
243
246
139
61
73
169
235
8
174
224
107
70
227
12
105
220
139
174
203
242
32
39
221
52
116
203
84
46
141
211
140
118
154
102
165
94
237
103
138
219
141
179
153
129
153
138
39
151
138
103
74
138
237
66
106
252
224
21
138
221
101
168
94
138
108
88
239
80
64
221
79
183
203
78
250
78
118
68
150
248
154
141
161
199
104
62
75
197
62
206
169
190
79
78
152
235
247
145
64
157
81
76
74
67
42
169
118
118
62
158
144
170
30
167
138
252
21
235
9
64
55
170
156
8
154
189
205
66
237
107
117
15
121
107
10
210
93
34
135
253
92
134
25
96
204
250
167
248
229
140
170
154
10
224
118
198
186
231
118
170
242
241
178
237
135
230
117
256
156
201
41
252
256
139
240
178
11
194
51
137
182
29
231
115
210
24
174
215
201
62
101
256
91
83
256
212
13
246
222
210
94
248
239
253
237
130
95
108
156
195
8
237
236
108
224
156
78
15
8
199
176
85
255
105
58
186
224
36
110
208
231
182
50
4
145
19
62
91
138
94
158
61
255
87
152
174
192
203
123
225
58
169
118
103
56
103
95
182
235
18
227
246
30
201
252
5
151
91
190
236
122
53
178
136
242
135
174
231
245
145
25
236
16
224
9
122
137
39
71
229
252
31
8
74
151
55
94
203
18
174
108
16
174
231
55
146
117
11
193
248
151
72
28
250
170
235
34
240
198
243
210
255
182
65
88
19
230
78
243
167
138
237
201
35
106
185
194
210
170
182
123
162
198
25
21
66
105
199
43
83
244
32
89
87
74
214
55
116
249
246
94
194
187
109
229
180
16
141
55
10
186
112
73
174
154
182
221
199
78
159
219
91
170
180
150
13
95
154
81
50
252
105
105
201
69
50
21
146
240
204
15
117
106
125
237
1
198
129
236
199
224
88
253
5
115
242
9
83
88
125
67
140
237
132
179
122
252
18
71
175
106
47
31
194
67
21
199
172
87
57
87
88
154
12
143
35
60
192
101
208
146
71
190
242
135
195
241
102
182
61
231
223
154
75
145
169
47
230
119
178
62
252
167
190
109
76
241
122
29
117
39
93
63
207
201
237
247
190
50
53
198
179
35
67
31
146
187
102
25
141
224
222
187
119
65
21
39
105
236
183
31
32
235
252
122
50
25
227
129
167
199
114
122
72
224
183
147
199
29
156
168
43
93
212
172
19
137
122
28
212
180
103
78
129
87
29
114
29
196
32
116
199
174
104
108
247
83
248
236
118
197
64
16
223
112
17
105
103
25
204
242
130
202
65
241
256
37
170
139
154
242
25
13
254
252
31
237
63
153
195
97
216
238
53
223
177
138
129
170
184
243
255
203
203
194
190
231
53
61
103
131
75
44
222
240
158
43
252
91
217
158
181
246
243
165
61
11
247
65
203
182
127
25
19
224
249
32
25
140
243
5
249
210
174
102
105
238
179
121
75
76
231
169
100
182
61
147
212
50
29
124
252
198
10
173
199
27
210
83
91
88
225
220
163
230
113
252
9
32
227
252
137
253
243
67
150
95
236
25
242
145
74
116
32
220
182
62
73
223
216
194
81
231
182
114
215
117
223
214
172
214
178
255
230
243
69
93
93
193
252
147
218
224
35
32
230
154
67
194
194
163
81
102
138
203
116
238
198
108
229
154
204
108
8
154
32
89
67
87
10
118
119
170
78
98
194
252
89
138
242
205
183
249
167
129
97
54
81
77
243
89
114
252
102
91
95
247
153
130
229
172
116
228
193
139
117
255
144
186
174
224
180
240
197
138
87
138
240
131
256
154
39
19
179
174
121
83
224
171
8
115
172
67
183
159
242
35
193
199
8
108
139
252
57
244
125
179
93
130
184
179
233
88
110
125
8
168
154
13
88
179
190
171
49
125
236
171
237
169
81
97
173
20
32
104
89
147
61
39
159
210
47
125
27
240
124
172
198
62
83
83
79
161
81
243
129
153
139
32
140
125
150
237
37
49
4
102
136
21
193
173
147
190
68
251
87
240
137
18
237
237
102
103
99
151
138
237
87
93
159
140
39
249
7
69
221
113
108
15
130
204
237
137
91
125
255
180
205
247
3
198
21
139
240
77
128
173
170
163
61
212
99
168
19
19
21
179
229
223
100
229
230
110
104
252
116
21
144
104
249
98
198
89
52
95
4
98
247
169
145
17
154
140
154
91
256
67
242
147
251
123
47
198
145
133
186
198
243
154
252
235
93
49
174
123
93
205
169
154
224
71
252
77
91
147
120
52
180
179
117
121
117
169
246
102
15
154
33
236
95
125
211
57
103
103
30
117
79
17
49
182
169
4
174
244
94
13
198
64
96
168
248
244
182
238
223
2
199
184
13
190
139
55
248
13
91
31
200
247
167
217
10
205
94
212
167
236
17
87
122
38
65
253
32
11
169
217
74
70
44
37
74
62
256
168
210
47
154
47
182
242
235
53
81
164
170
255
199
94
198
101
98
93
39
46
44
237
94
138
26
104
125
99
11
232
127
249
30
125
35
35
87
255
70
223
42
216
178
116
121
176
107
125
108
238
139
78
77
251
64
255
169
178
222
40
70
94
153
16
112
136
182
117
174
194
240
91
223
62
139
35
226
101
167
140
194
174
190
246
88
236
224
19
164
120
199
120
29
118
194
182
122
127
253
255
151
153
247
250
253
38
173
182
122
113
181
240
51
23
67
149
96
88
76
8
116
116
108
93
75
87
130
203
214
8
159
68
211
251
219
198
15
194
115
90
27
249
215
88
11
182
44
122
240
124
10
87
26
88
253
53
180
231
112
164
232
88
199
44
195
149
192
97
31
25
139
149
195
115
99
227
65
147
144
243
10
25
203
