250
250
250
189
26
34
14
250
14
8
252
8
3
26
250
134
220
34
235
14
235
157
39
79
63
226
149
250
129
183
220
220
67
54
235
8
235
95
128
181
87
63
50
172
84
145
5
86
180
69
67
94
181
5
180
123
237
99
67
5
238
173
114
52
54
106
175
5
222
217
97
76
115
114
131
123
102
34
114
145
106
17
217
69
207
220
115
36
217
31
5
114
105
63
131
114
79
131
102
238
181
177
222
90
67
160
220
34
14
9
161
63
34
220
114
90
172
90
217
53
14
64
181
37
217
238
10
217
115
183
221
115
76
255
248
5
189
77
126
130
161
63
14
167
9
67
240
90
127
248
53
205
239
210
250
90
123
145
217
105
248
251
250
249
248
181
155
44
90
182
217
255
217
156
6
239
131
220
140
79
123
178
145
122
230
14
226
249
168
102
249
253
145
238
147
221
24
24
239
207
89
217
89
90
89
6
79
243
221
36
178
108
204
49
136
131
61
102
54
9
136
145
253
24
189
79
138
6
184
9
37
9
6
26
20
155
218
147
47
253
153
54
221
220
211
106
90
37
61
247
9
172
218
150
51
61
154
3
129
154
54
141
207
229
136
64
28
54
218
16
32
101
198
204
74
249
115
241
105
243
220
184
6
14
89
102
123
54
131
122
249
239
37
126
207
140
22
212
207
64
44
217
9
102
105
75
67
247
155
214
179
218
147
207
49
17
90
13
90
104
212
118
126
126
120
127
138
131
245
243
123
181
222
127
6
128
126
165
120
150
126
60
75
72
136
250
72
18
14
72
46
90
122
117
54
105
120
90
24
6
239
91
189
42
53
251
253
99
105
176
243
176
112
18
104
26
9
254
255
13
136
158
204
131
79
6
250
117
123
14
17
3
10
112
99
171
14
207
42
102
141
227
247
20
150
27
220
207
13
104
64
3
207
251
5
220
141
12
158
9
51
48
192
143
6
100
127
171
14
126
37
225
105
107
179
26
134
60
55
88
207
99
74
147
99
5
131
105
75
177
256
239
227
94
243
123
189
3
187
250
197
14
126
38
76
126
26
126
115
15
126
174
181
3
212
104
129
101
67
99
8
3
187
39
112
233
178
104
9
13
128
243
247
117
124
175
65
28
45
171
109
6
42
105
212
87
247
69
54
6
172
185
6
47
28
187
76
18
218
187
147
213
197
224
22
127
215
187
179
72
140
243
245
126
211
60
57
59
204
197
227
81
249
123
242
54
69
41
90
45
70
105
241
64
133
69
95
59
39
29
208
197
69
130
91
122
75
226
13
143
247
9
154
187
9
64
163
105
56
155
180
26
217
215
215
72
27
67
26
131
94
187
189
198
25
48
223
129
174
75
199
201
217
207
96
219
48
99
172
16
222
147
216
222
148
246
45
93
14
210
99
189
137
96
253
99
247
217
24
158
52
3
232
147
227
245
64
172
243
148
91
197
219
167
127
105
99
235
6
212
42
94
145
99
75
65
171
104
222
24
110
147
11
104
116
226
24
242
90
26
115
19
222
158
105
139
94
187
167
14
38
26
245
90
217
52
145
226
127
135
123
47
167
147
197
198
181
94
88
211
39
105
135
99
124
172
222
189
151
216
247
58
48
105
94
9
45
9
11
218
167
28
178
96
67
72
229
148
174
229
171
5
99
171
104
137
215
77
214
226
24
207
174
172
94
39
99
145
101
235
10
226
29
16
30
211
105
53
226
235
222
63
147
226
39
167
168
3
74
9
28
42
171
210
185
109
188
28
208
5
244
6
94
247
14
248
101
1
42
182
9
169
241
105
18
46
109
210
226
9
3
38
92
171
109
239
133
171
106
168
110
232
16
222
94
169
94
189
135
23
48
207
63
90
92
116
65
55
65
45
96
247
89
151
18
2
122
30
137
215
172
253
58
214
214
188
210
210
216
99
45
86
172
178
207
86
247
57
136
210
211
5
94
174
153
198
76
124
23
224
147
212
215
241
245
207
245
45
62
6
227
60
154
124
28
255
155
129
94
206
45
187
171
246
9
155
29
52
94
251
131
66
197
8
247
234
147
82
228
216
104
45
83
255
127
68
218
218
189
147
100
137
158
193
95
226
14
63
42
158
240
236
117
207
5
226
255
34
246
207
197
207
207
98
213
100
114
101
63
175
37
155
86
48
57
245
172
171
11
124
76
43
192
158
131
245
159
131
184
226
218
10
212
14
28
210
38
111
26
210
9
66
255
116
101
218
71
137
154
161
71
247
226
6
1
212
163
124
217
245
39
79
213
232
94
18
227
228
51
225
232
93
192
131
172
118
94
225
237
124
101
219
26
218
28
41
237
3
247
105
221
45
149
39
158
14
207
24
102
192
29
197
210
232
147
112
224
79
181
9
73
171
77
248
88
72
160
226
147
232
120
77
99
247
135
90
244
76
233
95
221
38
52
149
248
155
119
24
198
33
218
114
16
232
116
247
179
150
44
204
171
26
124
131
30
197
212
76
247
148
207
245
124
239
210
60
124
157
246
110
120
122
248
221
232
12
245
84
33
46
6
120
168
174
247
144
52
77
24
56
10
20
45
100
254
217
158
24
210
252
100
6
171
207
116
158
94
33
19
207
122
218
187
226
104
75
218
160
45
244
213
100
255
26
232
161
102
57
19
155
232
63
218
137
26
158
66
38
148
77
247
43
213
137
116
247
57
102
247
158
207
213
173
75
49
207
189
10
69
