84
84
84
162
162
84
164
162
84
84
162
166
55
84
84
55
80
21
84
166
249
194
55
194
84
146
162
87
31
144
169
50
80
128
194
166
164
58
113
80
84
251
128
88
132
164
136
132
84
52
164
162
150
140
88
247
7
191
144
55
176
144
191
29
29
55
205
80
166
152
110
162
121
205
128
31
194
203
31
128
89
80
113
45
162
127
95
21
127
53
256
21
161
164
203
127
84
95
84
62
22
102
127
67
143
176
50
55
52
176
102
127
144
146
71
121
162
31
26
139
95
252
205
231
40
176
84
127
114
121
53
143
115
56
165
256
186
138
104
186
40
25
102
152
138
164
29
59
254
208
205
31
59
33
240
177
144
84
208
29
256
106
203
55
58
166
17
194
31
25
15
230
55
59
45
74
252
33
83
165
59
205
110
17
74
25
15
153
114
110
208
89
31
191
138
170
55
209
127
121
153
121
174
251
106
138
222
17
27
191
77
180
143
48
127
191
205
55
203
171
31
186
143
25
25
193
205
240
153
22
50
26
89
69
165
74
121
208
180
121
114
46
89
45
27
114
208
17
33
153
84
102
140
84
33
84
95
84
249
22
79
138
249
95
40
190
84
157
157
155
55
59
203
27
210
145
13
205
136
84
121
122
136
240
165
33
238
133
249
194
114
1
114
136
203
218
84
26
85
208
220
87
138
74
191
95
249
77
102
15
203
27
146
55
32
42
33
33
114
157
26
214
45
190
178
18
61
205
65
155
208
25
10
13
114
79
178
77
208
157
153
15
109
233
128
32
22
59
113
32
33
54
42
32
170
89
31
73
174
132
61
15
95
15
82
169
95
40
77
199
54
63
40
121
59
77
166
143
67
15
63
116
176
239
256
25
79
89
136
131
209
31
131
250
15
239
169
97
256
158
175
180
27
31
50
194
77
235
14
184
204
166
29
186
59
195
3
95
248
247
40
26
171
208
203
42
250
190
75
216
3
67
101
170
178
8
14
95
211
248
84
62
27
183
217
176
206
250
230
195
194
132
54
191
3
25
239
95
60
89
38
135
51
25
155
192
184
240
248
57
174
14
163
190
132
109
183
205
40
190
135
3
251
73
230
190
202
166
110
208
170
26
191
157
194
95
21
158
72
25
18
107
215
169
32
3
130
66
44
84
213
242
248
172
29
204
157
66
101
250
197
187
166
59
163
114
52
205
63
206
124
107
162
79
15
77
256
149
110
42
3
100
97
166
79
139
57
102
66
228
138
50
25
166
208
214
66
83
192
172
197
25
158
163
85
163
3
250
158
14
190
39
133
183
91
222
16
165
66
174
67
251
154
79
190
66
236
180
158
56
9
214
64
87
58
236
67
33
182
218
195
174
113
183
25
17
132
235
226
62
67
190
236
89
97
110
91
63
159
66
203
191
238
222
128
240
107
95
184
101
95
248
211
77
29
109
79
202
249
171
114
97
36
250
192
180
203
180
62
95
190
40
184
15
21
149
35
87
58
77
86
25
3
32
254
77
40
194
13
156
172
139
256
13
95
236
184
120
74
139
190
14
41
239
240
59
63
132
139
243
7
95
163
103
103
121
95
232
80
163
177
163
143
169
47
66
256
215
100
213
37
75
132
100
219
79
136
114
249
186
211
194
82
230
95
191
120
252
79
132
57
139
215
231
191
128
236
17
160
46
136
235
188
237
194
37
235
95
248
75
58
15
157
97
183
90
210
75
15
211
15
191
142
32
23
241
139
59
139
185
158
239
176
136
10
73
194
113
15
34
97
13
254
139
64
79
230
79
162
33
63
215
211
212
48
176
153
10
89
5
184
71
39
112
39
212
144
232
239
256
207
109
235
158
60
252
17
210
210
108
133
49
207
139
211
36
133
226
172
239
82
158
208
172
71
109
233
158
154
39
127
49
142
157
150
190
208
162
224
172
97
110
52
81
27
113
33
132
42
39
98
246
208
178
26
147
191
62
191
191
75
82
163
125
191
108
181
127
250
113
231
153
37
142
202
182
6
42
229
15
162
117
64
13
117
164
46
113
215
44
29
125
163
136
80
63
172
84
45
15
228
17
44
83
208
46
39
42
40
157
25
178
36
82
163
43
246
91
171
127
139
142
226
250
211
138
74
224
91
36
75
123
138
136
122
26
168
32
255
24
79
191
78
82
42
207
191
21
182
120
80
15
120
41
144
140
202
30
55
210
227
57
109
33
33
256
225
5
202
103
241
203
105
202
52
241
9
254
241
163
242
85
79
205
76
11
120
211
42
202
109
120
9
200
93
22
140
107
106
226
123
60
146
224
59
27
208
120
190
214
106
252
146
93
57
217
177
80
76
252
106
68
44
39
116
208
8
211
93
203
197
17
107
142
158
135
171
107
197
117
230
18
153
203
144
241
4
207
232
191
23
91
113
44
166
105
54
113
172
195
121
191
116
142
255
17
253
72
183
85
171
214
60
140
39
75
135
210
60
200
178
113
171
66
117
3
123
171
185
113
80
142
36
113
142
44
20
113
193
171
125
230
194
20
107
36
113
52
58
56
168
37
169
28
225
221
231
113
7
171
52
27
252
92
96
146
48
132
244
92
58
191
163
115
160
152
146
191
92
131
191
100
92
146
173
133
92
42
159
169
92
107
179
92
