199
62
31
75
62
31
75
150
150
150
175
177
204
139
72
75
204
204
90
175
140
16
214
84
165
84
31
127
106
54
59
145
84
145
127
90
22
29
143
54
75
106
119
106
75
249
254
55
128
48
204
204
50
165
143
208
13
175
140
201
145
62
141
178
219
112
178
239
149
145
150
128
32
187
102
75
31
178
251
176
197
177
32
190
76
123
12
177
119
162
145
88
219
239
165
251
222
3
13
203
153
149
239
209
19
141
75
150
54
177
74
106
177
50
191
16
50
253
54
208
54
28
203
14
13
106
239
149
48
225
251
48
120
155
16
103
10
243
145
68
239
57
251
239
16
239
140
149
12
80
159
155
209
210
16
165
48
105
235
201
48
251
189
140
236
18
189
136
183
74
140
50
123
82
190
62
105
143
10
188
99
51
208
119
215
82
210
208
143
212
48
68
99
155
184
248
175
80
253
178
204
128
238
81
215
51
234
140
126
18
243
185
140
84
140
210
189
239
74
102
243
208
74
239
201
121
251
26
225
225
64
39
96
251
138
185
82
140
196
9
24
225
209
138
10
210
22
178
88
155
149
63
239
65
166
42
50
37
194
140
210
145
51
34
251
251
194
99
177
230
143
143
239
16
194
118
136
51
99
143
248
50
222
102
64
7
239
215
165
80
162
10
165
165
88
97
225
225
82
251
175
136
189
20
229
126
243
202
239
31
225
12
4
5
229
188
76
230
74
106
165
230
96
83
222
242
239
125
22
242
155
71
59
57
151
244
155
188
12
144
171
127
18
239
34
56
13
45
103
88
31
251
161
63
194
84
153
203
229
4
149
88
130
250
143
84
90
115
225
250
222
212
50
253
88
140
51
88
23
22
16
139
239
26
102
20
214
206
125
251
219
238
51
48
189
242
64
162
176
136
197
153
196
104
54
170
15
132
72
225
185
51
87
224
129
189
68
140
14
168
26
205
247
224
225
114
247
251
80
189
18
15
149
175
26
218
35
248
86
46
63
239
229
213
76
154
106
232
161
155
134
130
176
242
90
69
167
193
159
99
28
223
253
2
108
169
54
103
84
7
76
197
34
53
165
5
149
76
235
68
43
18
235
175
226
210
130
171
144
99
249
5
149
230
111
31
108
96
37
175
99
26
201
176
10
96
129
29
244
34
191
157
125
253
54
232
246
125
189
171
108
120
44
108
149
94
3
108
249
34
122
253
126
239
225
254
15
242
155
240
211
13
153
224
23
63
48
146
74
99
177
64
17
215
86
74
47
169
34
219
239
206
44
190
207
48
52
197
125
175
177
110
82
194
126
3
85
153
48
25
72
27
18
253
155
238
255
239
225
251
230
29
23
65
255
208
6
86
106
76
230
19
92
126
48
125
249
125
132
206
129
74
129
9
16
83
136
208
153
189
105
76
32
206
253
237
214
149
140
118
110
130
222
125
94
163
232
8
47
160
20
204
53
185
20
45
253
121
92
250
197
136
20
145
175
193
125
48
158
131
246
207
48
9
125
56
161
20
99
246
155
53
92
155
74
9
24
59
74
17
30
20
159
37
99
48
149
34
155
26
17
35
249
63
9
136
197
178
178
189
136
63
85
17
245
215
99
193
99
155
20
48
155
69
80
133
34
121
218
105
20
201
89
26
125
197
53
189
197
25
249
4
112
221
92
156
140
249
26
63
53
131
197
88
12
20
112
73
169
192
154
78
215
213
169
242
216
50
131
26
53
125
189
249
215
82
92
23
63
124
18
20
172
99
120
12
130
26
68
218
11
192
72
117
232
72
114
12
85
16
95
35
187
20
110
117
73
20
156
120
163
71
218
114
156
155
68
77
163
159
12
131
163
23
66
44
149
253
48
9
186
173
66
156
74
160
215
153
77
190
163
131
124
193
155
161
159
125
30
125
95
60
147
161
98
20
48
228
98
214
4
68
97
85
89
156
30
37
5
207
173
148
116
60
5
185
187
2
218
189
108
165
218
117
115
133
242
68
247
164
115
215
47
5
198
133
116
172
16
237
138
218
68
230
72
117
74
4
164
32
232
86
163
255
13
133
82
255
153
186
159
82
60
201
237
187
163
133
104
21
163
37
237
155
85
82
237
255
11
155
233
3
163
124
159
163
124
82
133
11
186
189
4
133
133
218
82
82
176
15
