66
222
95
236
59
95
103
150
222
71
145
150
236
227
195
192
229
169
114
184
229
220
192
97
43
230
200
150
102
201
237
230
1
183
144
201
22
18
111
64
195
223
22
183
34
229
206
108
208
16
65
201
143
240
144
201
116
183
96
79
5
112
221
182
119
5
34
236
8
76
58
34
176
66
179
58
105
97
46
84
38
195
201
59
76
248
76
186
235
229
182
174
10
239
111
110
170
14
196
142
34
140
109
167
8
43
10
106
7
60
156
14
24
175
34
93
109
238
223
6
64
46
170
187
201
206
169
114
6
167
106
236
188
24
54
96
236
106
83
114
195
168
111
248
180
228
54
90
103
93
121
79
100
81
229
40
195
248
97
139
64
35
119
122
245
194
64
182
104
114
218
244
18
140
65
119
223
54
24
34
201
107
1
42
169
111
112
178
108
187
97
216
121
2
130
190
195
166
201
64
118
145
14
222
248
65
150
174
170
247
89
14
121
79
64
46
201
24
228
51
183
164
201
178
97
101
46
110
65
34
1
74
235
195
223
47
201
212
144
51
46
140
89
222
81
166
240
235
183
203
51
222
1
76
144
95
14
89
65
94
107
201
79
164
135
170
46
221
219
221
250
183
113
61
169
121
14
6
18
93
244
108
24
190
8
5
10
40
113
103
240
201
65
109
193
103
229
89
33
6
224
20
103
131
206
201
10
252
6
180
4
123
96
59
103
201
223
233
225
169
135
212
76
79
165
248
221
65
3
58
13
221
54
134
144
226
201
63
221
17
198
91
206
187
233
126
94
184
233
245
14
169
1
203
244
186
252
65
227
167
79
10
47
46
181
19
78
135
180
201
108
217
24
64
89
205
170
140
236
224
97
184
46
206
228
201
64
113
111
119
201
10
114
212
88
235
35
128
245
180
140
134
103
219
201
248
93
89
169
235
60
10
119
145
88
210
201
27
205
15
83
5
54
17
46
144
166
108
196
142
35
212
78
16
35
242
65
196
35
87
109
201
196
226
184
236
245
252
238
13
106
221
8
220
108
1
221
116
144
14
201
49
130
147
144
222
3
64
184
201
116
226
170
89
187
3
235
172
167
47
228
114
194
179
36
161
183
66
8
187
5
235
69
198
199
187
35
6
114
24
78
64
167
158
203
81
119
248
186
111
47
142
134
185
73
140
195
103
201
170
137
248
164
147
238
140
223
46
35
248
236
158
184
96
251
235
184
46
221
250
236
201
3
130
201
193
250
134
95
107
252
104
38
175
225
93
229
41
111
107
71
86
240
146
181
181
144
97
170
102
250
248
168
111
27
41
5
212
25
8
69
116
223
187
129
150
187
36
83
26
81
35
8
174
88
201
19
11
158
89
135
94
46
90
112
5
114
244
34
196
35
44
205
24
34
245
175
169
253
240
35
239
81
83
47
103
189
95
170
79
165
160
64
61
76
195
13
228
164
90
160
108
10
47
6
245
158
11
181
145
87
61
93
149
34
58
184
240
252
224
125
238
187
34
169
88
179
253
14
231
35
15
130
67
248
99
219
165
32
199
203
61
186
236
170
170
51
229
229
187
170
104
237
116
166
179
88
149
19
248
174
61
44
205
145
201
213
169
169
76
103
229
95
235
203
42
170
238
134
211
35
88
187
223
195
200
209
94
252
201
52
229
232
144
196
227
99
64
199
201
31
52
14
244
201
114
175
111
251
201
8
236
49
201
88
201
22
22
161
143
238
126
219
240
93
111
43
83
248
1
175
238
229
245
161
256
31
205
169
5
60
235
15
180
47
161
114
10
99
237
96
85
201
201
88
41
88
113
26
36
13
103
8
152
203
184
201
236
108
219
25
201
228
25
96
99
15
36
170
191
108
117
201
119
246
90
103
174
8
229
238
46
106
114
14
184
186
121
229
5
134
96
235
22
169
176
226
125
49
218
158
65
212
83
10
53
119
70
98
236
94
19
46
158
19
201
89
57
228
218
108
47
103
221
215
79
104
238
130
244
38
74
199
116
5
169
144
47
235
135
165
76
169
201
35
186
232
229
183
53
4
121
251
221
34
165
190
175
199
151
65
203
47
35
76
140
223
102
203
201
15
201
175
14
10
248
10
13
240
83
97
130
163
229
195
64
200
201
221
195
103
99
229
180
195
94
35
64
228
165
107
52
185
207
43
63
106
206
154
174
107
251
199
98
223
121
21
88
25
46
64
235
169
138
244
83
221
8
25
75
252
103
235
102
250
83
236
66
88
168
88
169
113
178
251
201
88
236
167
103
24
196
113
222
111
38
238
126
203
109
109
69
256
151
93
186
236
245
184
10
31
221
44
238
47
140
251
43
228
16
6
113
9
64
14
74
222
113
247
134
109
189
8
17
17
112
150
124
39
169
235
38
61
242
24
237
13
242
113
158
6
159
10
138
36
47
136
38
74
42
41
183
41
59
141
221
134
107
96
238
94
150
54
226
235
14
120
244
183
150
88
35
108
61
31
35
104
16
199
238
169
190
73
24
201
174
223
201
105
242
106
66
107
196
190
34
41
61
103
38
182
89
15
174
75
236
170
10
172
201
107
41
216
253
196
150
63
245
240
64
24
152
187
47
158
218
196
108
252
35
10
46
228
201
22
248
149
184
109
103
8
40
54
244
60
235
83
142
201
236
201
210
40
237
253
103
71
135
96
61
175
63
103
108
235
89
66
65
13
201
54
220
199
199
25
136
69
203
211
34
240
96
235
34
40
221
193
195
27
197
96
236
236
41
214
108
77
117
11
64
201
91
151
5
88
212
195
114
144
77
114
243
57
89
120
203
195
242
195
158
142
168
223
201
221
85
63
34
199
147
245
201
113
65
136
221
89
79
170
240
186
187
86
4
221
93
124
211
146
249
248
213
247
79
39
150
35
66
168
225
76
27
168
142
104
242
103
174
223
245
228
135
113
2
88
255
182
244
103
250
104
35
69
229
17
147
203
83
47
166
169
65
212
175
43
150
173
250
108
195
240
130
29
207
35
83
108
99
138
1
201
52
19
245
77
83
82
242
103
150
229
229
106
108
8
45
219
242
201
97
180
230
99
117
197
175
63
44
2
77
81
15
190
113
40
201
59
218
83
235
41
138
150
153
158
201
248
44
242
49
152
140
201
221
3
116
102
144
24
69
179
180
88
168
245
217
5
249
61
21
229
241
35
93
61
205
97
14
61
201
17
99
229
94
174
168
201
255
186
212
196
63
251
211
245
9
13
201
115
99
228
171
141
26
59
143
145
10
32
169
171
33
184
26
199
61
216
35
199
239
155
149
119
169
180
51
31
170
38
247
221
99
167
83
248
3
83
26
221
252
37
168
8
168
31
250
201
69
41
201
197
93
221
242
247
249
131
201
161
17
45
14
168
174
86
41
37
244
11
221
213
61
64
245
40
10
88
109
197
256
64
244
115
83
244
83
81
146
91
76
27
67
184
171
235
253
139
13
178
66
94
47
228
83
46
214
201
92
201
184
158
190
201
180
139
235
158
221
252
6
229
207
217
43
42
12
13
61
206
15
174
229
195
27
68
218
255
235
65
163
73
137
241
27
223
153
32
133
228
219
182
150
178
54
83
207
64
238
193
86
196
201
169
255
99
252
184
247
149
245
195
201
68
124
220
83
141
248
92
186
103
8
91
124
15
121
174
26
191
170
17
149
147
94
94
147
68
184
121
64
93
124
146
228
247
252
156
201
203
201
137
147
61
238
13
182
88
182
167
153
88
49
13
88
94
22
92
120
168
228
44
55
11
125
228
13
104
158
55
207
156
93
156
109
195
127
82
130
83
236
69
169
9
174
2
66
45
219
143
83
241
79
17
256
75
247
210
252
250
35
217
29
109
255
65
145
40
102
228
201
220
249
211
17
144
65
132
242
168
119
91
207
241
170
122
158
43
13
221
158
116
57
55
46
119
5
227
63
127
228
63
103
221
105
121
256
149
58
190
98
61
109
94
42
9
232
19
26
15
203
96
216
237
145
50
31
61
153
229
9
201
17
25
15
228
239
16
60
124
252
108
64
44
108
244
163
3
224
88
86
52
217
247
219
16
88
73
27
108
100
206
236
206
127
218
247
245
68
218
105
25
158
119
158
31
251
73
169
161
203
94
54
193
158
184
158
22
63
108
153
158
138
228
216
102
161
210
196
207
10
169
217
94
196
89
158
207
122
174
186
158
174
218
221
63
197
196
228
65
35
229
24
201
223
210
13
52
207
207
127
15
142
192
184
244
158
58
43
113
232
246
204
218
147
221
221
42
186
25
235
119
9
224
158
174
228
203
9
77
35
247
166
173
138
166
88
250
244
52
146
207
243
146
196
201
248
111
42
242
230
170
221
202
37
190
127
58
240
216
52
88
242
105
28
46
165
188
138
166
36
238
92
40
73
64
37
207
219
123
154
158
193
171
143
229
121
25
99
214
154
64
236
111
222
49
113
77
66
104
159
104
9
169
42
127
236
43
19
52
230
229
5
3
13
55
66
50
67
40
59
63
52
26
110
42
162
247
234
13
120
59
108
147
25
232
32
112
162
15
99
219
236
158
163
88
204
184
15
146
193
92
55
43
80
238
158
63
247
241
162
207
24
168
174
65
210
7
83
77
170
130
84
138
229
251
15
121
218
44
169
104
201
193
77
166
163
244
77
228
68
194
130
164
25
158
193
113
158
193
199
112
50
190
169
11
237
44
218
75
99
13
144
43
67
39
97
10
244
63
196
192
169
55
174
207
250
210
234
77
65
138
25
99
63
171
197
32
245
25
27
52
193
15
63
150
203
40
83
116
55
42
55
128
10
60
162
39
109
201
201
108
8
229
79
221
217
7
113
250
169
184
196
183
55
65
237
92
52
168
186
232
35
190
88
105
133
218
71
235
219
39
250
115
99
197
178
252
120
187
132
92
28
25
73
213
141
196
204
138
221
201
17
52
40
15
64
247
10
4
220
138
198
42
186
252
52
213
193
150
52
62
158
215
219
256
28
220
7
180
32
19
151
129
221
250
202
109
88
88
137
49
164
82
137
181
186
229
92
184
110
133
68
164
95
110
44
55
112
91
230
91
109
73
201
146
205
4
115
28
84
150
205
140
179
104
19
201
219
179
63
124
84
218
120
120
120
15
135
256
88
146
210
