67
67
229
121
67
67
11
58
188
36
74
37
67
188
143
231
87
58
138
36
74
95
138
89
67
194
95
138
92
138
40
80
5
89
145
95
66
143
29
90
6
29
121
90
36
162
6
188
6
40
182
40
239
121
66
248
87
66
126
191
253
206
225
74
90
97
61
128
195
185
225
132
166
97
2
5
65
191
206
90
132
114
251
122
128
151
93
164
228
41
29
66
185
122
225
107
54
59
18
54
75
87
253
29
106
225
251
90
185
248
89
8
121
107
1
113
40
40
185
180
107
253
21
206
234
107
118
36
177
5
253
185
194
40
138
54
75
90
119
31
62
36
29
75
195
211
135
93
77
58
182
180
93
199
206
185
21
122
122
88
156
67
182
40
231
182
40
7
20
164
87
164
175
171
239
122
97
59
182
212
191
87
96
122
106
180
198
40
191
203
107
110
121
191
166
189
122
42
122
229
40
211
243
40
31
177
174
113
187
58
37
171
46
109
25
28
122
198
110
122
89
28
253
142
3
209
106
143
194
109
89
108
113
154
177
43
239
75
125
51
217
243
205
113
7
185
90
59
31
185
182
107
227
194
24
189
40
36
191
3
189
224
164
75
96
217
195
128
40
141
40
28
223
107
138
183
240
107
98
108
75
7
5
125
185
7
171
105
184
206
37
7
25
29
208
243
194
177
112
142
136
198
250
5
205
113
156
7
28
154
243
60
210
181
107
254
217
206
10
65
96
171
250
164
187
92
22
3
24
149
128
97
59
221
240
125
5
138
188
24
243
209
203
221
89
135
106
175
108
211
41
18
151
211
122
65
28
14
17
229
194
87
171
13
239
98
239
200
217
154
138
187
175
40
152
174
246
130
21
118
109
96
7
130
151
211
141
205
239
138
164
206
203
244
207
36
142
141
194
239
143
188
154
10
138
207
164
194
3
142
251
130
41
40
73
217
151
139
7
47
59
14
222
174
55
109
125
40
249
36
58
150
194
110
172
132
231
171
87
59
47
107
223
40
138
190
169
217
205
87
109
251
5
13
109
87
172
227
24
166
132
130
138
240
43
93
156
217
244
105
145
121
243
33
18
88
211
138
6
166
95
177
2
119
156
182
156
208
109
138
93
18
145
185
8
195
185
42
225
156
79
65
217
113
93
217
97
21
107
37
95
18
15
5
182
109
241
229
195
130
104
166
75
156
90
88
200
171
59
59
36
234
241
47
177
5
109
80
211
58
17
107
125
33
75
175
88
143
138
112
225
170
244
195
154
130
248
42
196
95
154
190
33
131
40
181
116
40
30
143
14
251
221
245
154
64
142
49
244
59
227
95
222
245
227
246
95
36
217
87
114
244
1
160
165
68
73
119
59
71
243
87
24
30
181
23
109
225
250
130
37
5
7
40
59
42
225
211
144
18
75
40
109
20
13
58
236
71
145
229
131
37
46
138
138
138
144
109
243
184
154
88
136
173
108
65
116
113
125
170
109
8
250
155
185
125
88
108
24
150
33
87
134
40
108
47
37
224
195
46
144
107
219
250
97
235
31
8
71
141
166
123
216
194
170
52
136
141
30
121
88
22
107
236
170
250
33
107
113
130
217
100
151
131
239
87
234
172
120
183
58
240
191
47
40
113
141
199
25
150
33
194
244
88
231
104
24
30
92
31
235
40
93
229
43
109
37
107
151
76
75
22
104
179
182
170
113
181
40
117
225
27
151
180
191
80
192
211
209
6
50
138
138
75
107
91
239
245
58
88
58
24
144
180
109
130
240
231
78
161
195
6
224
43
78
208
244
121
71
95
100
97
250
93
104
107
182
169
109
150
88
50
4
40
40
108
211
41
132
36
144
143
37
244
235
37
180
32
191
179
110
138
93
208
242
243
40
37
78
251
231
164
183
136
211
252
216
231
181
250
244
173
229
211
184
250
226
17
151
36
109
40
137
21
58
227
225
136
97
181
20
140
129
216
90
121
241
172
37
167
203
84
4
59
144
231
216
40
97
24
203
22
24
149
250
184
184
37
115
14
119
27
247
2
169
144
58
255
225
107
167
188
167
113
71
113
79
229
24
170
196
152
185
83
164
107
143
125
108
143
36
137
113
54
229
172
225
191
24
93
4
8
141
242
228
209
168
71
95
138
224
170
90
228
37
185
88
223
205
172
141
71
244
167
109
154
13
108
150
205
30
20
240
244
121
135
151
55
75
164
100
146
132
100
54
71
192
95
121
162
109
205
83
109
37
183
59
228
97
250
17
130
60
209
110
113
234
31
64
191
231
40
79
18
228
165
78
205
113
110
205
240
256
194
107
16
170
251
113
229
2
249
4
59
63
205
27
139
113
195
144
244
135
109
204
235
189
71
225
130
71
223
119
7
195
228
77
84
164
113
33
141
121
41
109
30
167
227
144
229
170
48
167
130
24
130
186
104
131
24
251
58
229
107
2
166
155
95
109
152
71
40
70
158
97
59
116
24
235
199
203
113
244
109
184
59
173
229
35
113
144
70
130
5
24
138
90
117
144
91
27
117
132
154
25
127
88
64
107
54
2
179
58
250
254
71
49
20
192
95
113
88
95
204
31
124
144
125
2
194
24
112
108
1
2
195
202
30
33
180
104
222
130
222
250
195
90
37
80
151
55
78
37
179
191
20
220
75
47
162
144
41
146
141
169
95
104
227
152
65
144
20
113
21
229
154
113
208
43
185
205
88
222
52
90
138
185
183
119
162
113
71
59
30
70
250
132
4
180
59
32
113
90
204
4
54
41
184
185
2
72
32
2
112
113
58
185
231
255
16
154
185
233
18
50
49
185
37
135
110
229
253
217
224
21
187
113
49
90
158
130
188
65
205
137
130
152
95
40
17
75
40
184
160
130
93
195
185
130
251
244
109
75
47
144
194
32
151
186
239
68
162
5
206
29
93
47
200
231
256
37
233
95
250
71
225
4
132
241
130
170
151
107
169
83
21
116
121
88
47
216
40
171
166
204
50
229
2
35
34
143
205
170
30
250
2
229
125
203
7
71
4
132
240
36
59
241
24
36
35
107
17
195
183
47
226
4
180
90
89
109
181
150
191
249
180
91
37
40
96
168
27
27
116
50
163
150
173
142
2
37
7
36
118
37
4
225
113
11
68
61
125
113
144
6
205
144
118
10
107
136
24
107
195
55
184
136
231
40
169
27
250
137
58
47
52
231
72
150
83
78
107
99
36
206
191
171
170
180
113
113
151
144
24
217
52
104
138
205
16
109
65
6
209
37
195
97
256
108
72
114
108
83
142
40
13
217
254
144
47
17
234
27
206
203
65
46
28
136
35
180
227
77
47
132
235
43
195
241
101
234
225
4
180
212
195
236
244
60
104
114
68
108
226
229
78
208
245
227
213
185
115
225
244
136
246
65
103
49
203
5
89
174
40
5
150
91
132
184
245
67
16
14
78
61
187
165
31
247
213
195
32
161
144
4
21
125
32
240
99
180
6
130
224
81
46
195
83
9
107
158
2
184
222
183
250
103
96
68
100
119
231
28
156
195
195
185
28
245
142
121
204
136
65
89
150
65
200
169
6
236
74
89
43
40
253
8
186
206
166
123
165
253
56
151
241
171
66
68
188
206
97
169
50
113
203
235
31
130
154
218
253
251
179
122
68
213
169
241
88
200
208
135
8
229
32
97
31
203
241
175
91
60
68
231
68
108
184
151
32
109
152
78
7
89
194
241
92
88
90
208
184
56
52
194
177
227
144
97
35
128
157
28
199
17
246
174
103
174
30
144
174
4
205
226
132
122
107
83
2
240
152
53
152
241
68
20
88
127
109
47
144
103
59
38
247
4
78
241
15
242
59
168
81
130
130
65
52
10
14
1
208
230
188
143
109
233
91
227
113
24
191
128
46
191
137
199
4
132
212
77
113
27
146
182
204
113
196
246
4
160
205
179
206
20
150
41
68
65
205
58
86
59
208
141
141
181
165
227
5
89
107
127
175
242
8
96
244
146
208
168
150
1
32
30
5
41
78
245
227
28
135
186
174
208
109
47
150
158
241
113
206
160
250
169
56
135
31
206
150
125
245
34
77
132
175
206
108
207
121
78
27
171
76
195
30
113
207
151
124
59
24
14
68
240
144
187
241
170
37
188
81
10
144
181
4
22
71
170
9
9
236
250
37
142
204
190
190
250
144
186
248
97
145
78
119
203
37
4
205
130
58
53
17
185
24
47
90
206
160
19
117
144
121
207
107
14
241
171
183
37
142
109
27
68
118
63
81
243
224
239
36
14
90
152
168
250
6
78
130
92
78
160
68
116
4
71
171
17
219
90
113
49
83
108
109
70
150
83
185
49
224
102
130
132
136
142
225
55
135
253
60
152
3
164
187
40
5
226
228
229
41
6
168
14
9
250
34
121
68
226
170
37
20
175
59
130
185
36
132
36
77
97
59
250
34
121
6
35
160
171
84
70
9
225
15
147
116
6
24
226
114
188
78
112
182
58
107
194
113
27
114
5
240
69
241
241
241
234
68
9
140
153
83
77
114
245
168
95
187
245
132
142
244
22
182
201
160
43
113
182
65
140
199
120
137
139
241
168
24
182
64
241
89
170
113
113
132
66
58
88
65
6
65
114
181
207
68
168
241
92
36
59
226
92
168
144
187
231
168
4
135
69
132
46
152
40
114
232
234
67
223
14
132
58
16
168
95
205
144
36
160
83
49
4
137
132
20
132
188
136
171
37
173
232
181
65
151
13
15
124
228
248
171
135
248
4
113
222
37
13
113
191
233
46
135
43
194
229
230
248
198
124
6
242
171
137
90
254
94
37
131
109
190
241
124
135
187
156
156
99
242
113
134
171
227
168
245
254
218
68
37
109
254
142
143
37
4
254
4
