145
145
145
225
16
3
16
145
145
190
241
64
3
97
222
145
64
97
88
228
241
222
190
228
65
97
54
27
15
228
150
222
150
3
150
105
88
28
13
87
105
6
180
150
208
97
85
6
248
222
253
220
97
64
88
181
6
143
150
122
85
217
122
235
63
220
181
217
138
208
138
192
250
54
248
147
75
177
63
248
15
15
143
192
184
15
138
189
235
54
222
15
82
253
36
248
248
217
168
10
248
131
13
252
75
77
131
167
230
158
82
168
77
208
15
85
250
138
15
17
235
15
54
127
250
168
77
235
168
250
5
75
158
116
184
155
250
37
171
5
77
184
131
167
168
40
5
56
118
54
127
137
15
149
116
226
171
192
235
3
149
198
250
105
46
131
175
92
250
245
41
242
131
82
4
158
156
85
167
17
168
226
30
233
85
17
217
133
192
242
75
156
156
46
147
63
208
156
184
85
177
142
13
92
30
76
92
136
156
208
24
144
212
149
149
6
149
102
55
38
184
28
38
102
85
61
15
249
248
244
208
142
160
142
239
141
158
149
249
63
178
181
85
158
193
158
242
223
189
244
227
181
79
187
245
58
187
24
85
13
79
30
208
198
7
242
142
158
239
158
148
244
24
46
99
102
168
54
140
151
156
129
226
116
26
37
193
168
97
26
13
168
149
49
142
187
136
226
97
147
242
93
187
110
124
145
148
254
154
193
15
181
224
126
184
85
212
43
105
62
167
100
134
129
116
53
133
96
123
26
233
83
124
24
100
183
172
133
38
38
100
24
123
228
116
250
228
79
109
216
193
37
195
198
212
217
192
83
166
247
24
127
189
46
28
156
100
245
17
133
135
249
135
24
189
142
69
17
12
107
24
216
19
212
168
28
192
63
69
63
208
34
148
61
57
21
235
100
123
124
100
134
245
245
25
206
60
217
192
60
100
210
130
200
169
81
206
255
251
69
233
224
207
135
158
58
250
151
200
148
108
61
17
251
2
234
47
124
4
217
87
178
9
87
189
39
124
100
101
192
185
59
50
14
134
24
25
9
14
154
29
38
53
70
80
124
43
81
39
33
187
124
192
28
232
80
43
222
69
57
38
247
195
47
217
120
234
33
185
122
187
226
98
207
121
111
233
70
248
84
25
187
77
113
144
66
70
159
9
179
142
96
80
173
100
176
