34
111
126
17
225
184
5
101
34
47
14
111
90
111
119
119
111
90
237
90
126
14
129
147
3
61
90
241
237
239
90
94
251
65
129
41
6
94
27
217
61
93
147
165
34
61
175
40
220
90
94
14
217
27
94
94
94
43
119
94
217
111
16
191
94
101
59
111
94
243
182
8
61
217
41
235
147
205
217
109
145
203
98
203
93
189
235
93
216
94
111
154
165
98
63
98
164
34
15
33
186
94
193
231
165
235
65
256
98
165
256
98
94
158
98
98
157
169
175
94
125
90
248
164
183
169
102
160
46
67
166
160
111
232
165
217
111
157
179
225
113
149
50
141
37
98
178
167
151
235
165
96
237
50
165
175
16
174
178
184
8
98
29
8
178
75
39
186
210
126
212
125
107
186
84
230
230
184
17
128
178
157
238
191
237
160
183
82
43
38
178
178
230
107
99
217
145
160
126
237
113
165
75
33
98
216
255
75
54
178
39
53
126
144
84
81
210
191
93
156
212
58
90
71
77
107
50
38
127
144
153
179
88
89
168
183
16
178
191
77
126
38
178
82
166
165
131
84
131
40
43
99
225
114
144
178
96
37
37
13
205
107
178
230
63
123
84
229
215
230
239
47
256
31
186
113
225
169
178
190
173
163
73
128
59
125
178
97
29
107
179
149
165
97
147
28
247
171
177
172
126
82
113
75
107
210
205
114
221
81
125
229
176
129
179
178
171
210
208
74
246
235
49
216
186
37
194
83
178
8
123
128
18
20
191
88
99
115
146
82
241
144
206
171
119
86
12
72
99
210
37
117
53
178
20
179
252
81
16
119
142
216
101
236
82
125
51
125
230
5
173
178
128
204
131
99
236
110
16
248
75
208
125
205
183
46
178
123
64
74
235
74
21
230
82
168
171
203
125
50
63
247
230
99
88
53
15
167
184
76
191
117
119
210
52
18
175
61
53
20
20
256
123
200
233
131
72
99
235
63
169
247
178
119
173
165
85
104
225
94
131
71
114
168
184
168
82
191
168
173
43
119
216
25
255
76
205
53
74
72
85
18
24
20
50
83
246
179
23
38
174
82
31
27
183
53
38
69
119
34
37
239
75
156
41
63
125
156
170
210
243
230
210
27
20
98
172
20
114
85
53
9
117
121
173
125
220
125
254
172
98
225
210
38
218
168
62
245
117
9
119
85
230
20
156
168
85
53
140
183
125
78
126
92
156
104
151
228
245
245
126
81
223
52
92
20
46
78
197
156
45
181
26
210
124
50
53
205
52
179
20
189
27
85
98
40
9
94
98
173
242
52
209
85
20
175
24
167
200
251
78
256
169
193
10
213
131
139
238
110
154
187
1
125
133
74
114
119
99
20
159
240
15
92
26
123
224
145
37
238
145
179
75
136
209
187
123
113
26
210
101
240
77
200
168
222
75
233
177
78
103
120
251
140
223
250
62
168
1
26
235
125
110
138
210
249
20
205
115
245
125
197
224
125
114
54
251
223
242
253
1
147
176
104
125
184
90
22
217
123
113
229
56
184
178
56
222
235
13
207
120
4
123
233
9
206
94
77
78
43
230
218
2
105
139
20
27
130
118
206
120
225
179
207
173
28
252
120
184
53
250
249
212
111
183
125
136
53
37
77
106
197
73
77
36
118
78
134
81
173
242
78
175
91
43
99
78
242
224
133
2
22
90
77
220
22
46
235
94
20
232
95
213
26
222
35
23
204
216
206
168
18
222
78
20
196
120
245
111
53
16
42
64
249
240
20
207
73
57
139
189
178
20
138
13
125
91
86
176
120
105
230
94
240
229
18
136
77
149
191
217
29
210
13
8
235
95
9
19
207
235
9
89
52
254
204
88
219
249
91
48
105
87
94
125
238
183
174
75
101
44
220
39
31
50
138
248
136
228
26
26
11
210
77
53
157
53
217
81
167
115
218
96
120
95
10
116
71
216
248
233
125
83
175
31
32
76
113
229
255
224
22
187
193
107
139
21
96
242
218
230
78
96
44
80
233
158
25
177
214
3
172
184
111
77
84
84
44
177
147
20
166
245
232
94
136
16
230
96
224
219
240
163
168
254
218
210
73
50
216
218
173
184
65
240
238
78
27
82
172
44
174
133
183
70
133
99
53
229
84
210
232
77
50
184
178
218
99
53
168
191
224
31
183
39
78
235
82
99
120
114
147
139
75
207
121
82
183
209
240
156
34
139
204
56
159
245
87
110
63
184
158
184
174
53
172
235
23
108
254
29
88
111
218
182
201
49
19
249
134
210
21
13
205
184
13
61
27
207
209
139
60
177
230
63
9
235
213
99
218
84
39
53
26
237
196
44
230
254
212
59
110
51
53
78
20
131
218
168
114
207
230
38
230
207
123
221
238
184
15
185
242
66
148
207
96
133
207
210
232
167
63
59
99
81
228
127
181
209
73
95
38
7
63
114
48
88
40
133
220
168
56
53
20
209
168
2
13
13
158
15
229
225
184
133
238
73
206
53
85
11
9
78
97
26
15
240
145
170
256
200
255
93
9
85
192
63
255
83
83
210
179
9
55
78
129
131
247
218
3
45
196
226
216
136
19
9
63
154
75
4
255
178
204
147
204
88
78
154
35
185
78
249
21
50
20
81
74
13
111
116
163
19
110
50
98
213
192
158
161
38
221
133
150
52
255
25
13
44
184
99
76
52
237
120
197
9
159
256
188
10
210
52
125
158
84
255
218
4
19
76
218
226
160
99
210
196
88
34
150
10
45
133
184
228
32
218
216
122
155
210
42
207
81
125
139
85
86
237
52
125
110
57
178
255
218
210
132
206
188
170
218
50
133
77
133
172
61
210
235
127
133
18
197
248
91
15
150
213
95
218
157
9
216
247
104
133
104
255
120
197
16
53
95
245
97
86
218
12
120
218
213
84
167
19
163
52
218
39
148
14
190
162
173
193
56
249
85
26
139
45
238
133
94
207
43
97
183
133
246
207
197
151
37
127
77
133
139
245
122
56
207
157
42
43
198
218
104
216
124
150
77
14
43
77
32
226
188
218
45
37
139
133
139
218
218
120
237
97
19
99
178
25
43
82
133
22
124
124
26
173
133
30
218
235
246
157
174
9
47
188
99
256
111
104
9
56
152
48
