231
50
231
240
67
35
40
31
128
40
40
165
205
240
97
35
97
140
35
190
140
231
240
37
169
121
183
31
187
146
230
162
55
94
55
128
194
195
212
146
166
55
187
55
203
162
144
84
176
236
110
128
105
105
208
59
236
256
64
203
206
70
10
184
240
153
208
29
13
37
41
128
203
168
251
244
80
13
147
97
190
204
8
18
77
153
250
75
67
96
31
70
205
153
221
208
97
166
231
231
226
231
203
59
164
132
162
42
203
7
181
256
230
127
97
70
70
162
176
205
175
127
123
203
205
166
248
230
211
170
127
231
231
135
151
185
144
15
97
13
97
13
67
166
128
33
129
184
162
150
58
10
203
146
73
254
121
127
208
208
25
13
132
95
15
114
54
135
54
183
162
45
75
121
211
236
74
249
211
97
150
54
80
34
13
144
73
136
95
74
144
83
54
211
132
27
75
89
205
230
88
21
67
203
108
207
32
230
174
143
3
178
236
184
121
179
231
176
236
85
176
7
67
248
136
146
25
114
11
183
87
167
106
59
230
250
162
49
203
162
146
176
166
166
120
203
108
172
161
10
159
250
250
189
80
80
15
181
176
74
128
159
190
132
238
16
133
91
170
194
256
169
250
128
8
145
239
114
238
92
87
121
41
108
55
176
70
207
108
128
191
172
239
109
143
249
18
136
88
136
175
20
166
256
236
88
128
85
181
108
177
40
184
130
235
58
5
206
14
56
103
194
220
17
112
160
33
160
11
65
146
197
203
144
215
112
168
17
88
153
192
84
174
181
139
7
222
207
23
157
235
19
96
97
206
192
16
42
188
25
184
31
215
250
248
20
10
56
195
131
184
95
65
112
176
102
139
250
155
62
91
31
72
186
195
32
153
175
176
107
178
174
249
196
192
251
213
10
213
181
235
230
204
128
153
210
13
121
211
38
33
248
14
80
58
59
184
84
200
110
144
206
38
242
232
178
159
153
156
240
157
136
243
141
205
113
86
131
139
102
184
121
84
215
184
17
251
170
3
26
97
8
86
219
144
139
174
195
188
204
13
160
141
256
145
204
115
114
243
103
66
58
189
184
203
256
235
174
221
206
86
164
111
116
3
239
188
192
200
97
167
165
250
222
169
72
28
130
11
75
16
175
20
64
243
235
184
211
3
120
222
137
16
55
95
121
112
16
156
8
139
208
9
155
24
222
236
242
230
195
229
240
205
187
84
109
215
225
242
62
242
203
163
186
158
181
166
82
150
29
156
50
146
65
252
160
211
124
16
102
49
192
175
6
250
176
50
137
107
183
28
92
239
204
62
225
87
92
189
196
178
73
131
206
166
144
24
128
144
31
192
88
206
211
50
203
38
211
243
50
28
238
157
243
63
160
26
70
186
169
178
167
80
179
84
128
95
225
201
235
8
222
214
72
239
56
126
175
205
73
189
239
222
41
183
189
216
177
50
208
182
236
164
22
55
204
184
184
37
171
62
32
156
75
237
192
102
139
162
169
184
37
139
8
55
37
225
162
227
77
184
159
50
138
55
25
77
153
56
212
185
170
159
29
168
226
90
137
56
162
92
87
256
36
170
116
78
28
17
72
214
69
128
134
182
249
171
203
166
121
91
144
165
29
168
194
29
31
202
98
30
132
86
155
94
129
105
200
117
64
75
50
184
69
197
116
8
164
92
52
156
215
171
185
4
232
171
206
23
191
168
28
204
203
75
230
143
146
115
155
55
38
237
194
161
55
128
246
141
108
120
84
200
251
97
228
108
228
184
161
212
77
197
86
208
143
156
66
98
122
113
152
199
223
5
208
9
29
33
155
149
31
252
37
93
198
78
182
23
244
86
133
169
240
150
155
162
90
54
6
227
203
184
98
203
22
91
94
29
56
184
54
197
240
203
199
256
230
58
206
185
56
143
207
52
230
219
147
18
29
142
113
89
174
248
171
3
109
224
62
202
133
15
206
187
241
200
87
98
35
255
65
223
206
198
226
169
244
38
207
168
235
54
18
6
146
50
53
86
37
84
4
209
79
175
10
17
130
110
215
217
217
35
156
141
55
253
222
174
246
5
241
28
151
13
3
189
126
30
235
246
65
184
103
89
121
91
69
199
168
171
231
94
92
85
54
129
219
177
58
199
146
208
230
187
1
247
232
71
235
222
139
145
151
147
89
81
11
104
206
121
235
128
167
124
155
178
43
126
133
82
92
110
60
162
186
115
169
151
195
209
212
55
122
91
90
92
29
255
247
118
216
227
13
151
252
200
57
164
25
121
188
175
144
66
170
133
41
92
208
81
50
197
102
95
169
54
134
250
6
24
58
207
170
131
86
207
222
252
58
206
239
16
239
200
208
200
143
76
74
186
132
75
95
125
88
154
5
150
91
54
240
210
190
115
170
50
165
255
217
89
122
128
247
170
241
123
82
182
24
240
160
210
75
26
19
222
59
171
179
188
6
185
4
77
90
132
91
164
115
167
5
11
152
112
37
254
134
240
159
109
211
63
175
21
72
57
184
16
200
219
219
240
127
54
219
180
145
113
13
114
136
143
200
145
147
172
91
4
242
120
185
164
144
76
211
86
184
68
20
205
115
236
65
179
66
96
176
92
217
89
160
184
176
116
6
67
10
130
205
146
253
49
208
93
14
169
71
152
91
141
147
208
174
24
185
256
75
217
209
135
145
254
105
154
91
73
204
76
216
157
175
9
182
206
93
118
105
8
35
200
210
37
102
125
26
15
54
254
138
218
68
90
5
205
186
114
176
17
200
255
71
185
234
3
65
170
174
118
171
37
63
144
32
28
166
100
123
164
144
55
204
200
124
37
53
199
189
26
194
107
185
154
4
245
89
233
239
28
92
13
209
252
197
13
4
186
182
37
167
36
156
168
139
212
132
109
197
89
164
147
91
231
158
210
201
15
168
13
108
169
42
110
110
166
147
137
248
214
141
171
166
4
204
109
80
254
19
204
87
169
78
230
16
130
205
6
68
154
210
142
200
72
69
164
245
138
21
201
21
131
58
113
184
247
232
254
122
164
153
168
8
126
78
193
81
184
116
124
206
191
115
68
254
167
32
149
89
36
18
234
4
37
58
141
217
236
36
154
184
122
170
113
92
170
191
150
194
42
230
60
230
151
187
63
165
92
223
60
141
200
167
70
231
115
188
252
144
113
70
254
132
130
14
186
119
63
11
138
149
69
97
186
104
30
122
10
70
137
103
83
164
256
113
212
169
121
69
187
23
15
72
25
58
37
63
188
113
162
222
246
110
30
9
244
194
19
195
106
121
191
241
132
65
65
91
50
90
57
224
63
115
256
11
250
250
245
124
193
92
103
169
222
157
241
93
94
131
78
83
63
190
214
53
191
75
53
201
96
89
78
171
254
169
151
197
11
11
243
150
7
22
188
58
73
168
42
236
3
234
143
122
230
245
39
105
145
81
150
167
72
170
78
89
252
59
178
16
2
105
232
192
241
256
17
17
12
166
193
130
130
122
109
204
81
215
99
171
227
57
58
112
82
28
188
133
53
118
74
186
156
4
227
254
176
144
54
224
137
218
200
244
32
13
42
108
241
19
92
43
187
97
245
188
134
229
219
227
156
172
115
64
86
68
200
210
252
139
229
118
130
81
250
96
130
230
85
92
254
118
37
23
226
49
32
30
108
219
199
121
246
126
2
75
179
113
184
168
256
103
147
147
32
23
192
122
122
121
252
152
24
62
9
22
132
164
116
230
137
92
4
2
4
118
241
187
152
152
91
108
88
188
2
212
93
82
15
57
26
254
21
150
230
210
52
141
169
199
19
183
147
226
226
222
118
24
186
156
32
53
47
216
146
53
223
137
166
222
246
68
63
28
125
198
11
97
193
111
48
211
44
214
34
84
200
199
136
139
152
254
36
200
187
96
122
72
199
43
113
188
237
121
183
226
77
175
107
28
15
97
2
200
49
82
147
186
249
53
35
151
105
118
97
23
2
86
191
35
105
70
51
78
88
138
246
175
107
4
184
96
30
143
8
10
193
157
254
133
56
23
2
136
254
199
160
203
249
65
215
232
69
88
138
171
24
30
210
175
3
105
19
180
34
152
47
23
35
192
249
167
130
92
68
56
82
102
86
53
228
152
160
34
158
24
254
193
80
167
34
64
49
24
185
147
226
118
178
77
110
72
53
193
133
254
180
200
179
133
178
230
122
61
158
145
129
227
219
153
82
103
246
23
28
230
28
82
188
118
23
113
37
70
30
227
191
148
237
174
168
157
226
230
2
47
167
212
216
99
133
226
188
23
135
205
82
171
238
23
198
133
152
192
57
167
17
198
37
86
9
173
24
184
70
85
167
124
24
23
133
133
198
64
122
86
200
82
207
133
207
24
215
