80
80
256
10
80
80
80
80
80
10
80
59
31
166
113
7
80
80
80
59
59
80
80
80
59
80
95
80
146
231
59
55
59
59
217
59
1
66
14
80
59
80
223
91
231
33
87
95
231
59
14
95
59
136
195
80
90
93
136
75
90
67
27
135
59
136
59
107
14
14
16
54
67
33
95
55
222
75
222
67
118
14
209
59
181
196
175
55
147
80
14
107
59
209
146
166
74
59
256
208
1
90
16
14
97
222
231
80
10
80
223
59
147
25
93
80
61
208
147
95
211
231
231
33
59
185
208
209
33
14
61
59
108
230
95
75
10
123
185
90
88
166
90
249
78
199
185
25
229
122
46
67
14
135
34
59
177
136
67
27
164
183
220
14
75
41
183
90
174
175
182
121
59
79
59
151
98
222
107
194
222
217
113
73
59
145
229
33
14
90
231
40
135
29
67
195
211
31
250
59
90
195
143
14
59
59
41
28
186
78
14
79
135
146
252
40
173
80
114
77
14
49
18
127
211
132
113
31
185
107
66
205
185
40
172
55
14
3
80
176
14
6
136
59
1
59
212
59
18
90
121
51
80
206
80
71
89
93
175
182
80
21
40
105
67
90
10
244
225
59
135
80
17
80
14
109
229
226
8
30
14
186
183
144
184
109
40
211
33
181
136
244
182
107
226
245
221
150
95
138
150
182
123
75
108
59
31
14
222
21
89
113
185
137
211
14
182
220
51
22
245
113
135
75
150
59
150
1
30
7
113
174
1
208
97
150
7
31
245
169
223
14
217
226
221
59
109
60
176
217
245
1
195
123
206
78
75
211
222
249
121
1
135
135
254
67
1
205
172
135
165
229
58
183
244
15
146
217
90
123
90
136
205
195
174
113
183
1
34
195
183
253
118
225
5
74
67
183
165
194
90
140
217
236
59
217
47
130
222
249
84
39
81
113
84
210
187
75
21
113
240
211
222
183
90
237
150
34
121
135
27
109
60
253
206
182
16
32
95
194
166
206
42
208
229
136
256
67
17
77
31
187
113
125
1
206
90
66
250
1
1
31
59
75
253
185
256
207
205
24
256
220
80
2
172
49
31
33
60
180
222
60
18
184
166
109
113
114
136
180
231
119
75
30
80
131
103
90
60
59
144
15
73
223
228
130
100
217
122
10
184
21
3
75
90
31
184
1
90
1
205
66
132
183
24
5
40
28
95
41
107
65
60
183
27
120
166
226
6
136
62
190
140
60
7
154
60
80
40
25
132
146
59
8
187
183
13
191
123
30
37
151
2
109
113
211
184
228
208
135
95
40
65
109
160
125
181
164
222
109
245
226
18
7
1
109
224
65
242
164
135
59
180
184
222
34
186
21
164
31
144
90
108
150
80
235
60
211
206
146
201
130
205
195
66
60
136
131
239
109
251
226
100
144
164
50
1
203
58
203
95
108
166
136
31
231
174
200
175
40
55
135
109
40
92
144
21
100
223
108
111
95
208
97
190
30
100
15
3
106
201
1
131
222
35
60
135
60
135
176
185
11
166
14
223
156
217
1
77
205
250
239
1
59
17
5
135
59
111
175
22
136
109
128
200
146
50
33
1
206
226
30
131
18
146
95
132
156
90
229
195
33
144
181
131
131
108
49
114
169
132
93
95
135
17
223
110
211
170
114
254
152
60
49
223
146
176
64
237
17
70
2
143
66
113
191
77
95
109
121
55
131
80
77
49
14
208
226
184
195
204
156
164
24
125
36
17
137
56
225
10
1
60
65
100
245
131
87
184
32
98
100
80
211
111
222
77
1
30
65
100
109
113
78
131
1
64
226
65
109
181
220
135
211
203
229
117
36
95
195
111
27
71
33
89
33
189
186
153
181
132
118
231
151
135
46
121
173
2
60
53
153
1
113
135
33
60
222
195
33
164
205
132
95
21
114
121
143
40
109
109
245
60
182
206
90
164
226
146
109
176
182
65
54
54
63
1
189
146
55
1
91
3
113
100
75
85
182
203
60
229
30
109
46
109
65
217
132
60
219
78
132
211
203
235
40
195
5
119
189
162
231
109
6
240
2
170
211
97
5
92
97
231
99
8
109
2
113
229
187
31
4
30
111
97
2
114
170
21
80
49
5
42
142
132
20
142
226
131
59
2
2
208
185
183
231
114
8
5
100
59
107
107
156
239
131
6
228
195
50
109
209
150
229
49
77
145
73
52
244
168
59
70
47
152
19
190
100
137
136
191
17
192
142
132
245
137
75
208
195
60
8
195
151
80
182
235
256
77
182
171
245
222
140
14
109
34
114
185
140
33
114
187
78
156
239
65
88
195
89
208
118
195
191
3
245
59
136
188
130
75
188
43
67
195
2
224
20
28
78
5
217
132
146
245
88
89
88
88
141
2
75
217
29
245
198
17
132
29
175
1
150
195
240
59
49
15
2
132
75
138
192
100
138
245
14
24
70
246
1
150
168
20
49
4
245
151
227
78
109
109
118
193
28
229
49
114
36
125
184
4
218
194
78
59
88
136
21
230
195
80
118
49
132
67
253
237
184
253
60
59
254
121
109
14
19
80
136
224
230
173
245
222
173
235
100
30
132
132
121
82
82
245
146
2
105
63
235
68
97
183
35
181
121
131
186
252
235
230
82
60
53
132
248
248
177
141
88
118
211
95
236
97
132
88
247
101
223
133
53
245
194
47
237
15
193
114
65
183
118
228
185
82
245
245
111
132
235
205
195
191
30
185
131
226
116
230
30
240
245
97
63
16
230
82
154
65
132
181
78
125
97
230
109
88
229
228
11
77
245
101
82
43
100
230
4
88
168
14
228
150
184
244
242
49
80
96
124
114
228
88
223
49
143
14
132
92
93
88
49
95
14
62
89
21
88
92
65
168
124
227
239
28
180
185
49
188
224
57
101
92
95
150
192
250
144
109
2
235
184
126
171
80
63
143
236
136
35
77
89
26
10
78
185
78
192
168
211
106
236
245
125
21
78
224
51
124
224
54
159
46
101
124
115
158
63
184
43
230
224
144
175
95
132
13
192
33
125
131
187
13
46
58
190
185
195
30
250
173
57
77
199
173
228
57
10
88
4
169
255
5
30
13
77
48
224
78
65
96
188
252
126
132
141
7
52
169
