25
67
110
106
176
3
3
3
67
33
14
249
42
239
42
239
67
239
67
244
242
203
189
146
220
42
240
91
170
115
23
194
67
86
42
54
86
112
22
24
245
88
115
153
108
232
40
107
242
207
245
35
42
229
145
249
87
245
82
240
8
249
86
145
7
82
67
145
10
207
112
252
215
23
87
77
112
23
23
16
45
140
207
256
159
74
153
190
127
170
3
47
178
62
54
249
106
54
242
67
128
204
201
127
67
165
164
67
189
242
54
67
84
165
245
91
106
49
135
169
205
189
47
226
73
190
45
165
237
207
98
23
87
159
26
157
174
184
23
127
219
56
165
218
178
160
242
189
34
18
179
34
242
62
202
54
242
226
79
176
249
235
15
52
89
75
242
57
129
117
202
52
155
145
256
31
117
81
62
31
45
252
179
147
191
226
140
5
166
146
196
245
176
232
48
189
242
208
123
231
245
117
76
136
35
245
18
84
54
58
208
178
106
239
57
178
90
205
208
204
69
106
10
212
145
176
157
204
123
242
39
97
159
148
127
148
253
76
219
86
98
19
149
69
218
120
26
16
148
25
61
231
178
19
47
160
26
155
218
47
33
90
155
170
43
10
218
44
252
33
212
186
83
59
249
11
111
217
15
6
242
148
26
159
31
24
215
145
16
145
232
57
54
47
6
127
178
220
190
14
232
62
86
89
82
140
217
50
7
123
148
89
143
58
145
3
50
159
120
29
190
155
72
3
126
129
115
99
86
6
117
95
87
220
54
73
84
129
23
48
26
26
242
193
48
119
17
182
168
126
157
244
231
66
242
191
20
117
127
16
189
51
148
67
186
8
123
26
189
220
6
253
254
253
136
183
35
247
157
133
211
254
62
3
154
99
87
253
161
224
136
9
12
240
45
119
161
64
160
247
71
48
136
155
154
82
148
133
207
136
215
159
202
152
221
111
198
141
254
161
23
120
255
161
198
6
23
92
159
197
23
154
48
213
30
120
8
131
49
220
186
82
117
75
93
190
187
198
197
147
162
32
213
213
247
155
188
98
236
217
82
137
215
193
82
82
230
179
72
120
131
213
54
161
13
193
45
159
48
148
98
159
4
6
85
206
159
255
9
197
115
147
197
44
120
147
159
161
24
48
161
82
85
52
117
159
246
215
85
72
215
82
171
134
215
117
198
242
161
133
159
200
232
215
215
161
114
170
215
85
63
99
44
9
250
255
232
99
72
45
42
247
155
133
133
23
202
200
82
232
215
25
163
32
23
213
213
115
137
213
26
232
215
215
115
167
232
44
255
133
232
82
255
113
215
213
115
213
201
133
20
133
22
39
69
115
25
133
34
161
169
232
159
247
88
173
161
117
19
213
213
15
215
186
159
26
34
197
187
202
224
226
190
48
117
11
12
106
35
256
23
197
197
192
186
170
232
41
169
190
186
85
58
159
232
169
79
169
48
241
44
77
167
256
134
10
158
111
201
135
99
170
161
201
11
115
155
167
238
201
72
196
155
42
20
125
201
198
133
26
85
77
34
202
196
10
197
256
79
186
10
117
31
155
133
142
35
