127
47
127
47
251
47
231
6
65
147
231
147
6
231
65
191
6
47
162
150
130
251
126
251
51
75
206
162
47
181
251
47
212
34
34
34
212
171
90
154
6
36
137
75
174
91
36
206
130
225
105
75
127
36
111
41
65
13
164
147
98
141
5
217
244
112
185
229
229
127
191
137
119
223
242
3
71
244
102
20
144
111
40
118
185
219
254
252
75
147
229
208
143
47
8
111
119
234
21
239
169
191
47
119
20
71
22
144
171
16
164
185
244
47
125
143
236
217
229
62
206
71
81
87
81
201
212
118
41
43
111
234
36
246
73
180
107
36
62
41
225
191
28
41
211
185
121
160
111
136
111
156
81
40
185
7
229
111
89
208
62
6
160
115
160
171
231
160
234
98
160
66
8
234
114
81
109
71
47
81
191
160
217
254
129
224
41
102
16
244
143
62
18
107
188
199
188
67
13
200
191
165
254
165
104
127
41
229
113
18
228
191
7
129
191
21
231
234
18
224
129
201
41
217
200
76
229
199
243
50
127
229
171
254
41
231
234
228
254
208
245
88
191
245
244
245
41
228
246
229
224
107
81
178
244
37
217
21
18
224
185
74
200
245
33
165
245
41
229
225
200
180
225
108
208
5
143
102
245
188
81
41
36
41
88
208
253
118
98
222
129
21
50
239
206
228
229
253
71
225
229
107
20
107
20
182
84
224
180
253
185
138
125
54
255
84
178
171
209
27
234
156
245
119
148
183
5
63
175
92
63
224
114
21
107
230
191
202
84
100
255
183
84
114
175
201
130
88
239
210
47
201
205
63
88
177
88
191
52
5
228
130
49
250
47
47
24
109
228
42
50
129
27
224
63
130
228
249
85
194
50
52
97
249
148
249
200
93
156
203
128
88
248
177
97
106
197
82
136
124
177
88
86
249
244
63
73
182
171
173
8
88
86
74
225
86
74
20
230
112
208
105
72
129
142
19
20
181
50
86
213
191
168
82
190
36
77
74
138
97
105
222
198
5
244
133
86
86
109
126
122
86
20
5
136
198
86
56
86
86
54
62
254
243
153
86
20
244
163
178
20
114
114
244
5
163
5
156
244
185
125
44
15
98
56
157
230
53
157
230
161
15
85
15
159
84
92
157
233
12
234
108
235
191
