220
81
81
234
19
195
117
51
9
9
204
81
81
150
59
18
150
18
172
26
219
55
18
19
139
187
250
19
204
230
230
115
66
14
26
64
18
204
106
237
115
61
74
150
183
66
251
140
150
249
230
172
76
150
14
178
189
150
237
53
115
135
153
127
66
195
126
192
11
25
98
48
150
64
2
91
97
221
8
235
115
67
88
95
65
127
106
91
236
190
126
242
8
67
103
88
51
31
81
183
53
76
84
26
153
222
150
237
64
177
176
66
26
48
223
16
106
95
97
72
138
169
95
129
35
189
27
210
67
62
12
81
81
237
190
8
127
219
220
236
189
71
177
16
220
80
106
140
16
214
136
195
149
155
126
228
112
51
84
69
79
62
149
123
106
220
176
33
81
81
74
110
170
123
64
140
155
144
138
75
195
66
87
189
256
165
251
249
54
117
89
10
183
76
250
16
120
122
204
242
138
251
34
136
215
80
237
138
190
32
170
204
56
161
87
150
121
170
204
230
211
138
237
67
237
171
136
162
136
26
52
153
121
242
237
203
73
204
66
67
126
28
110
253
47
145
177
251
189
225
256
221
67
162
85
84
162
222
204
74
138
204
70
190
112
16
42
75
238
40
69
221
26
10
140
106
76
112
214
174
51
104
129
130
79
115
190
253
214
117
137
127
215
214
150
123
212
133
253
174
221
220
159
222
106
84
84
91
143
117
59
3
153
174
51
194
181
76
220
87
140
135
182
217
54
64
153
91
183
225
208
184
202
105
231
59
60
25
153
72
207
51
138
181
70
69
222
111
106
113
67
243
54
207
112
155
147
72
235
140
66
237
102
11
165
88
69
89
231
56
112
139
236
89
220
242
143
157
31
219
153
242
147
118
86
211
47
138
84
55
235
239
54
202
235
56
138
82
87
22
190
153
91
39
22
21
157
227
102
31
119
169
222
14
135
242
72
132
226
88
226
61
161
213
124
202
70
14
117
140
100
189
33
161
140
62
128
195
47
123
239
222
107
237
231
128
115
132
207
221
245
226
75
38
54
215
89
145
86
235
219
249
141
106
211
159
66
139
218
106
243
131
243
215
160
91
14
38
44
25
95
147
184
173
51
140
83
151
252
114
230
226
74
159
132
216
56
70
106
140
105
220
73
240
199
138
51
155
114
62
165
115
249
95
109
122
123
236
249
99
189
208
245
140
66
212
212
77
208
170
102
224
157
237
195
160
106
165
99
25
80
161
237
234
75
204
9
216
181
212
124
10
28
212
67
224
251
115
134
23
196
145
8
40
226
150
66
31
83
74
198
212
21
39
131
226
225
150
110
98
134
130
132
53
236
211
170
60
252
93
228
215
102
12
135
127
44
67
157
226
212
159
195
181
69
64
173
251
66
117
39
118
195
131
132
119
8
100
147
39
223
114
9
154
138
252
231
42
123
5
74
141
22
166
231
222
220
18
39
214
242
132
236
256
47
95
59
72
9
117
135
138
124
114
214
226
176
117
138
138
224
124
77
22
118
8
69
87
39
151
1
100
215
51
251
199
248
34
226
131
251
117
59
118
157
159
39
131
119
73
134
219
195
225
154
157
133
51
55
223
22
77
166
131
132
217
87
118
149
22
131
76
187
84
60
172
216
159
65
237
183
39
207
215
100
172
224
138
249
42
240
72
236
43
1
224
100
124
59
211
155
22
185
190
223
66
223
8
135
64
119
241
218
48
141
124
1
42
117
127
1
224
5
172
94
66
139
253
187
118
176
114
69
129
102
10
189
91
10
241
120
214
17
91
40
188
131
117
138
98
1
40
117
10
124
48
181
79
115
139
232
69
181
222
91
51
72
9
49
206
3
72
70
94
99
14
226
93
124
203
255
156
238
207
93
70
44
95
65
39
53
197
137
190
65
213
123
70
51
15
227
76
49
66
107
190
132
60
163
9
132
218
131
155
139
65
174
132
87
109
197
121
26
178
197
54
131
131
20
197
163
52
42
177
188
65
214
153
74
72
142
64
54
188
239
123
160
232
213
177
173
112
221
25
12
197
35
179
255
64
239
123
216
198
174
34
48
117
135
25
16
116
74
218
53
8
22
66
4
167
177
58
142
207
5
174
190
239
111
245
137
104
57
174
53
123
198
248
150
178
246
255
34
60
155
127
49
207
4
9
176
135
100
60
53
49
120
135
18
71
174
60
64
66
153
23
120
33
120
114
120
226
9
123
174
100
100
120
23
68
135
79
4
64
142
18
218
71
52
213
207
23
17
23
18
52
120
70
4
70
81
253
158
53
137
239
120
44
197
178
30
135
135
59
197
2
120
191
132
63
50
120
91
30
120
158
135
21
176
254
244
219
120
224
48
137
207
59
197
197
