166
127
81
172
127
172
212
212
3
106
3
19
94
94
129
90
94
110
145
34
94
90
3
94
147
212
74
184
147
154
249
90
147
3
94
17
97
216
131
110
249
12
216
131
220
127
9
37
122
131
94
222
174
15
220
184
3
111
63
174
127
95
131
131
51
147
235
216
95
220
235
216
243
28
104
219
15
98
250
15
216
28
37
250
145
177
4
127
147
168
181
104
114
250
220
235
235
76
98
184
237
184
184
57
174
126
76
235
15
28
174
181
9
235
76
131
5
95
256
126
123
34
192
99
104
114
127
132
181
6
181
98
131
227
17
99
131
132
34
114
174
154
193
131
149
154
41
174
54
99
41
216
6
227
239
114
6
54
92
244
41
90
92
15
54
217
85
131
216
127
54
154
76
250
114
123
6
63
41
154
114
181
114
226
54
154
12
154
247
248
183
53
77
104
6
15
63
104
77
15
28
126
48
175
18
53
168
82
126
229
209
250
63
63
168
216
46
145
145
145
151
168
16
145
57
97
168
247
137
193
158
71
37
85
212
175
154
178
230
154
46
114
129
17
77
145
96
145
129
65
37
129
218
228
184
8
159
63
193
63
34
54
48
216
37
114
37
137
95
142
184
147
91
225
154
54
2
149
104
235
145
145
99
37
204
77
180
127
77
204
215
92
104
77
198
37
109
86
74
37
125
175
131
37
109
63
77
105
137
198
12
32
163
145
108
12
145
250
11
97
193
82
198
180
184
145
9
131
105
248
220
226
145
109
16
187
12
131
71
109
109
171
209
193
168
222
82
204
216
126
63
19
136
241
38
76
31
184
6
77
68
102
188
158
184
11
168
102
176
187
79
241
85
85
111
212
233
14
37
82
141
85
184
168
142
63
248
171
138
250
88
181
168
137
178
193
15
171
90
90
85
90
138
181
117
248
38
122
118
89
171
171
201
6
85
174
228
222
132
131
96
101
241
178
56
38
133
37
68
189
163
92
183
150
163
77
4
187
79
38
187
15
120
78
133
132
150
248
148
37
137
174
134
252
158
178
96
111
156
145
192
124
212
197
163
163
134
209
176
63
118
158
122
85
168
67
120
233
192
142
158
79
53
124
141
193
137
110
53
37
124
248
4
89
6
67
78
158
15
197
168
248
248
184
187
172
132
12
196
131
170
163
161
158
187
156
171
101
109
197
33
67
151
248
157
254
215
14
156
200
137
133
126
179
175
82
163
156
62
122
158
67
82
22
63
4
131
128
193
158
15
48
132
37
56
197
133
178
67
184
133
201
85
237
219
38
178
248
158
214
63
28
70
148
2
132
156
224
43
123
178
167
163
178
62
14
137
237
24
82
12
252
235
123
159
134
38
63
124
159
158
168
30
126
248
77
248
184
158
63
60
210
12
86
126
53
2
2
133
161
158
193
77
44
156
12
168
15
254
3
132
230
141
184
126
12
124
48
86
14
53
184
8
3
16
53
57
68
254
136
46
60
3
124
133
12
133
116
197
133
156
187
141
131
60
52
63
192
63
70
238
15
85
131
24
1
101
31
119
46
24
133
124
149
158
135
134
142
12
56
126
134
63
134
104
133
86
38
104
134
167
137
16
82
132
79
61
14
12
82
185
218
124
26
56
23
84
159
45
2
131
167
197
248
63
46
15
152
12
20
25
81
38
168
46
1
20
222
178
134
119
38
176
172
188
188
60
117
77
44
31
176
79
4
199
52
106
233
101
158
152
207
142
124
133
57
216
167
124
12
45
255
134
222
158
193
79
45
45
187
12
192
159
45
