84
203
209
144
209
138
209
47
77
73
209
166
184
194
31
209
66
40
87
138
66
15
181
181
31
143
166
181
143
138
77
243
169
47
229
87
229
31
97
97
41
244
221
31
15
138
15
221
97
209
75
80
239
58
33
95
209
17
169
146
221
59
46
75
138
75
165
181
184
75
122
75
40
59
122
75
75
95
46
17
31
15
165
50
121
121
66
97
248
180
183
239
31
75
146
235
138
210
154
15
128
41
97
222
209
105
104
128
13
73
46
179
95
243
59
104
17
194
138
194
75
128
97
154
243
77
97
122
55
209
39
222
138
88
160
172
181
17
178
172
222
170
206
177
206
27
222
95
222
17
177
222
108
138
206
164
206
97
55
103
130
115
104
172
150
58
128
154
199
54
40
13
122
79
211
249
17
70
168
208
164
58
34
199
70
195
115
184
170
79
205
132
204
209
3
172
237
67
195
177
11
237
97
227
180
11
223
104
205
59
138
122
109
191
116
70
139
112
184
59
7
150
55
103
240
115
27
130
169
136
112
191
122
132
241
13
190
113
141
151
147
27
204
165
116
230
115
104
113
54
229
142
191
136
120
138
112
78
203
144
149
41
96
107
114
7
179
247
145
7
120
4
231
130
203
68
17
164
6
229
97
71
166
122
168
104
203
83
141
204
231
182
55
212
40
115
136
211
242
147
224
226
205
212
211
214
217
87
76
87
