237
222
222
239
121
17
181
135
143
121
17
121
181
9
118
121
181
67
67
66
143
212
80
66
165
165
250
67
250
221
17
130
67
9
141
246
212
244
17
9
17
194
250
165
3
67
122
221
114
138
183
138
143
75
9
114
122
124
194
190
147
138
222
132
186
5
89
98
228
111
67
114
75
89
17
98
198
250
8
145
138
141
33
182
154
67
177
11
177
19
45
151
147
3
14
112
138
118
187
233
114
130
27
206
154
222
108
49
227
198
122
31
95
167
195
231
219
150
106
130
109
5
173
195
220
84
141
251
222
14
9
79
244
250
177
234
171
251
180
42
83
88
108
101
107
166
75
65
185
84
24
225
62
88
134
13
74
11
75
137
90
44
65
14
149
89
146
79
239
250
101
155
118
236
144
127
95
38
166
89
141
96
11
206
2
162
246
130
14
98
185
171
75
97
88
141
245
78
195
103
223
55
199
89
204
97
241
171
106
44
221
222
238
14
175
75
185
62
61
248
18
208
25
78
151
51
181
209
217
34
49
229
147
248
240
241
199
18
184
40
233
185
88
11
59
109
118
14
55
195
235
204
224
147
87
16
83
246
67
59
187
64
13
223
95
256
5
118
208
90
234
185
114
208
248
208
14
185
167
90
168
37
10
241
103
93
177
192
52
245
228
181
18
41
103
61
221
205
3
169
221
3
181
108
128
61
181
201
239
245
236
29
136
128
67
212
47
78
2
97
76
222
158
102
129
110
171
40
254
236
140
11
78
64
141
16
217
65
9
44
195
206
96
216
109
171
190
169
106
114
221
13
132
120
160
198
32
106
103
182
75
217
234
147
8
246
102
171
118
131
231
245
60
128
222
182
203
229
151
230
124
176
251
1
96
170
248
158
73
8
110
10
86
227
69
89
224
192
244
239
249
96
249
78
203
33
227
111
222
229
100
187
83
244
138
37
209
96
170
205
182
168
224
201
144
128
146
40
203
240
176
63
175
8
203
131
60
64
248
246
173
150
15
102
121
3
154
180
89
154
100
187
60
201
182
222
58
147
166
242
167
3
70
65
98
25
214
6
13
81
2
38
239
47
91
98
15
131
189
37
78
93
113
91
77
89
238
132
168
57
63
224
108
146
245
209
3
108
55
102
107
12
238
132
3
54
108
229
118
130
82
89
114
96
205
3
112
88
211
235
256
214
35
151
90
107
235
196
47
65
88
224
132
34
171
67
207
139
3
55
253
58
179
168
171
91
117
229
224
205
40
89
38
77
108
222
249
230
81
217
176
10
31
135
34
91
234
1
229
183
156
88
158
172
10
132
31
156
224
44
248
89
256
67
183
42
140
116
63
221
109
19
114
128
217
37
35
172
102
250
246
222
108
181
240
8
173
240
95
89
151
238
65
88
34
105
79
209
217
95
114
71
184
158
256
235
171
118
153
40
27
220
15
8
76
138
40
237
3
249
136
238
16
132
88
51
186
151
220
217
51
14
241
244
7
16
223
182
5
145
27
119
234
140
144
175
108
238
104
102
169
29
167
6
121
249
240
134
102
205
190
52
162
3
34
211
134
57
151
245
141
150
175
150
248
168
93
3
121
8
147
228
151
35
46
168
164
67
108
128
75
138
114
169
94
230
74
14
109
187
27
226
118
182
128
35
233
5
136
12
114
31
206
5
14
190
33
59
141
33
40
6
237
162
64
171
40
240
108
256
69
74
73
84
91
74
170
47
24
10
168
105
52
96
103
34
24
150
229
190
66
51
90
171
15
220
179
64
136
158
194
73
175
253
113
220
15
118
55
151
249
222
8
95
70
189
150
168
157
77
5
246
107
95
234
61
154
105
87
142
184
65
29
88
204
89
162
113
38
78
31
132
118
40
228
174
245
37
140
196
238
147
33
244
59
169
150
37
65
10
165
161
179
242
104
171
186
142
201
116
152
214
14
40
3
196
114
175
217
30
38
40
67
14
34
153
169
160
179
130
236
114
95
130
33
205
210
178
222
13
217
192
9
248
138
78
242
121
96
102
103
55
33
136
165
233
21
219
245
108
58
184
125
31
9
242
53
132
5
114
220
16
79
70
130
16
108
234
73
51
248
153
89
189
212
229
203
30
96
227
41
164
29
84
167
6
123
37
75
198
9
196
66
47
64
12
131
6
147
88
175
61
64
63
211
121
63
103
150
37
13
13
144
59
221
53
174
136
54
198
198
102
24
7
171
201
31
156
185
106
245
77
176
105
60
251
110
164
132
252
102
89
164
52
158
205
168
95
99
103
236
138
132
105
237
229
219
206
91
229
144
115
248
187
205
181
236
15
13
224
42
154
79
40
43
131
190
207
29
128
63
170
237
105
102
212
203
224
37
53
16
249
63
230
220
236
128
251
5
171
108
88
5
51
64
121
8
46
108
101
141
27
112
208
256
88
158
229
238
166
179
250
47
151
196
82
64
15
81
215
77
101
31
179
84
144
227
93
64
61
207
224
213
196
136
105
109
227
105
227
80
104
224
245
93
121
35
165
222
34
167
237
31
224
74
142
241
95
236
227
224
149
14
201
117
116
107
131
171
141
176
25
195
144
96
205
230
111
94
44
206
196
37
170
220
37
235
140
8
50
171
18
105
31
196
256
223
102
225
37
203
168
134
13
134
208
105
168
182
145
201
219
144
237
91
3
71
76
170
131
88
9
252
13
112
96
58
81
222
139
124
63
64
242
130
164
168
141
193
95
201
231
223
131
27
25
114
64
103
88
115
167
101
161
31
158
150
242
109
76
124
187
101
223
14
15
164
246
168
207
178
227
180
243
134
109
155
16
233
120
37
230
195
136
25
41
74
46
256
63
6
193
146
63
70
46
69
150
224
177
154
90
37
94
40
88
252
91
34
24
15
114
102
1
138
87
222
120
91
207
168
168
142
105
59
213
88
201
121
66
247
101
247
62
227
118
26
38
226
76
11
124
26
91
6
84
231
9
68
165
84
171
5
61
71
214
184
55
108
93
37
168
146
218
209
89
243
117
222
74
27
68
63
91
102
158
228
203
6
84
93
25
95
78
95
66
37
81
136
167
175
223
44
207
227
227
100
237
80
168
236
256
209
26
236
171
66
27
84
234
63
16
58
164
167
225
227
140
211
248
195
184
152
46
28
211
96
108
194
171
207
193
17
30
248
230
221
65
77
232
144
13
158
63
168
169
222
236
29
5
191
242
41
244
191
240
134
166
248
135
207
29
211
5
38
8
164
184
78
116
253
242
107
224
230
101
189
186
64
59
37
164
13
131
171
136
191
170
40
151
79
81
171
44
114
230
227
46
101
76
249
195
58
110
250
44
16
243
182
241
243
164
173
193
238
222
212
88
53
225
16
34
227
213
131
156
35
46
60
153
242
207
218
158
103
57
183
7
26
223
121
256
102
95
35
77
237
241
119
239
235
47
184
99
242
75
113
35
169
205
256
32
63
222
18
224
224
241
62
121
168
250
9
161
9
58
228
236
144
80
169
191
174
221
153
223
94
132
229
205
15
225
128
133
193
144
196
183
178
222
40
101
100
37
57
141
73
222
103
205
105
39
101
253
135
63
71
151
230
251
83
184
121
176
203
220
228
4
235
207
133
226
93
230
16
25
96
107
135
198
1
74
164
229
202
222
88
103
32
236
14
168
168
191
211
146
133
73
37
184
180
86
166
124
256
205
238
38
229
82
41
211
46
160
221
31
11
229
131
168
105
41
27
95
246
102
222
201
256
164
38
12
241
133
108
35
134
222
13
38
89
131
240
124
229
225
190
179
49
89
187
121
77
136
75
102
221
132
76
103
53
199
155
133
146
38
136
35
251
160
203
252
84
219
71
189
73
195
144
190
134
58
102
255
151
201
22
153
25
9
144
203
1
103
167
144
22
227
54
144
226
107
246
138
244
144
25
102
226
169
32
77
49
55
88
108
130
101
130
169
43
188
230
238
192
256
227
46
135
253
82
25
4
226
227
124
14
135
203
159
74
227
103
217
219
55
114
242
27
88
74
128
124
232
41
201
158
4
88
5
16
57
14
120
114
185
175
255
60
239
108
77
39
108
187
116
187
101
241
221
226
207
73
124
221
238
203
133
97
107
93
168
236
75
58
195
240
146
106
244
207
170
37
180
222
235
197
131
135
183
253
42
114
122
88
223
235
28
191
242
221
14
13
66
228
35
29
78
10
30
37
144
157
103
88
255
41
124
116
166
102
166
52
67
195
252
65
178
207
91
91
14
166
38
199
142
179
236
187
9
205
11
197
87
90
239
9
24
201
135
102
201
64
256
190
190
27
35
121
11
42
41
35
64
183
103
35
88
122
182
37
74
16
171
31
31
88
253
191
116
5
151
126
193
88
77
230
90
137
130
116
151
34
248
251
35
193
9
159
40
145
52
197
203
186
116
136
47
17
203
107
146
113
75
99
90
170
256
192
170
203
238
32
57
221
145
116
53
88
132
150
123
33
205
253
169
101
201
89
88
194
182
156
114
159
157
135
207
166
116
240
37
221
170
186
88
201
237
210
103
256
117
256
203
91
122
146
124
137
99
253
90
144
1
33
40
169
73
60
240
53
90
35
39
175
93
255
195
189
197
241
109
135
121
233
229
183
248
88
86
179
158
247
146
103
186
35
222
238
252
229
241
223
34
27
134
69
121
64
3
34
206
207
201
228
228
164
256
170
233
116
192
195
198
83
195
13
77
221
31
186
35
169
83
88
116
65
201
144
238
108
240
73
146
52
35
144
73
166
235
203
35
203
33
34
228
91
113
86
189
40
238
79
46
10
35
221
146
223
13
27
91
175
248
108
201
135
41
9
158
108
169
103
67
144
37
120
35
192
256
228
168
230
237
6
96
88
9
166
113
35
146
201
170
35
224
8
9
