80
80
146
186
88
223
26
88
105
84
61
209
7
29
140
195
67
221
2
223
140
2
170
29
195
7
231
231
239
7
199
135
190
250
55
225
186
5
231
140
91
64
239
7
135
249
113
5
211
195
181
231
2
67
249
5
181
205
195
250
205
25
110
110
138
239
114
76
92
149
39
176
91
84
109
95
114
67
251
191
181
231
84
84
84
196
222
84
8
208
124
222
84
220
41
181
184
184
249
181
54
222
75
252
239
136
75
195
250
177
208
22
110
183
75
249
195
208
250
205
231
181
180
89
234
63
191
105
2
150
25
208
84
171
25
250
184
35
190
252
249
249
102
203
171
169
252
230
35
61
5
177
65
150
184
136
189
182
136
95
3
181
108
195
84
208
114
111
3
183
200
8
251
250
112
89
200
185
87
182
121
220
71
90
208
8
90
35
150
209
164
8
41
184
230
89
24
75
84
24
94
95
208
87
87
16
110
2
156
222
184
209
129
129
84
94
112
28
129
87
181
90
222
126
187
95
70
75
89
8
181
138
50
208
230
196
112
88
58
136
97
130
103
96
5
129
2
79
165
90
238
99
79
130
54
10
147
79
3
8
209
189
98
16
105
58
182
137
5
215
77
150
78
97
105
176
209
95
131
168
184
105
90
138
238
154
67
90
90
217
64
90
206
98
175
181
70
58
105
130
208
227
105
105
131
136
141
37
180
37
222
71
97
141
209
62
240
250
116
130
145
251
248
70
131
220
168
227
209
116
208
77
222
69
43
185
62
227
3
204
98
149
165
74
184
158
90
118
131
18
250
84
46
19
4
136
227
137
195
78
58
250
208
182
168
109
41
123
70
95
13
163
37
86
4
141
224
4
15
163
63
33
137
46
50
115
149
25
79
158
37
182
244
109
43
50
46
129
8
76
63
63
28
1
227
208
122
109
208
86
222
109
79
109
162
22
182
239
62
227
181
98
141
62
109
113
76
145
62
131
109
22
240
63
165
25
253
6
129
64
131
122
239
79
79
154
182
3
89
250
28
37
109
182
58
188
147
13
184
22
37
154
165
37
112
155
141
109
192
239
184
228
30
137
114
143
122
158
62
165
190
141
133
67
136
5
39
9
244
177
6
109
109
22
186
109
79
172
191
227
63
126
227
244
114
188
43
178
30
141
118
186
75
62
141
250
114
120
109
172
144
144
95
216
206
115
63
118
28
109
191
227
86
248
209
63
109
28
97
68
182
52
120
130
104
68
109
230
117
188
109
136
52
246
145
216
250
119
252
161
199
165
133
182
37
137
219
122
171
207
68
67
52
63
236
83
156
45
137
92
3
245
122
136
168
10
168
28
185
109
165
131
14
53
68
250
47
131
6
150
44
47
145
90
43
75
223
37
44
84
223
2
236
172
114
28
120
4
221
73
13
227
92
38
168
30
84
17
35
215
193
132
45
28
137
126
208
120
137
124
159
198
126
195
171
160
150
59
53
30
65
44
44
124
14
5
193
229
38
227
30
154
177
135
75
168
189
36
210
132
177
136
124
77
246
177
14
65
44
124
120
14
253
215
124
132
136
44
192
188
39
95
137
14
131
113
53
168
124
60
132
124
188
9
132
137
218
16
132
120
245
14
101
177
38
30
124
12
37
53
179
132
254
222
75
75
188
147
127
159
97
131
60
44
10
60
5
147
137
227
195
192
80
124
101
77
26
185
14
30
132
77
158
132
28
167
44
137
135
105
156
30
132
4
132
65
65
254
14
106
114
170
200
4
14
90
145
19
2
228
132
101
10
252
254
239
252
245
5
132
39
215
217
206
182
5
2
68
254
207
91
256
219
229
195
94
142
132
180
224
48
163
144
226
245
163
43
2
14
37
229
248
15
254
78
3
132
171
131
192
142
230
81
2
43
124
101
192
241
131
77
131
82
2
226
144
48
190
255
1
125
15
44
43
55
38
25
236
14
254
12
135
102
12
44
137
88
171
224
132
68
253
245
30
109
223
245
53
200
222
137
217
130
63
77
187
53
155
217
190
182
63
79
224
142
233
120
39
77
200
70
179
226
141
174
4
118
43
79
207
248
78
244
116
132
