186
213
36
170
146
84
3
91
80
45
67
84
196
190
242
176
113
84
243
115
2
251
253
141
212
251
160
67
253
194
221
55
126
243
84
242
253
165
112
71
212
123
84
149
243
89
256
18
135
114
251
190
38
32
194
242
170
196
203
98
80
189
67
194
55
253
51
69
165
69
126
194
209
242
33
225
121
29
113
18
35
202
54
199
50
219
33
89
190
34
62
54
201
253
29
76
221
135
194
220
18
171
209
169
51
51
20
210
18
51
251
51
223
203
80
157
242
154
81
98
123
214
65
95
204
113
211
84
51
150
27
3
251
113
123
76
256
42
113
256
45
51
8
52
224
219
130
174
253
242
225
86
189
126
5
54
31
218
113
95
134
81
177
30
89
203
4
183
123
11
162
90
209
211
256
7
42
48
129
249
181
128
146
97
229
113
231
123
230
8
91
67
199
235
40
112
31
171
111
123
85
50
237
73
103
75
134
221
215
197
150
194
31
84
35
146
155
35
182
113
135
8
16
115
231
18
89
95
147
196
225
209
67
240
84
242
128
229
67
229
79
51
132
10
51
256
51
183
184
213
31
162
160
104
99
105
83
186
194
232
106
31
230
136
32
156
54
33
59
144
239
190
76
51
177
248
105
31
253
249
136
140
107
43
47
55
81
220
123
209
52
91
89
115
183
32
110
3
103
3
230
59
124
20
105
235
29
8
196
46
208
106
240
242
199
59
18
164
36
85
21
256
190
146
88
8
59
164
236
127
85
251
81
86
70
105
140
105
105
235
177
160
146
33
31
110
242
210
105
190
175
232
165
239
102
105
51
229
91
125
128
13
213
192
74
203
240
229
84
139
254
213
140
235
105
62
166
239
92
97
143
67
235
52
12
123
194
177
120
105
95
154
14
178
176
162
84
106
136
84
225
3
242
84
203
149
18
143
174
3
202
239
185
256
55
42
31
253
123
86
52
149
76
253
84
159
16
208
169
73
103
169
172
46
61
17
126
97
73
59
84
242
239
126
149
51
192
230
242
84
56
162
104
153
230
235
89
128
6
128
32
73
54
140
175
32
108
177
157
31
5
17
211
51
42
32
135
162
239
239
103
51
57
235
146
54
150
110
162
164
21
80
20
106
208
136
230
74
150
54
162
38
31
123
51
84
50
144
56
251
20
104
167
63
190
157
76
177
184
84
86
225
98
125
123
183
119
239
175
80
10
42
194
97
20
18
74
105
34
183
1
178
17
73
183
63
92
209
140
42
57
76
191
177
87
251
110
34
209
166
225
115
91
84
3
110
239
51
146
170
110
97
139
217
245
84
256
202
125
122
177
16
61
135
96
208
57
177
202
51
14
121
123
208
97
202
78
52
189
73
20
151
146
112
74
92
7
177
227
186
121
183
92
25
125
161
32
249
213
56
194
97
221
177
239
238
107
166
208
235
194
84
178
171
239
61
119
211
211
35
165
125
54
163
219
188
36
206
84
156
209
251
238
202
194
245
96
249
225
86
150
57
177
186
84
92
114
76
140
135
225
214
86
115
163
27
216
156
239
55
125
61
53
204
54
175
113
83
186
220
151
242
228
246
174
251
86
6
165
89
50
52
159
251
76
209
90
174
98
229
23
208
84
20
209
13
32
71
107
74
234
208
29
248
73
136
18
135
171
138
229
58
229
175
82
239
110
58
162
54
214
84
31
242
88
212
225
84
84
159
119
42
120
13
74
62
113
8
251
20
55
206
75
84
39
65
63
104
193
73
7
162
170
228
67
126
162
195
79
108
146
119
162
162
18
246
50
23
63
84
209
115
89
252
6
206
98
198
56
183
149
92
204
76
162
63
74
64
41
56
67
20
18
112
88
138
251
86
238
14
181
220
133
103
153
18
235
125
190
25
20
162
86
84
202
177
79
36
194
86
203
104
20
202
147
40
74
145
174
191
92
123
23
52
225
51
79
52
92
5
112
145
114
209
49
177
185
242
178
76
25
225
214
166
150
230
163
178
162
156
121
246
251
9
52
93
58
225
192
235
208
176
146
56
202
19
239
251
7
89
237
38
76
236
215
223
81
95
83
209
155
239
39
232
98
113
221
117
52
177
238
90
92
92
72
178
175
242
190
135
221
21
215
12
230
107
54
62
246
237
66
62
92
164
237
209
242
73
97
239
242
125
86
106
253
82
239
239
146
95
117
131
251
74
36
50
149
162
194
34
52
175
251
250
230
73
42
54
136
220
144
35
253
20
176
104
242
125
172
33
176
232
235
22
22
22
177
140
52
88
193
242
52
176
197
177
251
193
204
14
160
54
88
25
225
202
140
79
210
77
75
236
62
222
92
39
111
71
182
32
177
84
42
8
50
73
96
123
88
98
230
166
86
82
20
50
115
249
121
177
120
52
202
20
29
150
115
97
199
202
158
84
98
159
16
127
57
16
200
185
149
207
81
159
102
169
175
32
164
84
230
113
159
121
77
32
168
72
149
230
155
113
249
78
74
215
239
191
27
60
30
204
105
31
22
229
153
196
178
16
213
3
160
20
65
251
198
165
173
162
225
179
84
7
119
18
218
114
210
170
115
86
165
35
153
211
8
213
202
87
39
22
7
253
191
121
125
114
112
53
196
251
153
133
62
12
84
190
184
175
72
56
237
52
76
201
160
92
20
18
19
237
191
48
218
129
140
23
56
197
242
251
251
72
123
49
23
232
63
166
32
251
92
58
237
42
57
76
6
108
202
6
140
102
103
77
23
33
239
40
72
73
235
162
47
88
163
223
135
56
123
84
58
20
215
143
185
160
162
58
52
156
52
114
200
84
117
12
256
246
237
98
93
46
170
63
202
143
42
77
176
50
67
162
103
231
115
72
165
246
151
139
215
20
153
151
46
98
58
252
176
242
63
63
193
162
200
194
256
200
254
220
39
110
185
159
201
162
23
162
52
91
222
15
163
199
56
210
165
112
249
82
84
225
72
55
140
253
53
156
39
13
20
22
194
237
195
215
164
107
39
244
62
115
26
198
42
244
159
93
241
246
79
166
185
104
20
1
73
117
53
112
44
250
159
202
120
92
76
146
170
201
72
215
23
159
252
204
206
225
156
139
35
74
45
220
34
220
76
153
161
206
125
132
197
44
56
139
125
72
107
202
106
191
73
89
25
239
4
135
23
239
161
152
4
99
208
12
170
54
242
81
12
133
120
89
191
22
24
72
130
193
1
173
72
36
188
242
220
204
25
214
104
58
34
150
53
239
253
239
121
246
41
145
106
36
42
117
56
151
12
96
235
188
115
53
120
19
92
37
130
140
72
232
155
163
53
256
76
73
185
37
169
120
215
236
230
235
101
72
197
170
102
242
204
50
5
161
114
166
198
170
83
239
117
220
153
246
219
73
125
57
235
140
70
117
76
49
187
84
71
162
53
208
167
41
92
125
112
63
214
23
63
170
253
139
118
250
34
161
4
43
39
112
67
64
44
163
111
191
250
254
215
112
86
35
92
12
225
150
124
216
183
44
117
159
175
4
39
183
225
72
81
129
162
183
234
157
109
178
23
248
184
75
39
188
25
155
44
220
74
220
220
112
23
89
215
75
237
39
173
131
81
50
125
159
74
72
163
204
89
163
247
251
229
131
161
89
215
88
10
202
12
23
117
56
56
41
251
12
238
89
89
23
89
239
125
132
190
149
117
24
68
215
249
78
225
56
133
175
23
140
170
35
92
74
81
149
193
119
202
72
176
146
132
194
28
84
72
48
72
215
244
133
54
202
82
170
202
210
54
41
156
213
117
206
35
77
153
81
71
215
222
161
74
20
117
176
62
239
207
81
197
92
38
140
4
125
41
8
115
53
155
225
175
149
92
21
137
149
72
16
254
48
44
4
29
253
225
166
202
237
106
215
253
125
72
92
200
235
69
83
118
200
51
61
140
125
23
48
244
39
239
20
82
124
118
125
232
140
125
125
96
200
146
105
148
82
13
85
98
188
149
2
155
155
20
169
125
159
215
72
125
180
57
125
72
38
156
50
42
54
225
246
188
4
23
139
120
72
202
9
120
85
92
92
20
78
100
72
157
193
177
157
121
75
8
20
74
20
234
121
92
246
22
125
144
225
16
161
125
4
222
213
225
45
188
57
82
160
4
114
234
161
170
45
140
119
72
148
190
232
137
77
18
215
23
11
125
247
130
20
113
140
154
28
178
64
82
184
82
215
255
89
187
4
123
113
158
136
155
125
253
9
254
107
29
137
41
125
130
4
125
4
79
159
20
78
239
64
224
64
190
76
128
125
21
45
121
82
121
190
173
125
72
200
68
178
157
4
156
68
140
91
125
156
77
138
215
23
201
11
133
119
98
183
149
76
239
225
127
149
82
25
254
56
9
173
77
4
70
157
149
163
246
77
26
85
77
20
72
63
72
163
73
19
85
176
116
4
48
161
161
33
23
163
12
149
160
202
70
172
166
219
117
140
187
156
82
163
68
210
4
62
50
72
117
88
77
117
48
70
56
133
88
115
72
159
133
16
157
244
23
82
103
237
176
148
11
176
23
4
176
49
62
140
161
133
35
149
133
74
161
125
68
62
15
4
144
82
23
62
53
88
72
191
92
159
210
63
124
119
242
82
79
104
98
133
160
82
68
148
200
140
158
101
238
200
176
193
169
85
43
173
190
23
151
63
5
89
213
143
48
215
149
199
79
116
53
193
72
22
72
45
142
158
253
197
216
126
176
110
77
72
9
249
6
202
81
1
11
86
237
53
26
68
20
148
23
51
232
133
145
61
71
163
161
175
133
61
156
155
46
74
126
120
20
15
92
22
117
82
119
23
122
71
120
215
148
155
127
74
155
151
155
20
72
255
133
91
124
91
82
73
48
142
56
133
139
218
140
145
115
170
81
214
20
200
202
140
57
161
