203
111
31
113
55
27
138
80
52
115
150
162
230
138
138
164
113
84
162
31
249
87
84
84
204
150
213
249
230
36
115
213
150
52
230
204
256
213
204
230
202
202
113
101
162
230
214
138
73
249
157
7
162
124
162
150
52
214
162
159
176
150
80
27
213
118
204
71
162
157
157
230
7
138
143
138
98
214
162
230
128
7
118
171
146
204
150
86
84
213
162
138
128
65
256
27
52
242
157
128
157
213
230
84
157
157
155
165
138
170
132
213
113
157
115
32
204
162
157
128
146
199
7
176
84
162
216
87
204
204
176
190
169
132
161
95
190
7
71
253
144
112
113
52
244
164
41
62
204
176
231
86
71
244
194
202
138
73
117
52
115
165
29
208
136
97
7
224
146
115
84
65
52
204
146
98
95
164
169
160
137
152
214
98
84
29
89
54
27
115
166
143
59
214
202
175
11
116
16
73
143
29
84
143
146
115
32
194
80
52
203
29
209
71
219
144
29
253
186
71
162
90
31
256
213
56
213
62
84
200
115
121
213
171
214
146
143
95
196
52
249
170
213
144
11
139
214
247
204
36
160
161
252
128
31
157
80
84
244
162
202
42
73
131
232
71
115
177
202
162
150
249
164
214
32
84
168
52
120
247
65
160
73
11
204
84
135
213
249
11
216
115
138
63
114
166
139
249
162
133
249
27
252
32
80
253
170
157
52
116
213
71
136
66
214
213
162
50
203
162
222
29
159
170
214
184
86
162
66
213
115
143
256
131
102
159
252
66
213
214
214
73
213
225
71
164
186
55
104
115
256
176
31
157
115
161
249
249
24
136
104
241
138
229
55
249
71
162
31
115
249
157
66
213
132
168
86
31
132
130
249
164
42
66
249
126
197
186
241
162
256
157
199
66
213
139
162
35
230
202
81
176
194
96
6
132
230
35
249
84
231
202
139
252
66
78
176
250
184
27
207
176
213
8
27
256
213
84
136
213
95
80
55
89
31
232
84
113
132
138
107
144
80
5
248
253
126
37
144
162
208
249
240
126
73
164
137
242
115
80
36
159
197
130
204
157
237
71
97
25
115
137
117
202
162
41
176
138
55
194
121
202
53
15
252
132
78
70
184
5
175
66
159
157
113
44
36
213
71
118
256
224
59
130
70
176
182
194
161
161
115
32
125
102
153
104
72
22
26
77
136
136
252
182
89
55
52
41
194
42
124
131
185
21
136
249
162
80
104
22
130
168
137
119
51
11
231
104
35
146
213
146
221
80
131
249
21
214
231
52
29
26
150
123
176
84
52
42
228
50
170
161
84
139
254
73
221
231
29
139
170
22
51
124
209
42
253
61
151
11
117
52
194
159
213
130
253
176
51
115
92
29
73
138
42
241
209
54
146
36
213
115
86
211
214
58
15
169
159
41
62
42
253
18
52
81
214
52
31
73
121
102
215
55
64
9
230
134
115
174
144
28
170
138
204
13
202
52
115
126
166
81
193
204
70
63
13
90
169
41
117
44
105
113
256
72
32
81
21
115
191
208
55
149
239
165
81
45
214
55
242
37
29
209
110
132
250
138
202
160
104
91
31
210
230
157
29
140
18
50
26
31
221
136
218
213
143
142
16
84
26
89
203
153
151
50
256
62
91
26
161
44
128
22
74
184
15
104
171
26
30
52
148
214
179
239
53
52
213
115
171
115
50
249
113
165
115
132
162
83
139
249
184
249
9
203
124
7
155
169
184
62
157
178
37
155
115
42
32
232
176
41
157
33
236
188
62
213
213
142
128
50
144
128
55
115
45
77
146
62
15
101
155
142
157
88
45
165
159
53
74
89
32
162
117
256
70
171
86
157
243
37
95
159
146
214
253
143
213
166
11
53
155
110
31
155
84
115
35
80
62
160
88
184
144
230
81
210
125
157
157
249
159
213
188
148
115
157
146
104
221
25
65
85
77
159
249
25
142
161
147
95
115
116
11
160
184
142
130
208
155
186
164
126
230
86
7
115
165
85
256
106
232
157
191
115
62
48
203
31
214
249
165
45
165
115
121
155
135
11
162
215
213
165
143
219
186
95
193
101
39
157
115
67
72
84
63
121
22
236
176
214
149
168
116
54
249
12
157
132
139
29
159
62
86
56
243
53
86
138
171
95
62
82
250
249
256
249
115
73
157
256
44
115
101
75
104
85
146
157
115
228
117
203
249
193
186
191
176
241
196
76
117
249
50
186
163
249
62
146
252
54
193
91
230
230
148
117
97
204
243
130
161
180
94
179
101
115
184
46
37
157
210
163
80
215
170
161
101
176
253
160
11
27
170
230
196
76
140
157
223
101
146
133
116
232
186
44
45
159
115
132
140
146
55
193
75
72
179
213
75
57
157
115
157
37
256
95
11
155
146
249
237
22
53
184
117
41
155
33
131
157
249
243
162
117
194
55
155
45
179
95
176
64
230
140
88
72
240
159
249
161
45
72
101
237
249
168
12
158
39
115
213
97
95
45
230
256
56
82
45
163
208
38
185
84
45
166
55
218
72
213
215
249
94
104
84
204
178
157
214
45
249
232
129
58
208
91
45
86
186
161
174
72
155
202
16
42
148
204
45
98
82
31
164
170
45
45
95
235
97
193
186
45
256
213
31
82
218
13
218
190
211
117
203
117
32
178
62
186
75
12
148
158
116
116
103
117
174
215
157
179
52
163
155
169
64
231
25
146
159
190
116
115
35
163
184
202
23
148
73
128
144
186
45
32
112
134
155
134
72
218
136
84
133
15
256
30
150
55
115
10
72
252
157
178
230
133
157
86
129
116
166
186
138
129
148
230
159
203
253
45
203
146
45
133
72
72
12
163
55
133
164
255
249
155
170
162
155
134
256
256
133
52
190
86
159
193
195
116
237
190
72
77
25
193
249
157
210
163
124
170
73
169
103
148
86
155
221
117
189
35
44
62
165
30
34
178
99
139
179
50
155
240
27
209
45
45
133
214
232
208
45
163
243
33
77
48
194
161
149
57
133
252
120
214
33
116
202
120
148
116
84
50
83
202
31
232
85
197
255
45
159
249
99
62
53
232
148
115
148
33
231
184
204
121
230
88
69
188
155
116
124
232
88
256
155
189
169
110
204
87
27
240
252
9
112
163
120
56
174
213
82
158
140
25
64
55
200
256
158
163
159
11
202
23
48
82
82
231
38
73
99
82
96
103
56
138
161
213
176
116
256
133
91
82
56
243
82
35
52
35
138
157
23
237
120
191
174
48
45
115
184
133
155
232
163
133
155
63
203
163
72
253
193
89
27
64
249
57
110
250
88
9
119
23
110
131
72
163
163
52
163
91
197
82
148
138
31
159
238
86
155
48
133
57
124
85
132
65
197
242
230
161
232
23
23
161
19
99
53
133
40
148
184
230
138
39
35
184
48
112
82
70
240
74
148
148
23
110
202
133
252
48
193
161
133
112
215
197
77
48
48
88
48
161
73
57
75
57
214
157
170
218
167
88
218
210
36
130
153
44
23
41
237
232
82
25
73
82
159
128
197
39
148
163
215
148
232
213
155
62
104
161
218
82
35
82
218
94
193
148
48
116
163
214
73
48
148
161
99
133
86
86
193
72
53
86
86
133
72
161
163
72
41
214
35
76
232
192
230
82
189
115
72
159
192
161
148
240
63
48
75
197
52
176
240
63
163
197
48
148
148
133
148
238
161
218
91
161
204
124
84
155
155
48
85
48
252
4
133
48
219
56
136
120
105
157
213
48
37
149
148
72
132
48
10
101
82
213
157
63
134
235
99
218
161
197
215
197
72
253
202
161
48
256
148
23
238
133
27
99
155
163
169
204
133
197
161
163
213
72
85
213
155
170
155
155
115
148
184
78
99
155
159
209
44
137
148
197
159
197
45
148
163
82
157
163
187
242
235
45
23
86
159
85
99
209
88
31
163
157
163
85
65
232
65
218
148
218
148
91
184
94
148
73
218
86
161
71
238
170
148
174
82
213
203
190
155
86
232
170
25
218
213
214
161
197
155
133
252
213
149
77
23
215
119
197
148
159
111
232
218
218
133
133
121
133
174
133
77
158
110
103
163
155
218
73
48
218
163
237
45
148
218
155
197
48
48
86
155
37
163
202
148
159
180
104
72
99
204
157
99
119
149
133
163
246
82
148
161
214
119
99
48
99
133
82
99
197
94
133
228
218
23
133
215
144
232
45
161
72
163
82
155
23
36
253
56
109
117
148
232
75
174
19
161
57
48
161
163
163
218
232
163
99
23
159
112
148
72
155
5
169
148
133
163
89
133
57
99
34
213
86
148
91
99
256
124
4
161
45
107
213
215
163
159
163
45
157
133
163
159
56
157
4
170
133
56
45
197
218
99
174
155
161
218
48
48
159
214
157
232
202
163
234
45
163
82
148
148
198
115
99
25
8
213
163
107
155
155
157
148
163
56
99
213
12
242
161
213
88
204
215
26
163
157
232
213
119
99
213
62
149
218
148
99
218
99
213
140
148
161
82
218
218
48
163
163
202
232
72
159
213
197
161
215
88
99
23
163
161
99
48
163
48
48
45
163
99
163
163
163
198
48
218
234
213
198
23
94
218
242
31
82
159
213
201
204
213
213
163
163
91
48
213
159
215
48
218
48
161
163
62
161
157
163
133
133
161
155
152
23
161
218
213
163
193
82
161
237
48
163
161
256
163
163
23
163
148
232
163
99
133
163
213
161
213
242
163
163
232
48
232
48
99
155
232
48
155
163
45
48
