145
101
145
220
11
137
220
102
145
221
101
137
236
221
87
29
10
256
241
26
10
220
237
221
87
169
241
102
121
10
145
65
75
137
237
221
180
142
65
142
221
248
57
116
222
116
2
205
75
44
31
83
14
38
83
174
252
87
252
251
121
149
112
241
220
112
112
63
149
192
62
2
94
248
251
198
156
237
2
67
102
243
192
221
108
156
253
66
94
107
149
76
122
218
174
253
43
116
102
9
67
62
112
63
2
94
117
127
198
116
63
222
252
97
94
11
192
137
154
54
43
2
67
108
61
156
46
2
101
38
94
174
168
5
94
94
107
54
83
130
75
11
102
67
107
121
174
2
66
108
149
34
237
86
149
193
6
147
12
149
44
232
102
30
165
94
108
240
121
67
130
2
60
54
252
243
45
2
2
145
62
145
158
112
174
65
108
30
65
61
244
46
57
140
63
47
174
154
86
63
9
243
137
210
171
138
2
116
145
102
221
207
94
120
199
129
190
12
82
242
243
83
174
203
154
70
168
34
65
253
70
97
67
165
30
157
239
87
168
69
255
122
223
47
165
94
236
147
242
247
34
201
45
235
81
180
253
165
61
206
140
94
47
115
9
83
94
154
94
63
216
145
116
75
47
94
69
199
91
126
235
122
88
5
67
139
94
94
146
203
140
82
5
21
12
12
168
122
61
112
172
30
206
129
87
61
255
168
221
221
206
12
247
160
86
215
193
254
12
141
5
141
61
11
15
9
187
2
112
105
206
174
37
174
244
126
69
14
2
249
227
64
129
61
94
123
25
211
26
129
15
227
212
250
153
90
237
26
198
176
154
47
139
127
235
215
138
67
250
81
147
109
149
47
174
5
176
120
206
172
122
228
6
228
220
241
227
93
127
13
174
241
57
168
250
221
126
58
174
174
158
26
144
69
88
81
46
69
69
139
201
112
239
188
203
93
158
199
63
140
9
199
217
14
63
69
141
9
214
233
46
81
58
141
241
115
245
97
77
242
87
58
39
189
17
47
199
94
46
217
12
165
97
221
127
108
94
228
116
178
78
14
116
49
241
5
46
116
114
243
19
160
178
90
15
250
138
21
69
113
174
46
49
220
81
27
168
249
9
3
88
160
61
250
226
97
211
174
12
22
121
243
243
69
26
78
61
61
138
83
49
63
116
192
243
181
51
168
135
58
212
184
34
94
6
46
227
217
87
193
67
217
76
241
221
228
6
216
108
214
93
102
127
83
93
70
243
195
221
122
172
46
193
6
49
99
174
39
246
199
221
34
244
5
27
199
49
158
138
138
91
150
81
194
151
255
214
154
81
199
3
58
190
122
182
235
46
32
127
46
174
87
172
206
120
216
31
81
131
212
17
70
48
107
107
234
174
243
127
199
167
69
206
243
122
122
43
184
228
9
147
205
151
218
243
19
228
131
140
97
113
245
46
58
229
227
205
126
174
217
78
154
239
88
148
217
231
107
5
108
229
51
108
43
135
220
122
100
250
148
248
14
235
77
41
151
15
235
14
78
249
121
1
37
43
122
227
66
241
226
226
87
227
9
120
46
31
193
87
174
81
91
101
199
69
222
174
43
150
28
14
217
243
199
120
241
3
241
132
66
9
69
61
245
113
103
216
184
79
115
69
145
247
174
97
61
223
249
248
47
63
158
47
5
37
132
255
8
79
3
178
189
193
100
235
120
185
139
47
100
232
104
17
46
94
69
164
69
141
31
178
151
247
107
247
46
120
37
241
46
77
85
227
206
173
43
115
189
239
41
122
139
154
36
163
46
43
241
108
55
97
86
152
255
187
139
81
218
135
100
21
21
69
31
3
226
226
226
247
47
101
199
217
181
254
174
187
139
141
147
227
246
79
158
150
207
135
197
216
19
58
69
37
19
174
3
37
236
19
15
226
81
245
234
81
60
91
83
79
233
226
193
232
31
171
108
218
19
46
174
6
103
168
131
108
129
241
47
4
238
217
60
46
227
18
2
227
212
2
113
164
81
4
139
10
207
200
186
218
132
49
37
228
187
107
37
207
159
226
253
81
45
100
94
19
222
20
129
21
180
4
245
142
136
14
187
120
60
60
207
148
254
19
136
130
