87
98
180
87
166
203
180
144
180
208
121
231
59
59
121
97
186
231
205
90
191
75
118
75
231
181
33
231
147
91
58
146
59
135
112
205
127
129
67
136
35
102
59
166
176
67
244
211
96
107
181
220
231
13
211
243
127
17
165
180
135
244
61
28
231
89
95
222
55
108
231
205
211
203
231
96
164
87
165
38
89
154
205
55
244
231
154
46
35
154
211
237
154
231
243
205
206
24
231
59
212
145
212
248
177
166
61
164
123
5
205
191
154
205
154
109
208
154
169
129
107
211
21
122
146
89
123
121
217
226
165
231
188
164
28
182
205
231
38
123
122
21
162
11
21
164
92
47
208
40
186
5
5
122
21
256
93
93
208
231
217
118
126
11
24
7
14
41
211
166
86
41
11
25
211
256
181
113
171
38
137
174
154
88
207
231
101
41
209
136
138
13
36
231
143
28
256
93
138
21
171
7
7
143
24
247
132
209
243
221
171
143
83
181
165
97
228
109
208
7
217
84
194
138
141
89
207
154
147
70
154
62
107
165
41
90
141
171
7
89
129
27
41
253
30
176
229
7
157
209
141
253
231
15
150
14
93
220
221
211
7
90
201
29
143
247
230
143
146
7
182
166
171
171
40
217
25
166
251
211
127
163
129
77
15
127
73
7
128
170
142
211
87
217
171
11
134
28
64
209
7
62
118
113
168
209
138
70
86
91
165
7
170
41
29
145
140
93
7
34
157
7
141
7
165
32
57
183
14
208
7
54
91
166
149
188
80
253
165
156
229
137
50
142
242
251
86
7
93
55
159
190
165
164
91
246
204
38
239
54
141
217
208
41
211
166
136
18
101
7
179
26
70
113
87
121
143
141
217
159
141
154
34
207
220
22
44
207
57
137
58
38
194
12
163
163
219
141
15
163
177
121
155
112
121
38
107
114
135
157
113
209
101
209
207
163
7
206
214
107
219
163
217
106
50
146
161
45
203
165
209
7
115
227
9
196
58
93
225
231
243
71
116
7
32
243
214
66
190
11
206
59
208
57
203
163
225
118
38
41
12
132
168
165
168
143
44
25
49
143
205
122
182
7
73
73
144
208
239
234
86
27
190
66
226
101
190
222
44
149
155
231
117
151
50
227
231
26
70
149
227
146
209
166
86
80
40
113
135
251
128
159
36
134
32
209
73
98
118
148
209
178
34
74
185
70
113
165
86
175
123
163
163
170
101
86
111
170
229
43
12
163
44
166
184
163
58
236
217
163
190
73
12
221
163
209
217
195
207
44
86
195
50
7
190
7
134
115
194
187
56
79
116
206
150
112
45
14
222
203
248
231
12
162
227
13
202
34
16
155
179
51
106
243
166
205
168
63
157
116
44
63
113
95
155
7
237
58
43
47
12
90
46
11
59
67
3
199
21
182
211
222
160
161
208
178
71
70
181
163
7
195
34
13
113
163
123
45
108
73
231
84
10
7
174
134
209
143
21
14
177
38
137
155
36
115
231
154
86
11
81
7
165
231
150
154
194
38
206
22
214
165
214
196
112
256
89
99
234
57
101
217
226
244
225
249
91
115
125
163
193
96
56
195
24
180
137
135
219
26
249
28
216
33
57
181
194
58
128
177
170
137
143
56
134
116
157
97
159
7
86
217
214
62
34
101
85
44
250
57
191
26
88
217
90
203
165
17
181
211
1
92
121
44
96
104
186
106
70
207
217
155
116
165
114
1
193
139
128
133
235
193
22
192
214
108
75
248
137
140
88
75
133
76
219
214
115
79
213
36
248
122
253
15
134
191
163
141
224
178
115
207
110
159
13
86
184
77
137
86
56
211
165
56
70
70
5
48
217
137
61
95
189
7
75
224
187
44
137
90
208
103
73
251
170
219
26
116
214
125
236
12
223
40
86
208
115
211
157
111
204
228
67
80
44
233
121
142
44
115
31
68
14
77
154
56
194
70
36
43
223
15
202
9
222
116
69
204
238
26
70
134
208
70
160
115
182
56
128
56
123
196
66
192
191
227
56
137
81
182
70
192
193
21
188
249
114
56
21
249
95
133
165
137
134
92
242
92
62
208
154
17
125
154
75
154
180
209
21
56
237
205
45
44
175
134
45
168
191
210
220
152
13
154
161
154
190
12
174
214
165
25
163
229
84
207
44
87
79
112
45
162
175
137
84
148
175
196
38
71
91
150
46
252
34
24
174
115
115
171
103
124
101
116
113
44
124
95
26
92
45
77
113
95
237
76
8
108
133
24
143
113
181
15
50
213
11
41
163
116
38
134
194
71
57
38
230
207
56
55
91
113
115
1
90
116
46
101
111
62
48
249
190
15
189
107
148
143
88
133
168
46
177
25
44
207
81
143
98
192
205
45
165
91
216
57
63
164
70
70
7
112
44
56
44
205
117
116
196
162
31
187
192
224
249
140
227
174
45
205
29
205
153
161
249
182
113
232
101
56
69
24
164
64
116
115
99
137
110
189
203
15
95
55
32
112
191
38
107
137
231
237
56
107
205
153
212
124
208
95
128
141
207
191
86
13
52
94
233
255
122
116
190
94
12
162
16
207
115
219
76
70
115
136
36
117
85
149
115
59
230
101
63
219
25
44
129
182
161
94
15
216
134
134
249
169
163
213
209
163
163
50
70
230
95
113
95
158
56
163
43
247
119
222
163
56
208
141
13
47
153
213
99
142
189
5
112
48
159
137
110
85
159
233
98
163
101
159
56
242
107
137
63
249
215
16
145
163
240
137
162
116
156
99
189
20
32
73
132
201
77
26
44
57
156
142
21
144
1
124
116
157
25
216
41
47
35
44
190
133
101
56
217
216
115
116
190
157
214
158
191
86
182
213
253
175
208
11
48
159
86
118
232
115
11
223
57
86
248
163
235
108
237
189
124
70
213
205
143
69
163
191
15
54
237
199
104
191
159
241
134
27
189
136
209
238
216
31
221
219
63
216
199
101
56
163
216
137
201
38
57
243
219
215
111
9
256
25
248
59
13
12
45
145
205
77
112
37
163
138
32
38
11
189
116
81
76
130
24
242
149
134
77
122
46
157
57
1
56
117
59
58
99
213
141
255
158
216
108
27
66
113
104
211
238
230
255
148
205
87
242
11
179
219
136
163
56
135
26
26
70
33
246
35
31
45
116
87
129
158
38
107
227
136
161
221
40
156
84
44
230
213
192
106
120
192
191
144
16
206
136
200
158
154
149
101
56
134
239
134
181
22
161
231
238
26
249
80
44
244
134
134
135
159
205
163
202
205
231
252
228
114
57
15
136
32
86
217
69
201
252
61
255
157
244
227
45
161
122
242
162
134
10
164
41
240
90
101
57
235
38
254
159
77
66
248
157
152
10
203
138
117
10
121
237
182
63
43
16
156
86
206
116
55
238
243
242
86
81
157
73
85
116
157
202
76
91
136
11
24
140
107
16
6
55
31
63
102
231
227
10
79
161
220
42
189
103
56
103
229
159
144
39
161
156
244
24
86
116
68
178
113
249
124
246
237
247
116
9
246
142
142
216
198
26
162
11
94
101
139
15
154
39
124
244
65
101
228
250
157
246
211
98
71
11
33
77
134
42
70
182
183
54
108
205
200
237
134
77
118
26
26
103
132
91
82
50
209
215
244
133
29
157
187
163
189
13
232
21
128
183
170
222
117
253
218
20
253
101
218
44
69
50
43
82
141
247
218
214
180
161
192
103
63
132
11
12
46
163
32
201
11
118
12
196
249
189
204
227
241
39
178
15
10
71
252
98
213
210
176
149
12
45
228
67
25
20
203
191
184
134
3
66
61
170
13
217
208
134
116
14
196
116
192
182
228
141
144
174
133
137
149
15
134
44
168
134
161
133
99
160
96
116
69
174
65
185
102
234
40
182
234
190
20
158
115
12
215
88
77
24
133
158
113
163
248
57
178
139
137
228
163
10
105
161
182
26
178
146
112
96
64
219
249
163
35
255
178
108
46
49
213
17
171
29
216
177
221
143
251
135
178
156
251
112
18
218
31
134
96
137
136
222
183
218
176
229
243
156
180
66
13
128
16
223
163
34
41
134
249
256
163
139
40
205
134
229
220
99
41
133
248
192
157
77
218
77
159
246
201
12
14
182
96
38
174
108
2
4
188
37
52
163
209
116
105
147
26
35
14
237
37
44
207
247
132
255
39
9
207
157
157
173
73
163
216
132
213
228
222
251
64
158
183
136
13
215
119
180
171
182
192
209
10
228
102
163
153
192
14
9
114
144
134
222
60
44
182
134
62
112
179
79
170
142
39
151
133
101
96
118
253
104
172
171
104
174
184
135
214
39
178
59
105
55
132
173
157
188
76
210
64
147
112
135
117
86
206
246
108
140
198
125
66
215
57
216
243
151
133
86
142
132
182
216
193
155
208
247
182
69
116
151
185
2
189
27
247
107
104
40
225
180
56
163
193
161
75
209
170
133
163
133
236
70
144
43
12
27
137
154
210
125
27
138
207
215
77
133
69
243
196
69
62
112
208
144
185
99
148
21
240
2
46
161
185
69
92
133
172
20
89
235
26
93
255
125
20
128
252
69
172
98
82
134
99
91
117
13
115
224
67
74
88
136
163
206
67
91
225
191
38
191
151
130
130
184
171
99
15
104
206
220
146
224
56
149
135
179
144
66
171
230
74
84
253
10
226
239
184
62
27
82
233
148
86
253
252
110
219
192
122
236
145
43
206
173
85
171
24
240
38
158
156
178
103
41
201
86
56
158
162
208
161
75
50
212
22
214
180
228
134
147
198
88
94
178
197
202
199
94
228
10
48
58
93
56
10
137
49
237
125
125
243
225
167
207
225
96
98
79
27
230
208
158
142
217
45
14
12
114
204
228
239
246
20
94
221
81
198
244
180
228
82
170
211
158
193
221
157
247
223
66
155
125
107
208
26
10
104
218
183
82
230
234
40
24
230
91
208
157
122
16
78
42
221
247
149
208
1
119
133
42
192
32
208
118
56
205
224
252
125
45
15
10
24
167
208
157
135
215
16
102
246
13
59
53
198
256
196
151
147
224
20
62
77
216
186
82
202
102
156
254
68
39
246
233
147
253
255
115
125
5
237
147
246
167
135
185
20
8
88
228
64
75
159
246
58
140
46
234
63
184
160
159
246
189
117
179
62
198
215
47
133
63
253
170
222
18
82
43
227
172
25
115
108
184
28
24
222
89
196
167
62
75
208
57
85
43
73
14
216
85
255
102
114
90
47
148
81
24
162
214
168
82
224
44
144
155
184
107
124
147
193
64
104
247
171
142
159
89
212
256
104
158
198
158
34
220
62
79
247
156
183
173
30
183
55
254
66
31
202
37
148
115
124
158
57
70
78
162
86
209
44
86
167
207
244
12
255
241
224
158
32
27
89
101
43
232
113
207
110
45
162
147
139
150
64
9
30
180
53
131
147
148
248
151
159
239
248
99
169
99
28
68
68
148
189
155
137
161
46
155
23
151
99
56
53
125
163
49
85
