160
253
250
41
160
90
253
41
59
81
90
174
71
59
113
46
67
16
156
156
216
90
59
230
128
81
230
69
156
128
156
204
41
71
128
123
194
103
162
195
105
104
105
25
105
134
105
5
105
243
162
196
248
128
248
105
248
162
127
156
123
54
3
123
237
123
59
90
123
10
225
81
123
253
220
235
89
248
106
126
201
123
10
108
166
108
129
129
129
127
147
129
231
129
169
182
225
129
164
34
225
28
252
211
232
129
8
250
211
134
170
41
28
14
28
54
165
54
129
54
28
212
113
214
170
128
253
165
89
27
200
87
165
104
49
165
18
153
165
49
71
91
34
106
105
54
249
81
54
54
248
121
157
214
54
54
5
119
131
54
250
165
150
66
160
112
103
199
206
220
73
55
239
151
50
129
110
219
63
150
95
135
37
223
201
151
3
165
36
83
172
85
154
228
35
218
105
35
91
165
121
117
36
59
250
98
11
242
162
177
164
93
54
29
80
181
150
232
44
102
256
76
84
123
16
199
212
33
66
170
214
3
3
28
170
110
35
251
97
178
3
228
164
18
214
33
127
143
81
252
177
174
83
235
33
206
156
75
177
172
95
128
129
150
3
205
67
205
65
177
237
186
126
95
102
230
128
175
9
3
42
55
205
46
218
175
164
81
206
196
144
228
25
98
196
18
204
163
204
165
127
27
225
54
209
92
3
170
184
229
175
205
165
237
13
167
143
112
235
209
112
35
108
228
177
96
251
221
247
171
97
67
61
37
61
54
29
62
3
92
87
46
97
129
78
231
101
244
123
154
180
92
140
202
127
4
177
120
139
235
115
24
204
92
151
54
204
81
16
127
112
252
149
150
112
5
27
104
129
35
135
62
174
29
65
83
112
205
18
196
104
205
25
18
38
214
34
151
123
216
54
182
81
3
110
104
222
14
3
248
114
218
3
145
27
167
122
122
37
161
28
139
34
212
123
16
219
234
35
153
118
105
244
181
145
73
122
69
201
140
89
231
199
122
165
247
122
199
44
34
222
14
247
91
166
165
20
138
154
34
46
95
252
66
91
198
118
252
180
252
138
151
178
221
161
66
218
204
160
250
221
243
57
139
231
56
98
72
3
150
199
154
110
129
122
222
177
26
244
145
234
150
50
44
122
57
69
238
128
81
28
64
206
143
61
208
126
106
229
57
171
190
64
173
256
11
104
118
25
138
205
14
214
27
150
252
110
108
238
250
250
62
8
25
54
250
11
231
14
249
250
145
27
87
65
91
54
199
250
21
104
196
154
243
16
11
98
217
81
3
222
176
198
15
122
202
8
251
14
36
243
165
27
81
61
98
147
138
51
207
243
24
143
99
87
160
69
196
115
232
175
221
61
206
110
69
154
79
54
77
116
8
154
192
63
138
182
73
208
160
54
243
230
218
62
94
154
231
126
50
204
38
210
217
14
79
174
165
34
62
18
237
79
177
108
14
146
104
115
18
241
126
66
61
69
106
198
154
154
118
79
187
62
165
223
199
3
27
138
114
61
181
47
116
62
218
198
146
62
105
70
16
123
81
249
119
221
41
17
218
222
15
147
255
18
7
108
62
129
148
244
27
24
104
255
66
122
146
77
66
129
14
97
156
196
122
160
223
201
46
48
186
19
62
174
202
40
50
14
6
141
155
74
200
216
104
58
97
101
46
163
165
26
104
134
180
7
108
184
51
62
197
27
131
140
233
57
40
235
190
102
126
72
211
147
17
246
75
30
163
204
71
190
249
127
149
223
67
136
213
160
27
218
141
108
47
189
242
133
43
133
228
224
126
66
152
119
151
95
129
71
204
241
187
182
185
89
62
91
169
179
244
142
228
217
181
147
198
31
240
14
2
179
132
172
218
244
21
142
28
61
211
224
92
230
235
28
126
119
28
158
184
103
73
63
194
245
61
204
140
217
198
57
94
73
88
107
104
23
126
141
99
242
231
201
115
28
159
140
107
224
118
61
126
41
115
179
198
172
107
184
200
118
108
48
62
84
66
163
63
241
21
188
158
28
185
137
204
50
33
28
97
38
26
226
12
242
112
55
133
109
213
256
11
154
124
235
4
255
164
235
50
134
89
187
47
79
200
90
4
133
152
115
28
85
158
30
182
119
187
229
154
243
21
228
62
154
141
108
247
224
120
196
97
218
123
154
196
184
244
175
199
246
20
227
4
218
251
154
187
106
213
89
163
244
163
200
61
212
235
19
170
133
48
141
2
218
154
71
253
108
199
97
107
55
46
98
28
163
253
47
235
207
207
129
156
2
229
27
226
188
133
103
20
141
32
151
47
20
141
174
141
129
217
72
224
109
253
197
124
132
223
43
43
193
88
187
188
6
155
188
255
216
84
79
155
227
228
41
24
199
36
6
212
193
51
61
155
216
2
254
217
141
129
40
136
197
181
119
246
44
200
227
55
103
155
224
254
188
47
24
94
165
133
112
115
243
193
132
124
2
254
167
43
155
37
82
167
154
218
217
5
207
124
62
58
188
6
193
57
24
57
120
223
212
2
163
254
4
2
137
83
30
157
48
126
71
155
11
62
185
152
72
83
22
11
204
193
255
173
199
62
255
173
163
