205
205
75
17
65
95
65
55
164
55
195
59
243
125
169
59
205
71
116
7
27
71
21
75
180
58
88
21
220
237
86
95
86
235
36
205
244
86
185
114
157
86
17
146
86
136
204
174
29
160
150
65
174
243
172
29
220
136
160
214
160
112
157
136
143
86
86
112
8
235
153
13
256
214
103
96
74
176
191
74
165
169
182
214
79
28
128
128
52
56
92
92
220
153
74
128
86
76
126
229
126
135
217
114
128
126
45
214
179
153
72
76
39
208
12
200
79
76
79
214
196
163
76
130
171
128
178
198
5
64
126
79
126
45
253
65
171
155
92
178
171
214
56
200
159
171
197
171
79
79
200
110
250
162
58
245
245
253
149
31
159
200
217
169
214
204
126
178
79
234
190
215
144
213
181
13
228
83
28
159
144
79
12
128
155
114
159
123
78
56
29
213
181
168
227
254
86
142
159
186
178
86
153
237
142
122
12
86
109
217
196
182
220
86
178
157
178
194
12
168
124
109
16
12
86
217
89
245
217
217
28
93
146
86
203
67
192
104
169
124
157
157
148
189
237
6
230
157
52
115
73
159
161
36
86
256
86
186
176
217
170
200
155
109
217
157
48
118
28
217
106
189
214
115
86
199
233
189
72
48
159
155
115
32
169
199
56
45
1
89
115
195
23
106
115
15
220
214
189
48
199
115
67
102
241
31
157
102
105
26
252
56
215
105
56
48
104
153
106
157
40
2
157
86
28
155
23
148
254
161
237
199
56
155
165
56
115
103
106
52
26
189
76
45
48
115
230
252
155
106
48
45
45
189
69
189
189
35
163
213
112
86
161
56
161
12
155
79
12
25
80
124
137
48
155
189
189
35
56
189
189
5
161
28
86
45
45
220
213
31
106
155
56
12
141
227
26
221
102
155
155
189
19
249
45
115
232
106
23
1
219
189
214
189
57
56
56
53
56
12
56
56
124
232
45
202
232
45
19
86
76
44
26
76
23
45
56
48
86
232
157
157
110
155
218
45
157
158
56
133
163
161
56
161
54
189
42
204
26
163
23
115
52
213
214
214
159
115
86
76
161
243
73
56
157
52
157
249
202
57
196
159
163
148
148
157
76
235
56
157
56
159
12
157
86
86
26
213
56
249
148
213
56
249
161
189
12
86
79
26
148
115
26
155
163
189
189
213
56
86
115
26
159
86
48
157
168
76
157
45
213
72
133
159
232
178
161
23
45
148
56
232
161
134
155
155
56
56
10
218
45
161
77
79
189
62
44
82
155
155
12
208
214
213
56
45
163
155
12
86
148
148
45
202
45
213
155
115
12
159
45
149
72
159
86
155
202
56
56
213
12
161
26
232
133
45
26
189
45
159
218
148
45
10
155
26
163
45
26
115
159
45
56
56
155
202
169
86
157
42
86
189
155
57
26
161
72
115
214
189
149
213
12
56
86
232
189
23
214
155
23
86
12
157
157
161
220
115
84
214
157
213
155
56
26
56
56
214
159
189
148
161
45
57
56
155
56
214
202
27
106
159
213
214
213
202
213
57
159
157
56
48
155
155
151
220
155
26
215
249
192
189
52
157
45
155
155
183
45
161
189
163
155
148
232
157
10
12
86
56
237
155
213
161
45
12
110
56
48
189
12
12
102
134
157
56
157
85
215
56
56
79
86
155
56
42
102
52
189
56
159
56
12
213
155
56
155
157
45
56
115
246
148
115
32
213
45
159
210
157
32
155
72
86
161
155
163
157
155
215
157
115
237
232
159
155
157
26
213
12
117
86
26
159
161
48
148
155
159
45
56
157
12
157
56
48
210
45
189
56
163
56
157
57
86
159
57
149
69
214
197
238
155
161
218
163
189
238
197
56
155
215
72
157
220
178
155
161
115
48
56
157
115
45
159
161
196
214
155
215
155
215
189
219
56
26
115
56
86
45
45
56
114
220
155
86
86
232
52
202
45
159
48
45
213
56
157
56
161
161
155
26
31
72
148
23
45
155
189
45
155
213
45
45
45
56
155
44
159
159
23
23
155
45
74
189
45
56
57
232
52
45
161
157
45
157
153
155
56
202
218
133
86
79
212
142
56
52
163
157
163
159
12
161
157
163
192
56
163
189
155
157
45
124
106
159
189
69
215
102
26
64
52
32
72
45
134
252
157
84
56
45
45
48
159
79
56
117
42
157
161
45
161
134
91
159
232
238
155
214
213
26
56
214
45
56
85
45
57
42
134
23
213
44
26
159
155
23
72
48
155
215
155
45
157
155
86
159
86
213
45
159
25
202
56
157
56
56
157
157
176
56
56
159
56
161
163
52
157
163
163
56
189
186
161
157
48
25
56
45
12
220
48
56
202
204
155
232
155
202
159
45
45
115
148
72
45
159
111
155
218
215
159
26
134
157
155
56
157
115
197
213
213
157
86
159
232
213
213
50
175
232
214
157
45
110
163
213
10
213
161
161
26
157
155
115
213
72
23
256
82
45
23
12
159
232
213
189
25
215
45
56
134
26
56
12
22
45
155
170
159
45
232
48
10
115
56
12
12
155
202
155
155
48
159
57
155
214
134
202
26
45
256
157
232
202
159
232
213
12
157
189
214
115
155
45
69
155
220
45
155
56
161
56
12
42
64
45
56
155
213
52
155
157
86
45
157
12
73
215
157
45
72
45
48
26
56
214
159
12
157
157
232
12
232
45
163
157
256
214
189
155
45
155
161
23
213
48
189
155
157
155
157
