244
67
181
21
75
177
222
177
181
244
177
75
75
239
181
183
24
75
114
183
183
236
244
107
130
130
231
183
180
130
239
212
141
114
10
236
219
12
243
75
122
183
21
165
130
75
231
65
231
182
212
141
222
65
198
222
165
75
75
28
147
96
75
105
209
107
105
204
165
36
123
140
129
67
20
223
196
28
28
243
34
105
105
243
239
105
75
243
231
182
212
154
194
165
154
209
122
123
28
80
254
64
246
231
36
219
189
154
162
25
242
61
251
115
220
105
244
119
67
146
146
118
114
142
28
181
6
162
25
209
241
54
54
182
6
67
20
119
6
142
105
118
36
176
67
55
195
115
254
195
184
146
114
21
219
185
114
184
20
231
68
231
67
142
20
125
85
242
235
14
68
66
248
154
28
8
173
242
141
6
86
67
30
209
45
30
211
118
184
14
31
251
117
212
187
118
173
107
187
141
187
46
21
191
38
6
242
174
184
180
24
226
105
212
30
246
67
147
89
164
184
226
54
24
84
253
5
226
184
242
21
174
164
154
225
118
184
14
141
7
80
142
231
24
1
165
246
182
254
217
173
182
122
152
145
81
24
217
118
31
231
241
66
209
113
224
230
47
231
3
132
217
2
3
132
81
249
113
64
1
225
113
209
54
185
225
65
92
227
119
20
107
176
92
191
40
20
198
43
250
209
37
24
243
172
251
226
147
118
239
203
94
108
254
239
241
248
173
211
191
36
211
24
132
99
30
43
141
71
137
185
249
241
125
118
109
141
235
160
160
230
72
142
224
241
2
37
12
169
154
243
198
83
197
209
65
127
39
74
60
184
24
98
226
198
20
77
36
243
146
242
113
58
24
145
40
2
231
118
173
142
40
141
77
246
141
224
99
209
128
164
1
195
8
86
144
118
64
195
46
224
78
12
36
75
243
150
244
24
1
27
141
126
227
132
24
237
26
39
154
242
235
63
246
172
87
81
113
33
191
92
1
68
191
156
89
227
246
99
44
95
39
231
254
176
20
209
37
75
120
9
9
47
114
124
20
110
87
9
143
154
152
89
234
225
198
47
56
242
19
185
30
24
194
37
85
27
173
217
37
9
37
154
217
128
198
112
207
120
218
47
9
137
172
100
254
146
179
126
27
53
173
38
75
242
91
224
207
24
80
120
237
231
222
119
255
143
48
15
195
152
255
47
224
254
115
20
162
121
41
251
119
85
20
192
20
164
43
169
168
207
200
9
21
173
19
198
33
38
167
15
49
43
30
185
188
164
68
35
254
78
20
90
119
185
173
255
213
78
137
224
1
116
200
252
168
9
158
241
60
173
38
149
237
241
245
191
108
24
150
12
120
58
246
227
37
227
200
115
24
4
36
36
193
12
254
104
46
38
169
4
227
55
43
134
211
236
80
168
169
120
83
9
149
41
109
239
255
58
109
116
160
173
143
131
195
255
197
47
227
132
143
132
122
160
160
137
242
192
101
131
95
138
193
144
224
49
120
1
229
116
131
77
255
236
48
79
2
197
200
47
35
173
2
30
123
138
60
72
194
173
137
156
236
205
173
123
166
160
253
152
200
58
121
244
228
254
36
36
30
88
37
12
65
48
195
193
85
116
142
57
15
167
30
124
166
188
30
73
227
216
133
116
123
156
24
116
39
52
136
44
193
119
193
68
244
64
10
187
200
73
2
236
232
109
171
77
179
233
113
224
227
231
49
198
52
233
244
187
233
115
72
70
13
216
216
133
107
227
167
30
79
254
193
136
193
116
24
132
168
181
40
85
24
116
125
156
187
49
49
125
204
244
9
99
24
101
12
