59
208
183
208
150
235
140
140
140
183
183
184
147
86
147
249
206
76
59
146
153
60
183
140
181
60
88
181
225
147
153
239
123
225
235
3
237
59
88
75
66
9
228
225
51
86
31
199
140
120
60
235
99
174
191
31
235
174
128
192
181
199
182
140
59
165
66
181
216
249
243
121
12
79
237
123
174
194
55
154
135
57
3
165
106
69
94
135
220
216
9
51
67
186
56
3
66
172
122
174
153
17
176
121
94
3
25
129
33
172
176
31
174
3
94
199
178
226
174
249
154
192
84
140
240
217
26
67
28
31
154
249
235
181
76
44
123
176
165
199
94
61
143
174
199
67
86
33
123
226
86
77
56
129
216
181
176
63
219
29
60
67
55
172
174
225
172
146
51
177
123
129
138
256
174
74
94
181
74
127
94
26
247
117
174
129
117
129
94
44
123
129
17
48
75
94
143
57
176
149
66
104
80
102
199
44
162
244
184
138
7
67
115
83
145
162
91
248
72
129
62
176
212
91
226
216
9
114
72
35
63
172
129
172
69
48
11
184
39
67
181
147
84
182
109
247
44
129
38
147
247
9
94
253
74
182
39
9
97
176
117
138
153
172
84
129
216
225
123
72
94
172
91
150
222
235
161
199
66
197
146
199
77
243
184
21
39
72
255
217
174
63
215
210
48
83
131
120
86
94
162
216
192
174
237
153
10
21
165
154
89
85
216
87
146
215
215
147
170
28
174
176
192
174
199
240
39
161
84
214
104
166
140
174
245
226
23
122
33
61
94
97
31
94
161
255
176
94
9
250
12
44
131
54
256
16
56
76
63
174
94
256
117
83
63
94
12
153
161
142
34
123
34
22
221
84
216
176
47
241
220
94
143
184
129
56
186
131
215
66
16
216
9
77
210
181
136
22
147
218
99
195
94
250
9
32
115
44
215
63
129
160
136
189
174
226
32
32
216
167
50
249
105
82
34
99
94
104
117
181
228
69
129
161
82
63
85
45
123
102
48
230
129
240
82
63
129
199
82
141
26
142
149
195
202
94
170
94
207
161
117
79
184
141
247
199
94
179
26
199
115
82
216
34
186
215
218
82
172
37
83
226
97
216
104
54
218
12
134
79
243
57
66
94
174
215
213
11
148
91
39
174
252
128
33
70
225
153
34
11
136
66
99
216
205
104
42
31
255
28
79
237
147
31
184
216
76
174
42
99
249
94
247
104
10
255
9
139
31
255
142
219
79
241
213
101
159
174
255
94
197
197
243
76
216
215
120
53
46
249
73
91
84
25
197
103
33
238
215
207
94
61
82
205
241
161
38
147
99
241
121
166
61
251
142
144
81
221
27
238
142
39
199
99
174
241
70
76
85
197
63
255
99
142
192
211
44
38
199
219
142
207
80
186
10
238
8
196
197
216
153
197
146
31
44
44
8
94
91
34
213
69
82
197
145
197
69
241
255
85
134
99
158
88
137
169
159
52
186
99
83
17
148
39
76
216
33
82
15
53
171
23
126
9
28
99
55
186
120
48
197
207
186
64
204
94
99
15
56
76
48
31
34
51
48
158
219
99
199
88
102
81
149
31
255
197
66
190
237
99
189
55
255
104
147
87
197
169
85
83
115
162
99
83
82
197
27
159
175
149
72
186
149
105
91
197
204
61
128
28
76
8
147
159
48
14
192
106
197
179
153
110
134
195
232
153
145
9
189
183
203
74
197
74
254
197
189
63
255
192
208
255
12
10
19
179
88
22
149
76
103
9
134
232
134
13
197
203
186
28
57
123
192
249
195
18
76
83
76
32
15
197
22
102
122
26
10
48
72
201
204
148
11
98
172
43
221
24
155
103
53
11
48
25
66
133
157
23
159
172
173
189
83
197
218
83
197
133
221
253
187
167
45
12
23
23
23
146
197
248
111
23
238
13
39
23
157
201
197
155
247
6
212
252
221
238
34
76
196
217
217
159
6
82
96
34
241
101
23
86
83
179
201
235
72
228
102
105
76
35
69
255
201
110
35
64
133
32
228
248
134
199
133
35
201
34
34
76
238
189
238
23
48
