36
80
36
113
8
87
113
87
176
205
114
84
205
65
121
249
87
4
27
128
150
7
205
89
180
138
138
8
89
123
138
121
8
215
209
231
25
166
80
123
182
28
212
87
198
182
123
143
209
126
182
166
143
209
80
33
209
236
182
89
150
182
138
7
239
239
78
249
140
28
222
171
246
204
205
54
22
196
193
143
7
123
29
122
4
111
172
233
36
191
184
162
225
47
51
142
28
48
123
112
176
123
64
18
131
123
18
162
26
112
18
105
181
125
22
182
184
165
56
239
93
126
160
96
22
123
28
6
196
181
136
138
98
128
252
17
160
54
122
138
149
54
184
51
222
112
4
182
116
149
153
56
154
56
28
95
18
18
11
55
101
146
37
191
165
150
181
162
22
56
37
111
98
191
208
92
55
160
111
128
243
98
193
165
36
18
128
34
105
51
106
140
3
240
163
29
214
154
112
60
62
199
128
208
196
171
106
222
138
59
37
122
127
211
249
182
65
89
98
51
142
7
165
231
154
235
113
56
123
140
171
203
128
59
163
56
228
138
43
191
24
51
150
15
20
125
171
102
51
165
238
243
209
165
240
118
54
159
177
215
3
170
229
251
217
244
244
138
51
106
18
74
165
235
83
83
111
163
76
51
167
246
75
128
235
51
59
235
200
211
50
189
37
129
142
69
72
98
116
22
189
84
111
151
118
163
229
37
92
209
142
13
13
191
12
3
56
24
62
79
181
142
248
248
217
104
251
209
189
123
121
108
190
43
190
128
145
118
7
246
98
121
253
65
163
123
79
59
196
4
156
37
52
142
12
127
247
181
91
35
178
211
253
132
196
20
63
253
13
64
176
211
13
177
96
191
129
192
214
176
51
52
31
92
56
142
43
149
183
30
149
151
98
83
20
82
52
202
109
199
202
86
43
235
235
239
152
203
89
82
215
215
65
5
110
164
220
51
215
163
128
195
190
128
8
113
165
160
130
106
74
156
64
72
37
220
36
128
235
111
45
4
37
160
146
214
123
15
177
85
93
221
206
111
63
191
163
45
12
56
214
195
204
155
187
83
10
13
180
163
82
36
15
102
5
182
171
56
96
237
241
105
156
235
206
5
165
92
214
57
214
229
149
116
254
206
213
195
216
14
170
20
234
72
79
160
199
66
131
250
167
94
131
82
237
104
65
86
246
12
173
37
173
228
163
149
4
163
113
27
37
173
56
156
129
53
150
106
37
211
89
163
86
243
15
163
199
222
94
153
13
191
123
27
1
107
142
177
170
162
241
161
246
235
82
115
13
12
246
143
147
108
245
202
73
45
87
8
76
18
32
105
45
242
118
125
133
106
50
216
15
231
20
163
195
24
118
229
3
246
99
138
162
64
76
235
199
56
15
82
206
77
196
184
149
126
98
215
184
253
23
256
45
244
164
45
107
164
211
111
75
152
111
116
163
113
115
156
56
201
86
24
111
110
79
115
163
196
23
244
103
58
19
246
76
13
15
29
135
244
52
130
253
219
148
98
251
94
18
201
160
163
163
23
235
98
152
129
163
45
215
56
42
77
47
163
247
25
23
15
118
23
175
215
152
215
188
222
192
215
242
118
241
215
77
243
51
77
45
254
95
56
123
23
111
118
15
192
96
43
192
178
163
23
203
118
25
77
75
191
17
10
243
56
86
193
129
12
99
73
205
97
203
123
238
163
69
45
64
45
228
243
139
163
104
109
22
163
98
10
216
107
173
52
104
125
22
21
91
66
86
3
52
158
131
173
148
63
8
125
161
58
77
200
45
211
250
163
217
249
161
149
201
175
94
56
82
77
163
196
56
56
45
189
192
188
159
133
76
220
9
228
161
45
163
9
158
163
64
242
219
45
124
82
193
86
228
48
139
13
190
106
161
236
235
183
35
249
232
181
45
47
45
238
133
86
108
107
156
237
161
119
149
193
192
192
221
215
69
36
155
216
77
149
48
109
251
196
161
98
12
192
56
31
85
189
216
102
196
197
161
24
3
81
192
165
149
213
12
167
215
69
84
196
196
61
147
53
197
110
230
230
134
139
235
213
10
45
85
255
232
244
230
23
82
99
64
247
125
163
221
213
154
165
158
82
15
113
64
31
252
157
82
85
56
213
10
96
228
35
49
85
48
163
102
163
63
151
68
163
119
82
196
189
119
10
53
249
45
255
235
85
240
56
167
158
150
111
176
126
126
228
35
215
232
44
247
197
234
69
23
23
36
242
52
96
99
176
249
223
220
133
255
72
10
36
119
148
214
148
157
