128
88
59
50
90
160
162
7
7
217
7
208
162
84
71
164
183
114
151
40
90
40
138
90
146
143
40
151
84
80
107
41
146
62
209
151
90
204
170
113
146
243
185
14
90
7
71
107
152
209
205
107
162
21
21
114
27
62
136
131
152
205
121
204
29
66
42
194
136
114
152
152
230
114
212
165
7
244
62
190
107
242
250
138
138
138
209
114
212
214
239
208
52
152
151
138
138
181
141
140
121
113
71
111
144
40
66
132
237
80
34
252
209
246
151
153
208
131
242
153
208
94
170
7
13
206
90
131
136
150
112
97
141
102
152
71
162
206
208
118
152
112
34
217
206
175
1
114
208
131
121
163
131
144
90
71
58
95
206
132
131
152
205
208
112
90
151
204
151
109
7
78
144
42
252
206
204
3
151
65
90
254
136
104
175
244
16
112
229
16
171
131
131
200
175
136
209
229
132
41
53
114
3
16
229
206
114
144
151
136
175
229
194
141
177
136
203
3
208
204
71
240
189
41
151
249
16
113
3
171
220
160
175
151
91
208
248
254
80
228
234
7
78
175
175
11
149
222
55
16
15
188
216
175
178
118
254
104
45
189
203
238
16
85
254
112
177
128
95
16
229
191
128
206
16
152
241
112
116
25
16
15
27
200
231
208
156
177
121
130
136
222
142
112
152
53
118
85
12
105
175
28
1
208
249
104
36
220
108
11
50
203
57
242
249
75
241
137
105
200
234
169
141
199
16
189
254
254
256
113
254
125
114
152
28
132
160
152
82
107
147
254
97
105
136
204
91
160
128
119
85
254
156
200
114
105
232
77
76
163
234
206
88
146
94
3
226
146
122
254
160
160
242
28
85
35
234
125
127
256
254
244
222
104
10
163
188
252
152
160
200
74
57
220
170
171
118
61
174
10
199
140
185
61
134
200
131
69
118
30
61
169
221
174
174
174
130
234
29
254
91
199
80
138
16
212
98
210
17
104
11
118
91
106
156
199
171
253
216
123
172
51
222
16
171
100
98
37
167
127
145
146
89
79
180
132
123
210
169
170
81
98
199
5
234
199
169
3
69
118
86
199
89
154
170
118
80
219
88
110
91
66
154
136
150
66
79
118
22
186
240
80
186
203
91
142
141
62
122
200
186
26
254
9
37
89
219
118
49
35
83
240
26
22
134
91
118
102
242
222
94
48
115
171
94
108
89
104
199
75
101
63
134
15
94
9
16
175
256
164
230
142
113
105
252
83
69
61
33
200
64
57
158
30
93
12
107
184
145
123
85
153
127
13
16
186
134
55
234
92
58
9
81
17
66
131
69
203
118
91
105
88
100
175
118
106
203
29
256
15
255
238
19
15
141
252
131
88
103
128
118
194
118
94
170
61
152
220
97
69
172
175
121
13
186
36
75
42
111
36
103
194
236
164
171
170
29
98
185
44
240
237
244
94
103
32
200
250
93
105
94
13
30
244
174
149
204
94
13
94
215
87
63
63
244
186
197
210
19
21
57
223
103
137
254
141
220
86
103
61
15
6
9
50
238
86
22
35
83
53
253
142
247
253
187
149
61
127
33
230
134
57
91
219
200
102
113
158
61
243
192
218
35
43
82
216
11
111
54
10
88
123
129
61
123
52
99
135
94
182
142
93
170
125
135
82
216
146
239
32
89
103
10
83
83
121
18
12
222
29
42
19
82
158
83
200
206
83
99
248
119
91
170
57
82
91
203
11
149
135
199
179
129
164
190
192
147
91
180
175
110
201
69
139
26
219
55
139
236
104
180
238
59
122
219
141
129
29
103
104
21
70
97
221
11
244
230
83
83
29
68
114
198
256
164
48
116
221
91
238
136
13
247
16
118
61
218
168
13
222
103
238
92
144
61
118
25
228
128
216
69
254
10
256
73
164
93
169
121
193
134
112
5
145
240
86
67
237
168
64
91
88
169
220
207
109
203
54
91
65
212
241
170
26
237
116
94
167
192
251
251
34
255
69
64
83
96
221
83
94
104
221
13
227
121
238
86
170
128
214
189
64
86
26
134
129
149
61
236
83
88
196
105
108
103
108
223
122
248
237
114
64
255
134
104
22
65
69
149
116
67
134
88
145
131
189
222
152
183
199
59
88
252
10
103
219
199
26
218
131
21
237
139
154
212
74
248
183
12
147
154
240
120
9
139
118
32
147
133
212
60
87
147
111
94
26
108
5
91
128
43
187
118
149
123
3
185
34
240
121
236
76
64
210
189
162
110
3
164
122
251
104
199
76
131
163
108
199
91
169
116
189
203
222
110
248
210
64
88
237
139
189
14
174
88
228
220
102
172
212
73
86
222
87
72
134
207
57
104
56
165
154
170
170
182
196
74
118
61
171
221
57
134
194
196
189
214
227
73
201
158
253
210
253
218
239
65
22
102
102
91
44
256
219
32
75
19
145
139
22
83
73
88
192
223
35
63
129
137
238
186
251
187
227
32
169
255
162
235
189
215
181
204
56
139
55
249
134
145
190
114
199
256
162
247
252
102
180
174
212
6
124
219
139
64
195
154
79
17
193
193
215
182
204
175
186
122
122
42
186
238
238
145
94
51
195
76
193
114
189
140
73
12
219
186
34
86
7
128
52
52
83
159
134
85
200
158
170
220
50
199
26
187
128
145
124
106
245
118
94
154
186
134
252
256
164
42
67
67
108
45
155
252
184
171
22
221
134
115
155
256
247
14
88
73
240
33
26
82
134
189
236
194
248
244
52
252
247
251
56
199
25
222
67
8
219
107
76
11
83
199
152
103
256
10
16
52
8
120
76
64
111
256
183
124
34
133
161
124
227
227
16
220
51
61
181
116
255
86
94
83
102
217
64
82
31
12
57
164
216
202
32
52
116
94
219
67
141
67
6
178
73
218
255
101
26
110
52
60
105
149
57
64
186
155
35
238
230
256
230
198
165
64
247
131
94
210
10
4
115
69
57
114
133
192
45
69
56
133
245
192
250
134
180
59
207
159
27
34
205
19
64
10
228
64
210
69
57
103
242
175
152
53
32
105
22
145
76
154
158
88
140
88
183
131
34
154
83
31
115
184
50
170
228
43
216
226
236
138
203
69
199
94
45
215
35
154
6
81
221
149
93
184
76
89
163
153
179
103
115
116
162
223
241
247
101
122
81
19
134
142
240
196
134
127
25
192
53
71
142
235
105
249
122
154
214
79
149
130
201
88
29
134
138
165
44
184
223
44
226
170
152
181
214
12
101
33
10
5
170
127
208
180
158
2
203
236
36
204
158
232
121
44
29
76
64
51
221
221
108
215
44
56
145
221
89
101
164
103
184
44
31
198
52
228
35
158
83
107
133
60
158
172
241
73
61
34
42
116
139
110
140
103
196
103
192
140
238
115
199
199
178
105
74
223
202
69
212
140
45
52
116
115
240
189
139
116
25
203
26
96
161
244
138
74
41
158
134
240
154
247
101
5
158
219
73
29
67
116
140
25
141
34
145
89
87
158
26
190
76
189
32
49
94
144
214
210
110
102
215
84
3
221
93
255
232
43
105
53
101
116
86
52
103
210
202
190
134
134
32
174
134
114
220
245
255
57
148
248
74
134
12
104
61
241
124
136
86
128
12
61
11
178
256
138
169
238
116
158
89
12
235
227
91
181
256
76
184
255
184
73
13
187
22
69
206
91
105
158
186
103
102
64
42
237
235
89
221
52
162
61
237
70
218
4
63
142
14
77
222
256
236
161
226
212
247
158
105
255
53
74
86
252
221
252
196
52
158
235
161
32
190
213
12
232
158
22
140
244
70
45
238
86
64
204
219
76
252
53
133
220
196
189
224
73
179
82
163
115
35
192
176
38
238
42
60
183
27
244
237
190
146
220
57
139
81
138
238
223
156
119
112
169
163
154
32
11
237
247
133
199
207
61
105
224
255
111
56
76
19
73
189
238
163
120
237
133
134
232
184
104
256
49
190
158
232
149
164
157
88
134
61
82
164
235
44
94
57
158
158
172
161
149
23
86
69
190
19
134
64
48
91
19
214
210
221
133
158
133
26
45
213
6
145
202
219
186
256
105
218
189
161
96
210
229
157
185
158
26
149
86
104
73
72
76
133
126
18
238
154
102
221
158
158
187
174
219
157
161
15
26
133
202
115
52
38
142
156
170
159
73
228
213
61
192
72
186
180
86
245
74
86
120
161
189
133
210
115
149
154
220
100
213
196
12
57
88
215
255
34
213
52
249
79
252
190
39
245
133
184
158
164
157
120
232
236
85
202
139
224
10
227
45
91
6
157
18
133
193
172
178
