205
205
164
231
80
231
231
172
25
231
83
172
143
10
25
27
90
172
33
138
85
253
107
172
231
151
242
31
242
242
59
146
77
146
195
51
123
84
231
40
154
153
54
147
146
66
151
140
59
124
153
152
146
59
75
166
7
243
75
54
172
7
231
143
243
97
54
36
174
228
231
205
36
205
113
75
209
113
46
135
243
235
40
40
113
135
97
205
145
54
68
37
31
84
97
216
31
17
90
234
215
196
113
119
114
71
113
17
208
36
114
117
202
171
31
190
130
95
4
101
165
162
94
102
238
127
215
75
229
136
63
229
136
40
229
182
51
84
150
121
97
181
203
81
229
97
229
93
182
21
42
22
3
117
229
154
178
94
81
90
168
211
229
37
103
200
7
153
111
67
102
113
150
46
97
229
209
46
230
200
81
16
250
192
230
92
217
216
12
168
185
33
102
171
93
146
66
97
27
113
14
183
171
139
112
75
46
109
97
168
167
109
60
154
42
211
92
42
114
235
61
176
113
5
37
167
227
16
21
181
5
121
171
165
121
115
211
175
181
176
184
250
112
136
181
84
2
253
217
123
92
246
62
14
182
122
189
75
208
200
90
112
84
183
229
146
195
176
92
160
178
123
243
162
30
235
53
112
201
253
95
178
117
121
182
172
181
252
122
134
27
172
42
109
156
29
172
180
108
234
154
174
82
141
94
200
57
88
62
169
141
176
2
53
180
164
107
180
82
247
42
63
118
227
122
187
206
132
166
227
174
182
180
141
27
85
216
90
181
94
168
217
28
31
147
254
94
154
94
181
235
240
229
142
142
193
174
246
75
109
252
52
95
239
254
206
109
188
24
121
243
251
37
142
181
224
142
141
93
206
31
112
85
99
180
15
112
131
53
243
236
33
216
146
181
136
138
246
7
73
217
28
52
131
47
196
53
206
25
216
208
77
78
37
130
63
238
182
109
141
227
22
136
95
112
93
79
74
73
144
205
251
116
55
168
142
95
91
46
180
104
136
182
192
46
40
208
229
47
185
53
208
70
6
95
199
203
90
199
131
245
114
59
53
229
90
132
136
203
85
245
109
59
131
63
131
150
216
210
247
85
140
135
205
109
109
95
136
43
140
195
200
197
7
127
164
109
123
96
109
43
200
85
112
46
24
180
217
193
234
85
164
128
78
53
168
245
78
243
105
252
203
230
42
1
199
208
150
4
106
109
174
118
17
36
82
132
224
127
249
219
170
212
65
95
227
182
37
188
134
223
35
96
247
136
37
205
243
9
14
245
107
254
37
169
138
207
102
254
157
174
104
27
85
247
193
95
68
1
127
164
77
47
118
95
75
169
128
112
62
2
107
254
203
58
154
43
92
52
118
114
18
142
97
222
200
132
130
27
24
153
200
158
68
54
179
191
135
218
203
109
1
154
26
67
187
121
59
46
226
67
46
191
246
197
156
78
130
108
191
171
43
248
131
136
101
169
158
174
112
144
120
43
59
95
63
78
130
226
227
34
220
134
79
229
151
186
109
27
109
245
195
168
205
174
173
97
182
141
97
112
185
248
135
49
174
97
129
128
2
155
78
40
109
171
193
101
124
24
1
220
183
183
226
107
184
95
46
129
134
86
255
89
150
121
128
226
118
183
206
82
95
132
33
59
132
122
168
250
108
237
40
145
247
132
194
145
191
88
95
35
97
188
147
241
231
226
51
59
155
200
174
68
220
241
128
60
241
200
224
142
249
256
20
70
188
168
60
145
131
121
49
59
97
247
227
171
28
132
22
97
86
248
231
200
156
156
226
194
101
212
3
200
13
192
211
132
170
101
254
142
97
74
191
237
30
145
132
136
131
86
150
132
130
135
93
205
113
255
30
171
77
124
230
100
144
162
145
39
128
217
194
145
173
224
136
14
106
185
207
224
226
87
237
145
143
142
147
78
103
254
168
188
136
59
241
12
153
256
1
109
130
105
154
12
117
200
200
47
130
59
137
130
60
102
22
43
2
102
152
102
191
4
21
1
135
211
93
75
195
75
167
209
247
185
172
226
42
253
235
100
78
59
1
169
241
60
145
124
132
14
196
132
191
216
198
226
107
47
49
132
14
226
211
191
191
96
11
117
200
226
113
1
173
119
191
137
222
30
253
70
253
233
1
14
244
10
217
119
76
77
88
75
97
124
188
107
30
70
198
107
101
14
1
132
191
224
113
253
122
166
50
30
1
188
79
39
70
132
60
124
43
189
46
101
227
70
163
135
132
35
181
119
100
163
157
253
234
56
14
119
124
188
109
1
95
163
179
133
188
36
156
70
95
117
157
225
200
4
79
232
256
109
214
245
30
113
2
125
116
152
198
108
90
90
20
9
119
109
131
173
90
68
173
227
142
193
132
188
234
156
197
109
119
68
156
142
1
49
90
