194
165
253
239
253
165
121
253
33
21
29
18
62
123
62
29
75
226
205
51
65
123
135
146
146
205
127
229
128
50
128
239
55
211
170
66
194
144
121
55
194
62
252
219
170
141
33
55
147
71
33
13
59
55
139
135
60
146
162
17
186
164
55
7
239
14
34
222
186
58
59
122
13
7
54
222
256
164
252
141
177
190
3
251
35
243
169
39
33
166
178
121
164
125
62
86
164
21
203
17
50
256
146
240
166
221
50
243
22
166
59
248
170
31
256
106
66
51
14
231
240
80
29
28
168
25
240
243
172
51
128
192
106
226
169
174
140
59
174
71
80
238
146
13
190
166
192
135
194
250
166
77
175
59
144
83
196
242
140
76
164
42
166
190
209
44
250
35
162
74
33
34
25
220
28
203
25
243
256
19
59
256
226
205
40
139
138
159
36
242
85
223
222
135
187
203
203
176
32
59
73
153
242
148
12
87
256
80
222
170
209
165
231
71
256
240
223
59
25
144
184
115
256
35
19
76
27
104
13
49
73
220
252
107
150
256
25
34
51
132
147
150
170
90
159
34
166
162
240
138
122
230
242
62
236
70
17
60
52
122
121
159
14
84
19
17
32
27
232
73
104
220
249
89
256
240
87
227
63
47
86
147
52
33
223
59
141
76
84
84
50
221
135
207
147
137
169
252
42
42
73
115
135
84
218
35
95
80
240
39
210
80
148
242
100
218
86
73
106
256
33
42
150
165
218
90
108
106
135
138
107
203
106
35
56
90
13
140
57
211
58
80
42
76
192
232
75
219
87
165
76
166
29
59
150
25
245
192
60
3
52
178
253
215
96
50
136
31
50
144
135
242
148
25
86
178
106
135
35
73
199
80
75
132
150
58
99
60
140
84
114
219
100
237
42
165
219
216
135
42
124
249
129
183
113
89
155
96
210
228
219
52
1
117
175
219
219
131
44
176
238
219
182
178
84
59
237
77
42
42
62
218
140
169
207
148
108
114
13
184
3
189
205
77
72
73
33
50
249
256
131
89
238
242
75
207
192
243
104
240
170
137
25
177
240
222
199
135
44
221
210
84
64
73
192
137
39
129
90
236
44
232
191
121
251
87
211
65
149
240
202
45
89
121
114
243
205
47
42
77
130
73
176
251
90
226
137
89
11
154
25
117
133
237
184
44
25
213
52
213
45
192
203
77
106
110
62
211
189
135
195
73
203
52
52
60
48
80
163
74
12
52
202
204
114
106
144
136
35
169
133
192
90
2
25
15
35
26
27
176
191
35
162
73
16
124
72
181
80
77
204
87
93
90
137
52
163
218
110
121
159
95
97
97
133
218
163
155
132
86
215
147
146
52
133
53
131
232
76
117
149
88
102
75
110
237
153
56
44
148
176
150
162
215
189
250
154
77
56
31
157
93
133
58
197
168
19
52
192
207
75
72
222
237
53
18
70
192
249
63
145
73
84
11
148
89
133
186
25
163
142
221
74
72
3
103
116
115
176
6
14
1
256
105
26
164
77
232
79
163
236
15
53
44
178
135
192
58
96
242
129
77
89
16
256
137
238
163
140
55
238
65
104
256
232
137
64
130
111
248
176
222
250
51
77
218
148
256
42
62
200
58
235
52
192
159
189
79
235
187
163
237
242
242
176
238
222
32
15
26
96
58
145
88
164
116
104
235
97
177
103
159
39
114
116
74
189
236
208
63
39
6
163
194
232
212
140
64
135
110
15
232
155
79
46
18
212
190
73
219
57
44
189
252
200
237
134
77
32
194
164
178
221
147
176
216
137
139
105
166
60
137
94
142
177
194
55
203
18
109
221
154
235
197
186
149
176
62
14
102
146
28
249
170
255
79
196
110
148
202
76
154
64
170
99
213
64
190
60
243
140
5
171
77
42
15
110
91
129
228
221
11
240
86
192
72
204
242
190
49
159
76
55
39
163
9
55
82
102
21
238
190
53
78
31
63
249
200
159
154
100
27
178
72
77
190
236
83
171
249
155
189
64
252
217
91
103
202
64
11
242
49
158
137
213
10
221
169
64
12
77
252
256
93
116
33
72
64
200
256
221
66
207
22
256
237
16
5
110
176
158
46
76
64
248
249
228
170
162
57
187
46
142
110
155
96
32
238
177
153
193
134
110
210
102
34
42
166
157
221
12
19
104
213
142
170
44
13
210
169
221
65
196
25
111
55
55
232
64
32
55
228
203
136
93
39
168
83
213
192
145
11
4
158
169
53
177
255
155
1
60
32
11
213
56
183
202
252
170
77
57
120
202
20
115
72
56
78
32
150
139
240
61
199
101
8
189
186
27
120
26
56
57
69
77
21
178
170
169
72
61
43
72
219
75
121
256
207
83
79
15
190
137
226
82
63
203
62
13
161
93
218
121
137
170
91
38
32
170
54
16
168
197
76
116
31
154
214
98
53
240
62
247
34
176
26
114
13
201
238
123
32
219
15
15
231
235
230
14
56
139
44
190
205
163
18
79
256
238
76
82
216
79
99
110
47
105
252
15
89
91
53
184
180
186
227
72
110
110
96
206
169
32
108
235
248
219
69
35
8
146
164
99
134
214
110
75
15
252
250
148
169
91
160
83
34
76
133
56
64
76
38
2
256
42
31
79
163
115
31
247
102
238
116
137
214
88
215
238
83
157
238
115
55
228
213
215
61
204
149
27
197
58
242
230
163
242
249
238
83
96
64
197
139
87
236
108
64
196
26
18
91
11
122
178
203
134
178
129
256
65
24
44
137
64
13
230
137
197
238
25
45
48
85
256
120
57
53
29
155
210
120
120
96
198
72
146
85
53
25
31
108
57
120
204
83
40
99
199
61
170
134
13
161
237
134
256
55
15
69
155
242
121
139
110
15
73
86
134
242
186
87
23
111
10
57
120
64
252
22
66
149
190
61
214
104
133
69
206
210
205
51
228
26
256
53
12
53
117
67
8
49
248
106
110
194
91
238
135
100
219
131
53
102
252
193
219
10
188
13
116
102
149
142
161
35
8
69
93
52
26
77
195
182
238
178
99
24
256
14
161
256
149
199
245
32
248
81
63
133
140
219
120
76
214
191
203
238
117
203
106
115
38
104
178
134
65
26
219
26
26
193
14
117
178
53
255
102
86
198
164
105
104
189
60
221
248
161
80
85
221
94
137
169
101
197
138
61
219
110
176
96
160
10
170
189
11
157
69
161
120
72
169
249
56
19
233
72
137
89
63
102
46
213
83
178
56
26
76
134
178
158
146
102
14
203
105
39
197
199
237
83
138
170
32
129
53
19
52
55
186
204
12
235
96
96
238
164
22
195
138
199
242
102
7
10
89
57
175
89
217
232
184
248
197
192
205
248
10
45
170
25
256
23
196
149
122
95
106
187
172
134
149
139
249
70
190
22
174
216
26
179
128
83
144
13
27
38
148
13
199
138
33
238
199
83
238
252
186
26
145
159
77
186
215
253
237
53
144
73
187
189
232
110
77
134
21
73
147
55
85
203
249
38
238
90
189
228
186
199
66
170
252
115
238
103
76
237
35
117
76
103
197
57
58
237
199
43
26
146
193
120
238
44
248
94
66
197
210
48
77
36
236
134
102
240
34
154
15
77
116
145
15
203
77
102
210
101
121
192
223
235
110
237
196
117
244
55
27
121
115
221
248
38
122
101
110
203
196
113
203
210
155
157
238
149
72
133
77
66
61
178
256
66
105
158
49
94
55
91
164
207
72
140
57
210
13
120
120
24
8
248
230
82
150
120
72
22
61
82
226
39
214
104
116
219
155
240
183
141
85
256
231
19
44
236
5
215
55
10
110
94
214
189
190
174
189
10
9
69
203
154
256
193
157
158
247
161
91
105
120
193
159
52
48
187
150
244
134
218
55
245
15
39
223
237
190
199
39
215
57
48
108
32
71
134
237
55
19
250
201
110
19
8
53
158
184
27
62
158
55
103
166
58
150
197
203
135
94
131
55
133
26
144
197
48
242
147
83
150
72
256
53
255
85
256
213
83
139
228
237
139
122
230
64
214
248
15
218
5
34
240
25
121
232
148
149
133
135
82
27
73
137
32
201
253
76
57
87
199
163
186
149
169
9
186
55
139
238
149
3
193
39
211
210
83
204
226
172
89
169
50
34
219
82
149
31
253
223
253
190
120
106
247
179
47
32
191
50
34
192
201
76
249
245
244
55
213
55
106
69
203
52
150
196
39
186
237
134
120
49
134
106
76
178
195
128
110
100
26
211
52
196
9
170
161
158
120
45
169
11
103
45
207
53
96
186
232
83
83
170
115
159
47
123
53
214
79
212
62
68
193
131
161
94
237
163
52
49
147
76
256
195
199
193
76
122
145
174
82
197
123
19
220
196
161
126
57
49
192
129
201
26
115
204
147
161
159
134
134
214
67
170
232
120
89
31
34
34
52
133
72
28
13
218
176
133
134
56
56
82
179
195
163
