129
129
129
129
129
129
129
96
129
51
58
174
51
138
166
209
127
123
51
37
123
129
67
91
180
165
58
91
17
165
58
220
105
245
186
105
62
80
67
165
118
128
194
87
105
216
104
165
216
245
216
118
76
97
245
129
206
31
105
216
105
200
28
129
165
126
36
107
165
108
209
222
222
222
177
243
28
46
207
150
59
10
216
216
142
111
232
230
95
40
59
245
55
174
188
200
222
243
221
138
217
87
203
84
58
129
174
28
151
208
138
99
128
216
80
111
88
180
164
104
46
256
104
21
59
217
186
142
51
112
90
34
87
128
220
231
90
51
138
114
46
211
243
141
216
164
190
79
256
217
176
208
46
31
208
162
46
107
217
226
243
138
176
211
90
42
174
146
164
243
147
217
112
183
182
165
95
28
90
122
216
243
245
62
203
231
111
164
174
9
138
217
138
183
253
147
217
111
217
22
17
216
174
29
214
190
174
136
129
171
243
9
243
128
194
174
213
138
37
3
182
245
243
217
77
182
111
46
217
230
217
77
141
217
66
183
108
147
128
71
99
9
174
8
209
46
231
162
19
243
66
111
115
66
26
66
219
104
118
94
13
146
253
19
194
219
143
170
217
131
229
217
143
243
66
243
46
66
170
217
104
70
104
230
106
237
244
84
181
219
104
77
243
51
66
100
98
108
187
104
84
143
243
66
245
231
104
43
217
198
166
106
51
179
141
49
118
243
32
19
200
11
216
59
131
98
75
37
226
236
83
93
147
4
125
217
141
114
178
77
105
191
8
67
118
236
148
69
136
171
14
120
9
243
248
104
10
144
245
191
241
146
187
146
66
24
226
211
29
113
199
256
14
245
12
241
104
255
41
183
68
37
182
109
117
111
213
211
107
114
200
34
245
121
67
242
136
131
106
12
105
70
216
201
150
147
243
204
70
236
171
235
44
131
69
141
2
102
183
208
207
190
90
17
224
27
182
245
114
147
8
117
39
61
91
50
241
236
241
17
118
37
159
236
93
199
245
245
170
68
164
37
248
200
136
47
243
104
174
220
216
237
242
219
50
79
256
25
156
88
151
50
136
117
90
241
239
22
246
200
109
206
68
87
241
116
220
58
124
28
97
37
245
103
27
16
109
216
248
77
103
26
118
190
251
131
86
40
53
136
32
199
172
228
170
66
168
217
228
246
36
256
9
196
118
53
250
52
29
17
79
129
245
136
105
165
73
112
94
81
229
68
251
198
121
198
77
41
254
37
247
254
128
171
181
110
171
247
219
102
64
192
123
128
37
17
37
132
180
76
246
111
77
246
246
46
230
234
127
28
34
22
154
49
40
52
254
91
238
200
190
200
38
138
38
247
77
201
138
230
21
144
108
153
41
198
168
101
5
22
224
199
49
229
53
93
145
153
19
89
121
34
17
247
193
101
200
104
236
151
36
132
188
4
132
124
144
141
82
188
151
228
234
217
198
79
22
141
234
94
196
169
90
192
241
61
138
137
235
150
61
175
186
151
230
97
66
53
171
69
5
192
128
21
37
206
183
184
16
77
4
77
91
192
41
252
165
241
171
95
181
81
168
86
206
116
230
128
173
245
191
65
229
131
188
236
184
123
180
4
6
186
81
230
97
53
188
69
11
244
124
227
99
214
154
101
60
87
247
99
126
184
184
166
244
242
97
26
196
22
88
229
203
103
34
249
207
17
95
25
121
200
109
38
81
171
165
60
4
191
182
101
255
11
77
77
10
165
66
242
86
124
116
17
5
206
172
37
242
14
188
25
222
159
142
115
165
69
17
77
4
55
10
103
53
118
26
175
86
101
191
141
124
108
106
101
178
81
206
124
182
187
81
217
188
145
141
206
228
188
57
231
78
47
188
204
203
121
34
43
168
35
21
38
142
81
142
171
39
190
81
119
8
102
128
129
170
83
229
126
145
75
77
66
29
43
178
25
93
64
113
218
121
145
17
58
253
49
11
19
126
242
43
168
221
9
248
17
164
164
174
61
145
144
137
235
180
142
34
105
224
240
135
57
95
217
223
65
155
187
124
70
138
77
156
133
206
27
24
88
128
141
35
183
47
210
101
247
78
110
104
124
17
92
137
132
70
37
38
182
99
218
133
208
221
180
110
86
81
68
199
208
4
94
101
201
156
14
221
180
77
195
188
245
174
83
75
37
58
211
86
34
240
218
156
155
206
2
94
174
168
92
160
81
22
142
124
158
200
59
186
54
35
116
191
54
1
205
216
36
108
124
109
1
156
124
151
33
207
1
195
111
2
113
108
25
19
19
90
41
248
229
49
120
90
47
109
124
176
36
46
79
254
134
59
191
123
248
41
68
111
191
4
46
