108
108
6
154
6
51
108
135
238
104
154
209
28
78
209
180
231
180
209
128
135
29
7
104
75
209
138
78
15
62
40
150
132
222
135
128
187
150
187
225
209
33
37
202
154
121
132
78
149
187
8
97
29
83
75
40
97
243
27
177
62
223
189
40
127
154
127
24
219
142
187
237
15
141
144
88
203
48
194
54
212
150
29
185
238
203
69
166
40
162
3
11
116
11
202
76
121
249
238
132
33
11
97
3
33
88
97
27
111
207
56
144
250
207
104
171
88
237
59
190
25
97
136
115
142
154
213
166
207
106
144
222
31
158
59
138
57
126
136
192
40
189
144
15
88
144
199
14
132
248
202
37
97
130
10
93
35
159
138
207
166
249
27
59
128
52
52
243
33
219
75
76
192
53
207
230
22
200
150
110
40
135
86
220
147
31
3
177
138
129
59
130
102
183
207
251
110
226
172
88
40
157
154
33
86
228
40
90
194
14
207
154
131
151
63
207
73
138
158
56
86
37
240
138
75
226
174
162
76
235
110
175
66
57
238
132
235
230
84
196
75
26
154
159
226
144
84
187
154
214
157
167
154
174
84
162
40
153
39
122
200
124
126
68
86
130
153
207
124
249
178
248
84
138
203
171
249
73
249
126
100
97
77
124
127
237
37
130
84
157
127
240
48
40
27
195
31
155
194
77
83
217
249
138
187
111
18
140
207
150
14
249
64
39
56
92
39
243
124
124
84
84
140
124
130
140
66
155
28
155
35
226
171
26
207
220
162
239
157
97
69
153
84
197
124
232
124
252
106
228
220
73
94
155
138
86
252
211
135
202
150
97
136
44
202
230
17
130
100
192
21
102
126
106
48
26
149
207
54
96
220
3
178
93
217
27
136
58
39
176
124
242
83
95
147
126
207
124
29
26
57
131
109
128
102
212
109
96
162
213
75
94
59
33
53
99
183
135
212
69
192
74
232
165
135
216
37
138
109
123
150
145
123
14
219
86
86
103
131
132
64
140
205
81
187
96
58
20
212
44
140
43
144
219
123
54
220
171
128
253
206
153
67
175
96
175
163
150
211
40
184
187
114
48
76
246
207
171
3
26
3
106
86
216
76
132
150
33
116
11
212
138
212
130
249
222
181
239
99
136
106
104
14
132
138
86
10
138
26
105
240
54
99
240
154
212
256
247
46
106
205
22
19
99
90
84
105
102
30
46
54
69
86
135
75
211
202
126
176
131
104
252
15
238
102
175
99
111
222
252
95
171
129
46
86
26
105
14
11
200
226
102
3
64
184
11
249
176
156
159
192
104
213
154
97
55
253
3
26
15
212
9
134
15
132
86
166
9
102
170
154
83
116
177
150
192
39
91
238
138
252
174
171
249
124
216
78
239
151
97
164
205
216
165
11
54
156
251
177
212
138
120
29
100
207
81
86
206
102
69
200
3
207
9
52
249
31
86
124
92
117
86
89
106
176
25
64
105
129
70
237
138
131
200
249
86
26
97
43
120
140
184
145
86
40
45
99
138
32
256
56
128
102
124
10
240
124
193
31
138
49
248
74
214
42
26
184
114
240
255
156
97
3
84
10
51
130
237
189
250
197
221
248
249
128
124
139
177
46
9
26
52
211
117
129
81
94
114
77
127
17
250
248
219
86
19
52
45
127
175
76
104
11
151
163
122
96
219
149
230
75
195
164
249
91
86
96
70
116
87
50
114
98
249
219
230
127
44
51
125
248
220
15
138
151
128
79
42
189
251
87
207
26
249
219
99
176
192
126
109
111
210
129
175
219
160
125
170
126
94
105
230
132
250
51
24
157
98
111
211
220
189
160
160
217
81
127
198
57
82
131
99
3
174
29
160
181
211
147
136
220
236
203
165
105
46
26
197
181
150
216
94
218
123
106
98
75
136
198
32
73
177
84
36
26
120
30
5
99
98
140
53
53
38
94
69
219
211
15
177
74
138
248
52
198
120
52
154
103
55
8
189
135
249
216
44
50
75
57
215
151
81
200
114
134
98
123
77
66
247
249
69
132
207
235
215
213
200
147
15
246
43
122
96
114
122
75
30
114
47
1
25
115
129
207
128
211
110
85
29
126
128
237
160
212
67
220
232
242
36
144
146
28
249
84
114
174
132
5
30
86
51
25
170
202
82
33
3
177
183
129
189
111
220
106
29
189
164
57
195
9
177
114
75
25
190
238
235
64
77
82
29
79
161
45
84
75
195
102
96
85
256
232
104
112
150
29
42
175
218
73
115
174
69
175
122
86
93
183
75
232
204
86
200
79
84
203
249
85
245
150
77
66
200
132
138
190
99
119
242
252
256
90
51
210
47
184
247
159
164
131
57
131
59
172
200
213
161
112
99
149
160
132
116
104
199
110
132
18
10
150
216
112
218
128
181
136
112
9
140
104
131
247
174
216
151
10
235
159
222
240
183
199
176
31
108
181
222
70
75
51
113
155
113
172
131
157
126
26
160
163
71
112
75
210
131
132
94
29
69
76
159
112
148
24
240
39
10
10
21
117
252
112
161
75
223
122
52
150
65
134
112
134
76
10
116
134
129
48
24
215
86
127
79
163
34
12
51
200
69
124
75
181
117
47
181
113
69
96
111
224
82
218
247
132
139
208
94
38
50
153
137
113
221
43
57
137
200
149
86
60
73
15
133
102
119
216
43
104
255
93
82
211
124
87
200
34
133
173
20
232
128
132
200
56
210
132
178
25
25
44
33
10
69
115
93
2
109
8
207
160
139
109
247
115
112
150
49
200
139
159
73
182
85
78
242
57
56
137
53
57
57
224
38
87
28
156
148
136
126
199
94
216
138
125
75
136
140
133
48
114
255
112
160
219
221
10
37
11
192
64
10
69
90
151
53
92
156
177
153
101
96
49
139
109
102
136
188
124
248
50
67
32
228
167
90
134
216
137
14
76
100
84
118
79
197
47
216
242
218
150
42
189
81
200
197
67
137
171
2
235
149
250
73
150
215
99
131
206
134
136
245
77
101
79
226
12
37
122
207
216
168
39
94
5
124
70
66
253
197
140
110
155
193
250
6
131
178
73
2
32
227
87
66
52
94
82
58
70
133
139
131
52
226
232
133
2
56
148
62
247
206
57
173
94
12
124
14
28
190
227
44
75
62
10
182
15
132
17
202
4
29
99
224
12
172
210
149
53
133
62
237
150
197
133
63
210
15
84
188
207
216
160
39
255
119
81
75
94
15
15
243
168
226
45
160
57
76
77
62
3
216
158
159
61
232
26
200
224
9
147
199
148
156
197
174
207
82
222
254
255
252
15
15
206
39
15
82
74
15
88
215
190
133
44
174
133
203
200
82
133
62
250
27
110
34
216
60
242
122
124
218
111
132
12
15
135
160
190
133
119
133
119
40
155
218
33
210
133
197
226
137
70
114
10
94
237
91
91
216
3
35
114
19
138
77
200
236
69
197
214
117
119
27
188
78
11
248
254
232
74
179
191
94
42
12
133
41
21
48
107
183
56
48
43
142
232
82
103
57
187
139
115
194
117
133
107
120
191
40
56
124
237
45
255
74
175
130
70
77
124
47
44
52
150
191
164
138
40
139
132
48
157
132
111
210
206
232
91
133
158
133
74
145
243
178
10
124
255
82
230
244
204
4
232
61
139
43
5
133
151
115
207
104
237
153
215
64
148
63
255
24
73
116
48
70
173
158
216
21
106
215
134
210
200
116
173
232
138
192
210
82
78
4
197
210
13
15
82
77
202
102
12
102
193
