113
113
113
95
230
229
113
229
113
222
95
222
59
59
205
17
178
222
144
130
28
28
245
130
245
59
136
209
130
28
21
209
136
222
3
130
28
135
130
245
231
135
136
135
130
66
130
235
17
40
194
114
130
130
30
222
21
114
226
209
195
59
17
235
21
183
3
3
109
2
150
95
120
13
67
194
100
183
75
195
135
231
59
30
194
135
114
195
150
177
235
75
61
2
61
130
140
195
183
114
150
192
114
230
195
135
11
150
95
70
120
70
95
67
135
109
114
2
177
200
2
75
200
183
138
181
240
231
181
77
114
46
135
46
248
3
75
183
33
92
59
183
33
2
243
90
138
183
95
75
132
208
195
135
77
114
192
90
2
138
92
114
137
226
187
183
46
75
90
96
180
217
107
33
49
20
107
138
55
248
15
11
30
33
96
226
41
33
137
109
182
137
63
92
150
150
92
89
90
137
2
226
114
132
17
198
207
2
114
217
77
219
140
182
207
27
38
171
121
183
89
17
130
140
2
130
78
223
59
33
135
226
17
30
17
211
195
226
63
136
130
132
77
2
193
80
114
239
88
203
80
1
108
95
95
217
150
205
1
89
27
226
187
1
137
170
187
33
109
208
58
179
71
107
41
244
71
181
27
235
100
151
179
158
77
79
114
207
70
100
27
71
191
33
58
137
183
131
6
226
70
70
2
229
191
52
63
192
132
77
77
131
