10
127
140
151
187
223
100
201
61
111
111
96
61
127
4
64
171
5
79
14
10
28
127
100
10
127
16
64
206
127
67
33
176
187
211
176
67
14
171
127
28
28
256
43
59
79
8
147
217
28
26
110
111
28
69
187
166
67
128
168
67
64
171
79
250
8
105
135
28
71
132
14
187
25
32
6
187
28
26
14
90
14
147
14
79
33
147
199
109
8
67
36
14
11
135
223
250
11
153
14
6
181
71
8
160
100
172
69
69
147
114
11
195
187
250
187
27
69
83
138
3
14
150
14
79
28
14
28
28
28
79
14
206
10
172
66
59
256
126
223
124
226
33
69
83
171
69
130
156
111
105
32
192
75
79
71
39
6
160
242
14
189
42
187
227
28
42
187
111
14
14
106
189
19
200
227
79
6
142
156
192
172
34
54
187
14
222
175
256
223
60
250
14
59
115
134
141
153
192
248
141
14
90
33
21
89
8
226
81
96
42
42
59
100
14
83
195
196
135
219
75
14
100
203
14
100
14
171
181
3
221
71
195
132
81
204
196
226
203
13
97
6
195
28
21
187
14
227
49
211
154
100
135
171
17
2
111
3
43
256
34
192
100
14
147
94
14
83
192
79
196
250
248
79
105
226
38
195
226
100
221
100
153
182
96
94
223
195
172
181
106
100
32
126
111
79
38
154
250
105
100
211
38
181
67
189
154
238
19
43
231
14
105
46
126
39
150
79
75
253
196
90
226
116
237
135
30
11
69
6
137
245
211
64
13
136
11
174
200
182
195
212
187
123
137
181
250
14
147
64
146
70
238
105
14
211
49
135
147
126
43
212
206
91
250
122
190
28
39
142
79
91
162
187
38
87
147
192
182
10
147
97
250
60
10
199
2
51
131
33
14
195
223
141
30
102
91
141
187
222
28
137
59
230
1
90
43
25
94
162
64
32
147
135
3
147
33
150
174
168
11
100
135
211
1
94
192
5
202
237
42
187
226
241
136
43
100
91
171
245
183
126
70
17
179
127
226
253
87
226
199
212
136
100
64
43
43
5
60
4
92
124
34
28
95
43
226
250
30
226
3
187
49
100
168
10
187
147
226
28
223
141
83
96
200
46
137
211
43
195
187
28
183
100
174
223
229
147
171
90
14
226
42
33
137
5
87
226
226
10
131
95
250
147
212
30
79
200
103
41
14
131
207
49
195
182
30
209
33
4
168
250
106
28
168
92
168
189
37
60
89
14
132
14
117
150
245
26
187
14
171
17
226
172
63
100
49
49
109
183
106
59
34
131
250
109
94
3
198
187
250
120
245
250
79
171
196
137
137
118
60
223
37
192
3
250
187
114
49
187
114
147
28
226
200
147
83
124
60
187
163
33
14
229
60
10
14
90
213
83
65
235
10
49
70
211
187
126
137
119
149
2
67
14
65
226
132
65
49
137
60
141
118
212
109
60
137
76
73
181
100
239
90
28
96
59
181
130
60
126
192
176
42
21
209
250
69
248
212
171
187
153
28
200
14
49
33
187
153
226
226
187
130
33
14
56
244
28
100
56
105
137
171
163
30
188
60
156
196
124
60
60
42
248
100
240
62
14
69
109
126
33
25
56
109
131
219
255
19
90
37
130
238
49
187
153
19
60
187
1
119
39
124
120
33
192
117
69
105
90
214
204
158
22
25
10
126
187
131
235
19
56
235
39
250
32
132
117
114
21
137
1
226
126
147
28
105
14
49
90
196
119
156
192
190
132
33
14
231
130
222
1
187
137
156
117
214
14
33
36
39
235
187
214
163
43
235
156
153
95
33
171
82
109
1
12
175
172
200
175
79
226
49
2
135
56
60
70
131
9
27
60
220
245
137
90
214
64
18
226
14
209
14
22
226
14
226
117
211
171
136
125
225
220
56
14
100
53
33
196
113
65
225
212
60
237
230
118
241
14
217
77
22
47
192
226
188
14
15
137
132
60
46
1
79
235
132
60
226
66
137
9
43
100
14
175
60
187
36
100
100
229
60
225
153
2
137
42
125
1
44
14
235
226
9
90
65
9
110
67
3
30
14
114
187
187
89
117
137
137
11
14
131
200
100
224
249
69
89
15
60
100
226
241
231
117
60
207
120
226
131
60
60
124
174
235
79
187
90
254
2
137
14
226
70
14
176
132
137
124
188
70
60
60
9
60
137
176
9
33
226
84
36
168
60
22
33
150
13
215
207
98
137
90
14
133
124
131
43
90
226
200
2
90
39
99
137
60
90
76
43
196
239
123
79
60
14
226
14
14
226
137
14
245
172
60
226
192
207
57
117
41
187
62
30
31
33
226
191
110
207
168
27
120
187
14
120
100
1
219
2
225
187
188
2
26
99
30
60
188
187
254
30
117
192
211
117
207
192
72
156
28
2
9
212
77
14
187
1
227
1
226
108
79
171
168
130
114
46
145
28
225
196
187
132
177
100
60
6
177
142
14
245
207
5
14
114
226
212
137
192
75
39
14
209
14
250
2
176
5
64
114
135
131
77
187
88
112
224
248
225
70
131
132
134
172
109
252
44
79
187
245
213
237
65
64
226
43
240
226
172
233
212
52
72
72
31
156
56
245
106
133
60
46
241
1
49
20
28
132
241
130
14
15
187
60
242
136
161
171
137
187
96
112
190
131
123
188
224
66
79
48
168
117
187
43
226
137
192
183
133
90
207
187
207
60
14
171
187
82
226
14
156
232
43
124
44
85
31
224
131
192
1
245
241
108
114
117
232
117
141
60
189
145
114
130
194
239
33
14
60
60
117
228
142
52
130
220
117
43
11
213
23
214
217
137
39
158
93
158
124
70
226
178
39
70
33
17
57
168
245
57
171
70
108
10
192
187
79
255
187
205
158
117
2
117
56
82
2
60
43
232
226
135
79
227
226
2
34
64
44
37
14
117
117
1
1
17
241
198
40
74
187
211
70
1
2
245
224
2
30
117
199
168
117
187
196
70
14
176
61
187
141
31
1
226
117
54
60
132
134
161
120
198
56
213
226
142
39
150
52
141
58
37
158
19
86
212
14
191
172
192
168
90
226
117
224
184
142
132
1
1
147
60
22
60
39
36
46
86
46
227
117
109
60
109
187
131
246
20
168
224
60
188
127
155
46
38
187
5
132
196
18
60
250
189
177
39
60
46
187
37
19
30
192
241
2
159
86
78
174
82
248
6
1
229
24
114
43
46
226
147
109
163
117
158
138
96
142
188
46
46
46
142
250
43
119
245
14
187
47
22
187
1
254
109
46
34
222
10
1
102
2
226
92
79
86
20
109
24
110
161
171
1
229
82
24
46
119
113
226
14
20
109
245
207
60
167
117
191
20
187
205
187
47
60
46
49
207
119
53
226
58
24
77
2
