138
81
239
138
165
182
209
146
146
160
219
209
176
136
98
165
160
121
104
242
136
165
143
209
242
165
89
89
123
123
84
253
165
242
99
242
239
104
165
99
139
23
104
147
218
243
94
5
74
139
104
74
165
23
238
82
13
54
34
38
98
160
181
74
54
74
215
82
23
4
111
161
218
72
72
85
193
32
23
243
88
72
72
162
23
215
140
198
116
146
85
44
76
72
140
104
129
34
16
45
151
40
244
85
16
72
159
181
48
222
154
169
174
88
190
181
72
72
22
63
64
130
85
23
190
215
105
25
79
114
25
190
23
217
85
2
202
190
14
3
181
85
126
228
30
224
17
111
159
88
94
10
54
226
135
217
72
14
104
34
194
144
25
170
208
96
231
10
3
121
197
34
154
194
141
1
107
231
14
216
256
195
28
145
45
89
13
133
219
150
50
253
92
256
87
12
72
16
231
201
36
181
85
56
138
166
235
58
235
197
191
243
244
216
244
51
34
230
174
133
229
40
216
107
58
16
231
216
190
64
89
151
194
18
144
195
32
205
23
181
44
169
146
250
242
228
212
184
197
157
33
64
80
212
197
24
218
40
217
58
190
159
128
145
247
207
185
74
140
140
111
67
88
92
14
51
13
228
125
80
97
92
151
209
2
145
207
206
75
211
109
9
59
65
221
217
250
121
235
30
48
88
3
228
145
18
92
50
254
28
51
195
73
215
73
203
75
23
250
195
157
221
145
145
141
109
27
24
209
225
228
11
122
8
205
104
74
48
163
226
104
125
228
40
157
227
205
31
201
188
18
190
11
89
146
190
75
195
40
75
73
87
154
84
231
228
36
82
63
75
27
206
113
129
206
33
27
33
200
10
180
107
209
85
72
70
8
217
108
108
209
65
182
135
149
146
227
251
127
55
122
217
14
14
252
231
182
21
215
248
157
217
33
88
256
109
141
14
14
113
220
182
88
223
89
4
185
125
147
72
183
250
256
59
13
156
74
240
127
59
251
100
90
87
231
20
217
217
92
254
43
28
231
14
59
25
195
22
2
222
207
190
138
89
231
20
7
236
35
88
83
4
36
107
169
228
59
205
190
208
225
100
36
119
180
225
226
246
158
55
138
28
211
77
71
80
181
130
96
206
154
226
113
185
250
229
89
35
191
81
248
89
22
223
88
140
191
88
71
67
244
212
146
190
203
21
118
144
1
98
184
10
150
107
185
20
217
160
74
207
209
108
117
247
11
253
73
59
195
217
182
112
28
128
76
219
217
228
2
36
102
108
36
72
130
231
7
27
59
22
61
21
221
36
107
41
40
65
181
35
33
82
207
191
149
196
40
203
74
186
177
132
10
226
213
185
191
11
74
84
203
150
40
100
107
97
184
169
217
247
191
68
54
89
92
185
251
185
8
211
179
113
154
195
211
71
203
127
169
138
170
217
172
208
19
106
225
102
210
65
108
252
144
79
200
146
30
225
223
90
221
11
58
70
144
185
192
75
156
158
81
59
40
51
18
163
82
97
71
191
256
128
17
63
154
57
83
187
132
187
5
186
14
33
223
87
217
182
28
23
247
7
232
43
192
221
3
64
122
144
201
14
209
3
194
13
30
256
113
256
3
7
205
1
19
217
82
240
212
117
138
206
31
222
3
82
1
88
40
23
194
166
76
3
23
153
187
67
121
245
151
201
239
228
98
182
71
33
14
154
54
2
91
18
30
40
238
21
231
18
225
231
25
110
97
131
144
182
76
17
215
229
118
229
190
41
194
58
252
128
36
70
121
252
244
231
88
254
196
83
194
14
20
221
196
126
122
250
3
95
157
180
18
71
83
222
34
144
195
221
176
256
33
226
79
220
96
207
28
256
211
5
14
29
108
169
254
102
181
34
90
2
14
200
198
97
5
20
154
5
174
217
200
97
217
118
39
188
82
190
224
47
94
8
206
244
153
224
185
165
130
97
239
203
62
92
223
14
175
214
243
250
187
135
82
52
42
104
190
177
73
28
194
113
217
170
181
76
89
256
121
191
186
156
22
125
223
153
169
188
237
211
18
121
63
253
141
64
123
194
34
57
251
121
40
146
200
63
14
7
40
21
94
244
54
248
64
86
82
53
6
108
169
104
43
110
81
51
132
146
23
2
41
195
14
228
195
222
131
4
245
109
96
182
65
163
194
34
244
211
106
156
174
228
77
83
195
58
187
138
250
136
224
65
53
88
153
192
25
21
195
41
53
112
107
40
172
126
189
15
248
59
102
136
1
153
82
19
132
41
66
251
114
61
118
58
27
27
154
153
222
119
225
102
192
130
136
76
184
20
211
75
58
21
40
23
245
121
113
207
182
132
137
254
132
110
217
186
95
222
125
93
172
182
220
25
244
118
59
87
243
16
92
10
194
83
137
23
150
135
123
53
91
89
150
225
166
135
209
85
67
178
90
127
50
107
195
237
47
160
157
153
245
28
48
114
71
34
174
184
184
123
140
74
1
190
137
14
104
175
183
37
2
203
2
244
152
1
223
190
109
223
199
1
100
5
163
72
49
206
191
79
254
82
36
67
18
132
82
121
211
83
217
231
202
51
2
87
227
82
239
183
107
82
28
229
59
107
146
52
222
59
23
231
135
253
68
55
229
60
195
60
2
34
59
41
154
91
137
195
43
69
97
91
96
127
81
117
221
70
164
107
211
132
224
43
206
248
250
160
227
107
144
237
43
129
135
19
68
112
185
221
206
182
81
97
85
175
103
40
144
5
100
28
70
135
11
23
40
43
152
182
82
240
206
195
226
23
246
18
169
211
1
194
85
109
35
192
85
116
33
125
182
187
181
169
250
244
56
182
110
33
172
217
223
33
70
192
8
191
36
188
229
113
1
164
185
83
107
82
107
80
124
28
78
55
231
158
174
90
69
152
185
65
82
138
217
151
8
174
91
49
48
16
221
8
192
109
238
3
119
16
240
42
61
187
82
252
183
20
229
183
70
152
153
33
124
146
232
23
14
256
43
28
181
206
148
109
2
160
196
64
181
244
187
200
156
201
44
63
206
125
90
254
206
243
166
140
174
19
119
172
181
5
20
65
174
27
162
20
181
181
132
190
195
60
103
115
223
20
96
25
171
44
229
195
42
55
13
95
188
71
160
3
118
21
94
35
137
104
33
5
195
122
28
109
165
113
67
229
194
190
125
21
195
191
254
145
22
245
211
55
20
118
35
90
132
181
136
67
74
240
229
175
20
248
146
135
213
18
21
79
21
20
171
59
137
41
44
109
209
136
217
154
206
125
195
225
228
191
84
240
192
109
229
195
228
36
76
229
207
21
42
102
14
187
8
181
144
216
8
70
21
168
40
136
223
136
163
167
245
240
16
253
227
14
244
72
169
109
136
256
221
59
132
245
200
169
20
78
91
160
238
146
23
43
103
34
68
60
100
68
200
59
68
130
2
125
82
94
25
146
218
23
156
245
206
154
184
245
76
181
223
14
83
219
42
212
182
16
57
60
164
122
136
130
25
181
203
68
153
11
91
107
83
78
95
49
20
141
144
134
222
217
96
60
51
230
217
208
100
217
35
2
115
234
118
34
60
196
109
201
77
78
75
201
105
103
229
250
11
48
23
21
229
82
229
15
229
23
28
59
88
230
132
125
87
219
59
48
49
194
40
156
132
35
230
24
18
136
121
5
83
174
88
68
147
43
119
89
240
56
215
222
125
236
114
211
251
24
176
108
141
109
47
103
11
138
181
65
2
228
23
240
221
174
65
21
150
169
191
105
181
131
227
152
191
96
195
195
89
19
66
206
61
68
142
66
100
156
94
229
79
109
103
121
170
15
92
66
2
229
90
228
108
245
43
117
147
151
114
2
227
109
76
4
136
162
109
135
65
69
83
113
158
133
19
109
53
18
18
90
104
223
44
10
213
200
200
185
121
113
103
79
121
221
219
184
109
132
170
166
34
191
229
158
121
254
58
187
223
103
144
103
133
41
200
210
202
190
216
68
195
10
239
132
196
243
1
137
195
84
238
114
207
182
245
246
109
169
238
156
224
206
104
187
244
234
151
154
10
187
5
201
201
217
114
229
140
185
109
200
83
250
4
229
14
89
219
125
107
185
185
156
229
246
203
59
49
109
254
141
59
158
14
68
141
2
107
248
137
107
89
60
156
30
41
20
185
20
152
131
206
107
29
169
132
5
231
93
27
156
175
33
68
192
181
125
228
58
39
49
49
246
185
214
11
221
70
236
232
130
125
223
30
248
195
239
170
108
79
5
135
200
35
41
49
187
109
37
21
40
74
68
150
163
18
89
1
58
169
251
220
41
108
62
240
135
229
64
130
234
84
131
146
244
229
107
220
227
37
5
53
118
239
201
242
114
231
30
22
156
131
236
250
108
73
229
219
227
254
109
96
20
157
8
198
79
185
43
42
253
2
201
175
83
126
194
217
132
135
60
64
136
22
187
68
152
201
119
26
1
96
245
144
238
251
81
203
128
212
132
228
1
141
118
1
200
180
229
245
169
70
229
96
14
212
166
158
239
200
107
91
1
59
33
109
253
1
201
50
49
224
30
187
222
181
224
133
44
239
5
151
211
5
109
68
74
221
154
30
2
195
256
83
169
200
236
41
151
172
36
112
180
222
152
107
37
195
187
175
14
43
14
30
147
152
89
223
185
79
36
1
43
135
20
96
81
245
16
1
79
8
3
33
37
151
200
35
229
230
132
127
64
135
60
185
135
207
49
221
229
194
108
13
221
131
225
30
185
244
196
3
173
229
1
198
124
70
156
21
195
21
250
30
156
222
202
30
14
50
26
181
253
125
19
27
156
30
118
90
43
90
245
169
245
20
2
60
36
86
151
59
185
79
223
144
97
82
71
100
70
64
34
228
53
70
64
192
19
1
187
191
187
4
90
217
237
5
195
132
2
59
203
194
89
1
118
97
109
97
130
229
1
229
169
3
124
30
43
1
103
146
229
203
135
195
222
60
200
198
79
113
225
89
37
223
60
160
224
185
30
107
90
43
60
30
33
36
96
160
136
214
1
89
217
49
107
195
36
89
78
163
239
132
256
195
96
195
103
251
136
211
37
14
201
78
198
88
131
185
228
239
187
213
240
64
244
59
19
33
255
235
107
1
196
253
229
8
107
245
156
152
234
88
2
178
131
1
88
187
30
220
195
201
77
1
59
