166
59
229
229
43
43
43
55
81
217
230
191
127
43
127
217
64
127
253
43
29
169
204
112
145
253
127
29
16
62
65
201
145
184
29
55
189
175
76
112
171
127
161
134
162
253
97
217
62
190
3
181
138
97
3
168
105
152
166
143
97
160
171
247
122
84
222
75
102
145
56
84
3
217
162
54
134
226
242
189
3
112
80
189
22
217
74
222
122
3
206
206
54
162
222
214
191
217
144
217
176
180
102
91
206
206
206
253
253
3
184
84
138
143
214
45
214
181
102
160
84
112
191
29
188
123
45
100
138
230
206
162
206
22
75
196
84
252
75
161
149
123
91
80
243
105
28
123
161
206
176
221
217
134
217
56
107
80
230
93
55
214
243
162
123
102
162
133
55
84
249
243
146
55
189
85
217
164
38
166
152
246
168
206
141
75
92
133
214
161
84
211
36
246
206
242
56
58
115
244
230
84
26
7
211
65
36
181
70
168
55
225
149
146
123
122
35
199
122
31
21
55
141
93
40
78
70
248
9
141
138
112
208
92
93
137
58
210
84
244
216
131
214
217
141
147
141
3
93
188
216
29
146
251
21
160
164
37
45
102
93
245
84
218
14
246
217
246
28
23
22
211
98
4
15
21
21
214
206
67
166
8
98
182
61
245
98
164
184
195
176
157
128
188
3
158
245
168
42
84
7
3
171
169
253
168
213
58
45
191
218
171
187
96
36
5
113
93
98
128
123
143
219
181
9
36
18
122
160
227
104
244
104
191
55
61
195
210
237
193
128
168
162
36
147
171
29
191
231
155
206
185
96
70
138
99
22
195
42
168
83
147
36
159
251
157
133
157
21
147
63
233
36
9
37
146
143
184
256
230
217
230
28
244
129
17
129
83
84
146
220
62
243
11
21
104
178
83
240
63
155
204
115
214
214
213
15
20
245
175
50
19
42
234
213
240
167
37
236
245
129
188
197
96
157
17
152
178
36
245
17
20
143
177
45
198
110
118
50
168
168
110
217
171
172
230
173
141
177
226
157
119
71
188
234
129
191
125
22
176
157
30
188
171
254
177
62
48
21
37
249
214
4
141
152
143
119
185
234
234
256
119
115
70
62
37
152
129
119
65
118
43
157
152
206
246
150
125
173
255
233
63
110
214
152
185
37
224
188
166
204
36
25
152
204
234
214
211
211
188
188
108
104
217
43
119
30
231
57
130
69
91
102
245
119
152
157
217
152
191
152
96
197
143
156
166
110
67
177
173
191
120
245
150
92
78
152
253
140
207
207
188
188
17
191
151
45
246
246
50
28
185
214
173
57
205
21
254
47
191
22
119
129
181
188
191
30
152
191
152
220
155
126
211
113
182
8
102
159
67
87
191
206
217
20
254
234
115
234
122
125
217
183
152
159
110
152
12
92
240
26
234
250
231
254
198
234
191
142
50
28
213
107
198
125
82
226
214
234
171
191
21
125
217
107
152
105
160
129
170
105
191
78
191
160
200
20
234
235
206
234
152
148
215
191
57
168
243
191
188
148
48
155
125
158
90
92
168
206
173
26
171
194
92
214
119
152
175
125
235
26
226
217
105
215
68
226
123
4
191
191
152
209
152
173
191
147
68
191
234
189
152
239
237
152
28
67
152
92
141
222
90
152
234
37
119
254
5
214
152
191
4
188
125
200
115
234
87
234
68
125
217
125
13
73
54
152
119
32
152
125
21
234
85
152
28
125
191
234
152
171
256
217
177
2
152
119
158
152
200
40
177
31
224
152
253
188
224
234
114
90
152
158
256
254
107
104
46
191
152
188
21
253
85
217
152
56
119
125
195
132
239
122
244
20
57
214
214
152
157
22
103
244
254
188
152
63
152
200
8
152
106
217
61
152
156
156
22
94
88
110
234
172
203
152
152
234
213
188
156
99
142
152
152
16
17
185
173
254
111
152
132
188
151
171
17
26
37
38
152
20
173
54
119
94
234
152
40
20
119
20
171
99
35
129
234
57
160
152
254
159
158
156
196
4
90
43
232
211
82
160
152
51
224
234
122
213
224
122
152
152
141
254
112
152
20
173
149
118
47
152
157
127
152
39
254
227
68
152
118
168
254
113
20
147
82
234
235
47
234
119
43
152
5
247
137
191
173
152
119
141
119
198
156
4
237
119
147
107
143
195
185
119
149
113
171
228
119
76
26
152
43
206
191
119
125
224
22
224
110
77
234
152
234
119
214
70
99
82
106
68
21
118
125
152
68
113
20
171
216
120
95
246
119
227
173
145
4
76
98
235
185
200
154
156
185
76
229
253
254
43
216
26
147
152
253
129
188
132
107
4
191
125
152
119
222
156
157
152
229
191
155
119
234
40
227
39
243
125
56
119
22
191
198
152
4
173
4
246
246
20
47
145
152
234
207
249
234
161
4
185
124
133
185
174
68
224
234
14
26
77
198
227
153
191
88
49
200
185
185
92
245
226
234
119
156
246
217
254
4
173
152
131
152
129
22
69
247
229
152
22
12
228
145
109
200
234
182
198
94
227
224
152
227
191
227
161
87
152
152
4
125
45
234
88
200
241
234
161
245
119
231
152
122
89
152
173
8
68
185
123
191
221
156
198
20
207
15
152
152
84
142
152
39
207
125
152
254
89
107
152
182
9
152
246
217
4
115
43
119
11
152
4
135
53
113
185
89
152
4
250
173
234
246
94
119
119
90
234
119
152
234
156
188
245
207
154
4
152
253
5
34
45
190
171
149
35
57
152
20
109
205
161
156
152
234
152
4
234
152
234
110
190
119
50
216
152
57
119
213
152
119
185
68
152
125
155
152
119
152
