25
123
54
54
221
143
25
143
143
123
225
251
162
143
165
98
165
83
83
151
225
251
66
66
126
52
221
62
220
181
126
31
251
66
239
17
98
251
26
79
181
31
98
165
214
165
105
153
79
104
71
26
204
239
204
87
151
165
91
239
50
231
44
79
80
98
250
69
239
44
130
203
46
14
18
251
51
51
98
160
111
181
84
51
239
130
74
98
67
153
84
239
104
212
165
36
140
51
126
181
232
51
84
14
42
84
69
18
219
181
212
31
212
212
250
212
46
248
84
239
98
87
32
112
177
84
29
239
72
212
178
140
214
84
98
251
213
231
111
27
26
131
123
79
181
208
115
26
204
104
5
115
160
16
54
98
14
206
212
119
76
76
130
119
239
175
75
212
126
206
250
54
23
217
96
111
256
198
205
75
67
218
231
115
135
181
231
76
14
105
105
206
93
173
123
123
32
135
94
126
14
90
117
75
52
26
21
67
115
159
72
169
181
64
140
36
90
160
165
12
247
173
46
32
54
117
163
83
117
212
48
76
9
51
118
114
117
177
80
173
165
126
108
90
10
27
169
76
111
56
79
99
75
165
12
12
89
127
109
232
165
145
161
47
93
222
125
156
76
149
163
57
111
154
222
38
182
77
93
115
177
212
139
10
130
255
117
251
213
91
255
126
48
51
21
125
77
224
54
134
105
145
115
105
152
52
21
197
117
217
95
144
136
152
51
125
10
36
216
232
115
75
182
109
136
115
66
177
218
90
51
164
75
105
95
204
118
115
109
255
136
254
55
114
16
26
72
82
97
74
182
143
124
20
124
157
111
139
106
46
55
27
227
208
111
254
84
26
94
51
204
75
6
96
141
161
115
115
225
180
177
95
111
55
127
105
118
205
118
78
136
1
89
76
9
10
177
114
225
46
38
159
193
125
124
248
182
51
124
139
154
228
207
248
211
132
69
75
95
57
145
220
215
55
46
38
141
155
163
218
177
139
109
71
108
183
38
95
114
37
28
234
161
120
69
169
228
151
118
127
254
46
183
95
127
218
51
232
248
160
242
72
90
159
47
161
114
154
69
46
246
189
91
139
232
216
152
123
73
36
78
164
108
96
94
54
129
248
127
2
149
224
215
102
159
54
226
255
38
9
38
75
118
225
56
249
157
164
87
175
222
218
131
123
144
158
125
4
216
34
118
54
125
95
48
114
87
15
111
154
218
127
123
175
115
48
2
108
46
194
14
47
114
143
57
189
164
106
216
189
228
125
152
18
132
213
154
138
149
118
132
181
114
119
78
132
224
243
222
77
87
182
14
176
30
109
197
168
168
14
122
5
9
119
114
30
109
234
14
215
125
30
197
126
5
111
147
106
182
181
51
217
119
173
132
106
14
226
192
107
82
114
218
116
125
125
2
181
149
2
58
5
142
112
158
151
224
182
54
165
77
217
130
226
248
58
78
126
154
119
112
109
125
165
68
114
155
48
197
251
151
149
245
109
114
152
224
56
173
111
86
248
243
132
243
142
137
145
125
175
56
243
28
48
131
148
255
70
70
12
50
248
197
232
188
218
106
112
111
125
12
63
255
111
224
130
62
4
114
30
57
178
208
255
90
151
89
183
144
161
87
119
208
174
243
106
143
241
70
243
50
241
106
114
106
143
41
57
141
143
75
130
62
12
72
30
208
228
96
232
50
222
160
165
70
227
12
30
200
224
232
89
137
125
126
137
44
82
161
12
122
98
141
208
203
162
82
142
197
178
197
224
107
168
255
137
253
197
155
147
165
165
35
74
205
161
77
125
10
241
256
222
122
42
234
149
12
133
125
222
228
190
49
204
112
125
161
48
56
19
74
56
52
247
218
52
252
200
160
142
48
122
209
52
44
70
244
163
255
122
71
29
35
105
117
155
188
153
133
48
115
20
124
162
177
197
215
16
45
173
56
194
227
13
173
171
20
255
52
189
168
253
225
218
157
54
105
150
23
177
44
205
9
211
200
249
158
243
53
74
218
13
56
162
68
256
150
243
22
48
118
118
106
56
255
122
44
204
63
246
163
245
169
120
249
152
26
207
227
68
105
179
56
163
5
53
125
122
53
119
44
225
142
86
142
229
70
247
157
174
102
227
28
63
143
45
157
163
57
35
12
118
163
191
44
200
179
4
247
6
207
232
142
56
16
125
71
56
9
255
254
44
177
79
52
45
175
191
29
120
125
4
4
115
48
254
224
81
215
12
245
188
102
45
157
79
227
245
254
4
227
142
227
254
254
227
156
161
224
102
