126
126
126
126
126
86
126
86
126
126
6
126
126
126
126
126
81
45
162
126
242
147
150
126
81
150
81
150
150
147
84
84
150
74
111
162
128
147
162
143
81
147
61
150
126
29
61
128
178
61
61
81
61
61
84
184
61
151
61
69
61
162
45
217
208
128
84
176
45
214
54
75
128
175
3
28
218
143
13
164
26
251
148
160
138
162
162
123
157
184
84
123
176
176
251
117
12
111
85
202
23
176
176
184
161
84
216
170
214
251
202
148
176
62
157
157
202
236
176
62
202
45
214
84
217
103
160
157
95
66
190
62
12
157
74
72
138
249
32
213
72
11
72
90
204
160
57
23
74
186
95
197
23
190
157
115
197
213
213
213
249
115
220
72
12
155
115
215
69
155
163
197
131
176
72
64
52
157
215
161
42
176
45
82
177
115
54
155
214
155
252
117
213
52
237
153
23
52
148
161
214
117
52
72
232
115
23
215
117
34
54
155
210
146
72
140
23
157
72
155
23
48
213
115
215
214
39
186
155
23
161
248
155
48
72
197
162
82
138
136
53
155
10
94
159
72
155
155
219
202
219
169
174
256
72
170
146
10
72
72
197
219
221
161
219
155
189
186
199
218
221
174
219
102
215
228
137
157
19
189
134
242
256
106
219
166
25
31
197
25
44
64
86
12
25
72
249
215
10
72
157
236
221
192
27
145
219
64
116
219
42
203
89
116
19
155
180
196
157
69
72
52
242
242
99
197
106
10
169
35
131
189
120
256
57
238
23
221
199
197
76
31
102
170
197
36
57
146
240
189
42
228
103
56
252
42
61
256
77
10
45
72
242
228
110
219
69
157
161
219
164
221
72
94
103
238
197
3
77
103
11
190
99
190
238
72
26
64
242
35
32
12
88
192
110
219
117
35
157
72
169
72
148
61
99
170
23
238
189
72
237
64
201
134
238
76
237
155
10
197
219
192
189
86
73
93
73
31
248
134
103
228
42
213
85
134
189
155
201
186
107
213
158
31
163
238
72
73
72
228
25
72
56
57
203
72
61
238
31
169
26
214
86
149
77
69
256
10
213
26
155
214
233
57
69
