199
199
87
61
87
94
52
126
200
104
126
83
221
52
104
242
52
25
162
115
104
83
11
147
44
126
69
8
243
156
9
162
154
104
169
67
237
169
67
98
98
225
200
52
90
176
244
174
242
249
98
94
67
229
16
90
242
8
90
175
229
19
218
79
138
8
242
156
250
123
199
99
154
89
212
242
90
25
242
256
126
212
212
98
212
67
90
165
244
25
195
148
156
69
147
96
151
174
65
205
98
243
94
123
130
240
45
52
88
160
123
16
123
94
161
27
11
228
81
256
79
67
176
162
184
157
202
89
229
94
165
244
212
256
77
71
22
67
127
26
225
105
251
254
54
98
156
208
148
67
256
169
99
140
112
242
108
162
155
174
67
244
79
147
126
153
254
123
253
90
254
229
31
126
157
123
69
8
54
73
73
119
51
148
239
52
76
148
239
16
243
51
83
212
203
104
140
251
244
8
253
140
247
243
94
187
205
126
176
174
225
108
208
123
99
104
228
13
212
30
165
230
18
254
156
26
244
110
52
25
202
47
189
27
96
44
34
254
67
253
119
175
6
119
221
126
148
203
47
210
57
90
79
243
221
242
209
71
177
153
127
156
225
189
212
138
126
148
16
73
90
245
71
238
56
239
192
90
62
239
17
81
243
9
5
156
203
34
251
51
108
231
256
81
51
98
153
225
212
230
14
205
126
127
82
251
140
32
126
254
156
29
18
175
47
224
120
56
249
225
94
239
234
23
160
51
143
35
208
177
56
239
139
160
73
104
152
54
256
242
47
119
251
212
125
212
90
126
119
225
11
126
140
146
148
230
244
214
99
84
160
176
126
177
209
189
112
44
67
208
105
208
41
152
178
224
74
204
88
90
90
99
209
224
143
32
26
209
221
254
48
79
202
151
81
98
209
174
204
119
242
209
90
52
187
73
161
204
204
28
229
83
119
64
242
108
197
146
34
156
156
34
57
119
127
67
74
90
200
156
156
225
249
124
83
121
223
20
134
127
10
187
14
251
165
222
81
254
153
190
95
156
187
61
179
160
165
10
73
76
171
90
21
90
256
91
16
73
74
47
19
212
126
48
54
156
156
254
157
18
45
126
25
231
31
84
36
90
16
156
225
42
126
119
212
74
190
95
187
78
119
54
47
251
242
52
175
252
9
90
160
242
152
147
97
119
136
6
176
254
19
79
154
18
99
79
251
119
95
67
204
252
189
69
247
50
61
89
56
26
256
56
239
83
220
98
56
164
151
64
242
178
74
119
196
225
202
176
34
52
242
225
98
34
54
247
83
21
151
176
90
210
197
50
47
47
18
26
89
133
30
175
73
237
190
151
172
9
73
251
25
103
206
47
14
83
254
189
164
164
25
57
67
199
140
190
119
19
244
61
104
137
138
186
115
83
219
119
32
224
48
125
239
28
61
71
249
42
145
156
212
34
165
47
134
234
240
202
25
156
9
76
12
90
183
106
254
154
200
119
187
100
47
5
251
200
156
18
74
86
88
225
56
35
125
115
84
251
163
47
215
252
176
52
200
56
71
16
87
99
76
253
202
47
90
156
92
225
216
125
245
251
47
73
209
83
90
83
71
35
74
256
44
189
126
153
149
251
180
157
66
196
9
86
47
234
83
44
238
61
64
219
200
18
119
87
22
216
237
106
129
231
159
139
79
74
157
151
154
54
106
56
90
213
26
2
45
209
106
83
86
56
151
214
176
126
47
64
47
63
22
156
20
201
156
125
253
21
190
134
202
16
89
126
125
129
189
149
153
84
18
32
107
74
54
126
139
156
42
227
159
194
28
161
127
88
200
209
156
157
128
71
61
86
89
147
119
190
67
98
238
170
194
79
123
244
148
209
172
102
139
119
47
57
98
51
119
152
6
239
153
119
209
56
19
50
209
153
143
8
243
36
32
91
47
64
48
151
174
227
28
103
90
178
92
34
119
68
18
47
74
8
90
63
222
234
152
148
138
136
225
224
176
256
153
215
4
53
90
54
115
227
237
222
229
117
31
178
255
48
50
18
115
200
239
34
104
90
9
202
190
8
94
254
18
219
185
71
54
130
15
126
19
34
163
119
159
249
67
234
90
118
69
63
156
72
119
190
50
118
172
190
119
69
95
150
137
222
147
83
106
18
229
48
106
51
8
153
4
83
147
197
249
125
140
218
181
197
89
91
222
42
163
178
76
61
23
23
5
63
27
197
115
23
72
197
47
112
115
185
118
102
134
83
1
216
161
203
133
254
254
165
230
159
250
57
125
76
182
26
189
61
9
48
10
229
47
52
69
140
92
41
30
139
86
252
253
159
61
189
130
19
221
22
134
25
56
125
62
197
197
189
156
225
141
44
152
90
26
90
31
252
119
175
5
27
222
8
118
19
14
161
150
158
98
69
115
242
50
149
34
38
48
121
229
16
94
121
204
177
65
131
62
221
26
52
107
14
215
251
95
185
25
222
62
119
61
12
48
23
244
64
235
159
99
156
48
47
156
112
200
8
39
181
48
177
134
145
81
190
159
178
133
242
14
68
247
42
115
163
230
119
195
177
19
197
158
254
15
177
18
25
191
118
139
26
10
219
8
155
4
102
119
137
4
194
5
136
156
5
19
214
204
161
255
119
44
8
175
10
56
63
112
21
31
212
35
201
118
50
72
203
119
48
9
7
239
152
235
83
200
158
225
115
90
234
119
148
115
25
81
227
145
151
73
178
225
200
45
172
242
23
174
10
85
39
159
106
220
210
45
12
137
91
239
234
47
255
98
163
155
134
163
247
69
256
232
159
23
254
119
26
52
163
234
8
48
62
119
119
247
26
15
214
156
225
151
90
137
61
221
133
78
9
31
214
15
204
215
208
203
110
64
216
181
231
227
199
170
110
204
213
18
36
229
34
119
120
26
45
197
196
155
50
23
36
104
53
140
141
151
157
45
1
119
191
198
234
12
143
247
6
59
245
256
74
39
242
148
50
246
18
216
198
191
48
61
53
5
160
112
107
119
45
39
8
239
119
161
255
52
56
115
203
8
225
90
232
119
239
1
98
148
230
4
232
44
98
34
149
213
232
8
119
14
72
225
239
251
96
225
115
254
189
197
256
143
150
204
191
234
244
197
16
19
9
198
198
152
76
120
234
9
158
231
234
30
47
218
16
32
107
19
189
218
72
254
218
254
36
139
254
10
132
200
119
3
185
156
67
119
197
15
201
152
91
69
119
119
99
76
149
210
90
148
62
72
49
119
221
119
186
98
119
212
111
223
173
198
161
135
149
207
50
18
119
15
119
119
172
15
137
21
35
48
255
18
18
156
218
251
18
239
72
48
238
30
26
213
139
115
119
140
225
195
188
159
120
87
120
49
234
119
120
72
48
253
73
84
159
249
84
19
62
251
36
119
198
157
19
48
36
160
247
198
152
50
77
47
204
213
242
119
119
119
76
107
15
157
112
46
148
119
90
51
232
120
19
246
18
119
169
210
152
246
152
152
84
230
98
19
18
198
44
158
225
198
48
198
156
238
198
72
9
119
198
76
254
119
82
205
200
122
251
122
4
244
67
98
125
69
234
91
113
19
164
218
175
71
137
205
112
9
141
148
198
90
244
207
98
234
123
212
212
243
67
51
215
125
191
244
173
105
200
128
42
120
188
91
107
254
216
198
239
48
107
221
216
19
216
102
