162
162
162
94
3
124
3
3
162
107
147
216
216
94
59
208
129
251
251
7
253
107
253
114
83
172
231
251
202
147
32
136
129
243
129
166
136
172
10
251
253
145
30
174
162
136
146
220
109
243
253
176
97
223
251
139
94
80
30
128
30
98
139
94
98
41
212
172
90
72
81
97
98
72
182
143
136
146
5
98
97
6
182
102
162
123
97
247
26
87
109
80
33
202
115
76
26
180
182
139
147
39
126
97
220
110
122
208
27
176
39
181
90
30
114
94
233
90
208
174
150
225
87
216
208
122
126
54
76
167
202
255
102
145
139
122
143
26
108
145
222
91
5
181
34
111
146
67
186
180
252
193
6
75
127
195
59
120
111
255
92
90
59
16
18
252
210
59
126
153
182
8
34
208
54
172
59
28
128
87
248
233
195
255
195
231
223
3
243
165
54
209
128
72
181
223
84
21
165
54
231
54
97
59
128
18
59
90
123
50
128
127
30
54
248
91
90
98
34
199
54
75
98
115
255
59
216
67
146
223
243
123
83
181
195
227
210
146
207
17
187
143
50
223
68
254
216
206
75
31
255
87
208
123
91
143
179
139
121
250
10
77
176
97
208
207
97
66
253
204
87
143
123
199
126
176
97
174
253
96
87
130
64
147
56
174
143
211
243
126
181
120
75
75
114
123
10
192
91
180
103
90
147
46
128
208
145
114
2
162
187
114
114
81
77
114
245
130
215
131
204
227
199
2
198
95
5
79
131
51
174
14
79
32
170
237
33
14
187
95
90
51
84
136
162
111
180
98
146
92
67
127
182
241
106
99
210
143
174
126
181
243
130
51
5
14
104
90
10
78
97
126
198
52
244
254
111
184
107
117
143
187
241
214
180
90
18
220
93
62
162
244
198
131
245
83
143
77
174
165
108
237
71
228
181
95
166
62
6
19
174
28
136
184
106
69
69
2
187
192
2
130
166
11
243
126
51
14
121
235
181
92
127
253
166
206
136
83
145
79
6
136
180
138
68
75
253
241
80
135
251
92
244
162
25
2
78
36
79
90
138
253
191
147
208
122
171
