146
231
146
162
146
176
113
27
31
107
42
59
170
55
80
13
128
244
181
59
31
27
253
146
166
89
146
136
146
75
31
151
26
35
75
146
75
31
205
180
27
33
40
146
145
65
221
65
228
146
146
166
33
29
7
67
33
195
36
244
146
42
121
170
71
194
84
67
205
36
58
31
121
89
186
230
95
65
203
80
167
171
75
21
176
202
221
146
72
16
135
27
89
27
179
166
40
42
253
166
190
202
107
166
186
40
121
235
135
76
31
142
244
200
239
29
65
80
151
162
121
256
65
194
89
190
7
150
88
15
164
36
8
95
162
162
166
55
191
13
205
71
202
195
97
231
10
166
195
7
27
151
89
200
36
89
146
146
36
166
178
49
177
31
89
10
202
83
162
113
5
144
135
176
135
103
7
93
128
89
84
28
55
220
248
80
36
128
146
219
229
67
184
128
144
144
67
150
146
145
205
80
19
107
35
178
89
203
203
203
59
144
31
144
244
220
166
76
103
170
21
146
130
78
169
251
42
40
146
203
89
162
29
121
62
135
103
184
225
97
89
91
121
244
97
8
144
36
91
84
88
166
76
108
194
29
250
108
146
69
135
186
130
186
190
8
144
170
186
31
221
144
153
121
194
113
146
62
191
166
231
204
166
107
19
170
138
84
115
203
89
146
225
1
89
203
221
170
58
60
40
121
153
256
179
113
205
35
106
144
52
205
11
203
225
191
130
113
208
56
42
170
8
44
17
205
35
256
86
121
107
59
244
190
98
39
31
256
121
6
235
65
110
164
17
142
166
73
166
152
211
107
186
159
35
36
58
78
77
7
107
117
162
205
35
8
107
35
26
202
240
176
31
107
50
24
244
166
190
89
52
186
31
36
159
144
7
65
128
101
151
58
108
203
42
97
86
170
36
232
97
35
81
1
124
166
45
124
203
65
243
170
45
25
125
42
231
169
21
58
77
77
157
59
186
89
24
153
191
50
32
19
97
73
40
203
166
103
31
113
195
112
191
240
166
213
169
52
67
202
164
176
97
80
128
190
133
229
159
146
203
25
107
164
170
219
240
25
256
65
256
84
244
121
89
35
84
89
244
59
203
244
153
39
149
36
194
241
35
90
33
169
133
236
244
33
248
42
169
94
169
94
205
199
65
244
64
187
186
185
194
40
107
166
65
35
219
31
31
166
256
25
31
202
107
42
195
186
166
54
89
58
52
75
144
203
62
27
128
36
215
164
152
119
166
61
38
235
107
89
169
190
203
176
44
26
58
194
244
42
3
7
231
213
7
79
169
36
31
169
203
89
229
240
77
81
84
7
1
244
151
249
176
231
144
223
203
164
144
9
107
131
194
244
146
8
169
62
36
253
44
121
113
25
18
124
234
135
71
36
30
89
194
232
203
203
89
84
229
180
98
166
135
25
9
205
35
60
42
237
40
166
3
203
36
129
35
186
96
9
217
153
113
40
151
35
21
121
146
97
23
49
146
64
99
94
144
244
71
152
35
223
36
89
88
35
194
52
195
8
169
89
229
169
35
146
251
204
153
60
88
91
202
164
244
113
251
28
203
35
164
232
242
240
148
221
59
229
166
191
12
77
196
186
35
229
58
58
203
107
146
190
89
186
135
169
121
195
96
169
135
12
121
108
40
107
80
59
244
128
166
26
189
186
42
157
191
152
164
244
31
203
244
89
234
191
170
50
89
139
201
88
72
67
36
211
166
144
240
60
233
1
44
240
122
179
203
31
194
77
72
146
8
186
201
228
117
170
31
131
26
166
115
35
35
113
252
39
82
36
47
179
169
89
43
203
52
201
240
35
179
225
9
105
68
39
234
93
236
1
244
198
105
234
172
71
135
40
170
83
121
25
28
58
218
195
58
140
107
191
39
119
209
144
169
186
34
169
32
39
170
28
88
152
52
256
256
24
117
60
214
140
245
170
91
35
91
24
169
93
35
144
221
74
115
28
35
35
192
221
99
124
60
112
39
170
248
35
8
36
121
26
202
88
157
112
64
203
124
29
53
152
195
28
166
10
170
22
31
242
256
5
93
252
210
32
231
195
26
232
53
253
187
233
58
98
121
26
140
204
169
9
88
25
72
60
39
1
212
180
31
242
25
140
65
42
180
202
160
231
216
7
237
191
214
201
129
130
94
59
83
229
135
194
96
210
232
28
90
198
88
108
244
166
186
207
204
51
203
121
203
35
29
25
151
50
1
207
86
34
14
39
135
194
39
1
88
89
52
210
242
14
154
135
212
7
184
125
60
107
60
9
10
60
240
245
32
170
71
10
219
44
75
20
240
59
117
140
31
142
231
1
65
60
195
225
175
229
100
201
35
105
180
117
253
89
172
242
21
35
242
35
170
29
8
230
25
53
170
83
178
169
203
135
223
36
201
72
201
205
210
242
27
201
112
189
36
237
131
49
117
44
26
21
170
12
157
135
30
117
134
246
3
60
186
60
20
189
144
144
102
187
144
60
245
75
105
256
60
189
75
166
35
35
169
237
170
148
35
135
253
221
35
140
19
102
18
124
238
70
100
9
90
49
2
36
140
156
170
90
27
238
14
36
116
166
59
63
72
21
112
91
115
89
162
210
144
164
237
238
219
79
140
96
73
217
242
191
217
98
89
237
31
15
201
196
189
139
250
225
60
140
121
8
29
223
118
220
23
35
114
253
76
23
217
166
14
72
50
8
53
21
155
100
125
204
221
20
146
242
231
90
112
238
219
29
148
164
18
34
220
155
71
53
90
39
89
12
212
8
229
51
23
63
53
69
9
221
79
100
20
39
195
178
238
130
11
3
120
76
229
114
166
245
229
96
10
115
139
89
232
25
173
153
111
6
213
191
212
78
28
12
251
115
157
191
54
9
53
213
9
1
156
213
12
213
157
120
106
182
1
156
253
88
160
121
53
93
245
229
79
229
76
53
42
5
87
119
30
1
120
85
89
89
142
20
88
90
200
181
208
172
17
157
61
121
237
237
8
146
50
96
139
245
89
76
89
163
77
198
17
212
38
12
208
20
68
96
30
116
38
191
89
91
237
8
232
3
29
24
191
173
53
100
253
97
179
78
157
93
124
109
96
38
185
23
5
14
38
141
77
96
253
192
44
53
50
195
54
29
35
205
44
9
130
157
67
148
156
157
191
254
152
100
230
100
252
155
124
44
44
133
218
253
155
72
256
100
188
