113
162
113
169
29
29
29
166
80
97
80
170
244
95
31
186
73
217
73
73
205
151
89
144
7
206
169
58
88
73
164
150
144
244
73
150
191
241
7
164
143
206
217
169
254
143
29
235
88
73
164
150
40
256
205
186
73
2
47
178
15
75
40
225
40
227
25
169
227
205
121
87
7
235
65
58
136
87
132
203
80
25
205
144
67
205
239
25
75
150
64
97
75
236
96
243
209
203
136
97
203
253
88
196
58
222
244
21
240
71
63
71
150
71
71
67
252
41
71
40
35
102
89
252
87
63
208
75
86
241
73
205
63
191
89
157
227
138
86
227
40
95
55
27
75
205
180
29
180
73
244
171
52
75
157
149
150
150
127
138
138
101
164
178
52
80
252
108
24
144
75
65
150
65
54
208
32
108
27
98
29
63
169
59
58
164
63
7
40
236
208
249
168
144
237
171
180
29
58
236
26
125
125
5
166
168
144
139
181
73
108
183
182
106
250
236
127
86
108
227
125
149
128
222
140
114
90
241
140
24
21
174
168
110
73
97
139
179
181
86
169
114
75
166
205
8
140
205
211
194
145
182
179
157
73
140
250
252
77
111
182
7
26
21
46
110
193
138
249
116
138
182
236
129
29
144
110
132
8
97
182
103
227
189
197
130
181
180
35
91
143
183
183
26
222
146
182
45
121
220
236
87
208
5
189
182
41
196
154
93
107
157
81
14
241
7
241
52
250
182
159
107
249
131
128
97
118
182
13
197
134
168
219
5
164
182
111
138
225
227
229
128
22
108
138
65
110
166
58
178
179
101
181
51
125
108
17
136
86
165
122
236
182
3
63
146
181
132
76
23
110
189
3
243
168
40
18
167
90
141
47
181
166
80
63
178
117
110
168
77
148
91
136
180
182
31
148
181
222
89
144
127
63
107
74
194
97
58
75
110
205
105
211
8
186
81
222
222
73
132
63
33
46
129
65
96
126
199
23
73
51
77
126
108
168
13
222
206
25
182
101
170
54
178
29
62
144
24
65
144
101
198
153
243
63
51
206
96
190
101
192
91
225
22
23
153
149
29
6
106
64
232
253
134
51
63
206
90
251
58
19
76
206
40
210
22
255
19
125
46
154
242
170
148
198
25
142
221
161
210
71
129
113
64
43
3
144
178
108
218
89
119
63
28
40
125
200
229
144
83
223
234
10
144
116
220
155
163
81
87
172
183
164
142
51
224
144
81
246
84
63
210
63
167
168
136
67
34
238
180
54
74
234
170
229
206
96
61
229
225
199
210
115
142
24
71
38
128
74
96
6
144
64
229
76
236
221
6
34
227
38
230
61
210
198
223
230
208
208
56
144
215
62
76
154
15
8
62
127
56
73
200
241
192
167
67
7
59
141
244
125
132
246
181
253
69
80
25
57
62
27
42
138
233
23
166
74
71
15
179
252
253
140
153
90
241
83
148
180
141
19
58
61
237
28
203
101
221
205
193
102
200
43
244
28
219
140
129
180
231
200
194
182
241
119
61
26
248
63
240
54
229
94
191
28
63
47
221
97
81
198
134
111
141
79
144
149
97
210
140
42
46
148
67
225
6
105
61
113
84
126
38
23
204
63
81
29
63
32
15
106
214
22
24
149
179
97
161
6
170
69
79
127
206
56
6
182
65
104
186
228
83
108
144
219
47
50
187
158
159
121
236
64
15
15
76
166
234
38
116
46
217
12
180
233
63
196
212
34
22
72
3
144
133
134
108
108
238
63
182
229
62
169
168
23
202
223
24
55
5
50
69
206
150
40
179
172
15
92
16
170
46
249
28
156
58
74
64
254
54
61
37
6
56
167
42
71
238
18
158
97
135
170
69
169
56
87
71
93
104
34
83
34
246
93
149
219
3
171
187
59
240
130
91
188
103
26
54
173
236
40
53
244
61
189
72
237
62
210
149
65
5
123
231
165
138
24
141
147
75
92
109
241
127
24
67
147
222
214
239
71
116
220
67
201
238
203
225
241
241
13
158
160
69
145
71
6
178
127
219
237
126
15
181
102
64
8
224
208
206
172
42
64
122
160
24
125
15
227
235
200
200
172
19
107
154
69
11
102
25
15
190
239
15
5
117
94
93
121
221
13
252
53
69
160
183
85
58
27
48
29
42
58
142
217
189
244
28
86
89
15
102
94
194
153
61
147
94
196
187
121
236
58
6
181
217
227
121
93
221
65
225
241
87
210
163
141
63
97
25
104
199
142
221
108
236
103
186
182
147
27
114
34
144
210
20
19
15
173
144
27
108
47
103
249
121
154
211
193
230
38
47
91
27
230
134
3
23
127
148
18
107
8
34
102
134
72
133
232
108
10
40
241
241
110
237
248
107
179
221
158
242
79
34
237
178
126
21
122
18
6
158
84
27
241
213
236
24
30
47
125
169
171
69
215
180
241
164
26
238
121
113
18
201
96
133
169
94
195
21
117
241
183
34
224
57
182
63
47
224
19
202
197
150
97
15
34
194
122
240
13
34
140
234
69
185
24
250
244
87
250
234
244
55
200
182
134
201
241
182
58
11
118
175
28
32
141
96
190
182
107
111
168
125
125
201
173
57
16
234
193
175
241
224
171
239
5
43
53
141
184
158
241
16
192
136
13
14
26
24
90
117
51
170
115
67
125
134
25
222
97
125
125
10
171
93
71
252
96
115
181
4
200
241
185
92
59
82
182
188
74
119
10
107
22
194
234
193
24
14
235
121
71
237
47
237
248
181
6
19
119
46
214
35
6
19
49
198
246
136
154
37
77
141
141
37
224
241
38
131
116
25
82
182
95
235
105
181
43
19
244
6
11
168
198
248
248
183
182
28
248
200
183
183
188
6
194
75
49
228
235
78
75
171
241
227
212
82
228
24
105
47
38
5
224
248
235
5
235
109
105
123
86
47
150
235
248
235
150
16
255
217
235
139
181
108
92
24
84
15
224
28
29
33
132
221
165
33
116
9
108
84
233
24
8
175
132
91
222
175
212
123
255
187
105
5
173
173
254
86
187
255
75
24
180
165
122
101
75
8
122
96
29
172
236
132
135
46
12
76
222
108
182
12
168
71
75
225
46
139
63
5
210
245
168
139
24
71
225
12
43
116
145
96
67
108
38
246
154
38
14
158
132
248
33
2
101
10
140
255
101
116
196
187
246
224
101
47
20
101
179
