52
52
87
66
66
143
66
135
135
135
67
66
87
165
87
87
138
87
194
138
104
146
87
150
165
143
66
66
176
87
11
176
138
243
150
138
138
235
138
104
138
138
176
138
235
138
66
150
69
243
166
176
79
255
222
91
47
235
94
181
184
84
222
138
145
206
58
79
186
58
91
7
129
138
184
121
58
59
92
69
181
235
243
20
243
69
182
139
181
246
104
59
104
246
184
235
9
129
129
165
182
92
105
174
104
80
244
126
185
225
51
217
174
94
245
182
225
104
141
181
210
196
143
165
217
184
59
234
168
129
97
244
222
184
227
225
234
165
245
51
185
30
224
58
15
164
184
143
40
187
90
224
196
90
1
181
212
181
75
5
154
112
147
107
246
104
248
66
248
107
185
57
147
20
109
174
248
104
134
57
234
104
246
248
108
92
191
247
141
122
168
92
122
129
101
104
168
154
66
225
225
122
154
17
215
27
63
247
57
15
129
108
167
190
180
129
247
232
110
212
172
183
182
1
151
145
136
66
38
150
154
216
80
101
109
17
216
227
225
74
84
247
211
206
206
51
109
211
1
129
54
184
181
215
41
212
181
185
71
124
154
206
90
211
111
110
129
101
111
57
140
246
47
151
47
111
111
1
28
47
247
1
181
222
84
28
154
36
57
54
247
138
247
108
183
150
250
211
47
1
154
40
1
235
37
40
184
126
64
255
241
181
78
16
145
103
154
132
181
8
149
62
64
181
212
62
109
199
238
38
146
222
61
227
193
247
10
5
106
34
171
118
183
38
184
125
175
175
181
248
199
168
21
101
246
54
175
103
97
227
247
111
3
50
250
160
150
183
211
108
16
13
238
28
124
247
140
62
246
194
247
250
64
250
243
40
64
63
184
178
64
122
247
64
160
14
175
240
22
125
46
16
207
13
47
16
216
227
227
184
184
109
102
189
10
74
181
109
150
220
211
122
118
154
125
79
182
79
193
219
154
247
37
227
184
138
154
61
211
169
109
75
154
246
43
51
65
247
46
116
96
247
38
34
122
116
1
64
199
145
181
237
250
250
178
51
168
66
219
221
60
57
192
3
216
181
27
64
223
69
247
25
95
183
84
230
160
22
106
165
38
176
61
176
107
127
141
122
107
88
229
246
240
33
84
186
168
198
212
147
136
147
61
63
183
63
61
67
107
221
227
22
8
37
25
143
250
154
141
30
28
212
50
131
141
117
8
198
169
74
109
250
40
77
216
187
154
222
216
227
149
77
20
37
51
154
138
229
228
16
187
17
216
22
43
250
57
199
212
248
187
61
3
6
64
199
50
199
19
238
10
136
255
198
83
14
212
231
193
115
228
186
202
122
248
43
182
178
160
81
224
29
3
173
94
8
87
247
69
253
8
114
129
149
231
96
204
154
224
53
20
4
247
247
222
182
247
154
80
108
212
222
137
178
182
239
228
90
66
219
39
204
227
90
164
108
124
246
14
46
79
154
137
175
235
183
207
245
168
46
46
109
39
108
247
224
245
145
4
187
245
173
79
80
187
69
228
108
147
238
78
255
80
137
71
26
45
101
78
