239
239
239
239
208
71
235
208
168
235
235
222
15
84
235
235
222
177
138
235
138
220
235
138
38
111
105
105
127
38
247
181
85
96
38
111
38
111
220
111
170
235
235
127
135
235
102
247
38
111
15
63
63
252
83
83
111
42
111
106
111
59
235
150
111
178
127
14
85
111
193
111
111
79
150
94
111
2
174
83
220
11
154
172
172
172
2
111
172
77
29
172
139
111
163
2
43
226
187
52
122
66
114
87
255
111
25
29
111
206
2
187
48
99
226
53
1
226
87
120
163
57
192
189
54
9
69
111
42
99
235
122
57
170
66
42
216
216
43
115
99
122
213
187
84
216
42
109
42
69
235
168
193
109
17
99
9
158
243
218
9
216
148
26
12
226
162
111
148
240
66
120
115
112
190
178
10
216
101
52
216
226
139
235
218
134
61
163
104
76
162
197
187
2
213
247
196
226
252
245
245
99
52
160
174
134
243
255
226
216
34
197
99
69
226
148
216
197
197
226
48
218
104
99
226
213
9
218
9
9
207
26
149
213
226
91
218
104
105
48
213
218
155
94
120
148
120
120
48
193
26
213
148
72
26
216
218
226
197
120
213
213
49
148
213
207
120
148
94
49
26
197
172
48
26
255
48
57
