95
89
107
166
239
160
62
27
95
181
208
29
69
220
177
141
208
230
220
208
230
89
165
111
63
113
209
138
113
184
177
61
111
194
219
89
181
62
183
184
61
176
252
111
88
71
135
112
180
253
240
248
113
95
253
25
74
220
176
165
74
150
127
59
138
69
181
253
25
111
40
170
62
141
219
89
240
253
56
133
170
208
127
41
16
243
54
76
75
80
89
204
156
69
76
150
76
4
190
62
235
103
16
230
51
219
76
181
15
112
253
51
51
69
89
236
106
128
106
69
94
121
95
235
112
56
55
90
89
94
165
111
250
251
186
180
130
183
183
113
204
130
44
51
94
102
190
108
74
170
184
106
50
32
178
235
189
184
194
109
193
127
253
83
7
149
130
235
50
94
166
62
12
194
71
190
149
76
66
190
94
102
149
203
229
66
96
184
62
102
221
94
121
111
208
165
95
227
219
190
147
174
217
153
106
229
66
51
94
90
190
172
242
50
244
250
50
220
40
191
80
136
114
108
181
84
204
111
105
14
153
54
5
22
181
99
40
99
57
222
256
12
54
59
75
75
36
189
128
145
84
75
220
105
120
220
48
40
85
149
36
99
111
199
56
85
149
136
114
143
149
159
64
66
165
83
138
189
40
111
33
66
184
184
57
88
197
56
172
204
24
89
184
83
106
138
235
138
169
99
47
235
51
190
65
92
181
181
203
61
69
21
182
66
111
80
184
45
205
172
199
102
229
35
61
75
250
127
205
253
129
129
212
97
206
208
172
80
69
94
35
46
22
142
50
105
24
84
149
159
54
22
142
100
40
69
57
149
209
184
57
86
59
172
194
57
114
57
56
22
144
111
206
171
21
111
248
97
194
251
149
244
132
181
91
54
42
194
28
147
148
59
63
35
111
240
142
91
190
95
189
213
89
89
92
76
90
172
75
35
97
9
108
204
64
255
159
38
111
141
190
219
5
91
34
256
112
149
222
102
80
184
147
171
21
228
69
149
149
178
213
147
203
195
92
128
253
189
83
184
254
240
195
2
106
126
121
94
90
159
172
108
45
241
86
64
195
15
206
190
198
241
159
180
112
155
39
38
247
123
235
189
4
170
106
111
66
221
139
243
148
190
240
18
38
201
184
135
125
61
223
95
175
24
135
235
65
156
194
28
108
12
201
122
97
184
199
136
28
211
190
28
106
198
2
219
19
120
142
222
80
10
195
123
170
35
59
34
92
63
229
140
40
251
19
148
111
76
31
64
106
235
101
111
128
34
253
241
35
226
28
135
253
142
155
111
245
106
65
227
33
193
183
185
121
219
12
149
195
38
139
254
5
6
116
2
130
134
50
105
213
184
11
10
47
85
146
56
226
8
49
219
199
182
6
24
66
242
245
180
58
49
211
144
14
115
112
49
195
171
187
211
22
134
121
102
57
196
57
228
182
167
58
61
96
201
228
35
56
166
211
108
47
180
244
170
12
248
169
195
217
2
186
108
111
191
56
42
33
129
57
28
128
35
1
180
180
90
92
11
108
238
93
240
26
252
130
98
34
185
94
184
76
65
93
148
144
121
240
206
186
186
12
52
56
28
111
245
35
47
1
66
183
15
106
111
122
61
121
203
205
38
250
169
221
62
130
12
74
55
120
36
134
187
46
198
99
59
85
185
53
53
138
138
205
123
57
47
26
94
174
227
13
59
189
149
91
49
47
121
90
121
97
171
242
105
28
65
185
12
242
74
135
63
176
224
241
244
85
28
200
184
204
10
203
179
83
217
142
106
210
111
188
79
169
58
89
11
201
195
170
212
134
244
180
198
160
14
56
12
56
29
6
25
91
241
56
59
134
57
142
111
62
243
35
108
87
241
146
169
86
252
31
15
133
227
26
118
169
19
68
113
96
250
71
83
10
179
109
177
8
184
132
248
35
13
95
227
149
38
6
201
10
56
24
248
6
104
159
28
170
245
187
6
108
95
169
58
63
241
146
194
34
24
6
116
123
204
199
34
91
35
193
217
166
169
47
76
98
83
233
163
130
170
201
21
92
110
213
241
244
236
167
113
80
219
199
235
24
128
67
182
35
61
211
172
169
216
233
46
56
197
12
148
199
38
6
247
189
228
154
120
45
154
12
195
7
56
203
135
253
9
198
65
146
111
58
195
188
79
38
11
180
179
148
216
239
67
141
57
10
91
35
122
136
170
46
197
66
116
160
186
15
217
201
91
198
226
230
6
199
188
207
65
67
65
238
179
179
6
91
108
169
254
197
109
111
138
256
160
99
66
57
6
21
91
217
152
169
195
124
61
189
10
101
91
111
224
241
198
180
244
233
106
189
38
244
24
141
116
83
67
203
24
254
111
201
185
236
199
15
75
83
155
223
145
106
186
91
180
150
89
219
137
26
238
76
4
204
52
86
65
30
244
59
97
240
169
5
198
109
110
174
135
26
122
244
215
97
83
160
63
244
250
83
99
155
135
138
111
247
201
93
221
47
134
254
187
26
196
147
6
242
191
198
123
147
110
242
205
111
47
35
188
47
203
209
197
142
91
135
12
210
111
142
35
94
40
219
134
109
21
120
178
100
10
122
10
180
220
111
108
203
21
25
189
111
238
201
137
244
139
6
206
111
227
233
221
216
101
155
224
118
161
130
169
203
87
32
254
164
179
250
135
179
121
19
223
133
21
187
241
224
142
111
139
120
38
219
198
110
138
200
111
134
104
38
254
138
96
35
163
113
231
35
61
155
192
252
37
106
104
163
6
85
35
61
24
135
94
22
189
156
189
169
226
205
69
161
189
149
252
146
19
25
57
111
185
149
229
139
4
139
141
36
149
135
8
243
106
76
148
203
21
130
85
155
65
34
28
219
214
244
104
163
57
244
47
122
256
6
12
218
75
35
75
169
5
106
176
220
203
254
221
76
155
31
26
186
185
180
163
135
61
35
216
85
130
130
103
246
49
154
199
155
148
130
253
155
244
111
64
134
111
238
87
132
144
111
199
114
244
181
69
98
56
164
240
34
83
135
155
179
221
96
148
46
76
10
45
91
14
244
111
238
15
91
200
218
150
169
252
145
30
60
190
141
65
135
195
58
130
221
218
169
201
240
246
122
190
224
148
47
176
230
104
58
35
99
171
52
45
72
247
169
29
31
254
56
56
106
130
187
141
180
185
213
106
61
200
61
114
146
30
86
57
230
14
64
104
121
169
217
160
209
10
250
219
203
83
4
94
134
253
36
29
252
31
254
119
238
89
141
204
90
103
58
163
155
201
26
58
93
185
57
11
19
207
9
160
126
163
35
216
256
36
238
56
141
160
11
120
207
16
169
96
238
106
198
26
81
111
36
242
218
110
115
218
174
122
111
186
254
155
104
9
26
86
254
64
26
219
155
212
56
223
106
83
204
149
247
81
132
90
191
254
247
147
229
106
236
2
120
221
83
189
219
9
155
179
221
139
188
56
169
81
56
36
145
103
197
26
52
214
215
213
62
214
216
32
42
215
242
161
187
214
120
185
227
36
242
35
175
26
155
159
155
188
210
91
56
187
136
25
193
104
57
45
72
227
72
189
10
89
111
196
12
36
154
86
13
134
64
254
35
191
155
120
10
256
225
61
69
207
156
133
252
161
252
199
218
172
135
141
11
192
142
217
194
36
93
135
104
97
35
214
76
83
208
64
214
121
204
217
121
153
57
36
135
213
101
133
42
110
96
148
148
249
250
96
83
83
221
21
61
86
86
194
106
91
237
220
115
248
220
240
89
155
81
158
192
106
83
104
57
23
148
219
10
110
12
33
253
134
5
103
79
227
228
237
216
256
116
23
130
195
69
111
99
218
157
191
23
188
201
83
241
169
186
149
61
111
145
26
34
191
193
106
95
256
196
181
247
213
94
22
191
102
246
161
149
35
221
12
148
238
11
48
201
214
157
69
185
218
28
69
247
161
113
86
31
60
34
26
9
221
189
89
119
139
148
228
193
216
214
111
106
189
133
133
238
56
225
155
86
42
111
25
201
247
113
218
134
113
20
83
25
242
195
45
108
8
12
26
155
120
124
201
189
163
106
95
88
133
149
248
102
238
3
194
190
82
248
248
172
219
135
161
174
149
127
133
106
218
149
12
55
47
53
163
86
218
198
204
106
248
12
86
250
145
23
238
103
86
148
60
111
219
189
144
22
188
121
235
76
159
174
133
189
161
196
33
244
201
106
98
91
12
10
247
145
115
48
18
114
42
255
57
149
76
4
155
91
19
36
215
104
201
238
174
246
149
94
232
38
156
155
93
19
199
248
30
153
186
86
149
186
138
86
148
23
111
26
148
186
195
199
12
106
189
238
226
15
148
105
98
255
46
21
149
203
104
238
45
111
22
13
135
34
12
218
155
4
217
68
12
86
238
5
140
238
226
106
218
218
43
155
197
159
94
74
174
248
134
219
108
238
223
178
187
120
219
12
2
201
43
190
26
61
45
227
86
91
100
76
111
201
232
159
192
83
64
134
79
214
214
228
197
155
189
111
86
10
56
134
61
10
153
12
64
226
242
106
226
228
45
212
201
44
148
242
26
12
134
