35
31
194
203
65
75
75
231
150
150
144
67
75
203
181
150
165
40
80
40
143
181
143
165
66
165
143
165
194
59
138
75
165
40
80
176
138
57
66
138
176
59
150
94
165
243
203
203
150
165
95
223
242
66
112
94
66
138
162
19
95
66
95
146
130
243
243
66
138
165
203
242
184
95
136
165
87
231
146
87
87
183
58
187
162
80
3
80
17
231
59
87
182
203
231
76
83
145
243
154
94
194
231
153
66
105
105
57
28
231
96
94
191
121
201
94
130
149
96
119
147
64
222
123
205
32
74
3
212
236
9
28
76
7
99
197
127
103
40
113
69
3
122
35
29
188
256
99
93
174
172
236
123
253
123
147
38
250
25
195
13
153
28
25
169
19
59
117
150
8
87
250
208
222
146
150
123
250
114
1
208
11
187
236
240
212
211
144
75
136
222
191
172
80
106
147
80
231
14
212
15
17
71
22
236
120
83
197
154
83
97
14
114
108
83
108
209
136
27
18
105
94
239
174
208
131
169
15
177
6
177
77
191
88
165
6
221
15
73
177
224
212
177
222
73
28
30
147
15
126
68
177
6
245
17
128
50
21
165
19
8
24
212
136
6
128
185
135
59
105
239
186
72
11
187
209
128
126
194
141
135
154
153
28
28
27
54
165
147
156
206
253
22
105
121
21
248
110
93
211
38
253
6
54
108
94
175
250
98
141
193
227
77
182
135
75
135
24
8
6
29
135
204
28
97
137
136
207
83
128
205
244
97
75
175
182
229
147
165
206
34
139
207
136
66
94
255
142
83
109
181
108
95
184
108
31
171
21
123
149
25
150
198
50
15
43
171
206
181
165
60
153
11
174
5
91
109
230
206
226
211
39
229
87
101
123
204
225
225
77
141
58
25
194
165
86
66
43
176
102
147
96
128
112
3
97
237
128
206
225
73
252
224
167
206
122
65
139
182
217
78
225
95
253
106
116
171
32
246
8
225
255
66
145
182
138
20
8
136
250
122
206
139
217
28
230
165
31
3
181
175
159
183
28
9
182
168
24
109
165
182
191
243
177
246
39
62
182
109
94
255
67
142
217
175
190
109
217
245
78
172
132
181
248
62
67
243
108
154
8
2
9
197
109
221
8
207
158
141
8
71
251
172
221
102
109
140
140
172
221
20
158
165
207
140
216
27
216
104
6
65
245
142
183
129
216
124
124
183
61
245
245
50
178
28
145
229
222
183
123
182
107
161
187
182
230
206
217
141
96
182
204
129
11
120
34
14
120
92
153
243
5
170
18
177
172
206
199
136
140
17
39
211
222
38
210
1
50
43
8
100
139
114
222
50
4
249
114
166
208
20
24
49
13
227
131
230
123
1
131
50
5
59
28
160
188
217
73
28
180
193
53
138
68
248
184
227
128
109
181
92
66
211
60
246
137
132
181
184
66
22
243
13
216
224
253
40
245
223
216
245
180
103
245
141
109
109
188
245
223
95
181
246
188
182
30
92
230
63
255
132
198
211
240
15
95
4
76
193
160
92
97
118
68
95
13
92
209
230
208
43
43
209
226
188
49
80
110
147
181
13
38
28
20
231
95
147
90
180
4
121
246
40
211
28
114
170
206
14
51
245
49
51
80
239
18
193
176
183
68
92
207
183
63
85
161
18
125
178
95
225
191
209
141
49
88
2
78
230
182
183
171
246
147
237
9
181
206
67
51
254
227
63
253
141
183
152
168
227
75
182
85
109
245
144
67
183
182
28
89
9
67
21
68
95
246
207
242
174
141
182
217
109
246
163
168
152
121
49
187
253
16
254
109
21
63
141
80
37
184
28
165
95
141
246
217
20
188
168
109
102
190
221
17
82
132
181
109
55
182
63
80
63
85
80
242
173
168
132
187
207
50
109
132
80
154
191
136
221
242
245
199
253
221
188
77
184
164
184
211
185
63
245
243
154
4
47
80
99
118
146
203
104
217
200
246
33
4
148
104
60
166
80
185
166
68
13
60
42
88
104
202
245
66
9
201
70
190
206
73
163
166
92
83
186
33
245
184
79
86
166
245
206
221
254
185
245
80
121
14
118
50
104
221
79
217
132
200
176
4
220
92
80
80
221
80
25
77
194
203
216
80
253
203
118
105
80
174
216
30
132
104
80
80
80
42
191
224
80
152
62
201
245
80
89
221
80
80
80
80
83
80
80
83
217
88
155
241
221
80
80
80
80
48
30
88
80
