61
61
251
123
61
123
76
225
225
106
123
225
61
225
239
145
40
40
87
153
87
251
123
123
140
174
190
129
140
251
243
225
251
129
153
153
87
127
8
251
231
67
174
251
76
140
140
251
225
155
111
194
155
111
164
190
135
135
76
8
55
123
76
55
55
155
251
155
40
225
140
251
225
34
164
7
206
123
51
18
87
64
161
165
51
251
64
55
169
64
251
251
34
182
239
121
239
164
144
71
144
243
150
123
95
182
97
58
111
150
40
235
130
18
140
161
24
90
97
106
58
16
235
225
40
33
128
46
90
95
111
58
166
211
46
239
116
244
253
164
178
95
18
214
173
58
164
27
194
87
94
177
251
221
90
250
31
177
33
55
128
128
25
4
204
183
184
114
27
172
16
113
31
230
18
18
27
92
150
79
41
251
182
235
3
79
181
243
146
212
250
202
118
181
177
79
229
89
248
36
99
75
41
98
47
84
125
33
6
25
7
58
37
166
90
113
225
218
121
169
18
75
32
251
72
73
136
136
118
32
151
239
191
222
113
235
46
182
24
182
58
24
138
194
221
79
125
71
123
25
166
99
21
243
99
94
235
73
89
90
164
166
99
177
181
256
98
109
230
189
58
214
86
37
129
94
73
69
181
202
235
99
207
37
148
125
43
125
249
82
239
177
249
186
172
166
89
46
128
230
90
204
222
77
174
110
41
191
67
202
25
84
27
33
182
154
99
204
72
7
44
252
225
109
18
235
51
77
250
241
72
99
193
162
256
121
167
96
133
74
232
75
58
53
154
194
83
230
125
111
221
84
230
31
194
78
99
221
99
194
107
110
243
94
214
116
203
99
222
118
110
221
74
110
154
215
130
27
128
144
230
94
204
121
207
232
98
34
157
111
194
48
220
6
177
109
90
112
178
89
144
220
205
73
153
72
83
82
210
89
51
46
203
58
135
218
167
256
115
109
80
53
116
46
28
191
94
84
252
9
99
116
7
35
41
235
99
9
122
221
46
40
231
90
221
27
184
99
5
7
155
53
253
78
161
239
111
60
28
215
188
53
178
249
46
74
127
203
225
111
86
125
37
90
238
222
40
241
179
184
196
184
230
89
51
10
213
5
12
256
215
88
230
108
238
167
9
176
99
72
249
191
73
121
73
99
36
94
87
109
124
128
116
102
213
102
62
90
119
206
86
239
196
241
37
243
60
82
114
256
225
23
116
1
128
178
67
111
151
67
162
99
46
88
115
239
177
158
125
218
109
26
239
219
125
74
31
175
256
202
8
203
85
225
104
8
222
202
37
182
77
51
95
182
196
218
94
252
77
60
215
185
110
40
25
7
86
99
74
46
32
1
230
222
34
205
121
9
30
197
46
194
53
186
221
196
240
93
162
112
40
62
157
174
133
78
73
147
31
16
233
14
94
197
256
194
72
252
94
165
10
155
8
167
123
62
72
157
256
232
122
199
110
60
34
16
167
92
112
219
144
22
213
225
24
222
215
88
166
121
124
134
86
62
191
83
93
127
248
146
52
230
86
167
168
16
256
55
157
136
81
106
81
85
184
72
85
230
235
94
46
3
189
170
187
110
246
67
41
252
134
111
34
170
55
239
172
164
64
11
108
175
144
31
132
32
249
73
230
200
79
215
58
238
219
175
197
32
241
137
215
24
60
20
238
197
178
26
111
202
114
210
199
82
223
142
224
191
174
220
237
115
81
192
77
72
62
71
73
57
82
188
108
213
31
242
116
94
225
255
202
181
175
27
16
238
189
56
34
227
95
188
99
196
102
178
167
76
246
98
53
194
89
247
81
134
133
170
218
153
116
171
146
80
96
64
164
45
99
4
146
142
42
195
77
115
19
184
98
170
189
108
106
46
199
202
222
55
46
213
198
34
136
199
238
46
56
72
1
256
60
46
61
242
220
44
106
236
111
185
133
220
149
72
170
95
52
105
102
167
17
161
162
172
16
134
242
193
162
96
189
159
51
114
218
106
210
49
192
32
46
228
241
171
196
8
189
57
101
249
48
216
111
248
115
10
178
157
178
57
228
9
204
230
93
197
44
109
192
225
126
199
101
57
230
149
72
159
96
97
99
110
82
238
156
175
167
4
86
134
67
34
159
197
207
190
219
52
158
100
184
172
53
25
146
238
15
19
237
150
142
86
168
118
24
214
82
248
178
248
32
32
237
73
223
189
218
145
241
159
237
146
157
214
31
237
71
101
200
146
224
249
97
195
40
155
111
196
189
155
84
82
228
137
80
153
103
117
53
214
124
214
171
116
5
115
200
217
76
133
108
124
161
214
235
248
57
116
256
101
166
242
249
155
10
110
235
52
18
67
106
56
113
40
178
197
256
67
124
256
52
192
1
249
149
248
42
126
230
207
54
235
8
197
88
235
67
224
249
106
82
45
86
238
15
114
25
214
85
187
102
182
52
109
235
149
11
189
109
111
219
106
114
219
56
233
256
116
228
27
52
219
13
207
178
25
189
256
100
90
133
197
189
39
153
48
48
220
54
86
82
50
169
146
189
85
184
242
67
76
5
216
48
241
220
236
73
67
52
235
189
246
167
41
197
85
200
115
189
242
222
163
12
190
176
154
61
70
230
101
216
75
230
19
73
153
213
178
189
219
146
238
76
167
26
224
52
57
210
88
53
86
235
169
178
191
103
219
256
106
186
70
82
236
236
197
28
181
188
203
133
121
197
189
29
139
189
57
188
159
240
157
73
82
251
243
194
239
106
106
116
73
138
251
157
48
26
116
197
91
246
201
252
82
219
43
202
34
190
120
134
196
14
167
152
235
169
12
56
171
159
69
57
238
84
158
115
178
178
56
148
46
99
45
240
31
222
76
146
113
8
101
200
222
106
13
112
178
186
79
191
152
54
73
86
230
48
238
253
48
213
210
62
155
182
219
91
86
167
45
74
250
237
197
12
249
235
73
235
56
115
116
32
220
159
219
91
252
189
197
73
235
37
94
252
13
108
137
88
19
236
245
88
207
124
2
141
12
214
224
237
230
112
110
184
3
80
183
253
48
57
115
214
169
189
13
252
190
84
110
63
158
144
199
88
118
184
159
157
228
158
163
159
73
178
214
189
252
12
102
115
29
48
31
84
56
188
178
219
140
232
88
232
142
137
149
56
219
256
179
178
111
178
106
189
230
52
94
32
123
52
57
76
55
157
16
228
88
256
66
190
12
196
64
237
20
110
213
224
24
52
73
210
256
249
209
82
238
124
228
218
256
32
189
228
76
228
91
79
103
85
12
157
186
122
237
210
221
236
144
16
115
98
85
227
256
24
218
56
145
86
249
91
75
149
12
77
12
149
13
74
134
13
184
64
82
214
200
13
214
189
32
12
96
74
204
71
84
228
73
158
48
219
167
53
57
12
254
57
26
147
88
221
111
170
133
196
35
48
184
14
20
249
139
80
31
176
32
189
237
12
24
210
83
13
56
53
235
52
24
230
195
230
91
110
115
26
215
170
12
86
114
240
190
198
186
149
236
52
115
28
236
202
105
86
184
161
73
196
102
88
184
189
43
56
214
57
85
252
196
53
147
178
199
167
110
218
148
115
76
54
170
197
127
24
115
228
146
256
133
12
57
189
56
189
235
197
256
207
254
81
222
76
133
162
254
86
133
80
232
45
252
178
189
54
106
189
88
245
252
167
120
214
125
3
144
15
106
139
167
162
124
196
178
111
214
147
37
39
184
12
10
219
202
197
197
133
190
56
167
189
178
236
133
56
134
76
167
181
198
45
85
120
154
27
19
53
26
110
133
158
23
180
86
125
73
46
74
19
73
57
122
224
122
189
233
232
10
8
162
23
249
207
202
116
13
76
189
192
149
102
25
25
161
48
139
49
167
10
210
178
53
213
149
149
230
254
133
150
82
157
13
85
134
110
184
233
125
32
12
56
124
238
115
238
176
25
83
48
9
48
214
125
202
53
115
38
178
76
149
159
56
175
170
52
42
249
56
31
115
110
137
248
86
256
106
149
82
233
193
45
190
117
106
161
102
85
33
38
249
106
45
192
228
189
189
56
91
228
153
213
162
190
149
228
91
202
256
57
189
246
139
26
190
228
35
10
189
220
82
133
42
42
215
157
26
134
167
86
236
35
170
65
220
249
192
256
12
256
64
178
212
157
214
57
54
197
215
35
170
42
190
144
249
154
175
56
116
240
192
57
56
73
85
86
56
196
252
214
133
189
79
227
158
204
42
137
73
82
19
249
255
256
116
230
43
73
220
83
121
73
12
192
133
39
122
186
8
148
176
115
53
161
201
218
256
164
35
88
220
221
189
236
235
228
83
157
31
13
192
134
140
169
170
235
48
115
12
82
162
221
102
86
256
238
157
32
189
220
202
23
178
10
26
249
56
73
253
190
253
110
25
121
108
196
76
141
12
249
73
88
170
256
70
10
44
220
196
163
52
238
134
256
56
115
134
141
170
88
110
190
249
170
78
52
121
214
10
86
196
158
69
166
63
106
214
146
252
98
252
42
115
115
214
149
197
73
249
57
256
134
197
235
27
4
196
11
236
86
20
110
236
125
192
86
82
256
106
256
133
256
10
170
184
22
240
196
103
115
121
175
127
77
189
219
189
236
237
170
141
240
115
134
256
86
45
186
10
140
10
214
52
35
160
230
227
204
189
12
108
178
213
230
12
228
207
133
256
76
29
256
52
256
26
150
86
228
249
102
230
219
186
157
196
45
52
42
165
110
157
48
171
170
64
115
124
219
45
56
12
73
106
190
45
56
106
134
16
161
73
158
10
238
169
224
178
161
12
256
256
179
52
134
189
228
134
190
140
86
48
219
124
134
230
157
42
159
170
86
192
121
86
13
52
81
189
256
10
91
64
42
52
190
256
124
218
167
26
179
228
249
238
238
157
12
108
214
252
210
35
238
149
94
167
137
256
224
29
139
163
102
170
26
157
196
31
45
196
167
56
56
76
133
102
76
228
35
149
167
256
10
170
35
228
12
230
14
85
178
228
170
192
240
69
42
249
115
42
228
56
237
240
256
214
53
158
42
189
189
102
56
161
69
158
219
121
189
201
238
236
213
201
157
35
228
149
73
201
256
110
149
252
201
