80
176
80
166
58
153
26
186
186
3
153
29
252
205
130
80
150
100
186
87
162
59
112
150
35
80
150
82
58
3
135
162
150
31
205
67
195
153
176
146
231
231
186
135
138
135
162
132
80
140
135
27
91
7
229
162
67
136
174
59
138
91
169
59
135
135
121
143
181
226
25
140
109
146
195
106
208
223
132
195
121
181
153
136
31
59
143
211
253
54
58
40
181
14
55
194
33
24
121
135
135
60
249
229
54
169
101
184
181
153
52
54
58
228
208
249
84
214
181
138
42
121
27
135
113
54
147
171
3
175
165
33
96
54
164
63
101
207
222
18
55
80
33
153
222
252
3
164
205
136
39
135
13
95
96
59
111
113
59
10
228
10
13
86
138
166
214
175
99
84
212
89
33
22
3
164
103
195
14
105
166
13
55
54
33
249
97
54
3
169
132
164
13
138
175
33
103
8
225
164
164
201
75
13
121
150
106
170
93
231
186
18
3
147
178
54
169
178
228
1
35
196
21
256
236
1
211
27
146
55
63
67
225
96
223
16
77
169
28
169
221
168
59
3
219
63
184
250
146
181
26
96
220
13
205
214
31
61
179
249
13
52
63
96
95
203
29
35
123
135
76
105
33
59
21
177
10
10
186
3
8
81
185
249
195
53
250
219
244
47
61
65
250
50
177
47
243
123
253
1
186
192
67
174
19
249
164
150
212
27
14
111
114
28
67
63
256
13
109
256
87
139
150
29
25
223
32
147
248
121
88
25
149
67
196
123
22
88
8
90
179
87
64
139
171
205
67
223
13
88
164
181
144
31
107
138
17
65
249
107
76
63
175
3
146
64
39
113
18
223
109
55
15
136
138
80
62
169
29
64
54
164
70
235
34
192
128
184
96
183
79
205
225
25
40
215
171
63
149
237
21
184
235
249
1
188
237
201
250
236
63
7
41
245
220
50
76
72
135
15
139
87
110
174
249
213
30
135
59
96
146
151
181
3
184
109
123
131
229
240
52
247
253
60
106
164
236
27
226
178
187
252
171
138
26
29
223
55
135
229
135
235
238
114
205
135
139
88
35
242
149
79
121
201
109
178
63
96
95
62
245
212
14
164
252
91
123
230
149
121
243
244
228
39
195
170
238
5
245
52
240
109
56
109
139
113
3
77
215
147
250
80
29
101
192
19
93
223
14
235
130
103
10
235
17
184
52
58
52
35
112
250
58
242
207
107
158
42
106
201
187
250
135
135
158
235
131
235
39
63
57
64
169
83
88
236
195
21
150
71
236
178
14
14
96
159
63
51
40
117
97
63
64
24
34
111
14
63
195
178
130
52
16
87
29
76
201
88
63
235
66
29
52
88
174
161
192
131
27
50
184
96
55
196
9
203
245
212
64
167
13
67
14
79
82
245
206
244
81
230
209
63
128
178
239
130
41
58
88
240
174
126
52
73
129
78
64
52
108
184
175
153
37
58
49
113
145
58
242
34
104
125
109
13
164
64
16
201
114
215
201
108
63
253
208
91
154
159
31
78
237
24
202
141
63
71
188
13
27
230
223
147
202
35
108
83
42
35
250
130
27
22
114
220
112
171
212
203
202
255
109
27
253
105
239
47
8
64
15
239
201
145
228
42
142
21
114
109
192
250
27
10
27
114
9
107
42
147
150
171
236
49
88
179
178
223
12
59
92
240
187
171
113
65
147
178
129
140
92
94
177
114
192
192
76
64
61
235
69
215
109
184
124
221
15
27
169
1
42
15
208
16
27
63
97
183
223
63
82
61
202
122
5
25
183
215
217
27
170
210
122
40
54
10
64
63
63
14
202
85
59
188
253
78
87
202
94
212
205
69
53
245
179
135
94
60
203
180
63
86
87
203
196
241
223
97
132
118
94
63
183
128
61
217
132
203
229
208
89
65
182
53
192
110
88
94
27
237
92
92
10
80
145
10
63
97
60
103
8
63
34
230
5
15
92
96
12
171
24
238
171
119
114
49
76
117
188
76
106
120
250
186
109
110
187
253
22
216
127
188
105
63
123
22
27
245
230
76
63
92
242
17
184
22
243
158
217
170
229
35
133
85
34
129
245
9
188
208
92
186
223
175
18
168
63
82
195
32
171
237
15
123
203
28
27
76
196
223
171
13
83
245
111
9
210
19
12
15
11
130
95
235
89
27
216
158
195
24
69
219
240
44
49
13
188
140
245
109
247
14
122
235
131
184
207
23
206
136
172
149
15
250
158
22
30
15
86
160
92
61
253
210
82
14
15
110
135
203
220
63
193
15
63
245
73
31
109
53
154
158
15
195
206
240
125
226
202
215
245
198
198
110
160
88
94
144
29
34
171
228
216
127
240
10
242
43
107
217
15
196
42
173
196
192
4
201
196
193
142
130
220
10
92
171
186
94
250
207
133
160
206
108
64
128
213
72
85
201
202
147
187
49
43
205
77
133
187
75
201
223
39
207
171
171
256
63
243
103
42
241
195
208
9
64
114
158
39
79
15
249
217
79
49
15
171
124
238
228
63
172
210
149
171
206
219
49
174
109
197
110
169
143
228
110
80
235
172
63
114
49
87
83
229
247
243
200
207
35
241
133
241
25
66
183
1
96
96
39
54
144
240
245
216
242
61
242
201
124
49
171
19
99
11
210
245
248
187
196
54
158
245
138
63
63
198
24
89
24
253
109
223
243
33
127
68
94
66
32
254
137
192
137
44
196
22
39
187
233
63
187
64
167
145
244
23
201
187
160
114
251
229
202
8
127
161
140
216
76
61
244
54
193
35
10
106
242
10
158
47
98
30
215
69
92
245
15
195
187
176
121
192
31
66
55
85
82
149
80
19
207
1
256
193
2
69
212
133
1
172
9
92
242
245
66
9
114
15
19
69
25
245
195
133
172
2
174
94
92
30
133
94
25
187
235
118
54
76
193
171
118
94
26
14
187
158
207
154
17
184
72
9
114
16
172
167
189
118
110
35
30
205
33
14
63
15
187
158
197
54
41
90
160
197
226
72
94
174
251
85
197
245
207
51
53
41
17
111
223
70
94
187
94
245
11
149
87
17
219
38
49
44
207
39
76
226
50
196
35
169
85
10
118
135
252
86
92
133
66
82
222
1
94
144
201
187
1
169
193
37
93
135
1
195
9
92
193
94
216
218
186
89
1
36
79
226
189
1
14
66
130
51
187
207
215
244
93
214
133
37
90
120
193
100
202
201
9
1
202
5
187
69
30
141
196
226
202
21
82
244
53
6
65
19
86
8
114
124
156
1
212
26
145
244
82
132
72
36
199
250
47
6
122
174
117
153
53
255
219
78
14
52
24
202
16
101
111
224
124
30
222
30
130
193
146
67
1
214
6
248
6
164
207
86
171
181
164
180
193
33
130
122
53
256
64
235
1
119
65
93
1
245
235
90
235
36
130
38
60
117
248
189
207
80
19
14
33
130
174
207
245
147
195
94
121
135
38
142
1
1
191
81
30
29
49
43
117
221
188
134
26
92
240
205
245
60
156
4
153
111
30
242
82
217
246
195
85
170
245
193
