203
232
34
14
221
232
218
14
164
14
77
128
114
121
51
52
221
209
150
242
51
25
209
201
236
25
13
205
79
94
201
27
121
67
207
10
205
25
128
31
114
250
25
176
135
165
103
72
36
87
174
84
232
242
158
4
74
67
80
221
25
31
89
91
97
162
253
204
112
219
230
128
84
97
163
161
25
25
166
221
128
7
97
106
223
52
75
97
74
128
135
221
128
135
249
128
41
71
147
242
203
146
17
115
3
25
19
87
232
56
157
75
184
80
204
202
256
87
84
176
112
45
155
97
52
223
17
146
25
160
31
97
155
190
106
61
189
97
164
106
232
232
35
80
80
232
205
107
45
115
249
97
240
190
252
208
175
91
7
27
162
50
164
73
205
162
121
91
46
190
248
84
3
121
99
150
171
112
90
65
32
202
32
16
204
256
123
46
194
25
97
26
32
164
243
26
91
210
72
185
86
249
73
164
59
123
164
162
74
225
166
230
164
31
164
162
210
243
80
80
73
229
205
249
121
135
202
175
121
171
242
223
106
129
3
178
164
25
208
158
73
19
90
150
232
56
221
144
26
164
89
50
171
25
77
74
171
94
46
136
167
245
74
256
213
55
153
245
55
143
86
3
59
80
74
172
128
42
223
161
167
3
235
244
97
107
171
116
59
207
55
171
28
28
28
177
25
162
178
80
31
102
160
52
243
213
3
237
124
32
185
244
223
243
208
223
186
194
74
150
86
201
3
223
73
116
225
102
162
223
116
91
25
187
32
55
3
232
104
60
210
249
47
16
60
59
203
19
6
98
231
63
80
86
190
59
115
114
4
217
209
12
252
58
164
41
69
4
32
18
145
136
252
60
99
117
123
59
245
128
91
255
37
255
56
115
28
3
202
162
213
59
108
35
208
55
115
126
25
239
71
4
226
4
13
204
6
89
34
198
218
116
91
129
167
218
223
56
115
244
14
3
83
115
176
94
162
128
151
110
27
60
115
4
110
33
239
232
249
54
196
166
218
156
88
202
58
182
208
91
123
227
63
223
207
56
52
18
164
58
165
53
18
176
142
4
63
252
42
13
231
214
55
202
151
186
221
203
136
146
123
4
51
105
46
202
248
18
90
243
233
18
120
202
239
231
110
208
164
208
252
256
176
212
218
139
153
9
123
226
97
208
77
71
86
151
21
151
12
233
93
163
62
179
19
172
84
222
37
255
179
217
4
113
243
25
43
161
120
9
79
176
29
104
179
151
202
239
135
256
186
197
120
81
204
15
217
4
217
53
141
198
187
51
4
167
255
72
162
5
31
153
34
52
175
251
9
242
190
99
48
113
89
120
43
249
245
38
213
222
97
5
63
202
179
74
97
59
90
253
92
59
141
65
68
65
207
213
103
161
187
178
171
148
87
108
162
113
84
92
137
44
92
161
5
218
208
247
162
197
217
222
197
95
132
179
85
249
246
65
157
95
114
111
69
161
198
113
109
249
219
251
235
161
161
168
183
198
37
128
110
52
139
135
170
50
22
253
249
176
34
21
105
109
253
245
16
116
142
33
109
52
207
58
124
92
245
184
193
198
108
114
203
19
153
233
17
4
130
120
208
9
45
6
182
62
139
128
139
6
38
135
217
222
92
58
225
85
249
164
189
174
60
116
135
93
101
214
101
79
249
37
3
34
12
170
19
168
194
53
58
110
68
93
116
110
241
74
1
223
9
249
115
89
129
34
202
132
109
149
63
181
198
151
163
37
215
4
24
3
96
77
202
135
106
174
232
169
73
105
109
155
110
162
148
175
77
34
251
203
18
109
181
116
247
78
151
194
246
31
158
32
221
109
160
89
84
109
139
228
225
105
110
251
95
77
34
55
219
231
133
29
74
37
110
148
127
255
150
192
230
245
54
46
205
192
77
187
99
99
49
235
90
68
85
136
218
129
250
36
104
4
49
186
233
59
202
76
109
30
155
68
198
142
4
217
255
198
120
85
31
68
120
54
190
179
217
205
54
231
77
139
129
148
68
57
77
82
171
142
114
88
31
219
88
42
199
240
49
7
50
71
163
31
219
239
4
149
149
167
105
247
235
86
256
198
149
37
199
85
183
73
247
2
50
36
40
27
116
149
149
178
203
77
37
99
103
65
240
202
139
16
142
154
241
99
46
37
142
194
72
233
33
211
225
175
247
72
110
171
188
163
250
56
37
210
77
77
159
188
16
98
77
235
188
74
142
220
247
167
4
139
252
159
42
65
59
176
132
171
241
23
182
194
54
70
132
168
99
86
197
18
37
163
7
167
245
137
149
210
77
132
212
82
183
124
74
163
82
159
82
68
77
48
1
107
249
202
241
107
77
220
135
168
207
239
77
7
171
124
54
161
203
32
210
72
177
184
205
125
222
86
72
136
13
142
222
72
73
153
38
68
92
239
65
15
233
104
58
2
177
82
149
75
39
188
185
32
203
161
171
215
63
249
21
142
158
213
77
107
78
153
7
124
179
183
161
188
120
202
95
132
218
48
132
197
142
86
86
232
93
132
194
193
42
136
136
133
2
7
198
160
136
45
92
215
193
44
171
142
86
139
65
116
85
198
7
230
210
159
215
120
186
77
37
188
218
63
62
233
142
94
53
159
149
7
62
136
198
120
171
85
167
78
56
44
194
171
184
217
116
104
142
107
70
60
86
142
157
43
32
115
163
232
132
222
158
247
169
199
52
203
203
231
43
247
28
48
230
63
188
3
142
48
70
115
60
142
163
159
122
78
124
150
254
49
49
72
142
39
194
211
112
86
39
120
132
224
116
77
35
43
82
40
186
171
77
188
254
255
37
63
73
77
157
193
7
255
219
26
211
59
2
107
56
74
198
67
77
82
72
86
57
9
229
24
159
218
43
255
232
221
174
241
4
197
53
230
171
131
249
6
129
53
114
48
82
72
24
142
77
85
219
215
158
7
152
147
232
139
82
157
48
35
157
171
78
193
131
232
4
23
120
157
74
136
53
215
155
78
77
152
115
249
188
78
64
77
53
256
70
154
159
103
63
53
53
253
86
232
82
12
255
35
45
133
119
117
133
46
148
88
232
69
45
53
159
44
232
159
45
48
133
77
163
157
