102
102
74
74
230
74
105
146
230
230
74
203
102
157
190
136
201
190
201
157
130
27
130
230
29
25
41
204
157
157
95
134
134
214
248
157
214
217
248
204
6
248
66
50
190
174
220
217
204
170
168
2
217
74
128
147
2
79
23
214
66
147
153
2
148
50
170
23
177
183
50
177
95
183
168
147
204
214
64
177
74
23
208
62
215
121
153
128
121
170
194
88
23
95
187
11
131
115
238
130
131
243
57
147
204
215
229
133
6
236
106
187
10
213
131
103
177
148
50
135
223
246
88
246
3
216
52
187
231
108
42
138
246
221
148
22
162
64
204
95
231
221
28
178
52
147
67
62
87
22
162
14
106
153
154
74
214
131
218
106
109
148
148
108
214
148
190
231
25
154
141
73
237
73
115
135
138
6
199
229
59
174
106
227
155
183
137
194
106
109
87
231
96
217
218
7
67
114
246
132
199
144
132
173
106
107
137
87
108
125
109
47
109
150
55
26
141
154
199
14
40
226
150
236
187
102
35
163
128
141
46
135
246
243
71
42
83
91
132
1
205
144
198
224
159
225
145
249
30
67
161
144
109
109
123
37
112
183
135
163
109
217
109
236
97
237
123
42
34
67
11
223
205
225
25
125
138
1
109
218
106
148
59
71
61
55
104
14
54
26
187
242
26
223
83
204
205
109
203
213
204
97
128
43
239
46
44
37
86
251
96
148
29
107
75
55
16
246
150
44
153
205
17
67
91
132
132
105
182
245
2
212
109
209
108
217
59
38
130
83
150
74
44
46
28
1
206
196
108
68
217
148
54
150
120
212
195
105
33
132
118
204
154
109
144
183
132
29
112
93
8
150
132
109
8
227
52
32
173
164
140
145
37
147
132
147
10
47
103
192
230
27
253
225
10
16
225
154
38
32
118
28
199
71
46
207
180
241
227
1
24
165
49
17
192
205
228
49
61
54
215
95
97
206
205
167
10
45
147
75
147
172
83
91
6
160
182
106
106
78
81
9
172
245
34
252
10
40
132
25
205
247
55
246
25
231
217
27
159
1
127
124
8
215
95
126
61
109
14
183
46
79
251
148
212
246
253
225
124
64
109
82
67
167
224
67
231
212
234
105
45
33
133
221
225
91
39
159
231
124
44
153
238
108
45
159
217
118
222
138
182
132
146
128
128
141
222
52
132
34
132
34
60
124
207
194
195
50
114
55
4
141
217
135
33
147
224
1
256
173
221
27
242
59
122
108
17
129
58
135
100
46
42
223
17
67
94
131
248
17
246
221
93
118
76
96
229
122
207
238
14
150
253
109
51
138
183
67
154
1
137
198
90
24
207
194
19
208
49
137
205
128
130
1
49
61
136
67
6
207
114
54
120
217
43
122
174
223
131
179
246
34
122
43
100
59
126
207
18
139
224
173
192
194
114
136
231
223
68
203
76
168
114
98
6
71
221
245
95
43
24
100
5
193
51
98
79
128
212
147
24
90
141
132
168
159
69
45
212
245
141
103
55
239
153
224
173
183
33
42
169
245
10
122
206
221
100
222
224
141
247
60
46
10
118
132
221
154
33
25
8
60
59
81
33
232
87
11
161
198
161
100
117
94
153
135
238
69
181
76
96
10
109
247
150
59
91
154
33
236
14
148
81
78
135
214
128
160
114
207
14
203
116
137
136
150
255
206
59
48
167
131
245
237
79
24
112
212
138
93
183
109
221
18
30
223
57
218
64
199
74
4
105
215
40
76
169
87
142
59
124
132
227
60
135
185
134
245
131
234
206
156
100
124
154
59
205
61
226
78
114
138
17
224
168
46
117
119
4
136
226
104
202
203
88
93
224
158
11
60
227
25
44
59
104
148
91
9
132
5
245
76
175
154
146
168
10
67
241
144
38
246
114
210
119
116
77
44
22
229
193
218
207
37
231
170
241
247
224
88
122
228
226
177
131
43
81
61
211
248
69
132
158
21
117
229
32
1
43
40
183
118
60
233
245
48
101
37
114
200
52
148
227
183
124
221
210
33
144
205
248
124
88
182
221
14
10
101
248
118
74
248
185
187
66
134
24
233
56
93
43
182
109
53
184
232
218
217
148
144
12
33
151
247
222
118
124
199
78
63
124
30
160
195
131
123
135
229
207
132
17
158
168
231
218
16
245
118
167
179
135
218
1
167
18
193
210
40
166
138
222
4
244
227
43
245
196
151
23
167
147
221
238
114
61
49
227
228
101
100
181
63
4
30
100
2
179
218
138
26
26
74
168
33
228
203
101
135
227
147
167
57
124
227
144
222
236
250
18
192
179
92
168
228
4
124
132
1
245
234
168
95
83
185
77
61
34
118
10
23
246
182
58
64
168
140
44
124
188
188
105
46
10
130
26
231
224
48
1
49
61
174
58
79
218
44
132
136
90
58
101
215
193
69
169
56
215
48
233
69
223
61
170
63
111
156
135
247
82
63
132
136
116
48
70
86
245
15
255
179
79
233
192
48
179
82
207
130
45
