47
7
51
7
231
7
170
7
225
51
28
249
249
170
251
144
178
7
208
81
208
55
144
106
231
8
40
197
208
87
88
87
194
189
110
51
87
26
143
249
40
175
18
237
197
97
251
54
228
228
175
184
190
32
229
87
51
88
204
170
22
229
169
65
225
239
215
235
212
119
194
74
221
237
170
190
89
110
147
41
21
175
183
87
204
91
87
47
235
129
14
129
126
7
204
212
14
147
225
22
82
25
235
239
208
129
88
153
82
14
56
190
222
129
94
162
245
162
12
212
143
211
212
149
235
72
216
87
170
144
63
135
143
106
113
208
245
221
245
204
131
93
121
225
28
106
238
112
194
62
3
50
235
197
143
238
34
148
106
235
239
88
125
149
36
157
209
215
236
151
136
253
41
56
84
230
124
241
166
235
165
56
113
238
177
140
44
116
221
94
238
101
56
118
245
170
115
152
172
172
192
34
165
34
22
76
235
230
76
165
153
84
156
172
12
165
236
96
111
5
235
224
196
190
88
24
165
164
164
4
88
197
34
13
175
150
28
215
105
178
140
174
174
8
155
178
147
17
126
3
64
15
82
250
28
71
71
221
221
54
24
229
12
8
163
5
89
57
79
69
32
16
245
165
61
25
26
214
170
54
191
157
229
89
178
77
122
238
183
178
201
125
236
26
91
153
174
234
229
64
215
64
112
238
10
240
238
7
172
204
64
5
204
152
244
56
209
13
106
29
33
245
140
56
166
123
112
17
57
29
10
107
235
174
99
79
88
25
51
154
65
14
238
99
197
32
64
140
203
71
41
154
8
61
86
34
63
201
55
32
79
38
56
122
163
105
79
97
10
157
154
228
168
243
62
36
41
181
88
240
220
69
111
11
71
184
134
34
219
33
235
102
238
182
34
172
129
54
148
81
215
11
67
28
19
56
228
221
220
149
85
229
217
199
243
238
248
141
196
204
129
165
83
244
20
242
202
139
215
217
126
237
159
3
228
137
45
135
20
149
248
72
62
145
178
108
79
9
17
215
50
128
91
67
128
104
167
106
246
245
238
76
149
81
134
29
179
104
90
184
148
28
56
93
72
50
29
190
98
12
182
112
111
9
3
106
11
9
237
38
149
172
202
42
237
93
8
96
63
13
125
201
34
216
217
215
3
250
29
153
45
121
76
190
51
99
72
220
104
189
121
170
5
42
106
212
192
32
201
196
97
230
57
10
153
202
177
28
66
42
165
204
129
189
26
240
206
38
96
221
129
208
28
121
197
177
28
243
238
199
181
236
221
232
125
40
52
106
129
202
219
172
8
192
242
232
90
202
134
29
10
25
215
217
38
222
25
76
169
234
85
238
93
61
212
7
252
204
19
205
74
69
120
27
8
28
212
206
181
148
76
230
187
182
116
149
122
34
76
26
62
59
10
76
33
214
108
217
24
83
156
218
44
227
69
243
202
199
197
162
196
215
204
91
23
91
184
35
144
96
13
74
108
181
23
34
29
125
162
8
215
174
226
16
148
81
112
250
122
96
238
122
149
243
14
242
216
184
85
28
14
94
170
238
238
215
12
166
4
223
103
129
122
212
147
69
20
96
206
199
94
215
101
163
172
226
3
23
215
96
58
9
74
28
237
50
42
215
125
66
123
202
202
154
129
134
32
243
34
32
34
85
4
123
146
56
198
50
243
112
251
200
245
220
179
122
41
147
128
189
236
127
154
84
215
220
138
232
165
229
161
138
82
76
215
147
236
220
50
209
229
122
154
5
227
69
20
189
41
18
18
94
172
125
138
113
34
32
45
31
166
9
170
225
74
141
119
236
73
38
79
202
174
211
88
10
134
38
25
165
107
82
182
112
44
227
79
84
215
232
145
189
123
186
206
165
130
130
165
253
122
163
12
165
46
142
186
96
64
252
122
170
99
147
111
242
122
37
68
69
31
43
122
162
217
74
118
243
189
42
186
5
122
248
221
104
113
145
147
86
75
181
189
238
102
57
238
145
181
51
212
169
151
172
208
174
69
199
202
215
193
147
201
10
148
125
38
21
64
202
197
20
17
229
154
34
51
4
123
110
37
40
199
119
243
154
64
37
215
153
94
5
129
129
228
201
132
172
246
203
103
222
12
18
102
246
119
44
61
229
106
186
69
51
72
69
87
202
72
205
42
68
122
116
46
90
44
89
113
45
44
223
51
115
119
154
50
9
170
113
119
146
66
126
139
15
207
248
26
249
120
112
199
92
144
218
62
145
188
193
172
98
25
109
238
10
9
99
133
25
186
94
241
237
167
115
163
128
125
74
69
98
194
220
175
129
202
61
19
238
196
91
172
77
136
219
77
83
9
250
10
245
218
243
139
174
206
64
113
166
134
253
216
94
197
89
9
94
196
202
71
256
169
216
69
99
49
227
115
248
154
199
85
72
41
138
41
181
99
11
181
94
91
202
119
52
25
36
194
140
9
245
184
231
202
59
248
61
254
145
163
162
52
129
99
194
51
125
154
219
204
184
81
5
148
203
189
238
26
199
64
126
181
61
248
157
119
145
69
205
104
94
205
174
26
9
209
227
219
205
42
12
69
105
215
61
28
154
205
94
11
94
174
102
49
69
72
4
85
197
143
154
6
94
154
72
184
81
76
81
227
96
21
245
22
10
126
102
202
69
122
34
154
61
102
174
76
216
201
236
77
102
74
163
10
125
227
199
56
4
73
162
102
44
127
204
23
194
57
24
69
134
197
194
79
77
163
64
5
247
149
243
165
21
218
23
94
199
154
63
73
246
216
134
104
174
122
122
56
202
174
174
154
54
218
161
133
247
47
129
191
197
154
202
129
154
207
126
227
254
133
42
23
82
154
253
198
227
115
154
48
253
4
81
154
97
4
218
104
163
4
224
127
124
199
104
88
54
133
125
196
252
54
216
81
204
184
97
51
25
197
199
74
202
205
88
180
197
156
163
174
125
213
163
149
220
177
183
200
122
163
87
104
7
163
177
219
91
149
48
180
177
48
237
69
51
89
197
21
49
53
27
110
79
57
19
55
219
203
99
166
57
249
80
78
140
53
229
173
112
228
204
256
56
55
53
193
62
177
214
159
246
48
209
255
115
159
64
106
75
53
160
184
29
204
95
148
163
20
104
98
10
128
24
209
254
65
147
57
48
203
57
72
204
180
163
36
88
101
175
129
45
209
15
62
10
242
26
73
150
147
45
148
72
111
161
85
192
56
111
26
129
4
157
48
230
49
236
209
51
134
98
12
200
111
126
51
228
51
72
72
244
111
4
104
37
73
88
61
115
48
93
81
190
161
124
193
76
111
234
123
190
148
64
159
228
149
129
48
155
71
133
48
171
131
111
48
133
86
163
64
3
115
148
168
134
171
85
178
161
29
173
193
25
85
126
186
170
48
15
197
152
189
63
63
16
254
18
189
48
39
148
248
214
15
255
166
161
72
4
164
134
111
34
200
26
256
12
15
55
148
155
189
85
255
85
152
48
10
45
242
12
133
163
68
148
12
12
197
