14
14
250
250
14
249
249
187
28
226
55
106
106
249
55
187
61
153
204
205
249
89
204
208
55
83
172
205
127
89
170
55
174
123
33
175
187
249
249
83
127
89
231
220
204
249
177
56
67
58
204
166
223
87
252
209
56
189
209
136
74
33
131
147
127
220
33
135
131
205
208
58
135
135
130
14
86
3
147
55
130
144
3
136
194
56
33
130
176
75
249
87
236
231
127
14
130
171
31
129
135
36
167
227
222
147
135
136
136
231
227
131
97
33
172
144
168
250
37
168
130
70
75
107
123
172
36
131
130
168
178
239
50
75
131
14
114
41
30
176
122
241
178
131
154
178
36
122
164
172
241
243
212
47
112
219
50
168
169
235
40
89
53
222
131
195
178
181
222
131
168
154
114
154
54
241
65
131
75
249
55
178
135
248
46
248
59
147
182
237
154
136
178
56
136
122
36
70
131
127
164
191
14
75
114
178
166
243
223
41
65
154
222
18
154
21
182
28
53
206
227
112
65
256
33
104
53
31
131
131
88
13
245
101
109
4
252
100
223
154
248
235
244
100
15
193
13
129
71
123
253
131
84
100
59
96
164
131
158
97
73
131
28
28
31
139
179
150
241
122
164
131
147
100
77
59
154
198
70
46
58
177
109
253
245
108
102
16
58
17
28
248
89
203
58
96
123
29
153
73
78
183
27
154
246
116
141
232
164
2
235
16
243
56
248
38
206
166
141
33
194
241
252
89
236
182
182
241
142
248
100
35
100
84
6
46
97
240
176
183
256
93
158
169
183
121
171
250
73
167
96
30
154
179
142
232
144
5
131
113
120
164
226
144
154
108
167
209
108
96
245
28
101
212
206
186
49
58
206
245
10
61
38
38
183
38
109
177
5
235
116
216
237
206
217
5
83
28
60
210
227
13
29
63
227
15
66
38
60
250
65
186
248
248
101
95
156
41
6
15
235
216
125
233
241
125
129
122
113
233
183
129
89
190
55
233
139
170
38
219
250
98
28
198
147
206
83
182
206
5
142
223
160
231
252
210
101
233
95
131
194
54
101
26
14
93
231
221
96
233
243
146
179
101
38
185
250
168
141
38
219
131
233
121
19
116
98
37
58
238
236
225
17
39
93
203
185
130
60
2
229
65
191
65
241
58
141
248
89
90
233
216
54
236
233
78
98
128
15
255
183
154
95
233
95
191
236
201
65
206
38
58
171
13
207
28
38
21
76
248
250
46
28
21
252
65
38
59
35
198
107
46
101
65
126
24
240
167
21
167
167
183
160
169
78
122
166
131
115
92
58
142
37
9
170
179
180
168
211
210
253
70
17
179
169
238
61
167
158
166
122
105
256
108
118
58
38
171
8
88
167
54
167
21
191
110
75
171
246
237
28
40
142
243
37
172
38
81
121
170
9
76
169
89
5
122
145
34
227
102
47
184
142
170
171
6
95
116
129
205
236
227
116
166
125
167
122
96
3
116
248
116
180
217
108
118
46
29
106
8
171
170
210
93
183
160
171
171
239
6
93
122
181
95
175
242
238
181
38
167
113
81
241
11
175
116
88
121
206
13
168
242
65
40
144
44
47
38
130
175
210
24
108
121
105
158
252
76
8
142
144
169
203
24
167
228
216
167
46
169
168
248
215
91
64
210
211
103
37
38
164
55
81
250
168
144
256
118
227
116
78
95
210
175
167
116
28
147
171
179
204
142
93
37
253
144
248
167
233
116
171
238
193
58
154
203
21
229
178
244
142
101
59
122
198
141
252
44
249
96
198
175
196
46
34
38
105
170
252
58
217
139
179
191
144
38
154
28
27
248
58
154
248
116
54
142
242
142
65
58
8
174
116
221
191
116
248
164
233
73
198
121
108
8
241
54
116
139
19
204
187
216
29
65
212
116
25
62
28
89
6
22
198
101
134
29
239
170
105
35
37
16
34
101
222
233
6
120
73
248
27
25
113
16
24
149
248
170
252
255
95
170
46
8
204
113
103
38
124
233
116
179
121
206
76
67
183
190
54
222
238
179
218
233
101
24
255
65
10
119
78
179
46
182
253
96
38
40
106
170
172
171
238
34
231
252
169
127
38
167
168
34
105
121
22
231
233
29
142
167
39
103
101
105
183
101
248
219
134
227
236
252
96
38
8
104
246
251
28
210
134
8
205
221
233
252
122
190
252
210
216
248
255
89
222
106
89
142
64
233
116
46
38
167
205
227
22
238
234
142
46
58
89
233
81
252
38
205
252
34
122
58
238
146
134
5
109
182
109
24
212
144
24
15
224
242
205
241
3
105
58
160
227
28
158
190
243
252
207
250
210
122
76
116
198
205
206
248
89
93
175
64
116
250
171
182
142
250
227
18
101
256
204
229
96
63
90
38
96
233
144
240
102
184
58
206
250
252
109
248
109
113
238
111
3
255
57
238
186
116
16
198
46
89
8
15
169
19
236
238
248
248
228
38
116
210
193
167
131
58
180
223
203
233
116
109
46
93
210
57
144
180
22
101
191
144
168
204
146
233
181
198
142
180
175
167
96
113
248
24
199
109
125
248
53
63
38
244
38
101
167
138
116
233
219
37
186
96
185
241
180
105
248
181
8
167
180
179
46
52
201
239
243
179
38
8
247
38
16
29
65
158
139
241
201
252
46
46
248
69
38
171
24
179
28
142
158
227
64
89
29
248
139
248
101
241
255
101
122
179
244
142
38
238
175
109
238
233
32
116
55
27
38
88
25
142
255
96
159
194
241
27
169
140
193
46
3
205
167
46
247
104
63
139
141
15
154
38
103
207
248
24
38
28
201
219
46
167
179
228
170
69
199
217
199
167
24
63
238
219
96
167
109
164
180
8
116
116
104
123
144
255
116
53
121
58
37
193
205
241
247
34
252
25
158
116
79
175
205
248
116
205
125
39
122
24
221
38
89
241
144
144
101
170
167
179
93
182
207
179
24
6
233
103
38
244
238
134
86
170
101
142
233
179
76
131
244
145
8
170
37
241
74
92
144
134
46
169
104
238
237
238
13
248
19
116
248
6
198
139
252
175
118
171
231
206
210
219
149
236
19
38
139
50
46
210
116
38
28
175
248
24
142
134
227
201
203
66
24
233
134
122
233
118
37
206
38
71
8
131
37
247
121
239
116
233
24
29
179
110
95
248
100
116
103
116
134
121
139
179
58
255
141
241
122
238
58
8
116
139
205
214
212
179
196
252
46
248
134
103
229
29
222
223
10
244
179
180
170
89
247
181
179
37
24
222
53
58
179
217
96
170
229
228
179
142
144
236
180
179
142
252
246
116
38
248
64
101
101
24
38
101
247
182
179
116
240
88
142
52
158
255
236
81
151
35
31
19
179
29
142
252
119
36
180
233
120
233
145
139
93
93
247
248
139
220
4
142
116
179
252
229
38
93
37
169
233
179
6
134
221
101
233
241
195
13
178
179
81
105
179
247
244
217
179
13
205
175
248
139
38
74
101
153
58
78
110
167
144
132
134
238
255
8
8
243
116
8
22
24
93
167
219
24
247
238
198
236
170
50
88
6
167
38
229
142
101
116
233
255
93
201
145
154
33
248
141
248
38
201
58
38
102
101
229
74
22
103
65
186
205
116
34
24
167
141
239
238
198
145
116
241
96
167
244
73
63
93
210
67
252
245
179
187
248
37
124
248
241
179
144
229
201
233
224
216
24
179
101
110
210
84
12
255
132
101
58
90
241
14
227
1
195
132
158
179
170
14
187
46
224
43
236
187
