162
143
162
87
208
87
208
151
204
208
235
208
162
112
209
112
151
209
209
151
112
235
205
209
71
256
235
94
176
151
73
71
112
165
151
151
71
71
151
209
143
176
204
84
206
165
208
208
208
176
94
208
71
151
151
208
209
217
112
208
71
174
165
166
151
71
165
151
200
164
1
67
209
146
204
239
208
256
151
112
239
209
222
209
165
143
143
27
84
162
143
112
76
162
177
177
209
209
75
121
71
98
18
151
236
114
143
62
222
143
164
194
31
112
143
72
31
209
123
36
18
21
51
140
239
62
84
59
51
166
51
239
140
51
239
230
136
166
90
242
239
84
27
112
239
62
231
98
143
177
208
59
157
123
177
156
188
112
98
54
188
212
150
114
177
209
185
170
74
188
98
205
132
31
98
230
165
162
209
251
132
222
250
200
54
7
204
150
71
165
64
239
62
218
90
188
95
47
143
141
150
7
184
13
208
40
146
77
160
182
50
36
62
84
31
152
208
244
230
98
218
95
225
215
90
222
112
242
150
212
208
159
200
51
182
209
162
235
183
88
208
98
40
114
204
98
183
7
95
95
154
146
107
50
40
244
160
204
123
228
75
230
123
112
13
222
143
132
98
209
208
165
235
50
98
32
165
183
92
151
108
242
204
109
5
239
184
112
112
128
204
242
230
157
203
98
41
204
143
204
98
51
32
50
97
204
204
224
62
62
143
243
209
225
204
74
113
242
256
206
62
62
182
80
33
28
98
7
200
28
150
6
151
90
194
75
177
148
157
208
170
7
36
112
27
90
217
204
95
143
113
154
89
157
151
119
242
152
128
97
248
71
140
170
32
204
253
62
21
127
242
7
81
215
62
81
250
109
31
88
141
190
131
13
204
191
239
136
81
88
113
92
81
208
148
157
219
250
41
40
242
108
109
161
157
14
71
252
50
191
50
81
208
109
151
182
243
58
66
143
62
118
204
51
27
62
88
153
239
215
21
112
90
251
248
75
68
208
28
23
144
81
157
50
200
253
153
243
204
118
62
112
65
144
97
61
229
90
203
203
113
73
191
165
136
225
184
112
231
1
194
112
28
144
32
215
23
252
109
251
71
112
251
182
62
32
131
148
109
92
23
140
184
112
232
107
88
18
204
151
146
118
41
208
236
62
62
51
159
18
105
50
73
37
208
251
16
224
68
136
48
146
157
193
110
170
12
125
33
151
206
242
223
50
109
71
32
7
112
148
108
251
36
66
96
21
140
242
157
118
177
20
68
122
78
232
204
229
171
8
31
41
234
80
51
254
231
71
55
242
110
23
159
50
109
109
184
232
14
28
229
143
203
63
109
256
48
143
65
21
232
205
230
251
71
191
46
23
177
145
54
157
76
81
236
225
128
50
144
82
222
203
98
51
136
157
230
62
188
48
92
215
73
236
159
73
223
92
251
90
148
240
250
209
109
140
111
242
28
242
2
246
148
225
160
191
232
5
50
54
203
73
62
23
20
36
125
92
140
51
214
239
223
223
197
72
27
68
15
229
243
225
119
18
36
236
41
225
204
140
89
52
89
208
230
157
203
153
21
231
191
21
20
51
234
168
118
183
240
81
63
22
53
50
63
188
96
160
119
148
179
65
96
93
30
140
76
112
110
140
244
50
200
160
194
232
17
254
151
140
151
62
54
125
223
223
50
187
230
157
215
5
53
152
222
157
105
239
18
18
73
125
200
202
73
205
73
31
50
146
200
82
31
251
234
224
200
140
99
231
78
140
4
159
255
74
177
202
191
82
41
209
4
143
39
236
200
188
72
18
92
215
54
191
182
145
251
192
51
160
41
127
34
78
125
254
239
188
125
153
99
82
24
176
237
174
203
119
112
160
135
243
234
233
209
135
125
114
230
251
59
51
157
233
154
254
117
109
202
228
178
145
157
23
82
90
111
214
20
188
92
119
92
56
197
24
197
120
56
125
159
78
122
51
26
82
246
157
135
73
118
140
73
73
113
117
47
100
125
197
68
197
191
42
185
47
82
237
148
48
92
81
82
98
225
234
27
3
20
56
32
191
123
174
165
111
160
125
119
179
133
90
6
159
220
171
163
222
208
233
119
254
5
14
197
200
163
133
163
127
171
204
3
121
111
105
200
200
163
47
163
224
246
224
4
73
148
163
204
111
4
173
197
82
161
111
48
1
237
139
92
197
126
112
216
254
50
156
136
131
198
234
161
153
200
246
22
20
75
200
222
200
23
157
220
197
22
157
54
188
23
197
73
124
200
148
215
200
125
197
75
99
145
218
190
200
23
197
40
231
209
232
213
68
82
118
133
197
224
109
148
232
231
26
191
254
242
26
200
163
152
230
111
196
197
61
100
42
224
256
235
197
72
200
232
111
173
133
200
197
100
204
197
20
173
188
231
224
23
48
232
23
224
173
246
23
178
185
235
197
163
133
20
161
20
197
48
82
173
136
56
82
153
200
118
232
4
232
197
115
231
32
215
22
8
173
63
42
197
111
173
74
85
48
213
48
45
234
202
109
197
160
249
160
215
231
117
202
42
213
213
12
246
235
23
157
48
36
118
160
213
88
200
202
189
82
45
197
246
89
161
215
232
188
53
117
224
12
173
178
178
178
160
53
155
230
213
254
92
188
254
45
68
47
109
23
133
22
254
227
45
234
141
85
89
202
109
48
202
48
202
92
53
22
202
202
235
152
23
234
34
231
149
157
118
197
131
111
78
82
254
4
99
186
254
48
152
92
234
53
4
202
185
160
197
125
197
53
197
200
197
