67
71
166
223
17
143
172
71
67
194
176
173
80
143
211
172
194
182
231
121
209
151
243
243
231
151
182
80
87
243
165
183
80
146
97
183
243
182
17
143
151
185
123
183
176
7
191
97
203
97
185
146
146
222
205
7
31
203
222
58
237
95
113
121
84
177
222
191
121
194
206
186
205
113
169
177
162
166
243
87
130
206
28
225
95
249
203
235
150
150
40
146
59
113
151
97
65
40
84
28
59
126
13
18
191
135
253
55
231
150
59
150
150
27
84
59
209
151
250
84
150
55
151
249
171
7
40
166
130
88
169
177
29
238
150
55
55
21
65
243
243
59
171
229
191
177
95
166
29
174
203
166
184
211
174
182
204
29
75
121
40
162
63
225
179
231
123
20
151
144
135
208
114
204
31
84
246
7
123
251
75
36
230
126
40
144
166
71
249
31
143
138
61
41
135
182
203
84
95
75
185
75
95
211
231
29
231
143
212
230
128
88
239
84
7
13
135
75
58
137
21
211
80
106
113
59
208
205
102
253
40
95
113
150
80
59
95
107
231
160
66
75
84
254
181
75
18
126
150
95
174
41
84
27
143
75
97
182
91
181
84
239
80
184
211
74
47
185
206
66
236
84
87
18
211
36
160
181
215
144
211
95
177
25
91
239
75
166
129
75
240
249
222
14
46
89
144
7
89
91
20
208
239
75
154
211
59
231
14
186
204
172
209
251
41
172
146
3
74
185
97
91
18
164
135
97
25
211
169
143
209
40
66
136
206
135
136
75
160
54
84
231
80
67
211
95
209
239
138
75
84
65
169
160
240
107
135
194
61
66
205
138
193
244
144
98
235
98
18
208
17
34
211
150
33
192
185
135
4
159
84
170
185
166
150
75
75
3
150
33
205
35
60
211
206
249
253
135
185
211
225
211
211
41
40
225
84
230
6
180
51
209
7
253
20
147
239
211
84
59
118
208
138
77
225
152
229
184
59
162
150
205
146
121
40
108
42
194
31
185
182
42
161
253
164
194
18
164
222
55
165
75
253
98
162
67
231
131
171
231
208
84
231
240
109
222
110
4
90
164
150
191
87
154
17
171
141
66
110
112
52
198
184
123
230
240
209
229
97
206
231
181
191
95
75
28
236
249
127
224
225
22
160
53
206
186
97
150
110
55
203
211
84
24
211
196
231
176
253
88
27
30
42
90
36
150
240
52
256
28
181
239
74
80
115
73
191
146
63
208
236
176
21
131
182
97
42
41
147
89
110
71
102
209
171
226
169
39
175
208
240
28
88
59
67
194
89
191
84
43
19
95
222
136
95
194
18
236
253
223
75
208
157
75
121
237
221
75
61
29
240
173
178
89
1
206
146
84
240
236
112
143
95
88
141
33
16
206
128
95
209
84
144
191
102
182
121
186
59
43
203
186
255
37
103
131
65
185
229
208
60
88
37
16
203
240
136
136
222
17
170
254
135
182
239
236
35
87
170
10
236
110
229
73
66
236
84
131
119
20
32
41
58
84
73
57
182
208
4
190
87
50
95
136
31
58
217
181
253
170
38
177
27
56
236
206
165
242
71
49
55
21
73
75
253
142
94
50
130
243
144
95
84
58
113
135
230
97
136
184
166
194
135
97
89
179
245
147
186
128
28
209
104
74
52
55
25
107
196
206
95
133
140
211
29
256
182
113
141
159
124
63
21
56
179
208
140
50
206
144
134
62
206
231
256
170
84
27
95
206
159
171
249
146
35
170
211
242
203
62
99
67
154
141
37
121
88
43
71
180
221
245
75
235
75
78
141
83
38
229
213
208
75
89
128
50
200
65
18
113
107
141
253
122
186
25
142
4
171
95
166
62
4
65
208
32
73
109
119
206
21
188
134
226
195
227
143
93
59
147
203
218
124
225
136
165
164
150
70
55
141
159
240
149
8
140
237
245
211
71
146
63
184
237
61
8
130
66
24
235
131
127
143
109
58
243
216
139
46
147
245
216
182
35
206
224
91
229
203
39
229
22
63
63
156
113
171
243
140
105
146
211
240
238
37
88
106
130
22
71
171
62
210
65
17
75
88
172
97
7
31
28
186
206
72
146
13
88
24
22
37
246
242
195
121
1
98
226
172
42
109
235
17
88
62
206
206
243
206
77
171
159
92
115
186
91
27
64
95
194
88
128
68
237
249
136
88
3
19
49
243
75
154
131
102
49
63
182
97
83
66
27
1
135
165
21
122
88
164
243
188
246
206
153
18
151
73
206
3
196
98
200
185
218
122
21
60
182
165
140
212
21
146
138
184
120
67
91
161
121
159
161
75
95
141
17
103
215
47
226
66
193
108
50
184
140
251
244
98
112
253
136
221
59
109
15
130
203
133
105
224
41
205
65
65
243
42
169
68
73
209
243
114
63
251
83
253
27
147
71
27
12
213
170
211
77
246
256
206
201
47
236
52
200
82
178
72
39
224
141
146
253
190
204
22
111
80
21
184
135
169
40
9
140
3
151
100
231
209
116
190
84
206
63
182
93
174
193
186
55
27
209
195
182
206
109
226
152
57
20
58
65
174
140
178
22
19
67
169
242
236
234
206
224
167
208
225
140
55
244
182
89
205
47
217
32
59
32
141
236
92
65
113
254
60
39
27
89
224
25
141
221
154
137
181
228
227
144
151
209
64
24
35
149
193
53
204
168
58
174
166
206
1
206
76
61
59
35
62
80
251
27
239
188
113
138
19
22
141
193
79
17
25
223
239
254
84
226
179
197
95
35
92
122
13
72
228
3
191
13
193
244
234
90
171
209
160
159
217
193
193
17
216
139
171
191
89
81
101
37
175
43
241
39
83
5
92
82
151
126
218
40
226
19
8
155
123
144
1
36
95
231
54
237
28
209
88
100
92
41
83
217
126
101
212
108
132
43
188
147
80
47
224
245
156
132
187
227
191
118
63
159
220
251
178
89
102
28
158
188
193
178
108
239
17
18
224
239
208
151
181
219
184
193
217
124
211
122
141
156
237
29
211
89
65
92
13
95
222
213
104
37
225
50
113
17
239
224
40
208
118
229
185
1
212
37
224
83
169
104
188
190
7
191
82
227
250
213
96
50
225
136
46
208
121
191
239
68
193
205
17
217
15
245
21
110
249
205
213
152
188
89
36
191
4
254
26
118
234
171
222
23
4
230
64
140
219
3
156
125
188
43
59
194
236
92
113
191
46
68
103
53
2
208
15
64
216
112
229
175
66
227
239
246
89
188
125
211
65
218
43
92
217
249
75
43
110
21
14
97
191
177
13
112
168
121
68
217
113
156
185
224
177
132
141
177
97
160
104
36
5
113
239
75
237
36
30
85
227
185
227
63
35
231
193
133
107
30
168
20
149
198
8
97
83
41
144
71
212
71
218
167
171
92
193
183
168
18
91
26
40
151
168
244
188
48
231
150
125
218
148
49
109
15
37
16
2
113
92
37
20
89
53
107
7
207
85
191
78
174
209
246
185
66
15
13
239
40
250
66
152
247
36
21
20
224
44
3
198
91
101
192
121
112
185
239
37
211
102
4
7
115
112
220
231
192
185
85
192
220
97
220
21
109
85
207
97
164
160
40
193
224
161
193
181
49
229
211
209
168
66
43
22
115
218
204
144
241
227
24
98
24
77
136
122
182
118
221
43
148
168
168
74
125
188
206
251
206
168
41
132
195
37
129
214
135
85
96
160
148
191
227
188
63
70
68
224
87
125
254
85
209
97
196
160
78
227
198
53
136
196
108
212
70
106
7
43
211
74
75
64
246
125
22
183
239
136
131
148
148
133
90
150
217
10
239
27
254
118
53
143
188
219
20
182
125
191
40
85
31
111
118
124
22
71
133
68
118
193
40
224
50
254
229
227
226
196
119
78
148
6
141
173
217
4
95
146
131
243
100
254
90
167
178
198
124
132
47
152
125
246
141
153
141
239
55
37
21
5
204
45
118
47
118
191
148
125
210
101
120
148
37
2
2
254
125
224
159
193
20
144
146
157
49
198
160
217
118
122
69
246
102
4
188
254
2
191
192
191
141
241
15
168
4
167
168
68
144
65
200
124
179
148
8
11
214
1
82
161
29
124
49
59
246
158
44
173
58
133
224
191
226
213
74
161
188
238
179
152
84
40
156
244
4
25
208
156
43
68
61
198
68
125
37
20
19
161
156
191
198
122
170
30
6
227
224
168
85
120
205
107
2
119
1
232
152
133
60
43
234
125
246
227
152
4
