151
151
11
54
54
2
250
11
41
32
67
3
97
32
105
184
33
184
105
172
195
211
106
117
174
67
11
154
75
174
14
195
136
10
136
136
40
106
10
211
252
170
106
66
32
174
186
38
117
87
11
38
135
83
66
97
66
154
171
138
206
42
186
29
11
70
186
154
141
164
31
206
97
105
138
146
97
115
235
70
138
67
117
117
71
105
180
122
29
97
97
27
105
230
41
66
101
138
184
211
117
131
134
110
59
215
3
94
211
235
11
91
74
66
131
206
105
178
207
13
10
10
184
32
220
204
189
230
74
235
31
134
13
66
204
66
157
94
27
186
230
29
192
131
242
74
74
192
180
73
70
143
230
94
176
94
139
219
232
131
128
176
112
10
138
230
117
207
220
10
62
38
112
83
117
104
140
53
10
84
63
249
232
9
131
140
77
62
172
63
10
15
138
94
233
103
71
84
214
97
150
227
74
232
81
10
115
38
230
139
130
13
11
27
186
240
256
68
27
11
230
150
207
33
253
206
249
132
204
77
117
39
186
195
55
11
115
81
226
100
222
94
66
104
57
31
29
100
9
207
117
139
32
195
104
71
45
138
213
42
192
104
140
143
1
181
81
176
11
57
39
139
230
230
138
55
12
100
112
11
10
135
33
220
138
107
104
10
45
220
100
146
112
115
27
132
203
137
170
192
124
76
207
237
104
226
170
150
69
190
220
192
131
39
91
174
223
155
237
41
1
68
188
220
223
44
95
77
190
25
80
193
32
146
220
232
242
195
213
195
220
150
39
241
99
11
44
63
25
31
225
248
242
139
62
150
149
69
118
222
117
249
117
232
189
220
208
223
53
226
75
218
97
88
172
115
149
117
139
213
131
138
117
240
213
161
252
232
15
39
115
59
176
197
115
65
147
150
182
137
146
242
179
5
115
124
107
161
179
154
237
69
176
252
99
161
39
218
202
134
192
216
59
192
180
104
134
57
207
137
53
164
5
117
137
184
212
150
195
192
85
208
42
131
192
9
39
77
97
138
142
77
187
221
207
157
57
39
169
255
220
42
206
208
220
27
44
117
91
169
255
115
250
15
57
39
55
186
223
58
212
73
112
192
170
207
3
122
79
198
253
139
131
220
29
26
141
115
77
177
135
44
29
184
42
250
207
95
85
44
223
11
63
44
124
161
115
219
195
73
207
220
161
101
252
15
13
149
237
183
187
237
226
250
39
126
207
186
184
134
58
100
208
77
11
218
182
252
153
183
150
250
137
91
53
215
72
84
218
33
250
141
150
145
137
242
87
104
241
99
162
44
35
81
187
103
180
117
137
122
66
120
172
190
39
145
202
83
246
195
232
216
150
207
150
9
10
106
198
99
187
192
38
123
164
212
94
39
123
69
53
172
159
24
74
99
87
232
39
221
77
25
160
189
147
120
117
250
134
42
225
114
110
57
189
9
252
70
135
77
82
62
44
53
228
118
123
28
117
110
70
38
45
174
27
220
69
42
143
136
192
15
222
241
138
245
74
103
10
58
189
136
246
33
197
131
40
59
73
9
115
97
15
77
100
77
84
139
26
3
112
74
174
88
244
23
15
237
53
115
144
218
28
79
137
204
213
184
160
117
168
61
84
27
42
97
44
100
87
52
44
5
6
159
249
3
237
252
32
148
70
138
207
42
153
245
244
220
36
159
137
9
206
197
99
26
149
101
26
56
232
139
70
232
48
172
45
208
243
5
213
176
176
114
238
131
131
52
92
15
137
117
60
131
36
115
53
32
25
37
110
124
37
162
53
100
66
62
149
137
228
182
203
138
177
77
11
12
2
131
206
9
111
59
9
5
53
94
131
157
153
124
137
110
162
86
91
155
101
59
94
77
72
41
190
252
117
168
131
55
189
256
72
10
207
131
181
155
5
77
94
39
42
56
27
131
116
232
39
137
216
37
47
211
218
255
114
153
196
246
113
39
58
94
94
57
120
226
9
174
137
102
120
115
12
207
109
117
207
64
60
78
226
78
109
42
221
74
33
183
69
109
2
213
245
133
233
143
70
44
120
83
9
75
131
70
124
187
63
243
120
193
167
132
203
39
242
31
22
48
70
9
39
70
100
9
77
113
73
169
94
85
131
37
45
109
133
120
39
117
159
184
131
139
100
155
83
77
242
172
13
94
133
70
70
85
124
236
77
60
58
55
17
11
232
39
109
242
70
99
15
85
130
44
237
39
39
113
196
252
247
147
161
204
42
66
70
178
26
213
255
3
43
129
255
100
120
169
78
122
207
138
223
18
24
149
48
78
113
124
232
33
253
218
37
131
167
232
192
49
174
131
69
74
94
217
247
44
53
222
149
139
1
37
44
161
207
226
242
117
184
73
137
159
120
70
56
137
9
132
115
216
172
2
181
157
48
181
204
181
238
179
67
159
255
206
218
91
190
159
30
53
112
138
93
31
39
198
109
255
165
255
94
91
221
237
131
159
10
223
159
206
218
1
132
181
222
143
11
212
10
79
124
43
56
97
197
74
183
56
105
184
193
198
140
117
70
89
25
247
99
245
247
10
48
115
17
247
161
232
250
141
198
222
174
11
17
43
131
132
74
48
132
78
210
76
254
77
56
185
153
82
74
30
132
242
150
93
3
256
132
207
132
207
2
197
139
11
25
255
78
115
129
114
255
18
71
118
179
255
137
197
11
123
110
95
218
109
187
132
154
124
155
183
207
112
154
99
95
26
202
187
137
230
43
71
79
76
132
133
218
137
204
159
1
48
244
30
18
184
25
33
109
130
63
82
198
226
216
70
109
232
251
117
44
95
138
111
133
84
141
218
192
120
207
247
226
8
113
254
182
188
216
137
187
1
33
52
27
224
255
247
192
182
190
11
187
227
207
216
202
23
149
112
247
115
63
133
138
120
218
181
133
170
133
222
247
198
132
26
94
73
138
46
120
30
33
244
71
120
109
78
193
224
141
246
137
226
52
207
137
227
82
226
246
48
131
103
207
132
135
255
15
