240
19
186
153
135
177
135
231
11
135
186
11
240
138
146
128
29
32
128
138
95
212
3
212
203
79
95
128
76
40
114
230
29
40
195
146
240
140
40
35
40
79
212
42
39
190
42
14
177
128
138
231
231
135
44
29
84
13
242
242
192
112
177
84
143
242
11
67
85
204
13
131
242
123
22
140
79
11
25
110
94
153
135
31
114
33
166
215
231
51
190
71
192
11
160
184
177
209
7
129
223
256
72
160
110
107
58
191
215
63
84
138
91
33
242
7
35
242
117
89
146
177
178
256
242
242
127
14
110
140
104
117
232
32
128
7
16
150
219
14
199
177
86
195
237
95
138
249
55
222
222
51
38
104
222
184
130
101
55
202
236
223
91
131
73
230
33
174
14
55
141
177
195
45
115
86
214
194
157
157
117
174
236
50
144
230
140
50
196
160
230
71
137
175
162
71
218
186
58
174
114
189
143
51
236
230
33
84
183
174
145
205
228
256
140
220
161
202
112
87
16
176
249
140
124
155
145
79
189
33
73
63
71
255
208
176
176
159
87
183
14
110
10
64
104
143
202
131
84
177
159
202
14
53
189
176
242
103
50
74
189
174
145
91
189
84
174
127
202
79
20
153
148
186
124
76
159
32
88
9
14
35
162
61
25
97
176
192
153
148
150
10
209
195
175
14
74
217
76
112
26
144
115
10
63
10
64
159
114
128
26
205
213
124
31
43
32
196
203
141
219
161
192
217
124
176
161
196
72
34
201
237
12
209
224
230
230
27
96
88
141
89
97
232
150
153
184
74
50
142
254
256
25
237
15
168
174
98
174
207
25
27
106
60
26
174
153
89
100
213
189
44
23
42
105
174
73
141
31
120
62
249
226
171
52
146
83
218
13
159
237
62
238
252
18
15
184
62
176
4
148
60
84
32
12
121
163
100
25
148
100
224
42
75
240
203
174
74
72
168
131
165
146
64
216
192
89
64
147
49
203
205
215
250
62
192
187
141
12
110
148
19
14
215
185
153
253
66
222
131
186
177
131
214
89
24
226
71
174
176
129
109
114
67
50
28
120
72
55
54
159
244
187
210
48
140
72
32
220
140
11
72
111
216
117
36
125
26
94
132
99
72
186
67
72
37
81
216
210
205
239
150
103
111
125
132
216
188
12
72
62
132
44
23
140
74
55
82
219
91
214
140
203
146
249
99
25
44
94
69
148
210
55
174
106
174
163
181
132
99
81
50
222
34
61
72
2
242
155
49
155
12
181
99
81
187
81
196
148
155
155
181
197
251
193
30
44
100
115
197
11
12
23
9
232
56
120
153
172
79
91
224
133
117
132
70
24
74
32
31
118
34
74
219
155
17
85
235
32
59
74
235
53
108
148
155
20
131
50
66
148
66
178
239
76
155
23
56
100
39
233
127
86
117
150
123
184
42
12
82
123
155
74
69
251
108
157
18
149
35
141
99
79
82
44
20
76
235
210
141
218
149
61
235
72
79
252
180
235
115
222
99
214
155
131
237
125
155
213
50
141
178
232
85
159
215
184
121
72
48
85
215
189
148
23
29
50
63
104
155
79
76
218
221
189
161
48
23
81
106
193
99
148
19
106
215
120
48
170
240
72
207
88
123
99
47
202
29
125
70
232
29
81
189
148
106
225
149
232
88
174
49
226
82
20
75
149
53
184
127
75
232
20
96
239
125
172
155
62
237
44
149
6
76
235
76
201
149
82
23
69
248
112
130
141
114
170
221
61
174
190
201
12
148
99
140
53
108
45
189
48
232
20
235
23
197
147
223
15
77
76
83
184
197
148
99
182
162
148
46
192
163
121
226
63
202
61
159
61
148
45
148
226
239
249
215
4
67
130
23
2
124
144
61
161
53
248
184
236
45
72
74
243
70
25
21
99
20
178
150
16
96
18
73
251
145
82
207
27
81
76
61
120
148
91
225
19
174
27
155
159
237
155
58
72
219
39
39
112
11
163
139
48
8
163
47
19
20
235
24
18
25
51
62
148
207
232
139
189
154
251
232
4
155
174
154
96
85
235
122
149
105
141
242
243
252
91
249
253
83
139
73
94
182
5
137
154
219
140
62
238
70
197
94
148
251
253
47
148
198
18
13
212
125
132
178
242
114
215
112
180
17
198
24
154
212
197
113
3
88
215
202
69
23
250
154
17
20
182
174
60
167
185
229
60
249
218
46
83
151
85
107
218
232
132
105
237
40
148
252
14
40
24
141
120
88
137
61
13
121
249
122
72
102
207
209
98
185
229
193
2
96
61
147
155
48
149
237
181
37
252
37
207
212
155
149
199
207
182
48
8
86
166
67
133
181
245
154
61
227
71
23
185
120
149
215
244
252
64
172
181
53
221
46
102
36
184
207
250
219
229
12
154
174
53
184
107
247
160
246
197
122
41
182
147
21
141
186
61
72
215
141
95
125
94
149
224
5
124
15
149
217
161
145
95
200
159
207
148
149
178
197
154
61
21
102
44
163
218
70
240
72
19
61
69
223
108
197
156
174
71
61
148
122
240
57
186
185
189
148
13
181
99
48
239
72
178
53
72
87
65
171
57
151
159
220
72
75
75
72
151
220
160
203
23
197
32
72
235
23
72
197
181
163
240
74
238
3
48
197
47
230
155
137
148
197
71
48
17
72
145
76
133
155
207
210
204
189
110
197
218
155
63
159
198
193
133
197
207
133
48
159
133
159
133
45
