165
243
165
165
165
165
220
90
114
54
182
181
205
183
224
54
181
165
138
182
224
246
181
222
250
54
114
235
222
184
181
114
235
78
222
235
109
105
97
105
208
184
177
37
235
180
141
141
37
18
181
177
120
181
208
123
97
235
235
97
18
97
90
182
91
90
131
99
180
141
31
235
235
9
178
6
126
208
235
97
236
90
90
79
126
16
54
10
93
127
190
92
33
101
61
160
54
212
101
34
208
79
37
182
101
132
203
183
6
54
203
90
90
101
28
97
130
54
190
208
194
103
17
190
50
132
190
250
137
130
189
97
112
96
183
28
98
175
108
132
137
245
103
177
168
103
150
245
89
150
118
17
250
96
54
212
118
118
38
91
112
5
147
4
183
137
114
28
47
77
15
156
214
90
190
118
151
101
90
86
78
209
171
168
220
214
217
3
217
181
229
4
181
229
21
109
227
96
176
172
172
203
30
188
217
217
5
245
210
40
90
105
111
151
236
166
248
175
123
112
189
142
217
21
28
40
170
86
208
78
248
111
132
2
135
58
142
4
79
126
166
122
230
228
104
168
136
212
168
225
136
97
90
114
151
198
172
180
253
168
114
63
110
112
237
96
15
105
58
168
89
50
122
17
144
172
148
104
17
136
46
33
111
164
210
59
132
89
181
5
126
29
214
17
153
93
231
148
194
136
105
212
116
30
89
15
253
194
103
152
168
250
34
228
37
226
226
123
245
181
46
142
81
49
145
98
230
98
136
243
95
92
46
35
66
5
2
222
168
114
168
63
2
151
210
110
104
226
81
38
126
76
15
30
151
21
15
158
171
90
63
243
157
243
129
118
62
163
154
145
65
168
126
17
168
49
58
96
92
116
136
144
116
98
154
183
168
4
14
219
110
183
142
58
227
210
101
88
229
63
6
163
44
163
137
6
174
245
116
212
55
160
228
104
85
123
198
221
32
55
9
81
110
204
47
124
62
64
226
9
87
168
85
132
201
156
178
116
124
212
248
17
149
26
126
163
12
63
207
204
140
193
229
128
151
63
24
73
136
81
194
87
168
22
172
9
12
180
114
182
132
9
247
168
7
94
63
174
245
217
65
244
62
123
69
115
201
224
241
36
77
224
65
81
241
192
123
104
198
230
69
95
211
28
181
181
77
182
159
63
190
75
58
44
171
209
225
154
32
171
193
222
36
104
9
246
199
168
75
63
43
96
15
65
50
3
9
94
63
142
225
101
54
75
122
224
70
123
54
163
77
180
30
58
222
96
149
198
62
17
49
103
124
206
236
245
132
43
63
194
136
9
164
168
247
109
132
82
212
132
222
231
182
185
71
217
136
133
146
121
74
103
132
81
94
220
34
54
226
96
219
52
198
96
211
113
219
185
15
147
104
247
85
246
212
75
201
199
15
25
95
227
53
57
94
147
141
171
199
65
38
110
147
241
94
122
195
124
43
65
41
87
114
85
221
145
3
204
16
121
211
238
245
174
145
28
114
24
47
199
43
256
109
37
38
217
241
208
166
241
32
77
63
11
54
76
199
226
142
43
121
82
123
63
76
113
158
169
113
128
108
239
227
193
87
111
83
110
176
217
138
118
127
37
255
217
241
83
170
183
116
61
68
55
109
120
87
61
216
88
68
194
142
223
135
224
63
216
83
43
207
21
121
49
54
94
253
97
129
105
73
83
246
120
50
2
66
160
122
87
182
87
15
73
224
57
240
245
211
192
201
9
8
226
65
31
65
223
9
170
63
47
63
70
53
43
168
84
4
85
240
185
98
203
241
164
74
199
110
175
183
94
197
58
149
223
43
164
221
131
226
108
255
70
220
136
54
163
109
47
136
63
77
79
248
138
34
14
52
141
244
247
65
154
49
21
169
134
154
246
66
204
158
192
144
58
140
248
224
108
182
68
22
230
88
96
192
243
88
164
70
202
241
58
166
134
75
243
77
38
43
43
58
11
63
22
5
236
164
77
6
141
27
197
88
213
234
8
88
166
116
161
21
228
11
132
93
40
203
118
170
41
114
104
183
88
31
241
245
87
73
180
36
122
205
209
141
88
43
68
24
132
77
104
29
43
85
47
203
230
192
52
229
110
252
103
77
58
137
89
14
192
122
65
73
192
96
94
206
102
228
205
169
230
131
133
118
28
79
196
77
75
37
159
29
248
25
105
121
26
88
173
196
164
30
193
155
46
139
248
6
211
103
75
241
43
243
75
7
183
92
217
35
47
28
133
171
49
37
73
124
203
226
78
89
170
118
189
78
75
185
139
104
255
134
228
166
83
14
43
195
103
109
46
121
237
118
110
240
124
63
185
75
190
226
108
10
131
207
43
124
211
194
134
85
249
58
130
25
137
27
132
114
164
134
37
101
37
139
249
88
221
180
49
142
136
43
180
85
137
120
75
29
158
142
29
104
158
43
103
114
78
77
124
46
157
158
29
109
203
216
75
131
184
93
91
248
37
75
214
255
122
77
247
178
122
91
236
102
8
230
227
230
181
254
38
101
247
248
155
200
179
230
161
26
96
247
233
53
162
164
56
200
230
68
148
124
158
28
19
47
36
77
238
180
180
22
65
133
194
70
38
132
195
166
138
50
5
14
192
216
38
77
104
227
116
124
85
182
112
226
158
101
130
21
158
148
102
228
47
201
204
158
38
113
214
163
96
139
131
248
230
77
12
38
154
147
169
247
138
170
52
