174
143
143
18
243
243
243
243
174
143
66
51
253
66
166
138
66
231
138
138
59
128
138
194
205
128
138
135
185
166
135
68
191
80
205
205
135
68
166
135
188
165
191
7
165
165
236
243
59
139
202
202
25
219
25
165
194
40
236
22
166
36
191
174
190
73
52
242
52
190
30
58
165
165
25
172
144
145
138
138
153
128
165
164
128
58
162
138
255
189
127
211
102
190
55
122
247
127
138
205
180
211
55
150
47
150
165
84
73
47
55
253
22
71
205
192
84
47
84
47
127
140
144
51
122
62
183
244
32
110
130
94
176
231
135
164
252
136
22
130
139
26
47
190
181
229
135
26
39
255
237
212
135
26
150
63
231
31
130
155
166
189
93
39
58
32
205
198
121
26
252
211
189
3
51
242
116
212
255
52
183
212
243
145
219
36
108
137
135
176
209
141
128
209
208
31
130
255
14
252
212
187
13
89
89
243
208
84
77
227
249
229
93
58
171
190
227
71
130
187
58
66
135
166
176
205
10
108
58
209
60
74
58
176
168
73
119
197
66
184
132
156
141
229
20
43
