176
58
138
176
55
191
71
27
211
83
136
205
176
184
40
58
97
31
40
40
29
40
55
58
31
205
166
31
138
203
190
235
235
113
162
233
249
162
194
136
55
203
89
52
95
113
97
230
14
136
84
71
9
84
170
225
144
97
136
203
228
138
40
108
113
31
138
29
58
31
25
136
128
13
87
108
58
251
25
225
80
121
153
135
28
185
170
150
180
58
182
164
132
49
164
256
205
138
153
99
132
97
96
58
217
169
62
165
27
49
95
114
256
202
15
50
59
52
21
108
205
115
35
74
75
59
124
95
55
73
46
125
138
29
165
150
176
73
73
7
194
225
250
31
121
52
240
73
244
146
135
203
215
208
84
128
256
21
215
164
31
65
27
59
97
109
162
31
23
97
40
74
121
202
256
27
36
15
215
211
35
97
33
27
27
138
97
58
97
23
58
138
191
253
170
78
183
184
97
153
136
1
11
84
168
205
205
205
41
225
209
171
191
194
209
205
244
132
205
209
62
256
223
84
88
166
27
184
183
225
239
150
215
180
131
23
191
59
32
206
147
110
180
75
206
202
84
29
256
203
121
190
169
180
27
113
84
205
153
32
14
169
171
66
144
144
55
101
128
162
236
153
169
87
23
215
244
116
138
256
166
23
154
107
256
164
224
27
146
169
194
80
249
171
229
253
209
11
84
25
183
163
195
121
256
136
162
1
256
144
170
138
25
1
209
58
42
166
98
25
183
60
80
251
28
144
253
144
31
208
151
121
1
121
67
146
27
40
67
225
84
170
69
176
113
205
228
137
100
253
223
132
40
206
3
146
95
230
253
58
185
240
40
222
6
209
72
135
231
28
39
215
253
102
145
225
132
121
21
35
252
75
27
52
202
191
170
146
222
169
102
210
206
96
191
53
132
97
143
98
150
58
143
72
256
242
244
130
7
203
135
233
142
1
49
83
183
59
61
103
160
26
140
75
45
256
23
244
27
225
194
87
75
1
223
256
21
184
21
171
184
230
120
171
73
143
83
91
205
88
133
169
34
242
183
184
209
1
67
30
205
40
1
245
35
100
162
31
92
183
243
138
162
253
96
91
171
3
58
150
221
11
46
73
15
203
212
11
253
184
166
88
32
214
95
105
82
96
30
171
180
55
84
118
76
201
35
180
23
108
171
58
115
233
75
107
151
77
171
144
214
178
91
162
187
87
183
64
250
196
170
74
62
1
140
240
40
11
256
114
180
201
153
199
123
123
7
250
1
59
243
43
147
46
170
14
14
64
237
203
108
161
115
35
135
151
55
240
131
49
110
184
130
88
91
204
75
33
243
5
205
243
240
17
183
46
223
142
108
50
71
135
26
237
123
135
136
80
50
226
245
78
116
243
254
144
128
140
188
59
242
256
171
93
29
229
188
184
166
178
144
1
229
91
190
144
186
24
136
31
166
166
73
182
35
164
144
181
1
223
39
171
35
91
91
180
8
242
140
36
45
131
192
164
180
229
239
191
221
223
132
67
13
65
174
140
132
139
100
59
132
75
195
123
27
35
14
64
186
84
18
1
163
136
113
150
91
184
137
141
32
18
225
11
185
46
216
65
38
203
230
43
194
228
229
184
62
8
80
114
59
166
130
83
59
161
174
15
171
210
222
211
171
59
144
107
154
121
171
222
49
36
139
150
116
186
89
186
170
171
74
1
215
132
140
186
225
195
106
128
112
242
171
58
43
240
216
138
225
60
10
121
186
144
250
71
64
103
150
107
240
171
222
168
6
134
40
114
23
28
253
256
226
222
136
203
44
251
178
225
135
52
206
229
35
253
251
64
89
59
177
89
243
255
14
164
252
179
186
194
130
91
153
110
10
250
229
132
97
241
91
227
233
244
237
134
121
243
201
69
242
141
91
139
91
3
144
172
203
229
220
132
136
123
43
151
169
128
90
190
96
35
171
95
39
169
36
171
2
83
36
220
236
64
116
118
187
169
192
216
70
25
28
186
108
137
69
14
91
55
256
168
228
142
28
236
43
172
132
53
31
35
67
130
221
137
207
172
112
88
219
90
91
170
150
128
123
75
227
135
25
84
72
61
158
144
103
35
23
5
89
226
211
251
158
35
141
64
146
90
40
162
170
242
256
96
70
185
11
252
46
196
151
52
35
130
54
71
58
45
100
153
35
210
132
34
191
52
132
187
54
226
46
130
48
16
171
124
137
240
76
234
26
95
136
88
230
169
239
21
52
115
240
31
103
224
30
5
161
155
153
61
109
172
27
92
210
31
40
214
27
53
171
95
153
238
256
162
75
76
222
14
32
88
256
154
88
117
218
249
79
203
97
172
61
237
195
6
170
249
237
10
122
109
92
6
10
35
132
223
152
141
21
138
166
79
169
203
256
207
244
230
170
150
190
60
33
179
154
79
52
132
61
213
154
132
130
201
54
130
63
103
59
21
217
195
113
169
186
42
211
247
244
132
164
2
54
88
41
252
230
75
237
154
22
151
215
208
76
195
108
121
196
30
242
10
62
39
139
108
195
190
194
78
6
211
244
19
169
168
2
121
81
83
235
144
230
155
26
141
37
91
29
234
194
109
168
83
2
141
54
217
138
187
244
171
109
103
192
195
33
130
5
123
195
180
249
5
167
238
91
127
226
25
103
109
76
163
10
132
83
130
21
73
130
138
170
107
249
15
144
195
142
49
1
180
219
166
71
127
10
253
240
167
31
159
43
178
35
35
137
88
26
141
253
168
220
107
169
38
139
95
122
26
149
169
147
127
199
194
168
47
108
138
65
119
147
29
247
196
80
229
65
32
26
113
35
207
67
147
180
147
70
147
76
241
76
4
95
113
163
32
229
32
145
211
122
35
107
29
93
55
26
128
211
60
30
192
130
70
108
109
241
113
195
40
154
203
79
124
123
249
169
85
253
252
110
220
35
185
96
195
249
92
136
49
125
206
91
46
26
16
211
104
170
13
254
8
35
231
34
38
170
119
39
239
137
27
2
76
196
90
174
96
25
253
11
6
88
132
182
43
223
235
229
71
88
248
61
207
131
145
66
78
35
101
144
139
187
141
243
242
219
248
132
122
140
139
103
191
205
144
81
237
150
40
180
83
236
14
203
253
167
73
168
44
147
188
145
81
238
176
151
207
163
241
65
239
221
83
9
181
102
3
210
250
70
240
199
88
95
32
102
207
242
34
206
141
113
115
178
230
156
210
3
89
106
130
122
175
240
17
130
59
91
46
256
132
10
95
117
253
249
89
245
32
161
233
249
25
182
76
92
19
108
238
1
146
5
24
13
116
117
64
70
254
19
219
175
106
3
30
69
3
114
71
27
32
85
89
78
83
8
200
13
21
14
113
194
10
30
85
3
252
109
56
91
218
27
53
41
253
219
203
83
18
150
182
154
103
126
57
2
186
199
61
109
34
139
136
235
101
198
169
170
227
203
121
31
2
207
30
255
29
81
241
223
223
13
81
240
115
106
229
236
7
34
72
166
15
216
185
25
50
89
185
135
60
128
199
6
69
236
256
19
195
199
61
88
194
37
108
88
64
170
83
115
88
154
92
74
195
248
106
167
101
103
55
144
184
201
180
34
203
195
141
128
121
47
135
207
46
83
95
144
223
62
204
151
91
65
211
231
160
44
220
83
195
243
92
67
169
201
61
252
230
35
121
35
23
250
45
231
206
120
110
111
57
219
228
18
35
140
138
128
24
117
219
121
240
64
95
221
148
88
171
83
236
88
219
173
88
199
169
29
78
228
244
10
19
94
244
1
88
247
139
219
23
152
51
171
61
203
78
156
109
249
49
24
201
44
168
189
124
238
102
102
9
196
10
170
48
172
190
196
237
253
128
102
81
252
132
18
46
95
8
176
98
141
1
131
105
27
180
101
61
108
91
130
65
221
237
238
20
10
23
163
45
167
130
194
229
67
60
247
31
252
161
212
151
83
130
223
233
88
210
34
223
174
147
217
44
219
26
172
10
88
42
92
237
35
42
89
228
11
107
15
248
10
22
89
25
247
91
178
169
61
25
130
256
122
35
219
237
88
185
37
199
243
97
113
140
53
69
163
49
42
147
13
92
236
247
120
235
95
195
241
12
31
27
195
78
180
82
154
205
27
15
63
34
94
198
103
238
242
1
233
219
243
12
59
4
150
185
35
122
253
198
219
19
207
97
196
91
13
237
41
61
253
25
85
2
159
186
185
34
126
76
183
240
61
232
89
30
10
219
107
200
5
184
5
200
88
10
115
256
232
219
188
89
223
223
158
196
248
224
217
24
8
231
61
89
122
101
245
46
133
72
88
66
72
169
102
47
77
133
221
94
64
190
195
61
171
145
72
159
180
37
154
61
61
248
178
232
23
235
155
232
64
2
136
221
133
219
108
195
81
24
187
99
197
41
250
221
201
82
218
104
69
47
101
221
197
96
114
107
61
25
187
186
133
12
61
219
102
52
232
217
64
178
44
65
33
191
207
130
104
190
221
61
146
49
23
198
23
24
102
107
58
235
135
120
200
252
65
211
5
197
195
37
106
24
137
159
191
118
5
155
203
62
250
107
171
213
47
29
124
109
109
57
248
4
161
197
154
132
58
163
148
124
33
198
180
161
166
213
58
61
90
78
132
82
152
78
120
244
232
197
244
88
72
203
253
255
57
48
49
104
167
142
226
59
121
133
45
237
90
141
186
103
161
185
179
191
78
1
244
232
