79
181
79
52
164
102
55
253
59
160
253
55
21
132
61
110
21
36
113
59
217
32
183
102
194
132
239
36
90
160
113
21
27
105
183
128
217
174
239
160
235
146
128
61
235
110
132
128
183
105
46
27
151
55
83
113
217
71
256
42
245
253
70
184
239
106
56
55
176
83
238
87
91
185
164
160
63
184
83
246
182
183
66
242
202
221
109
107
2
109
46
109
157
127
55
168
132
41
215
132
84
107
152
39
83
107
147
221
228
168
234
8
42
46
200
138
136
39
70
95
184
138
95
66
87
138
46
114
168
138
230
112
234
152
185
56
217
15
203
234
39
131
113
127
204
202
18
234
254
95
46
91
199
234
171
39
95
106
46
56
188
71
164
10
10
164
42
219
56
136
75
22
22
22
179
185
204
102
190
94
206
91
107
127
138
2
15
136
102
140
127
61
22
2
56
60
132
234
2
234
10
244
194
140
2
221
65
185
197
3
215
14
138
191
203
56
241
53
206
95
22
10
113
254
114
66
144
191
39
88
200
191
132
204
93
246
136
153
18
58
244
94
37
219
87
132
128
234
195
114
56
225
197
25
171
253
28
195
144
140
65
217
18
2
185
50
2
203
135
253
149
204
37
206
152
148
94
56
206
225
206
157
225
195
109
215
217
9
136
234
148
23
157
200
87
148
74
23
78
94
153
153
155
22
1
203
252
53
199
207
155
3
171
41
241
219
69
40
213
112
250
33
181
127
243
241
27
55
92
209
171
212
213
153
31
68
76
69
63
109
188
94
26
253
136
23
50
202
45
172
140
52
109
15
203
161
12
12
199
205
105
171
188
217
158
53
23
12
45
138
176
43
243
81
149
94
12
217
160
217
207
40
2
153
211
63
56
159
38
94
206
226
235
153
41
46
87
109
68
75
224
168
87
133
45
226
61
116
23
133
71
81
231
172
56
226
61
241
43
131
13
63
46
129
133
135
105
68
123
220
112
241
182
50
217
193
63
182
18
197
161
49
146
22
48
37
188
116
136
133
182
157
120
178
182
4
235
37
95
185
50
116
68
115
133
13
218
68
182
236
53
23
231
247
113
27
53
49
95
224
241
59
92
90
46
182
207
22
231
109
122
27
216
216
4
200
184
157
65
4
4
253
124
68
195
128
82
1
195
133
256
133
133
246
138
191
43
