242
242
204
242
242
147
90
208
90
9
9
50
147
116
135
116
28
67
67
176
132
90
50
9
50
143
51
55
67
144
50
9
172
50
9
55
67
132
87
208
192
208
9
116
194
136
51
192
219
9
35
9
123
65
67
67
123
129
88
88
88
88
185
41
50
9
164
181
129
150
229
160
51
126
9
33
88
67
128
41
197
88
185
95
212
60
210
123
174
95
210
221
90
31
95
126
14
203
95
95
88
118
66
17
129
88
150
151
212
255
185
38
181
245
28
1
136
1
9
90
17
95
150
55
185
130
126
67
95
67
118
55
1
55
114
63
217
43
195
160
216
50
95
52
129
101
176
207
136
150
164
236
216
250
9
118
245
114
31
43
150
9
91
176
123
9
188
181
228
120
135
128
193
70
165
132
38
177
227
91
208
49
8
185
44
165
9
150
43
25
187
32
136
97
2
71
123
195
30
95
49
227
212
176
95
63
9
60
95
227
187
228
9
63
203
9
130
27
88
136
100
67
104
139
55
211
205
219
209
44
226
63
212
208
187
97
118
28
217
33
123
187
187
25
118
28
215
187
41
181
245
170
94
32
218
17
135
11
246
175
192
217
33
128
209
54
246
175
120
94
245
207
114
192
118
49
211
79
60
101
9
209
94
175
219
109
207
205
181
67
1
235
218
222
122
28
67
83
126
132
132
187
60
226
151
118
3
130
99
60
132
79
245
17
171
1
181
99
208
132
99
57
181
245
148
25
132
207
74
246
157
50
92
66
187
139
196
1
206
231
207
60
94
136
207
136
68
193
189
127
159
98
132
118
120
95
132
132
185
6
223
99
187
226
130
219
71
114
181
237
205
115
37
92
193
182
131
218
14
76
74
244
96
43
229
109
9
132
63
227
51
211
100
245
94
67
79
165
198
228
206
187
33
217
252
253
86
51
246
64
57
219
6
227
181
189
10
145
247
67
141
245
189
37
77
187
207
92
172
109
147
109
13
37
226
49
128
249
111
10
239
118
14
206
181
132
223
63
114
132
109
1
207
170
146
218
95
46
50
231
198
120
227
26
245
228
31
92
63
207
10
222
208
192
78
120
93
171
102
15
231
132
15
185
92
60
15
124
141
183
92
64
14
37
235
118
220
89
212
93
79
149
46
100
136
237
203
185
37
15
120
169
131
83
86
228
1
14
69
83
15
170
198
1
63
115
168
14
201
10
82
114
10
53
183
171
70
186
252
178
231
158
70
229
168
163
187
92
235
83
32
63
74
201
53
37
206
212
153
117
132
14
86
150
194
206
79
131
31
227
187
37
121
155
171
63
187
21
65
31
156
184
225
2
37
51
70
134
192
8
163
115
187
54
161
239
175
93
122
217
121
201
195
43
241
1
184
15
187
151
114
198
109
132
206
89
131
161
141
227
43
88
10
78
35
63
10
64
171
14
32
92
124
168
3
236
222
62
14
154
28
78
46
108
245
232
165
201
93
53
220
183
46
64
54
168
121
5
1
172
187
147
69
170
38
90
186
79
219
26
64
124
78
96
34
14
159
30
42
35
111
228
120
128
24
46
83
171
131
31
109
91
103
53
42
168
63
247
220
35
112
256
46
201
223
227
256
195
198
198
10
255
144
193
82
151
181
102
128
131
60
149
240
95
163
22
223
34
148
77
161
172
5
15
250
207
109
4
215
43
91
124
8
63
120
79
238
226
79
82
203
153
34
220
201
1
59
14
32
131
223
176
34
54
92
190
170
41
65
120
120
207
201
141
77
53
175
37
203
4
124
175
96
196
87
64
96
156
30
141
108
77
134
65
89
4
250
19
137
40
60
238
111
192
65
49
170
85
59
78
63
207
96
37
85
111
236
95
8
11
78
67
5
219
35
115
15
172
169
247
91
223
196
253
34
60
60
227
186
217
74
132
229
2
223
229
192
102
149
3
60
1
50
102
93
103
42
250
88
111
190
60
135
245
174
256
169
87
96
200
236
35
187
4
223
13
14
57
226
256
31
64
102
220
60
88
175
144
201
121
63
145
86
195
25
209
131
171
42
151
57
41
163
256
88
203
14
201
43
79
169
176
11
184
30
91
13
65
2
224
10
132
192
11
49
11
210
166
32
82
201
94
190
34
113
43
115
212
2
176
34
209
248
195
79
35
196
105
149
158
64
10
190
10
135
160
4
220
236
79
192
96
211
195
212
193
169
193
6
184
31
10
147
65
250
10
211
13
223
228
11
109
96
250
128
219
34
111
252
187
114
111
94
132
43
88
102
169
236
238
236
111
256
5
235
11
78
137
176
178
229
201
109
176
26
151
108
13
33
60
201
8
35
14
249
14
106
244
197
228
42
226
187
28
79
175
182
130
245
195
121
201
232
41
238
54
7
90
195
79
43
169
54
10
170
197
180
249
43
248
11
82
206
180
228
10
144
187
134
240
212
201
242
235
14
178
10
96
228
135
196
133
43
52
236
49
115
195
147
245
228
35
156
35
88
13
222
16
149
154
203
168
79
10
102
102
33
147
195
111
117
238
138
223
207
25
28
14
99
35
31
218
13
256
105
25
158
34
96
222
256
83
79
189
249
8
201
192
34
35
19
193
201
35
27
201
1
175
102
168
108
108
201
