51
51
51
51
51
127
51
123
54
123
54
54
177
54
54
177
123
177
127
54
177
177
123
177
177
127
80
176
146
230
84
80
150
80
80
80
80
230
7
166
197
92
92
85
99
92
197
92
99
249
249
92
85
174
197
231
33
52
80
166
33
94
29
85
85
256
99
84
121
84
184
85
99
203
24
82
29
99
84
52
197
95
85
24
99
135
80
87
231
253
138
29
206
206
85
228
206
99
162
201
194
59
184
99
169
27
99
15
253
87
64
7
124
7
206
144
28
4
228
40
82
184
124
24
197
168
27
166
128
131
205
228
13
29
173
71
21
206
197
97
164
194
128
138
190
7
254
89
197
75
151
5
107
205
190
7
28
97
138
13
80
146
99
165
209
170
168
61
129
128
249
33
21
205
34
84
52
165
230
99
228
166
128
35
209
146
154
168
194
220
138
112
165
228
211
168
205
80
162
53
227
138
226
162
190
160
84
256
176
245
129
254
204
136
59
5
21
98
139
31
73
72
236
146
104
136
131
168
7
4
164
138
4
84
228
211
165
138
237
66
194
216
240
124
209
208
7
24
66
146
193
7
87
237
117
75
231
131
197
151
7
66
95
245
226
247
117
98
144
125
202
66
24
141
58
82
152
9
7
210
220
210
237
144
166
7
117
166
172
255
9
241
166
7
208
80
102
210
117
210
151
210
255
150
58
193
40
238
87
22
80
114
35
99
173
102
173
164
89
99
48
108
22
208
146
231
58
102
100
98
67
203
150
97
203
182
22
210
154
41
112
4
112
144
208
229
173
152
211
173
152
97
208
104
152
208
128
74
7
194
107
97
226
138
197
28
139
80
140
139
191
236
140
194
100
206
205
67
103
139
200
203
10
130
211
173
191
11
247
230
191
144
75
75
121
31
231
241
20
21
191
191
119
52
120
202
80
234
58
36
36
152
244
224
201
185
185
