165
40
165
89
253
50
62
151
128
230
112
184
62
252
131
130
97
130
215
113
184
253
75
95
75
176
62
26
75
208
194
184
73
29
148
184
31
65
75
204
151
45
75
177
195
184
253
62
149
35
184
26
95
209
106
87
52
88
184
89
170
75
184
29
203
153
106
149
235
56
189
235
184
63
96
27
114
149
80
26
242
52
87
177
113
181
249
52
66
43
235
94
19
112
149
15
84
235
64
66
228
184
50
19
3
203
209
66
180
144
27
250
80
172
211
130
230
215
153
243
184
244
149
132
21
253
184
149
149
144
68
85
130
141
51
17
253
228
198
243
75
41
114
151
106
16
243
84
66
235
14
7
242
80
141
164
189
222
74
115
150
174
64
21
230
181
228
28
203
69
88
27
19
66
151
66
219
69
142
62
19
136
170
21
51
184
116
7
32
174
178
50
76
45
240
78
130
142
65
249
172
211
178
168
22
195
232
52
144
220
242
87
11
219
242
181
244
64
118
256
80
235
196
115
76
162
52
2
84
74
181
17
87
155
36
217
231
235
109
42
224
150
243
66
66
75
194
27
212
170
62
28
77
11
215
19
22
74
237
230
61
46
45
211
18
80
41
97
127
183
61
136
157
183
17
59
96
55
40
249
150
27
160
174
121
189
181
164
174
144
74
2
59
63
251
36
18
228
121
182
135
90
237
215
215
128
45
160
182
14
136
74
75
75
67
56
142
27
55
39
104
189
113
37
229
123
21
128
21
215
141
104
165
37
59
209
121
84
58
83
122
85
243
186
138
194
11
195
129
174
75
84
198
91
88
138
211
133
178
69
209
21
45
221
123
230
136
85
211
100
209
87
3
165
11
15
237
129
72
144
146
194
128
131
182
28
237
244
45
238
174
235
56
150
150
133
130
77
243
208
93
139
169
75
98
94
73
122
85
36
211
211
54
252
174
165
28
184
73
237
237
61
235
98
170
165
166
229
20
50
207
221
172
31
84
222
211
43
182
111
170
183
112
216
170
194
43
211
245
211
189
128
237
184
215
28
219
137
243
237
237
207
105
82
104
136
211
50
184
10
89
3
122
219
99
75
211
15
86
245
211
2
175
244
80
147
13
121
213
67
28
147
237
69
146
115
106
186
104
256
225
195
10
158
203
244
181
174
189
63
194
31
105
50
60
56
221
225
2
211
203
138
237
256
82
126
86
106
128
33
94
195
94
256
128
198
187
66
207
62
153
116
214
67
104
13
220
82
61
76
81
111
83
85
39
86
43
97
82
28
136
66
91
116
138
10
162
204
103
65
204
45
64
86
227
174
72
59
65
171
253
98
176
64
214
110
206
94
15
244
153
106
7
17
244
237
160
50
133
25
116
218
83
207
11
86
237
115
88
6
165
74
5
158
64
2
133
140
203
85
44
123
3
245
36
86
63
141
54
82
182
14
133
133
134
215
213
120
153
185
238
153
57
63
94
39
61
19
53
6
153
46
64
106
183
104
15
22
26
170
154
251
147
237
91
159
97
162
65
189
235
61
191
134
200
120
240
213
72
10
190
158
170
72
161
186
198
49
26
55
31
35
159
39
2
179
176
229
87
228
33
11
86
202
39
58
204
50
86
188
227
154
174
35
57
240
91
254
226
79
174
63
59
87
222
91
26
140
158
26
87
164
139
22
186
219
122
188
87
236
103
133
26
91
164
194
244
221
89
72
14
26
11
52
176
192
213
232
86
79
26
62
221
189
193
215
199
240
237
221
206
62
154
49
91
39
11
135
184
176
2
224
116
123
201
236
184
191
48
62
55
172
44
170
230
128
210
114
13
238
190
49
219
126
227
122
77
238
52
201
48
10
87
241
15
229
66
199
61
64
190
121
121
252
179
176
55
249
6
136
61
91
55
25
11
161
91
134
215
192
139
235
169
167
64
153
150
72
186
124
207
127
219
80
139
64
153
193
144
34
193
181
104
91
69
193
133
184
115
228
197
164
42
91
84
72
250
28
122
42
10
219
9
91
170
31
221
42
31
25
95
61
72
74
91
63
117
161
238
2
240
26
240
168
115
102
187
240
193
199
96
52
90
117
203
90
98
128
105
178
105
98
203
65
149
10
185
30
190
210
121
104
179
134
110
164
22
221
63
153
26
2
91
182
86
10
174
91
115
35
153
215
227
26
105
223
35
137
218
159
219
168
140
39
35
42
7
14
102
31
215
244
134
7
45
155
218
31
250
13
193
158
63
26
73
103
61
175
199
53
200
56
94
214
158
256
102
91
76
26
15
215
23
69
108
6
210
133
69
227
62
220
50
45
196
72
21
169
215
133
72
104
32
57
56
10
227
256
171
88
203
256
170
170
238
252
145
157
7
237
222
220
23
149
96
164
123
28
39
65
83
23
186
5
159
26
81
215
145
44
187
115
10
96
10
106
55
142
164
223
72
48
94
189
198
170
69
61
25
74
122
159
11
23
38
219
116
64
45
79
238
247
247
184
212
170
174
64
67
171
219
189
256
2
49
45
49
39
192
174
86
238
65
82
174
193
11
42
238
103
86
232
19
227
187
247
164
174
215
169
94
38
53
39
215
153
39
76
69
91
26
193
179
215
60
238
67
23
253
206
57
102
99
134
26
131
63
147
91
232
237
240
3
238
86
25
128
52
88
57
74
168
128
99
94
179
212
134
76
79
45
26
237
221
45
83
35
123
256
66
158
221
35
69
98
72
215
214
207
237
9
115
69
221
133
102
70
252
139
34
99
247
35
216
69
153
174
64
237
139
5
134
201
103
201
69
74
76
10
115
215
133
211
190
236
61
117
189
34
149
19
207
243
106
109
102
129
210
252
174
3
249
91
216
67
52
247
64
121
135
91
192
91
149
144
34
63
73
170
154
40
91
69
64
164
10
85
25
237
202
56
113
69
164
145
92
55
253
92
149
192
83
221
53
144
125
218
207
6
158
23
5
197
22
186
252
3
144
88
93
221
133
199
32
39
56
7
202
91
238
76
64
247
116
133
256
79
125
138
247
38
113
215
153
149
201
170
52
217
10
199
199
247
31
211
102
199
113
253
123
130
233
172
203
247
248
67
256
61
236
53
83
120
19
236
26
32
83
176
25
120
12
201
74
218
91
232
69
34
91
102
158
221
159
83
211
179
94
216
134
155
26
215
9
11
159
252
213
103
30
197
193
243
252
99
35
42
94
161
120
127
219
255
174
248
84
83
79
115
37
82
91
201
9
49
23
94
216
250
228
133
102
25
214
115
249
198
193
199
26
61
37
246
11
134
216
72
149
134
237
232
193
214
44
26
94
174
230
238
238
99
186
26
202
247
84
95
99
52
255
26
214
94
221
26
240
169
251
75
221
178
189
91
124
76
91
169
94
182
133
88
232
12
221
199
153
23
146
82
252
169
45
93
255
9
31
218
82
133
34
11
4
63
218
69
72
99
72
61
48
199
23
102
115
155
218
238
196
61
72
48
198
178
179
227
252
187
214
174
72
199
197
83
219
207
53
221
214
204
247
111
148
10
197
82
216
23
88
186
155
186
252
102
26
199
104
185
104
256
57
192
42
201
42
9
252
218
186
221
91
196
197
155
65
91
72
72
82
10
190
72
115
83
242
237
186
122
197
52
91
45
82
221
197
199
140
61
210
199
186
221
255
199
130
34
242
10
61
94
111
76
26
256
221
256
237
76
69
26
186
256
10
