116
29
252
200
150
91
115
91
115
91
55
171
181
183
71
222
79
86
236
102
222
54
71
8
79
67
76
86
150
5
40
113
102
34
211
238
97
241
127
237
219
183
130
219
79
127
201
57
79
13
151
44
116
79
11
79
237
46
97
102
96
48
237
79
48
250
86
220
163
233
101
233
94
179
219
3
105
172
3
175
241
172
230
16
79
220
70
70
51
62
94
140
137
46
54
12
241
70
3
38
137
137
97
142
79
241
7
101
105
238
58
130
190
92
120
101
178
54
127
38
105
136
235
91
111
123
189
46
65
175
75
70
172
102
34
233
102
124
54
183
102
95
90
204
184
108
75
250
14
190
142
252
112
37
101
70
190
252
101
57
70
3
3
91
204
206
134
188
248
241
46
112
6
62
116
100
14
204
77
75
3
145
41
250
183
70
138
167
37
104
233
108
138
192
172
192
204
75
77
136
3
122
192
112
111
3
105
192
95
51
196
192
134
109
96
142
111
210
251
157
171
50
175
92
218
123
46
59
157
79
149
101
91
142
159
50
134
14
82
93
204
237
116
188
136
174
83
109
144
76
192
144
228
13
189
104
94
64
109
70
199
245
138
64
50
116
187
50
12
148
50
250
172
103
70
235
104
28
172
64
12
250
112
187
9
250
111
127
187
115
248
79
60
116
28
136
255
14
116
46
41
184
95
170
12
241
14
64
183
89
102
77
212
110
26
154
2
106
57
48
220
115
62
56
3
41
218
250
163
79
116
70
206
174
137
190
48
163
94
38
137
73
157
96
13
94
174
62
230
94
245
57
10
192
76
124
38
249
9
64
26
183
189
109
214
170
149
249
249
134
94
204
157
114
241
188
248
2
204
208
102
35
116
79
63
241
104
103
129
60
114
161
102
193
106
12
237
70
12
253
137
211
96
220
9
102
47
220
117
212
245
57
252
60
122
172
70
132
94
252
229
2
70
247
57
114
104
147
249
63
30
97
249
101
183
70
12
182
102
56
148
67
118
163
229
199
218
38
115
140
137
117
130
41
138
116
148
62
14
57
117
101
208
106
214
116
13
132
64
117
250
95
159
148
117
230
204
110
116
174
114
2
128
94
148
38
207
148
70
207
249
239
192
44
116
246
163
171
174
2
30
137
139
171
53
102
3
116
79
67
192
101
115
70
79
116
116
218
226
245
116
94
120
137
163
137
249
237
148
172
182
247
229
207
13
70
116
228
10
57
163
104
37
179
163
154
2
137
132
195
70
189
204
11
44
214
226
174
11
137
160
250
251
214
39
115
135
174
76
196
70
92
163
214
132
59
120
204
148
102
195
30
140
101
193
124
163
218
206
192
68
62
101
142
12
3
192
60
55
63
28
237
124
211
142
101
68
207
222
163
60
124
163
133
241
245
101
160
221
134
28
235
55
39
229
163
70
137
174
57
171
195
163
222
116
161
124
101
165
176
199
116
249
101
193
210
199
117
148
117
133
123
220
253
61
179
218
137
59
39
41
115
148
192
81
174
124
94
89
137
148
235
163
81
148
163
30
193
24
137
75
196
148
220
147
168
59
216
158
44
218
137
11
195
137
124
12
124
101
60
3
70
192
189
196
137
31
120
189
101
158
70
81
160
124
198
218
37
116
233
19
116
48
33
38
218
163
137
63
188
155
137
14
101
143
247
70
203
207
121
117
190
163
137
155
220
66
159
163
158
121
32
206
41
24
108
148
216
171
205
39
218
207
120
183
19
70
218
155
63
163
61
38
21
137
77
43
137
63
137
163
2
167
44
137
108
43
70
195
192
163
207
137
211
108
207
126
70
89
200
124
