33
111
33
27
49
33
121
161
112
115
138
111
111
111
108
171
89
230
89
135
135
206
96
90
171
216
161
108
28
28
111
210
206
173
29
48
230
15
214
19
52
131
135
184
220
28
248
156
90
211
96
125
79
125
115
28
16
123
156
49
180
125
125
123
138
192
171
162
182
138
138
123
123
176
125
200
54
220
123
90
181
198
106
115
134
28
69
54
37
217
54
177
245
139
111
5
54
76
51
47
151
217
248
198
125
84
182
125
217
209
51
224
51
191
156
36
245
111
52
38
19
189
102
76
79
51
166
217
240
75
2
111
118
51
59
211
175
246
187
89
182
217
117
37
94
92
171
41
198
90
246
246
242
206
217
136
38
65
87
226
65
64
213
106
77
226
37
118
171
244
182
38
177
35
171
95
151
125
187
217
245
136
173
168
196
172
41
69
38
224
173
224
117
200
182
51
226
118
132
4
5
200
136
118
85
111
114
97
250
243
254
28
93
200
224
118
114
188
37
136
64
180
95
151
95
226
177
77
81
42
39
168
185
42
200
62
249
116
90
97
118
34
235
188
200
98
178
2
226
200
10
188
201
90
178
185
88
20
117
117
14
20
105
64
185
20
20
118
224
89
42
36
245
86
156
200
37
188
224
246
68
245
227
157
131
121
217
111
227
120
118
43
92
118
118
217
118
42
227
205
196
132
227
78
95
28
227
95
207
238
100
2
126
43
109
195
42
129
200
171
78
188
152
200
3
195
232
129
188
120
118
108
217
254
83
181
105
229
129
171
224
224
108
121
43
195
200
113
145
90
149
206
31
13
119
150
150
13
162
43
180
123
254
246
42
255
175
62
97
222
231
204
144
92
254
81
200
21
200
14
16
252
113
252
171
18
10
171
26
81
188
192
53
180
151
200
224
62
208
188
115
149
137
36
210
103
37
113
181
229
242
249
192
137
211
62
43
171
33
180
124
214
9
180
53
188
144
52
227
256
105
10
252
128
224
62
84
26
123
39
211
201
2
70
43
245
4
68
214
245
132
201
22
44
64
46
39
67
231
70
60
226
204
191
103
16
254
196
189
68
10
229
105
227
90
42
33
77
77
224
51
8
211
120
105
227
188
228
117
123
217
26
77
226
105
105
170
14
192
213
2
56
188
117
56
179
200
188
77
70
33
173
2
246
70
77
