162
162
62
62
162
84
84
164
52
84
165
52
128
55
157
209
162
55
143
73
84
143
252
168
181
143
164
84
13
84
128
143
146
50
13
166
55
243
33
31
128
138
52
106
62
62
75
220
133
220
164
84
220
62
50
243
249
86
75
249
128
214
157
112
157
162
128
164
146
208
13
230
7
86
242
249
249
84
84
175
174
175
224
62
31
240
52
29
204
150
230
29
136
88
204
256
249
175
242
146
84
203
223
151
138
249
150
50
23
75
73
112
98
196
150
240
189
12
184
248
29
256
170
243
243
136
150
72
23
194
250
151
209
106
215
248
243
31
121
140
33
248
172
157
138
166
84
225
227
242
236
98
164
84
209
172
29
172
7
144
74
205
22
249
242
253
39
177
190
243
178
146
122
202
249
205
84
88
215
42
104
211
242
23
31
65
199
9
162
241
165
136
29
180
148
196
140
194
25
242
162
113
249
65
160
162
150
249
250
206
140
190
140
95
73
84
104
62
29
150
116
103
75
225
174
146
89
154
42
228
215
243
228
65
144
10
235
162
71
146
89
13
150
143
32
42
56
162
250
182
203
31
162
54
71
29
235
143
155
228
74
25
80
235
13
215
239
112
157
41
62
146
211
154
176
88
138
108
162
55
46
176
211
190
177
64
227
112
51
236
180
203
85
11
250
110
89
62
166
46
160
228
253
155
235
190
187
59
128
121
203
38
112
243
161
104
232
108
51
84
196
66
228
88
84
128
155
144
74
176
158
211
162
72
240
249
170
256
174
252
128
35
236
249
108
95
29
176
29
72
233
228
19
13
51
67
122
88
233
221
43
121
157
139
153
115
139
243
89
88
216
38
122
66
252
197
66
74
88
72
218
51
203
122
166
162
104
7
145
241
115
162
139
179
136
100
114
140
13
143
145
243
186
174
197
100
72
21
133
13
42
150
115
215
247
225
108
194
13
156
82
162
80
150
51
23
98
158
97
66
191
191
243
99
97
115
115
13
150
138
72
151
255
91
157
158
213
138
241
215
62
36
194
203
139
56
62
237
174
122
72
122
222
42
62
252
225
103
138
114
85
29
154
80
177
140
50
161
31
110
115
194
10
122
233
62
163
74
139
198
95
237
99
23
122
13
139
139
181
216
21
71
13
139
88
31
21
157
23
95
166
39
82
77
237
237
139
82
252
229
43
149
42
154
202
65
23
139
190
96
56
117
197
56
7
211
56
150
213
163
56
77
145
122
43
204
102
57
72
72
221
72
112
116
85
139
256
72
215
116
120
138
104
178
139
58
45
153
99
14
205
23
254
72
243
84
204
65
72
197
139
143
104
121
204
23
139
72
56
21
104
80
62
42
87
174
143
82
243
209
163
116
21
28
190
139
163
249
255
91
153
91
115
181
82
23
203
62
74
7
241
82
252
195
208
125
176
117
221
143
58
44
110
156
99
59
189
191
148
158
35
252
106
122
56
19
23
132
82
237
23
57
197
66
169
237
255
70
237
74
178
21
56
211
145
148
82
145
56
133
25
153
23
17
255
85
215
23
85
216
133
82
215
161
12
198
198
202
177
214
72
106
33
203
149
157
82
153
154
72
82
243
72
58
176
169
83
82
208
38
215
218
215
176
58
72
39
108
209
139
82
82
215
252
206
123
56
33
122
176
12
147
82
63
211
55
23
209
23
60
256
208
56
231
255
135
82
163
159
7
82
208
208
56
243
204
117
43
5
5
138
161
6
139
256
217
203
204
145
64
141
238
92
49
104
172
119
106
23
85
176
63
72
116
116
24
33
161
56
157
113
23
215
194
182
159
82
72
82
163
157
122
80
204
146
230
153
254
124
152
23
164
213
215
215
143
202
215
143
159
107
68
72
43
146
252
112
193
221
23
161
203
164
159
169
35
143
232
232
195
211
197
80
10
77
255
31
193
189
68
82
238
23
82
197
92
82
15
63
230
82
215
179
211
145
47
74
127
145
127
34
39
65
192
60
24
194
34
158
76
197
72
112
226
127
82
170
198
35
23
72
88
189
24
242
145
184
186
60
60
36
203
106
252
193
204
161
89
92
252
85
216
193
18
252
239
85
10
204
139
164
115
251
161
242
82
178
86
72
126
104
146
53
157
251
72
88
23
115
22
159
197
216
139
197
174
218
64
181
16
170
149
159
82
16
64
242
41
227
139
82
149
120
235
133
88
57
244
65
10
154
255
53
197
199
127
200
154
243
155
139
204
197
159
82
242
228
255
115
244
127
127
82
11
72
127
229
239
56
34
226
90
232
104
218
94
48
138
35
255
155
72
204
207
213
120
43
2
23
218
154
194
197
126
163
23
207
207
157
104
74
82
163
149
207
207
175
120
53
10
78
116
241
161
107
243
229
94
19
207
90
218
227
218
86
48
163
108
19
30
59
133
72
196
18
130
197
252
33
240
66
67
196
96
203
111
207
201
133
255
86
196
26
13
243
10
111
256
255
217
157
240
12
226
92
221
193
8
96
96
148
51
169
247
219
111
86
29
247
230
35
20
27
186
76
5
158
207
