80
176
135
80
7
10
95
59
95
181
5
135
74
25
224
95
150
55
150
106
222
97
74
150
184
249
166
184
164
222
106
109
166
83
106
187
164
130
80
224
186
80
14
109
235
156
184
150
29
31
203
150
38
132
164
14
164
212
114
249
3
192
256
12
203
238
150
129
52
235
93
149
37
210
177
114
203
3
256
150
3
3
253
170
3
203
162
177
220
109
237
235
235
235
144
118
164
3
29
27
169
194
87
54
203
162
79
208
109
31
77
206
208
178
186
180
25
38
91
170
64
13
17
14
177
105
57
162
162
164
176
147
114
248
55
3
115
77
38
181
205
164
28
90
88
231
149
233
42
52
248
228
98
245
61
75
164
81
245
203
15
14
87
162
199
92
106
54
186
93
253
16
205
54
236
28
144
83
62
27
203
235
150
204
79
84
250
121
28
59
144
134
137
41
12
91
164
213
164
75
128
166
250
79
153
55
194
179
25
252
220
25
31
75
239
223
208
145
166
208
150
86
184
252
13
80
3
3
55
252
107
146
61
56
128
192
206
223
89
146
184
102
144
134
174
178
55
240
205
167
105
87
205
219
168
132
103
9
164
146
228
206
110
57
34
228
164
126
96
149
26
160
223
91
253
184
120
206
54
164
59
39
17
245
192
184
127
123
122
253
146
91
248
225
103
210
167
114
34
55
164
208
179
54
235
164
144
89
248
144
184
239
11
123
183
167
129
88
76
100
249
52
11
55
211
95
51
8
121
169
203
123
121
123
210
90
16
245
239
73
37
10
91
179
186
111
238
77
219
44
110
14
84
14
58
140
69
129
61
219
132
55
89
172
231
25
148
25
188
129
147
3
242
158
205
123
175
118
212
129
196
63
10
252
73
169
118
139
93
134
147
80
187
174
166
252
225
94
238
145
233
103
96
134
211
54
219
239
11
42
190
162
100
239
106
105
147
153
211
108
96
236
34
89
69
33
105
132
111
249
93
132
89
137
150
219
194
170
29
44
79
8
88
147
35
34
63
221
190
88
98
247
222
134
102
248
223
172
47
168
34
26
83
88
108
190
31
150
71
103
143
96
199
79
162
52
179
79
62
69
79
83
24
73
31
128
115
114
132
16
147
199
252
26
217
93
34
236
92
110
123
63
121
174
217
219
88
168
55
134
63
65
147
84
105
164
222
220
97
28
243
8
174
251
91
225
94
103
94
146
175
167
90
80
164
205
16
147
126
73
105
35
128
108
196
96
91
27
139
251
221
57
182
238
3
154
256
51
212
192
229
168
184
40
13
79
236
9
114
114
5
28
238
96
154
211
91
103
149
66
150
110
28
66
92
74
111
248
183
170
24
77
256
238
110
149
106
256
211
134
168
153
28
149
175
244
54
100
14
131
105
28
214
83
16
242
252
57
71
160
150
83
128
105
66
91
26
220
64
96
242
105
108
164
223
203
127
181
38
139
199
168
67
202
205
129
172
131
93
197
114
252
96
87
62
26
184
93
74
118
238
111
242
178
250
96
208
90
183
166
162
175
33
3
104
186
215
222
12
94
168
66
72
134
34
79
220
225
222
221
217
121
199
114
14
219
205
212
181
96
90
33
137
251
11
103
238
176
93
143
179
162
79
238
199
6
240
172
61
140
237
250
179
9
98
166
187
22
169
192
249
148
67
89
179
235
240
192
2
63
47
52
134
190
252
196
182
186
91
238
247
252
65
18
166
181
96
13
92
221
58
108
252
193
57
167
183
101
33
38
162
199
14
122
27
211
3
79
192
252
81
126
8
206
26
11
83
54
114
51
94
136
227
108
76
135
200
199
75
169
105
225
192
237
196
5
242
251
28
28
210
79
58
3
251
166
10
102
14
79
135
9
114
123
86
109
211
248
69
67
172
32
250
228
5
228
11
222
136
147
17
235
210
67
175
66
203
121
159
114
21
44
50
79
238
176
206
51
144
109
25
194
255
238
175
13
63
223
8
108
206
118
164
248
64
157
11
181
25
210
19
256
11
253
139
251
219
52
147
167
174
52
46
37
222
3
157
2
137
100
93
15
140
3
25
41
235
67
256
55
194
144
248
253
212
201
76
44
26
13
174
100
220
13
108
63
51
144
55
70
31
249
81
170
183
28
94
199
61
196
52
79
8
123
215
115
236
238
225
13
14
28
139
67
204
251
171
122
219
89
220
35
184
97
228
207
96
250
67
79
11
248
199
149
181
192
110
108
102
180
93
220
64
162
174
102
96
57
253
85
8
208
41
27
187
69
171
32
58
14
30
14
223
13
64
27
117
63
138
252
171
83
130
134
183
177
170
147
210
114
88
61
35
129
170
73
121
169
248
147
190
181
168
11
215
131
123
134
248
73
240
210
240
91
253
174
10
174
167
240
28
181
240
184
67
255
199
126
79
116
110
96
64
183
237
183
121
153
66
54
140
111
219
104
10
16
177
47
170
139
176
13
30
181
112
252
170
63
57
55
140
219
8
18
116
13
122
15
79
210
88
44
10
10
61
108
239
63
22
55
203
192
94
144
31
203
30
134
116
161
248
32
147
205
73
250
237
100
88
180
57
140
221
123
121
256
204
35
28
169
208
94
181
67
140
116
17
81
203
28
77
51
91
170
142
47
123
56
231
158
219
238
235
97
196
212
15
196
30
140
15
250
137
104
243
184
186
110
110
189
147
178
182
109
166
116
205
129
31
32
235
154
126
153
216
3
42
147
192
158
63
70
61
181
90
58
11
79
171
199
110
97
130
165
247
66
87
250
26
104
74
120
219
186
69
55
106
131
162
139
158
174
140
26
134
230
116
34
38
131
181
114
84
10
231
108
199
228
65
195
28
136
179
111
25
147
211
190
237
238
244
206
76
73
158
35
75
55
190
60
32
115
19
210
240
224
69
109
67
16
89
256
164
76
78
88
8
13
190
174
237
33
236
256
164
219
237
29
248
65
55
35
211
216
211
220
87
174
203
119
10
139
216
54
77
167
139
8
244
235
216
139
85
238
108
154
97
83
166
150
130
96
83
35
114
184
127
76
181
147
158
139
169
89
75
228
104
145
146
184
187
243
66
250
134
15
195
11
134
182
168
221
52
109
199
187
63
194
55
131
58
180
206
212
97
181
214
6
21
231
11
80
150
123
123
88
89
220
51
102
229
28
222
52
122
114
96
9
250
79
105
121
42
34
240
118
240
87
26
192
30
196
116
203
17
9
74
26
146
21
17
10
47
77
21
246
219
26
65
253
141
135
256
144
220
110
219
175
187
169
57
15
250
219
96
249
193
205
179
109
139
250
238
212
34
50
239
16
136
121
238
213
192
35
235
255
13
238
158
96
210
239
196
235
151
136
238
73
108
206
47
36
79
78
238
134
109
213
52
140
146
224
65
106
164
253
71
63
120
32
127
146
70
196
10
149
229
131
54
137
174
169
142
106
85
203
91
168
118
102
240
149
171
89
108
134
223
255
3
24
229
219
31
135
154
157
193
29
57
171
8
76
137
121
134
181
134
250
122
65
3
182
108
252
230
94
65
158
83
220
228
83
14
243
64
158
235
26
25
47
76
210
252
95
93
38
79
139
238
187
1
183
134
250
176
86
219
189
219
203
103
110
256
81
89
94
10
11
56
247
11
228
183
171
187
5
162
146
151
121
199
253
205
154
83
139
91
219
3
181
57
201
211
91
238
49
147
5
138
102
248
180
89
140
246
219
250
46
55
180
175
182
109
253
114
25
11
10
219
26
239
219
32
57
1
151
198
38
19
83
136
88
133
64
101
172
64
3
178
10
164
3
15
234
164
16
124
63
196
59
185
96
83
17
237
39
73
79
248
250
170
134
213
205
248
13
134
1
64
186
235
175
212
55
95
113
83
19
219
160
198
114
251
34
248
34
71
32
235
166
25
69
194
10
124
199
180
189
87
203
244
184
186
35
114
137
202
13
108
207
101
80
114
154
105
134
212
169
93
72
196
15
213
154
132
84
102
9
192
169
175
234
64
14
242
116
136
116
25
239
35
230
90
83
153
2
94
227
237
142
214
226
146
134
63
54
7
50
25
177
133
238
196
252
219
57
135
119
132
192
189
239
252
136
180
82
65
169
38
153
64
224
102
223
187
169
193
53
220
172
83
247
34
83
44
114
223
124
65
102
127
227
58
125
185
13
14
183
89
2
251
43
129
1
230
129
65
102
91
205
84
230
115
199
150
219
124
31
199
19
26
136
186
154
91
216
66
108
89
221
256
55
242
176
199
16
35
117
134
102
38
180
190
137
175
248
212
224
176
145
220
223
9
104
210
122
168
147
149
176
10
194
235
121
147
110
135
219
26
235
235
169
217
236
187
185
28
201
184
223
186
19
135
198
186
122
15
202
64
147
2
131
83
8
240
237
83
147
83
186
164
219
144
190
31
181
129
112
101
129
11
122
223
181
31
219
1
61
233
213
134
79
151
90
109
241
115
76
74
66
93
103
219
237
53
220
120
95
216
69
201
240
238
211
32
25
256
204
112
64
46
76
238
183
238
79
3
248
190
103
80
139
79
17
252
189
4
154
46
96
196
172
61
235
252
242
140
219
64
169
14
140
138
26
91
172
76
24
83
147
202
122
169
25
158
169
118
154
18
171
255
14
31
193
91
199
40
95
154
246
44
110
162
64
9
102
196
194
242
51
219
112
184
39
179
77
240
140
154
115
227
214
66
69
199
237
223
112
115
249
206
153
26
78
11
181
79
115
117
225
216
5
138
31
79
205
250
77
236
219
118
64
204
3
169
102
91
219
92
170
76
255
119
5
194
93
138
242
190
92
121
247
63
79
172
39
57
79
181
62
70
8
56
3
183
85
17
138
238
26
50
108
54
91
104
201
10
8
255
192
57
147
137
14
252
187
252
110
8
26
199
54
69
86
154
102
119
212
219
43
225
240
135
238
69
69
219
96
83
171
245
187
222
164
158
83
120
132
198
53
62
25
183
170
187
229
219
237
185
35
61
26
17
124
5
94
50
251
108
69
110
140
227
18
15
130
176
139
64
232
31
18
69
192
108
35
222
9
5
199
119
88
10
247
93
77
219
247
61
136
117
233
180
34
197
121
247
255
154
79
155
219
120
18
64
124
47
62
139
78
183
153
62
237
50
134
124
190
14
39
84
153
183
79
215
133
104
101
176
139
89
105
184
13
178
239
137
247
108
77
9
183
1
212
102
255
172
216
180
133
154
124
22
72
182
12
208
70
182
185
222
182
189
223
223
14
117
96
33
31
97
193
14
189
133
151
189
77
184
5
216
219
127
124
131
109
248
63
207
83
39
182
102
251
221
9
109
39
229
234
203
81
61
182
9
186
253
17
239
110
254
132
247
67
25
133
197
18
255
43
96
35
123
124
250
133
182
207
100
240
180
67
34
169
60
212
167
185
85
40
218
63
75
109
14
239
85
87
187
169
123
33
127
49
38
32
55
236
178
244
177
70
61
70
176
218
83
212
124
140
223
19
10
172
104
222
105
86
131
226
182
132
103
154
203
253
43
91
124
234
77
224
190
182
70
180
192
103
77
185
178
249
134
79
181
150
147
254
236
13
205
70
183
226
70
187
76
244
70
102
250
123
79
250
93
228
13
234
234
4
190
86
185
123
102
194
102
96
44
228
186
219
160
103
195
53
188
247
105
79
231
229
53
121
169
83
231
40
137
236
135
76
40
147
96
15
25
229
122
13
172
193
246
244
36
142
196
135
196
229
244
254
205
130
182
190
44
146
60
60
207
135
76
