59
195
59
166
166
181
181
181
79
181
79
7
199
79
59
29
195
18
29
84
79
55
10
17
128
135
51
181
84
54
59
7
211
250
129
64
64
128
84
34
64
94
111
29
84
175
250
150
128
252
130
183
138
129
140
174
138
130
106
106
181
94
106
128
165
26
84
84
250
183
174
249
150
75
36
106
177
15
143
26
165
168
150
15
183
32
102
165
154
8
150
55
172
250
106
64
144
128
106
29
75
106
184
168
181
144
220
150
181
165
181
165
245
220
184
181
184
93
206
87
172
181
143
64
140
118
49
15
206
143
93
237
150
235
153
165
168
184
15
99
220
206
85
193
153
184
250
175
184
129
206
183
104
63
93
184
46
144
76
130
196
206
235
6
10
118
113
174
6
113
26
15
193
182
231
118
184
113
206
118
40
143
14
193
6
183
184
118
50
220
220
15
219
229
222
50
113
139
208
231
75
200
14
178
220
108
222
165
153
234
50
140
51
140
51
51
215
32
86
51
97
153
64
112
51
36
63
153
249
250
165
46
153
165
46
114
140
136
246
165
136
160
84
85
15
250
51
86
142
165
240
15
19
37
98
153
78
123
131
40
19
143
63
140
230
162
39
15
31
15
199
15
247
143
36
136
129
143
162
102
165
227
110
104
160
176
63
222
63
51
234
109
108
222
143
208
229
47
177
82
184
114
126
142
140
251
246
4
109
86
136
47
98
177
39
198
97
144
67
198
88
63
63
129
53
165
63
86
251
94
124
224
202
138
66
51
193
94
136
104
19
216
20
172
209
242
15
250
66
240
153
132
78
20
77
247
243
209
16
165
141
193
124
247
209
88
122
117
253
219
180
207
66
102
241
241
41
247
210
62
191
20
49
138
12
97
193
74
143
165
191
152
224
46
138
82
193
76
193
204
209
224
99
191
15
63
142
57
225
7
151
43
165
143
241
165
138
166
225
66
226
152
191
168
8
128
126
123
39
244
114
55
47
66
116
214
231
67
8
98
227
54
62
62
138
66
54
193
124
243
243
224
243
41
128
143
243
13
20
87
207
25
66
221
128
246
66
209
193
62
242
87
182
224
138
104
239
62
69
124
218
119
243
247
13
26
20
13
193
67
239
74
141
135
224
148
191
33
166
193
194
62
53
207
25
77
128
190
224
243
116
228
50
124
247
146
141
132
41
227
141
141
71
101
116
193
20
43
193
18
55
224
98
132
118
141
209
101
157
118
141
135
207
122
94
43
101
118
118
231
118
193
141
203
154
198
42
158
118
125
224
182
70
38
148
182
75
12
41
75
12
