80
205
25
25
42
25
192
250
84
183
180
25
58
250
87
180
231
121
94
219
166
36
205
147
231
7
29
21
128
87
121
7
231
121
144
231
205
223
150
32
183
7
128
142
180
250
88
21
58
32
144
32
7
16
36
162
14
205
205
121
180
128
205
211
205
95
88
204
121
16
89
58
75
28
208
136
32
130
171
204
95
15
84
150
125
29
209
136
28
66
143
150
32
215
11
136
55
33
3
146
146
95
150
250
95
143
75
97
228
55
66
211
132
136
139
248
26
215
94
168
95
73
20
146
242
103
146
114
73
144
20
80
97
67
55
186
118
192
88
97
143
110
95
114
251
208
32
209
73
206
110
184
186
206
248
178
15
248
67
67
20
205
110
228
192
167
183
205
208
250
58
114
208
98
67
28
215
11
195
228
182
15
236
235
167
204
144
186
145
225
132
166
79
186
107
211
250
51
21
192
183
135
108
97
146
95
15
151
167
32
191
112
98
142
15
186
98
73
37
79
211
150
206
21
20
171
79
88
248
211
118
108
139
146
98
13
212
150
208
167
212
230
239
73
102
107
113
248
73
71
88
146
152
146
183
31
127
235
211
174
192
168
166
33
160
152
8
58
245
54
79
15
42
235
230
144
58
164
21
203
150
236
162
16
143
66
97
40
146
42
209
58
123
206
107
172
248
146
151
65
125
3
143
20
193
74
211
65
211
15
185
184
172
185
138
206
245
152
21
173
102
58
107
179
95
14
171
16
118
191
15
42
138
10
138
224
21
242
94
79
150
94
172
140
2
251
200
28
184
98
42
153
219
138
43
146
146
162
183
114
3
132
236
8
70
230
39
18
232
211
195
227
54
142
167
126
24
80
63
74
24
3
185
162
28
74
252
114
154
251
138
24
67
185
232
73
33
174
12
239
251
208
88
230
126
149
95
172
220
172
118
111
192
5
7
167
171
63
137
92
138
219
192
241
178
224
38
229
169
67
67
79
208
120
16
132
132
164
248
192
10
141
167
158
240
208
39
194
199
201
74
189
138
171
184
252
13
39
211
83
241
37
68
8
73
122
206
137
26
92
173
147
143
78
122
28
168
59
71
246
65
151
5
208
142
73
141
186
171
250
92
107
190
74
85
190
244
167
206
7
17
154
231
65
158
1
103
44
109
89
50
21
235
63
21
50
88
54
93
229
28
8
69
67
167
30
99
197
49
21
43
59
26
216
54
164
223
73
168
145
250
172
19
19
87
135
21
37
54
13
169
33
235
176
151
209
141
128
176
222
8
104
146
186
130
206
195
164
73
255
237
230
171
178
202
95
77
237
21
222
190
138
185
143
206
93
206
223
146
30
136
195
20
180
154
222
194
183
18
244
100
171
33
104
97
230
172
55
231
142
190
146
243
177
164
168
102
92
184
28
15
144
88
50
30
70
224
91
91
108
28
253
82
244
251
114
143
90
32
135
20
168
224
33
154
54
21
206
251
141
47
142
253
59
54
15
170
44
141
95
215
244
227
125
130
231
31
124
165
24
103
3
77
98
243
103
30
63
170
126
13
212
142
176
234
118
79
192
122
97
171
18
119
54
206
237
170
171
77
242
201
114
65
3
28
141
209
20
167
234
131
73
82
50
138
194
98
24
27
249
28
31
222
164
36
239
28
103
233
8
20
87
122
97
247
164
99
102
250
194
153
233
149
228
131
234
28
37
74
28
97
178
236
240
28
236
92
21
61
105
138
131
227
6
95
91
118
105
130
90
118
24
218
25
177
222
82
227
128
84
58
214
242
204
211
168
130
72
36
4
209
147
162
233
125
154
99
63
58
2
167
191
236
222
47
203
9
90
25
210
102
115
93
118
30
251
117
75
96
31
242
227
86
208
167
25
109
247
227
206
104
39
253
167
56
41
102
168
24
227
183
60
53
75
138
207
256
114
134
178
95
216
63
168
84
204
8
236
211
109
127
174
130
144
92
131
194
24
248
29
118
32
208
67
141
157
185
238
226
25
250
97
202
128
97
56
84
15
24
114
96
193
19
209
74
208
184
188
143
13
30
135
181
208
227
129
162
44
250
230
170
61
85
164
139
130
3
217
109
51
84
205
212
30
183
217
130
152
187
250
15
86
217
231
156
55
16
244
181
30
128
224
211
126
64
108
147
87
246
246
168
189
31
14
190
31
234
237
245
31
210
193
118
24
246
28
231
235
91
37
144
242
205
119
154
171
210
47
247
67
193
29
72
180
224
72
254
27
9
210
92
168
246
139
3
243
39
126
43
244
63
21
152
84
172
2
228
118
125
118
247
140
199
255
131
138
211
212
87
122
215
60
121
136
5
130
20
182
69
118
25
103
75
91
150
243
34
96
68
118
156
27
65
101
218
100
132
37
53
66
253
95
24
60
83
210
206
198
132
17
2
171
75
247
74
124
211
168
236
102
13
224
29
116
24
227
109
144
204
202
234
174
103
90
182
21
230
174
144
181
156
147
225
204
135
246
222
104
41
109
132
218
215
201
41
65
207
158
246
177
139
182
131
17
240
33
217
244
152
198
16
177
141
205
195
194
222
206
89
14
195
97
177
168
103
119
210
28
217
222
209
185
216
222
92
132
92
75
66
103
244
207
118
119
95
67
41
5
245
73
125
58
104
173
153
24
57
67
210
140
246
42
54
76
84
233
154
196
244
234
222
141
209
222
201
185
222
56
24
100
28
244
21
96
141
114
24
68
229
189
67
163
229
13
40
62
206
17
102
85
135
171
58
46
79
248
44
131
112
198
147
185
140
254
139
53
247
222
145
9
243
19
24
5
132
47
185
222
115
160
37
66
226
37
219
34
226
217
9
185
96
37
104
123
112
37
191
185
132
241
139
112
227
176
203
145
102
174
177
12
156
183
139
226
224
154
41
181
17
243
102
185
228
109
108
216
43
9
141
218
131
138
167
121
131
63
84
5
253
184
59
75
226
116
143
230
141
243
141
168
125
184
172
128
181
17
168
147
172
125
47
123
78
63
13
59
121
1
168
24
107
114
37
75
77
254
164
255
222
253
222
241
235
71
191
58
122
88
206
125
96
245
125
132
92
67
43
24
118
76
109
174
47
65
105
246
158
72
184
198
174
174
225
184
212
180
90
96
1
107
30
121
107
4
237
230
206
114
108
108
222
222
57
135
243
237
106
87
203
253
11
132
188
121
253
79
185
182
93
19
137
90
65
191
249
29
143
62
55
58
118
28
168
122
167
34
246
217
41
118
6
72
4
167
58
142
158
24
95
170
49
193
246
217
57
124
209
227
8
224
182
68
27
35
199
6
117
47
206
176
33
193
113
156
62
89
201
168
71
253
61
106
195
171
253
42
122
43
77
239
89
69
119
93
86
203
107
35
105
39
35
221
207
10
172
125
131
227
231
164
207
105
61
76
5
27
35
206
70
151
63
195
211
161
136
47
87
185
37
226
244
211
240
1
178
217
39
230
229
196
229
235
13
182
78
76
168
88
226
231
67
199
247
195
61
4
141
2
169
37
254
227
212
130
180
203
138
226
47
180
97
89
215
130
64
91
136
37
136
37
68
224
212
37
117
193
241
9
171
134
254
118
119
58
108
13
103
53
185
190
75
86
163
214
246
224
37
182
95
183
184
171
20
8
206
167
246
115
210
249
174
24
224
210
246
185
144
198
210
134
188
109
211
66
224
100
210
81
144
85
208
92
186
1
192
83
84
226
210
80
136
254
35
171
77
212
254
70
136
17
167
254
71
68
115
191
151
11
49
21
121
33
250
182
93
150
68
70
135
254
177
250
246
176
200
78
27
59
171
68
247
181
5
240
233
27
246
201
130
92
92
3
216
11
171
138
9
10
151
167
255
253
91
118
245
120
171
211
240
191
125
235
179
9
118
39
182
190
185
171
226
227
243
191
53
73
92
223
80
65
117
103
195
185
88
240
113
84
224
247
222
119
89
92
114
204
30
180
244
125
136
65
68
245
253
158
253
41
172
201
215
151
228
228
244
249
34
244
254
78
244
122
244
119
113
228
211
151
170
158
166
21
224
247
30
30
193
17
193
11
168
195
255
65
227
167
202
137
137
241
133
224
144
49
201
152
211
194
108
240
152
22
123
169
130
80
176
244
144
244
22
49
186
124
222
65
