176
176
176
31
31
162
153
230
33
33
84
88
176
50
162
40
87
73
33
59
131
40
128
88
162
32
62
32
56
55
157
186
256
62
162
38
62
150
131
74
66
97
178
56
42
67
176
150
100
114
231
176
231
146
231
64
84
176
176
100
231
144
135
55
231
74
59
178
88
10
231
144
66
62
117
256
117
176
97
13
22
223
203
88
117
73
42
59
52
41
150
84
223
219
73
27
40
135
219
131
144
211
71
145
212
253
52
52
125
226
223
135
125
219
178
33
138
19
113
16
134
223
75
40
38
40
223
42
212
45
106
176
146
27
250
214
105
73
45
100
212
59
106
172
128
66
96
60
145
225
145
225
190
150
105
172
212
176
142
21
219
225
125
215
150
169
153
116
190
105
205
113
250
97
44
74
215
129
135
135
105
74
178
56
125
209
215
95
241
239
145
5
100
44
225
241
209
203
219
103
223
212
42
225
246
205
180
100
105
204
237
42
212
215
125
142
96
230
110
14
95
50
42
84
21
253
142
176
197
71
180
192
42
176
96
209
176
204
98
116
232
23
91
213
23
34
84
23
95
157
46
8
54
54
199
15
42
58
162
146
81
157
88
167
5
29
63
226
63
8
162
162
11
84
139
196
145
235
84
84
95
23
115
139
105
228
211
157
200
184
3
190
19
81
256
161
84
100
200
121
58
184
226
135
214
177
182
209
243
239
164
15
146
115
200
128
214
241
99
243
8
115
84
202
162
63
84
162
42
213
162
122
42
235
33
33
86
249
84
84
84
202
42
100
202
157
243
44
125
50
71
59
214
115
222
128
214
56
202
86
56
214
84
162
115
202
84
157
249
214
248
200
249
115
196
214
202
84
42
27
202
202
232
210
26
66
45
198
162
162
200
26
77
42
200
232
102
202
162
256
84
29
249
62
65
202
249
12
52
154
73
42
23
27
228
102
33
84
45
179
153
84
108
237
104
52
249
162
210
118
162
214
202
86
202
157
77
84
198
26
249
256
90
52
211
115
100
118
84
56
106
33
214
154
147
146
200
162
52
222
235
189
213
157
115
202
23
132
256
193
241
178
33
115
115
210
220
202
256
196
73
179
232
139
52
192
256
214
79
62
213
15
128
220
162
79
213
153
52
72
115
101
55
115
147
241
132
239
248
115
178
123
202
216
123
44
116
251
214
242
25
45
84
214
79
185
168
42
132
215
72
242
197
140
192
84
192
74
73
249
159
76
241
213
202
162
12
79
161
213
193
214
79
210
33
159
52
74
42
200
202
109
150
86
157
220
157
70
230
213
70
162
60
213
162
75
162
192
232
214
202
256
202
44
72
45
31
29
62
211
49
214
2
84
50
157
106
121
215
159
72
139
213
214
161
198
216
202
42
189
215
159
63
84
215
73
44
102
108
210
50
108
84
162
84
117
42
213
162
56
141
192
138
42
52
78
249
73
89
39
137
42
31
213
157
139
137
157
89
242
200
230
52
157
178
157
115
56
69
159
227
73
214
162
45
79
192
189
106
72
200
190
242
74
230
192
84
215
82
202
249
3
91
178
115
115
29
214
189
3
26
190
249
139
211
84
98
137
202
138
189
230
230
74
215
230
139
45
138
73
141
179
89
62
249
139
249
210
57
214
75
169
72
63
214
118
227
222
138
157
211
72
57
86
101
105
214
79
84
3
102
52
219
99
189
89
145
202
197
115
214
111
77
119
118
249
138
115
157
232
72
37
57
55
228
63
193
240
249
178
189
116
139
219
219
88
176
121
230
214
25
192
78
214
196
248
157
72
157
117
230
56
86
213
55
201
8
84
105
215
86
11
157
145
84
214
145
249
84
84
57
145
149
204
189
241
53
202
196
44
73
196
214
62
139
72
44
73
157
159
149
161
153
45
57
82
198
145
215
211
157
102
153
115
138
89
168
214
214
161
37
213
230
215
214
162
230
210
213
25
249
55
86
219
104
70
42
157
79
139
202
73
120
153
115
34
162
77
176
181
124
162
32
249
25
29
43
157
249
249
75
133
214
162
220
138
162
26
98
115
84
75
115
210
230
101
241
214
49
249
196
53
202
86
53
73
115
159
11
74
150
115
120
222
222
76
134
120
138
77
150
2
202
11
115
48
43
77
115
157
43
246
77
249
60
4
213
72
5
178
75
42
161
39
42
138
37
253
115
94
218
211
161
241
115
157
72
214
213
75
202
241
82
23
102
109
210
52
215
162
159
145
214
55
155
94
142
115
230
227
214
237
31
196
45
170
52
62
16
104
73
73
230
214
155
110
254
253
42
213
153
137
49
115
236
230
249
249
31
214
210
39
57
52
110
16
76
215
210
200
102
155
45
157
249
161
137
56
240
40
42
42
139
230
249
183
148
213
45
192
17
159
189
52
23
37
232
177
11
50
56
139
76
207
238
44
214
214
102
249
115
213
74
230
63
99
157
105
159
155
193
115
105
117
214
45
50
155
232
213
157
75
189
228
110
57
213
157
161
52
72
69
76
69
207
64
37
26
42
155
115
104
230
89
140
139
26
45
23
105
196
196
52
189
72
42
214
72
16
52
178
213
52
161
214
153
228
213
26
81
57
197
256
12
155
86
44
230
15
211
13
123
237
157
214
115
77
253
17
13
157
124
249
84
48
39
73
115
63
214
214
142
22
50
134
56
232
11
86
77
26
215
52
163
218
155
150
193
157
86
157
157
133
256
131
26
115
93
26
112
29
86
63
72
232
57
228
42
86
102
145
138
45
70
25
202
256
122
23
202
110
3
72
256
86
91
101
94
59
42
115
134
253
102
56
214
48
86
157
115
148
114
48
81
207
23
137
214
115
72
168
196
157
139
52
23
189
53
25
56
115
104
167
120
150
142
157
168
230
115
161
115
192
102
86
42
159
232
161
117
157
52
214
139
117
84
45
102
104
193
157
13
48
197
56
217
157
42
27
56
159
193
157
168
86
176
57
193
232
232
44
102
215
159
84
247
104
189
42
189
55
52
247
70
230
115
86
60
89
115
32
105
48
94
42
86
56
13
104
202
242
22
218
73
13
133
52
139
255
214
48
148
12
213
19
163
157
193
158
157
39
214
106
193
255
52
52
157
142
57
193
56
157
12
155
86
45
214
73
155
256
247
104
159
43
213
48
52
84
232
216
53
48
45
202
45
247
84
232
48
32
86
214
134
9
45
197
157
57
162
214
157
12
86
82
159
167
72
83
213
202
57
