111
205
138
205
252
194
35
143
108
95
153
135
33
236
72
138
67
14
55
30
150
33
107
140
223
253
115
75
88
14
211
176
27
164
10
176
74
144
136
248
46
211
231
107
185
150
36
55
36
33
174
29
97
36
7
135
176
248
240
36
43
36
36
128
128
86
97
107
222
75
192
54
244
67
29
107
147
107
95
36
36
224
212
58
135
219
253
249
223
24
40
81
113
26
72
183
160
212
165
36
205
97
36
164
140
7
196
93
7
36
59
190
236
169
205
84
129
209
7
243
231
194
182
135
7
84
244
128
231
135
81
176
135
209
138
59
212
176
74
169
119
231
40
140
225
150
33
208
231
108
75
40
36
72
7
89
46
180
27
65
7
58
153
7
59
140
87
230
174
253
36
203
107
253
40
36
40
231
231
150
135
253
222
135
40
153
40
65
231
128
97
81
59
135
59
40
40
147
75
147
33
231
253
162
27
113
95
237
231
47
244
253
84
160
128
210
60
113
40
40
156
107
7
231
59
237
107
205
221
244
58
150
40
237
11
209
81
47
156
97
108
55
166
80
59
244
10
90
41
156
55
244
208
244
231
90
156
135
36
170
90
90
205
97
90
107
41
113
244
21
156
244
156
113
7
253
156
103
228
229
90
135
244
47
47
156
40
27
90
135
7
43
36
90
47
162
201
244
47
7
41
61
244
40
156
156
81
156
223
90
41
47
107
5
41
90
156
195
90
242
244
228
140
36
90
180
156
75
41
205
240
181
223
253
41
47
7
27
237
90
229
156
113
41
250
143
107
203
59
40
90
180
40
108
89
47
36
244
194
150
36
108
159
59
47
156
30
136
119
75
190
137
33
151
176
209
27
90
231
36
27
88
170
138
176
113
91
91
107
194
7
123
164
47
244
36
108
137
135
219
231
27
203
143
208
187
165
27
223
194
107
209
204
95
140
41
7
7
138
170
7
150
97
244
121
108
97
205
36
7
59
170
223
36
137
35
135
107
77
174
59
97
147
231
206
201
140
161
113
80
31
34
219
143
50
160
150
64
55
103
14
194
30
25
240
160
87
140
241
209
3
119
128
157
223
209
36
95
250
190
96
150
231
59
190
83
7
65
221
21
244
241
97
253
7
251
61
75
151
58
97
7
58
41
184
59
253
119
228
195
244
150
7
201
126
113
7
170
165
235
83
2
229
41
194
231
95
162
195
24
221
41
205
147
205
59
179
36
112
21
116
83
81
90
162
150
122
76
71
229
31
59
43
190
25
221
162
240
151
126
41
61
167
237
195
91
100
147
162
13
107
66
190
14
88
83
61
187
241
61
209
231
241
59
107
194
36
219
249
74
229
41
181
1
83
165
184
184
181
124
209
25
190
113
83
160
110
90
113
87
91
200
108
128
31
22
229
222
116
13
62
110
119
221
119
41
107
150
223
98
117
61
128
97
61
83
160
188
88
222
7
98
81
140
250
41
206
36
47
59
88
21
140
77
229
61
188
36
1
22
27
24
131
222
149
180
153
41
61
104
150
235
67
138
83
108
147
89
13
8
116
150
77
222
139
118
242
65
162
107
75
36
64
222
222
205
1
195
229
126
107
28
50
41
231
43
61
81
90
141
253
235
88
222
194
41
214
247
160
128
3
1
112
62
93
228
115
41
140
28
219
77
250
38
39
89
231
39
190
116
136
83
203
112
170
90
14
240
153
24
25
231
13
108
211
252
201
242
222
141
147
201
237
24
242
43
38
25
89
248
223
55
181
229
201
83
167
203
139
18
188
168
89
83
41
114
242
75
146
27
250
107
103
251
65
143
181
187
221
173
250
95
187
224
221
59
223
65
138
229
100
24
212
103
252
252
195
74
176
83
22
110
206
36
15
198
150
38
201
164
27
110
233
183
139
250
172
19
30
8
232
60
229
15
224
97
116
108
75
64
235
241
126
229
41
231
223
190
183
32
41
250
244
75
191
237
235
250
59
98
126
61
233
83
110
190
124
90
24
15
153
205
90
10
90
100
140
25
230
205
38
108
251
244
3
113
43
41
244
230
214
13
119
39
195
103
165
41
30
214
28
195
98
141
121
202
112
90
83
205
43
107
20
256
157
153
66
240
183
242
239
43
241
22
18
140
119
242
232
24
248
61
162
206
153
67
15
164
126
83
103
139
98
154
41
103
244
188
26
107
75
183
243
188
160
61
139
206
229
61
41
100
47
205
32
65
112
161
214
47
241
119
90
83
244
41
211
223
107
119
75
159
48
97
22
132
15
205
62
252
94
140
228
229
135
167
100
67
6
41
108
254
61
15
229
185
27
107
241
82
154
119
187
231
83
21
162
126
90
224
31
60
75
138
178
171
41
164
93
187
190
232
167
119
250
30
226
95
119
141
144
164
94
74
140
107
181
142
98
167
123
251
24
93
138
28
6
125
116
187
100
51
47
5
90
100
122
206
225
41
193
191
193
153
214
59
90
125
229
185
121
157
124
87
100
205
192
1
142
205
94
244
110
47
229
164
113
212
187
67
201
214
113
157
141
256
157
122
43
139
60
38
162
185
100
190
24
43
149
141
218
188
28
59
18
107
154
206
244
232
43
71
180
229
205
93
28
207
58
46
23
23
24
229
187
154
224
154
119
72
218
172
191
43
24
52
113
113
119
228
191
141
184
187
87
195
180
228
113
60
1
180
154
245
107
113
36
110
157
217
210
232
48
95
231
28
232
232
151
24
232
246
157
232
232
116
93
122
223
223
6
40
72
95
141
36
180
232
6
71
93
113
124
43
232
81
130
95
125
43
152
162
39
141
188
108
227
188
196
154
113
93
119
113
232
36
154
24
227
187
49
124
158
73
152
95
118
245
119
178
228
187
187
232
228
119
124
108
232
242
100
227
152
233
126
152
227
119
158
232
152
152
232
5
119
19
232
60
24
117
68
60
14
224
227
152
92
53
152
100
152
