231
7
231
7
143
67
67
165
143
67
165
7
143
112
209
143
143
209
143
208
209
209
208
208
165
165
209
231
208
67
208
208
209
208
50
62
231
62
247
231
50
62
129
165
209
92
221
85
143
209
165
255
28
105
102
12
129
224
7
243
7
231
94
16
255
11
118
221
36
21
82
129
243
141
67
218
165
255
141
59
52
85
156
221
7
130
129
130
141
5
12
231
208
203
118
145
102
102
84
89
240
186
7
237
141
253
248
189
145
198
96
183
129
141
145
183
14
141
7
26
118
92
141
141
141
110
38
26
231
186
244
182
62
231
133
142
26
153
183
186
208
89
117
231
208
183
189
7
7
130
56
92
236
110
47
151
148
183
183
110
50
227
26
66
240
12
1
221
87
183
219
112
112
67
150
87
231
164
39
61
206
79
137
14
26
87
5
137
60
231
108
70
161
164
95
174
197
106
58
187
208
115
133
238
191
157
84
214
206
221
137
94
245
227
204
13
133
59
51
177
36
251
164
97
208
50
70
242
84
7
39
146
138
13
130
110
51
204
162
148
136
99
55
133
42
62
85
204
30
48
187
97
116
13
130
137
221
94
16
157
202
9
218
136
7
218
215
193
99
126
21
7
108
104
185
209
12
78
99
30
208
25
63
218
231
143
69
214
3
117
95
214
99
136
188
159
5
99
80
12
65
110
95
187
20
120
224
113
26
87
26
201
157
91
95
46
36
95
116
86
123
209
20
48
236
91
30
135
18
79
13
197
136
155
54
233
31
94
243
50
167
113
46
170
183
211
234
130
101
194
168
217
104
191
206
104
149
87
133
95
6
91
133
38
49
190
77
197
142
66
152
174
110
127
105
63
135
116
136
61
50
58
208
119
101
83
255
170
52
130
31
100
217
116
170
179
70
151
194
152
167
256
39
124
137
116
155
133
131
96
56
97
139
28
109
107
131
218
63
155
18
8
136
126
4
31
21
193
218
109
30
234
14
151
110
28
141
83
22
107
70
101
250
39
69
63
101
106
217
155
131
68
6
210
141
4
41
114
106
22
20
92
197
172
165
241
159
204
229
162
109
39
143
217
144
141
46
91
50
232
162
109
21
113
62
110
4
50
40
31
91
158
229
144
247
214
246
153
70
110
40
116
217
204
148
169
254
2
49
20
152
221
4
140
144
41
77
45
220
52
246
116
204
71
194
15
44
209
110
247
2
38
141
7
68
223
179
15
198
167
65
44
130
107
68
58
155
121
180
10
144
107
38
206
139
218
187
114
107
3
34
91
68
247
163
137
221
218
149
45
65
206
68
132
246
95
112
4
107
116
152
91
36
155
125
187
183
68
247
254
134
206
118
204
250
11
197
247
115
152
185
113
139
163
152
139
135
37
91
30
149
110
67
116
221
79
167
30
72
187
194
124
210
47
42
1
155
1
176
216
187
200
86
176
163
65
110
246
245
137
132
20
221
200
72
187
72
135
24
152
132
179
195
171
152
187
179
237
65
210
93
78
132
109
194
132
157
157
234
159
139
