176
162
135
33
109
181
65
41
17
17
50
69
69
128
181
31
128
172
256
208
128
128
41
176
67
138
176
128
222
240
123
244
256
97
90
222
222
172
7
96
190
40
91
114
84
91
101
211
69
145
40
256
84
55
84
164
253
233
90
249
208
239
93
5
146
220
55
109
239
35
254
55
56
89
181
146
222
172
117
84
236
222
145
55
156
98
35
94
117
33
253
176
102
211
71
26
97
256
73
101
33
117
220
208
97
98
95
151
239
97
114
50
75
129
176
129
162
14
115
112
172
98
160
51
123
75
99
89
126
129
132
79
98
97
66
132
165
110
114
151
109
129
243
26
183
86
84
84
176
156
41
75
93
209
17
105
27
71
172
86
124
129
132
132
98
172
2
55
14
62
105
236
55
202
132
21
131
201
177
55
6
115
147
154
84
184
105
100
182
33
200
127
176
62
99
147
129
220
115
151
103
34
154
153
75
93
71
14
7
172
84
132
50
12
240
243
96
84
216
161
140
147
129
209
194
154
83
243
117
6
194
247
132
98
94
8
181
110
127
153
195
184
160
74
248
110
74
200
203
121
27
105
99
145
4
14
211
5
248
220
191
154
231
87
75
151
27
5
250
247
161
41
97
190
184
138
84
175
97
60
253
106
66
109
138
23
200
209
55
54
99
138
25
131
4
136
147
147
162
97
102
254
174
34
50
177
154
71
90
112
5
154
99
202
115
131
159
157
27
108
183
183
27
84
139
131
50
194
97
54
236
222
174
79
3
102
95
209
102
234
97
50
220
182
195
25
175
138
178
73
178
183
5
209
75
157
34
25
73
171
191
202
96
200
156
97
178
74
99
237
90
81
72
75
138
156
234
220
35
126
39
41
90
174
94
86
217
145
97
73
115
117
27
249
162
102
52
175
15
73
237
71
20
183
153
112
222
88
236
73
200
237
183
167
75
172
46
162
114
115
129
187
183
182
184
44
150
253
161
200
55
17
27
182
181
182
147
136
183
223
209
9
136
66
215
78
209
245
143
66
72
256
79
182
60
50
175
171
70
41
165
73
165
114
27
190
30
154
253
66
209
17
77
136
96
84
90
14
162
71
144
40
141
140
25
72
86
140
71
171
144
108
168
44
243
1
132
230
181
141
66
249
105
235
126
32
157
29
182
136
192
88
154
25
151
174
203
200
142
249
117
90
182
95
181
222
5
141
97
144
253
42
182
88
168
71
92
51
14
75
198
131
226
157
253
242
42
162
182
136
154
30
243
19
42
168
143
62
137
245
165
190
208
52
175
168
208
226
102
157
164
209
63
11
181
66
176
226
245
224
114
1
203
137
54
30
116
165
62
12
253
235
207
208
192
90
89
150
245
211
1
97
138
245
114
174
137
30
84
78
30
203
253
121
141
115
97
52
183
15
62
208
243
137
223
245
33
228
51
117
1
36
97
215
89
245
215
182
230
245
252
245
131
158
56
165
54
30
84
44
156
131
141
30
230
213
52
216
204
157
91
12
249
116
45
204
30
132
245
142
160
230
97
182
230
155
207
220
115
15
102
241
192
121
77
39
32
84
217
46
154
250
9
215
142
228
77
3
57
138
138
114
114
120
14
66
58
187
145
84
78
142
165
15
217
22
112
16
174
57
62
230
27
117
170
178
117
171
182
110
158
177
162
117
97
75
81
162
32
104
139
82
192
136
6
25
203
77
42
230
214
55
235
232
162
50
30
129
192
32
97
141
95
30
37
73
192
214
29
101
5
248
161
41
165
8
136
112
37
18
171
58
207
171
116
174
131
174
76
145
33
165
38
184
27
116
95
214
22
235
67
202
102
32
138
230
115
215
124
62
85
148
102
217
235
230
251
217
250
145
252
102
73
237
136
230
62
22
62
104
73
235
33
148
245
32
214
217
250
178
6
62
102
150
230
17
132
230
86
75
91
16
88
118
116
196
228
249
106
184
230
112
110
249
254
228
108
145
8
235
46
228
184
25
252
189
124
136
49
105
215
55
92
226
228
70
29
239
110
57
143
6
133
145
63
171
222
42
136
196
102
131
74
47
101
12
162
38
100
252
112
184
43
46
230
130
55
63
184
55
210
44
32
46
178
129
115
71
97
28
66
67
55
178
77
253
228
222
76
250
171
100
27
249
145
64
75
198
16
26
182
196
236
134
104
215
192
15
45
94
74
88
100
118
56
228
235
101
112
2
154
112
120
6
2
124
2
254
2
149
101
249
133
30
62
184
214
228
248
52
184
208
133
101
74
224
134
159
32
136
15
53
121
216
133
228
74
104
48
252
38
63
73
139
228
74
184
9
47
248
248
239
249
249
228
184
85
232
133
73
66
249
199
219
110
70
117
184
183
46
253
57
99
101
149
71
184
69
112
74
123
230
16
235
235
45
254
224
57
249
42
183
141
131
241
124
106
63
159
86
124
76
134
228
12
243
1
63
228
230
148
210
101
226
77
217
158
100
85
101
27
133
175
63
215
57
159
46
45
140
224
101
235
224
124
195
169
183
232
69
131
184
216
233
116
91
216
112
86
116
248
74
97
123
116
85
124
224
178
28
39
241
48
124
243
85
46
57
228
116
250
114
133
230
38
130
236
116
77
190
207
137
137
14
252
202
200
44
86
86
223
50
14
149
124
248
42
196
47
252
124
37
71
106
207
101
14
235
88
249
124
61
158
162
162
124
207
141
235
184
15
131
132
88
162
184
71
184
228
9
2
120
45
85
97
33
214
9
224
57
98
46
202
213
163
132
8
206
188
215
137
133
48
9
86
72
32
134
198
75
187
248
233
104
173
136
52
159
148
192
133
78
216
163
124
172
116
77
132
124
56
218
184
72
248
39
72
248
75
69
15
133
183
224
15
178
143
116
39
21
134
57
85
178
248
37
129
222
27
9
131
45
24
149
46
248
116
161
131
235
178
116
89
228
130
114
219
184
72
178
196
256
163
201
14
101
95
137
3
136
207
132
185
50
180
30
209
185
54
28
170
254
180
196
86
189
101
253
52
78
236
249
178
193
189
223
68
113
30
77
101
248
64
124
123
136
124
9
217
86
159
57
57
85
236
159
137
151
71
99
219
224
92
103
181
95
21
226
92
12
196
217
77
46
2
114
162
178
190
168
131
116
71
249
230
28
133
212
66
1
45
248
54
95
178
4
117
71
64
85
101
193
82
1
120
224
178
250
35
171
115
207
104
124
105
131
201
25
190
24
132
85
120
22
224
53
26
162
114
46
224
44
78
124
178
186
139
228
224
178
224
33
49
132
107
132
249
250
110
26
224
178
23
183
4
56
82
132
42
188
46
219
134
104
64
50
185
102
89
137
77
194
216
116
184
133
188
89
227
30
188
46
132
237
224
8
188
207
42
158
46
196
236
178
9
188
76
163
35
122
188
188
226
16
170
157
108
161
203
46
67
228
33
226
68
