146
121
194
256
67
221
88
101
231
175
256
42
186
88
176
176
256
202
59
256
60
164
187
33
95
95
98
10
190
42
240
194
52
115
196
59
256
89
117
161
230
30
27
108
252
243
49
84
81
176
146
256
123
35
25
256
102
194
77
84
42
195
252
153
196
166
136
203
166
74
83
253
242
67
78
66
31
166
208
150
42
162
25
26
169
190
115
52
237
32
252
121
49
176
248
166
135
224
10
132
64
95
195
31
33
31
146
256
146
71
117
194
192
60
10
84
88
135
190
88
73
35
223
138
151
169
244
91
159
13
31
61
176
201
176
116
33
146
11
186
166
35
205
196
35
42
146
59
80
187
11
136
31
146
25
239
256
27
11
86
40
13
52
141
80
242
39
146
214
202
256
88
196
244
97
13
100
240
184
191
65
229
228
25
40
186
176
204
140
18
11
10
127
219
15
83
13
20
104
21
91
172
35
194
194
88
150
33
41
69
249
94
186
220
136
41
66
110
195
103
129
11
10
153
169
88
33
256
22
88
191
194
135
252
104
209
184
95
22
176
108
60
64
176
170
219
11
58
162
17
135
242
29
249
33
44
83
7
115
135
3
108
31
33
256
221
203
41
27
81
129
121
184
203
91
205
251
221
199
223
164
43
58
89
121
52
67
136
130
31
121
221
176
207
256
52
202
196
97
251
182
42
10
25
170
32
219
140
13
35
35
203
221
174
102
113
104
13
249
32
33
159
10
78
3
184
35
2
17
40
256
222
31
63
170
13
1
203
236
110
66
100
42
31
33
186
97
27
42
239
195
35
27
190
59
116
18
203
59
186
29
58
123
180
42
146
33
15
31
52
88
97
45
31
176
219
172
124
223
186
150
67
220
169
13
169
31
214
256
117
256
153
137
150
27
223
72
31
203
150
136
80
172
223
169
35
170
237
129
3
116
75
247
40
86
88
135
239
11
256
73
31
81
97
102
139
239
60
32
232
35
73
35
133
104
138
73
162
83
121
195
135
39
35
66
236
32
186
256
186
73
221
88
176
251
256
74
157
73
252
7
252
73
182
136
100
7
13
42
170
31
103
60
135
104
253
225
252
247
201
91
73
205
89
83
114
18
231
117
8
239
31
31
85
40
88
87
185
252
64
87
256
193
146
201
194
240
226
116
121
203
18
66
199
239
122
103
202
256
52
249
91
236
88
27
237
42
158
232
35
11
81
29
91
73
80
244
31
176
88
104
27
221
150
146
196
253
256
35
18
21
136
21
21
80
25
199
249
68
196
88
31
88
52
146
88
203
33
205
25
249
39
83
35
52
236
239
237
88
49
18
235
27
128
236
135
256
150
100
232
196
209
186
193
238
236
61
227
104
247
39
31
32
25
60
59
150
140
186
256
25
221
20
53
179
239
20
5
179
52
67
186
164
232
196
223
230
43
14
178
31
249
88
256
25
88
55
49
88
108
3
10
230
176
7
32
150
29
107
52
237
52
182
75
25
150
135
35
32
203
239
35
121
31
80
253
107
63
117
211
221
79
169
256
117
35
80
59
176
136
80
169
73
232
66
66
146
221
104
207
253
199
138
256
216
42
8
35
256
33
42
55
66
249
146
121
83
15
256
146
237
217
252
31
169
215
25
249
52
153
58
135
164
170
209
11
242
231
162
146
256
115
135
32
121
78
59
80
79
235
202
64
44
66
165
197
79
130
120
94
25
179
194
88
13
31
253
191
53
121
237
35
9
87
170
31
49
27
35
83
52
249
65
203
146
184
203
218
29
196
138
146
13
162
40
249
35
128
186
49
61
150
203
150
31
75
29
52
121
27
31
157
7
101
64
185
133
221
49
237
39
194
124
52
52
49
74
107
13
63
103
117
124
153
250
240
42
169
196
73
190
8
83
7
61
256
101
97
62
222
27
205
237
13
216
219
256
166
91
166
10
237
169
102
107
89
240
110
192
184
256
42
42
249
135
23
110
31
138
194
124
122
55
124
62
139
230
196
15
73
85
113
256
24
31
176
181
244
184
101
158
230
230
76
249
203
133
240
80
113
42
240
132
204
215
133
146
84
204
166
122
25
223
215
200
65
15
240
204
144
210
72
80
109
13
202
33
104
249
222
174
134
115
85
252
138
184
149
248
235
202
158
65
130
199
237
135
124
1
206
231
59
214
52
158
191
11
124
27
42
253
93
247
163
87
203
240
169
133
124
15
146
81
53
59
65
53
117
85
252
133
85
176
1
15
124
84
133
135
169
122
91
240
249
85
133
161
110
133
133
176
230
135
168
9
179
31
240
135
214
181
25
5
84
29
133
85
150
35
84
104
128
42
63
124
149
77
45
154
52
29
33
133
138
110
249
85
202
108
59
151
210
52
133
133
120
249
133
133
56
213
56
85
202
210
84
213
213
210
11
194
250
186
227
133
139
150
247
214
31
133
133
220
214
74
232
117
232
168
162
135
157
252
115
120
56
235
133
157
52
37
249
161
115
158
82
232
58
228
214
115
23
157
190
230
42
53
202
214
214
23
184
42
57
161
159
23
169
131
72
202
161
150
78
35
121
215
23
72
72
42
213
157
45
45
137
45
72
