209
54
110
3
106
194
123
3
16
250
69
250
69
129
5
51
50
71
69
178
44
176
110
249
236
238
114
195
253
97
160
115
253
123
29
50
249
115
253
94
213
91
97
97
97
27
28
97
220
151
91
33
43
220
61
138
59
180
172
220
222
75
126
220
194
218
91
214
59
75
145
135
115
95
204
93
135
194
114
189
59
40
162
26
194
161
205
26
199
33
182
161
83
176
83
24
83
130
11
50
24
60
163
59
174
94
199
60
114
147
26
98
71
189
24
62
76
214
50
9
33
80
74
83
24
135
127
33
83
153
206
60
91
150
5
183
94
94
14
219
24
169
161
217
240
194
51
60
24
40
195
105
123
49
33
44
80
10
62
43
207
24
60
51
207
33
117
135
161
51
166
226
117
2
123
69
204
51
229
205
6
90
123
197
179
166
12
140
94
66
94
120
161
214
35
2
156
245
99
7
9
147
69
161
179
206
238
91
9
126
127
213
17
146
112
245
100
31
7
44
106
60
213
174
94
222
252
135
52
199
60
9
161
238
176
9
25
123
76
144
127
147
104
33
152
60
239
17
104
151
83
94
94
29
25
207
146
156
174
23
104
209
183
135
26
2
91
165
191
66
104
94
38
238
14
114
149
253
94
26
34
96
128
108
150
247
2
87
74
190
67
163
170
67
153
9
238
142
221
199
256
94
25
213
94
104
34
256
174
2
60
98
60
108
195
94
179
30
135
154
71
251
60
42
239
69
67
120
121
125
7
25
244
161
1
160
94
174
46
60
61
142
126
41
64
174
58
38
57
69
97
166
138
80
239
61
247
256
213
117
179
30
35
221
117
152
47
60
61
64
156
93
131
186
205
55
88
186
30
72
205
109
60
144
69
211
66
155
1
115
223
179
120
215
83
87
60
138
62
241
26
192
236
1
37
9
91
60
162
250
60
248
73
26
156
179
172
94
93
179
26
60
102
186
171
203
101
1
203
93
236
174
145
61
148
27
33
226
49
144
236
196
60
52
61
73
91
63
178
215
23
199
174
21
132
186
125
41
42
103
99
164
65
62
120
218
174
5
252
1
147
36
179
77
255
120
233
6
152
35
161
223
117
91
65
10
59
48
238
66
90
113
142
87
89
144
120
212
215
61
127
49
202
170
76
238
42
229
139
50
25
61
173
50
135
191
151
233
205
138
69
142
151
240
88
30
33
96
69
78
129
2
166
155
34
9
81
223
223
117
100
163
87
155
137
137
64
205
61
207
6
61
80
221
248
197
213
60
14
25
147
144
179
207
120
9
249
239
76
152
249
70
76
252
238
13
147
50
159
239
117
189
80
226
39
239
156
158
9
254
203
219
144
58
187
108
125
38
176
119
6
27
169
83
147
212
38
5
93
179
212
125
256
2
114
230
174
10
248
137
33
65
174
236
99
88
115
75
179
88
41
12
26
215
192
84
26
230
76
239
205
201
99
178
132
204
48
93
117
144
7
147
239
87
249
60
104
31
135
47
166
117
218
249
139
38
239
88
124
79
79
105
60
106
126
146
207
108
14
73
125
230
207
27
132
249
125
90
241
219
116
241
165
224
60
117
36
44
72
196
139
59
167
117
238
200
239
152
24
236
35
192
253
201
43
152
44
223
119
206
112
32
183
167
20
101
12
53
255
61
93
75
235
148
202
254
72
25
132
88
157
8
10
139
48
249
14
134
21
112
218
207
152
38
135
180
250
23
233
120
139
249
106
120
219
256
79
96
179
20
224
61
44
248
198
26
35
117
78
176
256
53
116
50
167
6
203
242
207
137
132
70
154
170
30
166
178
60
77
12
204
52
18
32
69
245
241
34
89
72
25
29
137
192
225
228
122
241
132
125
27
99
73
110
121
101
16
30
128
67
38
72
179
91
121
103
174
236
155
35
13
114
15
31
193
25
192
225
75
230
34
71
186
236
9
125
121
109
220
72
75
101
125
100
125
117
186
12
142
151
134
134
142
10
88
47
178
140
27
163
241
76
156
145
233
10
108
79
247
188
168
33
132
225
69
199
10
2
11
125
163
205
64
61
24
178
161
56
72
193
61
256
97
76
38
60
93
233
198
109
169
137
75
93
110
256
224
164
255
37
187
89
225
77
24
236
192
37
139
100
190
196
35
101
223
73
187
34
49
30
120
88
198
156
170
203
219
111
108
47
26
225
148
48
35
116
223
20
96
76
15
225
179
60
128
239
233
146
225
228
174
52
90
46
169
5
256
179
174
164
64
186
201
72
76
142
192
157
52
35
33
228
194
255
6
242
24
38
10
240
254
219
248
75
53
30
52
172
177
52
73
203
203
192
91
215
144
125
187
137
163
8
112
226
26
150
177
85
240
137
221
252
249
86
240
61
26
39
198
207
251
190
242
163
207
205
253
201
91
25
145
25
96
42
184
218
203
219
198
179
1
79
225
192
241
120
256
248
111
175
134
120
9
180
133
192
11
149
194
205
247
75
218
93
100
104
241
164
14
137
159
79
174
79
1
24
15
137
214
5
67
235
2
195
220
125
83
190
247
196
11
154
134
188
184
236
250
235
25
175
249
187
169
252
88
46
158
24
15
196
137
142
221
88
203
43
100
72
43
6
2
30
235
110
152
97
53
254
103
249
236
142
246
104
12
46
141
239
15
142
229
141
61
171
86
37
167
34
232
233
169
161
10
8
72
233
38
42
77
20
64
196
12
82
227
23
117
242
65
2
90
13
176
27
247
61
30
83
203
24
200
136
156
210
60
215
145
164
178
179
252
169
39
180
230
75
63
233
76
20
199
26
20
119
100
117
4
77
241
236
241
220
77
11
137
123
116
55
201
25
77
25
124
26
86
241
26
242
79
114
63
83
85
34
235
76
100
119
229
178
139
220
39
145
10
38
233
60
38
151
68
6
77
56
18
172
154
134
203
256
228
137
251
23
73
65
86
77
86
203
203
60
236
134
83
125
34
23
23
201
133
76
24
24
69
114
256
68
107
219
248
35
152
53
115
104
233
235
83
164
184
118
163
252
223
132
2
179
154
144
24
124
246
223
221
138
108
124
151
61
124
171
241
83
188
142
13
233
256
45
124
155
137
19
190
8
115
181
230
147
238
232
158
66
24
184
38
15
53
175
10
170
60
216
72
195
114
142
175
167
201
35
191
218
120
247
184
198
68
256
23
100
224
191
102
252
77
233
46
183
125
77
10
30
150
8
49
203
150
142
134
70
114
135
235
192
246
168
115
121
32
100
100
43
170
226
46
65
180
20
213
138
36
223
75
76
230
64
167
129
5
240
137
76
72
235
256
169
226
42
68
133
188
88
19
240
131
198
221
229
79
171
157
12
38
252
75
233
130
31
157
20
122
86
26
178
175
179
137
86
46
202
81
10
198
61
189
145
192
75
61
29
86
238
229
6
63
157
140
93
205
238
174
233
77
77
63
25
55
142
86
121
219
149
79
101
5
12
52
233
251
203
237
188
224
241
60
40
186
1
89
38
190
122
25
230
134
69
76
199
124
46
147
220
35
48
227
230
86
64
228
219
235
110
246
221
233
10
45
169
235
77
226
8
36
164
241
25
64
52
91
91
235
24
184
137
192
5
105
199
38
192
151
82
77
32
85
252
121
248
190
178
146
254
41
254
58
60
252
44
139
64
133
196
2
86
121
120
196
196
150
138
46
157
52
1
76
106
201
224
233
169
141
221
178
238
180
44
46
141
53
121
181
179
228
120
18
82
60
109
37
193
27
163
223
32
202
77
108
83
108
178
186
125
2
33
65
6
151
127
85
35
24
39
12
14
100
193
74
169
229
82
53
151
91
82
146
86
199
120
53
187
212
219
74
96
248
203
15
151
57
83
18
159
116
56
91
131
101
219
60
247
239
168
65
106
134
46
248
122
240
82
142
199
60
252
119
125
114
139
250
101
2
169
109
31
6
14
82
221
176
15
228
26
72
124
196
192
25
102
77
77
229
147
75
73
12
249
189
8
156
25
226
4
139
158
142
151
138
95
124
21
60
186
170
236
77
221
56
14
64
238
14
83
175
82
240
237
1
37
34
115
115
255
179
60
169
196
2
108
154
31
39
135
70
52
178
226
96
23
34
115
247
44
83
248
254
137
228
26
24
2
238
91
163
96
79
236
124
28
203
20
37
226
124
192
237
191
123
160
57
229
35
232
248
49
127
61
46
223
25
10
56
57
19
180
241
96
60
34
65
244
120
203
191
83
24
35
19
130
81
82
134
179
100
52
17
133
108
135
35
93
4
96
149
219
124
65
6
22
241
167
75
52
157
233
207
25
254
82
108
192
6
60
244
101
169
65
137
44
23
47
