84
84
211
100
91
211
84
162
183
59
59
25
211
32
59
91
183
59
84
32
135
103
134
162
27
94
103
154
176
25
27
59
149
103
31
168
34
250
64
147
250
176
114
147
86
91
154
168
17
91
143
13
149
174
32
226
174
91
91
55
147
149
168
91
91
27
226
226
178
106
17
9
54
250
13
54
9
17
176
44
66
75
114
194
106
13
87
100
84
178
225
238
184
102
168
17
9
109
13
9
63
114
147
226
37
245
174
10
225
154
109
87
249
49
192
245
249
49
154
9
158
120
243
203
192
237
149
120
242
154
192
93
2
67
9
50
158
168
84
138
65
27
184
238
38
184
67
243
120
168
154
111
28
9
100
71
248
146
249
139
181
255
9
75
44
114
109
230
28
248
77
195
178
140
2
184
15
129
226
181
116
176
252
132
211
54
25
158
221
44
75
184
73
208
167
15
238
133
8
63
189
174
123
147
120
158
163
114
54
151
211
45
217
165
110
154
170
63
170
242
235
174
211
249
93
140
34
85
65
237
62
38
181
138
228
151
189
65
31
199
53
245
174
38
122
97
77
108
84
48
153
62
9
122
198
158
189
88
136
248
181
115
154
85
216
189
9
199
153
9
109
231
189
88
252
47
26
215
76
63
250
228
85
148
65
158
123
131
248
250
154
9
183
57
186
120
62
112
186
158
48
128
9
172
35
163
230
127
243
255
15
94
199
47
131
198
53
235
183
62
190
133
75
243
62
232
164
242
139
247
215
221
136
110
181
174
85
73
35
85
112
88
133
184
168
17
168
45
62
211
104
216
182
182
158
179
63
159
154
5
122
15
15
230
55
129
151
62
70
122
134
169
62
138
163
82
15
17
122
158
16
245
190
242
33
25
69
53
25
35
73
63
77
57
190
249
256
163
256
94
29
243
25
91
186
158
186
202
204
129
165
63
53
217
102
84
149
207
26
96
139
73
73
104
137
169
10
114
50
183
112
9
24
122
186
42
256
138
55
249
167
83
240
73
210
77
228
166
172
10
159
131
122
131
121
232
229
85
249
13
226
243
48
55
52
256
57
120
243
252
17
114
40
83
240
210
124
236
186
164
243
232
134
73
60
168
126
163
6
230
165
63
139
85
256
249
208
121
164
57
77
122
256
94
104
217
85
100
85
169
115
73
80
25
153
213
50
193
40
172
163
34
49
168
62
80
83
114
25
31
130
73
154
52
245
144
139
12
31
122
133
35
120
169
77
44
238
85
25
139
25
162
196
219
181
25
124
224
210
247
40
252
244
141
7
238
25
158
247
105
27
77
247
144
237
236
122
64
207
222
31
85
133
252
231
9
94
115
166
220
256
164
124
54
114
199
249
116
196
6
229
6
42
238
88
115
72
202
139
31
61
124
120
94
114
196
48
146
230
15
252
105
203
65
75
236
85
75
71
253
149
131
230
29
149
216
245
31
148
26
39
108
139
13
105
252
151
240
55
154
139
49
154
219
126
244
208
117
49
81
138
25
122
122
250
232
139
167
221
232
179
31
73
192
13
229
35
207
124
88
167
94
136
139
106
9
65
227
145
10
200
174
73
216
207
154
256
59
187
122
142
163
250
85
230
39
122
86
198
94
139
242
138
219
229
249
221
249
9
104
241
214
15
169
69
153
27
192
256
8
82
195
145
124
34
164
207
13
238
104
131
169
13
199
184
76
32
198
139
94
13
85
184
139
25
170
203
203
198
243
216
198
49
108
219
167
135
33
167
109
238
222
116
180
163
25
110
103
55
196
196
253
88
5
9
230
221
71
228
1
193
46
89
66
167
218
170
255
88
256
31
43
34
117
195
139
27
105
13
62
213
253
52
27
133
57
73
179
88
195
27
256
230
101
44
50
77
34
88
196
116
145
224
163
256
154
187
34
167
76
141
187
73
44
116
25
88
198
237
137
133
240
139
202
19
144
249
50
196
115
116
203
65
84
219
203
52
167
88
221
220
21
168
237
65
13
44
238
139
155
244
170
242
229
133
65
144
85
190
255
54
203
13
77
52
133
88
240
29
203
154
247
228
101
237
214
191
213
73
94
170
167
207
69
89
240
167
72
71
32
77
133
144
124
139
196
213
25
137
228
85
21
69
88
120
167
198
210
57
83
210
87
62
158
191
14
213
230
158
190
18
36
27
116
157
19
86
16
196
133
99
203
88
196
147
216
102
15
169
205
131
216
158
169
244
52
155
64
207
44
179
180
139
82
240
213
88
169
204
114
193
53
230
140
228
137
35
13
69
126
128
192
159
194
128
21
244
104
139
79
168
228
169
65
142
139
238
253
40
134
133
189
77
187
174
207
52
82
227
174
216
240
25
107
184
199
210
82
244
182
29
156
59
46
186
82
107
61
196
61
63
16
107
154
104
133
52
43
221
82
128
255
249
109
7
73
247
233
113
202
216
34
253
249
253
159
255
191
186
202
253
61
124
12
66
193
233
216
104
134
221
49
75
82
179
9
244
238
191
122
246
110
220
203
108
7
67
88
233
19
256
26
219
237
49
163
191
133
39
124
252
244
86
252
82
42
156
189
237
157
52
161
221
73
76
229
106
88
255
137
35
169
155
34
221
13
75
182
128
155
6
75
155
61
137
238
246
176
43
24
52
42
49
191
255
238
247
155
130
139
255
155
155
155
249
104
170
104
73
107
182
196
139
