81
40
81
11
58
60
29
11
153
81
231
81
108
58
144
11
29
250
96
38
159
233
111
240
3
67
195
72
58
32
84
91
38
81
162
244
86
239
231
29
93
44
135
81
232
162
153
225
170
239
105
117
177
239
219
231
34
81
237
225
246
9
176
26
56
164
127
10
225
153
81
45
22
153
111
191
20
108
160
23
176
153
125
219
73
251
142
32
153
72
72
81
79
157
251
153
239
81
18
179
219
81
18
69
61
233
225
96
192
251
204
26
239
244
153
220
97
18
244
157
22
240
72
189
152
126
61
237
121
43
54
10
153
18
54
116
176
93
126
214
225
23
140
86
239
164
130
205
20
23
142
160
202
20
125
191
14
64
125
153
126
181
125
20
20
160
20
20
11
251
125
212
20
125
125
20
20
76
24
79
191
179
205
150
125
55
103
74
153
153
251
125
153
125
40
177
5
86
160
76
108
153
50
127
119
74
239
239
119
180
20
74
125
20
20
125
239
169
69
150
86
125
140
223
135
125
125
225
220
239
115
31
20
199
103
56
81
121
20
167
125
108
50
9
6
234
125
225
125
225
240
125
125
125
43
125
20
160
225
72
189
10
233
225
20
79
76
112
145
20
233
164
153
56
179
3
112
58
187
20
46
20
16
251
111
159
76
144
50
125
14
20
64
160
119
24
160
125
157
97
159
128
123
160
56
123
126
67
239
20
20
24
160
24
128
125
77
219
3
24
20
80
119
34
40
20
12
115
150
55
160
3
111
61
81
157
220
20
125
5
160
53
49
173
146
66
240
237
157
128
161
161
108
108
229
244
233
34
199
17
167
86
239
190
20
106
4
20
91
20
20
157
253
187
36
24
49
8
56
128
20
125
79
128
157
125
154
50
20
20
20
125
125
167
190
20
77
100
125
1
128
220
157
135
21
125
241
100
20
133
167
239
20
14
242
20
239
46
20
35
17
20
125
34
125
17
98
92
20
125
105
61
128
125
98
20
30
199
17
157
225
17
254
234
20
125
20
82
168
47
157
169
91
20
1
125
115
225
105
125
20
122
146
35
61
20
196
125
90
1
92
235
180
116
234
107
26
34
92
1
125
145
125
125
39
243
20
191
24
27
20
195
2
125
21
190
93
125
20
115
125
125
20
125
94
125
2
152
105
128
10
76
234
125
4
2
125
24
67
91
26
69
163
128
157
22
23
75
128
19
189
125
20
20
159
105
44
225
125
20
129
20
157
125
18
20
157
199
20
234
203
100
157
167
81
146
1
100
125
159
211
20
91
225
167
20
174
243
254
167
234
233
52
225
31
35
125
254
20
99
102
91
119
219
119
125
157
115
256
108
20
167
125
26
255
180
225
91
30
117
34
94
157
115
234
76
20
19
20
167
24
91
125
163
161
35
234
225
237
164
20
76
125
234
89
174
20
35
26
94
234
61
254
234
233
254
125
157
119
157
207
83
4
135
167
20
120
157
125
159
10
79
20
72
91
44
91
236
233
94
4
2
128
26
94
2
159
186
195
238
201
76
24
234
234
19
157
94
125
157
100
81
20
34
4
79
125
20
20
117
71
65
20
248
234
157
58
1
20
234
192
234
137
93
234
20
20
125
20
163
225
235
20
230
227
20
20
234
44
19
159
170
157
185
232
91
94
125
67
20
233
125
20
20
117
234
18
20
234
233
48
234
234
179
167
71
20
60
20
125
42
82
234
242
20
96
20
129
20
163
81
157
125
192
39
20
91
207
132
30
234
142
234
234
20
2
125
119
137
211
178
117
238
60
20
1
234
20
254
207
125
92
234
163
163
30
45
117
234
125
1
116
234
20
163
157
147
20
174
130
234
125
125
234
234
186
20
125
163
221
1
20
20
55
179
234
163
251
162
251
129
94
125
179
157
116
163
234
173
163
48
130
4
200
8
207
234
163
1
219
44
20
79
20
248
119
142
163
163
116
234
24
215
119
173
60
10
237
248
198
66
4
19
30
162
167
219
48
20
96
44
234
167
232
35
251
225
151
79
20
20
24
157
229
20
234
163
119
89
44
119
163
119
30
148
119
125
234
4
234
202
20
234
74
119
9
46
4
30
53
223
20
214
251
62
25
142
23
234
74
161
119
13
135
44
137
32
82
48
116
108
48
163
107
157
99
23
192
119
163
20
98
53
20
119
9
254
9
119
69
24
4
218
246
163
116
31
234
162
46
32
20
241
254
90
117
195
63
147
163
66
163
142
42
42
20
67
98
60
254
210
163
139
27
198
234
151
163
119
81
95
113
44
120
115
169
119
119
3
192
119
119
234
119
23
4
178
119
205
158
46
39
148
82
234
9
30
119
224
42
20
67
120
119
119
84
86
121
119
253
119
157
119
137
20
119
254
119
98
119
234
119
30
179
234
48
163
116
98
119
119
229
119
20
237
119
125
60
115
249
9
98
119
137
160
8
61
214
16
207
89
152
106
223
119
119
119
163
148
207
81
163
24
42
163
74
23
163
119
9
119
119
19
256
160
71
119
253
8
223
119
135
20
161
119
52
119
98
219
36
98
124
137
90
117
8
1
254
44
72
19
12
9
77
81
23
116
163
124
163
115
160
146
119
179
119
82
167
124
10
251
18
225
36
12
42
163
203
9
48
182
163
56
219
164
163
142
193
159
9
55
189
202
119
163
163
230
162
74
53
44
241
74
249
155
60
256
153
11
161
79
19
55
199
88
163
48
12
163
60
86
155
32
89
39
86
182
189
25
42
133
23
163
48
163
189
163
175
53
157
216
98
79
98
142
142
133
254
81
11
252
243
178
116
42
23
121
213
81
161
182
142
10
78
124
207
230
195
167
77
200
4
115
119
207
81
142
44
97
102
74
163
42
56
56
35
163
163
60
241
53
48
117
178
163
256
157
224
185
60
213
1
232
163
111
133
175
67
207
23
74
98
41
133
111
174
256
234
25
145
8
39
156
8
133
117
237
170
166
115
21
207
37
60
81
163
133
200
133
21
124
32
117
163
72
169
178
14
152
119
200
42
176
124
163
214
170
254
159
203
133
133
45
20
186
224
117
42
42
157
12
35
20
10
21
241
17
200
76
41
163
163
175
34
33
25
223
25
151
146
96
163
21
163
163
146
170
124
197
156
124
252
167
31
193
130
254
158
163
34
5
197
151
20
137
254
85
256
59
35
49
23
43
121
80
169
53
170
252
121
20
60
133
124
34
20
53
203
183
170
169
144
43
240
1
202
119
119
254
43
163
59
201
224
240
256
169
205
215
119
201
33
241
256
146
242
254
35
163
179
239
232
23
137
45
91
119
19
35
161
39
35
194
163
156
64
23
238
236
64
170
82
205
88
163
228
103
201
163
203
35
236
252
222
111
62
133
203
88
169
200
203
35
88
188
73
240
170
240
236
169
105
31
170
202
163
213
169
35
169
240
