59
127
110
127
51
51
51
42
195
67
51
51
51
165
90
127
67
110
165
122
165
165
129
165
51
115
209
51
165
165
17
51
115
17
165
122
165
17
195
51
51
129
17
17
51
17
165
94
172
245
69
67
172
127
140
127
157
157
172
90
127
251
246
145
243
212
114
189
177
69
95
42
178
246
157
192
199
172
87
113
145
165
76
243
104
100
94
243
140
100
150
245
174
246
136
71
216
145
195
246
99
106
199
98
192
165
192
131
165
243
127
127
245
110
211
110
150
110
225
54
92
156
71
76
17
226
156
3
70
157
231
148
50
54
110
245
4
54
114
3
26
251
145
20
148
211
216
17
54
211
213
251
150
136
134
14
70
168
92
71
154
150
177
3
176
253
51
209
110
150
150
208
204
165
106
148
42
177
184
25
231
154
156
164
165
187
9
70
4
92
184
245
77
73
210
184
131
148
77
20
177
106
210
161
188
230
85
157
104
9
15
210
181
26
216
106
184
156
13
149
173
164
9
148
117
245
56
13
85
104
4
216
133
204
124
25
9
158
63
124
156
77
77
156
91
212
31
85
8
77
188
23
39
112
23
211
156
251
50
31
174
77
16
76
72
87
156
112
8
159
8
4
156
235
55
174
197
159
139
69
213
139
224
72
66
50
197
232
84
92
87
42
48
245
255
77
29
92
62
246
252
123
181
131
181
236
62
92
32
210
124
127
59
139
181
145
57
181
33
247
208
139
12
197
235
82
215
32
161
62
157
157
197
99
67
104
153
249
204
218
148
250
115
66
57
148
109
8
148
72
226
4
140
140
218
63
153
153
214
48
170
150
104
134
245
99
104
77
139
189
153
148
37
25
140
159
85
192
90
149
127
162
252
139
156
124
13
67
100
213
15
106
197
149
13
100
153
104
149
79
63
148
16
63
217
215
70
255
14
13
249
159
149
72
91
214
48
38
255
92
15
214
5
49
177
255
149
230
63
140
157
63
52
139
157
214
140
140
104
159
77
26
108
133
189
72
74
40
189
44
197
91
214
255
63
52
189
134
16
177
74
214
197
10
82
218
124
15
72
79
4
48
219
249
104
177
104
158
139
177
159
134
214
140
39
126
213
174
235
197
158
189
86
220
126
64
117
86
74
70
21
59
104
177
172
97
117
198
155
157
82
133
85
161
15
161
86
70
174
4
192
181
207
159
163
216
21
64
245
215
124
190
115
241
102
163
22
223
124
235
158
207
248
55
255
216
249
197
221
70
26
249
9
56
4
56
200
15
200
136
201
25
210
44
104
87
163
161
33
176
189
197
53
75
207
45
99
45
247
23
88
213
82
157
53
15
33
86
189
23
124
158
88
81
117
6
192
205
94
10
215
39
72
124
161
77
83
246
155
52
112
124
103
104
78
171
124
120
72
169
9
115
82
62
200
100
70
246
44
193
44
72
155
159
139
196
45
85
132
187
85
230
72
202
82
159
230
166
155
124
82
160
157
81
53
61
118
4
213
52
124
157
87
163
223
218
82
74
53
6
202
132
210
157
233
