162
249
256
146
202
230
51
88
84
202
237
243
256
69
84
165
205
190
22
184
113
256
205
84
256
205
256
69
256
140
169
165
62
230
178
84
84
172
15
256
143
165
162
104
143
205
205
194
256
157
98
37
144
18
67
250
168
166
184
237
107
202
160
251
15
221
166
205
125
150
230
31
168
110
205
160
230
67
53
160
62
242
150
194
62
244
54
237
62
146
160
85
32
140
195
150
15
231
235
15
18
66
244
15
113
146
104
249
63
15
89
178
221
135
202
89
119
194
113
54
15
50
146
50
205
158
204
186
202
71
107
63
69
150
178
143
178
192
87
244
150
149
164
249
178
256
87
205
121
186
194
115
15
202
166
15
235
189
66
182
144
89
235
50
88
186
215
112
189
169
169
235
149
53
66
184
186
25
146
217
62
249
235
215
85
149
149
178
186
24
84
95
103
235
149
161
52
235
29
140
194
199
191
244
63
66
88
15
45
106
84
12
225
217
7
256
163
57
210
144
116
161
191
243
184
52
84
53
133
12
92
235
235
80
10
133
12
149
4
62
135
121
211
199
243
215
45
250
85
243
7
36
232
3
53
235
2
63
198
244
253
33
99
215
249
217
204
36
21
107
119
243
158
4
44
235
107
58
208
52
249
72
103
10
15
85
94
216
7
63
15
180
15
235
149
52
135
184
172
183
136
204
244
163
61
8
207
7
220
99
191
115
52
76
48
192
2
243
12
94
235
12
132
173
62
204
244
186
50
56
83
166
88
191
133
181
32
172
207
2
253
81
83
221
85
139
146
60
184
185
256
11
178
178
50
96
221
163
153
157
205
235
15
11
79
133
94
235
63
12
136
209
161
238
69
132
88
157
133
56
218
191
94
73
81
217
103
44
207
185
73
55
86
52
132
85
172
99
167
124
57
256
60
161
12
214
246
29
249
76
29
2
52
138
43
108
50
246
204
163
44
140
129
83
107
111
64
164
174
61
129
76
100
232
94
174
72
163
185
56
103
44
115
129
78
73
153
174
94
77
151
67
174
85
55
85
204
11
72
39
174
99
44
125
212
11
158
67
18
94
215
94
163
163
85
187
44
158
98
25
163
215
242
94
45
242
27
174
202
246
206
165
85
70
146
64
77
32
63
215
253
94
41
115
202
207
216
63
216
96
133
14
110
136
256
207
189
189
21
209
210
148
111
157
77
164
73
27
148
75
194
212
184
192
126
100
170
253
94
199
202
86
160
63
202
45
135
202
219
187
58
186
96
198
88
17
53
178
43
159
78
174
199
163
153
148
133
133
65
159
133
93
240
72
215
52
64
29
113
12
193
207
132
232
132
132
172
175
52
124
232
56
79
247
9
186
73
234
133
211
184
53
239
104
14
64
18
203
215
72
163
10
44
207
108
25
248
94
94
248
91
176
215
223
56
17
157
157
169
161
199
207
72
63
199
256
132
99
238
99
77
8
253
79
174
226
247
159
67
65
2
242
63
7
161
235
186
95
99
44
2
53
99
128
221
88
207
52
14
43
9
256
67
129
14
14
94
219
230
25
215
48
207
76
232
237
44
242
128
210
63
94
104
199
63
199
248
192
163
239
98
64
203
2
94
118
159
148
12
213
226
216
192
154
63
99
249
221
39
110
207
235
27
115
186
207
64
91
129
18
95
203
15
12
235
15
91
249
163
178
159
172
63
236
137
23
44
87
159
94
159
4
107
224
12
39
226
16
152
9
184
64
45
9
134
155
103
236
91
56
215
216
103
61
138
38
161
248
169
16
172
226
159
91
253
148
146
246
63
72
32
159
147
128
55
170
44
64
213
47
81
213
85
160
94
162
9
163
129
140
86
150
242
243
9
61
169
110
115
61
24
26
236
216
133
63
28
18
215
224
111
6
215
2
174
184
112
52
214
164
172
172
77
207
174
174
72
208
161
205
147
89
213
216
23
212
108
242
28
56
94
63
103
191
243
133
161
232
163
28
159
72
25
215
202
23
129
221
214
219
73
72
210
219
13
228
226
99
137
56
238
52
103
242
229
115
86
85
72
25
199
108
25
56
174
11
127
199
172
246
149
1
145
123
81
199
124
18
159
116
39
106
47
93
207
201
37
236
164
216
123
61
199
166
256
197
207
82
215
115
249
64
64
98
216
115
169
94
216
152
252
137
199
38
46
243
226
196
159
218
207
72
161
193
6
253
55
212
138
83
221
91
189
42
26
99
236
169
214
72
172
115
238
159
104
194
66
115
178
38
99
228
38
207
99
18
161
159
72
124
64
216
121
64
137
122
52
163
166
103
245
108
88
224
99
172
154
159
201
94
2
34
51
193
132
137
115
167
154
137
59
169
174
150
213
195
78
61
72
138
127
55
48
2
103
159
42
126
47
236
38
86
199
104
52
212
213
205
155
164
156
238
237
19
212
159
128
238
144
226
83
126
215
62
99
39
138
34
83
83
252
112
89
126
31
189
108
43
159
75
197
247
97
163
197
210
212
56
104
178
72
179
221
72
133
216
61
99
166
252
115
61
116
9
10
199
157
135
120
9
72
30
139
193
227
158
198
159
238
76
63
207
174
34
232
115
197
207
26
32
42
34
48
108
247
221
207
30
32
231
193
227
120
56
5
221
104
218
207
228
198
9
247
34
213
5
218
55
233
8
219
34
30
62
233
115
216
213
120
86
38
99
99
227
167
91
154
190
9
222
55
81
13
201
137
255
12
212
158
156
72
76
6
159
207
229
37
114
113
255
72
185
163
72
22
181
44
226
145
61
197
34
126
46
137
238
171
205
9
169
76
255
219
72
44
9
64
168
44
56
172
170
32
55
199
174
200
183
163
174
144
171
241
137
29
72
124
207
179
252
163
218
83
111
44
238
168
56
25
134
14
163
120
39
108
36
237
124
40
120
105
34
96
151
221
219
242
175
169
8
238
101
170
18
84
135
197
182
93
90
199
158
164
39
66
72
6
202
35
158
34
238
65
144
197
238
231
199
138
221
93
190
218
146
126
89
201
210
34
216
120
87
197
137
255
44
137
57
219
41
171
61
156
111
9
144
120
120
238
159
144
203
88
201
38
120
185
120
44
116
144
134
210
47
72
157
89
61
36
190
196
34
72
201
89
201
42
116
31
40
247
59
197
88
97
210
242
216
126
72
255
244
72
155
155
218
