115
130
229
229
74
195
177
177
206
240
74
190
190
65
205
225
34
205
215
91
231
135
18
205
74
18
231
187
87
33
75
206
231
138
183
5
43
105
181
176
246
164
80
243
256
33
76
164
76
75
58
18
40
95
31
250
140
33
176
240
171
164
114
203
256
40
180
34
109
205
220
117
194
18
178
65
138
33
75
113
151
69
42
86
144
60
140
164
135
167
46
130
91
86
220
46
60
248
157
130
71
13
236
254
250
1
31
134
164
42
220
58
81
126
102
208
144
192
163
1
164
180
58
133
24
92
106
87
65
166
59
245
11
112
206
46
220
89
40
130
179
231
87
65
51
154
180
249
52
144
8
81
180
252
229
87
202
176
69
26
254
26
208
127
58
195
182
169
65
210
1
45
28
103
100
132
127
191
233
58
90
67
144
138
81
71
191
127
52
74
92
11
250
165
16
200
65
108
153
4
127
26
103
256
252
46
239
185
34
37
101
153
164
37
144
204
210
210
220
81
239
37
212
116
153
186
46
46
135
147
256
144
35
24
250
24
35
65
75
93
222
205
184
68
210
180
46
87
210
195
126
46
231
58
190
206
208
175
203
184
98
108
81
154
46
210
179
15
65
153
201
116
250
175
52
50
11
164
65
250
92
87
35
90
92
113
89
242
16
156
144
90
3
229
38
208
231
253
200
233
233
138
142
252
167
46
105
93
219
200
164
190
195
195
208
204
175
233
48
205
134
137
37
90
208
70
169
87
144
190
138
208
179
107
203
13
210
190
205
135
170
126
105
156
208
116
192
192
151
212
9
46
122
252
233
179
153
223
191
24
233
3
239
184
31
126
231
224
101
37
77
60
90
228
3
184
204
87
77
100
187
185
136
234
217
113
184
135
65
160
164
9
190
210
175
13
229
113
31
193
217
81
175
90
142
228
240
79
195
167
168
212
184
26
132
101
229
1
87
65
149
171
77
191
135
241
107
46
21
21
233
65
58
152
70
217
252
18
233
186
119
70
104
84
217
95
170
46
14
74
37
191
192
253
6
37
142
41
100
219
107
46
211
35
184
171
191
153
25
52
184
201
225
167
32
37
6
21
206
34
52
152
175
175
24
101
202
211
46
224
34
60
233
140
240
1
22
13
205
229
80
142
59
217
256
229
210
56
206
92
24
158
30
160
30
16
209
98
225
46
99
141
251
137
14
87
37
243
117
22
168
209
233
179
169
11
243
113
233
46
15
50
218
137
62
184
178
37
171
206
180
197
171
217
219
24
216
20
229
19
92
80
184
168
179
26
136
137
14
144
191
65
74
181
81
206
1
233
36
167
60
63
188
134
16
146
77
95
92
233
121
14
184
184
139
65
171
193
65
168
232
76
222
205
235
252
244
205
34
80
21
244
159
92
6
76
39
210
249
89
156
253
75
243
167
46
156
52
24
192
205
3
1
210
152
203
92
225
116
233
106
65
30
210
14
192
20
114
171
21
168
16
52
222
249
60
195
54
205
168
216
21
1
252
111
113
170
70
184
21
16
16
116
37
216
194
167
168
210
55
58
249
243
230
63
208
54
63
102
132
50
14
24
24
134
29
255
134
60
58
170
183
57
34
89
6
164
167
205
167
156
185
241
116
177
4
229
160
75
233
14
63
107
233
235
171
254
80
192
38
171
146
11
149
179
11
149
250
171
149
38
81
101
152
74
46
149
63
144
116
167
107
198
5
58
177
250
191
171
23
167
195
171
228
26
152
231
256
245
249
167
250
132
184
77
233
70
242
210
56
231
168
191
105
1
202
220
250
188
179
30
118
54
58
180
171
56
30
241
181
241
179
125
158
234
31
195
250
21
59
254
192
190
2
233
179
198
16
61
46
101
74
92
248
3
63
75
15
241
67
225
210
38
231
171
166
205
108
222
125
217
179
81
111
62
179
234
24
15
12
248
166
111
15
191
157
238
241
15
77
70
63
34
183
116
167
248
168
233
114
59
116
31
46
149
179
24
111
201
31
142
167
92
5
80
146
164
168
186
193
149
75
145
113
62
233
182
231
222
58
75
175
34
250
97
13
198
139
255
38
21
38
246
222
182
107
24
227
132
59
48
204
122
200
65
241
105
236
253
93
191
40
233
219
5
63
137
163
179
7
255
152
166
38
253
101
170
58
63
47
236
24
29
179
6
97
224
5
101
170
238
163
111
158
24
34
80
167
107
185
19
116
171
92
233
142
75
97
15
135
245
142
224
43
60
15
43
33
28
63
101
15
170
142
24
101
179
119
15
165
97
241
40
80
2
192
3
201
10
227
92
167
52
101
167
254
130
238
92
237
184
111
167
15
171
15
254
152
137
125
222
168
142
240
256
246
246
43
242
24
179
142
179
34
57
57
24
152
89
148
241
256
15
118
185
101
146
141
152
168
46
81
152
63
217
241
168
227
209
4
142
58
142
142
142
194
167
185
198
139
200
251
93
167
130
92
211
167
125
234
47
142
18
233
209
142
158
125
2
4
246
193
36
187
158
156
179
241
224
227
203
37
29
168
24
158
135
47
168
63
116
63
118
118
254
185
15
165
221
224
60
60
43
238
188
246
158
4
241
6
168
207
190
43
80
37
188
168
168
227
188
181
242
228
227
75
238
200
19
58
170
24
152
118
228
188
171
2
171
141
227
207
256
241
4
4
146
13
142
254
200
46
173
200
241
58
113
38
142
8
80
249
40
173
76
233
255
228
40
14
118
51
224
188
158
22
127
226
245
38
241
188
244
93
142
241
70
60
224
125
241
58
118
111
142
145
152
241
15
58
118
228
11
119
249
4
168
171
142
158
86
15
241
228
38
80
166
44
142
24
124
57
60
171
37
31
254
246
229
24
168
168
228
13
93
113
166
80
51
24
43
247
201
125
233
152
256
246
111
198
24
185
71
42
118
152
116
111
24
192
241
57
158
111
15
241
37
111
233
233
46
38
167
