81
107
165
74
125
40
243
140
140
169
127
36
165
18
112
62
97
32
140
151
50
184
113
36
121
84
40
153
31
140
221
23
215
251
184
62
184
203
209
242
165
191
59
84
93
50
128
140
251
63
251
208
3
184
181
228
89
25
235
23
23
165
77
53
36
173
181
208
151
32
210
200
151
41
215
112
249
3
54
200
40
153
153
21
200
54
206
81
209
143
208
244
15
213
6
4
31
153
242
40
181
144
200
52
52
32
208
75
153
88
83
236
125
84
74
231
5
162
153
228
41
81
153
237
98
127
63
32
88
202
112
159
162
210
202
106
25
153
88
126
126
162
127
32
6
82
40
251
74
12
136
169
63
98
125
7
253
153
138
112
61
7
126
136
62
17
212
107
27
143
7
125
44
193
4
119
206
181
191
160
4
132
63
125
143
200
231
254
27
225
50
84
25
200
126
162
160
182
204
125
144
210
143
253
164
61
74
212
114
20
163
27
181
143
182
194
203
20
74
212
182
16
200
114
206
89
75
27
212
200
212
159
4
4
212
143
194
178
13
20
212
211
125
62
90
148
148
88
212
211
29
175
125
215
181
256
190
181
231
115
108
24
222
4
18
126
131
29
97
20
125
66
125
89
180
239
114
119
202
181
125
151
143
27
151
110
176
162
183
236
96
7
31
71
125
181
71
115
20
136
175
133
119
200
153
204
208
125
242
222
153
89
151
1
71
125
4
136
107
252
25
20
117
181
222
122
74
107
114
125
4
79
125
27
27
175
231
181
181
253
89
20
204
125
76
21
125
237
234
188
9
199
71
78
195
76
204
234
125
129
37
125
73
9
234
234
125
71
166
125
252
16
204
108
200
67
234
163
84
150
129
118
115
98
4
107
18
32
20
129
118
229
225
202
89
62
151
146
220
9
133
225
163
51
126
165
97
153
125
125
22
224
256
251
122
142
31
7
8
98
234
210
218
107
243
241
165
176
52
112
213
12
141
162
208
240
122
200
88
162
169
23
123
190
97
225
209
243
214
229
22
140
160
144
160
247
143
143
200
243
165
84
144
234
84
249
164
53
191
98
151
251
52
200
88
252
254
254
165
155
209
175
133
9
115
63
175
125
175
37
234
237
115
169
234
206
115
85
63
151
112
169
218
28
23
84
71
81
218
197
133
123
175
47
153
174
160
118
243
245
141
234
208
185
182
86
23
44
151
12
31
8
235
4
61
21
122
107
96
71
151
203
31
122
243
200
102
110
7
204
151
158
254
86
209
122
112
73
173
73
21
183
195
244
124
251
119
197
4
89
125
234
225
120
45
217
17
152
125
44
23
206
29
58
120
9
42
23
158
194
205
231
81
51
128
71
202
242
98
207
107
94
208
175
123
242
84
220
128
89
234
89
4
69
205
98
240
115
243
80
32
186
36
162
107
117
24
9
36
146
163
234
244
84
47
62
230
234
125
197
4
194
200
230
244
111
244
115
84
70
51
185
141
84
213
31
68
199
227
155
86
170
155
84
185
12
112
200
207
59
111
47
37
189
149
12
161
191
215
21
25
109
119
12
119
140
14
98
253
192
113
133
200
98
215
74
84
125
44
189
157
84
186
9
113
46
129
89
84
25
98
194
49
137
155
115
232
212
192
54
56
231
162
9
72
32
29
162
125
122
51
208
160
107
87
171
80
88
82
240
62
126
120
206
212
125
173
12
59
74
36
61
12
84
129
51
44
37
165
47
29
162
208
52
62
29
88
163
46
128
197
71
91
229
21
51
121
208
125
133
151
165
225
234
162
24
87
120
211
244
137
246
155
12
215
204
140
99
162
242
16
12
166
84
91
91
120
84
173
50
125
169
54
84
184
192
72
219
147
173
18
246
98
234
23
24
202
7
155
12
160
82
84
124
198
140
226
71
58
84
162
129
128
22
16
128
156
12
246
140
225
163
246
247
87
214
55
102
197
115
4
230
40
254
203
36
128
98
155
55
120
235
244
121
7
208
254
254
12
48
91
47
249
84
152
8
125
58
156
55
125
224
221
218
14
159
55
213
80
58
125
74
125
6
71
235
254
190
115
123
164
55
104
161
140
218
218
4
84
104
206
17
218
22
228
209
4
209
166
209
254
73
213
9
208
97
232
55
48
49
256
56
55
244
235
244
200
191
110
88
144
253
6
240
12
15
120
15
207
48
133
221
163
31
152
58
133
254
207
77
128
63
128
232
80
163
168
23
188
82
98
13
188
120
207
198
63
152
249
151
104
99
133
44
19
249
148
192
128
196
213
235
208
200
24
208
213
226
192
72
72
98
36
235
72
208
22
184
16
140
50
208
192
127
75
253
155
155
73
216
158
121
63
104
159
14
193
72
158
195
13
140
173
56
63
23
17
73
12
161
71
72
232
163
173
125
155
121
163
76
232
197
23
247
110
168
39
207
168
173
191
163
255
40
45
56
15
193
173
216
90
184
63
195
91
10
107
43
152
72
120
12
79
120
244
181
120
207
193
23
12
120
12
188
40
69
213
104
226
238
63
128
13
232
148
207
152
128
197
253
28
77
49
198
238
47
207
128
82
15
56
113
198
23
64
128
197
158
168
244
56
123
212
40
207
163
253
197
50
148
133
194
120
166
244
197
43
218
50
207
7
17
20
73
66
247
139
149
197
20
173
36
193
41
172
62
197
12
244
80
155
46
36
149
9
42
66
15
247
161
163
178
17
247
149
197
155
63
244
207
72
122
120
178
4
193
244
125
213
248
77
156
213
49
159
82
115
254
163
198
45
40
133
158
247
244
72
213
15
191
184
63
80
77
226
139
84
120
63
167
15
192
50
117
197
152
197
133
133
141
64
159
115
11
72
169
167
173
72
158
89
76
72
167
198
207
7
27
56
120
80
77
232
157
7
63
155
239
216
199
82
256
19
72
62
86
43
158
88
197
168
197
152
160
122
173
197
86
92
83
200
45
72
82
201
244
45
48
61
85
102
252
158
82
133
49
232
171
