150
7
7
208
60
7
208
150
143
208
7
209
143
180
143
209
135
135
233
143
143
107
97
231
28
97
136
143
59
59
34
38
132
55
150
209
89
130
231
59
97
21
135
160
165
89
170
209
253
38
1
160
165
33
100
125
59
242
210
93
97
149
253
135
38
167
162
6
140
233
56
242
187
6
31
35
187
206
171
63
36
132
212
64
59
198
210
150
149
6
171
251
150
89
46
87
75
1
205
16
59
21
229
38
18
185
58
38
36
81
65
211
239
165
73
21
214
171
6
28
37
8
119
107
6
65
24
58
56
74
83
151
13
127
83
171
106
40
74
204
116
184
183
41
198
118
38
126
58
233
165
107
38
225
182
239
63
165
233
134
171
16
93
236
18
41
144
76
136
71
43
110
185
6
229
182
107
7
154
81
236
116
194
154
231
58
168
38
133
154
135
109
196
63
231
37
58
59
54
237
155
95
181
255
43
20
40
36
181
20
208
68
97
225
154
26
227
20
144
205
205
113
204
221
107
41
69
58
18
193
204
63
93
93
204
171
206
93
118
63
196
171
205
54
63
171
104
182
7
59
88
24
239
180
65
239
177
180
177
38
162
28
31
58
154
87
58
78
249
206
37
241
225
206
239
104
35
31
212
181
6
37
194
217
171
192
3
37
24
191
191
181
162
154
206
192
191
241
210
219
181
78
58
193
183
215
55
150
95
58
232
3
171
171
62
212
167
136
206
50
118
199
58
180
149
144
81
235
14
225
20
37
122
63
206
38
24
109
97
38
171
61
14
87
231
172
124
191
194
37
20
122
78
108
251
125
136
77
191
14
59
218
225
41
205
139
142
25
108
172
92
227
94
122
5
30
138
25
223
167
44
7
108
90
58
225
225
58
8
185
151
37
118
223
4
31
3
101
233
181
92
37
47
58
41
20
105
127
210
171
199
177
75
108
24
171
210
141
51
184
58
4
25
158
151
168
4
182
184
124
158
37
174
223
122
202
75
58
87
38
167
184
115
246
197
43
32
239
128
58
136
73
99
174
5
122
65
107
78
63
171
151
122
36
174
200
30
210
27
141
13
225
154
129
171
173
182
48
118
6
174
92
122
184
187
13
92
188
87
164
150
47
18
6
188
24
114
189
199
197
24
158
37
21
6
117
18
107
47
158
87
107
151
182
3
158
151
246
56
171
179
245
184
24
122
75
109
139
164
178
223
38
24
6
20
173
188
104
37
142
174
233
76
87
241
121
168
119
65
116
182
187
158
77
109
255
18
192
223
167
193
158
195
125
185
191
171
70
167
199
44
182
37
87
188
61
1
87
191
197
158
20
92
118
224
68
37
18
198
122
182
187
150
37
33
171
166
109
24
225
4
37
44
37
122
95
211
163
191
253
68
158
58
4
16
129
171
210
125
116
244
224
134
150
223
174
194
122
174
95
193
65
169
130
191
31
118
119
63
243
101
95
150
4
179
23
125
112
235
4
179
125
33
243
138
20
23
124
191
71
30
24
211
184
74
199
144
192
170
202
158
243
181
255
65
134
118
163
90
164
24
4
235
48
24
184
136
41
182
49
7
241
155
225
172
184
108
33
30
55
171
211
95
48
206
239
141
225
198
191
24
42
184
24
101
44
246
43
9
74
20
43
206
83
92
90
250
161
129
168
101
167
99
167
24
230
30
167
233
101
174
177
164
9
141
24
254
55
43
154
246
207
254
142
49
18
208
13
255
13
21
187
5
37
24
171
4
128
37
249
5
13
255
241
227
157
24
172
23
255
162
206
42
216
172
27
37
180
24
242
242
4
34
39
174
229
109
21
49
228
182
13
93
177
58
42
4
88
156
101
92
118
198
4
119
77
68
189
61
180
251
247
6
46
20
135
113
37
208
184
158
24
93
233
158
171
117
154
101
191
227
15
6
43
249
227
247
171
234
87
249
78
5
89
83
121
206
89
71
228
40
185
87
47
233
74
205
198
193
40
37
188
193
249
13
4
192
42
141
158
224
249
192
120
229
74
92
182
4
125
163
225
242
247
200
33
58
91
210
122
120
42
68
72
137
58
213
154
52
210
60
17
91
185
168
119
65
33
119
245
213
197
191
93
15
228
68
98
227
156
107
163
27
133
26
156
20
57
147
24
