146
108
14
14
253
90
107
13
253
195
84
150
147
127
112
106
95
147
3
95
97
127
95
79
190
195
3
127
76
35
87
205
150
5
180
14
10
41
171
204
203
204
206
174
208
3
10
112
147
189
180
3
252
18
47
74
92
233
112
101
3
101
182
147
138
97
24
61
180
2
147
24
238
50
130
93
75
150
215
167
74
106
65
74
174
116
24
6
175
66
215
38
5
153
105
182
131
204
189
30
167
250
8
90
6
2
5
175
214
250
10
55
70
138
24
106
57
24
65
74
136
150
10
95
208
108
204
42
2
64
161
250
108
31
122
167
167
180
126
38
74
167
50
214
77
240
211
44
167
65
34
152
90
34
195
204
238
101
63
206
204
161
150
49
176
205
30
252
138
92
180
155
109
3
62
50
179
106
238
189
160
151
79
238
83
157
40
81
153
205
180
65
122
25
95
217
240
38
152
112
81
243
3
108
171
242
97
204
237
233
190
98
217
151
192
170
81
163
214
106
219
87
106
140
44
252
101
4
5
140
170
41
192
154
65
78
237
242
205
30
136
128
240
230
171
79
76
160
72
44
179
116
6
207
245
220
127
250
128
192
148
46
104
100
70
106
110
3
11
249
44
204
168
242
142
30
40
115
237
31
238
167
44
101
2
45
79
79
142
99
165
34
30
98
187
46
65
74
154
192
17
240
128
151
112
219
116
131
140
81
189
46
105
49
155
65
70
91
114
195
77
226
101
179
65
122
233
147
99
26
164
219
167
157
118
180
14
180
199
37
111
11
79
102
101
217
241
237
201
2
112
104
207
11
156
207
132
200
204
30
247
171
92
104
172
92
101
11
101
241
45
116
247
167
14
200
79
219
243
96
9
142
148
217
17
63
92
101
50
196
128
101
170
101
30
132
226
159
159
112
104
79
2
223
14
118
98
146
200
189
11
217
118
184
200
99
2
154
227
244
233
35
118
70
2
50
192
98
46
6
111
92
195
179
85
171
171
200
101
77
1
5
172
43
226
141
149
101
30
70
116
171
104
166
74
66
200
237
132
166
2
163
97
128
70
132
218
156
2
2
116
50
118
77
252
11
96
204
142
142
160
2
132
200
201
11
77
63
101
132
92
200
250
98
132
30
256
146
31
21
160
141
98
2
118
31
142
98
219
64
243
47
2
70
109
247
99
145
132
11
145
101
113
181
103
207
218
181
172
171
217
146
43
44
157
219
165
179
207
144
105
163
118
207
96
160
238
87
31
8
256
51
98
116
163
160
29
208
203
247
44
237
156
207
235
142
2
75
172
101
69
181
141
104
141
26
164
46
224
150
171
165
132
84
70
237
142
235
111
111
121
200
188
237
174
251
204
148
98
31
181
197
231
43
227
46
237
50
92
179
162
118
247
174
254
237
104
219
40
204
163
241
237
87
207
175
101
179
172
181
160
40
171
163
116
171
174
30
118
210
65
83
97
226
194
207
205
145
163
171
85
183
50
44
80
191
203
254
226
237
227
238
2
185
132
48
190
163
189
24
146
157
116
132
30
116
43
30
101
43
168
254
181
160
99
30
47
30
200
116
102
253
30
101
165
67
105
163
237
54
27
66
199
124
241
224
91
99
164
59
113
163
105
81
221
118
247
101
12
38
28
227
85
69
121
142
242
187
134
171
171
116
134
171
151
247
101
29
237
91
163
21
116
141
110
79
44
144
96
246
227
43
98
69
142
154
41
122
232
101
92
148
163
225
229
128
24
116
110
156
31
69
98
227
154
213
92
142
151
44
207
3
101
77
122
207
111
168
116
57
118
225
184
76
44
154
187
156
73
237
247
123
101
44
46
216
171
58
30
172
207
142
113
160
43
2
160
51
214
142
58
160
101
89
244
65
217
41
65
64
94
6
227
229
137
205
161
94
69
225
44
159
212
104
165
2
62
147
226
16
24
225
98
256
178
102
227
160
41
86
219
105
47
156
111
111
178
175
147
124
161
200
4
31
247
94
142
110
44
76
104
46
104
157
30
104
227
43
48
161
2
77
184
221
163
218
171
115
188
25
190
11
227
58
61
24
142
168
89
43
187
179
44
232
237
79
246
5
157
184
59
24
35
241
142
147
8
85
83
184
71
105
37
141
93
219
166
106
116
12
246
22
142
142
237
126
187
41
241
114
256
228
227
32
46
233
4
157
137
152
61
205
174
43
85
205
247
92
175
30
142
13
11
136
237
4
86
173
148
142
104
76
146
161
104
247
126
47
92
155
97
219
73
241
184
42
76
174
204
102
92
189
126
137
142
121
3
58
118
210
247
147
145
34
221
247
69
241
116
142
221
94
5
96
69
10
130
35
64
181
187
175
174
142
219
255
6
45
174
226
237
179
200
188
44
44
28
57
246
173
47
73
157
26
241
53
134
43
204
182
43
78
132
57
137
241
147
79
69
61
2
222
106
65
118
61
175
28
22
4
124
124
224
200
111
100
122
30
43
241
174
31
6
227
44
105
172
24
12
178
26
8
84
210
114
89
75
105
10
92
142
70
118
92
132
47
256
135
179
241
83
152
43
146
147
146
193
142
2
10
17
113
142
35
47
75
80
76
142
108
34
11
61
184
167
193
141
216
25
147
165
76
156
92
8
126
26
227
92
165
114
192
30
31
159
228
223
219
12
118
111
200
141
43
154
20
141
1
60
222
2
244
104
13
127
115
142
12
1
118
172
141
141
158
219
17
92
147
32
247
61
238
99
3
195
1
233
224
59
76
9
198
125
83
81
136
12
141
246
196
159
1
86
92
118
30
151
147
111
12
28
137
125
106
156
124
105
189
137
165
81
133
34
219
159
81
227
61
207
53
30
8
64
167
173
233
134
111
251
222
144
80
229
123
41
109
195
88
46
65
137
46
28
92
96
12
219
111
65
72
196
144
92
30
49
182
26
124
58
229
76
245
150
92
241
28
57
172
64
193
34
189
111
228
110
239
26
92
48
