176
176
7
138
62
137
59
115
249
115
138
97
33
146
214
175
203
194
256
175
194
55
91
159
40
176
98
121
70
146
42
174
94
39
175
170
115
16
101
159
183
84
89
46
80
95
112
91
16
203
95
87
39
80
84
31
42
112
204
95
146
101
209
31
80
97
91
208
146
31
95
146
42
80
29
16
136
80
150
230
203
101
157
256
150
202
157
169
229
170
203
211
162
190
230
7
80
150
84
44
95
142
165
80
175
230
21
125
209
174
150
91
42
181
181
75
230
44
91
84
91
150
194
39
73
253
91
256
230
146
209
194
151
25
157
146
3
144
84
204
3
146
242
7
31
244
21
203
99
164
151
250
256
176
242
230
80
107
61
39
55
3
158
170
84
176
80
231
91
121
80
107
231
151
121
230
98
48
7
36
230
178
109
119
157
42
42
186
3
89
55
105
140
105
204
3
231
32
177
7
251
84
204
209
239
107
97
62
90
157
94
150
201
230
62
170
204
177
32
3
178
42
176
7
62
135
174
120
177
136
42
20
194
244
57
122
114
190
80
242
201
73
183
151
192
20
84
231
169
18
135
145
106
201
203
36
201
223
8
51
171
244
26
73
77
77
71
182
52
25
90
36
114
89
117
98
90
171
81
91
81
18
95
42
51
157
52
95
175
194
118
90
140
175
80
91
176
159
175
162
34
18
223
162
229
136
51
178
18
98
178
87
181
235
36
235
15
87
36
3
242
51
151
230
87
7
118
54
178
237
192
129
18
81
7
177
149
132
55
63
53
177
18
127
209
235
7
140
25
181
114
99
101
204
222
105
41
51
57
184
115
36
80
115
219
194
51
206
144
188
177
45
128
84
11
160
128
39
229
103
81
115
5
188
18
87
115
123
84
197
212
41
14
7
15
214
63
191
33
18
101
250
250
51
80
74
36
172
145
37
134
99
98
54
84
176
22
102
36
144
192
134
128
105
173
178
251
14
146
75
172
16
107
62
214
95
16
108
16
184
162
74
251
105
159
251
213
38
202
133
115
145
85
98
102
37
64
228
124
54
232
248
251
91
94
126
158
129
138
15
250
97
35
249
242
18
248
202
95
219
249
132
172
249
236
157
140
51
16
81
202
116
138
155
62
51
256
160
62
231
138
130
64
75
250
165
218
34
251
251
128
242
244
64
140
184
58
57
105
148
133
242
178
155
107
185
238
24
98
171
109
165
204
133
48
58
145
45
107
76
179
96
160
35
171
135
230
95
149
152
54
250
249
51
138
128
174
163
103
194
14
43
235
104
185
249
140
251
222
23
158
80
116
191
8
75
98
50
148
45
238
218
119
134
184
77
112
147
49
175
195
67
80
113
16
119
117
10
96
212
105
63
143
157
31
251
28
236
153
220
49
105
195
104
57
96
144
35
14
195
12
116
181
54
49
215
23
161
173
140
233
76
130
221
108
23
133
224
124
159
181
71
36
151
215
163
5
50
234
242
35
105
103
189
76
164
116
10
254
95
75
18
212
10
18
12
21
133
162
113
53
169
169
126
190
195
5
231
118
98
57
224
216
128
18
61
104
35
20
26
64
55
35
124
108
165
98
185
84
35
130
70
26
190
18
172
20
51
23
34
46
171
157
20
109
98
231
223
54
50
23
91
55
149
230
20
86
75
54
172
157
131
26
203
10
171
148
180
54
28
86
105
66
46
77
159
157
73
116
181
160
103
125
63
232
56
233
248
121
181
171
240
224
173
5
130
98
126
89
61
137
35
133
35
35
91
221
107
98
176
47
232
26
48
15
216
250
172
224
230
209
172
17
171
251
85
202
11
172
235
121
87
127
82
113
159
25
164
62
53
74
177
163
23
149
212
249
116
96
195
172
247
155
169
199
188
167
140
168
5
62
157
171
230
136
57
6
106
173
34
167
89
148
222
230
11
191
121
148
109
3
35
251
52
218
65
96
103
5
234
213
195
163
108
169
246
230
164
172
76
81
28
194
256
47
20
170
20
201
58
11
132
26
218
66
129
131
94
22
204
72
23
121
158
72
50
189
22
116
48
171
247
23
104
189
209
171
53
135
145
218
224
170
204
118
133
129
34
91
22
82
18
163
163
75
195
106
215
20
170
225
224
65
132
178
122
168
237
127
213
200
193
118
112
148
2
6
91
148
118
249
81
124
193
136
170
57
118
79
175
240
9
205
159
226
186
35
116
83
254
249
247
53
190
76
64
53
9
233
225
204
34
129
171
221
114
12
103
146
226
118
253
144
214
209
91
83
212
15
148
229
201
240
83
141
85
175
218
159
232
35
137
5
203
101
240
34
247
182
12
256
140
82
186
200
44
57
143
12
246
68
37
42
97
250
229
98
5
236
140
90
133
8
207
103
204
109
128
163
144
240
177
148
115
188
35
199
164
89
251
157
224
240
212
148
147
205
115
140
144
101
66
195
177
64
21
236
208
77
48
5
100
9
239
22
254
163
15
159
22
218
232
247
124
35
15
5
163
224
177
227
232
82
109
125
242
84
48
224
79
250
219
137
129
34
131
55
99
208
255
157
219
6
124
182
133
15
195
155
72
14
174
219
245
117
219
73
117
131
23
123
106
118
23
23
239
116
149
177
87
66
201
238
155
238
178
227
50
137
118
96
232
110
96
174
242
59
190
180
88
237
192
6
220
238
225
45
133
203
245
175
148
102
251
94
42
104
82
115
189
40
223
242
65
213
48
140
133
56
148
137
102
213
221
222
146
174
232
44
204
21
48
74
107
123
137
48
163
123
182
133
131
44
242
240
187
23
225
66
82
208
113
72
81
234
157
224
161
23
48
107
209
125
224
35
115
8
9
120
224
76
89
238
95
88
24
82
95
224
196
161
161
246
155
96
163
196
153
214
99
43
239
72
151
221
158
204
133
148
134
140
65
188
19
163
74
139
88
39
83
22
157
163
223
242
154
218
222
188
238
32
225
184
34
253
200
100
251
159
133
213
163
149
53
88
63
190
238
183
63
232
48
149
59
48
19
234
128
4
49
111
188
155
10
79
64
218
71
33
229
10
163
200
105
61
23
94
188
171
25
200
103
99
53
4
62
78
112
63
120
242
61
124
187
240
226
102
114
149
207
240
160
197
239
92
20
64
68
123
91
238
117
24
57
165
100
218
81
68
218
43
68
161
213
48
204
218
68
125
75
118
234
188
4
246
168
133
173
232
130
161
216
161
63
234
169
61
117
111
88
68
45
190
137
219
124
82
200
73
63
148
53
188
204
23
85
158
161
236
117
156
9
26
63
10
72
234
20
23
254
254
68
96
213
26
161
48
19
63
4
218
120
163
26
190
4
161
47
99
36
148
20
111
78
23
161
23
193
125
48
20
125
119
23
20
107
