128
194
138
7
223
21
67
205
25
103
138
66
243
194
162
103
95
150
95
150
128
150
174
182
95
95
150
205
87
231
182
162
94
138
182
87
223
231
95
182
162
146
135
87
40
182
33
208
135
66
87
162
181
181
58
129
181
33
7
63
39
118
25
69
217
185
7
185
181
66
95
66
144
67
104
104
32
219
104
40
94
180
95
75
149
69
154
224
204
181
182
180
182
118
95
211
182
154
154
3
168
171
142
171
181
66
242
41
40
162
181
17
122
200
57
166
221
138
128
206
18
88
26
57
244
113
135
57
181
111
211
8
149
216
95
135
26
95
205
116
80
210
28
144
95
149
104
206
57
63
111
28
40
118
149
146
210
57
118
151
231
149
17
28
17
150
171
143
216
132
95
36
149
150
149
182
135
57
217
42
229
106
141
178
8
57
154
81
150
21
149
150
178
211
81
122
138
191
113
244
17
184
15
149
239
138
168
15
184
174
229
18
26
121
17
73
145
118
217
17
143
229
168
189
234
234
104
216
95
17
160
243
15
20
135
168
170
139
103
97
15
235
175
229
91
139
179
214
61
104
160
229
182
113
17
7
229
211
15
37
181
211
8
111
119
113
13
171
74
11
171
121
106
150
28
47
75
50
243
229
183
181
150
141
119
138
17
209
151
135
136
172
20
182
203
17
95
176
114
113
205
113
66
36
204
13
119
52
204
114
138
229
234
229
255
119
119
99
17
18
145
168
182
234
66
87
234
122
248
168
229
96
17
181
194
95
96
118
37
150
136
59
54
150
115
145
217
168
138
171
41
151
43
36
204
226
76
185
234
177
180
135
134
217
111
134
229
87
81
197
17
229
145
230
108
104
29
104
204
208
233
154
142
150
17
138
87
75
31
22
161
113
233
74
37
17
99
36
163
197
182
203
229
168
22
29
37
174
3
28
168
229
144
242
61
40
139
75
230
168
43
132
168
160
95
171
52
84
51
66
168
20
233
218
231
168
240
25
134
66
25
142
168
182
236
8
122
216
96
224
87
145
246
184
168
67
204
231
145
172
246
75
64
33
139
219
58
184
245
220
199
139
227
36
37
112
3
93
58
104
75
229
165
231
34
21
171
117
66
199
141
205
51
141
18
1
182
181
184
58
182
102
37
135
62
119
219
229
120
152
199
181
116
119
168
6
95
84
231
145
62
147
138
122
66
144
229
83
60
136
182
168
219
182
52
232
221
33
24
119
142
95
119
179
167
188
13
113
231
156
123
42
1
6
104
33
150
32
211
147
147
126
199
174
160
168
175
165
31
245
15
165
211
64
174
165
95
20
245
32
123
184
119
95
112
9
98
147
71
151
2
255
139
251
204
222
150
176
34
113
255
217
13
7
95
51
7
151
91
39
64
74
145
182
66
96
18
138
174
20
42
53
41
198
191
206
91
166
176
15
248
151
152
186
87
7
167
176
107
92
98
206
153
217
242
116
152
41
136
60
152
89
150
43
74
145
3
238
150
240
138
6
217
151
15
75
135
98
106
208
152
43
40
28
143
106
132
158
112
81
145
11
116
15
116
225
104
7
234
152
75
36
98
36
89
33
7
54
138
119
106
96
173
174
208
89
209
118
36
245
256
255
234
25
188
109
119
239
19
216
152
255
113
241
42
18
212
247
119
150
182
247
145
119
255
204
154
228
158
11
77
143
195
216
205
230
221
256
116
116
128
177
123
21
177
116
211
137
234
24
120
216
252
144
78
18
28
13
122
6
119
222
241
47
183
212
171
116
182
106
255
220
177
93
6
119
21
139
103
61
227
234
133
119
120
182
137
11
122
168
241
189
114
46
208
118
13
107
14
49
67
72
217
167
240
231
165
39
54
250
77
165
114
126
183
107
132
170
221
90
102
136
138
15
51
212
141
149
227
119
199
107
56
8
145
33
114
44
119
67
11
144
254
79
81
114
101
225
15
107
50
92
60
132
118
247
241
229
152
228
21
28
43
119
143
183
8
139
132
163
116
114
222
119
217
237
180
102
9
187
65
21
74
168
200
25
138
181
127
36
1
254
125
125
119
143
141
59
254
59
9
24
115
95
247
183
185
152
20
123
38
234
77
125
254
160
120
8
224
183
181
152
122
64
36
120
182
92
67
122
237
125
253
6
122
102
125
116
136
100
125
59
5
159
123
125
152
76
152
92
128
101
222
217
181
12
182
187
190
254
242
160
125
251
113
108
14
87
39
152
237
125
237
122
253
90
119
226
188
95
89
119
200
206
141
1
109
119
191
132
152
46
135
175
109
192
96
152
156
125
14
144
163
241
119
99
233
64
109
224
232
81
92
125
152
109
39
240
217
109
110
81
217
156
154
14
152
79
99
141
181
248
63
120
20
255
46
136
184
20
130
43
216
101
188
4
120
152
63
109
119
63
95
125
161
200
191
86
185
118
185
63
217
61
67
200
164
119
216
253
212
139
43
2
125
171
222
93
233
224
217
216
53
247
200
240
239
247
182
224
233
109
182
14
125
101
254
145
152
170
184
130
119
226
22
125
255
69
154
156
217
160
171
142
22
57
179
234
76
33
122
191
201
125
139
148
171
125
15
10
129
199
4
125
92
20
210
158
170
167
254
19
64
20
198
200
223
141
131
176
69
191
171
200
20
86
220
211
119
135
120
53
223
55
1
47
117
191
147
156
101
255
71
119
86
216
164
156
102
200
223
122
79
20
63
109
136
93
88
114
247
43
254
200
254
216
157
125
57
248
228
234
218
8
141
13
233
191
113
179
132
189
200
233
255
191
39
11
238
245
15
191
247
119
164
246
188
22
77
41
188
156
200
119
158
233
179
188
188
116
224
236
254
135
43
116
200
110
188
235
99
152
33
109
104
99
20
119
111
45
254
145
33
124
201
33
99
99
158
158
201
92
2
254
125
168
119
201
191
