170
256
130
239
91
146
239
121
153
177
153
229
96
80
74
123
8
177
225
90
225
74
104
104
54
225
80
76
72
177
56
72
54
54
253
47
72
123
123
25
220
87
251
51
60
72
140
56
140
251
200
104
177
121
205
110
76
200
25
159
25
143
165
72
56
52
51
225
140
74
25
86
22
51
124
8
165
123
128
22
222
86
140
140
23
86
86
195
123
72
143
106
51
74
208
220
56
67
128
140
165
72
86
165
84
51
54
86
112
197
61
256
112
123
51
99
130
140
113
128
239
165
165
165
8
143
113
86
69
177
60
140
1
159
66
165
200
155
234
225
34
209
218
209
89
151
74
69
159
143
60
185
54
128
156
159
208
209
253
256
200
56
21
12
146
45
99
143
123
118
218
177
159
251
140
256
244
94
221
236
162
25
165
74
151
239
209
113
246
7
131
209
151
180
150
94
200
209
209
128
44
143
106
121
151
88
208
98
62
125
177
176
140
121
177
27
78
7
106
72
225
88
84
92
23
143
111
225
23
209
209
96
54
209
5
225
72
229
7
55
93
218
143
143
165
182
31
112
56
140
74
174
209
159
209
113
155
143
56
99
88
128
208
118
205
140
125
177
12
146
74
72
144
34
208
143
145
140
133
144
72
185
155
144
133
7
165
188
177
84
51
74
195
20
113
145
177
209
121
27
45
186
215
208
41
221
74
133
220
255
155
165
209
200
111
185
114
74
45
54
69
143
86
240
88
83
86
110
165
218
200
23
170
170
143
51
250
56
80
82
59
113
45
203
39
180
40
113
204
208
74
169
209
86
241
165
45
234
4
163
74
40
221
174
51
99
95
209
103
40
248
143
80
91
133
110
163
74
103
1
83
56
209
176
190
112
209
253
35
74
94
56
85
179
7
63
165
165
103
91
96
113
177
97
72
209
218
205
125
165
74
56
214
209
241
165
218
165
8
200
176
165
121
209
47
208
121
26
83
87
51
7
201
252
85
1
171
31
31
209
74
195
59
208
12
186
209
209
209
97
245
84
169
64
151
218
20
163
231
171
229
173
250
84
163
163
118
70
153
91
144
208
74
225
20
75
106
180
168
91
35
186
240
94
73
155
203
35
153
94
20
98
209
121
74
144
209
144
208
225
74
225
43
85
54
209
85
167
97
185
177
51
185
195
180
88
241
7
97
125
244
209
35
107
209
154
201
90
143
248
113
208
191
208
116
148
183
169
166
112
205
253
83
8
207
194
118
209
155
153
143
199
250
72
169
40
252
19
40
170
235
209
205
123
85
14
209
253
7
11
234
146
85
235
244
82
54
11
209
75
256
229
50
127
235
225
155
85
98
112
236
65
166
144
133
123
207
22
170
218
88
141
121
82
23
7
121
164
74
204
136
72
179
72
166
1
226
123
163
93
33
121
207
75
144
32
185
20
85
143
82
99
106
123
212
25
72
73
74
23
72
32
82
142
118
228
82
57
51
5
10
10
106
90
208
191
161
203
61
103
219
102
23
184
91
76
186
111
14
23
240
169
10
191
196
228
183
151
83
50
82
242
149
55
206
35
23
23
99
194
177
163
151
63
15
113
23
215
33
170
67
82
95
72
219
104
23
15
133
161
98
133
153
82
161
199
23
241
54
186
179
11
209
239
97
126
74
170
82
161
140
107
188
196
113
102
211
72
97
15
215
163
23
80
84
36
23
102
135
7
91
35
82
108
158
74
191
15
250
144
104
56
80
169
251
196
85
225
111
20
121
241
251
221
170
149
99
169
212
163
15
161
93
237
180
228
93
23
250
163
153
197
72
82
161
248
169
67
65
23
23
61
236
144
99
221
165
153
207
93
235
218
99
22
163
169
85
110
184
34
240
195
251
242
82
163
225
170
221
161
250
19
177
215
76
89
99
177
45
188
95
161
232
161
95
23
82
57
97
128
240
93
154
27
140
198
106
149
140
188
218
96
224
61
153
218
236
228
103
182
121
82
88
82
252
186
144
32
164
215
93
23
212
25
42
85
173
123
133
74
64
51
179
44
256
252
256
82
82
126
61
86
202
218
103
173
161
65
228
251
26
57
108
110
10
219
11
36
85
74
252
106
219
99
106
218
170
35
102
161
117
23
153
226
35
256
75
121
147
205
235
222
5
176
82
84
163
23
72
101
153
59
29
52
127
19
169
170
69
86
121
256
221
59
27
215
44
251
24
34
83
72
74
101
74
73
170
83
1
249
235
254
178
85
74
189
242
16
61
76
223
179
163
29
73
4
27
83
134
80
72
105
144
140
238
155
153
191
236
21
32
73
86
104
19
235
119
76
65
19
91
50
75
170
174
88
18
110
76
183
236
85
220
76
173
92
215
82
103
156
72
125
31
220
201
88
220
201
153
240
103
88
51
105
74
71
74
251
51
146
252
23
130
26
108
82
220
76
153
67
193
73
147
48
61
159
229
169
174
146
23
58
10
224
220
179
89
218
199
85
146
153
202
210
85
18
88
256
249
27
108
8
233
197
157
113
159
72
197
82
130
13
58
154
223
170
47
249
101
110
15
96
18
170
19
76
218
232
99
106
178
133
134
224
159
15
104
64
121
256
118
238
108
179
236
133
133
88
85
169
203
219
23
103
133
88
188
204
58
16
48
23
91
199
133
114
240
228
15
176
82
155
142
197
225
23
108
41
199
83
197
133
12
35
106
230
82
203
159
161
57
57
57
78
144
214
242
71
155
23
19
173
53
48
163
249
23
88
120
51
67
57
137
86
218
218
48
148
218
82
23
119
23
185
72
72
82
218
232
72
78
23
200
72
72
72
23
23
72
119
