244
143
143
143
135
228
87
146
208
121
87
128
6
75
128
228
135
50
148
240
35
50
14
175
189
113
65
146
148
206
6
200
200
244
80
21
200
8
170
59
65
8
135
135
40
59
189
73
211
67
103
25
186
14
170
208
36
113
75
143
204
50
200
84
50
50
107
170
31
33
194
240
89
170
107
162
35
80
252
59
19
205
121
170
35
156
32
7
16
126
181
138
204
68
28
50
65
151
224
90
142
191
93
50
190
240
80
177
51
221
76
150
33
251
136
63
230
62
108
164
146
177
205
203
172
25
194
88
209
153
229
153
206
14
146
35
147
154
228
251
150
84
119
36
62
252
128
96
194
90
35
90
84
128
242
55
145
212
118
229
102
204
176
112
65
194
208
61
62
182
219
203
90
47
89
151
55
176
127
80
211
243
205
166
81
62
239
140
209
145
253
170
185
197
89
31
127
8
35
200
75
90
31
108
251
84
189
251
199
184
127
75
121
68
127
128
125
86
243
40
20
210
93
200
22
31
36
59
203
95
121
75
153
138
182
62
83
253
35
149
34
88
256
95
7
19
229
190
164
18
36
251
219
135
185
94
153
3
108
191
200
220
95
40
250
19
15
3
135
130
135
252
248
54
169
166
253
10
235
146
146
13
28
256
77
243
112
112
134
106
145
179
21
225
166
8
146
236
186
125
194
62
164
130
109
176
125
33
234
95
92
236
138
130
239
194
65
194
138
182
125
153
164
160
138
142
65
252
7
89
95
35
58
253
78
35
234
152
13
76
98
5
254
125
77
144
105
240
231
108
74
125
78
42
219
235
138
103
64
4
98
190
68
169
46
125
51
109
246
203
79
82
82
13
88
204
170
140
84
36
89
188
14
170
74
125
4
121
250
200
36
123
146
162
229
140
214
225
250
6
189
221
239
113
83
153
88
40
216
203
125
82
64
126
169
197
33
60
246
176
116
130
140
146
24
75
14
234
3
107
95
223
92
186
248
181
194
134
35
148
138
145
140
234
228
94
20
1
222
253
82
20
103
61
75
65
170
88
23
108
13
209
34
251
75
240
21
183
102
185
114
185
90
121
162
110
87
182
36
13
17
209
3
99
252
253
121
21
203
77
13
188
130
23
182
65
253
240
92
205
143
3
125
149
240
183
203
36
91
96
187
76
105
102
181
181
29
108
113
16
181
38
34
123
121
11
145
172
256
184
121
135
102
74
37
42
8
62
136
140
191
250
234
245
185
3
114
183
253
22
10
127
110
105
42
143
140
95
185
121
222
70
61
16
165
222
3
136
35
40
82
65
238
7
23
114
62
74
203
197
88
40
16
8
37
140
101
54
5
114
98
82
165
127
166
127
135
74
23
253
108
35
82
42
75
74
246
3
187
25
181
62
135
251
65
151
36
125
74
145
240
15
112
248
87
230
256
62
231
90
13
6
14
242
194
47
60
28
212
146
107
140
33
65
34
5
178
55
145
120
242
194
176
219
164
43
184
35
82
163
151
117
225
127
182
236
236
119
95
235
28
121
222
150
195
239
106
113
203
93
151
220
231
67
180
81
81
10
20
246
108
58
125
162
42
82
243
108
129
178
239
180
72
125
8
159
241
18
36
182
52
105
241
111
89
242
186
38
142
140
186
203
42
200
30
255
239
255
224
166
11
46
13
251
177
182
72
18
177
225
230
20
256
162
228
125
104
194
212
196
89
177
177
144
202
85
25
211
201
78
81
204
74
236
31
16
81
98
30
170
151
240
145
54
108
52
19
186
13
70
139
216
177
102
150
73
84
164
108
122
220
93
240
230
78
26
157
139
96
60
178
191
19
65
18
225
96
181
235
47
151
47
153
62
244
122
164
108
127
107
145
23
158
157
31
11
220
102
125
37
159
57
104
43
62
183
157
35
24
102
69
198
151
19
15
225
250
246
147
57
4
52
27
25
222
5
86
93
19
78
151
20
144
22
225
79
220
15
237
157
230
159
105
86
181
164
236
182
244
19
214
244
222
29
180
146
82
94
102
1
81
159
112
235
250
110
94
64
246
60
246
169
105
223
236
222
96
6
205
136
221
157
29
159
62
198
146
240
248
102
176
205
157
57
10
223
248
57
144
172
57
217
141
191
159
140
199
32
34
121
18
24
42
89
103
139
39
23
11
15
23
157
112
84
144
14
85
73
1
209
198
75
121
125
140
112
50
75
73
96
1
187
151
138
149
155
191
27
248
206
178
1
90
22
40
28
230
221
151
1
162
56
162
246
184
151
18
153
240
63
94
62
191
145
169
102
119
145
23
151
82
18
235
141
71
47
164
2
191
230
89
185
157
27
82
18
182
82
145
112
56
24
75
41
10
135
235
81
40
27
172
125
189
247
94
1
169
238
235
215
198
83
27
133
235
25
75
73
209
188
70
162
35
66
133
193
63
121
136
47
211
1
14
204
193
56
108
84
62
236
24
247
236
112
68
27
64
176
168
15
148
234
140
227
43
240
55
104
14
228
237
222
211
183
128
229
183
185
23
89
86
84
89
91
1
169
24
193
185
85
104
205
14
245
121
253
241
136
206
114
134
224
236
132
178
173
155
236
252
189
40
5
138
4
123
179
198
195
136
123
198
47
236
116
167
129
40
4
79
19
102
11
64
193
99
252
112
70
134
227
169
28
187
224
252
221
237
55
154
133
12
211
220
205
116
73
217
118
115
234
97
49
248
246
227
2
129
211
173
254
31
129
129
219
131
194
174
29
88
116
140
141
242
157
25
187
141
182
159
123
35
239
108
252
197
139
155
12
175
195
239
123
85
193
154
202
140
212
214
152
18
181
167
157
167
129
185
57
246
230
83
141
97
116
102
252
254
252
181
1
55
185
180
246
116
198
48
169
182
248
152
12
237
123
248
6
108
48
246
142
33
164
241
48
60
62
62
246
51
245
217
4
252
102
47
44
129
185
157
107
236
179
85
179
98
127
134
46
120
117
210
61
123
127
178
221
182
212
122
218
178
171
205
107
243
245
117
122
98
154
61
207
184
202
218
219
129
176
47
226
46
195
102
244
255
60
139
178
87
168
194
198
61
163
180
51
182
63
173
108
57
133
15
142
148
98
133
15
246
4
252
135
244
252
234
243
173
144
181
26
54
4
29
4
118
37
185
218
78
108
171
90
206
198
63
244
252
163
239
74
65
9
127
122
46
225
6
173
129
29
122
248
133
237
225
244
244
94
189
189
118
246
163
197
227
118
246
38
246
202
167
139
94
215
171
238
163
137
173
24
15
73
48
48
73
246
182
189
197
181
74
202
163
79
63
46
185
218
115
155
197
246
15
248
48
114
85
229
9
105
63
26
134
189
246
85
115
69
182
249
189
85
227
246
203
230
96
124
155
24
105
82
199
107
12
133
26
196
48
121
72
48
103
85
202
101
63
127
79
133
202
20
79
20
48
252
9
110
133
26
229
133
134
111
12
64
134
173
133
133
85
109
198
133
12
48
134
201
133
31
12
10
133
61
118
86
218
237
199
133
236
147
170
230
72
133
20
232
32
133
232
135
61
250
20
48
35
