84
59
153
230
247
203
176
33
119
91
77
229
87
191
75
33
87
47
95
177
242
166
31
236
176
236
23
81
29
242
191
87
256
175
101
135
58
97
33
207
192
162
210
130
162
162
223
89
84
251
236
166
211
203
108
240
7
122
251
171
253
158
24
32
27
101
55
162
113
203
138
203
240
155
202
157
134
60
168
162
150
233
25
206
144
60
168
168
186
186
169
102
60
243
114
213
203
144
214
108
215
239
169
176
140
35
60
23
144
45
55
23
150
180
10
230
205
110
256
194
59
167
146
203
135
142
51
161
215
186
144
245
226
126
210
142
180
192
140
112
96
53
28
90
23
194
205
166
194
199
23
90
58
220
23
239
23
102
208
76
84
174
208
204
183
45
6
117
58
109
208
161
248
26
65
20
113
73
248
251
58
165
214
164
90
53
180
144
29
105
144
248
220
138
256
106
110
147
251
89
110
165
24
90
19
143
172
220
249
169
143
42
117
211
110
144
61
186
65
220
167
87
143
210
205
143
1
63
143
165
1
150
185
165
1
237
19
172
109
143
78
231
210
101
28
196
233
110
255
100
74
138
112
32
50
211
3
165
235
103
194
160
245
180
180
167
251
251
143
204
181
143
60
109
165
66
167
96
193
112
212
169
116
18
144
232
143
23
149
64
25
180
23
194
155
248
248
231
233
245
160
167
10
236
147
15
163
143
250
60
74
244
103
18
58
25
29
166
165
236
31
98
120
250
60
248
165
59
117
215
244
121
21
127
38
239
191
23
221
167
152
155
194
122
79
209
191
248
193
106
109
102
143
103
160
33
241
250
245
23
20
23
97
23
190
251
129
83
202
140
133
181
21
54
231
44
93
254
39
210
229
147
142
215
34
66
116
177
251
110
189
1
120
202
147
212
180
65
66
20
165
89
190
3
163
180
33
164
159
102
90
200
66
39
186
200
222
244
139
25
167
240
39
74
200
161
215
152
117
23
199
125
30
152
167
39
149
215
51
90
3
12
38
110
116
164
65
167
81
72
18
98
232
86
151
39
12
163
51
163
179
39
98
250
72
17
163
98
142
39
56
14
190
187
30
109
53
45
33
163
240
38
210
109
16
210
89
154
100
98
167
248
90
121
46
210
190
167
197
1
110
210
111
115
127
54
23
127
24
18
154
152
1
215
159
251
71
107
58
252
18
154
200
251
109
122
233
1
97
234
112
120
166
233
126
103
243
251
125
179
255
147
115
23
117
34
60
151
243
10
164
164
29
66
23
111
22
142
179
187
117
233
172
139
76
222
217
58
14
186
116
186
161
80
148
196
163
9
213
233
39
67
10
223
26
86
23
30
148
116
190
1
251
8
139
155
238
38
220
253
238
256
72
29
75
23
157
159
180
10
100
1
58
232
161
255
243
219
193
23
23
86
155
155
135
1
64
18
23
213
82
142
25
25
153
163
248
72
117
120
135
14
1
39
76
251
155
129
138
181
208
140
197
152
22
190
236
104
242
251
139
59
244
26
66
116
142
236
125
129
18
142
116
244
22
189
79
223
37
125
135
155
76
110
10
110
19
170
127
148
22
76
204
135
45
210
182
142
26
154
18
100
125
117
142
22
153
159
139
39
53
20
172
24
127
24
39
199
256
117
86
251
116
73
142
232
45
217
104
79
58
56
232
48
93
153
137
18
140
13
76
210
155
127
139
60
101
157
104
140
139
210
241
251
134
189
135
152
26
26
232
127
139
154
137
70
2
164
242
169
34
163
105
235
22
167
18
233
1
220
204
18
187
81
83
139
46
154
8
157
161
60
236
157
93
18
223
72
197
251
210
58
161
207
72
152
3
187
139
115
10
39
42
72
142
60
210
82
176
26
242
10
127
224
64
106
44
218
23
120
58
140
140
160
3
23
157
8
187
157
157
45
78
125
47
117
11
18
218
48
116
120
86
200
57
176
159
14
14
139
147
106
243
233
214
121
58
60
243
233
179
38
81
88
99
52
10
209
84
102
241
60
78
112
163
38
252
200
13
99
213
23
210
116
76
242
86
252
229
94
46
116
72
72
64
135
159
176
22
72
167
161
27
172
161
106
230
175
210
72
39
88
42
44
248
197
157
219
147
189
83
12
255
10
34
120
255
142
50
13
256
255
148
157
117
186
241
212
156
86
197
161
120
99
197
135
142
50
190
10
42
102
72
224
44
47
213
197
241
198
197
42
12
94
156
115
111
10
212
147
252
255
117
117
131
116
72
48
214
197
159
23
19
210
163
161
23
82
20
96
197
225
47
197
249
218
191
252
75
76
115
86
233
155
39
115
93
149
117
159
197
10
213
23
89
147
149
163
199
255
99
129
45
149
213
72
99
163
200
23
197
159
249
24
190
139
72
99
215
56
72
199
117
45
252
117
23
197
48
12
94
190
12
30
76
233
155
120
236
97
139
193
49
63
155
241
218
39
155
107
133
234
197
116
24
120
72
1
24
233
55
111
214
158
149
23
163
20
247
23
12
157
117
130
5
107
52
228
20
23
49
48
20
210
78
232
117
2
241
20
101
163
148
139
214
27
163
232
52
104
50
197
133
133
99
