71
229
71
71
101
7
95
241
204
89
156
241
71
229
208
195
169
50
136
209
67
195
113
7
136
204
67
151
165
71
136
80
183
7
186
195
126
41
195
165
59
60
29
108
244
107
208
140
29
71
184
90
41
59
244
7
15
15
21
15
208
78
66
183
15
7
151
15
15
109
235
77
15
254
144
15
245
97
7
30
7
132
204
97
60
1
15
191
132
15
166
7
229
256
195
65
195
126
24
32
60
195
30
256
97
97
185
1
15
41
97
118
140
185
160
103
41
221
1
118
235
88
2
254
7
78
170
180
221
59
7
160
162
181
62
203
204
113
79
81
36
7
27
36
81
165
36
185
77
36
175
187
221
222
182
109
41
211
73
77
47
135
15
30
256
244
7
65
157
15
36
115
184
221
195
177
132
88
40
160
127
107
245
44
151
151
235
41
34
195
118
21
118
160
36
90
124
98
81
7
212
222
60
251
7
241
221
60
59
36
97
15
67
135
146
50
75
90
212
182
60
91
235
52
77
217
160
97
50
89
8
128
15
77
15
182
235
31
15
36
244
79
89
115
118
59
52
219
244
36
229
1
235
88
207
15
146
54
36
232
244
128
241
78
160
91
61
34
240
98
85
36
191
244
33
77
235
211
160
160
156
36
200
186
77
77
235
254
17
165
113
77
230
136
15
160
41
98
235
221
208
168
146
231
221
32
118
46
217
221
71
27
178
163
36
225
6
41
36
244
141
250
98
214
112
52
87
44
47
98
87
6
151
184
98
36
1
36
209
36
188
128
118
178
188
171
157
43
225
163
235
151
27
221
160
4
194
38
160
98
144
15
253
86
178
221
231
44
247
36
191
75
36
36
230
28
131
156
54
163
25
77
214
22
54
187
1
231
97
46
180
132
27
230
36
133
36
2
8
64
151
15
15
112
126
85
5
235
240
114
98
52
151
98
27
115
34
209
92
186
15
36
98
178
89
157
163
237
121
164
108
2
77
18
160
178
160
27
166
249
221
54
256
235
203
64
98
183
43
253
71
77
140
229
113
178
36
37
15
185
230
235
38
163
22
178
89
124
75
195
163
156
146
163
231
103
204
75
178
157
42
179
164
68
7
230
29
27
98
115
91
217
36
37
63
75
17
112
185
77
97
184
43
241
32
36
156
28
128
62
80
36
98
224
75
149
130
194
27
88
98
36
240
240
36
178
188
113
77
160
136
190
109
105
1
6
135
163
43
241
75
67
240
228
254
119
250
244
15
41
27
200
165
160
242
27
44
256
181
256
156
124
249
100
145
52
184
229
8
253
40
252
132
98
15
75
186
163
235
151
160
163
235
119
151
246
36
199
98
67
240
232
46
254
43
71
192
46
27
46
119
240
178
111
178
128
200
253
111
15
200
18
184
82
194
159
250
228
67
98
8
93
52
170
200
138
92
8
163
180
171
17
256
184
15
71
88
228
246
31
149
185
137
98
160
40
178
215
245
15
50
245
38
43
186
71
156
228
114
78
113
101
101
180
238
27
17
62
98
165
182
163
104
77
2
144
29
8
160
253
205
170
8
224
242
78
203
101
43
234
185
203
179
223
36
178
49
230
160
163
43
6
169
228
160
73
91
184
41
15
235
217
109
98
91
168
182
256
253
103
226
71
36
97
106
184
163
228
124
41
235
61
63
228
165
15
245
71
13
17
243
140
253
130
224
136
14
41
171
163
171
240
235
254
224
228
17
46
88
228
206
62
17
36
37
201
34
20
163
71
104
78
15
217
160
27
171
17
181
229
111
201
46
194
164
160
228
42
256
27
138
230
1
190
165
46
178
31
101
252
250
178
185
204
87
61
27
29
237
35
27
46
249
41
98
142
252
50
203
43
5
149
21
243
11
17
95
1
138
237
121
46
103
63
12
215
63
85
67
178
252
41
44
41
12
104
71
86
160
38
41
235
29
65
134
21
186
44
85
170
111
228
29
101
101
116
55
114
54
211
55
82
37
231
228
81
160
245
255
46
249
30
220
85
242
118
249
64
246
160
163
140
15
17
38
41
38
163
160
34
224
193
50
238
41
136
156
15
43
46
207
34
46
186
237
118
138
193
15
41
166
14
46
30
249
184
35
160
78
101
41
201
206
71
168
240
97
6
183
34
248
228
178
228
175
27
131
169
256
67
95
221
82
156
98
108
88
85
143
165
78
138
162
165
113
76
166
106
41
69
178
160
41
178
88
29
58
95
172
217
156
81
3
229
185
88
81
184
190
35
38
101
32
142
158
207
15
73
113
102
170
30
116
122
190
157
132
77
1
10
169
248
111
85
46
217
75
160
95
18
121
178
178
114
111
38
226
75
165
87
178
77
193
83
177
192
89
71
177
80
24
175
205
78
41
175
204
154
252
160
165
11
252
178
220
220
95
186
144
219
133
37
192
77
53
178
15
109
109
47
237
46
228
228
229
6
162
97
181
64
172
184
71
46
144
227
144
15
17
151
85
240
133
79
73
202
92
169
250
256
173
103
106
43
162
77
175
15
245
77
38
175
41
17
237
217
220
101
226
240
157
162
229
254
184
46
36
86
11
85
10
237
160
17
108
73
8
41
130
168
35
144
47
240
20
219
38
235
111
219
238
250
127
79
21
229
53
247
73
221
229
108
185
41
56
104
46
232
151
110
228
38
130
151
10
165
146
15
186
251
101
169
196
167
135
103
256
88
190
29
192
97
201
88
101
166
81
190
109
180
147
104
159
131
190
17
53
116
122
221
38
160
97
202
163
96
169
213
163
34
102
162
46
12
82
8
214
105
178
35
82
144
97
116
131
46
242
190
6
46
201
169
111
9
158
57
210
15
32
236
41
17
230
111
252
147
220
63
12
160
3
134
81
41
237
57
35
149
80
46
91
1
20
134
170
237
17
168
104
35
128
190
39
168
82
237
201
89
221
162
170
85
131
204
104
83
46
42
41
73
73
131
53
205
165
46
46
27
46
6
94
236
73
124
75
231
91
94
163
77
121
23
252
223
218
46
251
161
236
201
57
142
134
70
102
233
235
237
161
216
228
236
41
221
8
194
103
116
131
194
232
105
39
170
242
202
209
4
193
111
97
101
34
145
186
84
27
36
62
84
254
241
219
53
145
35
170
46
232
24
145
190
10
117
190
80
46
202
184
145
157
252
111
202
46
44
207
46
102
61
23
238
101
238
117
194
242
161
69
235
37
184
112
193
237
252
178
38
178
161
108
139
120
216
108
73
53
161
147
201
63
190
237
54
69
219
25
249
219
238
52
52
97
73
93
1
48
46
73
235
201
201
42
173
45
44
157
131
137
172
69
228
157
50
57
216
6
254
33
98
29
173
104
52
201
155
53
196
134
65
39
170
201
53
232
230
87
157
34
168
41
25
235
155
214
13
45
240
229
161
252
148
201
32
45
142
65
218
157
214
207
237
102
46
213
19
10
201
200
201
45
202
179
157
99
53
42
159
64
243
214
1
62
56
202
120
232
91
104
64
49
131
115
255
197
122
241
42
179
155
234
155
186
232
99
129
213
53
131
118
111
163
44
157
254
102
197
161
243
101
219
157
9
44
10
117
249
212
155
64
53
12
238
42
157
202
25
102
42
115
201
188
42
44
202
142
155
73
64
148
42
148
214
104
157
35
232
157
85
104
32
131
155
234
152
53
213
210
216
44
82
120
148
186
218
115
159
186
42
202
42
170
159
4
159
57
63
