256
128
128
128
31
128
79
76
28
11
168
28
3
99
214
49
143
116
10
162
69
54
47
181
156
126
54
110
236
110
28
76
174
28
199
192
187
14
3
196
86
86
162
34
163
54
123
28
175
99
91
25
33
238
99
170
176
176
144
137
175
106
205
190
183
46
180
69
242
28
168
211
143
217
175
91
113
199
217
71
222
92
195
91
172
28
145
123
236
126
91
13
44
172
253
177
91
82
229
143
12
225
192
110
79
6
143
6
92
76
25
34
3
228
209
64
192
87
49
90
86
38
195
136
155
204
108
96
127
14
181
143
50
62
209
102
5
22
250
206
96
192
248
172
25
201
67
5
196
16
128
223
180
34
172
237
195
147
10
238
79
160
55
229
160
108
108
83
90
61
88
184
62
229
90
13
154
147
181
16
21
187
64
44
41
102
192
131
126
127
177
46
44
122
16
140
146
228
204
209
237
22
79
89
190
130
195
229
131
190
89
64
147
228
105
176
2
212
111
238
254
221
172
147
112
102
237
90
110
3
194
25
10
201
22
107
147
240
41
245
242
91
212
199
123
228
21
110
69
214
91
64
112
116
83
206
192
170
151
12
110
16
127
203
167
223
110
222
208
62
43
164
169
181
25
68
112
137
175
102
228
228
204
46
128
187
61
128
198
67
47
10
212
113
143
25
145
3
102
181
203
241
22
136
107
13
61
190
237
29
150
91
22
112
59
86
227
90
221
8
33
192
69
116
69
16
222
203
28
199
89
46
144
192
31
26
46
49
226
34
137
76
178
10
219
115
175
147
90
31
143
57
192
2
44
201
89
3
14
226
228
126
34
237
8
204
25
219
16
49
3
13
178
251
86
39
175
160
11
41
62
2
242
192
62
245
208
106
5
10
139
237
142
14
6
250
3
192
64
12
11
192
190
187
34
221
256
228
3
237
2
244
143
25
12
41
212
223
195
238
211
8
88
251
206
64
10
79
25
156
128
17
244
130
229
248
222
29
34
97
19
140
25
149
12
149
110
3
96
90
192
173
103
187
8
114
105
220
34
250
137
142
200
245
189
34
12
187
249
222
57
42
116
38
178
171
64
250
8
236
219
14
221
203
187
156
13
153
81
177
178
192
151
89
177
203
145
238
33
192
10
256
208
90
250
129
190
219
76
102
237
48
25
34
137
64
77
249
201
108
245
151
237
103
44
26
230
110
241
130
50
64
187
32
90
79
230
138
156
228
189
244
117
197
237
35
27
246
104
191
6
201
195
57
60
198
190
202
75
91
96
175
229
182
19
238
21
81
251
28
218
200
251
253
182
75
250
194
12
103
25
86
153
16
237
27
65
187
95
192
207
163
41
190
129
108
238
238
138
67
44
74
100
103
228
34
38
140
53
69
230
64
211
228
65
245
93
25
237
228
44
116
44
144
60
249
160
67
139
79
67
256
44
110
86
229
79
122
10
182
192
176
117
13
175
91
62
206
96
94
157
136
99
190
187
157
5
209
201
137
32
2
168
182
86
122
219
221
190
196
212
236
248
190
35
154
128
102
42
96
54
133
60
169
10
44
248
237
48
196
237
141
14
106
12
44
238
64
182
237
249
35
184
6
87
115
77
62
77
219
8
237
121
60
147
137
121
130
73
201
86
6
97
25
192
65
77
56
156
141
8
70
25
237
67
96
180
220
22
256
63
90
185
163
226
160
237
5
95
237
3
2
253
14
25
9
137
203
77
19
10
50
123
85
8
237
219
34
34
182
43
10
131
146
187
121
101
190
160
192
122
64
13
170
97
196
16
163
96
28
211
187
149
169
89
229
192
172
252
113
66
64
251
57
10
203
195
249
220
236
70
126
235
237
178
5
96
67
159
249
8
197
34
29
137
141
226
237
178
245
178
19
178
13
16
229
190
61
178
178
82
44
169
95
95
242
198
241
50
197
14
34
172
214
35
240
203
97
41
34
245
53
17
111
108
212
150
16
53
70
110
156
63
96
190
204
147
178
250
127
223
93
190
235
14
249
10
178
76
103
10
163
108
66
187
64
34
189
25
175
79
150
6
44
244
192
14
245
22
249
117
13
89
253
230
67
182
237
235
195
96
27
238
236
151
192
10
53
255
219
11
142
237
230
181
162
76
189
140
6
112
248
5
96
256
96
127
249
86
187
35
85
253
31
189
136
30
236
42
227
229
164
34
252
110
43
61
92
43
190
64
44
240
204
192
111
88
184
44
172
137
201
86
12
103
122
149
14
96
182
229
156
82
242
239
228
197
64
236
256
66
127
110
164
103
29
183
249
39
110
90
82
86
34
226
99
13
12
164
154
148
70
22
204
130
61
38
237
53
86
64
12
179
178
249
204
31
5
97
135
12
250
79
88
53
34
219
154
34
216
214
44
168
199
243
159
27
114
208
201
82
65
156
227
14
91
150
83
36
158
61
195
230
50
178
127
69
93
124
27
108
99
94
200
219
144
192
237
150
99
231
229
67
238
237
212
204
121
229
144
216
11
239
194
194
230
245
89
83
137
86
135
14
43
178
192
3
154
187
240
96
64
248
228
96
212
25
242
164
190
197
129
35
219
178
53
108
70
204
96
231
69
208
201
28
148
13
212
129
238
192
184
134
178
56
135
99
43
135
242
256
159
22
237
237
25
77
137
157
141
228
91
121
12
53
64
53
26
237
178
65
237
112
172
184
43
34
65
214
163
203
231
96
153
178
91
175
189
34
17
61
189
53
253
106
117
22
64
227
77
15
46
129
203
22
111
199
115
161
131
170
157
76
44
141
197
11
189
250
5
44
46
190
21
43
93
249
156
70
203
156
111
83
206
223
105
238
75
66
11
176
99
91
196
134
134
195
196
219
56
221
12
211
137
201
223
103
200
113
21
142
82
183
241
229
4
187
99
12
16
204
189
91
215
5
31
207
70
138
200
216
196
178
170
60
108
214
197
12
36
190
219
128
242
199
19
87
12
190
250
192
12
44
192
71
53
77
103
13
85
192
91
106
96
14
130
44
101
190
91
237
242
77
118
136
64
22
81
131
151
180
197
50
228
188
200
171
228
77
178
204
65
70
77
43
56
196
57
223
178
242
75
178
190
164
77
195
76
180
180
192
237
55
46
141
81
237
133
163
129
53
244
11
238
62
93
75
34
227
91
178
200
130
164
45
43
103
96
43
82
62
96
70
238
219
178
237
6
219
256
67
112
19
187
198
241
131
103
64
69
109
44
46
14
243
192
53
14
250
91
120
65
25
133
223
164
75
175
197
116
43
25
197
82
25
149
224
91
140
75
237
7
11
65
170
159
7
102
88
116
189
6
96
94
235
124
34
192
53
178
12
182
77
69
129
8
133
89
12
21
192
49
65
127
24
219
227
110
178
228
223
66
190
13
31
35
99
43
223
196
231
65
207
242
253
50
39
99
120
21
225
192
217
212
36
256
64
110
197
238
135
180
150
163
50
192
56
96
63
64
91
50
5
86
89
89
169
43
50
219
53
31
66
198
129
93
148
163
193
11
12
240
2
130
106
43
219
22
112
70
91
103
46
93
216
133
57
79
137
192
189
216
242
64
8
27
106
59
243
196
225
197
190
240
138
50
93
88
8
83
137
237
213
215
50
163
103
50
167
236
178
203
134
83
73
117
86
183
12
131
27
44
110
67
74
181
56
110
19
151
95
233
211
228
154
197
99
33
146
142
186
37
14
220
223
158
133
228
206
178
108
221
115
217
186
132
242
70
160
122
66
75
230
197
47
204
229
36
135
117
64
147
28
12
237
178
57
140
12
10
35
197
53
208
2
89
115
245
46
42
50
96
86
133
127
204
237
70
6
77
224
207
229
146
246
146
198
238
79
144
90
221
90
127
236
108
253
197
192
250
64
74
55
192
11
154
5
70
121
44
88
211
115
34
119
241
86
61
164
12
195
31
81
215
133
137
67
25
201
229
34
43
213
5
211
91
99
179
190
137
166
159
133
43
190
11
50
44
46
57
127
73
10
147
154
182
3
53
192
206
13
171
24
18
116
25
178
3
28
195
18
44
99
238
103
252
178
228
15
128
31
7
48
91
27
219
64
59
18
83
13
9
170
216
102
70
195
226
118
27
44
228
79
163
9
166
229
26
237
238
155
10
50
221
211
182
99
31
18
96
124
197
183
88
200
216
13
43
228
25
178
53
131
34
105
85
34
36
43
181
138
223
27
88
22
32
137
248
237
194
79
43
133
250
129
102
217
247
27
116
61
40
38
124
163
136
70
204
238
152
43
76
178
126
133
182
242
150
170
5
106
34
178
237
14
199
170
44
66
46
205
226
147
181
25
164
89
115
42
17
213
83
99
158
38
220
67
189
170
170
147
24
108
133
103
220
241
22
224
91
24
221
25
67
69
17
95
49
43
251
42
70
235
17
91
53
14
81
216
128
150
14
165
178
85
116
198
124
212
46
43
236
169
221
55
56
32
147
150
53
217
144
170
223
195
151
137
142
8
27
53
35
251
181
178
170
44
30
103
237
27
46
240
5
71
120
63
195
241
89
213
213
201
142
170
227
148
83
70
50
66
181
66
240
141
61
101
124
97
183
116
102
133
85
131
197
157
178
250
249
182
14
223
195
192
136
161
82
242
82
89
91
142
181
140
136
178
256
108
235
24
184
247
184
116
12
217
44
241
144
52
67
113
110
157
82
99
85
99
163
77
23
