118
147
75
136
177
181
51
143
143
181
211
143
211
181
14
151
3
143
107
14
128
211
177
222
68
51
118
222
205
241
92
68
79
92
222
109
181
189
205
222
214
149
51
114
3
246
128
109
181
165
8
165
126
59
91
97
177
112
165
141
107
38
251
154
141
74
97
114
75
181
141
200
114
205
75
222
106
181
222
84
181
58
182
66
87
143
244
255
75
66
200
141
143
235
181
143
182
154
5
190
217
78
243
143
142
16
190
190
142
164
195
74
244
227
190
220
141
255
123
46
235
254
142
87
220
75
142
123
220
198
26
227
222
130
220
111
182
176
198
5
34
143
13
142
252
19
5
125
46
160
163
142
93
122
93
87
227
222
249
108
24
220
54
196
182
253
121
107
19
93
142
87
183
235
54
150
87
193
11
107
28
160
142
180
154
246
154
69
227
176
138
204
152
182
47
27
125
36
5
138
87
121
254
47
165
254
96
119
47
225
254
182
132
139
243
160
180
154
78
246
143
254
103
106
107
118
119
210
227
47
164
122
71
204
58
220
142
254
200
151
45
221
122
96
36
107
163
65
5
17
214
8
40
141
254
51
119
246
182
121
46
67
36
203
243
122
221
13
90
81
142
90
252
108
107
182
119
29
241
139
114
174
221
218
102
36
34
119
47
246
93
113
165
165
71
192
164
69
72
113
78
190
58
102
2
119
141
210
234
34
207
141
58
255
119
142
142
90
214
69
191
41
27
46
11
191
248
41
218
58
152
23
112
47
192
244
145
241
142
119
243
185
73
69
58
169
168
108
172
46
142
152
108
196
204
58
192
39
47
190
152
6
201
119
182
36
175
46
191
119
246
152
51
219
212
119
24
220
11
113
11
35
243
141
168
8
119
234
202
152
246
119
226
141
16
220
119
244
9
38
152
156
152
210
241
233
127
12
119
46
179
30
119
181
94
141
48
11
254
245
152
118
190
191
11
12
201
6
112
142
119
141
103
81
37
149
91
81
63
229
58
24
40
119
141
107
119
168
238
205
58
201
29
197
119
24
152
6
30
152
108
119
12
244
177
5
142
113
142
172
66
198
119
11
11
142
47
9
152
142
152
94
255
170
152
58
119
192
169
192
142
125
66
58
87
152
14
113
120
119
66
167
119
112
152
202
47
156
241
231
125
142
140
104
234
46
44
234
12
130
82
189
24
227
119
106
152
24
119
201
210
59
113
176
24
194
169
173
120
141
254
119
3
234
241
67
191
141
119
18
215
119
44
169
189
254
241
119
246
84
89
109
152
241
176
198
234
252
129
47
125
119
246
125
165
254
36
119
156
44
24
47
119
125
119
24
119
177
148
46
220
62
192
160
255
198
198
227
119
152
119
141
141
142
3
122
189
176
46
36
152
106
141
227
165
2
210
35
142
67
24
201
182
125
218
210
201
160
177
156
234
94
227
192
119
26
142
251
198
191
102
237
14
84
198
244
75
173
152
152
213
75
155
198
44
66
29
156
45
155
152
12
19
155
254
24
117
189
125
191
169
142
152
159
207
119
148
218
241
148
244
115
152
224
75
234
115
24
66
179
180
221
246
145
125
24
201
189
12
53
246
173
126
224
202
198
141
237
57
56
244
213
142
156
227
139
125
12
200
202
111
218
181
12
156
152
213
46
156
156
1
46
12
2
152
221
227
48
81
2
155
