204
150
150
204
16
51
61
16
51
181
126
208
208
51
212
16
208
212
177
51
123
172
208
18
126
51
103
74
177
147
74
51
105
251
123
177
126
16
66
112
51
177
251
175
151
76
127
112
223
8
127
12
174
103
51
127
174
66
223
240
244
251
123
54
18
16
225
177
54
74
54
177
54
66
51
225
112
54
94
177
165
177
177
140
209
251
177
54
112
148
16
204
175
54
243
220
220
148
177
127
243
123
38
127
90
29
243
38
54
90
38
192
18
194
112
51
38
211
123
105
177
38
54
211
118
3
174
54
145
220
68
118
192
148
207
248
66
222
178
123
211
129
51
194
107
253
83
90
66
160
101
177
87
207
64
83
46
54
177
156
96
207
150
178
146
66
220
28
7
95
96
178
87
23
178
28
111
111
107
237
98
212
123
147
69
25
76
192
26
123
211
220
66
7
183
154
6
44
226
146
54
87
105
110
79
240
106
204
66
90
209
84
79
172
12
209
183
54
248
6
248
110
209
183
172
175
105
106
79
230
90
66
183
151
177
177
163
96
212
181
226
192
148
163
248
71
136
172
177
25
79
71
173
84
173
130
44
87
240
104
92
184
38
221
172
172
104
8
167
230
136
109
105
57
183
104
222
174
205
252
222
92
145
57
163
3
109
189
179
105
183
192
254
54
163
235
135
135
256
245
220
230
147
104
195
173
149
148
172
230
104
207
237
104
192
173
183
136
250
208
17
207
19
38
156
17
91
78
42
240
62
159
2
186
28
41
101
105
98
38
245
134
90
22
17
156
254
178
134
7
205
91
114
74
192
158
165
75
235
117
190
37
149
195
101
25
250
207
159
117
3
207
91
4
173
156
53
114
73
173
156
109
108
233
79
207
136
174
200
148
204
207
62
236
44
56
194
24
22
204
177
105
136
120
11
151
105
108
82
113
22
57
10
207
205
36
67
90
158
74
32
91
30
118
189
113
217
158
13
230
22
181
190
109
64
235
15
248
247
75
133
149
67
65
77
145
69
84
190
104
11
51
163
230
192
9
40
190
180
22
174
149
158
42
148
148
10
19
176
117
110
235
251
138
109
163
205
182
192
31
38
65
117
185
230
59
207
54
133
254
4
101
11
75
62
177
61
110
42
218
159
200
175
105
174
228
121
163
163
196
77
190
180
82
195
207
70
135
207
12
27
117
11
222
70
69
192
11
104
182
114
105
50
54
43
15
207
54
54
136
158
210
26
120
199
251
196
117
192
113
77
125
78
130
48
24
121
253
57
247
105
39
174
57
196
60
96
134
190
109
117
207
207
53
79
117
172
120
133
14
86
163
81
97
110
172
219
210
70
140
9
114
105
213
174
10
109
207
4
207
36
43
154
224
10
9
207
174
11
163
180
120
172
115
11
60
77
84
61
77
207
10
196
189
125
10
102
102
218
42
198
251
167
124
20
104
76
195
244
199
192
190
60
150
207
253
243
125
163
163
241
86
163
180
12
5
155
230
163
144
225
145
10
133
232
95
90
238
218
4
163
217
94
4
207
55
113
207
163
238
26
74
105
242
120
9
148
230
163
25
102
113
206
10
163
124
191
133
163
228
117
104
232
207
26
199
152
117
107
65
36
86
21
115
163
83
2
38
163
10
61
48
133
145
20
42
115
207
115
55
244
256
79
77
207
252
172
158
241
207
238
172
57
207
85
115
26
207
229
224
254
9
207
45
192
244
91
189
196
109
44
10
86
116
163
155
82
102
117
207
26
91
128
103
128
237
115
50
174
26
55
237
110
163
107
81
199
9
86
11
207
10
215
74
207
89
230
133
70
11
108
122
174
137
154
44
87
117
160
69
253
176
110
86
196
120
98
9
54
9
242
206
256
60
91
47
155
196
69
116
196
196
86
192
1
66
192
133
9
161
105
117
44
155
247
160
120
244
244
247
247
229
9
102
76
110
192
50
158
115
133
91
9
214
255
91
76
207
207
102
192
7
87
207
153
124
129
221
85
97
124
160
83
21
209
256
160
91
228
136
78
173
74
77
255
25
95
79
137
207
89
124
154
196
25
45
15
117
207
115
38
47
120
212
119
133
94
77
26
9
228
176
67
127
103
207
64
120
21
207
124
185
155
256
64
165
120
3
207
216
244
51
139
199
2
247
187
85
109
224
187
77
187
15
133
8
232
187
135
119
49
224
109
77
32
