126
182
166
87
84
115
195
182
90
84
164
204
208
205
90
62
29
16
65
89
204
65
106
165
204
131
195
36
253
164
252
200
54
190
15
249
175
239
4
146
158
90
131
71
29
253
47
200
239
87
113
204
47
127
36
208
74
7
164
90
127
47
65
127
208
98
128
177
90
50
109
204
173
160
252
180
20
151
113
54
164
167
115
81
175
71
29
71
34
25
205
71
177
248
28
152
152
34
73
93
71
164
222
40
253
115
71
106
151
74
151
89
4
106
84
71
22
180
31
71
71
20
118
71
151
62
150
235
16
244
15
127
204
191
71
204
6
151
50
204
110
71
188
235
88
47
244
151
248
123
200
253
209
150
71
222
113
200
240
250
4
151
106
231
90
254
200
193
55
71
225
107
204
121
74
31
71
106
238
27
22
174
151
110
221
244
96
114
177
165
62
165
88
106
113
112
138
95
165
83
118
84
151
107
208
71
112
103
7
97
138
3
34
209
150
98
164
71
200
160
38
55
119
34
29
87
200
204
164
208
231
146
160
34
204
239
118
254
201
142
86
208
71
27
160
58
62
98
205
143
235
208
38
50
116
118
44
160
71
151
71
160
208
200
169
110
252
221
184
170
221
62
254
254
113
98
143
127
74
186
121
123
221
96
52
209
98
86
51
59
223
98
165
180
83
208
27
4
101
214
31
98
5
95
36
41
247
38
160
225
125
71
200
221
234
222
98
76
113
56
175
227
98
32
119
249
184
68
160
27
142
145
157
228
228
160
98
201
143
250
209
119
124
48
216
126
25
130
228
50
191
52
98
87
200
165
106
58
112
179
253
152
83
62
106
160
194
41
224
89
45
256
8
41
254
112
113
188
151
4
244
195
55
107
98
90
152
62
33
200
146
113
87
112
119
34
152
208
86
143
56
151
222
228
58
92
96
58
29
87
182
220
101
125
254
152
58
254
222
158
29
77
29
166
81
209
90
125
208
86
225
38
98
58
208
51
14
141
171
76
62
125
150
29
4
239
113
186
190
141
113
255
156
196
190
88
89
123
29
125
190
58
150
44
98
126
234
162
143
241
118
106
157
108
204
65
93
107
65
29
244
245
29
244
65
6
58
118
54
165
185
59
190
65
116
90
214
58
150
143
121
162
98
170
4
56
244
91
214
109
254
157
58
29
19
249
36
254
15
29
89
203
13
156
56
41
143
200
200
228
194
162
71
196
159
200
119
171
156
6
58
101
150
196
98
86
95
236
113
209
125
208
208
18
116
87
50
20
104
42
160
153
159
150
234
95
231
90
208
91
56
185
185
113
45
160
107
107
152
7
251
106
249
191
249
165
38
143
113
80
151
126
234
16
243
118
87
87
191
213
18
154
213
150
65
208
62
40
3
83
125
36
71
208
239
72
203
149
200
16
125
217
152
191
113
208
157
21
228
86
101
200
178
8
165
253
230
110
242
21
96
144
249
3
143
184
2
58
132
153
76
220
131
84
47
16
110
66
45
143
156
101
58
83
138
157
220
253
165
107
138
62
8
208
56
16
81
147
53
146
144
98
10
119
45
96
250
225
143
249
40
160
127
217
236
159
144
59
13
98
188
86
47
16
220
119
254
52
106
156
76
106
239
92
189
36
11
160
254
152
119
36
84
97
22
77
59
208
141
92
76
114
13
13
59
16
113
246
125
80
191
213
3
28
97
43
84
98
20
247
21
191
107
81
15
145
92
188
21
254
227
60
76
82
157
72
187
57
97
143
110
190
106
26
159
225
128
63
57
92
45
209
113
153
40
45
151
30
98
36
145
254
145
73
14
224
172
25
188
231
200
107
3
107
21
123
26
98
155
123
76
68
110
157
136
30
119
205
72
200
29
247
30
145
191
110
168
185
84
118
204
231
86
25
30
26
194
140
234
55
180
45
62
92
160
165
21
217
71
112
56
62
64
217
30
55
116
145
106
84
152
76
107
234
152
159
36
202
157
45
148
106
255
149
139
106
200
72
12
45
21
106
68
123
106
128
200
111
45
40
123
159
107
205
123
14
111
112
125
193
250
184
218
255
217
116
194
68
188
89
126
143
111
153
125
98
112
45
231
107
188
92
250
30
153
188
46
255
136
188
180
106
205
113
163
123
101
203
180
49
41
250
106
229
77
92
21
123
125
224
45
92
217
189
46
182
111
198
126
21
248
30
99
18
111
55
205
180
113
45
222
37
163
68
106
126
200
35
16
133
111
116
37
45
143
254
155
106
227
76
220
198
54
22
107
184
159
21
240
106
200
86
45
106
159
106
106
250
152
123
222
97
216
191
45
121
82
124
106
218
82
99
221
71
30
125
123
77
86
51
246
45
151
252
36
152
21
194
160
190
106
155
170
36
177
152
153
217
188
130
86
165
49
91
160
104
251
141
61
50
54
62
54
163
254
51
188
194
22
230
155
4
163
128
128
30
68
251
125
200
159
237
30
126
128
200
50
55
104
45
184
22
62
173
111
98
215
128
128
22
163
141
148
155
62
77
245
145
171
173
152
156
38
148
50
128
253
224
218
231
128
200
223
188
45
148
3
8
225
161
218
45
75
197
106
91
148
185
18
227
246
152
19
200
174
173
138
209
184
52
97
31
148
163
239
106
4
31
26
102
84
169
148
71
138
31
112
157
213
45
224
185
128
253
224
243
63
73
31
157
116
31
224
101
49
91
105
124
224
75
71
175
36
125
58
247
4
43
58
254
62
37
161
133
200
42
50
3
254
4
163
232
45
216
188
197
224
138
71
188
124
198
205
48
202
81
213
213
125
77
220
27
158
89
40
97
77
171
113
188
113
161
66
174
188
197
113
125
113
205
255
62
85
254
75
15
25
157
53
163
113
254
50
24
255
148
24
193
188
193
188
25
113
4
44
44
205
218
113
4
197
163
99
218
44
4
254
91
148
148
54
44
9
99
218
188
224
163
125
205
20
44
113
185
20
