204
75
162
35
170
230
230
214
162
75
166
230
204
32
137
209
111
115
190
111
155
115
79
25
175
250
115
230
90
11
248
190
248
161
149
175
228
73
230
172
90
249
166
42
219
110
3
148
12
149
129
190
162
237
52
202
189
111
90
25
128
177
81
154
214
189
149
82
157
26
42
38
116
71
127
105
110
189
44
172
22
117
105
128
127
214
26
82
178
105
48
81
243
104
154
178
91
186
12
86
233
128
82
149
214
129
204
94
85
189
129
81
6
154
238
74
84
81
229
111
106
12
237
155
178
44
242
127
115
22
73
42
91
117
127
237
82
111
163
170
82
12
219
178
249
197
213
52
79
256
128
106
214
12
51
44
16
26
48
178
112
202
123
12
5
79
159
129
197
26
51
177
12
123
138
128
117
17
27
247
82
44
48
116
129
112
128
48
155
51
17
242
161
163
178
23
237
38
50
76
16
183
48
48
5
79
154
51
85
143
56
124
69
12
54
72
220
163
178
82
12
124
256
174
12
139
213
190
256
90
219
12
54
109
17
64
213
197
106
161
215
82
133
41
127
12
190
167
10
148
164
82
216
247
247
88
91
25
148
218
209
238
79
189
220
26
62
48
232
218
102
23
20
213
48
137
156
86
77
166
178
237
216
243
125
133
75
218
218
32
79
247
45
243
216
81
216
216
48
76
99
127
163
10
156
189
66
99
31
247
69
77
12
106
131
56
77
94
163
45
197
163
124
115
218
20
86
77
115
172
20
115
57
155
45
92
133
77
45
215
175
155
163
222
155
189
106
163
82
256
45
79
207
94
192
76
38
86
197
106
235
12
99
133
43
174
117
123
42
19
215
99
56
115
136
155
156
4
197
9
106
84
149
82
99
124
84
225
215
48
56
197
9
189
110
218
186
48
56
77
57
82
172
48
92
42
163
12
12
161
26
99
156
76
8
162
90
240
133
197
19
94
178
197
197
197
133
92
48
243
172
197
45
230
239
218
94
59
218
59
64
106
175
56
12
242
155
176
92
156
172
82
133
56
48
106
104
103
4
218
211
12
148
247
48
155
56
211
133
99
4
120
110
162
154
99
95
159
189
12
256
99
189
161
155
186
104
45
64
12
94
148
94
26
133
218
218
57
12
207
189
218
12
12
215
12
62
189
12
189
208
99
56
163
86
12
115
12
160
251
160
115
208
56
124
184
155
12
159
56
201
12
95
12
148
160
71
12
12
189
160
98
12
232
26
189
197
12
159
56
45
56
156
149
12
228
254
189
189
45
12
161
12
200
189
236
148
12
189
57
218
12
151
189
149
48
143
71
215
56
12
56
197
218
163
56
56
56
197
48
163
12
50
56
163
232
133
159
12
12
148
159
56
45
12
112
148
148
56
48
45
56
143
56
155
213
56
56
99
163
163
148
56
56
12
86
215
148
215
149
12
161
12
12
56
56
45
163
56
197
159
12
148
133
148
12
161
45
148
161
200
148
161
218
48
155
213
48
23
148
23
12
48
163
56
45
189
213
86
189
232
163
8
148
159
23
213
232
161
45
254
148
48
45
163
163
12
53
56
