87
128
59
33
128
166
59
150
55
31
112
87
150
87
166
7
55
180
36
87
36
28
135
135
182
87
150
182
28
21
36
135
217
243
182
180
243
245
186
143
135
245
229
186
205
217
217
243
229
211
128
245
217
104
75
229
135
229
165
186
230
147
199
243
243
165
104
186
205
147
91
230
127
104
35
243
126
174
91
60
247
230
122
75
185
230
186
240
166
162
245
182
182
251
186
229
109
249
11
230
205
138
211
122
108
138
154
108
11
75
108
20
25
256
33
231
174
117
205
205
87
114
218
247
6
154
122
75
75
199
83
84
207
136
174
136
84
247
194
113
113
60
42
172
40
10
90
67
132
231
203
60
114
14
221
132
71
5
78
14
136
131
211
239
132
83
132
221
132
118
4
71
55
61
113
30
256
13
183
181
55
211
27
55
195
31
131
36
186
34
22
118
224
176
59
118
227
186
118
36
195
25
179
80
136
256
14
103
81
132
60
179
136
166
55
195
171
66
105
135
40
136
39
77
118
103
221
136
40
30
256
243
245
9
4
167
245
75
167
135
39
179
181
14
179
113
222
71
89
221
231
93
245
73
170
205
227
66
246
107
169
244
55
10
17
66
77
121
59
154
231
121
205
231
203
93
105
68
135
109
184
30
68
60
195
222
103
136
251
60
173
135
87
11
233
207
122
185
59
137
33
52
40
7
13
170
135
144
195
1
121
40
141
245
153
170
103
141
93
137
168
33
224
209
66
227
53
9
77
63
144
227
124
130
203
141
93
170
24
87
40
137
47
174
68
174
211
40
121
137
239
68
167
179
2
171
233
58
142
233
1
179
251
141
55
179
37
146
195
132
181
211
141
113
42
224
254
40
14
127
21
93
254
141
58
224
59
210
171
172
171
118
29
103
11
191
167
233
194
14
172
4
208
167
194
1
223
1
58
121
191
184
218
227
63
75
58
94
233
113
171
38
171
174
135
209
59
117
30
256
256
94
222
227
227
191
142
47
26
194
227
171
94
141
167
55
171
116
20
75
242
40
202
97
67
171
254
218
114
179
245
137
53
167
125
9
254
30
218
32
74
167
184
216
211
179
105
33
164
32
179
77
77
74
108
31
191
60
65
131
152
182
124
224
203
227
168
183
254
137
233
167
164
222
55
46
171
171
166
199
205
9
255
33
46
191
66
202
194
167
115
167
202
58
168
94
58
25
170
211
66
88
9
29
122
116
172
137
227
94
94
141
164
244
58
33
88
25
212
58
36
233
121
179
74
180
167
206
45
3
233
239
135
143
70
130
4
136
192
137
116
33
254
89
60
108
256
83
167
138
138
178
37
37
169
239
168
233
32
104
39
40
172
233
227
136
128
179
25
8
179
131
89
195
174
256
233
43
216
175
131
53
211
63
216
233
202
107
95
74
216
31
179
150
255
40
182
137
147
32
108
53
164
216
195
185
182
29
167
136
227
233
124
77
154
31
66
141
58
58
255
37
150
150
104
230
116
176
154
167
58
191
109
131
167
53
144
227
58
138
236
63
79
114
167
179
233
172
38
24
216
171
223
65
256
113
93
191
150
236
114
176
233
94
179
55
65
181
249
187
61
218
251
122
169
241
143
40
55
251
50
131
167
227
3
154
120
216
132
170
117
39
247
55
55
67
184
246
207
120
233
144
233
249
83
42
130
233
236
147
216
239
87
215
122
188
80
231
241
16
31
256
233
233
146
33
67
198
194
75
154
40
233
4
16
152
202
31
157
182
55
179
9
122
183
236
191
49
66
40
222
176
150
246
61
137
138
174
167
150
49
236
37
191
187
236
43
245
233
256
191
40
223
55
24
252
44
141
36
90
58
43
132
241
128
256
233
132
107
199
121
120
179
167
83
233
185
207
227
128
25
241
131
157
141
146
24
114
58
168
22
66
137
94
94
33
241
241
217
119
146
130
40
150
25
55
167
187
37
194
174
76
101
21
227
132
233
185
28
141
24
58
107
101
230
13
52
46
191
122
211
96
231
233
206
186
234
10
231
75
241
241
88
234
198
130
88
252
124
167
167
97
101
37
233
231
37
150
124
115
37
207
31
191
203
211
167
115
52
80
179
191
174
254
113
150
252
29
167
164
38
227
241
84
181
91
33
199
233
256
233
167
233
141
58
43
101
233
58
37
146
256
167
15
233
168
24
33
94
167
167
252
142
167
24
24
42
186
80
80
167
191
114
119
37
191
170
256
122
