25
36
242
47
231
103
242
231
75
244
75
87
235
209
231
107
150
103
107
244
140
244
244
27
150
231
58
27
108
199
33
242
184
164
108
1
108
58
242
129
164
199
231
249
33
73
5
27
224
250
89
95
184
126
141
217
150
51
140
235
231
177
222
224
150
177
184
27
109
222
212
109
55
122
126
139
235
235
114
22
114
109
27
164
199
24
132
15
183
18
131
222
177
90
212
198
89
139
247
24
132
236
165
168
177
19
235
217
18
231
235
182
182
112
141
199
63
168
140
150
212
19
114
212
94
249
63
212
177
147
217
177
222
132
132
131
158
199
109
39
55
54
76
184
222
222
100
27
24
67
147
174
207
110
243
249
217
30
109
40
15
182
67
40
19
164
55
18
154
222
136
249
118
138
250
40
212
168
162
15
190
112
158
75
250
75
6
242
37
94
136
63
91
54
168
24
168
89
158
138
245
182
181
131
97
89
235
54
97
235
78
217
158
124
102
63
94
182
165
222
131
63
76
165
37
63
97
40
55
158
6
131
235
205
162
110
158
54
164
136
219
181
222
28
228
177
18
63
58
198
235
255
235
77
216
138
211
150
109
205
118
69
63
177
174
54
55
37
141
63
227
21
118
54
235
245
245
235
66
13
253
158
194
63
224
63
40
109
54
54
62
63
54
194
131
165
131
109
246
69
49
93
63
13
72
119
194
114
197
97
160
118
122
37
158
235
217
184
114
90
194
118
215
122
29
10
141
114
174
227
206
49
37
164
237
119
224
76
122
122
108
67
16
49
54
165
54
246
217
122
235
93
228
229
136
37
15
63
136
69
21
110
150
113
29
5
229
188
135
131
63
109
93
49
107
107
182
54
40
118
205
97
5
61
172
205
243
239
226
63
250
122
6
236
177
171
240
118
110
37
122
21
49
131
211
40
16
109
141
188
183
131
84
136
136
174
182
246
182
243
205
17
109
174
235
243
53
183
109
40
136
172
118
84
131
122
122
66
3
109
28
188
146
171
246
152
114
241
141
254
122
131
69
243
118
212
227
195
224
114
141
54
212
40
30
150
215
53
109
150
1
222
139
28
183
225
158
209
243
108
182
168
224
182
227
138
88
235
89
53
37
3
239
133
239
177
235
180
171
109
167
28
17
255
21
63
170
164
88
131
75
182
174
173
225
110
174
63
40
75
188
172
243
94
226
142
174
150
141
29
227
205
114
10
118
246
93
212
171
150
226
143
222
255
199
206
10
246
205
174
138
1
44
182
171
138
5
237
5
138
93
49
3
40
6
21
226
166
3
205
226
47
225
5
216
143
122
183
237
92
192
222
171
227
66
185
226
1
80
167
107
141
98
122
206
233
92
122
94
193
17
199
191
125
68
109
144
75
122
107
247
193
141
181
168
225
168
222
193
248
255
167
181
181
245
38
78
17
237
158
122
206
188
171
241
171
105
122
16
40
4
121
93
168
247
95
174
241
199
33
250
102
187
40
37
40
136
227
43
86
66
141
106
4
118
70
38
53
136
81
188
226
241
168
131
164
192
141
211
241
131
167
181
70
241
200
223
226
4
68
182
122
50
249
132
132
249
193
193
53
63
81
71
105
198
239
247
198
4
191
125
164
193
241
125
26
58
200
124
119
20
61
55
125
