128
66
128
128
212
111
248
123
183
123
128
212
123
212
229
103
128
229
183
105
87
128
90
34
128
87
28
143
96
87
34
105
168
183
229
94
171
17
34
176
28
97
34
212
51
128
17
37
63
94
138
5
17
206
183
171
17
37
105
69
171
92
92
63
28
66
105
208
34
94
94
145
3
251
105
9
212
176
94
183
28
28
9
94
9
37
216
128
94
131
131
208
216
92
222
168
64
63
243
63
174
131
28
174
17
171
135
131
222
135
94
129
92
37
138
96
129
28
206
85
10
171
196
16
85
222
168
135
222
94
94
9
129
174
174
199
174
131
64
99
250
184
160
9
138
67
252
106
136
99
114
217
154
51
114
129
235
94
174
17
222
28
104
123
168
99
94
138
168
33
243
9
216
243
174
122
128
211
14
186
168
174
114
94
235
54
97
130
131
165
145
168
17
138
199
94
106
85
9
207
32
3
5
235
104
184
158
174
174
135
186
19
186
182
8
66
49
172
120
49
123
14
206
140
226
32
80
174
162
129
216
208
133
99
187
131
82
216
79
135
235
136
85
89
6
126
85
235
37
3
214
212
138
26
133
91
174
19
112
99
135
182
3
158
250
172
122
19
170
182
6
12
174
217
95
122
174
218
118
182
182
172
122
212
109
99
80
79
180
247
184
184
122
77
66
169
74
245
1
97
174
178
74
95
97
206
3
79
217
247
235
235
122
77
141
216
178
77
132
249
134
182
50
249
14
216
94
247
216
216
220
211
109
243
95
216
170
216
42
235
250
192
99
216
255
79
13
198
124
182
92
77
54
42
19
2
200
192
85
37
55
22
92
75
99
77
182
55
182
92
8
192
176
27
109
31
82
92
181
232
42
78
247
79
186
147
42
243
55
188
124
159
2
78
210
244
244
24
77
107
109
200
182
210
246
146
188
78
229
228
4
94
63
181
128
77
176
254
51
69
99
69
38
59
185
137
131
190
5
8
204
107
63
151
188
79
63
210
9
124
255
59
39
65
63
109
247
249
164
192
36
115
245
96
155
159
79
122
242
246
184
223
242
159
20
229
242
184
60
18
132
236
223
77
69
177
39
91
242
228
154
39
246
92
247
115
124
70
33
47
33
122
8
36
9
163
107
189
107
18
147
202
247
39
47
53
185
193
247
193
122
202
250
224
246
79
135
207
136
246
53
76
79
128
139
114
65
236
124
132
82
70
33
114
247
36
227
246
202
106
46
12
185
68
131
122
246
69
240
91
34
10
171
44
193
124
227
207
244
178
65
227
174
9
139
33
131
114
109
79
107
77
152
152
116
227
76
26
207
46
9
90
79
24
60
103
9
9
36
247
198
77
52
140
227
135
79
90
207
77
83
152
39
142
53
227
137
114
133
61
46
152
249
227
100
207
180
234
131
241
141
142
224
53
202
33
61
