184
95
84
177
177
176
95
166
138
61
177
176
177
114
114
83
176
177
114
166
177
61
114
67
129
129
164
123
177
10
11
129
51
220
235
83
187
10
129
79
236
238
14
183
222
235
250
8
14
51
55
235
62
55
242
46
90
187
126
111
201
187
62
103
111
95
55
111
14
235
108
106
228
240
164
106
110
111
229
51
181
87
194
90
222
13
203
108
105
190
110
136
243
67
237
118
190
223
137
31
109
237
11
223
201
60
128
204
203
35
96
10
103
181
182
237
3
21
37
118
111
242
251
81
21
8
108
91
55
109
35
118
11
231
118
103
166
143
136
238
10
231
229
201
13
90
224
181
89
204
36
73
235
132
180
95
182
113
109
80
95
182
109
95
113
231
194
13
166
231
180
205
204
176
36
113
89
165
138
66
224
17
95
131
129
116
129
88
251
95
205
118
3
116
66
131
230
198
118
15
136
58
135
218
248
75
235
73
165
170
221
143
77
184
46
75
129
51
30
182
143
109
91
233
25
109
40
144
63
66
205
176
67
67
9
27
205
83
25
73
182
150
103
117
156
3
17
73
205
43
124
225
28
226
218
194
20
207
176
212
212
17
75
207
235
75
203
91
75
91
141
154
18
212
31
109
157
165
170
17
115
193
203
158
156
226
88
97
75
14
75
251
212
146
154
129
123
149
26
141
3
248
18
252
172
81
94
14
93
74
76
187
132
168
67
14
75
120
217
113
153
162
3
101
123
66
108
230
172
124
65
33
87
63
172
212
172
190
235
123
217
66
94
171
94
171
205
22
38
154
87
36
121
144
91
179
49
105
88
164
66
104
134
28
41
106
87
122
91
80
127
219
122
205
89
135
204
198
14
113
38
27
17
120
104
212
9
204
203
74
174
17
123
99
88
217
180
229
17
242
66
185
12
196
240
8
221
112
9
14
179
187
184
218
58
117
149
135
38
167
24
12
166
172
66
125
153
107
244
134
153
121
83
93
198
125
162
24
113
144
41
99
49
153
122
186
240
38
204
78
98
27
31
217
113
15
164
17
77
35
180
87
252
93
174
41
120
163
9
218
153
206
4
65
101
221
163
10
65
94
194
93
174
71
38
237
227
91
53
80
113
146
166
191
60
240
203
21
4
124
83
21
11
120
68
58
17
17
148
21
148
198
41
58
104
130
4
224
184
131
171
11
114
226
7
250
169
121
167
224
43
99
163
93
176
226
195
91
205
180
182
102
91
191
13
214
9
253
240
172
80
104
69
217
228
18
14
144
194
99
94
170
61
96
120
22
34
218
170
12
57
15
130
207
131
33
250
174
4
196
130
123
99
22
68
129
83
91
154
130
93
171
12
31
223
31
236
68
91
237
41
127
105
78
81
136
242
88
25
213
194
207
172
60
189
33
114
61
99
148
65
33
53
208
180
33
9
223
83
154
65
12
203
226
131
65
83
25
23
10
40
240
53
59
134
104
182
203
94
216
153
185
240
163
124
203
163
195
195
33
88
12
121
99
148
12
12
230
220
256
186
60
229
39
197
144
207
36
68
31
12
88
203
230
61
5
35
12
16
216
218
216
241
41
133
