208
7
208
151
97
209
54
75
144
3
209
209
97
113
151
151
3
88
41
138
75
209
50
95
209
177
97
97
97
50
3
97
166
87
239
209
7
205
88
209
3
126
40
16
239
209
225
75
75
97
244
88
109
97
71
223
126
25
113
67
225
74
71
194
209
75
16
54
71
234
69
59
209
212
177
153
22
90
87
184
244
90
31
14
177
212
126
71
67
138
71
77
239
208
54
33
160
127
97
209
168
184
90
54
59
113
225
136
160
113
54
172
194
211
223
222
236
54
230
126
121
160
223
126
92
18
75
153
239
54
165
230
253
177
79
177
160
22
90
254
62
3
7
184
74
77
130
183
33
73
220
223
106
20
222
226
106
88
200
33
117
103
253
178
62
16
5
8
177
222
121
230
165
71
222
254
172
256
147
239
7
36
175
74
186
222
245
143
187
27
229
111
248
106
100
33
113
106
110
74
71
67
64
36
178
245
85
238
184
157
220
208
165
187
225
230
235
172
15
230
11
220
183
181
182
32
241
115
245
57
126
45
97
176
194
153
184
219
222
58
164
225
85
41
235
124
243
3
8
154
95
184
182
132
95
90
105
129
182
90
78
74
200
40
144
229
95
10
113
47
74
119
67
243
251
154
253
178
106
83
206
126
210
231
66
185
31
76
197
64
195
105
174
254
3
126
17
196
240
79
127
243
166
244
84
65
239
244
182
31
181
125
137
146
116
205
248
107
183
252
235
114
212
54
223
75
143
83
102
5
110
33
235
63
36
90
129
90
149
65
105
30
196
82
181
11
97
113
180
122
129
20
86
28
99
3
119
71
182
138
106
99
85
113
55
170
168
183
231
205
180
142
219
98
217
117
46
220
29
110
252
42
220
154
5
145
26
230
177
111
208
60
106
74
126
3
236
194
93
228
235
13
182
114
168
191
194
1
220
34
122
102
234
246
243
175
2
245
70
86
15
149
153
98
226
174
150
242
183
43
99
251
102
73
185
99
176
46
153
23
220
252
76
211
187
209
223
160
249
31
196
239
122
184
150
253
141
181
124
254
123
221
81
76
181
63
69
49
59
5
219
28
208
49
212
230
154
51
81
134
211
114
141
104
8
107
246
14
62
87
166
95
188
81
248
114
116
211
186
174
43
161
98
196
235
184
185
76
151
86
197
19
76
122
181
151
97
22
149
196
122
153
11
181
245
215
203
184
139
79
121
82
216
127
122
212
216
111
224
141
43
102
156
132
84
136
61
103
13
222
180
245
3
91
228
215
108
36
210
122
229
20
76
247
117
181
161
6
184
2
54
184
73
6
40
59
154
61
197
223
236
250
151
85
122
33
256
5
30
76
91
255
178
181
17
118
250
2
87
138
140
226
15
20
14
42
51
129
116
61
181
84
122
22
18
11
176
76
223
82
177
114
163
61
69
79
212
119
97
255
119
24
208
95
77
127
179
181
245
2
204
141
5
214
11
215
84
107
18
229
178
97
1
22
199
8
28
246
245
187
40
216
135
69
43
211
63
175
245
191
98
138
95
228
215
20
44
178
119
85
102
211
204
160
26
74
229
253
32
85
81
132
211
216
113
211
242
105
190
4
41
158
76
18
122
219
51
251
156
118
181
91
171
107
139
20
113
115
137
144
138
211
154
238
181
240
102
86
93
178
91
138
217
210
149
138
15
223
57
105
104
189
44
153
70
73
194
105
131
169
3
21
133
130
243
32
190
98
79
83
129
32
74
2
154
109
34
240
200
172
220
89
237
203
238
194
104
127
245
131
131
61
190
125
90
85
60
86
156
219
142
19
122
107
222
76
32
14
71
156
187
203
235
52
60
85
183
192
216
89
231
161
127
252
12
32
217
31
56
238
172
231
64
2
154
123
200
235
130
185
73
61
184
210
114
250
176
5
227
11
245
86
14
147
119
225
221
25
171
43
178
154
87
125
245
10
76
99
135
200
168
139
44
181
72
171
192
16
156
134
197
10
107
60
76
94
226
86
99
114
114
135
14
200
163
227
129
222
225
14
107
37
114
181
222
192
9
43
184
76
87
215
123
42
55
221
91
250
227
122
235
219
99
60
181
125
231
73
163
132
145
28
250
105
219
174
196
147
91
44
218
231
245
99
129
196
240
105
107
221
226
12
39
60
168
105
67
51
60
2
238
178
123
206
249
242
92
49
14
215
253
222
242
146
172
192
161
37
248
140
82
137
147
245
114
32
201
234
76
127
75
102
211
32
252
89
17
245
35
61
97
236
97
238
29
154
154
57
177
117
30
207
28
141
33
9
29
189
37
13
144
254
49
217
105
141
69
122
94
102
148
174
50
34
141
123
67
104
95
16
221
109
34
31
13
151
145
122
217
111
214
32
42
219
56
46
24
216
60
92
183
154
180
52
105
97
51
114
242
172
85
20
141
39
154
61
248
123
34
76
29
99
13
103
12
50
252
248
13
129
147
60
44
183
135
136
13
115
85
242
175
169
19
245
93
21
201
105
61
142
116
195
99
154
87
25
11
141
36
154
116
246
10
21
160
19
226
123
25
154
83
158
226
14
104
137
8
136
116
26
244
181
60
171
135
160
242
154
85
35
60
10
64
56
139
129
141
244
102
125
181
255
164
105
243
203
178
76
32
223
200
136
122
64
74
3
237
212
8
81
2
182
107
200
94
255
253
39
173
25
141
53
30
206
89
35
32
141
13
68
28
135
129
238
105
149
170
96
73
244
149
32
57
64
154
134
39
117
57
87
175
32
174
256
14
147
64
187
152
250
136
64
60
81
10
221
131
19
92
14
224
170
21
116
180
99
53
20
68
60
64
124
81
37
8
200
27
12
144
170
219
83
148
10
36
238
140
219
129
142
64
105
41
224
141
246
201
223
169
256
230
178
36
52
102
14
34
11
6
69
219
238
123
200
148
228
212
251
22
227
218
31
14
103
78
53
103
53
192
198
131
201
5
218
19
96
137
35
218
116
255
108
39
10
230
200
52
100
8
189
61
4
111
31
43
234
64
60
64
217
96
79
28
81
181
131
238
81
210
221
201
201
111
69
57
79
57
100
92
201
99
82
169
111
94
201
94
9
237
39
210
180
201
101
173
245
238
126
174
60
1
31
201
57
28
238
92
190
238
133
159
8
255
203
18
132
26
237
89
119
125
35
242
94
101
114
79
10
157
145
39
8
88
92
28
64
236
35
140
10
18
96
32
169
37
34
34
85
134
100
25
219
235
116
169
137
237
121
227
99
60
134
164
111
79
201
190
35
34
39
37
152
31
37
83
111
201
111
94
25
188
240
10
200
156
187
4
110
61
188
31
25
83
201
14
160
68
8
35
103
196
68
201
110
152
92
170
8
25
108
14
99
83
61
31
86
201
237
83
191
125
201
10
199
198
61
37
201
134
185
236
186
192
201
39
126
201
242
31
49
188
64
64
223
125
102
163
15
10
34
100
252
25
34
68
224
248
156
163
65
201
240
110
219
169
72
94
239
201
196
203
238
219
72
245
242
201
223
57
230
219
88
201
189
100
252
68
8
10
238
119
158
256
64
192
201
173
223
92
72
121
224
134
34
149
219
27
214
35
201
256
236
232
133
188
169
22
254
169
239
69
212
102
85
163
35
200
26
201
110
74
248
221
238
101
217
38
146
190
10
202
68
35
228
73
99
139
156
22
119
10
230
221
61
24
201
161
201
39
64
189
41
25
215
189
188
1
119
163
31
83
238
26
37
10
102
152
130
32
256
186
96
238
101
113
238
213
125
228
255
119
64
218
163
115
86
232
133
125
218
68
52
1
197
197
57
20
103
190
256
48
31
25
238
127
133
134
185
69
119
256
156
125
199
252
218
256
34
136
173
213
25
25
213
119
115
197
119
196
72
253
232
232
117
196
34
73
110
21
39
256
236
133
174
252
73
39
192
256
134
94
115
25
187
252
245
45
238
72
197
169
200
78
115
248
187
11
35
197
72
20
115
256
119
84
25
190
246
134
115
134
102
214
197
196
159
213
81
155
4
8
135
