240
8
7
81
128
81
8
71
7
219
74
240
22
128
240
110
242
90
35
113
98
140
196
34
74
65
187
147
187
98
236
13
71
8
113
231
13
88
112
110
65
8
16
153
41
90
7
253
60
8
117
102
150
207
8
204
70
187
180
240
180
16
32
22
113
35
16
110
74
162
153
126
35
187
90
204
175
81
195
74
90
150
195
36
8
22
242
83
7
96
140
8
212
153
207
223
236
229
112
108
47
187
89
81
55
126
153
187
240
128
204
32
50
253
250
81
60
82
106
55
25
10
251
16
16
256
204
19
49
187
96
8
230
88
138
242
126
153
214
232
230
6
129
223
10
49
117
13
70
140
239
195
22
55
160
225
69
129
180
108
27
177
187
80
10
65
230
51
177
140
112
129
50
230
35
35
175
13
5
183
29
153
150
112
74
83
40
204
8
13
74
108
175
62
180
240
253
187
69
183
128
51
193
126
236
204
39
108
199
164
14
25
240
76
129
177
169
251
32
74
251
229
187
52
190
6
74
249
179
153
16
169
240
238
240
129
247
126
10
212
13
8
183
62
169
6
219
251
75
142
199
182
76
32
183
183
129
115
89
183
89
13
153
252
229
13
160
11
179
177
228
210
223
108
142
58
34
74
13
225
159
190
18
177
187
8
191
180
190
49
237
41
140
8
237
175
39
89
83
112
223
240
251
183
127
8
47
112
240
141
225
180
55
65
240
69
153
18
141
179
46
249
215
190
251
252
212
75
16
237
210
34
91
56
35
225
51
10
251
51
223
16
252
5
95
73
19
138
74
231
112
223
39
251
205
142
165
108
164
217
112
5
147
54
20
34
83
214
119
58
112
121
63
41
128
18
225
62
63
204
94
201
66
230
46
83
232
26
237
52
231
39
204
150
50
63
52
204
147
117
239
209
150
20
182
29
29
50
9
96
217
126
147
229
89
223
117
230
249
185
204
87
42
158
158
239
223
108
116
180
250
89
141
115
181
217
249
96
16
18
212
107
250
190
181
237
251
87
18
173
74
183
190
240
93
209
215
249
144
95
50
89
109
50
107
8
232
181
73
174
249
34
181
87
87
82
243
109
193
96
126
91
232
73
235
249
201
210
75
28
236
5
87
229
203
117
141
71
66
210
204
160
31
195
62
10
231
177
205
116
75
5
115
18
32
90
239
118
181
79
29
117
42
73
233
74
126
249
251
35
62
147
10
63
17
223
54
9
29
120
239
28
207
37
182
209
251
73
107
117
18
225
163
9
115
83
63
33
213
109
212
40
75
177
6
118
237
179
160
65
215
95
223
82
169
51
114
130
107
205
32
146
198
176
75
198
215
120
62
179
115
204
44
179
112
31
28
160
32
42
207
250
142
73
138
50
246
193
28
106
230
46
256
153
98
120
154
37
90
126
95
229
19
74
223
142
165
26
210
204
46
213
65
212
132
71
4
216
88
237
90
62
132
74
205
31
193
215
211
28
126
19
207
230
48
11
207
232
184
112
157
212
43
213
25
25
50
54
78
15
180
76
6
193
247
94
209
250
103
85
94
71
232
50
31
105
34
128
214
62
106
177
89
127
255
151
213
19
255
51
255
9
131
157
25
235
184
54
131
178
142
126
120
197
105
54
130
197
51
178
222
83
139
114
220
183
126
43
165
177
160
122
197
82
213
54
51
178
72
213
197
213
54
72
206
197
213
213
131
229
29
213
43
142
255
213
146
249
126
213
197
82
12
255
197
141
144
228
82
82
245
24
204
220
133
140
155
59
136
82
82
230
177
82
82
59
23
82
169
15
82
56
72
197
133
133
197
82
82
82
82
82
56
133
80
133
183
72
