140
206
140
206
62
162
237
22
140
237
162
212
51
84
18
84
18
140
162
176
140
209
18
38
176
80
84
239
209
84
237
209
84
25
18
239
203
135
196
22
140
27
22
84
25
97
143
64
151
123
71
239
97
110
183
71
123
1
98
98
151
41
81
230
209
209
14
97
212
60
98
250
60
84
98
7
231
64
140
165
7
84
136
7
165
136
249
47
98
223
195
7
54
160
24
176
253
98
251
7
3
223
250
135
97
7
160
140
151
160
160
225
204
95
71
223
194
160
160
165
162
160
140
251
152
32
160
22
79
160
160
239
114
80
212
140
160
115
32
62
84
15
32
59
39
183
212
69
32
251
118
74
143
124
32
32
77
32
140
165
79
27
209
160
7
153
71
151
41
32
31
32
143
99
3
163
172
40
109
143
136
222
160
71
143
32
27
220
64
162
71
32
181
241
47
124
153
71
71
40
172
143
40
32
202
181
159
107
71
242
32
231
208
71
253
165
71
19
195
32
143
41
27
212
99
225
79
79
74
54
71
71
54
218
81
71
51
54
54
151
151
32
71
71
98
54
41
98
143
143
59
143
74
159
7
51
127
184
110
109
117
99
169
149
165
71
128
139
54
215
99
31
171
54
54
71
170
184
69
69
114
107
215
181
54
143
63
166
99
215
165
80
31
128
7
196
114
153
184
99
194
239
99
160
208
149
50
194
215
105
123
54
171
114
231
159
165
135
196
235
75
209
73
244
117
184
215
71
128
77
191
19
164
235
74
183
218
124
135
27
114
221
231
110
112
108
113
235
46
73
110
32
112
178
135
110
71
209
114
110
214
186
110
183
37
86
208
63
54
114
132
239
206
27
215
214
128
46
183
16
86
215
208
196
188
52
235
221
155
221
193
107
208
193
206
31
153
130
18
86
143
99
144
81
17
109
94
178
184
5
98
204
16
99
114
166
215
205
114
220
5
193
184
77
5
15
225
53
160
221
33
38
113
53
160
34
140
94
208
58
214
27
177
17
244
95
20
40
182
58
86
5
182
160
100
237
183
95
89
126
114
46
208
20
95
99
149
97
149
97
125
37
53
57
193
193
107
97
53
95
63
18
153
87
26
170
97
58
50
53
63
105
177
123
20
214
50
182
18
165
55
33
12
149
112
50
149
92
4
133
63
57
249
188
189
154
57
160
76
193
153
25
98
234
176
86
73
112
251
97
198
149
173
189
110
204
203
72
208
204
20
178
127
46
234
189
244
178
18
153
118
70
127
165
6
148
95
206
189
193
204
204
119
161
95
98
173
124
127
89
140
53
249
99
86
239
235
200
82
64
40
56
127
63
27
208
208
228
85
52
232
171
123
89
216
232
94
189
151
35
174
20
147
86
151
147
81
124
140
129
127
196
148
60
190
56
246
34
200
202
99
35
155
97
253
43
61
153
195
228
89
254
45
95
85
85
35
147
29
39
99
35
115
18
218
251
53
228
23
256
171
250
92
92
125
155
228
120
117
63
106
35
92
118
4
68
228
82
82
92
32
236
183
216
100
177
45
256
92
92
48
228
155
35
256
35
157
228
84
45
174
78
213
171
10
197
10
74
159
52
26
193
92
109
92
13
45
68
196
35
256
134
76
92
25
56
220
92
106
115
35
112
228
28
39
105
11
65
92
4
118
155
158
218
19
11
218
193
102
140
10
4
64
92
236
99
89
125
92
186
99
10
245
82
130
35
157
215
236
99
92
35
49
92
138
57
76
124
120
20
196
99
92
56
82
152
155
237
48
235
114
158
79
196
58
3
238
236
99
158
10
155
140
82
35
12
56
211
26
56
157
88
213
35
69
18
48
238
141
18
88
99
155
149
201
10
20
10
23
106
224
197
181
39
186
88
200
102
26
230
53
200
148
216
131
26
169
252
56
201
68
10
134
92
92
193
99
249
35
137
92
69
4
12
28
35
139
196
228
170
256
213
68
216
48
68
240
155
115
137
157
213
184
45
155
35
133
190
130
57
45
245
35
232
148
159
195
201
170
88
117
134
249
246
133
137
48
79
137
186
18
35
197
10
35
190
92
139
17
10
237
255
45
186
69
51
45
189
240
134
163
188
226
73
204
255
25
65
213
161
17
155
181
252
210
26
201
170
102
163
210
163
106
134
35
31
149
133
88
213
102
43
109
52
196
17
210
236
88
163
213
52
155
81
201
217
103
157
191
197
56
4
224
88
214
159
4
188
213
255
193
238
155
118
255
133
82
210
149
173
57
13
256
12
53
196
12
170
57
64
145
104
86
139
45
155
213
186
111
120
159
155
200
76
197
21
92
169
213
19
64
12
115
35
196
214
115
115
238
35
155
197
9
196
129
155
255
201
4
145
111
57
163
104
145
57
120
197
10
232
133
199
256
34
189
213
169
210
23
186
255
76
228
216
238
210
88
161
26
201
218
170
169
44
224
196
72
236
219
196
197
148
218
148
115
238
196
23
155
111
156
157
23
