126
94
177
223
127
160
54
98
208
98
127
123
128
185
250
40
127
225
98
18
98
145
222
128
96
151
238
47
245
181
160
135
143
47
143
17
21
143
177
47
212
135
212
108
87
145
135
254
145
79
87
71
108
238
66
136
130
145
222
47
123
216
94
107
66
129
160
67
174
71
160
98
138
123
94
107
216
208
254
165
156
136
70
96
254
175
160
126
51
123
28
156
126
98
130
172
96
138
216
160
98
138
200
22
55
66
22
138
10
138
147
156
206
154
172
130
5
147
21
181
194
245
92
243
243
216
5
96
122
115
69
123
90
243
162
28
129
28
156
115
131
29
135
97
245
253
123
51
96
129
51
253
200
51
129
90
245
250
16
26
52
160
216
197
109
69
98
250
75
109
50
28
109
250
153
107
250
145
250
9
54
138
145
160
26
172
26
123
106
109
99
98
132
211
186
109
99
109
119
69
9
75
154
160
102
225
245
253
104
109
146
129
230
203
99
58
145
98
184
145
172
162
155
234
138
205
164
138
172
90
25
87
197
107
69
249
69
87
28
90
192
154
131
90
114
94
176
164
87
183
174
94
134
99
80
182
172
164
176
184
120
162
131
211
211
197
114
106
16
25
147
125
211
28
193
189
142
109
211
123
150
138
203
109
28
211
169
165
120
128
197
147
120
189
69
128
66
197
189
220
22
145
239
26
7
90
114
11
5
58
26
176
84
154
197
208
66
99
119
220
207
182
75
172
61
69
52
13
104
220
58
172
138
132
194
216
239
123
165
126
128
181
73
37
172
21
34
69
199
208
183
13
220
197
199
40
111
66
80
210
223
69
94
13
141
165
161
123
161
98
173
240
78
112
220
244
135
13
134
132
131
208
91
13
1
26
216
196
154
205
81
205
237
98
205
224
99
111
63
28
123
191
205
238
195
193
34
150
162
109
66
69
180
51
134
57
196
40
197
112
149
121
249
243
249
32
172
190
176
224
205
55
31
184
2
162
256
243
218
109
104
13
63
180
177
67
208
218
78
63
150
96
255
156
243
218
173
218
197
188
54
205
31
11
37
114
223
7
66
54
181
150
98
210
32
154
172
180
95
64
184
63
172
118
38
230
224
115
176
146
240
162
217
48
15
217
97
224
218
215
104
243
150
74
129
199
164
84
208
212
154
197
256
129
164
210
214
4
235
176
91
245
29
99
250
217
120
19
62
156
247
255
25
146
115
256
245
182
198
162
156
162
217
6
224
220
230
66
78
176
253
122
112
4
195
102
115
48
195
110
135
91
67
52
11
245
136
99
164
118
220
7
99
47
144
91
144
33
144
195
63
42
53
88
113
172
156
203
130
33
66
62
19
8
190
95
95
190
80
37
95
230
68
204
173
99
155
123
198
128
158
6
162
249
136
243
162
115
150
167
218
115
115
146
245
58
189
95
218
227
128
139
91
128
150
149
167
146
95
199
5
256
92
68
167
87
7
97
112
56
62
218
139
170
67
6
6
62
103
37
38
63
202
87
210
21
33
6
245
220
92
247
30
21
71
210
94
40
136
243
204
19
79
38
165
104
29
163
198
163
35
104
31
42
13
219
217
115
197
247
115
237
210
218
218
217
64
247
171
245
75
136
137
87
162
14
118
194
99
247
69
178
97
36
110
216
63
49
164
46
77
141
159
122
186
85
253
245
246
127
69
29
38
92
188
94
217
92
120
171
37
109
3
31
140
47
210
217
47
5
13
92
210
117
21
68
126
12
89
204
204
12
228
10
26
255
217
5
21
42
239
83
68
92
130
5
136
190
145
40
206
6
28
123
236
34
28
165
188
204
206
16
200
67
245
135
7
83
130
198
204
74
97
78
115
158
2
102
116
156
130
43
15
129
217
110
145
192
60
85
19
126
77
182
18
184
206
105
250
43
227
93
37
37
109
96
184
183
155
182
78
69
61
104
83
97
247
158
82
163
157
37
50
172
174
102
243
184
206
131
216
73
181
202
26
110
174
10
130
176
83
110
158
131
215
105
65
131
139
184
60
153
252
218
48
61
33
26
134
120
133
214
33
26
21
201
