151
151
151
245
113
151
245
28
28
143
143
242
9
123
143
143
143
143
143
28
123
208
92
245
127
50
50
189
123
106
143
50
51
140
84
113
51
51
231
51
51
18
231
194
165
25
165
191
170
129
165
106
84
89
165
50
208
153
106
203
106
18
129
87
87
67
87
162
87
91
144
106
242
153
106
106
148
143
189
210
119
112
246
76
76
20
106
153
148
9
242
63
68
129
106
150
221
12
104
85
94
28
246
106
106
54
92
208
232
76
98
165
3
145
240
15
92
172
92
105
32
165
105
62
160
146
99
29
52
123
148
88
98
145
165
66
92
252
98
123
105
163
149
147
145
198
174
162
73
149
32
35
240
66
182
114
73
143
33
181
184
66
129
163
129
143
82
143
129
164
12
114
245
184
198
184
145
177
203
143
64
136
109
52
220
245
108
189
123
172
138
20
85
3
24
20
57
143
64
181
104
245
189
222
20
32
95
20
29
143
95
207
108
25
49
29
63
163
204
172
230
82
94
57
101
86
123
95
111
215
218
101
32
149
218
20
243
99
18
18
213
95
218
183
17
108
99
172
85
99
31
141
57
115
157
85
133
142
101
111
147
184
101
248
204
156
86
154
213
43
17
92
57
184
116
235
66
145
188
142
91
116
156
115
55
188
82
85
86
82
43
55
92
55
213
50
115
61
171
134
253
243
197
66
142
147
160
163
94
228
111
12
163
134
163
50
252
26
134
136
38
15
218
63
38
230
115
27
58
244
82
211
171
101
134
124
9
184
14
216
218
216
71
156
253
184
188
57
7
255
12
56
20
235
183
253
55
104
188
28
112
27
63
146
82
134
55
104
228
184
101
29
28
20
17
55
55
113
47
163
55
29
184
210
55
29
243
62
38
158
57
102
134
20
136
2
20
210
80
133
101
82
82
253
199
199
65
139
131
133
68
4
37
122
188
141
20
179
105
47
237
179
139
163
166
122
14
38
163
116
12
20
2
163
109
221
77
2
14
102
154
12
41
231
101
122
71
105
12
179
199
52
4
120
92
218
253
4
163
155
26
148
26
82
133
197
83
246
173
216
156
109
155
69
116
20
163
161
102
2
248
235
213
9
20
155
20
156
161
99
148
218
115
4
246
157
218
104
88
148
201
163
81
44
4
252
148
77
241
119
45
148
163
133
163
158
20
202
234
163
188
170
20
156
150
197
