95
95
95
95
135
209
67
10
95
10
103
67
111
222
222
1
90
222
199
1
90
199
222
1
220
25
114
199
222
150
103
1
250
97
97
250
232
51
67
250
249
95
252
97
51
150
165
170
67
14
15
222
208
232
215
169
210
162
129
77
94
250
181
199
181
202
130
230
170
226
249
103
25
168
236
69
34
140
220
199
114
112
221
77
208
73
67
202
168
84
146
250
252
154
184
203
226
181
85
176
162
164
138
183
178
95
79
175
222
210
112
97
256
154
184
190
141
138
215
133
79
237
183
256
52
84
237
108
230
79
168
109
178
182
11
175
236
80
114
85
42
182
181
221
115
31
84
168
120
162
122
109
85
80
133
184
203
203
52
109
50
242
15
33
67
194
194
235
184
105
184
86
162
121
150
182
4
194
110
29
170
176
61
226
110
73
135
136
4
203
80
52
29
202
82
25
181
242
132
176
82
9
232
215
170
105
79
146
136
73
196
203
135
122
82
215
184
146
50
199
130
32
9
256
14
61
251
166
55
253
122
67
32
140
252
194
91
232
63
256
157
145
136
3
163
77
146
202
33
33
9
82
193
170
220
190
213
196
235
146
114
220
157
109
33
120
85
220
40
181
14
242
253
218
102
118
178
251
115
212
80
82
106
222
80
84
203
82
59
99
104
7
205
97
192
184
35
235
77
235
186
191
232
243
55
206
204
240
157
31
203
33
145
202
122
205
135
39
221
256
115
235
171
186
235
34
226
218
70
206
168
109
151
25
139
150
3
84
84
146
191
135
166
54
178
84
9
164
85
235
105
84
59
196
215
135
235
194
205
146
29
56
84
191
35
25
205
33
205
256
67
203
54
211
256
85
222
33
192
28
69
186
223
226
205
190
130
211
82
9
166
184
146
51
181
226
86
31
178
100
194
84
85
237
164
146
130
122
31
212
220
31
72
67
120
33
63
42
31
39
63
132
204
54
237
58
28
135
55
139
132
7
5
131
65
31
232
9
184
91
25
146
28
58
7
176
79
95
194
91
246
86
184
73
9
84
75
51
27
212
173
67
44
226
235
42
54
139
58
25
55
51
88
137
15
120
67
91
35
75
168
253
245
208
81
78
168
9
80
190
88
80
73
242
44
17
31
73
65
27
104
99
15
192
150
231
69
73
166
189
19
207
162
7
205
83
84
72
170
139
76
72
162
220
95
199
85
108
110
209
162
65
226
217
135
121
73
11
232
137
57
120
110
223
73
52
176
179
149
243
9
207
25
17
77
134
87
64
77
105
151
29
146
217
113
52
120
170
203
33
199
52
52
210
237
226
52
230
76
163
138
49
256
115
83
195
135
184
80
73
256
31
146
31
194
106
25
10
33
231
135
137
64
82
32
19
245
91
8
235
204
42
226
133
80
132
131
9
73
178
249
121
231
214
26
146
65
138
67
237
138
9
146
102
25
78
219
73
256
140
42
2
75
195
33
11
226
177
115
131
237
97
146
228
26
9
240
150
98
256
106
25
253
247
226
35
25
256
57
31
225
85
131
195
132
157
249
169
203
26
2
97
33
106
32
170
84
242
226
235
240
133
226
9
25
238
242
66
26
72
91
26
203
10
82
199
195
91
78
16
14
219
197
256
214
104
57
176
237
166
120
83
187
253
192
50
223
164
77
226
64
232
19
252
19
214
138
91
237
40
226
49
34
146
190
120
39
67
211
225
18
98
226
204
65
186
121
39
130
215
54
80
226
108
33
226
219
44
1
66
73
230
80
162
33
94
245
190
26
146
146
242
243
9
157
136
54
3
77
135
120
164
104
86
211
121
35
91
82
33
204
256
146
43
245
179
164
37
43
230
157
26
180
180
161
230
137
195
31
44
52
190
120
42
163
192
26
42
180
202
205
73
216
226
240
230
124
102
256
203
131
65
43
196
43
256
2
106
214
129
2
34
230
196
33
220
84
120
115
42
156
229
49
186
26
165
139
19
61
89
120
82
166
216
249
108
162
166
133
49
58
256
117
255
73
197
200
25
15
195
89
100
35
64
44
63
207
131
172
250
26
25
107
146
207
213
207
116
77
110
2
65
207
206
237
55
254
167
42
42
78
43
226
207
15
146
242
178
44
104
52
31
226
226
247
17
120
112
207
72
78
42
256
232
226
43
113
73
174
183
14
167
207
130
184
198
195
124
203
18
66
226
211
198
242
232
219
35
96
245
189
88
186
214
77
82
253
216
17
256
146
212
33
65
190
153
115
109
135
82
194
193
202
156
74
70
169
194
44
121
174
25
186
249
37
56
42
223
252
82
183
21
36
100
66
83
218
52
217
175
49
163
203
58
186
53
196
187
231
26
207
202
55
243
184
256
52
6
237
140
190
223
122
203
78
256
194
94
216
35
146
226
136
127
174
176
226
33
185
133
11
230
128
192
33
212
42
224
207
89
70
164
229
120
211
146
47
33
37
253
31
31
135
61
223
43
91
39
190
28
33
206
232
207
63
211
127
102
64
226
130
133
213
42
133
9
221
70
244
94
217
99
206
62
116
79
23
114
226
238
63
82
150
139
55
11
26
24
41
69
199
49
130
207
10
73
199
70
130
77
186
11
35
72
207
135
79
149
170
73
82
77
67
97
179
144
88
24
236
9
130
80
78
42
42
127
256
169
102
77
52
39
228
42
237
157
250
203
28
103
194
100
246
28
218
120
192
144
77
42
32
124
226
15
203
25
63
77
256
100
77
150
189
184
199
192
194
102
169
108
82
52
10
97
240
144
1
217
120
120
43
88
11
184
163
241
7
223
256
146
65
146
153
85
61
58
232
80
52
97
12
17
82
52
39
207
14
53
97
69
157
195
73
249
98
90
96
184
115
219
44
223
212
25
63
52
52
27
64
226
124
193
202
221
130
178
60
226
115
61
53
202
31
21
124
88
124
172
124
24
44
55
70
211
82
256
89
164
25
103
247
237
237
85
226
204
214
42
43
58
81
31
52
124
63
73
195
109
196
77
199
10
52
50
256
159
31
77
168
82
133
106
7
218
117
14
39
137
207
186
39
135
60
249
91
87
85
237
70
184
82
240
199
59
194
77
63
77
249
77
27
230
83
82
89
33
217
84
247
49
207
7
193
130
44
140
45
35
85
82
174
189
252
202
59
25
237
105
137
73
217
202
120
226
66
253
82
49
228
53
120
133
157
78
256
120
105
202
170
100
230
88
174
226
214
231
43
256
95
121
115
226
49
44
33
39
49
133
133
9
163
237
133
120
140
8
176
10
249
169
176
238
94
232
150
242
69
84
229
26
77
25
70
83
120
137
155
256
157
130
85
130
52
91
137
193
133
150
21
174
60
133
73
77
115
190
194
26
202
25
207
150
42
88
256
213
70
163
169
53
104
174
137
157
157
