31
223
18
18
251
6
51
208
135
59
6
132
135
59
135
59
210
135
202
207
210
6
255
136
115
231
39
242
184
233
20
74
197
63
59
242
109
109
129
194
136
205
60
172
109
255
20
110
255
159
191
231
115
87
63
215
162
162
255
135
135
191
87
109
6
32
120
147
54
110
130
228
232
174
255
122
231
233
251
251
191
1
233
255
187
233
54
72
135
77
215
54
54
120
63
135
247
87
164
142
135
47
125
256
3
100
54
121
159
9
226
60
233
75
60
152
21
39
16
120
26
193
121
58
63
224
153
137
135
231
191
60
33
191
135
63
17
110
2
119
11
250
43
138
135
136
137
139
193
224
110
120
107
192
21
66
232
193
70
167
193
193
52
215
17
28
125
232
231
193
147
63
102
77
32
191
164
180
191
114
11
20
124
107
58
88
212
109
236
6
195
187
114
136
100
33
144
217
79
223
100
133
219
60
168
142
100
118
180
167
224
225
7
83
119
30
9
186
182
109
224
248
203
17
193
123
102
58
9
66
118
9
207
47
79
117
17
224
70
220
63
245
158
115
187
91
2
167
211
20
227
17
114
58
224
187
168
211
79
215
210
205
103
137
70
193
15
225
207
218
144
199
235
120
69
225
109
227
33
14
43
21
43
205
6
104
118
123
40
227
135
60
121
3
225
193
142
194
167
185
193
91
198
14
229
221
170
107
158
182
6
6
158
138
205
187
107
190
168
254
1
77
37
9
135
122
144
179
122
218
183
204
226
205
59
113
9
109
94
193
191
9
167
191
154
225
100
6
191
117
147
205
224
167
248
227
95
245
227
191
58
60
212
100
46
187
126
63
17
2
205
37
113
205
231
152
138
33
195
231
68
199
179
46
141
135
135
130
47
58
72
205
226
60
170
205
245
46
135
205
223
252
93
43
212
55
125
247
133
234
182
240
100
141
46
94
217
231
118
1
193
93
226
191
135
41
241
107
130
241
199
119
9
142
16
211
193
69
20
125
108
37
94
188
128
43
31
14
174
14
231
241
208
138
139
142
132
130
130
211
14
119
44
231
179
212
46
6
255
247
221
176
6
152
168
135
179
226
44
167
59
100
246
176
77
58
167
60
245
235
132
77
137
58
37
245
168
53
100
73
9
83
46
246
167
198
65
159
210
14
226
225
36
246
179
58
252
113
116
66
167
108
231
1
37
128
1
166
244
167
20
224
226
59
212
10
167
37
79
135
66
17
136
227
198
6
199
244
223
53
65
37
168
119
167
5
132
113
234
128
142
185
231
158
193
130
75
226
247
30
227
191
221
135
154
36
36
119
144
167
1
167
226
227
132
44
135
226
33
24
6
58
142
66
226
37
138
58
168
229
241
83
142
236
185
191
254
144
132
154
142
205
158
37
53
24
142
191
226
100
195
191
176
17
47
58
234
174
233
20
58
179
216
193
100
69
246
135
83
156
191
119
36
2
101
147
135
1
231
97
236
95
24
241
174
160
31
247
83
109
58
142
133
198
241
187
161
37
247
40
113
58
86
144
21
43
24
131
14
100
135
53
246
233
234
185
46
179
135
46
120
68
107
109
114
135
37
205
36
68
43
247
77
170
206
113
1
100
206
2
130
246
78
109
247
1
125
132
125
33
135
119
217
132
33
63
147
65
61
102
101
142
231
167
222
187
167
176
241
6
119
40
147
47
254
135
193
142
180
223
241
227
176
135
247
30
227
55
182
58
233
87
152
21
142
138
61
33
216
231
182
247
55
67
11
205
1
227
244
109
49
67
179
204
43
167
130
218
254
97
116
191
142
233
52
135
167
233
37
250
119
205
100
156
167
93
24
247
244
191
24
246
93
141
122
102
122
245
37
210
160
60
37
224
66
21
47
58
210
2
94
14
200
129
126
171
128
135
231
93
245
192
243
100
194
168
141
120
119
46
82
36
251
193
152
164
20
46
132
234
125
125
156
234
247
24
245
181
167
6
155
101
171
36
180
198
66
161
176
61
245
60
57
224
131
168
130
137
134
87
68
233
231
43
69
137
206
168
198
182
1
125
87
67
176
125
191
38
61
135
6
46
168
2
36
187
244
195
164
58
194
231
246
60
247
241
244
193
93
233
179
226
85
171
119
152
227
57
231
33
14
158
168
122
252
97
168
38
1
212
133
147
223
126
243
187
118
57
108
58
125
182
152
152
43
158
226
154
60
132
191
20
223
210
241
123
78
136
47
109
100
40
206
58
149
33
167
60
33
188
93
135
179
191
17
119
172
130
135
169
58
61
247
1
205
226
37
246
137
142
233
182
246
233
135
37
14
245
191
152
206
246
152
158
168
141
244
120
47
191
179
233
30
14
245
205
212
228
141
33
212
138
246
135
90
234
119
119
10
158
122
132
69
21
158
113
87
246
234
204
256
191
97
46
61
147
179
137
233
132
199
183
152
60
166
234
114
193
58
37
109
252
30
109
18
81
128
229
230
77
224
124
109
100
130
69
88
132
246
152
205
218
179
58
1
229
90
198
60
161
59
151
135
233
194
119
24
152
120
206
229
160
59
152
179
30
241
46
1
245
20
227
33
122
58
130
142
125
185
144
180
4
250
142
21
42
46
243
9
92
152
83
233
178
38
224
21
90
118
142
90
167
226
195
42
179
193
185
233
170
107
1
77
231
233
248
168
135
144
21
125
246
138
142
187
216
221
1
38
135
1
125
4
47
47
246
37
33
244
185
187
132
245
243
174
130
135
152
185
226
158
225
78
77
193
248
79
195
249
55
58
217
198
92
178
191
180
28
167
24
100
24
100
2
100
58
124
2
135
132
188
123
152
176
167
135
46
185
67
107
221
152
135
195
20
6
226
44
60
5
150
92
135
152
125
178
28
227
83
198
36
174
4
46
132
68
235
142
185
118
33
226
221
59
61
231
233
33
65
132
30
234
60
227
36
224
43
191
187
231
135
195
191
248
65
130
234
200
17
69
167
119
33
141
138
187
130
2
137
246
40
188
194
167
241
132
160
187
223
33
24
224
229
171
147
224
141
198
210
234
27
217
47
226
90
43
152
200
125
1
158
61
233
114
82
28
1
135
100
241
113
132
60
93
118
59
152
142
241
21
130
93
245
132
168
24
132
18
28
11
49
217
131
24
132
131
46
132
6
49
118
38
205
150
185
100
141
141
2
60
150
171
1
152
209
46
233
113
24
187
87
151
142
246
2
36
79
2
227
21
75
124
68
245
168
171
107
109
67
137
203
130
61
30
227
217
93
24
197
191
227
37
132
141
114
43
225
15
131
152
46
137
132
30
1
47
68
132
4
227
68
79
49
132
152
93
100
125
43
2
185
6
174
205
182
92
100
114
68
132
54
36
198
68
144
171
119
187
233
40
24
75
244
83
49
38
46
205
109
7
78
168
107
142
198
191
151
187
32
168
231
92
1
58
43
24
58
43
187
6
24
30
227
194
152
2
226
130
234
246
36
41
61
68
107
68
60
67
49
30
93
93
205
212
68
1
119
79
125
182
132
188
24
130
132
58
6
93
68
194
160
93
135
83
4
6
47
5
93
117
107
152
147
225
109
167
70
158
234
37
250
187
142
147
230
130
130
65
130
152
191
1
237
152
142
191
70
2
1
191
227
36
152
244
113
240
24
182
109
241
107
107
224
192
68
107
231
101
61
127
46
227
142
11
114
49
6
79
60
109
14
132
88
78
113
46
233
173
141
131
188
36
141
113
245
217
40
233
226
188
187
2
124
130
58
107
119
46
234
101
191
92
167
130
254
9
217
244
97
187
135
135
20
234
167
1
130
14
46
245
107
208
58
233
7
122
244
241
58
211
226
241
68
59
93
132
83
135
37
43
49
1
119
135
164
96
173
109
36
30
55
119
109
78
28
6
150
78
141
234
191
107
20
28
4
195
14
49
68
119
36
252
100
246
227
37
19
100
46
78
70
24
246
36
171
191
89
151
130
135
4
168
98
37
167
171
224
152
88
205
25
229
55
144
226
37
226
241
152
137
191
241
37
37
60
156
1
185
185
132
113
9
46
146
33
24
241
200
68
150
36
90
60
135
132
150
231
90
20
195
109
40
224
55
113
152
246
19
168
187
234
187
207
198
30
30
191
179
241
142
30
100
168
100
119
78
168
63
59
205
191
24
31
231
195
78
188
24
132
4
30
46
156
168
20
1
188
241
132
83
191
174
227
60
24
168
231
107
24
245
167
37
46
1
24
58
91
107
117
59
187
4
146
75
91
109
30
119
191
2
100
88
119
131
30
60
191
36
36
152
156
33
130
227
191
135
43
246
249
42
42
156
135
4
30
58
59
14
2
254
207
241
152
60
179
135
135
