126
126
139
123
105
181
220
236
123
61
123
61
105
181
105
105
251
79
105
26
181
61
230
244
230
230
28
181
123
73
62
165
230
184
181
26
73
51
230
73
230
165
139
69
128
230
208
230
84
165
214
231
83
230
98
128
230
123
73
36
181
165
118
73
17
73
165
51
73
139
36
126
15
135
98
98
94
165
83
147
91
147
49
90
243
83
190
87
165
49
209
165
146
139
17
143
231
17
51
26
91
160
165
17
17
165
17
185
251
165
251
162
17
94
172
146
129
140
17
160
36
251
17
13
17
18
18
84
34
147
18
243
182
27
243
50
144
112
51
143
174
17
204
251
153
109
65
49
84
184
206
89
238
184
236
139
17
202
66
184
186
29
186
211
139
75
206
162
220
59
1
139
18
29
243
140
139
242
50
242
170
139
140
139
14
182
214
145
129
86
139
140
51
201
59
140
139
139
52
112
171
94
180
140
169
29
164
145
168
140
251
190
34
180
140
94
139
202
204
178
208
236
51
233
159
36
120
115
139
62
36
128
21
213
36
115
169
182
153
161
251
144
104
140
139
219
162
140
115
186
63
233
242
52
140
243
22
52
209
162
204
140
252
242
106
101
139
235
184
228
116
159
99
139
116
214
155
12
240
51
52
253
243
32
58
115
196
132
128
246
140
190
57
18
175
89
167
220
145
140
210
84
193
140
140
139
140
231
221
67
149
48
76
140
244
123
76
25
140
57
57
72
244
209
210
213
166
39
44
38
203
50
73
143
202
170
169
36
74
145
164
145
94
151
170
155
87
166
213
225
64
215
138
170
242
128
235
153
144
231
47
62
220
59
57
47
71
57
140
193
26
151
190
13
134
220
84
130
119
194
197
138
243
159
169
176
228
256
240
86
111
97
87
251
236
81
197
250
251
235
149
256
126
7
111
225
111
151
157
193
164
127
57
111
170
161
111
152
225
99
156
15
157
111
111
125
55
86
21
190
111
235
186
126
111
34
111
45
139
130
111
52
57
128
124
140
193
251
138
236
111
179
148
111
145
239
111
231
111
51
29
216
86
229
112
140
158
172
251
134
72
139
157
243
145
175
161
91
244
82
196
153
212
162
86
22
74
18
72
99
124
139
50
219
15
159
111
193
74
45
140
159
191
121
189
84
166
45
230
86
210
71
8
7
57
115
201
52
235
119
170
194
177
179
228
193
150
127
90
37
71
37
177
199
230
193
239
54
224
106
213
170
220
210
177
57
99
48
153
253
4
160
210
168
134
74
139
190
228
177
224
243
248
75
220
134
134
73
145
256
157
22
160
57
205
170
89
186
128
79
242
62
160
158
212
20
141
127
111
32
212
230
159
56
106
21
161
232
5
139
235
136
128
156
21
116
111
111
98
235
82
90
119
111
90
159
169
159
253
15
91
191
57
159
162
186
150
57
128
210
96
62
253
111
159
61
7
191
115
97
164
155
82
214
106
71
161
210
186
84
62
107
155
127
196
47
240
177
57
149
134
149
5
215
19
14
214
57
139
212
56
4
186
178
133
63
21
149
177
184
75
220
190
149
240
163
220
6
119
73
79
145
148
134
159
238
224
29
225
75
186
180
159
225
71
238
125
165
186
203
252
74
139
210
115
159
4
54
46
45
161
85
184
63
14
4
38
63
44
37
183
163
155
113
76
158
161
56
191
160
25
35
139
8
125
188
225
110
148
47
76
243
49
80
85
185
225
256
63
115
51
126
157
158
184
248
42
251
128
7
79
45
232
161
169
6
224
63
232
107
153
47
148
15
175
178
12
20
74
71
234
157
62
63
52
230
52
118
235
157
86
224
32
12
149
57
191
149
32
76
6
163
118
111
163
224
125
157
128
169
153
193
230
139
230
15
155
240
227
215
63
48
93
231
215
159
125
125
115
134
146
201
3
15
64
111
224
159
235
22
33
134
82
169
149
158
169
129
118
254
242
134
90
169
115
170
197
156
169
248
156
149
149
157
64
103
224
82
157
225
230
245
220
3
165
6
48
210
203
104
24
164
245
256
232
238
157
210
72
2
102
161
50
120
44
118
3
224
235
199
210
45
225
89
232
195
200
125
159
254
254
63
134
155
23
64
161
67
155
159
93
119
153
242
215
161
200
118
35
65
67
155
223
145
91
156
4
251
111
170
184
202
111
183
20
102
174
189
129
125
71
159
135
54
149
76
153
119
223
210
244
156
200
214
216
170
163
202
45
6
26
161
116
134
157
158
56
232
56
44
155
106
215
159
153
229
63
22
249
125
163
200
210
111
27
125
20
200
232
215
111
190
106
58
125
119
5
169
16
28
202
163
224
82
87
224
98
139
216
63
51
52
116
145
255
238
111
210
82
56
56
45
63
118
210
23
163
159
254
210
221
149
125
52
15
190
251
159
118
183
23
256
12
215
40
86
71
56
232
118
32
189
63
15
24
190
74
45
189
125
159
161
115
200
162
63
118
200
246
156
239
160
47
175
96
254
111
148
16
56
134
113
149
103
33
215
166
142
210
12
34
96
76
45
63
200
46
163
23
159
156
32
255
170
184
215
156
224
126
156
118
117
224
155
215
35
14
200
155
19
156
200
56
63
84
170
200
34
156
190
139
64
139
133
202
189
225
29
173
160
53
155
149
12
91
193
191
158
155
210
161
200
98
99
236
241
63
71
56
215
200
157
200
72
157
134
239
99
161
20
82
42
225
219
242
134
201
140
213
218
54
159
200
254
93
252
155
239
157
242
28
200
167
256
50
15
232
134
149
34
163
151
159
200
15
210
158
116
72
200
186
245
164
97
158
139
240
22
59
29
200
203
198
104
24
56
52
156
44
45
134
159
23
125
200
200
153
71
44
224
6
200
196
45
83
215
211
200
218
214
101
161
28
152
202
224
139
200
118
210
163
208
139
133
200
254
224
198
190
200
151
200
200
134
200
90
23
160
230
163
161
201
159
200
45
254
8
224
174
126
45
74
111
218
57
200
200
149
16
232
50
2
213
148
200
202
224
28
213
232
118
56
206
163
200
71
139
224
239
99
220
254
28
26
215
156
92
252
213
142
125
85
158
206
200
200
8
156
200
10
159
20
44
200
200
210
180
173
210
254
200
90
252
56
149
200
233
255
163
45
210
163
31
218
163
72
8
200
149
32
5
189
56
218
6
134
99
169
175
201
40
238
149
161
58
200
224
161
153
4
74
228
200
200
161
159
163
200
99
161
152
218
157
200
135
52
213
200
10
213
210
200
200
200
193
234
200
15
119
159
173
213
200
252
218
155
139
157
200
159
200
213
170
200
173
232
201
10
134
148
200
102
62
161
175
23
155
200
232
157
157
227
200
210
139
161
232
48
157
45
200
214
163
151
148
48
173
152
140
200
157
45
254
163
148
134
232
118
163
163
218
220
125
148
242
227
240
161
111
23
16
139
139
188
200
224
92
157
255
164
119
254
204
197
139
170
98
170
159
191
125
254
218
232
157
12
163
135
163
126
163
234
218
161
118
218
167
111
163
210
163
163
232
214
230
232
202
225
163
254
47
152
125
177
118
200
254
102
228
232
116
215
164
45
48
119
210
254
173
214
163
149
56
254
163
254
232
8
186
224
118
112
83
56
200
234
252
155
72
159
145
118
224
35
48
218
197
163
254
47
158
119
213
202
159
152
157
210
249
249
148
23
214
116
201
15
253
163
156
197
161
157
254
12
169
159
23
197
214
163
5
148
159
163
159
254
45
156
157
148
102
72
163
232
163
72
72
158
56
72
254
197
163
23
91
250
157
240
163
197
163
256
224
213
56
161
154
108
185
251
72
202
117
86
122
201
254
56
35
234
148
210
26
252
134
156
120
205
152
124
193
213
157
158
255
159
180
232
238
23
78
155
155
48
157
158
186
202
72
120
139
120
134
166
185
48
129
254
254
197
191
166
213
133
82
254
133
232
163
152
213
157
212
213
232
163
158
185
47
48
179
213
163
220
20
159
58
255
161
234
48
