97
97
54
97
184
235
235
95
220
147
113
31
220
145
195
127
206
145
54
203
208
217
166
166
195
104
177
94
206
166
87
252
195
150
15
243
127
181
177
243
95
147
147
255
172
121
217
54
36
168
55
113
94
150
147
252
54
52
243
247
135
187
7
243
177
150
174
89
147
13
184
130
203
101
101
243
145
216
179
17
174
243
1
182
164
145
193
59
101
94
61
147
94
28
59
13
195
54
235
145
90
146
116
8
150
217
3
97
92
25
170
104
181
164
90
187
47
150
97
251
94
3
97
59
67
129
199
112
168
61
164
59
6
168
138
211
183
143
221
208
59
117
134
122
243
216
29
145
188
217
121
61
47
216
182
63
87
156
156
59
30
28
179
181
154
195
119
97
112
151
183
179
243
15
139
61
179
216
149
47
57
54
116
127
94
54
84
84
245
166
87
122
54
187
83
147
211
27
183
217
130
217
217
188
225
104
153
65
164
65
198
38
217
237
147
179
144
84
195
84
147
27
226
126
87
243
51
174
43
116
30
136
226
212
147
126
38
21
35
38
83
87
84
116
135
181
217
135
130
156
52
64
52
36
75
25
243
42
226
216
217
223
234
97
209
93
28
2
169
40
189
91
160
154
146
194
146
186
43
9
36
195
26
54
195
63
168
40
17
16
123
121
187
180
135
36
49
21
84
194
187
67
43
3
145
126
17
208
100
54
40
47
231
185
182
36
145
59
243
3
55
83
21
61
59
137
227
108
256
36
104
63
36
195
230
71
179
130
42
59
146
59
107
80
61
69
17
3
152
156
26
146
137
172
185
210
135
231
102
84
126
77
35
147
217
231
66
40
36
119
126
28
69
126
15
201
122
49
15
152
169
33
91
5
131
47
194
226
164
97
75
146
107
183
35
63
88
184
3
135
58
187
94
236
10
135
187
67
94
141
160
169
142
100
245
73
43
116
187
120
79
130
238
129
108
199
83
2
91
183
33
40
59
35
90
46
195
35
131
195
130
238
125
9
128
14
13
28
171
15
66
176
2
6
17
116
116
111
126
182
36
236
4
154
231
187
3
187
112
16
118
113
212
126
206
76
255
234
34
158
100
216
185
100
127
7
107
194
152
77
128
152
198
185
67
100
100
187
76
185
187
126
33
24
174
185
225
174
139
133
238
122
104
119
222
16
105
194
255
135
123
70
14
122
67
185
218
25
229
192
49
66
40
85
207
121
224
8
182
58
11
109
30
126
167
226
6
135
126
160
6
39
117
104
135
174
206
104
198
28
91
61
188
25
238
240
225
186
36
182
59
30
152
253
65
96
47
61
174
187
6
207
109
211
72
196
87
231
14
119
225
125
128
169
158
225
199
212
90
59
154
169
35
38
135
199
154
226
230
169
212
89
123
96
194
156
227
230
185
17
203
36
61
24
42
96
58
79
63
223
167
77
255
24
100
138
231
9
72
65
70
107
28
192
212
96
129
103
108
231
166
211
90
225
36
11
70
14
169
223
190
152
100
212
175
88
244
185
142
232
14
107
72
191
14
108
172
191
187
122
220
100
58
126
104
70
71
244
231
90
227
83
240
158
169
100
205
97
119
47
208
204
20
132
132
135
255
135
39
196
231
229
21
223
240
89
135
113
107
9
5
90
97
14
187
239
160
93
29
2
236
142
225
130
128
67
191
231
244
107
60
241
154
25
178
35
154
252
65
65
121
128
195
125
104
140
191
89
3
24
181
96
125
154
78
172
87
187
47
35
240
235
34
81
142
130
244
103
146
14
19
141
47
205
231
147
152
246
199
92
64
190
160
154
47
113
138
208
61
33
182
124
123
36
100
152
171
49
234
227
177
195
119
71
64
160
100
185
171
24
199
14
47
33
212
83
71
230
123
197
201
10
126
33
107
135
239
130
187
191
96
195
235
141
128
93
113
242
108
104
33
231
221
185
90
64
25
136
203
212
35
244
223
217
113
118
139
175
89
77
33
176
83
79
217
185
245
18
191
132
229
61
108
241
33
205
187
25
100
169
171
212
14
156
239
211
88
24
6
83
135
85
102
96
203
10
79
113
100
30
40
20
227
103
195
212
117
239
197
212
212
125
137
121
128
187
229
191
91
125
74
67
47
229
127
1
211
160
212
156
234
191
105
217
33
6
201
222
103
220
90
69
37
189
18
194
58
79
176
130
58
120
11
229
132
199
222
223
176
217
22
21
217
113
96
212
187
61
239
217
61
121
130
35
174
152
156
58
117
194
180
154
154
149
143
226
114
77
103
212
100
105
122
14
187
65
63
116
141
64
224
67
192
47
126
87
92
203
20
185
210
20
84
109
102
195
89
49
14
101
176
20
25
25
135
244
255
231
58
179
39
33
33
63
91
108
6
20
135
239
212
14
70
5
87
1
40
1
182
108
126
250
234
253
138
212
30
239
130
92
111
234
11
138
59
132
185
205
243
19
58
6
116
1
251
60
234
14
75
65
240
180
187
244
6
9
250
147
96
229
138
221
79
185
25
19
83
129
179
138
212
28
250
65
187
75
65
30
176
14
2
91
130
29
59
135
211
91
35
54
15
223
137
79
114
135
39
61
229
90
245
129
100
98
69
243
58
19
1
212
128
211
226
108
11
95
98
14
203
20
231
61
221
146
240
36
113
139
219
243
110
149
234
25
212
227
1
61
231
40
201
96
132
187
2
65
227
156
132
44
161
14
77
109
130
193
131
60
182
89
138
255
96
119
130
25
59
121
16
121
125
21
20
40
236
131
223
207
54
191
212
74
59
255
117
137
193
90
103
75
156
20
108
131
181
195
67
83
130
125
130
212
130
223
175
193
231
212
135
14
83
176
117
109
185
102
195
42
123
158
139
35
10
2
77
103
130
253
67
90
2
221
253
142
34
59
121
160
36
198
130
156
199
185
137
212
83
1
83
237
231
24
160
240
243
14
223
1
231
61
137
53
227
223
231
191
1
169
160
53
20
83
18
11
74
75
14
184
152
221
60
158
130
36
187
170
229
1
187
24
136
142
60
138
109
181
43
65
91
69
131
77
43
118
38
254
66
66
115
25
229
21
156
132
131
160
130
169
193
181
198
199
30
68
169
139
154
207
11
185
14
198
253
142
121
179
181
207
138
245
152
34
53
18
60
245
53
83
83
3
83
83
35
41
83
119
58
239
170
30
195
60
24
249
255
180
42
35
217
149
217
101
223
3
212
54
119
255
199
53
36
101
35
184
15
180
66
125
131
229
172
3
183
203
195
88
250
2
226
101
242
127
46
47
164
8
225
10
54
237
25
135
219
79
255
224
174
67
34
255
197
53
71
237
60
207
109
169
101
247
2
1
113
180
122
169
178
1
5
254
1
102
45
255
216
20
199
154
255
158
254
184
231
146
58
255
90
135
20
199
250
191
193
169
241
224
10
71
61
116
239
156
60
116
85
180
178
132
135
199
113
246
149
60
31
169
71
36
187
152
125
125
203
124
254
38
226
119
88
192
33
14
31
211
234
4
203
192
176
140
159
35
38
60
194
60
43
89
169
227
150
250
199
177
156
5
193
185
158
195
77
1
191
113
255
11
47
205
42
171
116
154
156
30
241
180
71
255
79
130
255
181
67
24
144
59
146
156
181
226
31
59
24
180
255
95
43
199
252
156
185
18
221
255
91
194
67
170
141
67
116
256
79
222
130
126
182
156
232
138
87
244
9
232
189
24
138
205
131
134
96
144
59
119
221
197
1
156
20
224
244
135
158
175
152
256
7
201
133
78
156
119
221
19
1
154
31
255
79
195
206
107
2
92
109
255
254
248
