80
10
80
146
187
10
65
230
221
192
176
176
211
40
211
192
100
173
176
100
42
7
205
211
73
29
176
176
86
80
52
86
173
107
199
186
41
107
135
41
214
192
160
205
60
71
239
100
160
73
221
170
117
239
252
169
39
14
207
94
242
100
211
244
215
202
192
45
11
42
96
134
186
156
76
160
236
220
19
187
192
117
230
94
43
149
11
215
88
32
80
189
231
143
220
126
191
42
96
197
237
96
228
73
5
203
89
14
174
187
239
94
71
186
60
61
196
219
42
145
220
32
70
42
192
192
94
228
145
145
3
88
185
158
106
172
94
121
43
12
60
189
252
249
199
80
60
60
1
100
13
1
86
189
157
10
149
18
191
192
44
6
154
42
176
28
131
8
235
190
35
6
69
243
240
145
57
129
100
69
111
174
139
39
229
94
235
145
25
106
216
219
196
247
76
83
97
1
96
97
84
153
42
249
25
247
111
62
157
237
236
44
256
15
81
197
72
20
256
163
45
157
26
216
214
94
238
133
39
10
106
13
100
190
42
77
157
10
84
72
214
240
42
77
117
100
219
25
120
94
38
91
39
216
157
66
26
13
150
256
86
155
106
157
91
184
237
42
45
216
42
199
235
77
215
81
42
216
77
215
163
220
158
38
85
53
77
32
45
235
215
29
174
81
159
162
13
215
256
237
159
115
215
192
133
26
176
172
126
184
77
220
192
189
226
249
42
35
230
235
106
129
230
42
216
32
117
56
111
249
26
117
238
159
111
189
232
131
115
133
184
237
232
39
149
9
157
115
178
220
219
94
158
162
131
117
216
106
174
163
149
32
106
149
133
226
32
82
213
73
149
57
235
31
117
255
84
39
159
213
249
99
91
56
32
162
175
48
249
31
161
243
115
117
42
186
161
162
219
207
238
72
186
189
84
249
44
110
42
52
162
159
94
72
149
189
52
162
115
13
8
15
117
85
72
210
133
106
45
13
193
169
149
219
9
213
249
178
159
54
214
159
56
39
104
60
184
42
215
214
134
44
32
42
39
115
91
195
26
6
72
86
235
214
161
35
15
178
16
3
86
159
178
214
157
249
94
61
248
115
15
115
149
25
45
74
214
189
45
15
210
162
220
213
159
32
230
193
84
237
204
163
77
45
45
235
42
69
157
255
52
249
82
104
57
43
153
139
249
210
56
230
56
249
15
39
235
52
79
63
214
63
249
249
91
199
216
139
52
104
210
155
148
189
6
48
189
199
150
115
213
134
45
192
203
85
56
150
28
116
139
115
50
197
235
115
190
157
115
66
13
232
161
86
163
56
26
18
230
189
215
249
157
189
52
115
115
26
157
216
52
215
52
115
48
230
45
106
213
55
88
26
192
77
77
42
237
45
163
213
210
123
235
115
8
50
149
86
189
57
215
162
186
210
106
139
15
210
45
86
52
57
213
139
178
197
230
178
140
159
255
56
153
176
26
39
57
192
99
157
72
215
256
230
116
193
202
202
149
157
230
202
52
9
115
88
256
256
153
162
197
193
115
157
145
9
42
23
213
72
178
237
45
52
202
190
202
163
115
86
66
56
189
12
37
84
202
45
57
213
23
56
26
80
72
110
157
210
228
26
115
210
26
72
155
53
178
99
202
213
255
159
216
149
112
72
230
63
44
19
256
39
134
44
45
163
52
202
52
205
45
157
149
157
26
149
115
72
12
115
48
213
76
26
202
235
215
163
12
56
157
104
157
52
26
214
52
202
149
189
232
186
77
155
44
155
153
48
29
23
26
9
189
56
213
214
148
69
161
235
163
86
86
249
45
249
120
157
86
230
131
26
134
202
72
52
148
84
163
161
214
42
189
213
56
52
115
42
117
72
9
52
120
210
82
155
26
210
215
115
9
155
52
213
86
256
57
39
48
86
117
159
159
214
210
86
45
202
15
23
39
26
157
48
25
210
25
213
134
26
139
210
202
218
26
23
202
213
86
213
178
26
210
99
157
155
42
240
214
153
110
86
72
214
44
215
157
215
232
72
48
72
161
82
106
161
45
230
155
161
203
44
26
52
26
238
45
193
82
72
189
42
216
53
11
25
189
159
48
91
52
52
155
102
72
155
48
105
85
86
57
70
82
161
155
26
215
215
202
155
110
230
23
26
213
155
42
189
232
155
256
82
56
56
80
45
35
64
72
159
57
214
256
186
85
82
190
155
157
159
86
139
161
236
88
85
72
120
148
57
193
218
72
52
174
91
232
255
139
69
157
149
106
48
52
163
12
193
155
115
256
247
52
88
99
84
120
45
115
94
157
110
192
79
256
32
192
213
105
214
52
176
105
157
72
25
26
163
161
72
56
215
155
202
163
99
176
178
215
33
104
161
252
85
213
155
25
106
161
45
149
186
201
32
70
218
88
53
57
170
64
57
110
26
82
189
189
256
88
189
72
155
148
157
134
52
149
196
159
57
45
214
12
42
155
176
124
56
155
53
45
135
159
196
45
155
111
