127
94
45
94
86
86
94
45
177
51
174
165
66
51
165
174
177
174
105
237
148
177
94
51
172
172
243
174
126
126
243
126
105
126
126
94
243
86
126
87
177
110
129
126
66
99
94
56
87
153
175
62
50
34
126
243
126
16
94
34
232
174
34
105
89
90
216
105
90
216
90
126
148
12
90
126
83
105
154
66
66
218
126
94
81
56
90
3
90
81
90
11
64
94
232
126
126
106
45
74
175
56
93
126
228
174
89
79
123
163
174
199
94
115
16
104
176
16
244
90
16
220
129
48
148
69
81
8
50
99
128
175
16
48
239
237
48
225
186
56
34
34
113
149
90
155
149
48
97
34
136
111
178
111
111
81
96
149
99
106
149
48
126
44
149
61
45
57
76
85
114
184
94
26
149
148
98
149
249
56
69
157
232
106
94
219
74
190
155
159
148
153
159
111
45
149
161
106
111
154
45
161
99
47
48
155
111
52
45
213
161
106
69
96
74
90
249
161
79
99
148
178
111
76
161
161
155
147
163
32
163
218
85
8
85
51
74
148
157
85
10
161
57
161
155
45
99
111
81
62
148
163
161
176
126
161
48
148
157
129
63
157
83
238
238
153
204
232
57
149
155
65
149
111
218
161
26
155
82
128
45
157
51
249
218
161
88
149
72
255
82
111
165
157
104
12
111
76
149
162
149
149
111
161
249
48
161
157
72
99
148
155
69
76
149
155
148
76
243
215
94
147
129
94
243
159
155
133
155
72
74
106
175
157
155
126
249
45
215
148
106
232
175
57
79
161
143
69
111
163
163
213
48
111
213
163
62
157
155
99
137
39
162
159
63
197
69
148
148
232
104
62
111
50
85
143
161
104
47
104
63
163
133
159
111
253
161
124
45
48
163
159
50
106
133
163
249
23
216
99
57
23
197
232
23
148
232
208
34
155
45
65
133
64
210
155
126
232
157
155
44
161
159
12
214
99
220
82
77
57
99
90
110
231
112
134
126
148
81
57
133
197
81
82
213
96
23
197
85
159
53
48
155
176
48
218
215
148
19
163
148
230
197
229
234
213
47
175
232
232
245
116
161
138
73
163
160
36
36
213
255
131
163
161
48
116
78
92
72
244
104
9
163
163
163
197
161
219
242
36
163
197
163
163
56
56
48
218
201
54
91
218
95
26
45
163
163
197
253
163
163
124
163
201
145
10
218
12
163
238
163
189
75
197
155
197
197
228
163
189
201
197
197
106
13
163
85
72
218
197
163
133
232
213
164
12
