7
106
175
250
97
114
90
145
180
145
236
169
112
145
106
181
250
220
248
140
7
50
145
253
180
181
209
75
150
145
47
145
112
145
194
170
209
90
150
236
105
220
204
40
75
231
129
132
150
105
89
130
59
204
40
162
160
209
220
183
194
59
182
105
137
110
164
126
231
110
236
134
64
192
138
247
138
89
160
237
51
204
105
116
106
164
164
112
110
192
147
138
78
59
34
110
203
65
71
34
253
116
13
64
145
145
40
190
138
178
170
73
140
102
235
63
186
105
236
95
248
76
76
180
178
195
101
192
14
128
64
256
208
151
116
226
101
160
121
243
105
137
116
151
64
14
256
164
84
235
138
105
102
57
101
115
248
13
38
115
210
61
195
103
209
106
190
62
134
170
160
16
208
129
7
208
121
186
134
105
83
165
65
87
208
151
89
116
168
198
66
95
255
208
105
187
26
32
122
252
140
192
25
169
232
129
64
180
128
8
106
40
115
170
116
40
208
187
34
169
252
116
225
94
121
38
62
138
103
38
204
252
220
211
51
242
190
251
110
209
75
240
219
175
198
29
55
217
65
209
38
62
209
242
248
75
184
130
40
239
24
225
3
183
228
243
130
208
70
180
177
71
177
74
250
236
137
40
95
229
251
209
108
140
205
209
174
192
194
104
142
248
62
51
251
131
190
239
8
145
190
137
209
50
18
225
145
15
145
110
253
255
102
236
179
248
154
16
70
33
190
102
5
145
250
190
205
62
96
151
211
91
240
208
34
62
62
105
209
101
62
71
76
81
175
205
54
241
38
140
70
183
186
214
209
140
51
116
71
192
140
65
190
115
116
38
153
18
18
183
71
209
225
14
209
206
116
184
128
138
209
137
66
101
90
208
102
41
230
131
167
228
27
200
81
170
216
70
204
40
175
106
130
26
38
136
54
131
230
40
38
168
96
105
251
19
66
154
47
204
46
242
171
122
149
94
151
217
71
236
45
225
38
15
208
90
178
197
161
247
252
140
163
190
105
83
145
197
64
239
62
177
250
5
90
251
174
179
50
179
140
184
32
196
208
242
251
165
22
209
151
12
38
27
149
83
66
26
101
168
181
251
90
38
104
215
252
87
50
242
16
73
110
90
101
214
242
105
101
44
110
122
208
95
101
105
101
90
208
175
76
162
27
152
102
209
16
238
236
106
112
22
140
101
104
54
50
74
251
248
90
207
104
151
111
26
219
67
208
62
70
242
242
12
122
255
47
74
252
145
200
163
104
94
175
239
12
242
50
89
143
104
84
59
46
104
112
180
94
38
146
251
247
76
39
171
76
175
167
164
195
247
240
97
240
93
50
80
163
124
204
171
210
105
12
73
22
208
48
175
238
157
101
242
178
184
180
81
141
199
62
175
145
201
76
57
102
148
71
181
75
47
26
121
78
90
184
5
151
32
34
145
50
248
72
97
102
184
192
228
101
50
8
90
252
15
237
145
175
66
247
70
130
247
193
54
51
175
175
251
210
183
78
170
184
93
148
61
151
147
154
65
248
42
235
50
148
209
38
94
69
151
109
242
235
242
178
44
159
94
235
32
61
175
128
247
143
167
124
133
44
148
76
114
235
95
225
164
138
175
221
151
14
16
204
86
230
26
249
163
175
156
228
74
22
235
6
102
149
37
239
52
148
47
139
3
44
83
51
110
41
61
218
192
178
240
84
57
32
104
18
217
91
247
136
65
131
94
193
163
148
247
192
78
61
143
62
90
139
206
132
81
18
247
175
144
95
228
214
81
183
237
71
74
235
208
233
233
62
32
72
57
251
242
112
137
50
57
242
131
189
116
99
12
44
90
124
45
8
72
228
110
110
51
198
92
74
178
130
184
18
76
38
247
15
56
227
108
118
16
190
19
148
76
6
56
6
177
178
163
122
230
74
184
135
251
225
131
233
134
197
183
253
94
192
65
135
102
148
207
90
153
18
142
76
73
190
247
148
190
12
105
218
215
227
228
16
255
27
235
11
199
245
94
141
12
204
69
250
110
181
110
148
194
69
161
148
16
8
178
6
148
56
70
235
139
216
63
219
130
19
97
184
124
16
235
61
250
9
106
12
135
160
97
131
114
15
148
15
171
99
70
186
149
92
148
97
44
139
179
139
246
242
219
100
105
184
178
127
187
175
188
147
120
104
220
55
190
185
44
118
230
77
235
70
104
148
50
12
190
126
251
188
147
39
134
242
6
235
18
137
2
19
139
168
131
215
88
34
24
38
148
151
226
148
112
52
34
244
131
177
148
161
75
137
116
163
184
219
138
48
99
56
242
222
145
247
208
215
85
114
136
110
110
174
235
104
45
4
76
88
72
163
85
15
36
237
119
222
216
253
254
114
184
43
220
122
209
5
248
53
216
95
235
68
168
109
132
75
74
63
63
206
231
38
198
52
133
142
158
145
174
19
111
235
57
220
188
194
130
85
82
255
228
235
255
251
91
131
128
172
37
130
2
171
163
247
70
148
220
91
72
61
126
48
63
119
178
235
167
94
114
171
50
124
74
131
64
235
78
70
225
43
63
62
56
72
18
254
160
6
225
76
92
141
228
163
215
255
11
156
62
111
197
178
57
204
237
178
148
226
159
115
15
216
134
148
251
136
111
188
225
167
38
225
101
111
110
111
250
235
148
11
171
235
200
148
149
161
161
156
176
93
50
50
235
132
91
72
228
45
211
134
44
189
190
211
15
139
4
88
202
148
155
147
153
99
148
161
21
86
255
45
148
68
174
205
63
88
12
153
247
89
56
122
161
140
161
85
137
127
15
235
255
120
248
2
210
134
247
161
15
200
254
115
100
166
228
115
111
101
70
188
252
163
215
219
148
163
215
72
127
85
226
205
226
178
208
148
116
81
193
79
127
151
72
223
48
149
226
37
148
9
99
247
252
219
101
78
193
6
15
191
51
215
4
77
72
155
70
189
148
226
155
63
215
161
124
153
82
197
163
163
101
140
99
148
12
194
220
178
46
50
4
229
65
5
239
137
12
224
131
30
171
99
219
255
188
99
68
148
66
189
219
85
226
72
45
197
155
85
6
132
70
220
16
77
155
179
85
137
193
57
106
116
158
148
218
189
232
12
224
197
22
171
14
235
163
111
174
219
116
16
135
193
72
148
218
171
218
251
72
2
96
148
85
219
37
163
154
148
235
76
137
65
211
63
234
178
255
72
94
114
148
72
46
48
200
25
69
76
158
243
96
2
57
72
111
49
113
37
148
12
151
37
6
76
12
133
228
231
188
14
30
111
90
124
63
238
70
211
72
219
224
78
159
148
31
248
228
86
68
23
4
220
224
34
255
99
96
37
61
111
213
232
235
12
116
229
72
53
242
17
99
12
81
19
82
21
148
163
247
94
32
192
255
220
56
32
245
200
32
72
70
219
200
255
155
72
64
194
63
148
137
213
243
21
56
16
76
147
200
72
139
125
148
30
180
206
133
72
229
72
251
140
163
56
252
11
37
89
189
224
241
86
72
62
4
7
247
189
142
103
200
30
12
72
195
201
53
155
106
57
33
212
251
200
72
56
2
58
82
37
193
228
161
132
37
169
78
218
242
142
17
137
197
155
50
78
56
56
193
82
82
247
41
5
18
211
72
173
193
78
120
224
34
86
69
72
193
224
232
53
193
56
3
188
18
17
103
72
130
78
2
193
4
200
50
248
153
85
226
42
193
64
82
56
56
193
68
178
237
148
76
72
218
148
5
132
189
53
236
197
255
65
89
96
82
81
45
226
22
232
224
133
78
18
193
193
86
47
250
197
240
47
187
255
148
76
241
218
59
178
139
193
72
72
232
238
78
197
72
134
161
72
218
133
198
196
218
37
82
213
255
200
170
82
133
218
175
237
167
134
56
232
134
12
155
248
12
197
221
218
189
133
193
252
91
155
56
196
159
134
229
213
12
57
81
56
72
197
86
216
86
201
157
189
26
