135
205
160
206
229
246
54
40
51
246
229
140
2
229
7
91
140
40
93
40
59
90
18
40
111
256
229
40
206
125
46
7
41
64
92
18
181
206
59
111
229
236
37
118
206
146
108
21
21
183
13
166
187
16
169
123
102
5
183
18
14
194
21
118
245
11
127
121
18
240
21
64
18
231
250
127
90
229
18
132
111
125
157
1
229
229
103
211
77
206
183
8
114
132
180
22
25
121
162
191
191
111
134
220
231
111
69
3
203
169
10
41
63
183
223
80
203
162
7
223
248
256
174
33
212
223
144
7
108
239
183
240
4
205
127
3
15
54
24
60
38
251
67
33
141
164
236
251
187
67
37
195
7
66
202
52
22
227
79
248
222
169
79
164
160
144
88
194
167
127
38
132
42
60
185
248
231
183
31
111
75
135
51
202
119
4
5
134
76
18
79
14
5
121
132
240
205
195
166
244
238
35
229
240
201
40
114
127
215
127
251
49
179
34
108
195
60
86
95
43
256
253
39
79
195
191
248
3
144
47
125
80
205
23
37
63
169
111
229
7
89
29
169
167
114
201
3
225
146
191
215
185
70
228
4
46
238
25
228
67
14
46
235
96
32
111
64
252
53
227
59
141
253
5
174
238
181
34
3
113
81
8
71
88
108
154
37
162
60
229
35
41
58
128
59
244
41
40
245
153
130
228
241
46
240
80
77
84
88
250
135
223
195
28
34
191
121
198
175
21
184
1
35
210
128
118
201
153
136
96
96
8
213
256
58
96
201
183
33
2
29
211
88
64
127
121
220
146
31
89
98
78
245
186
64
228
215
240
175
231
185
68
144
34
34
92
184
31
205
103
191
233
250
3
236
215
191
119
250
10
8
1
178
120
23
225
108
18
128
167
211
195
64
47
236
146
134
54
24
2
33
111
102
169
64
117
21
251
136
5
171
223
107
109
91
47
3
89
16
35
40
8
5
179
61
187
166
198
52
90
231
248
201
229
1
33
126
3
68
70
245
212
156
125
35
90
35
19
225
83
166
90
205
229
14
162
8
170
195
31
157
93
25
236
91
60
75
64
141
61
201
8
96
236
30
159
212
83
113
191
189
58
78
83
53
146
231
103
108
185
135
88
42
203
223
228
179
201
206
121
22
223
202
236
14
39
5
4
1
130
231
166
5
175
1
117
156
156
203
190
90
60
147
107
107
84
100
32
76
5
60
35
236
86
192
191
118
187
130
196
185
222
130
64
103
16
72
135
182
83
84
154
130
108
175
20
23
130
35
196
105
194
238
252
8
57
223
223
170
212
96
1
58
249
184
168
175
9
53
81
243
201
34
47
201
1
59
241
1
144
237
183
187
111
156
169
152
16
58
215
156
121
114
137
205
89
236
193
244
18
59
64
78
2
88
65
156
223
20
14
195
117
34
223
32
78
207
176
102
40
191
96
144
108
110
106
31
10
20
22
201
135
89
74
227
34
21
34
89
43
252
14
134
34
35
71
191
34
113
196
93
71
8
114
225
39
96
2
4
130
14
129
35
120
16
75
96
238
63
113
195
156
34
19
238
210
241
34
111
126
175
89
64
244
96
14
6
250
89
169
191
144
205
144
70
69
177
175
11
169
175
242
21
32
19
88
191
251
5
63
229
146
117
223
100
169
90
238
179
89
90
16
151
108
135
139
93
251
35
100
76
187
125
229
83
126
1
1
193
219
131
123
26
254
60
65
241
11
240
74
201
67
135
63
23
146
9
43
212
86
244
58
55
1
25
91
240
36
147
22
149
253
194
129
65
65
38
38
185
82
187
20
64
65
229
36
2
64
228
238
58
203
195
127
146
170
28
187
72
21
83
73
129
192
191
201
235
242
108
237
250
35
1
229
83
59
20
207
81
16
201
57
216
125
187
42
8
203
72
205
194
235
241
244
34
245
130
239
195
228
235
187
24
110
88
2
6
36
8
121
34
3
38
212
3
221
238
33
235
121
6
130
198
168
175
15
241
195
14
191
102
205
16
126
194
74
119
1
23
156
175
1
198
236
37
14
107
1
3
184
185
90
187
198
34
201
5
35
181
54
3
4
16
241
74
195
47
121
14
95
25
30
93
119
125
7
16
141
64
47
34
100
242
2
119
203
171
107
14
142
83
35
19
82
91
252
248
58
107
203
107
187
201
169
250
242
230
34
90
22
169
183
86
5
190
183
250
13
180
16
194
80
14
65
111
72
103
16
10
194
83
83
196
18
110
207
96
185
112
42
61
65
183
90
130
100
156
52
203
35
242
247
40
222
195
47
124
36
130
235
35
138
223
126
58
22
239
125
144
47
146
195
96
10
125
150
14
14
23
6
256
198
39
36
13
10
252
46
64
36
244
169
91
125
201
89
94
229
35
34
215
250
43
228
24
61
198
121
200
29
61
14
178
212
156
169
13
180
238
88
229
223
237
175
234
201
236
36
219
4
24
229
195
24
63
158
79
5
210
187
234
103
228
201
187
201
36
10
223
238
104
240
241
15
115
47
220
103
83
221
96
104
234
35
183
88
222
222
89
42
108
198
190
1
203
198
15
67
191
82
178
130
226
36
151
215
79
156
154
103
99
40
93
201
183
192
147
8
96
205
111
140
203
215
90
196
20
187
223
198
238
5
72
108
13
238
24
94
244
13
201
253
178
14
169
135
239
83
14
178
187
156
27
225
20
195
232
130
195
249
90
229
207
10
201
103
11
169
223
169
24
126
195
58
14
163
120
21
141
52
90
228
187
21
130
49
108
47
221
125
253
83
184
253
81
198
241
187
26
6
83
130
108
64
235
177
140
201
130
207
83
201
234
108
61
212
113
144
134
189
16
8
144
119
195
130
20
24
97
242
235
28
175
110
156
123
113
194
34
187
79
13
61
125
238
88
88
64
144
178
152
1
72
178
85
117
19
30
76
96
41
96
130
238
89
195
121
135
37
195
24
36
40
244
13
88
149
252
132
229
221
108
203
201
228
37
219
156
119
239
158
121
191
103
212
6
73
47
93
104
18
96
100
187
70
135
1
210
18
96
198
5
201
5
107
235
120
180
121
236
110
187
7
125
108
8
212
187
97
8
115
250
14
201
89
35
228
156
181
183
113
187
90
1
117
116
149
256
156
18
107
198
217
107
226
89
47
83
201
24
96
218
114
119
158
43
190
14
108
225
138
152
75
141
224
108
23
203
30
189
47
246
188
42
96
46
65
43
200
152
54
217
219
237
135
205
90
158
47
107
14
146
182
241
108
219
34
194
201
226
42
44
201
130
81
212
107
47
89
13
89
88
88
14
34
23
28
88
96
35
1
230
89
64
180
5
34
212
242
154
195
109
215
226
55
201
229
95
169
180
248
196
182
229
178
183
235
235
205
40
47
113
156
244
88
200
187
244
85
90
141
248
175
126
228
107
22
25
185
215
244
183
221
108
247
183
5
228
203
187
235
36
91
124
40
83
53
14
240
2
135
43
35
90
196
107
232
6
76
18
195
51
223
100
222
60
8
36
156
62
239
244
7
107
61
212
181
34
191
14
201
96
191
40
83
35
229
86
180
163
156
29
203
241
2
13
156
24
96
88
4
175
80
99
61
64
185
236
227
185
246
175
228
190
53
18
41
64
185
121
35
238
35
200
135
30
70
46
201
47
191
101
191
185
182
170
41
178
108
6
139
32
108
114
61
20
212
172
102
42
226
140
217
169
175
223
113
246
144
36
197
28
184
219
88
63
242
117
90
212
34
5
235
228
177
107
34
254
242
228
88
203
108
154
107
49
44
156
177
181
119
174
207
135
81
34
234
89
43
99
47
212
203
22
228
129
108
35
35
69
144
61
177
175
235
197
212
104
89
81
154
235
16
256
8
130
169
47
227
126
251
191
83
215
35
149
219
200
244
129
245
238
228
24
221
88
108
22
6
47
86
135
146
180
140
22
193
89
23
114
81
184
41
14
96
217
247
105
28
144
182
83
23
200
152
11
190
142
203
3
32
229
144
250
13
232
215
178
40
23
8
104
90
185
215
49
228
221
40
199
23
187
124
227
18
238
107
103
113
231
18
28
221
169
39
119
136
197
144
107
83
46
218
108
232
216
231
180
228
228
96
218
216
156
96
49
197
238
13
221
231
21
83
219
140
94
42
47
54
218
184
182
120
49
96
135
23
187
34
88
16
10
229
121
221
175
242
58
47
104
210
109
183
195
228
221
174
5
47
28
61
236
249
64
187
18
83
90
252
76
187
141
232
222
152
108
201
184
138
121
136
40
47
207
153
229
184
32
187
137
93
81
129
136
90
121
169
71
255
203
228
26
60
135
1
89
27
90
60
30
47
182
33
93
49
195
119
198
40
184
160
5
26
191
147
191
194
83
44
188
201
227
202
47
34
108
41
144
218
43
218
120
191
184
86
99
223
46
175
32
108
2
7
187
218
122
15
228
2
36
42
156
213
144
156
83
26
203
197
41
218
187
170
236
132
144
61
119
228
195
218
119
221
88
27
178
253
240
32
124
61
6
47
90
144
126
191
47
147
181
196
90
90
107
139
63
201
32
245
22
64
61
35
15
1
10
191
115
242
199
8
198
168
199
23
215
36
205
87
24
245
34
119
64
147
152
8
194
90
207
5
184
5
23
147
223
26
227
132
201
91
121
169
147
169
201
63
144
65
244
65
46
23
197
124
103
103
195
126
47
61
229
130
203
227
135
218
191
103
31
223
130
15
199
200
89
61
69
75
228
32
112
119
21
245
99
218
133
64
196
243
9
135
124
83
222
227
252
130
31
43
244
35
144
21
138
83
121
199
124
99
130
218
184
98
83
74
221
147
256
99
61
24
232
130
207
147
96
61
60
207
201
155
