217
91
150
217
211
97
91
114
138
29
136
105
138
165
108
75
97
211
13
97
136
3
75
128
75
178
114
178
3
222
13
164
105
97
136
55
165
250
164
209
209
131
184
105
13
160
39
165
97
209
178
216
39
143
136
114
220
245
131
216
136
245
131
153
31
13
220
33
76
38
222
245
105
39
131
97
105
26
178
131
113
55
145
222
131
131
9
51
131
91
38
105
154
138
26
140
51
237
26
131
145
174
30
138
99
203
174
99
85
165
178
178
92
248
26
13
131
22
248
131
131
237
215
85
145
105
253
206
252
131
220
131
174
91
31
53
154
78
31
215
139
131
39
178
245
215
28
180
222
215
248
232
230
231
31
237
78
215
94
94
104
31
174
131
131
139
26
184
3
119
131
215
180
174
55
89
26
32
255
231
197
245
232
103
3
46
99
46
206
39
161
89
54
49
226
39
215
183
206
177
49
63
103
225
145
134
94
126
177
105
89
63
248
3
193
135
63
46
210
79
245
193
210
233
144
215
49
49
227
231
53
120
226
28
206
97
180
134
215
198
237
15
174
89
62
89
29
63
92
145
79
211
74
183
49
87
107
78
40
145
179
226
231
210
226
79
53
245
204
190
122
63
90
41
4
206
59
221
237
37
170
246
134
141
205
63
74
139
14
206
78
39
103
31
26
174
139
195
122
221
92
192
193
34
226
135
83
154
51
3
91
139
31
164
233
15
52
79
211
63
60
77
193
135
90
109
90
70
237
63
181
123
34
95
210
41
141
122
14
222
124
122
118
193
171
141
120
58
15
74
173
37
226
236
139
183
82
51
136
170
88
66
144
136
132
42
75
90
141
133
174
172
42
63
62
97
179
116
92
142
124
70
89
246
207
218
63
256
124
139
216
90
41
122
247
172
174
136
78
27
42
180
135
139
151
133
236
132
61
109
133
43
91
216
71
51
19
210
58
223
211
91
133
183
120
158
70
216
177
171
22
181
97
83
120
88
90
75
168
199
108
131
43
86
107
139
149
83
122
233
71
78
114
123
234
141
223
57
47
137
66
137
216
171
241
191
210
237
246
78
78
227
89
204
158
9
94
227
15
237
47
217
245
57
13
198
109
43
113
134
122
207
133
182
151
36
182
118
97
34
47
139
216
229
51
207
43
141
222
226
63
24
119
20
15
56
22
120
120
25
181
9
172
181
124
71
53
112
132
46
47
193
56
53
159
255
215
47
133
9
94
234
112
63
47
183
47
47
218
74
75
20
193
147
161
210
49
12
29
71
207
191
62
173
36
25
39
184
107
217
191
239
22
132
3
105
139
77
139
52
92
141
125
230
108
125
154
206
86
124
173
76
141
170
193
157
168
234
182
93
119
68
246
215
83
47
22
45
139
26
133
132
24
77
144
168
22
179
56
22
132
77
230
133
48
181
173
124
168
76
56
210
173
246
173
124
139
24
22
216
197
249
15
113
210
45
188
20
73
247
224
137
142
236
22
129
117
133
158
193
45
237
48
226
24
53
218
24
213
216
43
216
124
