208
162
146
40
55
208
55
143
146
84
143
84
194
95
183
160
29
203
221
98
95
231
165
231
90
75
165
32
15
95
192
11
90
192
51
11
75
146
183
41
47
138
176
104
185
165
231
87
47
172
95
71
205
140
190
166
61
64
222
153
211
18
256
204
121
237
146
222
140
18
80
189
136
130
9
47
25
5
138
166
222
110
67
162
59
155
136
250
29
11
107
18
8
38
243
224
31
189
128
80
185
250
256
146
107
240
8
181
84
256
35
136
1
195
246
59
121
88
200
195
91
119
192
62
102
84
172
91
107
147
196
137
75
9
181
80
74
84
105
165
15
52
105
33
18
238
77
164
176
256
147
75
256
49
25
136
102
103
84
162
203
220
75
231
176
241
205
47
25
74
187
74
52
238
241
74
141
103
35
18
146
10
170
114
176
138
49
84
174
153
254
22
65
140
153
176
59
135
70
79
113
244
94
84
140
182
95
212
256
35
77
67
38
23
214
212
18
183
5
114
194
44
141
129
243
107
84
147
38
162
209
17
248
89
135
138
220
136
136
248
185
204
112
1
150
256
174
105
113
191
46
129
79
88
91
126
219
46
18
125
94
70
69
130
185
136
239
151
88
83
205
100
170
168
5
223
62
83
31
71
93
206
97
77
103
181
127
36
109
191
212
167
93
247
219
140
243
167
11
254
69
140
26
34
84
74
183
11
181
73
132
81
240
126
149
81
231
123
127
214
166
29
201
127
234
100
38
153
55
185
41
138
172
118
6
91
170
79
86
83
123
34
203
136
179
224
217
74
24
96
18
112
174
157
100
212
108
17
140
10
170
191
136
41
212
211
105
14
83
35
51
253
79
189
64
72
146
62
95
231
55
104
21
51
11
176
225
141
173
21
53
170
204
221
221
123
69
79
72
129
195
72
199
166
98
84
59
1
136
127
199
89
229
97
152
51
69
59
114
181
71
206
161
132
33
195
127
253
212
220
26
161
1
199
121
116
47
113
69
42
223
49
91
109
50
9
67
79
83
195
199
168
117
233
91
118
100
195
81
20
221
67
31
212
47
251
67
117
126
92
219
76
111
38
179
212
190
141
150
187
222
71
174
177
214
7
180
67
174
83
34
177
190
153
11
98
205
117
212
215
53
100
182
245
94
80
222
186
256
94
222
178
152
60
212
10
244
88
147
75
181
69
190
225
180
126
130
224
34
83
136
207
123
136
182
122
75
223
239
221
94
31
23
17
72
83
11
23
202
223
10
221
130
191
20
77
105
203
74
95
33
231
84
187
129
4
65
147
187
76
53
104
94
172
141
123
239
94
196
199
12
169
70
180
76
93
31
233
191
83
147
154
156
194
244
195
59
159
121
88
131
36
154
131
240
19
89
31
170
182
204
174
222
221
94
31
222
192
204
210
253
112
75
81
21
130
67
11
68
162
23
69
67
95
31
182
174
4
66
61
80
41
117
127
94
1
136
91
149
141
82
23
55
51
3
172
131
210
129
255
199
75
49
83
89
230
22
182
140
112
199
162
91
13
83
244
51
178
254
147
55
139
165
70
246
39
239
207
182
149
129
192
96
222
222
182
210
244
55
40
149
70
195
39
165
123
40
91
62
58
210
84
10
5
4
3
180
67
44
186
117
35
70
33
61
195
95
60
121
67
149
243
21
210
83
55
50
131
7
26
118
10
67
87
131
136
241
188
231
172
246
87
241
235
95
220
187
8
241
187
32
177
165
70
134
178
7
105
134
238
136
231
135
165
210
241
110
191
213
241
154
52
127
241
133
70
49
68
119
215
49
43
159
8
239
21
8
69
107
195
165
1
200
149
165
178
153
1
151
67
8
149
198
180
60
107
184
117
98
155
49
256
235
203
249
35
44
4
155
237
35
106
50
12
83
145
25
113
234
70
68
222
226
117
222
148
70
36
53
76
213
106
176
166
145
12
122
109
94
12
47
243
235
203
115
55
36
15
151
12
189
174
63
111
122
102
137
106
83
189
244
151
237
227
21
191
68
74
137
227
175
226
118
155
39
222
35
59
130
94
190
72
33
141
200
12
2
12
12
21
34
90
60
199
45
240
216
219
185
216
222
254
176
217
95
240
12
75
175
123
148
132
155
199
149
166
72
183
198
130
228
19
247
253
78
102
88
7
198
52
205
85
248
212
149
148
192
19
104
212
120
107
72
62
56
120
237
133
202
99
141
244
129
29
200
199
83
51
26
105
205
222
149
189
169
112
17
141
148
76
44
205
24
24
204
141
163
148
102
146
149
112
58
204
72
82
216
215
184
60
127
15
215
159
26
109
155
144
215
227
148
35
217
133
248
72
15
169
12
256
15
155
233
207
69
238
56
154
155
198
205
82
201
56
62
149
62
21
12
188
146
124
165
56
213
45
21
244
45
86
56
66
197
245
86
154
231
227
169
154
21
186
15
186
56
12
15
157
133
80
157
133
148
189
159
12
