186
31
31
84
73
170
73
230
97
84
84
93
108
252
31
84
230
84
58
58
162
230
13
71
38
52
170
52
204
52
145
144
96
8
55
249
229
38
167
10
229
91
164
145
84
215
170
177
229
237
237
204
58
91
55
146
91
8
209
1
18
199
43
162
256
240
204
240
210
166
10
215
201
249
10
236
110
22
170
65
10
230
153
110
10
226
242
144
150
167
136
199
116
59
245
230
249
248
76
170
81
55
18
190
245
170
249
38
101
18
169
29
102
249
75
146
237
162
181
59
63
251
75
108
214
237
237
63
116
10
153
139
31
115
89
18
203
134
251
74
73
175
9
164
147
164
121
256
251
54
214
62
73
252
215
71
253
159
233
95
102
66
12
248
27
121
102
63
183
249
95
69
51
252
164
221
256
164
248
236
52
103
219
164
181
203
45
54
196
223
215
10
210
230
241
35
115
25
203
91
62
201
161
62
169
249
103
244
25
240
128
76
164
252
245
55
214
103
164
237
115
26
84
63
210
63
229
203
172
149
252
73
91
230
215
69
66
6
69
256
170
146
80
196
181
238
10
178
164
110
35
196
207
91
38
62
62
251
14
25
175
101
172
190
251
102
196
100
237
108
248
223
252
256
31
170
66
183
236
170
73
121
237
57
95
74
215
242
205
83
236
237
63
256
170
101
226
71
207
154
223
251
215
168
116
256
76
190
108
133
249
222
19
115
236
164
64
230
252
256
237
180
31
174
202
251
205
109
248
101
251
44
236
167
190
207
103
226
138
145
76
74
74
73
171
196
14
170
134
93
238
25
147
32
72
55
169
25
61
203
62
18
205
238
81
236
159
216
86
201
242
6
249
63
41
187
256
167
35
219
8
206
3
13
57
169
161
248
210
32
139
223
201
182
237
96
57
130
221
83
32
53
194
167
64
31
103
180
236
147
215
8
56
10
232
170
66
190
13
23
123
159
170
31
236
105
83
146
222
199
106
73
221
25
25
242
10
169
13
121
25
56
169
103
19
221
223
19
159
223
182
144
215
216
167
162
130
13
166
147
52
230
203
241
76
236
247
67
150
183
2
132
38
94
169
138
256
25
65
225
223
31
117
140
8
24
19
52
134
147
219
213
91
102
253
157
256
83
201
155
196
74
134
249
61
22
249
26
190
170
184
215
134
144
201
244
88
169
103
161
25
170
52
89
63
62
76
59
228
83
92
96
116
230
93
255
179
169
65
10
253
64
215
167
31
164
182
248
205
46
164
210
14
102
32
134
167
32
216
215
116
214
172
144
252
247
134
13
48
67
233
240
236
76
62
134
72
88
247
238
252
230
210
14
102
29
154
58
88
86
207
237
169
221
170
143
210
256
91
96
206
174
236
62
205
134
131
215
219
86
18
26
152
252
72
204
170
230
39
101
242
210
196
213
161
210
178
83
134
237
46
101
100
238
170
64
122
101
228
26
251
57
77
159
196
210
229
203
114
210
103
96
164
242
170
64
244
117
238
157
248
230
146
247
139
153
170
52
76
215
243
204
139
219
215
201
103
26
66
19
32
124
117
22
248
236
243
103
241
169
219
159
29
10
139
139
114
91
34
70
241
26
62
96
164
251
91
223
237
138
165
109
157
80
101
237
196
196
219
91
18
179
69
91
237
134
158
56
105
22
116
134
102
221
150
94
181
76
66
252
169
149
227
101
182
138
176
155
35
154
237
236
203
236
248
138
253
16
229
32
61
133
64
210
256
48
193
87
184
220
74
138
31
10
100
256
167
123
34
182
169
201
45
249
76
139
52
147
72
115
170
22
73
72
193
73
91
18
33
169
79
76
135
170
219
213
213
167
253
115
64
134
39
187
121
230
136
249
170
91
217
250
213
44
149
253
76
35
229
115
241
61
34
34
249
19
108
155
205
216
96
252
101
190
156
101
116
172
35
65
146
114
148
227
161
195
252
155
228
23
185
55
115
108
69
128
115
255
167
170
210
9
110
236
154
11
238
101
44
23
26
52
115
229
63
6
206
117
53
97
34
186
104
93
108
137
113
201
167
88
46
18
207
31
86
3
91
22
155
13
210
135
10
44
189
72
161
193
255
65
204
139
5
189
87
103
52
134
97
73
71
251
39
71
32
102
194
14
255
65
19
16
44
170
178
242
121
77
23
215
115
242
203
213
161
179
134
248
87
112
102
74
108
117
256
95
45
94
52
91
136
219
23
99
161
116
223
233
19
149
129
219
21
27
26
25
44
215
35
166
63
24
134
69
139
39
103
241
192
83
31
256
19
155
199
245
76
75
216
187
91
159
83
10
252
55
69
157
190
24
180
137
236
87
27
248
161
162
95
236
141
237
196
187
207
55
76
242
222
72
30
164
64
197
101
9
129
193
231
76
38
52
72
211
256
115
139
193
190
61
169
205
64
236
235
187
39
86
105
190
154
252
117
154
252
88
14
20
230
221
105
252
154
110
241
96
236
197
9
116
184
88
253
144
129
196
240
96
210
242
197
121
132
34
193
32
134
116
201
214
169
74
196
93
91
115
169
34
54
169
170
236
88
3
242
242
3
23
37
115
143
20
32
250
202
237
63
27
116
95
10
116
256
27
125
110
241
27
238
32
171
204
110
5
203
9
227
19
41
149
238
249
18
223
27
172
44
129
91
61
83
94
136
28
229
236
233
183
169
161
215
216
156
8
122
10
240
167
110
24
88
139
230
39
110
145
110
31
22
105
141
210
245
19
233
57
29
122
201
183
85
52
138
75
144
61
171
37
180
153
252
58
159
238
37
179
22
167
116
136
13
164
99
167
251
170
177
123
34
169
235
72
96
232
41
235
74
181
166
236
201
215
196
203
201
236
210
122
1
128
213
189
93
250
97
167
115
73
233
245
242
211
168
91
111
26
126
256
115
26
161
190
65
229
242
230
186
76
187
252
142
175
203
164
230
32
236
93
223
136
35
115
230
26
237
11
134
174
104
230
73
103
235
11
13
187
84
45
13
115
169
242
164
170
154
110
40
3
100
252
9
115
115
64
34
57
215
73
119
236
99
169
242
246
44
66
52
116
212
32
97
74
106
256
222
31
240
116
230
139
93
8
84
129
164
19
31
252
126
44
137
16
250
73
135
65
211
225
158
159
174
236
240
255
213
34
90
203
9
115
139
79
91
223
90
161
92
136
122
208
95
248
201
187
190
32
71
72
73
219
170
8
183
71
96
236
26
31
215
24
72
75
66
230
167
103
3
198
57
64
216
247
88
223
11
178
110
101
238
85
147
139
192
115
76
25
168
116
40
20
159
102
39
139
57
181
250
17
201
11
240
210
228
186
205
34
213
35
76
236
243
170
197
10
65
75
14
38
17
86
171
90
219
31
32
179
16
90
130
197
199
154
237
136
193
24
250
205
240
5
64
31
110
105
81
154
72
196
206
64
105
151
216
251
149
40
135
219
211
168
238
65
252
237
109
237
189
255
35
190
201
39
221
26
237
238
186
152
238
253
102
83
255
242
102
117
86
139
171
65
11
198
248
178
60
255
219
1
242
14
252
216
242
62
250
88
256
201
105
31
139
252
175
161
49
140
238
24
242
250
193
71
159
121
250
180
222
139
64
18
63
192
193
15
39
190
195
249
151
13
110
69
10
205
153
125
139
89
38
105
252
5
214
57
143
89
176
187
238
141
108
99
52
83
223
32
171
205
91
100
238
158
72
122
139
101
139
110
105
155
206
72
62
216
86
199
221
115
195
133
138
187
221
9
96
230
65
3
69
136
70
253
170
190
237
32
190
199
16
112
253
189
230
67
27
192
13
196
97
159
139
88
153
61
49
146
86
161
2
178
46
32
163
10
91
199
250
253
69
104
236
250
207
76
251
197
190
235
103
109
22
32
189
202
66
169
251
134
14
205
27
19
238
158
190
19
242
167
248
67
219
32
84
190
229
44
170
248
62
65
203
256
189
252
149
115
40
69
55
61
246
136
11
145
114
160
139
186
216
120
26
245
15
113
134
222
247
123
103
256
170
187
149
24
55
125
42
120
38
159
169
155
176
97
152
75
64
55
238
118
14
55
129
237
24
174
139
29
250
8
221
191
163
32
144
38
248
169
116
10
241
256
172
34
37
82
246
250
194
198
204
117
69
245
250
40
255
21
14
140
203
120
120
76
63
97
242
193
211
73
101
81
159
46
31
58
15
114
37
120
179
73
252
83
245
103
134
228
79
256
155
201
64
65
244
137
81
219
184
178
175
215
127
209
48
37
196
38
15
32
139
91
107
196
158
219
18
103
102
64
210
13
5
103
1
221
27
57
103
225
226
164
117
123
83
77
104
135
94
147
25
139
91
75
49
198
236
29
250
228
114
147
76
168
137
120
8
117
235
170
28
73
240
190
46
91
175
63
45
168
228
38
84
62
139
243
95
100
195
232
120
218
138
8
103
131
153
122
144
46
94
51
175
121
229
108
109
190
237
64
32
186
176
249
78
83
170
97
144
35
199
252
72
96
197
244
64
131
88
222
122
250
175
55
72
76
236
88
38
87
215
121
41
88
256
248
108
237
183
189
37
27
13
74
138
94
216
168
246
246
2
59
163
51
61
139
187
88
85
76
55
18
184
197
238
189
12
63
117
252
204
145
193
201
117
37
240
60
74
85
175
145
255
256
195
230
247
154
9
124
24
77
109
37
250
229
91
178
24
190
136
94
117
238
124
81
176
3
83
136
242
3
51
70
179
223
232
16
32
99
64
140
65
11
93
140
108
248
65
249
108
214
79
72
219
243
64
94
144
229
179
105
9
206
132
14
148
8
123
246
101
228
221
104
253
89
93
112
19
189
193
9
113
214
87
38
17
248
169
245
11
197
140
64
189
226
86
93
170
169
210
253
181
61
120
3
205
9
39
77
83
60
105
223
161
15
49
240
42
86
50
11
81
137
9
90
12
154
218
226
178
25
227
202
180
138
91
218
62
142
15
4
252
6
220
61
138
82
23
203
35
250
26
196
69
120
189
76
229
13
44
2
37
82
204
175
172
72
38
187
229
192
65
199
35
198
135
86
38
163
69
246
10
196
139
124
102
32
197
53
57
134
201
169
172
189
192
30
164
252
8
127
1
171
69
103
94
121
203
123
190
252
205
247
237
215
38
139
139
60
61
38
215
63
207
126
117
56
215
27
69
75
222
140
191
44
198
153
37
10
169
117
128
221
190
212
37
247
62
120
129
34
227
103
76
142
132
117
31
215
48
249
93
110
34
77
79
256
217
58
32
174
159
197
193
249
55
113
197
135
29
69
39
169
44
72
232
56
138
60
126
247
5
169
74
163
69
1
140
145
212
207
91
105
19
149
170
247
227
206
116
252
247
137
19
226
225
131
64
182
9
122
57
81
139
245
89
236
33
185
42
122
77
37
28
68
203
124
61
255
47
74
83
146
23
89
42
242
4
100
134
256
197
88
120
57
99
120
238
88
202
153
207
73
237
44
11
65
175
108
142
102
201
186
246
23
2
174
248
198
19
25
182
197
27
196
232
6
239
35
120
181
247
93
173
242
29
218
69
122
242
75
68
137
111
55
144
201
178
243
227
115
72
185
196
99
32
83
56
99
148
252
86
83
170
218
1
9
70
124
145
142
174
89
11
29
174
123
63
31
72
247
181
153
190
79
5
13
203
33
239
210
137
128
238
249
19
192
100
240
33
227
229
159
186
197
24
256
70
113
77
172
161
161
5
39
139
229
6
2
169
37
242
77
24
9
201
100
219
31
134
190
61
242
139
221
137
13
195
240
222
137
188
112
65
37
24
33
141
139
255
181
144
73
247
197
237
174
150
64
65
101
39
38
236
142
25
99
104
71
14
14
8
5
210
1
135
154
72
179
197
158
129
179
60
255
97
142
9
57
77
148
134
124
60
168
120
256
108
121
189
219
220
255
196
201
136
193
32
133
134
236
194
146
65
72
131
77
244
181
75
207
62
247
11
170
180
199
229
196
256
24
72
187
30
120
125
35
62
57
171
25
40
178
142
227
179
60
207
229
63
221
170
207
122
76
135
221
79
206
115
99
57
196
16
247
100
39
255
165
42
25
161
102
101
96
223
135
78
181
83
131
199
140
168
19
122
198
198
30
100
197
131
137
125
244
25
219
60
115
193
94
219
76
137
139
14
256
181
256
168
131
236
158
74
142
242
120
149
117
60
105
204
216
227
152
78
110
124
100
91
242
115
204
77
196
169
246
131
156
120
168
169
207
23
139
49
19
