33
92
33
7
67
92
135
231
231
17
250
69
226
59
39
94
42
17
25
39
231
11
69
251
171
172
7
251
59
242
231
36
125
7
36
42
36
42
59
250
162
251
119
231
242
100
42
107
17
109
113
65
59
65
7
113
205
42
231
1
7
39
162
119
33
59
231
166
21
166
191
162
113
59
59
231
130
135
150
191
20
59
119
59
250
113
7
242
146
66
113
125
107
24
33
166
42
185
35
71
42
113
58
107
162
107
58
33
2
20
1
80
58
80
113
58
7
125
25
244
113
166
58
7
223
41
225
119
125
58
147
42
244
209
194
244
144
194
7
80
191
36
58
125
11
107
206
146
191
58
166
185
185
58
20
83
164
137
37
125
11
191
58
166
68
231
203
59
171
36
244
107
191
191
240
246
191
58
59
58
203
40
1
113
40
203
30
125
169
20
152
1
58
191
231
20
59
186
203
119
256
36
135
40
73
221
30
39
203
36
80
121
88
130
254
240
35
80
18
190
203
239
35
256
169
185
107
119
186
20
173
221
231
221
91
237
256
35
107
31
59
205
224
20
237
231
30
108
240
107
240
166
182
67
125
35
144
248
46
59
173
20
35
52
244
228
58
195
166
101
221
166
184
83
169
20
20
244
121
195
107
203
203
130
15
35
42
20
65
83
20
228
195
244
74
186
190
203
5
203
191
169
166
198
20
244
203
35
19
11
20
10
71
169
186
65
195
146
83
171
150
177
169
135
229
203
138
103
191
240
190
174
144
191
254
256
203
40
88
1
231
248
186
46
126
1
190
209
175
203
40
47
169
203
88
119
240
254
25
7
240
125
198
20
35
190
35
25
191
256
88
21
186
80
25
152
113
177
58
20
149
191
78
102
151
184
83
110
240
163
7
14
114
35
73
237
169
20
73
174
20
114
163
190
24
121
186
119
119
185
118
186
34
27
15
88
125
35
169
121
47
224
179
25
52
190
169
250
80
35
35
24
184
186
190
195
83
64
240
199
4
150
173
16
149
82
184
224
103
238
108
194
106
5
96
186
166
221
150
240
40
83
31
64
169
113
195
89
221
221
231
27
170
73
164
180
151
221
71
33
35
148
180
221
125
186
144
103
256
163
35
27
203
256
82
80
27
65
222
246
89
190
83
25
221
240
237
146
77
86
121
34
107
35
83
170
170
240
35
88
135
179
29
71
44
135
238
35
85
166
179
237
203
7
246
124
35
221
35
141
190
124
231
149
35
169
34
230
73
20
186
77
170
103
221
80
121
166
130
32
4
240
203
184
221
203
235
244
88
15
169
94
224
78
80
106
64
169
44
184
223
113
249
101
218
169
108
189
190
35
83
170
170
163
196
133
186
170
30
24
113
93
166
31
237
116
170
166
203
240
224
89
163
203
25
195
242
20
144
224
32
203
25
126
170
85
157
108
118
169
36
237
24
184
221
85
105
17
86
243
20
207
203
135
13
64
196
178
118
106
89
227
85
166
20
133
64
150
9
121
133
145
212
25
44
34
88
198
170
203
27
159
33
14
24
221
203
203
170
224
26
169
44
101
94
107
190
224
191
191
221
158
256
132
184
8
35
32
166
194
12
11
229
34
221
130
53
170
189
191
40
67
148
133
120
15
242
133
27
83
229
52
89
190
35
224
223
163
201
35
117
220
119
170
48
146
91
237
256
35
35
240
108
86
221
205
169
237
133
224
146
64
186
24
158
214
105
196
244
224
13
94
201
124
201
203
253
256
237
198
4
52
35
10
134
70
117
250
31
133
104
35
10
202
102
203
95
19
218
108
40
149
238
135
57
169
18
85
202
201
169
74
203
223
199
112
93
88
201
133
169
102
145
201
238
73
12
89
242
240
4
146
133
146
31
169
238
244
34
31
219
73
256
89
133
81
256
228
33
198
256
215
201
35
102
194
108
52
238
163
50
117
256
219
81
121
256
238
178
35
108
103
256
59
201
193
53
121
73
203
144
164
52
256
157
16
65
166
256
215
201
91
27
44
74
83
115
244
133
169
252
249
203
183
60
170
56
37
83
163
203
170
78
76
77
236
256
34
133
35
186
24
242
12
194
133
186
169
186
115
238
45
158
150
134
201
201
56
248
