65
88
40
31
31
113
40
98
21
162
98
229
28
143
31
231
190
129
55
208
231
94
147
147
150
52
184
181
253
129
128
251
165
73
174
147
67
165
149
165
128
91
1
96
252
71
251
151
160
160
199
140
126
216
253
141
97
122
126
67
208
89
87
29
254
251
40
83
143
10
187
138
165
170
89
10
244
170
140
144
240
61
63
186
160
170
84
160
40
256
165
61
119
87
140
129
128
98
186
25
205
170
88
98
174
219
253
174
55
98
166
150
140
25
94
87
78
87
17
169
209
94
25
52
195
17
160
36
166
27
31
186
99
61
94
8
253
187
94
170
140
174
140
190
216
85
94
244
31
243
93
104
194
44
160
182
158
36
174
185
151
122
67
163
200
113
166
253
98
170
74
75
98
206
94
59
107
236
95
31
102
254
174
28
199
209
62
253
244
153
25
129
149
174
162
146
254
174
165
162
209
169
92
227
94
25
254
121
253
225
213
75
17
199
190
219
162
89
156
75
10
128
231
94
153
228
191
253
213
163
174
36
253
75
190
151
87
146
165
102
40
70
185
122
230
254
28
59
127
254
125
107
160
112
121
222
123
9
201
194
146
143
31
83
216
94
104
135
169
144
43
88
237
243
122
222
42
51
123
155
165
98
21
213
92
212
97
151
241
98
199
187
81
243
115
254
230
206
140
201
112
140
174
128
115
216
52
213
51
149
192
36
238
141
21
190
25
215
41
256
252
165
213
49
25
94
121
129
169
103
129
178
94
88
191
208
43
56
83
101
150
115
200
195
30
165
203
1
160
59
243
192
151
69
126
199
23
41
255
222
254
232
215
129
174
25
173
31
165
169
169
23
1
146
111
182
77
145
194
199
174
72
134
176
15
170
65
141
215
143
200
23
213
94
237
18
150
76
128
128
152
215
227
32
87
84
132
30
3
144
81
39
194
147
23
200
199
153
121
165
237
160
139
89
215
17
99
232
56
160
200
181
144
160
29
169
103
107
72
130
38
213
190
161
252
205
231
167
58
2
58
60
160
248
14
181
215
23
25
119
141
221
232
234
75
60
132
215
23
192
197
200
71
98
151
186
153
98
69
27
135
190
23
144
151
248
70
81
41
110
191
254
63
32
128
192
139
17
218
128
195
204
238
136
16
215
187
8
160
254
213
197
98
115
128
161
193
89
41
217
215
215
94
99
23
239
154
151
112
14
151
150
117
98
14
107
1
198
87
30
254
151
41
25
248
206
197
197
57
161
98
104
7
229
23
197
211
75
128
30
246
197
248
249
60
27
243
201
181
154
24
194
128
112
174
199
50
161
85
203
146
191
200
106
178
191
131
128
39
118
200
188
108
18
28
104
3
92
215
15
156
121
40
109
221
3
23
204
210
183
200
213
243
96
198
191
56
250
174
59
6
250
232
237
18
105
92
250
234
14
232
229
224
192
28
161
9
19
9
49
225
184
218
204
89
253
215
246
234
61
204
25
56
160
8
199
57
185
254
88
69
35
198
204
202
227
110
217
57
103
99
73
225
3
241
200
125
8
238
195
200
2
69
137
3
24
84
40
148
70
23
224
72
36
235
98
216
250
94
228
219
90
197
23
99
60
132
15
182
228
99
14
243
142
110
190
115
81
154
28
238
199
195
217
19
114
185
103
175
58
160
187
150
190
148
3
148
200
23
98
31
23
179
35
91
128
217
84
184
178
151
19
99
137
91
176
218
88
72
215
81
73
200
170
82
179
254
161
241
211
219
224
81
228
96
248
225
107
6
128
130
74
15
23
99
219
23
89
174
31
161
14
30
191
46
91
60
23
151
65
178
133
127
23
198
23
23
212
205
72
197
49
215
199
38
197
14
197
73
254
187
208
151
180
53
203
215
23
8
178
197
147
77
113
156
30
34
8
152
238
14
34
95
253
75
241
232
215
113
228
20
113
45
88
185
168
15
38
244
41
38
221
87
97
197
163
192
216
204
2
205
161
227
161
91
190
112
5
170
27
215
27
213
128
223
130
88
112
96
171
116
207
207
190
52
113
229
236
25
217
192
216
219
100
200
220
229
156
220
97
198
183
9
84
187
13
86
57
3
188
183
235
97
156
90
142
224
9
240
73
38
207
64
32
184
251
198
215
106
112
186
222
197
4
59
240
126
84
241
171
185
200
73
34
114
13
88
213
208
32
218
199
200
236
235
215
203
191
144
111
160
5
126
113
55
14
228
13
96
37
116
18
179
47
197
209
23
72
198
183
230
67
116
120
65
175
161
248
2
200
183
85
163
160
114
6
215
96
255
49
5
190
242
117
109
160
197
98
23
52
93
47
199
200
186
183
244
2
38
245
1
218
120
35
166
228
24
161
53
77
184
89
245
191
83
206
188
34
72
220
22
200
167
121
79
117
250
56
218
83
82
161
64
116
90
156
82
140
248
179
112
117
22
147
97
151
104
254
203
183
115
184
154
89
72
158
235
30
154
22
184
170
229
43
47
56
144
112
201
195
195
153
169
186
184
242
73
250
239
121
14
202
232
148
64
88
229
190
186
238
255
241
183
200
144
133
158
61
88
3
49
199
196
91
131
15
172
75
21
180
252
10
14
185
73
256
188
152
113
244
184
151
127
190
168
27
102
17
35
214
40
192
110
139
216
202
156
221
193
40
149
233
197
51
176
43
201
107
142
16
229
67
43
169
197
114
36
250
84
83
46
88
235
250
183
140
16
25
73
184
183
32
157
161
222
193
125
140
194
244
30
252
197
229
150
181
255
169
64
116
129
183
174
235
235
85
125
228
236
179
63
175
14
82
110
174
178
52
240
169
72
63
185
213
13
57
20
175
38
23
116
236
248
167
18
85
98
203
68
181
244
15
200
197
25
52
170
81
27
97
137
251
91
236
83
256
256
142
251
195
170
35
25
73
245
228
191
72
252
243
176
107
22
207
27
232
32
21
206
36
174
27
203
115
103
72
149
144
81
125
56
251
24
255
149
107
255
125
48
252
212
72
101
199
45
11
58
116
193
83
199
32
184
146
9
63
155
72
149
202
88
133
140
14
179
133
200
69
199
72
140
83
15
179
171
256
42
171
41
6
169
21
243
83
3
85
184
221
25
1
62
18
223
154
232
253
230
230
107
256
82
36
175
54
88
241
116
221
223
229
157
72
11
1
15
72
88
218
1
197
252
73
167
47
105
256
8
64
68
72
48
188
1
255
20
87
185
247
38
48
8
125
107
178
241
83
169
171
191
256
10
179
137
81
72
133
218
20
42
158
188
11
76
72
45
230
5
82
123
35
202
120
83
170
24
91
32
85
103
237
27
16
146
219
32
110
17
150
215
42
169
81
157
10
20
168
197
66
245
219
166
191
174
237
202
192
64
207
36
67
204
255
43
76
42
237
45
237
25
205
205
103
32
252
120
86
56
255
13
2
164
150
72
169
17
20
237
203
120
247
17
72
119
178
131
174
45
223
216
81
222
103
2
12
11
90
62
17
73
25
133
203
163
17
19
68
105
164
125
249
237
42
104
15
39
213
52
108
73
72
149
125
120
202
213
244
189
197
63
154
215
198
89
11
142
249
56
83
79
86
188
213
102
45
41
52
83
120
189
242
255
81
217
81
256
189
81
77
17
26
115
38
175
44
25
218
213
170
244
72
72
203
192
213
58
103
214
199
103
202
86
61
81
133
202
189
9
72
120
230
43
48
153
85
256
52
203
126
25
26
157
10
85
221
23
189
99
213
72
9
197
13
192
115
21
63
173
16
69
202
115
85
124
90
197
9
48
161
25
72
170
120
35
115
97
120
163
186
197
53
248
115
197
