80
80
186
186
186
186
186
186
80
186
244
186
190
204
204
74
126
195
150
98
204
181
151
98
204
12
208
89
204
2
219
126
27
62
98
190
62
44
153
115
10
151
186
84
204
11
192
143
155
112
80
112
64
89
21
45
66
45
62
238
195
160
90
135
11
112
101
165
44
44
62
163
29
166
49
204
214
115
195
96
172
112
76
209
62
204
62
12
29
5
12
130
81
195
50
71
27
34
112
163
155
131
144
94
148
62
102
105
17
40
155
160
204
36
17
112
181
41
222
238
35
64
151
11
148
190
28
256
163
62
148
112
250
135
36
70
160
12
96
30
204
155
33
155
155
49
168
12
43
104
39
200
98
11
161
112
81
190
166
26
102
62
29
42
34
155
50
69
144
194
67
98
252
192
112
36
172
66
204
217
220
146
247
96
199
145
231
44
57
231
98
11
103
42
222
220
124
242
66
66
204
148
166
174
127
62
36
51
163
150
62
172
28
174
163
200
203
176
161
253
84
196
194
252
176
211
181
220
160
199
242
98
88
180
98
244
50
115
155
163
64
66
66
143
145
212
155
161
155
231
88
146
162
160
231
203
102
213
44
128
155
143
172
84
172
196
115
176
7
51
144
25
9
89
160
21
155
98
66
35
161
123
42
99
155
7
242
191
25
21
58
11
115
161
143
191
234
232
126
155
256
115
151
196
227
36
69
7
203
117
247
163
115
143
115
174
14
164
17
159
253
166
166
79
214
244
196
162
146
163
134
204
78
69
214
185
62
180
232
164
84
248
169
17
163
247
208
21
247
44
51
115
145
42
88
69
204
217
254
247
134
172
121
170
172
204
76
104
140
44
80
178
194
218
116
214
157
21
250
185
186
115
133
21
162
135
162
9
160
70
159
186
31
50
196
95
217
9
98
25
210
166
104
223
191
174
191
155
172
247
13
163
137
26
186
34
155
74
46
74
146
247
164
213
214
117
165
98
146
155
165
7
101
115
26
74
115
33
117
162
148
218
102
51
91
191
199
222
23
17
218
52
52
146
89
115
146
148
161
180
51
242
52
242
138
190
214
186
113
104
148
48
213
143
215
13
139
157
146
242
202
185
151
162
52
140
176
221
221
45
159
157
140
159
98
242
169
155
84
159
52
117
54
140
164
159
157
116
7
101
139
202
151
207
209
256
256
202
5
102
213
209
251
52
7
216
160
123
120
29
186
165
205
160
26
91
209
43
44
239
7
244
161
112
220
66
166
107
73
76
177
190
63
80
202
219
202
215
202
44
223
129
63
160
194
213
251
177
210
249
202
120
170
113
42
209
137
148
238
107
95
105
223
197
123
249
104
206
31
107
21
202
31
159
42
159
80
220
166
165
157
190
159
202
162
213
163
196
29
154
79
247
2
144
36
52
97
164
191
157
124
9
18
83
44
21
162
122
222
36
231
106
213
197
251
202
134
202
202
242
139
161
26
115
52
20
128
163
231
113
146
117
247
220
20
26
115
123
204
221
165
52
148
202
184
39
83
116
91
41
231
256
111
127
150
18
123
167
18
75
191
62
44
39
247
57
196
161
196
123
214
209
157
223
252
63
186
163
69
218
208
213
122
25
247
129
190
56
231
160
170
107
222
29
199
231
192
48
189
236
72
119
251
162
185
153
52
31
84
182
31
82
185
120
33
83
16
31
29
157
234
202
197
191
234
135
159
256
193
103
249
180
159
218
163
190
74
10
29
181
26
204
242
107
148
59
106
237
161
161
201
11
80
140
208
238
123
118
189
43
202
25
218
210
123
213
187
54
201
218
256
244
84
48
255
152
191
213
29
192
51
36
70
153
29
249
62
215
10
79
163
148
240
72
52
254
3
147
148
4
126
88
207
256
51
140
170
12
63
29
253
15
115
151
167
237
244
29
210
157
123
69
184
44
170
44
15
187
174
204
9
140
42
137
208
50
61
207
12
237
18
62
15
231
62
84
15
90
10
194
199
153
21
94
192
148
91
96
167
23
65
192
149
102
82
10
45
152
24
89
120
14
219
58
56
111
149
230
210
16
238
167
26
207
137
88
108
45
82
243
49
121
50
223
91
195
137
162
103
190
212
162
230
238
174
194
34
249
38
94
215
110
87
238
214
35
44
166
12
145
80
217
238
113
33
160
116
187
157
102
98
87
144
139
214
236
63
167
172
114
230
25
94
5
13
22
223
219
72
203
98
170
157
200
31
62
89
230
210
11
11
167
13
107
199
143
244
102
255
74
232
62
60
165
167
120
217
165
22
56
81
93
181
26
152
163
128
190
65
31
91
101
224
167
190
69
182
165
104
210
32
36
200
73
251
189
191
232
17
137
81
180
102
22
34
30
251
238
245
164
148
79
218
162
216
182
155
167
72
127
117
224
15
94
94
148
98
62
124
167
165
237
42
7
52
243
54
104
81
251
253
55
83
32
251
94
13
81
243
61
35
221
102
255
69
193
120
167
251
120
253
26
196
65
41
250
26
202
197
70
169
61
48
80
251
253
167
213
133
195
9
11
142
163
16
167
152
2
128
119
91
197
253
163
63
252
197
98
82
251
85
55
244
163
191
167
15
168
115
89
142
121
214
158
33
224
255
15
61
170
174
113
103
57
199
72
159
23
20
82
36
102
167
62
50
168
250
20
44
91
219
197
210
142
10
95
140
27
115
133
146
81
72
32
253
200
9
228
201
134
249
106
31
252
158
241
42
32
72
5
162
224
164
35
9
196
51
64
23
213
147
240
33
206
72
29
70
81
45
102
10
81
112
22
8
149
253
48
111
213
152
102
120
10
161
41
251
140
142
163
182
199
69
87
163
76
237
84
33
63
230
44
194
203
197
251
42
152
117
245
48
210
193
149
186
225
190
223
116
53
72
152
197
219
225
16
54
149
33
81
35
219
147
65
196
73
255
34
256
21
149
88
3
35
177
25
210
21
155
33
144
242
186
149
149
240
47
254
23
5
63
134
252
91
211
57
19
139
120
148
252
57
12
27
9
189
256
145
194
120
161
11
47
124
186
157
202
244
120
88
35
57
228
60
194
142
197
41
141
145
84
172
23
164
21
201
220
138
197
244
112
76
175
239
36
180
210
11
140
170
218
200
144
167
52
167
161
201
213
182
86
161
146
167
149
11
67
137
256
167
79
243
178
151
32
155
234
155
23
184
210
116
10
133
69
88
84
82
10
79
119
78
116
231
234
106
167
244
6
120
174
134
125
244
220
218
213
63
137
96
107
182
57
148
139
153
200
191
187
18
125
44
242
179
201
194
10
12
252
99
155
157
148
161
35
157
173
202
34
230
238
149
159
16
91
148
