61
111
111
61
61
126
55
111
126
126
126
69
111
211
3
128
61
61
45
220
126
61
126
98
61
69
45
150
143
51
162
215
66
69
213
9
162
114
61
69
207
106
50
215
76
220
215
215
140
114
148
178
123
149
177
69
159
115
54
72
151
123
214
126
189
110
110
232
72
197
51
123
123
155
172
131
189
149
12
72
149
115
162
123
94
76
51
223
151
166
94
155
128
66
221
166
162
223
27
145
94
196
123
202
81
253
157
176
94
27
111
232
213
52
166
161
140
94
6
69
94
115
215
84
18
48
176
189
202
115
123
184
173
242
115
73
115
229
76
197
165
6
82
26
256
189
106
202
165
90
26
23
18
192
108
52
108
115
94
161
133
23
45
172
69
157
74
86
232
232
45
237
221
79
20
94
84
69
60
45
26
218
202
221
161
3
161
197
50
176
115
155
210
213
50
72
177
213
23
208
166
75
218
117
197
121
8
69
213
139
159
42
84
145
72
22
161
85
153
197
72
140
48
97
213
106
199
99
23
67
130
67
221
48
99
189
149
145
3
115
161
139
72
197
237
186
42
218
161
202
23
218
94
213
197
249
163
139
197
189
72
23
7
249
23
237
218
85
197
124
197
197
214
161
155
202
157
197
42
62
56
202
197
202
202
72
202
