205
194
88
36
147
147
147
126
147
164
126
244
128
28
36
55
206
153
153
166
128
126
28
150
51
29
3
186
143
209
122
29
181
150
83
238
243
127
147
138
113
126
128
51
171
256
162
129
138
244
142
206
211
186
138
194
135
47
127
111
51
96
254
253
17
87
122
29
162
28
51
164
195
25
116
75
125
220
145
145
51
18
150
162
129
204
17
111
5
181
166
198
107
150
183
17
64
198
162
154
154
90
54
36
243
138
21
219
126
129
94
47
179
126
115
182
135
150
46
220
58
47
220
21
94
227
58
46
177
172
183
237
205
78
154
256
160
222
81
206
92
81
147
141
5
81
156
199
151
156
213
252
31
181
135
122
102
118
220
31
222
211
69
74
126
50
128
237
69
154
143
89
9
123
81
181
178
5
84
102
171
151
118
102
140
199
169
208
83
211
27
158
51
243
212
222
194
172
112
195
176
136
160
182
8
141
183
145
140
140
221
184
3
199
199
71
9
79
199
52
195
183
246
82
69
14
243
47
107
165
165
148
121
220
237
180
244
1
14
97
169
237
199
184
88
165
183
186
81
122
108
80
66
118
122
47
165
180
123
136
58
199
216
181
71
190
208
178
51
204
203
194
108
69
95
29
182
28
123
66
177
203
231
157
128
204
177
29
95
123
177
66
238
199
54
28
50
199
144
9
253
93
66
184
249
208
50
122
112
203
208
222
16
105
122
115
54
154
54
84
106
50
146
123
31
128
174
50
62
96
4
58
174
7
230
185
108
154
208
177
65
230
3
122
128
115
128
128
54
181
154
3
204
143
115
54
129
213
82
142
65
171
122
253
83
175
32
3
28
112
128
3
162
74
105
164
226
113
181
209
252
252
202
82
46
207
183
112
103
160
25
66
200
78
132
132
82
231
132
104
58
32
4
132
154
53
149
226
6
99
82
29
143
94
178
227
128
36
149
53
170
125
20
195
149
220
113
53
99
161
197
120
149
63
99
161
50
161
99
25
82
161
82
146
197
111
99
161
161
198
94
169
50
197
189
197
148
197
53
24
174
197
69
163
163
242
12
4
194
214
99
155
104
239
197
23
99
24
195
251
161
24
202
115
160
161
111
99
4
48
72
197
48
48
113
94
232
155
157
148
52
24
189
48
111
16
197
14
161
163
99
48
216
148
48
155
12
155
110
155
190
48
48
202
202
104
152
204
49
170
148
148
202
13
106
82
99
157
99
13
63
83
190
155
189
256
202
239
23
191
86
23
163
222
102
13
73
26
72
190
228
23
23
157
159
20
148
229
48
202
159
72
189
220
221
72
149
148
149
35
57
61
26
256
255
149
157
158
148
23
124
174
48
94
72
189
232
133
72
255
255
86
158
148
157
99
56
221
159
249
61
57
255
197
56
201
56
