147
83
147
147
212
126
126
212
147
87
126
126
146
177
151
183
101
51
177
186
156
51
202
51
51
140
140
143
194
80
7
146
166
63
80
80
80
171
80
143
160
168
38
143
73
88
168
199
138
113
165
80
171
80
171
72
38
80
168
38
162
14
165
118
244
203
99
118
190
99
38
197
72
206
31
92
31
138
63
144
250
74
168
168
65
118
90
84
80
168
90
80
254
80
99
241
168
171
208
109
203
203
92
165
168
37
232
217
121
78
73
65
37
165
186
199
168
165
132
107
166
164
217
146
107
168
203
37
46
92
95
205
197
107
197
37
136
146
71
186
150
166
217
80
215
136
29
245
141
230
107
205
78
85
130
80
130
205
109
205
109
97
202
31
109
146
109
166
30
4
118
141
67
29
171
146
80
202
209
139
146
67
107
78
256
80
240
63
130
95
109
209
245
245
205
58
80
17
47
80
80
52
109
161
146
202
146
146
216
168
142
80
135
78
52
89
179
156
72
72
186
230
161
109
52
37
170
82
142
109
80
202
63
88
144
33
123
136
256
109
107
141
235
4
75
205
158
73
78
136
152
155
224
247
82
109
118
80
158
25
197
209
170
256
241
101
82
78
139
52
78
63
249
52
83
82
168
73
4
133
158
104
73
250
216
72
240
241
136
40
121
164
232
146
197
82
89
118
77
15
99
109
118
99
99
85
252
197
42
254
40
197
184
84
104
136
33
253
72
197
99
91
155
72
88
59
82
80
118
157
217
215
167
167
118
99
24
82
35
72
225
107
82
73
205
159
37
249
169
240
162
78
210
170
109
65
202
21
72
109
216
63
181
146
210
101
72
210
82
22
247
197
252
232
205
197
82
158
85
25
52
82
199
72
109
104
82
197
186
84
249
8
252
15
145
146
32
99
205
42
197
193
82
255
146
164
197
37
82
92
222
52
72
72
197
139
240
37
232
82
85
25
15
84
135
15
236
164
84
252
121
249
89
105
113
249
122
118
186
230
29
252
141
151
96
169
31
247
42
101
158
184
158
75
55
216
218
199
72
190
42
230
185
5
94
197
82
184
197
73
72
162
92
155
80
197
158
146
85
121
255
197
205
252
137
78
115
219
169
247
197
146
72
86
155
237
82
69
186
197
247
85
242
52
72
80
23
7
174
159
252
82
146
25
88
86
72
143
241
111
135
174
146
31
85
139
218
19
122
23
197
72
111
146
111
25
145
193
197
158
139
252
64
186
252
197
82
190
221
255
94
197
85
23
170
164
191
146
205
186
35
142
186
186
57
11
202
184
116
169
99
197
73
85
56
193
25
31
197
121
233
166
44
213
164
186
243
148
82
150
31
170
99
202
124
122
34
216
199
230
247
174
133
57
186
120
232
72
179
25
197
213
82
3
158
118
99
118
237
197
131
256
164
233
189
190
133
255
25
88
82
82
171
255
158
199
197
238
23
82
159
99
72
197
215
228
121
87
72
169
253
23
169
91
115
137
163
111
169
58
48
255
111
189
109
184
232
11
214
72
113
197
61
52
252
255
199
236
243
52
186
82
112
252
247
22
197
184
82
116
255
190
145
29
116
186
133
169
202
164
256
167
23
133
256
79
23
214
164
255
202
133
199
32
133
37
63
85
102
163
205
133
168
145
139
137
247
179
107
104
79
252
56
107
104
94
170
247
134
23
23
148
82
169
78
35
252
35
52
252
22
232
99
134
47
44
196
186
205
89
155
189
91
23
72
72
190
148
11
197
23
205
19
170
23
23
141
179
52
107
155
56
133
236
186
155
157
247
186
224
240
82
