31
244
108
240
107
10
252
201
169
242
166
250
252
252
201
252
169
178
183
34
24
212
10
10
62
108
96
94
34
64
169
219
101
223
93
53
256
201
103
175
47
209
58
24
19
35
108
248
226
77
225
35
169
38
181
64
78
145
212
42
248
226
160
96
100
91
14
108
108
24
190
186
176
33
42
241
101
106
69
109
46
192
241
167
126
192
11
64
176
212
196
138
180
39
237
181
254
233
126
222
131
129
192
120
100
77
236
199
63
106
101
126
237
201
79
235
228
60
187
180
181
176
176
223
92
212
105
225
184
137
180
237
94
252
145
114
67
226
202
17
167
88
18
219
169
245
38
210
253
108
236
10
35
10
39
40
42
245
149
126
206
201
34
242
100
51
180
225
147
131
27
58
187
63
63
226
187
252
79
108
34
76
74
58
30
56
93
240
237
252
226
199
186
192
230
242
5
90
237
51
49
249
127
89
192
111
137
192
89
124
64
202
129
51
12
100
172
59
105
79
184
159
229
175
176
34
105
192
32
150
16
222
79
170
237
109
69
220
201
10
44
220
118
175
134
114
111
159
242
60
12
149
114
73
229
1
126
238
72
223
236
83
108
242
140
121
172
34
201
190
34
237
16
123
172
108
162
177
51
139
88
249
203
27
100
41
114
109
14
222
10
87
241
8
218
44
14
73
129
83
131
195
239
93
112
102
242
73
114
67
12
208
237
145
94
120
137
72
22
167
220
179
237
52
57
196
228
137
206
223
105
184
2
72
58
39
219
14
76
153
215
110
26
229
156
26
202
252
142
34
238
171
108
100
96
54
159
236
64
108
137
203
153
252
138
216
25
242
79
27
212
239
102
30
137
60
178
76
229
106
219
50
201
171
91
123
60
216
220
221
64
91
55
237
64
14
14
151
235
192
137
108
220
130
38
94
127
242
216
256
10
25
38
184
23
94
110
196
132
250
201
5
192
123
117
53
251
87
225
190
13
250
178
229
250
165
96
32
192
6
172
237
175
212
32
5
57
111
57
108
240
15
253
212
236
24
250
212
238
32
154
19
220
114
136
20
93
239
15
107
215
175
248
30
185
85
228
238
134
144
220
223
219
79
165
236
196
145
237
176
88
147
1
189
250
66
238
41
170
205
199
112
158
88
58
138
125
16
201
183
149
94
248
228
219
256
211
26
91
211
151
61
128
106
137
231
248
165
135
127
27
64
10
34
249
223
11
219
106
83
174
45
13
14
32
24
199
250
10
248
196
26
128
202
10
149
60
240
184
220
26
57
149
205
235
237
239
183
238
13
145
205
103
199
2
49
239
149
56
237
57
12
229
13
5
252
79
145
190
144
138
65
205
126
32
111
236
136
219
149
175
106
140
184
252
34
236
161
38
145
61
187
242
103
61
98
11
15
46
123
248
145
10
30
203
19
12
106
144
167
23
97
237
201
240
190
55
26
61
108
1
219
19
248
79
235
105
104
168
42
236
130
12
219
248
62
76
3
81
127
222
153
110
219
1
108
27
83
212
62
236
60
167
83
149
39
216
81
162
249
240
16
235
61
91
110
94
103
87
46
91
212
252
72
94
232
184
155
189
202
248
183
22
38
189
88
235
81
175
175
226
64
54
47
13
97
240
11
228
248
180
189
64
226
16
32
145
76
63
16
219
61
22
144
219
16
123
10
147
13
153
16
211
114
192
241
108
153
240
248
226
32
248
103
237
171
57
32
222
34
38
22
170
42
74
78
83
240
177
147
214
112
11
14
38
73
64
44
156
127
153
149
192
230
241
42
9
189
249
70
215
242
42
57
249
38
110
128
157
252
79
94
38
237
154
118
247
125
240
38
88
190
153
57
167
219
110
212
219
88
199
83
102
144
34
252
22
153
221
134
86
246
248
175
250
64
247
239
227
240
13
86
6
251
137
245
34
124
195
40
91
248
215
93
230
114
27
167
79
171
76
163
14
83
5
81
163
72
115
39
144
94
34
76
154
242
237
224
226
78
103
222
101
153
12
250
5
64
110
94
19
83
245
153
5
248
228
39
252
124
183
108
135
236
96
175
108
199
111
184
32
163
65
232
229
217
250
211
100
34
57
248
176
138
27
215
42
234
13
163
142
39
189
52
235
215
76
171
32
226
52
154
91
74
248
69
42
60
217
217
212
61
201
224
230
174
149
215
64
44
60
10
187
184
195
240
72
47
23
212
58
96
219
103
238
198
174
6
61
236
46
90
226
175
129
187
238
88
212
189
82
239
139
154
140
223
192
19
59
236
204
203
182
238
27
90
133
174
174
110
42
46
183
219
219
228
26
38
154
14
102
174
64
110
22
96
252
65
13
229
59
140
125
179
145
116
83
38
52
88
235
235
69
81
172
3
38
32
207
230
248
31
237
164
46
91
88
236
190
9
83
237
44
22
180
6
67
17
103
202
22
238
126
206
10
50
39
139
178
124
147
157
250
224
19
17
61
66
157
72
10
86
6
62
66
202
133
25
163
52
73
252
98
242
46
86
169
1
163
149
125
67
124
37
250
133
175
8
35
171
88
3
174
6
116
47
167
25
247
110
103
98
69
225
216
159
108
94
169
64
175
74
110
248
238
17
72
154
189
113
238
25
229
165
1
134
115
235
134
192
77
26
93
235
61
69
187
207
212
44
108
190
5
219
175
145
202
190
179
219
63
19
157
238
153
220
256
183
220
145
40
115
163
44
34
83
187
64
90
238
180
26
126
122
81
220
56
225
174
38
5
139
236
89
9
204
192
67
243
64
33
130
15
193
193
133
34
19
125
174
228
59
253
226
105
13
90
221
179
62
111
131
25
236
44
124
74
49
165
147
223
52
115
103
86
183
230
98
49
77
183
69
64
170
54
149
202
163
93
83
12
125
12
220
167
10
89
10
169
24
64
50
207
64
191
122
171
124
19
12
235
183
108
166
131
10
83
93
26
192
117
110
142
15
236
190
237
46
120
221
194
10
198
228
6
93
179
246
204
27
127
238
203
46
104
248
10
223
16
149
16
94
34
172
190
165
10
136
19
105
215
90
64
24
171
202
39
202
184
196
248
130
229
140
180
145
175
188
73
252
148
47
220
157
126
14
238
25
13
59
14
123
193
238
147
83
46
134
105
108
167
235
196
5
121
166
32
113
110
103
149
248
10
228
33
41
5
131
238
2
32
72
195
219
18
123
138
174
46
74
77
176
37
238
90
140
67
190
191
250
219
83
25
76
159
88
248
252
221
34
103
52
83
34
77
70
113
130
140
201
2
38
76
59
10
220
241
220
160
183
242
104
198
108
44
237
144
14
94
188
96
149
34
88
41
27
192
88
74
65
236
46
37
33
221
250
25
110
207
30
123
26
44
83
147
96
185
81
96
156
241
96
157
132
156
46
222
137
142
199
124
32
180
19
37
11
24
81
65
11
3
46
241
239
239
147
174
43
228
173
207
111
138
32
83
237
35
65
250
69
107
188
203
219
156
190
219
185
109
153
77
120
113
74
144
72
11
138
180
111
18
91
227
104
172
241
210
10
94
222
35
103
171
189
24
229
43
97
94
96
172
10
184
73
32
229
236
24
67
8
1
103
32
218
6
88
138
144
28
78
153
96
57
229
185
27
126
24
128
88
256
24
10
8
227
236
248
248
212
59
96
227
65
31
250
13
228
110
175
121
121
212
16
183
125
18
11
238
32
91
253
169
5
25
13
124
111
181
103
1
100
203
93
236
11
81
88
152
236
175
88
172
157
73
3
236
83
90
241
32
102
127
33
6
205
236
45
64
195
239
229
250
69
5
181
166
18
69
69
139
110
42
158
203
248
28
15
160
172
191
39
10
20
37
175
144
229
144
108
107
14
212
5
145
250
205
153
24
13
7
37
134
229
91
158
240
124
209
205
1
240
160
111
73
181
41
83
144
41
81
183
180
223
212
96
229
61
31
75
131
238
256
129
90
79
248
160
38
65
237
188
221
153
41
229
195
79
169
150
6
113
126
237
158
96
222
229
250
236
20
102
188
76
5
64
65
32
224
239
154
69
213
229
236
89
96
124
175
171
40
250
90
20
119
5
81
5
218
229
67
177
28
191
229
171
234
154
74
103
222
31
41
43
61
121
147
37
121
120
40
171
108
229
42
88
41
96
175
221
14
188
101
19
172
35
238
232
221
229
95
24
4
219
191
28
125
61
221
188
227
221
130
119
154
130
175
140
28
28
206
160
226
83
81
46
88
218
40
14
175
126
198
147
191
229
238
169
244
108
227
171
38
6
88
119
42
194
46
46
152
59
61
61
154
63
253
131
120
229
90
180
90
19
203
6
227
179
5
124
166
16
35
78
24
107
229
3
212
119
244
227
227
20
225
36
96
63
119
250
126
251
90
21
173
24
65
58
250
6
199
20
158
79
175
223
5
89
154
37
75
144
193
197
250
41
154
92
125
199
168
203
126
255
61
4
191
46
68
227
227
113
24
119
113
47
43
93
119
244
191
144
181
191
167
254
188
24
34
175
129
18
93
173
186
215
81
205
217
96
37
152
24
78
41
241
13
218
113
41
171
212
129
21
217
125
244
24
24
16
93
113
49
147
229
37
96
207
251
119
254
244
234
4
20
93
226
142
216
41
195
87
20
20
24
