170
253
184
83
83
195
80
146
170
195
135
195
205
19
80
170
146
88
138
256
55
84
176
115
215
205
80
11
170
211
52
80
80
204
154
80
35
80
256
121
205
146
256
120
182
228
7
195
203
60
6
240
36
29
83
249
256
83
166
198
136
11
89
95
256
220
203
80
177
95
88
170
256
198
230
186
114
100
223
187
7
84
183
182
80
14
198
74
169
198
55
180
230
230
31
184
183
80
80
39
102
211
183
117
198
180
7
56
14
203
89
35
117
178
80
54
32
27
235
146
225
32
146
240
184
39
170
89
31
212
29
89
170
111
203
88
32
166
166
51
33
40
29
74
89
195
117
226
199
36
256
120
80
80
90
33
166
2
178
80
215
146
235
80
109
80
21
186
67
35
153
166
39
42
33
190
117
59
80
33
252
80
88
84
186
76
35
32
253
3
65
3
182
80
177
79
237
80
174
226
80
179
55
140
31
90
154
14
80
166
186
211
221
224
39
142
140
166
67
65
117
186
14
212
88
67
118
89
40
67
129
174
186
146
251
38
67
172
112
235
13
170
8
80
65
9
7
179
187
253
170
11
242
223
118
65
120
67
172
80
199
166
190
196
183
237
186
174
40
65
114
186
190
177
80
139
141
114
3
198
31
40
211
253
80
58
166
21
256
117
84
39
122
237
88
146
51
190
130
80
118
25
80
31
84
196
151
3
64
35
92
177
64
166
31
169
35
197
94
172
71
3
112
114
237
193
192
166
33
211
29
212
88
106
140
10
256
230
230
205
31
2
203
124
105
136
46
92
239
10
203
80
31
35
106
140
31
146
25
226
175
7
195
256
138
80
100
194
31
176
86
22
230
35
220
70
53
128
59
198
229
256
64
232
59
128
80
137
80
223
238
80
219
166
256
83
106
64
201
58
239
40
195
186
250
145
110
11
73
31
76
121
34
80
196
176
240
62
159
25
135
64
11
51
231
7
135
94
27
141
73
176
176
35
196
164
117
112
49
172
256
223
176
86
10
191
26
104
248
25
29
10
114
10
240
31
157
31
198
10
169
242
256
31
170
112
220
186
190
151
50
226
217
176
170
80
201
74
25
140
108
76
226
40
64
190
105
54
41
53
33
146
31
46
25
92
95
151
32
6
83
33
29
106
190
154
238
249
163
190
162
31
189
134
123
48
82
10
73
117
74
172
186
240
159
199
74
31
65
58
235
241
32
235
240
192
13
233
89
186
1
91
186
186
10
136
170
170
203
13
77
35
186
131
240
106
176
238
186
10
81
62
61
237
196
186
170
25
106
218
95
212
35
187
222
236
135
86
223
196
190
117
231
33
146
169
252
223
183
229
80
51
256
22
110
73
240
189
239
138
141
244
65
203
239
249
103
123
92
203
196
80
86
64
241
8
228
240
146
182
112
169
185
27
112
31
256
10
176
73
114
166
130
241
25
190
3
65
228
222
110
96
166
183
207
31
228
138
210
203
110
233
163
60
15
80
102
215
117
171
105
194
91
77
241
121
118
103
169
42
105
179
189
197
80
102
67
137
115
91
186
173
251
153
240
136
31
153
239
91
74
181
140
157
80
112
185
236
221
86
36
231
95
251
22
81
18
95
79
73
204
104
10
115
239
137
112
130
86
13
126
65
69
238
185
237
179
54
130
199
215
15
176
56
210
214
88
186
42
244
223
3
85
8
74
211
157
75
25
157
59
214
215
13
222
124
201
228
35
13
67
80
245
163
115
196
109
115
32
186
126
35
186
80
167
239
59
92
184
184
76
240
251
141
238
141
10
110
138
211
35
52
170
42
10
21
241
140
25
203
183
31
230
98
25
104
89
163
136
212
220
31
89
169
215
22
46
74
256
207
73
32
11
194
88
34
241
153
95
131
205
166
31
88
244
96
137
96
190
73
256
196
25
113
242
75
224
75
130
106
31
74
228
213
73
136
256
225
256
228
157
73
11
115
184
158
235
15
221
137
112
28
139
88
163
121
44
140
193
52
251
84
249
213
14
255
169
13
63
151
112
63
242
250
25
31
221
140
109
43
144
256
237
80
75
1
32
80
83
240
147
252
157
88
23
73
203
147
25
253
2
69
252
146
207
248
104
214
70
77
130
192
252
80
220
249
138
190
60
214
31
74
86
134
79
12
222
195
204
242
255
35
86
88
13
56
243
176
138
22
7
31
52
250
106
140
131
57
255
35
27
131
25
110
220
183
250
105
193
91
113
18
105
161
242
236
176
240
195
108
25
15
31
35
40
31
150
161
157
88
236
28
83
18
77
73
193
52
186
252
100
27
131
13
256
228
166
32
195
157
202
203
36
159
214
237
189
202
252
178
157
219
194
205
105
202
256
176
33
110
256
54
231
65
84
49
40
33
121
77
73
72
91
167
88
170
225
204
127
189
147
84
202
230
227
72
203
86
121
127
15
124
60
236
116
88
32
25
31
214
13
244
96
202
238
50
121
25
252
155
25
237
50
105
110
173
148
4
188
42
42
202
25
228
247
88
109
77
116
163
213
212
76
88
19
207
83
237
145
123
169
184
139
144
54
144
117
84
27
100
206
166
221
230
212
136
157
102
204
204
192
52
10
40
219
202
151
52
230
158
96
186
123
25
236
106
170
121
189
256
150
49
25
5
13
15
46
61
22
60
80
190
19
216
240
72
256
131
35
218
251
15
25
104
178
42
212
213
161
196
89
43
237
86
97
189
143
150
102
106
82
57
31
54
27
72
53
186
241
214
144
176
216
204
73
182
122
238
1
77
230
1
83
248
32
72
96
31
32
132
125
32
244
184
31
50
256
31
15
248
222
83
11
72
153
115
1
32
53
213
154
134
15
63
237
151
252
91
34
218
45
174
106
88
43
11
220
45
170
83
73
149
204
232
250
236
218
217
230
63
134
249
158
44
91
105
39
18
211
79
124
102
250
88
212
236
41
161
117
214
214
184
99
31
99
54
82
31
237
253
74
176
222
157
49
117
116
110
88
90
77
25
146
226
58
67
236
161
176
252
48
170
88
6
190
220
3
239
169
31
252
42
76
212
250
155
23
126
229
77
112
249
155
134
79
78
77
39
56
63
10
39
157
27
253
204
67
117
124
164
204
219
97
41
10
179
148
42
129
184
35
215
163
177
45
250
240
19
190
110
45
232
66
120
42
249
74
159
25
139
25
232
1
23
223
213
12
161
39
108
78
88
117
114
110
56
230
13
73
178
2
44
237
149
236
201
105
116
121
138
73
103
42
45
40
169
162
256
202
82
103
207
221
72
86
124
183
161
220
150
232
250
219
42
72
42
2
108
175
108
214
232
149
229
215
120
44
34
140
189
232
230
256
237
39
176
146
105
95
249
74
104
230
63
104
237
237
28
85
45
130
52
39
10
186
220
73
25
32
52
117
214
229
51
25
39
37
110
33
189
207
88
121
91
220
110
77
53
184
115
207
83
212
57
31
91
163
42
16
85
12
73
145
34
239
130
81
84
52
104
253
161
110
50
204
12
217
208
223
104
118
125
1
45
202
53
78
82
42
15
23
124
212
252
35
237
31
170
136
223
248
159
110
236
1
32
196
42
33
104
77
106
131
76
128
37
117
174
39
72
202
64
32
117
32
76
250
139
25
45
53
72
72
250
235
205
184
32
215
229
97
124
91
167
189
9
32
115
74
10
255
88
97
32
230
109
115
192
37
215
63
134
72
131
148
159
250
134
184
215
193
63
204
49
93
202
155
80
19
197
48
245
193
24
256
150
237
87
214
78
189
139
189
161
250
103
110
255
160
42
77
25
97
161
222
189
226
204
105
52
53
115
245
69
28
35
157
72
110
135
74
45
105
191
74
108
39
202
106
213
110
116
202
169
249
223
86
222
124
13
48
178
86
159
120
55
178
149
242
206
25
140
8
16
249
57
108
114
178
39
137
20
153
61
220
77
117
42
45
222
191
10
161
186
237
202
202
23
158
46
163
53
76
90
222
229
249
13
26
12
190
74
45
163
28
53
222
86
240
26
105
187
189
46
176
74
177
245
157
32
213
74
108
52
96
23
207
46
161
189
132
25
229
256
63
245
91
45
161
232
161
207
245
86
42
215
213
120
133
189
194
196
26
204
132
89
238
97
197
250
52
215
237
69
28
112
91
163
53
159
188
157
28
84
100
23
210
2
125
228
84
104
52
179
64
114
45
72
45
149
252
190
116
202
20
2
246
157
15
125
74
103
214
88
15
256
23
214
59
45
106
256
12
157
157
202
153
214
189
18
124
139
52
249
189
210
131
228
219
214
207
31
202
214
197
86
23
111
219
177
100
52
157
157
90
220
202
153
215
52
86
76
74
77
5
190
114
86
111
157
155
23
161
223
12
86
72
226
170
170
44
246
57
188
213
213
148
148
69
86
202
171
168
26
149
179
41
163
213
26
255
40
18
55
73
159
159
44
116
203
48
100
33
110
213
88
32
76
171
45
37
155
88
45
161
213
202
16
107
71
106
159
136
12
48
153
70
34
95
168
230
229
99
86
240
196
110
53
23
157
59
184
125
106
72
132
121
26
23
104
1
56
142
213
24
230
64
237
172
221
161
23
23
157
158
256
150
106
214
52
9
52
172
56
215
23
23
40
106
171
218
70
82
149
12
130
120
133
2
52
159
197
26
58
120
202
159
213
218
202
224
23
42
202
157
84
23
148
155
189
237
57
113
213
162
82
238
197
157
149
215
86
232
240
163
48
124
56
157
158
228
189
88
45
237
155
153
48
190
155
213
155
82
133
178
82
12
148
157
163
82
4
13
82
15
161
178
228
12
45
163
56
184
95
45
48
45
148
218
163
214
148
215
157
79
56
155
53
249
148
178
13
72
104
63
82
6
159
155
45
255
157
157
82
12
82
215
48
48
82
56
86
157
48
