225
96
225
96
51
230
225
89
29
51
205
75
228
230
126
98
95
140
117
178
191
147
178
194
50
178
67
67
191
242
230
54
62
162
62
225
106
199
162
203
50
75
153
85
143
191
220
129
199
243
50
182
136
22
169
88
54
67
126
115
62
129
226
71
51
165
126
117
242
243
230
84
214
51
66
215
126
196
242
71
58
45
129
177
136
99
166
164
165
175
34
9
152
112
194
143
7
125
143
60
212
194
162
42
16
165
143
165
73
66
60
224
128
140
81
129
199
62
39
162
121
52
240
125
59
203
50
231
172
151
44
151
67
26
125
33
74
133
77
172
60
214
72
7
175
209
27
232
201
125
254
243
69
18
26
244
59
216
140
72
69
166
204
172
232
214
166
235
172
230
153
98
235
143
125
186
85
84
14
125
72
162
162
187
237
36
97
69
230
44
84
153
243
90
218
157
230
9
85
184
36
60
143
66
163
136
123
37
126
162
50
155
96
52
166
251
71
1
31
37
136
51
60
69
212
125
99
160
125
112
123
74
185
192
85
183
81
80
199
54
162
76
81
123
1
249
230
120
60
48
42
166
10
155
155
184
85
84
125
20
121
155
160
209
155
195
162
186
37
189
161
9
197
155
74
55
153
232
161
74
237
153
218
209
161
189
110
60
30
178
214
70
165
144
184
234
54
144
177
161
178
42
144
218
99
51
140
8
197
196
186
19
133
218
185
1
146
72
195
40
120
235
1
107
81
232
126
82
204
30
113
73
143
178
128
197
99
177
112
208
133
109
81
143
99
165
128
23
62
250
175
16
109
149
165
149
165
232
232
232
191
165
23
165
250
242
8
76
242
126
51
232
218
144
115
62
50
49
51
133
230
51
159
112
220
225
246
82
106
133
99
223
23
123
50
42
244
99
72
133
178
148
23
72
184
60
159
230
53
82
72
232
157
23
30
81
140
123
161
188
131
82
53
161
20
27
50
23
41
144
161
62
16
23
78
82
161
72
161
209
161
20
218
163
208
204
131
197
72
9
176
191
49
175
228
220
76
15
209
99
197
82
152
209
78
165
177
173
23
148
76
218
20
160
5
143
97
235
97
64
183
207
157
148
120
71
62
144
133
133
48
97
140
19
73
19
23
104
139
226
72
12
19
64
20
4
230
163
152
22
40
82
73
213
196
32
72
99
125
204
20
20
63
218
159
213
230
63
84
77
213
232
82
163
148
157
52
82
20
197
102
50
175
97
82
126
120
4
48
155
82
69
20
84
148
23
89
15
30
50
149
62
197
126
235
84
48
23
21
31
91
138
161
197
197
197
197
69
119
49
83
55
23
197
161
95
53
232
133
157
85
151
1
40
193
53
23
115
15
214
187
234
166
115
148
250
134
36
197
53
119
44
26
197
55
204
163
112
53
23
50
163
86
197
82
98
244
214
49
248
48
148
112
38
62
189
48
231
128
213
221
162
105
143
194
113
159
197
91
49
98
6
72
204
169
82
213
152
176
202
197
155
174
133
169
120
21
180
133
7
20
176
125
79
148
247
213
244
99
163
111
197
200
237
171
54
231
15
125
244
125
45
27
197
184
244
152
49
231
244
48
127
213
232
68
242
231
214
154
234
183
213
149
103
111
256
213
235
228
27
99
120
53
218
