116
7
75
130
64
209
180
38
190
237
135
243
28
138
75
194
38
50
36
228
130
244
184
83
38
89
236
211
14
244
65
209
64
169
64
88
104
180
191
17
7
61
140
244
138
135
203
106
40
95
169
71
208
106
61
166
122
106
149
166
144
105
190
250
205
208
244
186
239
81
71
74
144
248
50
55
42
144
25
180
194
46
204
61
38
176
231
130
138
166
89
190
36
83
243
165
237
249
35
3
240
181
243
127
169
183
251
34
248
7
97
206
122
27
256
65
190
97
7
229
40
107
205
162
128
96
190
104
27
192
139
144
31
1
54
11
229
225
231
256
88
248
98
145
96
138
83
44
164
97
169
157
101
10
110
233
180
121
89
115
190
136
42
185
35
21
13
256
61
186
138
80
121
6
84
231
185
242
61
236
180
11
105
33
205
145
236
190
256
190
191
65
248
231
144
250
242
243
144
105
219
6
87
196
100
175
187
130
94
231
169
89
219
180
121
228
169
20
49
203
248
187
14
108
108
167
35
88
110
121
65
107
229
166
122
65
105
19
141
138
52
93
249
25
239
17
141
8
223
146
18
41
171
253
97
236
72
253
52
87
97
83
128
229
83
238
74
10
104
229
144
223
112
190
233
64
37
169
252
138
112
175
250
253
64
202
121
72
192
178
192
236
31
122
93
249
111
250
198
91
240
98
120
253
108
172
114
11
65
69
73
24
253
247
64
238
227
27
144
65
35
223
58
35
6
91
228
195
190
164
236
97
219
65
11
237
173
63
110
252
25
108
25
202
174
133
63
31
147
242
65
136
139
178
205
67
243
138
84
66
83
213
75
53
250
231
16
42
37
145
190
170
112
221
242
253
19
221
163
190
20
169
246
63
230
46
179
24
133
15
237
54
140
5
90
150
236
64
144
215
253
88
143
251
96
164
194
79
183
136
2
248
112
89
71
141
193
93
103
91
194
251
254
202
242
79
55
222
190
105
84
116
121
62
66
86
208
108
150
14
97
248
54
134
19
88
65
64
145
215
203
63
73
66
210
252
50
64
250
179
169
34
93
80
35
89
248
253
103
101
78
105
250
11
9
75
233
237
195
180
222
64
194
64
230
180
194
55
139
203
91
74
63
250
96
7
103
89
217
178
228
93
229
31
54
133
8
32
169
43
145
52
190
211
25
203
131
171
89
64
52
151
63
42
107
8
149
104
26
54
182
208
210
34
144
229
108
104
179
223
25
175
110
228
27
64
42
21
171
219
121
13
102
33
32
219
252
205
249
65
65
246
25
181
170
8
176
245
65
140
16
244
14
76
38
74
83
88
14
166
33
204
6
130
74
169
252
253
169
58
2
256
3
101
64
127
91
102
76
37
184
28
136
211
203
134
47
192
76
128
175
110
122
186
147
248
14
233
170
142
248
64
183
253
210
1
220
25
240
147
29
211
62
170
237
169
185
215
144
37
10
24
97
243
202
170
228
108
135
238
25
227
179
34
5
108
158
153
83
92
219
173
144
65
123
236
47
166
211
191
91
242
251
97
121
25
14
134
240
203
166
248
102
153
243
229
121
203
202
75
239
54
205
112
229
182
223
143
55
88
43
31
144
203
179
222
230
62
96
56
187
37
207
110
201
128
158
105
250
14
10
217
42
102
10
37
110
75
206
187
64
8
72
167
150
49
110
184
18
96
145
108
201
213
219
167
187
222
64
164
222
252
211
220
10
228
96
196
170
29
139
64
122
8
186
91
57
196
115
195
240
143
37
103
217
78
26
201
5
236
25
47
256
180
34
37
7
9
183
154
212
45
144
175
245
116
52
145
230
248
110
17
150
90
16
61
25
34
21
137
83
74
252
198
24
205
103
141
170
19
5
144
32
248
183
190
198
40
64
91
96
90
65
174
250
175
86
24
5
3
169
175
103
13
150
236
250
34
89
139
31
31
11
222
95
74
256
83
20
25
241
176
104
19
142
63
34
201
33
34
168
5
251
37
31
194
248
11
110
205
178
141
90
229
169
250
190
248
154
179
35
170
95
130
102
131
105
198
236
65
52
218
32
64
18
248
73
76
224
16
112
13
210
226
25
181
110
55
122
169
223
241
63
170
205
108
190
64
249
240
230
71
19
171
24
187
35
47
179
46
65
228
128
190
250
168
217
229
240
170
13
101
210
25
108
228
104
69
183
224
103
62
164
102
227
5
121
160
208
203
164
235
62
97
199
65
233
121
71
140
196
223
133
219
191
121
130
243
236
91
153
252
220
183
142
39
181
196
76
55
220
221
115
195
194
169
175
183
89
158
200
103
244
235
213
222
227
125
198
33
206
251
157
71
75
70
200
169
139
128
191
154
19
185
11
18
159
35
35
175
91
240
183
176
201
164
96
190
150
190
53
202
10
144
55
121
93
190
190
136
63
167
89
229
222
201
112
166
158
14
130
168
56
128
238
179
236
188
221
138
59
65
121
255
223
252
64
103
251
256
164
130
116
54
253
2
25
87
89
56
31
171
206
121
238
153
1
226
129
13
17
221
194
169
214
196
47
219
214
214
41
62
93
81
240
147
89
62
30
201
2
245
142
154
105
180
26
250
252
67
107
155
82
6
34
18
111
240
43
34
173
201
7
250
203
238
65
122
5
83
191
43
235
8
244
73
57
136
164
88
169
47
203
190
147
167
190
180
180
203
169
212
137
181
144
76
235
28
198
83
241
128
201
179
20
137
34
19
222
34
28
161
240
236
110
91
229
67
74
96
19
201
195
71
58
179
38
238
144
160
196
217
111
222
203
13
201
194
21
217
256
190
248
81
205
2
37
220
37
147
47
4
2
220
108
219
94
110
28
75
169
125
18
170
222
55
256
102
84
253
83
34
183
175
65
39
129
136
107
231
8
154
25
64
203
14
251
248
164
187
35
101
35
8
6
180
180
212
201
55
186
170
35
8
145
40
18
108
19
32
108
182
24
123
38
170
143
229
91
126
110
211
65
21
24
95
235
90
139
116
21
240
239
238
184
139
250
76
2
236
8
128
242
196
253
74
110
8
221
201
57
94
8
240
132
170
211
180
91
91
140
137
102
108
24
142
147
256
109
136
64
201
13
160
169
11
153
177
32
94
102
236
179
94
194
108
64
43
1
8
239
60
5
50
88
93
98
219
210
25
14
248
8
144
180
19
222
25
103
39
190
103
142
61
76
2
83
249
93
250
89
167
186
222
109
196
35
137
93
46
108
252
230
108
172
182
37
19
236
145
198
169
39
14
170
108
64
140
242
46
34
206
78
164
35
145
219
144
50
182
54
256
241
169
56
191
174
34
103
167
75
214
6
63
169
52
138
194
64
241
171
96
137
249
83
201
91
65
228
37
147
147
61
123
89
170
55
239
52
238
31
96
167
13
193
137
175
171
52
65
139
61
251
241
198
147
72
89
203
210
214
253
230
13
76
253
166
108
91
198
39
37
83
190
74
19
195
147
3
89
241
65
153
198
26
147
171
204
201
103
147
205
171
142
20
207
156
67
203
116
8
2
212
83
145
229
147
252
87
180
71
125
95
182
205
82
147
169
129
182
8
79
166
224
221
242
127
91
34
242
91
170
76
199
79
4
120
227
51
190
210
180
122
217
167
49
168
109
139
192
65
65
116
178
236
180
159
38
34
250
130
182
46
253
252
214
250
76
42
34
184
55
92
222
88
193
169
75
249
75
64
122
129
175
103
82
88
190
125
252
71
14
14
78
4
24
103
103
210
93
241
46
93
93
34
201
94
14
66
204
234
248
14
133
142
229
6
108
252
221
195
18
32
116
180
108
219
37
170
158
73
116
122
65
211
162
240
11
160
91
14
252
37
169
11
52
95
13
76
31
179
34
122
256
22
92
96
14
96
215
193
201
186
120
57
233
96
32
218
38
201
241
252
120
170
1
203
242
134
169
93
252
140
47
181
2
156
170
106
190
158
115
50
103
46
87
145
186
201
202
154
167
183
89
219
231
65
90
58
247
124
147
96
201
121
250
76
231
2
24
170
132
183
34
16
194
136
173
169
41
137
29
168
96
214
116
41
232
78
116
222
203
28
74
180
140
190
83
142
35
201
76
239
194
8
19
194
30
117
170
46
121
52
65
210
13
116
101
170
101
61
39
15
172
242
71
121
22
248
248
63
76
58
93
65
28
30
128
240
110
239
116
254
222
237
47
37
175
56
62
221
88
168
21
50
249
10
53
131
158
46
147
103
191
35
201
68
13
68
189
73
214
233
180
135
33
222
28
83
117
170
154
240
144
29
25
24
201
169
220
226
13
198
22
233
252
217
108
129
120
120
193
248
43
5
81
199
91
9
73
248
137
39
44
147
73
232
31
250
65
24
123
156
250
142
170
136
128
215
42
119
242
129
103
65
219
230
65
96
39
58
8
21
21
169
221
79
180
105
179
44
27
244
96
238
37
54
140
34
89
107
183
64
194
47
243
212
93
223
64
132
245
244
242
3
230
9
129
81
252
82
93
227
96
76
28
19
101
247
76
164
131
89
164
82
256
211
105
102
223
89
24
230
195
189
38
129
112
230
242
229
238
7
21
154
101
67
93
76
238
43
83
93
60
226
160
79
170
233
8
198
172
142
154
241
22
34
150
198
59
253
121
61
182
192
10
12
31
88
201
73
101
198
38
203
38
128
5
89
94
21
39
206
50
29
248
211
121
38
16
2
31
196
201
108
43
83
190
210
130
81
108
89
40
126
244
43
158
6
121
86
121
94
169
168
252
134
58
108
117
93
221
174
223
69
91
14
65
62
120
21
96
242
117
238
169
220
24
134
21
170
226
32
156
229
147
254
223
34
89
77
30
227
198
242
64
132
61
111
18
24
181
5
99
59
10
230
16
149
28
195
241
5
253
155
16
222
96
43
155
22
19
251
203
119
252
61
46
65
39
88
201
58
221
179
237
91
2
99
142
129
96
96
64
183
34
167
99
248
87
27
216
97
172
141
230
203
167
238
169
248
46
206
149
96
201
34
35
134
147
35
65
4
13
238
164
153
49
109
253
63
88
159
94
214
190
219
222
238
5
19
132
144
109
210
103
108
199
230
89
102
170
250
156
14
240
195
101
170
206
244
43
151
250
203
128
16
126
71
65
34
204
24
82
86
145
121
24
170
47
156
210
240
222
28
32
13
174
84
134
21
6
253
225
226
164
110
149
76
250
154
59
73
68
64
124
57
178
138
72
153
62
21
88
41
154
240
203
184
5
180
230
91
76
252
193
64
6
217
144
227
235
241
180
238
219
244
110
133
253
248
232
180
119
50
65
158
238
38
170
204
233
248
250
170
242
68
103
38
149
65
240
42
19
183
175
253
186
183
182
65
73
201
140
241
247
50
37
19
133
153
82
170
145
69
141
203
93
144
200
120
248
241
206
110
241
229
221
103
18
53
190
222
237
229
8
47
223
85
203
43
244
253
15
248
35
170
64
237
222
62
15
145
119
171
24
129
138
222
185
8
194
229
135
227
138
49
14
195
245
170
101
35
138
252
124
203
99
146
178
35
30
86
72
256
182
64
114
65
227
5
89
167
96
170
171
89
117
48
5
109
35
159
19
206
47
161
183
102
55
8
45
24
195
117
11
226
46
4
250
198
197
222
167
203
247
245
247
114
45
195
108
219
11
32
23
96
27
212
187
252
229
23
71
128
181
230
38
103
158
46
159
86
96
169
174
245
95
45
103
8
109
118
236
78
223
81
252
30
50
170
155
57
103
169
168
104
156
107
152
135
199
65
156
87
78
86
95
150
31
229
46
230
167
238
158
101
169
192
169
22
93
219
60
82
43
24
223
187
158
10
101
190
89
169
153
178
42
109
236
237
159
192
24
178
142
23
196
237
58
242
180
207
170
23
23
170
34
250
207
159
155
200
24
198
71
229
43
157
248
73
222
222
253
17
161
101
170
243
105
114
245
238
64
158
256
102
73
89
35
32
184
13
196
212
3
238
82
56
178
168
47
8
207
201
171
171
114
190
28
73
132
190
25
27
135
74
144
232
252
88
144
25
236
236
237
35
91
184
32
43
19
40
89
146
72
124
129
163
95
238
81
90
27
43
255
140
153
247
215
237
123
89
83
178
8
75
193
178
195
223
78
72
221
82
250
229
32
8
103
239
163
75
123
144
190
37
64
91
66
108
24
40
18
11
54
247
69
179
121
31
150
70
216
180
198
58
231
161
247
115
95
5
242
19
43
170
19
140
221
187
245
62
192
91
22
231
49
96
19
65
172
215
120
48
117
62
245
8
192
73
182
25
167
242
26
74
17
64
198
117
167
74
5
104
93
217
96
34
32
31
247
159
32
63
74
155
43
19
48
169
44
253
159
202
70
35
42
130
31
161
157
57
39
214
232
55
235
134
157
160
148
49
163
235
42
69
94
214
49
134
158
167
129
91
210
190
218
249
159
214
31
189
25
19
57
42
57
56
149
48
115
76
124
230
155
134
72
167
213
78
195
163
163
190
53
221
26
213
22
161
53
117
186
238
26
117
115
53
256
82
157
105
149
210
19
237
232
215
192
195
115
44
82
31
155
42
163
70
235
115
27
44
26
250
198
153
56
117
45
53
56
149
133
160
149
214
218
178
48
57
192
117
45
247
33
232
133
115
48
134
49
12
53
56
12
189
32
10
34
203
42
86
237
32
163
163
163
102
134
61
161
192
192
10
196
124
131
39
53
53
157
