123
123
47
172
47
123
51
126
126
212
126
98
27
160
153
128
127
151
126
126
253
94
153
126
221
73
73
80
80
26
240
47
220
49
214
147
3
49
51
208
222
97
108
230
27
126
51
222
244
7
153
88
44
80
160
154
80
51
138
126
138
27
160
95
106
44
96
188
236
165
192
59
105
36
165
196
74
126
220
126
199
176
126
167
145
165
138
126
80
31
3
220
182
45
87
75
75
126
166
92
166
10
222
211
62
111
224
122
253
110
141
165
84
182
165
182
246
126
115
80
155
55
8
166
251
96
126
160
112
182
55
206
182
84
31
242
106
118
190
154
202
166
248
208
8
55
98
211
80
112
29
138
112
123
5
51
29
181
123
21
151
55
126
29
84
163
194
182
106
163
41
84
80
248
87
238
29
103
242
181
214
123
98
80
51
87
126
52
214
112
98
205
123
128
170
127
209
18
27
166
212
7
197
87
84
29
230
189
205
112
146
251
249
8
163
123
66
55
84
62
194
162
224
112
74
67
112
8
127
169
112
106
84
163
51
244
120
52
126
159
204
162
82
62
194
209
29
153
248
123
155
208
86
153
123
126
95
7
8
254
128
211
80
146
221
133
51
161
8
146
61
231
143
84
202
243
71
66
218
209
126
153
126
202
200
165
114
52
31
22
212
143
41
143
146
163
177
178
63
239
209
98
162
182
214
136
157
89
18
146
95
98
166
239
168
147
21
27
164
87
143
112
225
83
18
231
184
230
126
128
62
177
69
98
239
177
73
98
252
84
239
178
163
8
239
165
212
71
115
157
143
98
88
84
231
51
251
74
153
85
163
252
51
74
143
98
31
231
208
163
225
177
168
253
239
200
98
95
167
153
164
208
109
98
74
128
171
55
205
211
237
97
239
126
225
231
160
61
120
143
114
251
89
27
18
239
144
173
86
98
243
157
202
231
62
112
9
50
68
143
31
98
162
178
152
208
153
230
163
208
79
8
217
205
51
151
139
73
67
151
65
126
44
251
160
143
105
232
176
218
66
204
239
151
220
202
163
121
51
80
157
173
200
173
88
184
251
216
202
151
157
86
173
163
140
200
115
161
140
200
143
200
74
254
225
165
18
74
234
21
94
230
86
74
209
8
213
253
118
157
215
151
237
160
163
165
18
215
200
74
222
86
171
72
29
8
18
27
36
140
221
225
225
133
100
69
18
204
86
75
140
246
224
84
68
153
200
74
12
126
165
48
79
102
162
164
161
155
56
123
29
254
113
254
177
154
65
160
218
165
164
128
86
181
157
64
239
224
173
72
8
7
143
69
45
156
52
230
254
50
161
8
51
166
12
102
133
208
134
239
50
254
51
164
56
86
17
246
62
204
165
160
51
74
221
118
94
80
254
60
246
18
213
96
17
118
69
99
64
44
151
254
161
151
213
39
56
157
86
152
224
103
209
56
234
21
12
21
134
51
78
204
103
100
200
84
160
105
214
59
220
249
213
98
254
9
204
56
219
103
224
153
64
31
251
208
202
162
188
201
62
94
64
134
155
140
165
211
18
254
73
32
178
161
213
220
183
134
48
191
76
139
149
58
163
128
92
7
146
15
200
164
254
118
153
17
62
165
118
97
85
29
231
74
89
208
83
152
153
176
208
218
224
98
163
252
202
165
90
72
94
213
91
85
55
67
115
157
118
17
72
165
156
28
95
38
37
17
54
161
239
251
218
25
51
188
78
39
183
97
17
94
56
67
213
95
161
234
69
214
76
76
91
36
74
202
224
185
98
208
224
250
52
73
98
25
22
79
233
34
206
36
85
74
95
252
177
254
91
128
162
78
118
115
98
134
197
244
149
109
82
208
237
98
23
34
233
206
61
251
203
50
152
115
38
221
78
28
213
215
177
165
45
213
96
161
197
65
117
161
254
67
153
112
103
156
232
237
214
64
17
20
11
159
78
118
208
185
32
98
157
62
37
188
118
193
233
214
98
162
240
66
254
160
67
155
36
162
48
193
254
160
224
161
48
5
206
154
86
204
177
239
188
166
92
64
165
237
23
237
60
154
139
72
244
166
38
214
76
231
115
203
66
145
163
86
231
10
215
156
233
100
86
48
215
25
51
149
62
146
204
225
157
216
231
66
143
242
191
36
169
76
157
166
156
181
239
234
5
54
231
253
98
160
247
136
231
156
233
22
48
234
251
234
254
25
246
163
160
112
199
244
224
233
185
239
156
169
79
189
155
162
233
34
67
81
202
17
168
143
149
4
133
81
160
163
34
81
52
254
146
232
156
207
216
71
190
231
193
210
177
67
160
81
102
240
174
254
166
84
59
160
63
74
81
74
96
65
62
34
34
81
200
244
160
54
255
7
123
34
200
122
177
216
58
81
233
254
255
251
152
148
86
146
62
218
65
23
126
160
34
216
34
81
189
156
19
74
90
254
57
156
230
244
57
152
170
146
153
201
234
7
177
57
255
122
81
20
99
105
224
219
82
221
174
81
120
62
50
160
237
4
223
57
158
102
153
3
149
216
209
244
26
44
81
61
41
8
94
216
34
81
119
234
218
74
100
49
198
57
57
242
216
231
156
83
115
139
81
126
121
156
149
111
231
231
153
233
191
242
26
244
152
181
216
7
156
115
156
244
248
255
213
81
156
168
199
197
159
99
216
255
152
81
20
124
225
239
125
212
81
191
18
71
100
175
226
81
244
4
153
220
185
81
188
83
41
125
233
159
207
9
168
125
255
62
107
34
96
21
44
34
120
106
37
248
63
188
57
156
75
53
158
194
47
174
81
255
49
58
107
20
194
236
62
195
198
81
125
125
234
54
156
126
25
167
185
254
98
60
120
254
96
106
20
117
151
47
168
206
254
122
224
48
47
233
254
254
255
158
149
124
105
119
234
156
168
233
81
113
149
57
232
156
5
156
26
197
155
34
120
181
125
19
57
20
255
57
151
148
207
215
120
121
52
63
235
120
245
179
81
173
106
156
158
202
119
97
8
62
23
15
233
23
7
7
94
69
117
198
111
191
49
235
254
232
149
200
5
8
7
60
233
50
231
82
63
63
208
116
152
7
207
38
254
204
254
234
154
12
134
242
43
194
151
184
200
244
117
184
20
145
15
44
157
178
56
233
150
157
63
131
117
129
207
120
167
233
249
179
140
158
82
117
63
149
69
193
233
83
168
233
152
133
63
254
152
233
254
102
8
35
15
79
104
15
152
113
66
116
84
221
133
200
213
200
140
114
78
148
139
151
111
131
191
168
85
47
152
160
68
7
200
54
221
188
7
193
15
188
242
160
254
173
200
221
168
207
4
100
154
199
197
234
200
28
152
82
64
188
98
148
123
254
72
255
82
157
124
221
89
228
44
156
186
171
197
254
228
4
254
100
53
157
255
170
200
168
119
31
82
107
152
161
200
203
207
20
56
131
72
200
111
255
200
25
208
124
108
217
104
4
200
173
119
