40
40
138
138
40
229
129
138
11
129
138
40
65
183
65
129
186
186
40
247
122
6
250
95
54
129
28
54
28
122
95
122
127
28
28
114
37
37
54
216
216
243
127
28
154
122
6
28
243
174
28
28
174
7
216
37
154
122
243
122
174
216
122
82
95
193
168
212
175
37
174
82
97
247
216
245
174
245
37
127
216
187
208
136
129
208
206
193
128
99
99
187
208
92
136
206
168
107
30
241
216
183
206
174
83
206
216
36
217
208
83
99
65
241
65
37
122
109
216
197
216
21
216
216
49
241
152
113
217
83
49
205
15
152
14
217
92
97
65
49
175
14
160
40
122
7
14
37
15
168
212
97
144
174
243
112
174
14
37
194
53
247
97
175
37
18
216
245
174
229
97
87
168
228
113
168
61
24
68
250
97
132
9
113
229
107
77
54
229
68
120
43
24
97
97
24
241
37
171
6
119
184
46
150
37
97
188
71
120
188
125
171
93
211
82
59
189
183
124
120
4
13
59
228
171
183
235
68
37
82
182
78
183
235
168
54
2
78
92
138
250
167
37
88
245
229
37
235
155
88
68
77
66
82
37
37
113
120
58
228
78
217
37
241
168
113
68
58
120
247
77
231
