166
88
205
67
88
231
194
205
206
160
95
194
205
166
182
239
231
67
165
20
88
243
6
40
239
6
194
237
41
21
234
243
160
237
166
239
239
59
243
237
164
253
6
156
21
59
20
128
14
194
146
59
248
110
7
87
208
97
18
191
83
15
175
6
113
164
204
127
211
150
10
87
211
239
136
144
47
63
166
93
69
248
125
18
150
18
59
54
145
231
106
109
75
97
10
12
22
253
147
21
10
189
83
229
205
7
231
143
41
191
175
106
54
126
186
228
235
75
228
145
127
213
172
172
56
97
225
194
111
121
7
104
144
178
174
182
44
165
88
125
186
121
239
205
27
237
107
150
42
63
229
15
194
186
184
195
213
90
111
172
184
239
121
186
20
209
121
63
205
26
104
174
152
47
47
7
121
36
125
20
225
107
83
24
169
106
106
47
243
205
85
84
27
36
235
205
52
159
75
14
66
188
189
243
107
218
194
65
147
95
229
121
184
151
132
226
25
99
226
194
36
25
75
239
204
138
63
3
230
54
12
145
158
55
175
144
21
76
244
119
113
226
84
103
76
81
63
177
40
195
235
225
248
47
74
143
64
180
12
103
171
174
158
102
137
215
205
219
140
26
204
235
26
4
235
51
182
194
227
95
86
75
248
150
103
95
63
87
12
236
134
143
16
66
115
160
71
122
75
150
102
88
190
21
219
208
237
31
51
116
98
85
189
229
126
226
66
215
85
140
28
108
253
25
139
17
13
126
162
138
143
62
143
230
208
150
183
182
77
107
64
57
235
8
88
143
81
143
211
18
208
160
17
128
156
243
208
91
141
126
125
34
181
208
239
58
60
239
206
208
102
184
243
122
17
253
169
73
85
82
175
29
84
140
189
29
118
219
71
251
134
71
13
243
152
71
12
139
203
251
92
108
129
67
205
211
152
245
150
63
140
194
62
99
174
103
40
27
152
211
13
214
185
186
167
103
211
225
32
224
118
125
175
237
243
204
206
26
245
37
4
32
148
21
98
178
235
91
144
209
211
75
50
229
250
12
209
178
129
147
92
77
77
77
184
243
153
129
147
213
37
37
165
239
43
189
243
128
29
204
229
128
140
27
224
138
5
251
73
201
21
229
73
27
122
146
182
216
24
67
69
243
242
16
251
209
37
37
209
246
185
135
103
238
224
44
75
69
235
175
75
135
41
153
75
148
37
62
163
205
28
75
253
75
122
49
122
67
85
211
175
165
70
148
44
184
167
175
246
203
8
222
128
138
98
190
25
209
85
64
245
85
27
153
165
214
103
22
148
53
133
194
5
97
105
27
209
140
142
182
164
152
87
71
85
30
75
204
149
85
41
95
184
204
221
125
31
27
85
160
246
214
118
209
129
49
118
164
242
118
30
97
143
209
22
37
27
75
238
80
34
85
37
97
154
65
204
213
225
91
86
67
145
242
252
57
92
175
87
15
174
87
98
213
151
133
7
154
72
158
64
151
243
34
217
5
105
177
95
87
190
92
154
176
152
97
41
135
155
209
213
14
108
201
73
183
107
41
51
77
160
85
82
13
210
25
77
203
209
54
89
210
87
235
166
128
252
22
77
156
143
54
52
49
81
51
153
86
208
50
75
15
28
49
207
153
86
213
203
128
136
128
23
203
190
63
131
140
112
255
167
81
10
156
163
148
54
25
155
166
172
37
142
54
209
213
99
98
21
17
245
118
190
66
62
10
118
52
85
138
128
54
171
149
69
76
19
126
152
99
190
163
28
231
183
26
242
8
32
98
67
168
183
151
47
165
29
63
89
163
29
120
255
171
184
17
109
47
45
18
127
208
203
47
18
105
32
152
54
64
76
62
202
215
245
127
229
199
73
127
125
126
229
115
51
26
15
140
29
246
149
116
199
128
120
155
74
245
36
101
121
71
32
82
97
82
66
26
143
115
47
27
68
166
15
253
45
81
183
147
245
105
208
21
19
73
52
133
15
155
243
13
105
50
245
133
220
160
184
9
199
199
158
153
197
83
75
245
151
24
82
208
220
71
28
204
183
71
219
220
163
86
163
104
129
118
90
43
113
54
147
147
240
163
12
126
86
124
47
88
36
181
79
217
86
43
136
81
115
232
134
155
236
111
48
22
104
168
24
237
134
79
114
140
40
52
242
191
34
27
142
86
185
4
191
134
224
22
91
22
109
181
168
145
40
16
123
132
232
138
186
36
163
186
128
26
50
81
48
108
194
63
63
97
110
168
88
252
83
200
97
205
200
171
200
254
156
84
78
36
19
21
52
44
113
50
61
224
160
120
225
66
156
34
82
152
83
183
225
34
201
105
8
207
105
140
159
30
125
57
237
252
104
4
20
37
8
159
105
4
37
193
34
216
105
125
167
48
