7
75
95
211
251
206
251
222
181
95
251
96
75
229
229
251
96
211
251
127
95
97
181
229
123
98
172
208
165
41
128
28
38
251
211
75
128
219
114
59
91
211
248
34
200
199
58
243
78
87
58
165
243
181
231
34
59
87
248
58
248
105
199
231
256
172
91
78
29
252
75
29
216
58
171
245
220
113
129
51
136
243
208
26
114
6
87
58
164
59
140
21
229
181
236
143
168
164
180
58
143
114
129
51
139
252
187
188
144
6
18
78
171
185
209
78
26
17
154
231
9
51
254
37
231
181
109
256
51
121
125
58
24
113
105
233
231
26
51
30
102
248
122
92
229
231
21
122
33
248
125
208
156
195
18
229
185
187
206
212
181
242
123
227
208
164
33
229
136
229
201
231
26
38
108
118
9
19
150
206
14
119
38
183
14
68
68
122
14
14
118
54
89
229
59
246
150
129
68
113
122
226
28
171
195
28
206
109
141
147
96
191
125
201
241
130
245
38
129
38
19
14
186
206
93
54
229
150
174
217
75
103
184
59
68
156
68
254
89
206
122
250
136
200
177
175
216
90
129
57
179
174
183
126
160
122
37
8
37
61
216
7
181
171
222
243
208
217
24
19
185
75
217
119
222
28
46
187
63
28
6
70
142
6
6
113
94
122
8
61
68
124
24
118
126
147
24
24
145
6
93
141
171
19
49
68
206
239
122
113
233
114
14
102
211
167
114
42
108
122
222
243
108
199
114
159
233
198
115
24
187
49
4
24
180
233
109
217
199
239
109
206
217
222
198
198
109
68
222
60
222
247
142
78
199
61
167
179
25
113
169
217
122
109
233
107
7
159
243
147
109
18
141
238
113
6
142
180
222
185
211
122
129
114
226
58
180
170
113
172
46
21
244
61
24
131
241
142
58
243
229
185
58
245
93
33
158
181
114
212
195
206
17
187
60
245
252
114
239
180
88
147
37
14
195
122
108
4
142
136
220
25
119
33
243
100
94
15
167
108
217
102
217
40
246
136
24
251
1
78
93
28
117
217
123
15
136
104
30
90
25
141
47
129
54
180
46
200
21
93
14
217
19
217
200
243
212
135
250
120
144
14
241
204
114
171
181
167
40
89
112
67
199
66
142
220
61
96
114
13
126
229
142
122
227
37
119
24
126
238
49
14
107
195
65
109
171
1
61
136
78
109
135
227
21
65
204
65
244
98
221
134
28
61
28
61
226
78
71
185
203
254
126
28
13
110
107
132
195
131
78
118
107
54
174
67
233
245
37
134
61
131
20
226
37
33
234
142
130
34
97
14
156
2
174
15
41
132
14
64
46
92
250
54
78
37
174
34
90
62
253
198
61
78
255
28
90
212
14
61
6
61
14
90
89
241
2
90
90
13
41
198
37
217
227
30
195
240
86
255
47
90
203
19
25
230
217
121
14
250
217
61
217
229
37
34
75
126
126
53
91
152
4
245
14
195
18
90
61
222
109
200
14
130
47
206
92
255
4
226
14
245
36
187
246
97
14
47
54
53
187
61
104
35
28
142
14
217
1
30
109
66
10
106
227
14
2
114
61
226
97
14
14
246
32
245
43
156
192
130
192
14
190
96
159
53
138
83
14
105
187
135
10
217
192
227
54
60
244
5
36
14
83
2
49
14
105
34
28
47
77
49
217
217
67
120
86
43
97
60
78
43
30
111
192
135
13
212
47
130
130
4
105
70
169
37
47
125
53
37
217
32
86
30
24
2
187
70
217
171
30
1
64
228
2
158
79
253
14
212
187
223
217
107
187
3
130
187
130
253
2
30
187
6
21
2
5
193
105
1
70
14
119
206
187
21
235
187
34
130
14
34
53
132
130
74
53
70
108
2
34
49
71
14
217
187
249
188
245
71
187
171
194
199
33
2
70
4
53
2
180
156
