103
135
135
14
14
59
131
195
160
30
14
55
80
195
88
126
134
236
88
34
33
59
7
210
164
179
105
38
237
80
233
247
247
44
126
134
35
104
17
247
196
58
140
231
29
237
7
100
130
52
87
73
83
51
39
134
80
26
60
15
2
252
238
139
73
136
81
67
108
202
41
39
139
14
21
29
169
223
52
180
40
247
104
88
59
33
154
104
230
202
7
26
60
61
104
248
30
28
97
201
64
60
31
237
33
61
33
230
83
39
104
14
45
245
140
38
127
33
44
236
47
38
44
256
29
143
237
104
236
230
205
252
65
177
32
76
253
247
38
108
143
211
162
174
18
231
187
50
193
17
180
208
84
207
33
236
111
104
247
211
228
44
30
222
131
101
129
143
154
38
236
159
101
50
47
208
18
61
130
76
127
159
38
33
70
33
84
255
33
12
105
130
40
235
33
247
210
39
86
104
52
38
42
58
110
84
89
208
117
115
220
77
67
84
237
39
252
104
57
106
256
131
230
162
131
19
16
42
104
228
65
33
79
256
33
237
250
181
90
99
189
108
178
14
175
106
256
178
40
88
101
104
6
138
247
256
18
90
90
183
8
94
219
76
176
235
216
74
189
110
139
189
13
44
39
210
174
179
170
108
38
207
256
18
131
1
45
248
59
75
245
25
186
182
237
40
35
74
42
176
32
62
17
42
35
100
97
253
143
108
170
250
214
37
33
216
252
77
63
84
216
104
13
138
47
211
244
205
248
222
40
167
254
132
115
32
218
124
164
131
16
244
10
242
52
94
70
185
131
21
210
138
185
73
137
2
6
101
153
24
69
191
33
110
197
77
228
163
190
18
18
144
9
241
240
247
29
211
230
29
33
189
109
39
17
69
103
144
17
44
255
183
104
218
9
210
225
204
170
162
104
12
12
166
88
54
256
247
197
256
46
234
205
254
99
218
70
86
163
25
178
12
52
184
148
161
135
245
162
216
44
175
60
184
140
160
176
245
105
146
211
194
211
196
60
226
3
90
227
119
178
184
178
57
157
174
24
95
234
184
52
52
12
28
132
212
111
129
172
115
42
79
256
174
104
104
174
84
59
21
84
211
142
144
240
157
189
196
12
31
162
5
119
106
9
61
184
250
253
247
134
46
99
32
31
19
60
153
89
84
249
103
77
32
135
58
124
174
245
152
140
212
31
65
247
217
29
157
63
71
18
100
89
192
13
94
58
163
94
248
147
52
164
179
110
32
189
224
48
15
90
139
109
78
77
204
211
208
164
129
53
242
27
35
33
69
244
3
228
221
215
92
255
85
12
103
153
176
151
64
189
88
104
240
31
86
176
172
242
247
227
128
205
117
37
98
94
158
109
3
171
42
180
106
64
162
192
85
46
121
214
150
250
77
148
199
100
164
110
181
253
131
94
199
58
25
189
38
37
252
101
149
247
7
249
62
114
199
137
74
76
186
48
58
129
77
64
32
32
125
31
139
228
3
60
99
131
217
32
176
129
48
249
14
12
233
41
190
161
240
189
214
65
65
195
77
129
169
178
10
176
252
42
41
117
97
121
158
238
157
26
161
202
76
58
20
100
215
176
132
129
225
110
170
99
165
156
214
42
74
107
99
243
164
182
244
13
182
142
199
93
77
112
89
60
55
36
46
149
31
10
21
184
222
221
232
167
53
236
101
233
109
164
142
77
53
38
186
13
37
159
212
104
109
38
66
12
183
152
142
52
247
72
223
205
35
240
159
101
52
247
148
26
184
24
218
153
190
109
240
26
12
170
229
256
164
44
190
60
121
205
124
32
134
170
241
194
244
231
204
37
117
235
249
77
38
132
26
216
43
253
230
110
105
254
132
139
254
70
50
230
247
135
194
235
153
50
83
57
239
86
169
64
231
218
214
148
237
57
215
18
107
83
91
172
124
99
2
218
228
142
10
235
248
142
237
163
96
149
198
88
98
1
94
45
252
132
37
38
155
119
26
240
47
184
33
158
20
219
201
222
10
65
256
114
94
109
12
146
109
223
178
134
191
35
191
237
178
172
38
250
196
96
24
13
103
48
127
122
40
109
178
244
244
137
134
116
32
244
151
109
13
65
208
192
178
77
134
252
231
71
240
116
77
202
164
13
24
33
162
10
94
123
134
46
131
137
26
215
190
26
218
184
149
132
111
83
28
25
173
109
239
221
216
103
88
185
181
58
114
129
199
96
250
83
61
235
228
18
146
229
38
256
13
236
90
109
119
74
239
163
192
23
229
20
37
101
46
33
237
168
198
169
197
53
98
61
158
15
150
155
234
38
24
249
44
106
249
21
65
109
83
174
101
228
220
178
217
178
96
253
190
223
60
40
204
185
178
10
220
16
158
104
227
10
213
185
190
83
42
136
124
234
77
121
24
176
202
88
42
13
215
125
155
18
159
61
88
21
66
31
228
12
101
64
59
78
149
8
109
195
91
213
163
200
106
90
146
205
217
24
146
36
98
137
180
134
153
155
157
91
189
77
233
59
195
116
155
219
90
161
20
79
77
22
74
174
124
112
104
137
98
117
66
96
86
178
170
168
235
185
24
98
117
158
255
25
7
52
20
32
204
153
74
83
96
233
88
255
247
170
178
108
245
152
109
154
250
137
174
76
26
163
58
233
233
232
154
61
102
127
69
25
149
35
255
180
200
219
192
138
187
238
93
227
3
18
36
212
131
142
181
51
93
255
107
205
140
48
141
32
53
144
117
254
214
217
252
106
46
204
2
163
135
49
235
127
58
43
109
256
88
61
109
91
182
58
48
42
181
151
132
83
39
47
157
91
242
61
255
206
236
30
217
116
135
186
239
223
98
65
226
141
32
99
109
138
118
48
44
204
132
89
216
13
174
132
172
133
158
104
215
83
202
87
137
181
243
164
38
61
43
21
127
116
203
134
131
131
254
145
163
124
94
48
213
109
146
210
73
204
133
6
64
149
132
255
1
149
235
138
219
6
28
148
229
48
42
65
161
58
105
113
106
72
20
178
231
216
229
74
228
187
9
43
147
225
110
86
203
172
184
161
124
219
27
70
150
116
172
184
38
74
151
85
30
149
95
121
204
219
163
18
219
139
244
77
215
180
85
63
112
224
38
124
172
172
102
152
89
99
52
131
38
72
236
97
131
248
110
31
131
43
194
238
191
219
232
91
110
164
110
31
87
231
131
248
254
228
49
138
154
114
13
178
20
26
158
15
74
63
15
87
29
134
44
210
219
117
237
256
186
88
248
203
101
202
58
83
37
6
82
169
227
101
175
20
182
158
20
210
255
228
99
104
85
60
150
104
104
47
133
13
24
78
58
105
150
86
248
81
205
45
53
178
77
254
71
242
129
76
145
197
178
131
81
192
63
82
88
233
217
82
26
203
32
199
44
53
26
253
142
212
145
112
217
119
156
159
224
150
227
52
190
241
14
254
159
185
132
164
248
131
229
140
103
61
72
32
109
62
211
109
26
169
12
109
249
164
136
116
35
6
109
12
64
103
109
58
161
75
203
123
219
129
203
52
103
93
185
189
195
160
159
252
132
158
150
13
214
44
76
157
78
130
60
82
216
25
174
73
103
58
248
72
195
211
221
167
248
15
134
83
254
116
82
69
77
242
243
16
217
150
10
83
109
31
235
180
255
255
247
158
64
160
29
116
173
238
114
109
114
12
77
114
148
65
224
132
79
132
161
158
235
18
190
93
38
171
207
15
221
226
10
184
64
39
237
78
157
159
242
89
230
247
240
199
189
149
117
247
169
25
44
124
255
241
53
174
149
75
198
167
130
101
247
235
169
159
53
219
131
84
120
60
233
227
86
58
30
198
119
31
45
158
159
190
214
146
235
56
124
38
236
218
10
21
256
167
119
61
58
133
21
148
129
135
56
109
19
228
221
132
153
154
238
86
199
191
180
94
215
69
232
66
32
119
121
215
178
252
86
256
158
29
102
89
185
114
47
27
158
26
255
9
205
154
195
215
26
247
133
247
133
24
64
138
110
114
58
113
179
154
135
58
133
31
186
198
109
195
157
110
237
133
237
203
82
168
245
235
218
134
133
248
133
78
240
179
131
39
52
248
221
204
242
148
256
124
158
139
219
78
247
96
117
202
210
120
130
42
196
130
131
186
24
256
207
53
82
99
191
168
43
185
232
