208
222
209
195
182
35
112
180
71
76
89
29
190
222
204
89
62
121
195
195
59
35
138
150
132
204
180
79
89
95
55
244
61
83
204
83
150
222
112
193
85
182
101
204
203
28
204
253
102
208
211
163
188
241
89
146
164
250
16
66
83
87
204
65
189
62
41
87
62
65
116
11
42
79
95
160
69
54
180
140
65
251
102
186
252
138
54
37
160
153
66
230
162
112
8
123
61
31
182
54
41
31
34
158
65
169
84
108
116
42
153
96
34
54
7
186
47
107
190
186
252
95
84
160
95
150
71
180
104
136
84
74
84
101
130
180
182
102
151
16
116
54
219
169
217
54
96
145
95
113
217
11
95
220
244
194
140
197
188
186
102
180
72
81
62
96
128
5
233
30
116
252
87
168
204
112
89
249
117
150
240
117
166
211
97
92
191
162
182
211
81
28
96
91
146
29
243
244
212
67
101
115
130
16
229
180
22
249
116
83
194
143
98
194
115
55
149
150
83
62
90
13
164
65
40
163
95
217
84
212
129
130
230
112
252
138
110
220
121
29
225
113
69
115
176
243
150
111
249
84
6
211
146
231
115
73
155
146
212
255
29
199
174
230
95
62
151
138
113
155
7
96
142
249
211
66
69
170
1
87
92
208
87
198
87
241
75
102
55
65
89
130
166
19
204
37
189
54
90
58
199
43
225
243
204
75
203
243
185
204
46
22
96
92
96
167
103
67
160
75
191
11
5
217
22
204
55
110
145
171
22
150
111
65
44
42
55
174
241
125
36
144
127
130
37
214
42
2
154
29
7
231
150
117
80
206
208
244
112
95
150
189
142
59
137
187
204
93
151
123
112
241
107
199
26
145
97
164
115
114
87
164
10
135
35
150
11
112
147
3
65
132
199
28
180
58
217
98
219
122
153
180
55
210
167
210
116
195
11
142
127
180
30
216
206
167
167
11
139
42
14
140
87
11
24
4
93
167
65
135
69
116
206
98
203
182
150
33
195
38
59
112
65
223
32
132
30
180
164
241
25
170
189
65
123
253
71
175
83
160
202
80
211
31
116
113
66
239
251
65
10
123
196
231
231
206
227
138
96
61
36
58
256
11
217
198
15
169
89
66
37
96
217
11
167
40
163
22
181
65
60
78
204
167
89
215
83
139
211
236
208
125
236
149
91
138
247
92
197
167
251
59
187
223
142
217
172
29
197
89
48
91
227
28
65
79
68
60
242
15
136
184
163
117
40
36
151
60
152
153
142
36
101
227
255
71
33
146
40
36
106
186
14
93
7
66
71
211
132
210
168
108
101
191
36
163
22
101
62
244
253
171
144
72
50
185
30
135
223
198
169
134
174
113
210
67
18
61
116
136
208
66
211
3
30
116
58
24
50
154
157
138
64
30
244
148
115
202
159
118
10
249
253
101
169
241
171
206
139
99
35
159
96
13
150
15
38
61
162
167
33
104
197
17
38
80
207
116
211
67
50
161
73
137
116
202
144
79
11
150
120
164
121
197
233
19
242
4
65
22
187
241
60
30
75
30
198
4
245
120
15
143
166
5
236
219
61
242
6
195
162
21
203
154
66
17
223
164
121
113
158
101
58
98
121
251
71
130
15
162
201
136
163
148
121
75
202
95
112
249
16
210
249
197
204
36
157
204
214
106
7
165
135
180
50
15
64
104
71
123
150
142
158
94
75
60
36
87
215
6
236
206
86
79
219
18
141
218
64
194
190
98
32
83
159
79
189
105
115
191
191
41
112
95
215
2
125
36
113
72
108
230
253
135
118
239
109
216
66
237
247
256
105
71
161
66
207
55
75
218
144
208
94
66
75
229
101
57
60
171
14
255
129
204
42
94
116
122
92
113
144
82
14
13
28
122
61
153
218
83
77
79
88
242
105
208
66
213
229
181
173
112
102
103
245
50
61
160
102
23
92
169
106
138
13
245
98
2
36
162
66
247
93
198
74
233
211
236
47
171
171
18
247
173
244
182
77
211
93
11
248
8
93
90
5
27
190
150
98
61
162
33
211
71
39
227
102
94
208
182
176
213
84
145
39
41
254
37
41
43
169
139
167
60
42
142
57
171
163
60
92
8
2
58
107
49
200
208
72
207
175
206
124
192
218
254
231
226
47
30
241
80
53
116
201
117
142
31
151
148
11
107
39
120
30
112
52
63
116
220
167
44
163
139
207
83
175
249
93
43
116
144
221
226
173
208
204
210
183
159
53
211
218
186
196
119
117
158
3
61
23
147
11
227
237
228
145
142
36
188
81
75
245
137
244
142
218
229
182
243
229
237
30
163
137
170
30
220
106
10
187
182
104
157
210
137
102
23
8
23
250
204
15
180
2
89
210
165
82
31
187
146
218
151
142
149
156
222
43
191
193
167
55
30
76
15
249
231
170
249
73
32
105
142
49
200
91
188
229
218
32
228
52
253
182
245
242
218
195
46
16
23
183
52
175
157
167
137
30
233
179
179
24
217
167
240
242
181
71
109
142
224
111
85
167
101
157
23
125
140
106
241
210
22
244
180
101
25
211
254
82
76
142
222
5
255
241
152
255
49
5
137
177
77
176
242
183
44
139
60
63
83
35
142
159
164
177
116
231
151
119
176
63
147
47
158
116
176
178
89
71
120
142
112
163
237
23
89
244
179
86
15
159
57
188
200
23
240
137
233
207
246
20
62
192
134
62
116
30
81
189
122
24
255
137
255
31
167
101
227
16
12
59
13
122
10
116
71
165
124
156
183
17
38
167
87
186
167
60
193
137
15
94
210
5
96
63
237
227
245
168
116
163
23
4
167
6
193
217
142
48
23
14
152
163
253
59
167
23
23
71
210
46
193
142
246
254
255
224
6
56
62
57
185
156
188
137
102
35
62
232
179
101
138
93
210
102
100
48
204
34
23
228
151
117
201
137
151
1
53
23
167
142
19
144
142
23
57
6
47
204
156
201
238
5
167
64
156
116
10
252
113
59
59
175
60
113
102
206
63
96
218
256
125
92
161
110
244
184
102
13
21
218
60
239
116
233
237
24
102
5
240
137
193
241
163
152
8
23
24
88
240
25
227
4
2
116
163
106
108
253
99
220
24
24
117
167
163
113
142
142
60
248
137
248
113
254
89
135
225
200
76
23
160
233
113
56
171
239
152
32
75
233
37
24
30
239
236
88
68
21
158
236
156
116
47
163
25
21
205
244
47
241
106
46
116
244
119
163
228
244
249
145
60
35
139
252
192
117
191
43
188
32
119
189
10
115
137
137
64
256
77
88
4
163
4
224
111
167
72
119
198
116
56
152
171
145
36
256
152
124
217
137
171
137
241
210
47
131
119
24
212
227
135
50
248
227
102
82
220
210
116
244
200
142
152
130
184
19
2
219
215
13
178
49
32
84
64
88
239
5
207
88
241
35
87
142
23
163
49
149
53
152
173
137
171
119
191
189
77
146
188
241
45
146
137
238
125
240
108
237
73
152
256
19
191
125
137
111
200
86
156
133
249
137
35
137
149
163
1
137
43
189
31
117
43
56
155
163
163
91
101
189
163
60
239
192
64
120
73
191
34
163
178
121
242
84
68
152
163
19
56
227
