121
80
80
55
110
164
128
194
150
33
80
55
164
249
29
80
55
164
40
59
240
129
167
7
80
96
214
55
167
205
25
214
166
129
212
75
55
199
167
89
58
199
206
164
42
113
190
25
58
10
27
150
167
87
34
87
146
3
244
101
219
167
33
167
205
205
167
121
31
87
13
237
75
203
150
146
80
164
256
250
166
244
166
205
32
240
87
127
121
252
13
121
167
203
166
166
256
73
121
58
98
116
58
31
176
73
127
135
83
162
2
176
166
253
176
186
167
58
166
164
56
27
233
88
88
126
180
150
176
162
58
144
205
15
15
182
6
160
167
194
167
206
27
31
169
107
167
135
206
121
33
101
95
35
169
126
33
73
21
110
58
221
179
206
108
164
33
180
250
102
53
165
169
26
226
166
230
138
33
62
126
26
36
144
164
39
94
117
58
205
179
256
87
244
127
167
166
166
65
233
29
164
127
147
179
183
203
179
66
176
32
203
167
127
208
73
24
165
209
146
168
164
121
199
37
25
58
138
233
151
117
34
67
93
223
116
147
205
167
58
97
37
205
253
63
209
147
146
167
80
88
135
47
31
13
37
47
179
107
250
150
54
167
108
170
144
188
179
203
249
50
13
153
223
233
167
195
69
150
233
167
62
169
164
199
127
169
83
146
190
223
19
167
74
6
167
7
172
74
127
64
167
37
146
151
243
89
65
39
179
73
238
138
105
34
167
24
209
167
135
146
93
167
176
186
166
205
150
170
167
170
58
2
58
80
32
106
222
233
37
50
207
11
164
167
167
117
160
108
167
1
123
32
190
231
236
74
238
214
88
167
146
148
190
171
256
61
145
151
87
59
101
153
73
151
73
122
89
88
220
69
117
236
235
150
56
74
165
153
8
65
87
239
167
98
108
73
51
38
115
221
75
167
230
136
225
167
65
11
31
2
36
251
199
153
231
112
167
105
166
92
223
6
209
183
42
167
51
167
168
239
167
233
233
62
145
214
204
205
233
36
146
136
7
90
233
190
93
74
52
93
230
87
97
150
46
130
50
181
101
252
215
165
38
80
51
69
166
150
128
233
164
146
61
6
167
99
95
164
75
19
150
150
121
175
142
233
74
249
39
87
147
130
218
50
45
110
74
135
201
139
89
189
162
132
54
39
58
110
180
256
73
204
151
73
161
55
51
165
34
153
208
55
150
132
167
25
139
190
167
47
51
104
87
43
191
62
88
108
96
167
58
167
21
65
122
7
90
193
128
253
165
89
13
236
142
128
81
150
37
159
58
184
167
116
62
195
169
244
140
142
167
237
32
248
27
33
51
207
114
122
116
242
104
201
178
131
215
29
108
93
140
167
108
16
36
253
181
238
180
121
116
153
179
121
129
29
167
142
170
165
40
93
167
29
31
201
36
166
90
67
142
179
62
69
136
42
172
248
204
35
253
182
5
4
242
116
162
33
237
62
240
75
8
165
108
96
178
31
181
167
233
116
138
144
230
176
87
135
42
128
244
110
95
108
178
89
116
147
116
59
199
84
97
131
190
157
167
208
92
35
212
62
231
50
67
150
205
250
140
136
167
182
128
39
64
67
40
50
128
164
87
16
44
198
89
167
32
253
103
230
236
222
167
74
172
230
144
89
198
128
187
136
89
90
179
52
108
11
42
128
54
56
191
5
181
89
67
65
191
211
212
116
31
210
171
167
198
104
239
139
71
1
24
235
122
142
30
131
91
203
77
55
42
31
204
88
160
204
18
253
108
116
42
132
221
164
91
122
147
198
121
245
116
167
222
192
170
167
180
233
93
136
39
40
31
167
118
237
171
83
203
171
195
96
210
88
104
179
242
62
181
32
170
103
130
233
175
34
230
167
77
62
31
157
167
50
203
5
153
119
108
119
167
252
85
180
223
128
248
34
66
194
73
83
2
222
161
53
1
203
83
200
7
44
89
55
175
236
201
211
230
217
123
100
237
88
240
66
202
223
149
130
40
253
71
185
89
20
35
40
134
207
233
196
70
117
24
222
95
152
94
14
139
32
76
170
62
104
253
46
114
169
53
24
74
246
117
140
77
158
44
114
230
251
146
157
39
185
222
145
37
171
154
129
17
144
25
55
70
89
256
174
159
30
163
37
222
233
53
242
42
57
164
233
216
13
116
18
142
49
211
170
12
171
60
104
137
76
256
205
230
176
128
241
178
170
67
139
116
42
85
159
86
53
192
214
128
176
167
174
70
212
131
135
175
175
159
223
216
100
104
50
230
135
103
175
101
238
119
195
233
167
167
148
237
158
4
77
10
248
162
11
158
170
112
96
17
248
119
14
190
205
193
79
157
230
57
38
186
171
222
38
35
16
33
65
230
195
167
166
235
194
171
40
155
62
144
125
11
131
178
86
129
135
213
254
96
122
49
132
77
237
96
228
91
25
186
223
29
51
82
148
25
228
213
49
10
228
50
121
193
190
73
190
167
188
103
26
224
12
58
230
250
31
139
26
253
244
181
207
252
214
253
20
137
117
110
144
142
248
27
14
137
179
79
140
169
128
16
233
184
27
195
116
5
200
170
170
110
176
210
175
63
188
201
74
191
104
75
168
253
27
158
128
42
169
156
61
217
104
137
170
205
118
73
43
167
101
40
163
19
144
118
39
74
124
190
35
11
142
134
248
99
253
158
201
125
63
8
187
248
118
64
70
154
195
60
169
66
75
101
107
92
138
154
38
103
235
88
40
255
126
178
104
197
49
91
104
197
20
77
222
103
125
65
152
103
88
195
219
85
174
158
34
249
216
79
170
178
228
168
241
130
131
170
236
157
201
137
92
65
13
197
238
122
235
60
15
125
154
200
61
215
34
169
61
12
168
85
168
169
56
80
148
223
163
188
128
149
125
169
192
22
252
65
66
162
134
119
197
36
99
210
90
2
118
165
237
241
152
81
247
112
116
163
193
7
137
199
2
235
114
7
236
15
195
206
60
66
13
221
110
8
206
158
34
52
238
169
162
137
221
38
34
116
91
35
116
10
201
35
15
1
125
178
34
219
88
155
77
109
108
34
163
81
25
34
214
233
234
2
30
197
185
118
236
81
115
2
115
61
66
24
158
238
114
197
128
65
247
242
105
91
103
146
194
38
12
15
246
124
238
163
94
236
238
85
42
116
216
141
136
201
226
81
118
110
240
124
102
254
33
216
99
89
161
157
141
244
132
171
197
197
5
170
47
208
210
158
20
154
130
201
163
45
248
91
20
141
76
227
186
160
2
163
115
163
5
163
122
214
213
13
253
141
38
60
99
227
103
104
171
99
104
244
245
116
256
40
84
229
236
248
98
22
8
227
138
234
154
152
238
83
152
136
243
238
175
158
241
57
139
72
186
128
186
137
201
221
184
123
184
63
96
14
171
218
166
200
201
206
179
213
238
186
25
223
38
243
134
230
92
27
245
22
210
236
198
15
39
25
80
171
99
86
138
96
163
12
17
256
141
241
116
101
170
163
244
107
100
254
77
133
148
239
238
154
244
254
248
188
169
15
42
56
152
5
197
115
85
15
154
125
76
122
44
13
161
141
105
166
196
198
255
196
115
243
234
246
99
252
85
26
174
5
141
227
173
148
141
234
234
25
214
62
180
199
5
234
8
152
234
4
25
254
192
176
146
248
174
200
196
202
121
133
49
35
213
15
133
234
137
155
77
163
12
163
256
218
77
89
125
163
38
105
124
163
118
52
227
224
19
197
42
70
173
234
116
242
198
201
134
19
174
52
70
249
156
157
41
201
44
155
159
63
102
2
202
195
213
39
48
230
242
227
15
61
256
157
56
139
230
157
200
229
42
9
148
254
39
218
121
100
102
247
52
117
140
11
112
12
138
15
227
45
201
235
101
196
42
201
118
254
230
61
42
254
240
24
15
52
201
163
249
168
249
146
247
232
249
56
140
72
148
76
133
33
218
133
134
150
188
197
221
5
183
99
186
107
99
254
45
139
200
248
197
157
23
201
203
72
15
148
203
72
133
256
133
35
234
34
246
61
45
29
137
133
72
60
232
218
201
159
240
96
13
24
29
46
230
158
58
10
69
125
197
124
133
189
111
252
133
82
163
104
86
197
254
133
89
249
56
134
82
104
42
163
163
73
214
236
186
206
157
86
252
53
218
48
170
86
232
163
158
256
148
158
178
157
48
178
72
169
192
256
72
31
253
116
197
223
227
52
196
159
155
192
179
157
72
238
52
57
