143
93
93
80
150
21
208
51
5
116
208
209
208
208
93
209
208
154
208
181
181
187
47
51
177
47
93
165
220
209
51
251
80
51
51
209
51
93
165
209
200
128
177
154
177
140
150
160
127
51
177
143
54
251
143
177
3
54
239
73
209
93
47
127
26
150
165
143
47
54
73
127
150
17
125
150
232
80
62
253
225
150
225
209
181
147
80
251
74
216
209
165
121
244
187
99
225
209
251
51
147
59
25
146
84
174
222
169
147
97
206
88
175
209
16
231
54
165
223
135
51
177
160
251
40
184
223
138
184
209
16
95
67
172
182
93
118
42
239
90
164
67
130
101
63
182
29
75
253
229
226
38
160
206
131
59
138
143
90
172
93
172
234
206
240
193
88
63
230
106
239
67
54
25
223
122
110
190
75
227
216
197
121
178
87
56
87
88
221
208
87
150
62
97
183
138
107
135
54
184
21
88
118
208
195
110
97
93
28
98
90
221
73
42
125
28
195
66
186
62
208
183
210
129
175
67
195
98
54
194
230
34
133
208
215
184
125
194
43
43
104
211
26
166
151
253
138
62
118
80
81
174
135
54
151
243
183
54
58
58
15
125
221
25
147
194
67
28
250
212
108
242
52
39
156
173
54
205
101
162
128
128
91
208
54
187
89
251
166
109
15
104
245
210
7
225
11
28
14
148
128
14
185
242
165
7
27
118
71
215
133
84
31
166
221
175
11
131
14
153
134
97
209
235
7
42
96
193
233
63
147
187
14
164
244
63
235
154
164
139
7
203
209
158
248
208
145
253
221
147
210
98
166
107
235
92
98
104
205
28
63
153
220
226
125
88
190
63
203
80
75
33
55
246
182
92
84
32
113
210
72
58
226
92
29
169
92
250
71
88
235
208
205
125
220
98
59
100
170
87
153
93
100
98
109
250
147
195
107
158
15
86
75
74
59
245
212
189
182
116
100
94
32
88
150
225
225
111
245
74
174
63
42
14
145
187
144
166
191
250
183
212
174
84
206
176
204
210
188
147
247
192
233
35
40
138
144
71
43
203
220
79
97
208
11
147
118
57
15
135
250
193
183
250
115
32
66
211
158
249
216
225
220
225
47
210
131
132
195
118
138
206
97
245
204
17
235
83
220
84
220
229
15
1
130
71
42
24
160
75
145
74
125
82
122
125
74
79
222
245
98
30
9
138
104
165
234
255
52
16
77
42
206
190
2
20
220
183
220
137
216
91
182
145
192
54
188
54
239
100
118
60
148
176
57
49
55
182
52
42
245
182
239
208
220
237
100
15
225
137
173
223
220
208
215
184
139
199
160
52
25
70
125
202
91
230
203
24
225
125
139
181
25
9
25
126
20
145
19
184
71
42
135
212
13
218
111
230
100
255
228
125
238
233
72
248
210
29
51
128
171
188
11
192
182
252
146
116
202
184
116
144
183
98
215
224
139
22
86
70
243
224
233
84
115
14
229
139
219
104
27
25
84
4
4
28
19
4
135
138
256
159
115
210
170
41
207
218
187
203
130
157
249
35
253
216
10
180
94
204
82
192
150
93
138
116
149
30
115
20
66
32
165
158
248
111
194
73
94
146
116
141
146
176
58
85
17
146
208
208
51
130
20
28
204
204
151
202
161
139
63
28
188
35
160
171
51
174
244
90
215
101
69
208
167
221
115
1
90
229
138
20
150
234
226
84
87
244
89
140
158
140
66
237
75
45
60
89
155
79
138
112
150
3
204
169
103
180
67
89
251
13
97
122
246
132
71
157
146
155
253
63
165
87
41
242
116
160
157
71
145
70
172
256
125
175
51
116
30
104
40
116
243
122
134
112
141
139
126
32
71
183
50
15
138
143
124
111
133
113
116
222
251
145
244
66
101
120
129
231
125
97
3
214
133
56
183
54
77
101
95
127
167
185
131
35
104
57
159
124
24
238
54
116
150
90
127
3
113
91
64
1
4
178
70
141
60
133
213
87
214
137
103
249
19
95
57
83
242
160
112
194
201
11
50
46
243
230
110
84
130
82
165
113
162
122
171
1
76
113
209
84
25
158
255
145
53
1
163
107
122
175
150
150
141
15
35
50
57
163
163
193
137
112
190
98
255
25
222
214
193
19
144
233
122
112
183
125
52
98
52
122
1
256
83
232
98
87
247
178
250
193
160
158
83
144
53
50
198
222
143
39
10
193
139
228
220
1
191
131
255
70
2
95
2
19
130
60
61
193
167
215
105
158
233
59
147
254
137
89
1
98
100
193
117
235
19
125
109
1
141
233
163
101
89
59
118
163
91
169
2
79
117
1
116
133
193
222
2
64
74
185
139
220
45
215
191
202
224
161
163
154
140
191
224
116
158
166
88
193
41
66
46
149
181
135
109
21
70
60
232
101
39
150
25
254
251
137
24
202
169
118
117
201
49
251
20
251
254
70
63
2
192
25
121
128
19
244
226
191
79
15
225
15
200
88
70
191
232
139
255
166
133
251
192
226
11
167
244
57
60
1
45
63
206
244
116
133
1
112
116
232
149
72
101
112
232
191
57
45
161
116
158
58
232
15
116
35
115
120
74
231
1
221
116
201
112
15
82
191
213
197
204
239
139
210
109
163
24
43
4
72
72
9
201
43
139
13
63
43
120
2
158
188
255
159
48
92
36
192
72
192
78
88
45
228
1
30
158
255
255
193
82
247
