223
22
145
223
26
153
243
129
223
169
90
50
212
16
127
22
184
74
220
90
114
216
153
208
119
183
24
145
129
74
118
177
196
54
16
140
138
165
165
94
62
220
54
165
96
165
123
165
18
165
44
177
136
69
196
181
188
123
5
127
62
200
92
3
177
132
165
147
172
181
141
94
120
22
120
177
126
126
153
228
149
194
189
153
204
22
154
76
106
64
181
115
245
111
204
94
204
192
119
106
212
3
60
200
163
126
219
200
219
31
86
251
148
38
192
120
237
123
204
38
155
251
195
38
7
54
79
160
37
129
44
69
235
62
69
123
65
136
12
123
153
38
98
126
189
169
98
44
54
208
26
106
147
57
87
67
125
51
51
35
51
98
160
98
51
51
123
51
66
7
62
151
126
177
67
28
112
204
212
51
86
3
189
147
248
11
155
153
212
189
220
204
89
9
172
105
174
98
218
181
174
208
50
112
127
151
165
7
15
76
9
112
28
208
54
112
84
197
155
176
199
54
246
249
26
199
9
161
246
9
67
31
69
204
123
189
98
176
9
176
197
69
177
155
174
138
155
162
197
220
12
183
199
208
150
199
72
54
6
5
138
69
211
12
230
45
165
147
246
3
228
7
112
54
125
3
94
31
133
9
69
155
9
105
239
92
115
140
140
161
93
118
183
9
211
239
17
51
230
204
28
208
199
9
10
146
94
104
151
62
63
155
197
51
112
54
129
220
9
163
98
177
26
54
184
69
89
118
184
51
197
254
189
204
36
85
222
174
91
235
177
239
203
73
172
189
94
136
183
161
197
69
208
182
104
143
66
244
146
211
235
112
64
92
74
151
112
177
247
216
54
175
51
12
41
152
235
138
147
68
147
104
49
235
4
93
230
155
67
55
208
112
149
186
120
175
54
216
208
238
76
77
237
82
204
145
155
21
82
72
92
162
147
55
165
147
209
97
122
177
107
178
74
155
99
85
74
52
159
215
115
146
68
51
204
91
235
235
59
85
72
184
183
12
237
115
165
12
183
48
12
139
17
82
85
91
92
76
115
73
51
66
94
184
143
212
74
87
174
146
216
243
114
168
112
68
213
122
115
63
74
68
155
13
26
45
63
54
197
85
130
133
155
82
77
90
82
82
99
56
51
29
208
17
237
82
85
115
49
188
216
209
26
254
184
29
104
24
208
68
54
213
72
155
202
26
184
54
155
184
26
155
99
126
178
197
68
126
73
149
54
72
82
222
82
24
178
215
252
63
207
189
82
72
20
126
222
198
12
197
226
26
99
111
99
197
72
14
110
90
157
118
197
161
252
20
118
161
13
169
16
20
213
82
114
61
68
157
222
197
155
92
174
54
255
72
182
45
95
149
235
213
163
82
12
15
247
175
99
94
93
240
222
197
70
72
235
120
88
163
139
89
139
152
235
102
77
161
47
15
72
155
99
155
94
155
63
16
149
108
45
218
197
118
232
120
72
197
4
178
47
99
82
48
9
111
235
175
197
54
197
118
12
155
118
56
26
118
216
72
132
132
235
161
47
82
148
256
140
188
93
73
52
245
163
99
155
218
213
39
159
161
85
99
111
177
147
251
185
161
213
212
222
74
102
155
90
156
202
133
197
126
111
218
23
12
48
245
155
152
9
48
197
183
99
91
191
99
4
197
197
246
4
126
155
108
218
40
228
47
155
121
99
178
199
134
102
105
198
199
155
173
185
197
90
244
99
118
115
99
156
155
246
238
197
62
197
126
155
87
53
76
155
215
9
26
155
181
253
155
246
228
198
197
72
20
191
111
131
