59
199
138
138
181
181
138
59
138
181
81
181
243
138
209
205
141
243
205
183
157
209
205
181
181
157
205
236
40
13
50
181
236
122
170
40
73
29
243
32
117
236
205
138
183
40
40
32
136
235
144
108
180
108
73
227
50
117
181
128
136
227
153
122
120
29
193
132
132
181
120
138
120
227
112
208
247
207
207
207
29
167
20
183
184
247
9
207
247
207
9
225
250
42
207
183
207
207
183
211
212
184
29
208
207
79
95
247
95
207
247
20
190
215
162
114
38
95
224
247
171
207
205
112
38
67
187
243
213
209
95
213
247
190
30
55
209
129
17
79
133
71
112
67
38
30
183
184
112
11
79
187
120
112
43
222
115
71
230
91
212
243
35
115
65
109
65
11
71
42
50
65
149
7
180
92
65
215
50
38
2
185
112
135
44
235
10
40
2
87
30
62
128
222
76
248
10
87
44
238
128
62
50
250
170
227
160
35
50
216
190
97
40
50
170
170
9
199
115
87
11
180
102
38
112
96
240
62
11
218
65
65
129
62
64
62
13
102
91
87
226
169
160
218
41
113
195
29
43
216
180
138
97
65
41
226
247
37
50
178
11
253
247
170
38
34
2
115
38
62
132
154
11
26
131
213
218
34
38
76
9
231
71
112
131
50
62
11
135
39
218
204
10
204
50
50
39
11
35
55
204
26
34
150
158
204
97
204
112
204
13
170
226
8
170
38
115
171
32
218
65
220
112
217
11
160
11
138
116
105
11
252
65
132
35
112
255
204
204
122
204
116
154
164
74
11
106
220
81
2
37
217
184
40
34
97
245
184
55
50
218
35
103
164
185
118
204
151
59
162
66
114
184
112
206
154
174
248
145
39
150
246
206
218
195
197
59
197
2
150
112
65
83
11
77
11
66
247
91
66
149
242
117
83
223
195
39
66
244
42
226
207
81
28
115
115
121
247
118
247
118
116
226
242
141
2
97
220
205
212
13
109
168
50
97
94
9
226
222
122
240
157
41
50
247
231
204
101
26
50
168
155
11
91
204
182
158
67
240
48
247
97
245
39
223
151
247
138
164
158
204
168
105
11
255
122
37
151
115
50
87
37
207
2
165
207
124
5
43
99
70
141
162
116
99
30
120
206
98
42
145
11
37
252
133
241
115
26
178
243
123
192
94
237
33
250
141
101
83
237
180
149
135
15
8
170
70
176
204
2
247
237
69
170
187
110
219
15
206
190
138
128
70
60
192
93
75
170
98
112
70
16
42
213
70
12
30
197
11
252
217
168
190
167
114
255
96
206
252
116
94
131
222
205
232
9
50
181
116
252
97
230
19
33
30
15
37
99
247
2
103
37
150
183
253
124
9
101
230
43
34
200
217
158
155
248
104
230
149
77
67
19
162
247
243
83
121
122
197
103
243
115
226
62
154
199
151
111
2
226
122
101
30
12
241
237
228
170
163
43
11
9
237
168
55
96
91
75
197
4
116
214
116
2
187
2
212
89
131
149
213
122
250
168
9
116
214
60
120
64
34
252
151
206
116
171
91
241
124
116
30
154
10
141
249
11
142
37
2
64
207
151
60
240
207
54
217
13
168
163
196
120
182
60
44
122
116
238
32
175
2
15
30
150
192
75
142
106
124
101
148
56
101
39
227
12
156
13
53
168
248
192
234
216
39
122
247
43
94
137
53
15
174
2
9
15
19
200
197
236
148
102
218
136
131
122
15
141
77
199
15
86
61
39
122
163
181
142
153
183
37
216
111
79
14
214
213
95
100
15
68
200
142
182
192
189
248
135
237
227
254
184
138
60
242
141
116
141
160
24
114
142
219
217
213
69
34
38
68
122
160
229
101
44
182
154
94
245
39
38
91
201
101
89
189
120
53
182
106
142
124
26
28
26
159
158
198
247
216
88
102
180
86
122
123
2
201
64
163
99
148
42
43
236
137
168
30
148
164
70
44
246
203
89
11
103
46
15
116
158
236
59
120
117
155
15
201
228
137
226
14
226
25
96
182
119
83
101
174
120
96
15
10
95
134
207
156
116
232
115
17
103
137
201
235
95
148
218
56
201
216
254
189
26
189
137
134
245
79
60
48
252
91
137
70
104
39
133
102
39
149
94
241
109
210
120
131
248
44
83
226
201
159
26
117
2
248
102
134
171
183
238
212
182
247
247
216
102
100
44
228
43
218
99
83
10
206
226
61
13
133
26
248
192
171
141
182
226
101
247
216
196
161
10
120
161
104
77
34
109
247
181
136
213
101
117
53
38
127
37
35
246
72
210
248
120
163
161
64
217
216
96
170
226
111
247
149
26
108
161
137
91
234
25
207
233
70
214
148
163
196
216
102
158
197
101
234
201
117
193
131
112
248
235
114
148
22
124
253
207
252
141
70
60
248
133
111
133
48
43
104
102
44
77
207
134
154
232
248
163
254
122
236
155
9
44
91
117
183
116
94
168
178
72
255
2
131
232
120
100
137
63
149
163
117
216
238
104
101
215
172
137
116
48
64
163
172
89
133
102
170
122
247
83
155
131
145
204
117
255
10
77
191
44
156
117
88
137
187
148
191
111
57
117
247
148
238
155
120
148
196
139
191
48
36
30
252
102
70
124
192
203
70
120
12
137
45
116
124
116
104
2
210
56
169
155
192
59
58
