58
80
166
165
115
36
80
35
177
36
160
91
39
146
36
18
118
160
115
36
98
246
221
244
36
98
177
58
98
7
160
36
256
209
166
107
80
97
135
166
221
67
205
225
214
104
246
118
51
50
98
26
84
91
166
225
17
204
190
39
7
230
177
202
166
62
51
4
42
98
155
214
39
11
87
98
81
211
221
115
80
140
162
87
242
72
41
242
191
143
194
67
182
51
242
242
7
174
191
67
16
190
190
39
209
199
174
41
165
146
151
7
176
151
34
67
150
169
239
51
165
69
17
22
89
74
67
31
174
26
231
199
81
239
76
153
208
87
225
70
25
243
119
176
41
13
230
174
36
50
89
25
213
153
7
17
239
183
119
17
39
169
242
153
67
8
29
36
191
75
213
153
203
118
118
229
10
118
212
75
29
91
118
118
159
104
191
166
26
74
174
115
166
3
204
202
107
210
214
118
242
225
3
46
8
119
62
242
143
54
186
91
72
186
51
147
54
219
151
41
200
239
36
104
33
35
199
190
184
140
139
253
221
221
113
118
62
242
225
137
17
75
118
112
186
118
147
140
73
33
75
115
51
51
214
184
4
76
26
232
117
244
232
190
17
28
118
253
201
123
112
74
34
139
69
3
221
238
51
50
214
84
112
73
161
62
190
31
174
89
27
221
204
213
75
18
112
137
165
22
51
170
27
25
123
204
98
112
161
112
67
159
256
170
89
214
99
41
17
84
137
112
147
99
139
146
98
52
244
52
3
89
159
246
176
140
69
115
174
18
221
36
123
112
230
13
231
9
11
253
92
209
244
160
56
64
127
194
190
235
127
73
252
102
10
71
99
229
51
51
122
190
158
89
40
209
191
14
199
50
136
32
123
240
121
20
104
71
192
10
191
165
52
127
18
115
232
91
214
216
68
28
169
59
155
143
247
116
11
55
235
151
237
148
69
231
104
231
247
162
158
76
181
50
216
102
165
32
25
218
4
87
27
146
81
159
11
31
165
9
139
244
230
174
75
18
213
255
209
31
2
186
208
81
156
76
125
125
229
209
81
256
160
92
31
50
115
221
49
42
115
146
88
89
216
232
206
174
150
51
72
92
40
231
94
213
61
223
253
84
39
34
242
211
62
214
127
219
157
17
28
169
115
45
17
206
10
201
190
75
160
213
92
251
64
64
6
125
72
113
99
77
231
117
83
172
204
163
151
123
237
118
76
133
219
112
95
87
190
44
17
54
104
139
36
126
147
155
99
4
145
27
160
62
145
31
92
57
123
230
36
219
25
199
227
18
35
8
256
229
51
44
235
115
96
17
163
20
251
4
170
172
36
201
140
2
146
186
56
56
4
197
190
76
186
125
172
73
123
105
199
4
81
181
62
199
163
17
170
44
64
7
213
256
89
213
62
27
191
212
20
118
9
44
33
19
150
160
20
31
51
14
209
25
72
3
104
204
61
161
231
213
76
144
129
231
15
92
256
89
123
76
187
161
9
170
243
94
25
226
94
230
39
189
180
52
89
130
204
146
165
253
81
214
127
232
122
223
89
62
102
256
44
211
22
20
3
214
123
42
53
71
192
4
213
148
165
115
71
214
160
204
221
163
93
100
81
213
214
94
125
102
52
135
162
240
137
89
42
154
118
20
127
23
117
4
48
20
42
76
78
136
94
219
170
153
41
99
23
118
196
23
253
163
251
148
173
118
214
250
36
204
121
186
115
242
62
161
229
45
172
64
72
173
143
17
147
112
44
4
204
83
61
60
160
72
115
221
79
253
18
42
155
74
4
133
99
52
163
118
33
23
50
77
115
173
195
253
42
23
226
23
76
23
118
173
10
73
123
98
42
14
174
168
253
124
125
23
53
190
81
145
209
92
221
170
42
42
118
35
89
163
121
242
73
176
23
140
17
163
23
145
174
85
4
4
23
9
118
173
148
10
14
152
186
159
221
27
153
256
173
1
23
138
56
101
20
213
53
23
23
213
226
187
172
239
4
135
161
17
73
236
256
81
196
9
94
122
92
99
163
42
49
91
89
23
51
161
100
237
2
135
221
213
251
213
81
133
172
53
173
118
176
159
241
115
33
112
179
252
161
195
92
131
209
140
112
118
204
157
172
161
27
161
135
33
197
48
86
93
20
194
114
149
197
123
9
221
155
174
163
134
244
42
53
221
25
33
161
131
50
153
163
92
9
163
48
61
252
214
118
206
148
85
237
67
48
159
161
8
221
131
186
50
100
155
84
85
216
150
49
53
10
73
100
156
148
70
117
155
9
93
99
161
204
174
135
159
60
36
33
178
216
70
198
1
48
155
210
48
175
221
131
174
149
133
31
170
73
82
48
214
253
48
186
48
192
100
94
94
255
176
70
118
213
48
53
14
19
154
135
48
87
221
78
133
161
131
77
70
110
174
92
41
200
113
173
100
178
216
147
199
60
202
94
242
88
137
139
135
12
199
48
155
159
172
172
44
12
67
118
73
118
118
213
77
176
53
2
48
52
9
238
85
82
220
246
210
137
213
214
213
73
70
115
78
116
176
192
137
157
42
127
231
42
100
60
11
79
100
11
44
137
199
213
85
52
91
110
153
129
130
197
176
70
48
193
41
48
176
165
39
80
109
11
173
216
100
39
203
215
148
20
11
214
33
176
197
39
137
137
197
123
44
195
115
226
197
146
110
42
137
72
202
19
48
117
199
70
176
120
178
201
139
139
256
44
213
70
249
137
218
100
100
130
70
70
7
2
70
82
255
82
60
11
187
70
85
39
197
197
39
39
9
176
163
149
139
120
42
63
42
48
33
44
70
43
137
39
31
189
214
70
137
148
135
74
39
42
146
33
256
39
85
60
31
39
164
60
197
137
120
60
53
100
35
189
100
100
117
53
137
39
120
70
100
166
249
42
120
70
85
24
230
70
39
238
74
82
39
82
100
82
100
72
100
39
39
139
120
12
139
120
53
39
52
100
100
53
207
197
100
218
137
19
148
100
100
35
100
100
39
33
64
39
173
100
33
85
39
148
39
157
84
2
44
182
11
100
33
120
214
137
100
82
173
137
213
100
197
148
82
135
100
