166
145
89
203
145
55
59
165
55
166
90
242
179
145
146
97
31
80
36
80
195
81
121
195
42
88
150
166
113
55
88
75
194
199
121
177
84
29
177
174
80
177
135
73
8
236
14
177
2
31
81
90
242
174
95
28
146
50
130
219
105
128
69
169
95
240
162
115
74
87
95
123
65
177
221
243
169
50
61
135
138
42
230
243
146
235
231
242
146
138
89
130
62
18
146
65
172
5
145
65
113
156
42
138
25
240
74
51
253
40
40
65
229
35
121
63
80
172
63
74
123
65
232
101
106
121
136
65
95
169
181
50
5
195
95
51
146
150
8
51
54
192
56
146
7
190
194
18
109
167
172
18
140
77
149
95
24
162
206
242
106
196
164
27
212
203
232
57
73
253
192
51
140
189
181
13
110
167
5
121
203
136
110
235
237
207
245
51
253
147
182
220
106
13
130
146
146
175
77
77
150
7
146
144
175
103
14
17
129
55
209
108
97
129
180
32
189
194
153
194
77
146
40
146
103
110
147
230
34
135
69
156
28
80
181
113
220
196
220
144
95
187
251
219
42
161
164
121
229
115
69
104
90
251
130
150
205
67
177
203
199
177
115
199
250
181
194
40
66
129
256
84
236
24
249
63
146
231
121
189
202
242
140
21
127
60
146
25
135
126
113
19
255
110
196
79
63
95
88
63
249
162
7
2
54
14
230
13
187
177
55
71
251
35
129
181
239
88
164
31
221
221
121
249
83
244
80
204
193
256
40
103
169
12
106
83
54
181
178
205
111
30
72
251
212
129
121
80
126
86
88
194
81
32
13
40
14
84
96
219
55
225
229
64
52
81
10
145
129
211
106
44
52
62
231
212
41
72
144
204
47
205
95
49
90
86
32
146
29
192
238
83
43
195
228
112
129
72
236
112
106
206
65
150
69
108
121
106
69
27
86
256
151
127
235
73
157
94
25
146
45
74
213
45
84
171
41
160
225
252
64
95
73
86
29
154
239
32
64
202
199
35
52
90
32
31
153
146
160
118
127
135
74
229
27
81
215
186
121
74
47
251
81
27
115
128
114
74
170
3
86
115
215
197
230
2
236
90
172
215
83
219
126
203
67
62
194
26
52
202
144
90
215
215
117
88
203
225
23
184
189
137
105
29
206
193
26
35
216
27
203
83
55
6
23
6
144
130
165
235
242
199
14
249
245
126
232
251
140
119
191
124
80
74
84
126
170
220
215
63
206
225
213
172
52
40
153
69
51
112
89
161
83
203
42
32
159
116
184
94
243
206
187
199
185
223
6
140
145
174
202
230
84
214
14
86
11
139
250
174
96
77
204
135
228
145
197
18
59
35
159
51
229
32
6
172
197
81
74
51
203
18
199
96
136
118
90
16
72
33
54
25
235
55
172
140
140
176
58
64
83
108
108
91
16
59
52
239
242
126
186
90
149
193
139
172
85
94
18
69
33
176
47
203
149
215
72
108
199
156
194
50
22
239
249
84
25
230
153
149
57
215
177
124
223
102
203
168
114
129
61
215
209
16
18
179
27
256
31
174
201
129
84
31
54
115
232
73
102
247
172
41
112
242
6
75
251
243
130
253
176
32
135
74
159
249
124
25
196
59
198
176
140
102
114
194
54
29
56
33
90
213
20
253
162
238
50
101
237
203
101
199
37
214
16
72
82
82
128
10
45
190
31
29
240
94
31
229
222
22
109
74
193
196
102
91
167
254
207
34
239
253
167
253
23
163
109
218
128
175
187
203
55
140
74
74
114
77
54
91
30
210
86
147
54
90
38
186
239
182
206
85
139
239
249
55
16
109
159
182
202
75
213
81
43
203
84
244
56
230
33
230
190
116
102
42
13
90
166
43
195
163
205
26
239
96
239
66
139
53
22
71
193
114
203
82
159
159
42
164
241
169
185
27
63
144
46
153
90
74
165
131
106
216
230
195
215
225
239
210
187
196
135
59
154
187
252
189
90
232
68
151
5
129
68
158
108
110
225
102
24
256
61
230
244
74
76
222
146
17
11
213
10
232
58
124
132
139
114
10
188
247
216
65
171
78
247
134
38
90
17
31
85
106
242
219
40
139
143
161
153
252
256
17
109
49
90
104
19
211
90
172
3
144
194
218
243
84
155
46
161
103
155
122
10
90
170
165
80
84
2
55
50
45
126
46
176
215
163
232
101
51
161
185
217
195
135
50
129
190
9
164
61
215
114
51
80
66
250
51
206
176
42
191
164
159
50
113
23
66
149
158
148
140
108
13
117
18
107
138
240
171
158
184
64
193
17
52
84
200
121
50
135
163
190
255
215
202
210
231
10
78
87
242
22
40
110
104
159
187
53
155
50
194
73
18
219
144
178
165
146
76
140
210
165
210
84
86
15
187
47
208
72
58
232
199
64
132
27
179
52
56
10
157
52
71
210
116
208
40
83
82
164
157
208
215
43
52
66
194
195
147
2
131
99
84
165
45
96
31
94
164
146
39
15
159
150
240
113
90
12
158
185
20
134
27
137
90
169
210
170
30
166
23
169
31
79
253
169
211
212
231
233
40
2
15
23
186
208
2
17
10
42
78
84
89
137
34
82
77
211
13
152
153
55
144
190
84
53
146
42
111
145
138
25
83
82
62
23
221
106
23
84
128
122
39
176
239
86
151
82
236
145
23
215
170
117
116
146
159
87
219
64
30
242
64
221
34
89
225
187
204
83
140
34
107
164
124
195
32
82
107
203
72
242
95
234
203
48
19
52
139
74
242
248
122
147
125
128
137
106
197
161
39
253
169
221
61
244
97
121
52
30
12
172
161
64
157
95
55
30
163
82
187
156
159
53
93
164
78
27
201
12
237
57
27
34
72
107
113
157
107
187
12
49
78
44
31
82
80
42
180
85
155
82
90
63
50
163
14
224
73
76
187
218
133
196
145
149
159
203
65
94
193
81
50
248
237
238
197
159
206
144
207
130
203
186
76
34
169
61
174
9
23
178
19
39
77
27
62
193
11
128
98
40
90
248
88
82
107
73
193
210
78
222
42
84
53
199
137
256
194
165
161
46
218
21
166
157
193
210
193
17
48
232
18
180
218
237
25
18
159
116
231
72
84
219
90
210
218
25
39
91
58
104
49
39
162
136
77
121
120
187
44
169
43
208
182
104
170
38
226
219
130
59
11
213
117
198
109
104
199
169
215
198
101
34
223
41
225
244
81
207
197
195
226
159
73
138
8
89
217
179
253
91
32
39
254
204
82
187
145
147
107
158
21
104
33
219
122
111
157
9
139
146
105
163
249
19
221
72
50
76
46
4
169
45
149
18
90
25
174
72
73
133
163
33
104
26
2
229
151
157
256
198
87
48
194
40
18
217
8
48
72
19
74
201
190
157
89
50
159
91
95
53
11
253
83
10
77
35
169
242
221
151
11
30
180
203
45
107
218
64
180
186
198
195
226
221
53
215
175
134
95
120
39
3
201
52
72
130
178
193
91
120
64
237
196
57
40
29
242
199
240
237
256
9
146
222
163
169
34
238
192
108
137
65
193
248
41
197
232
125
51
70
91
25
30
62
111
74
241
199
96
256
116
219
193
122
62
82
204
187
203
200
203
170
5
160
25
107
204
204
140
151
116
230
140
95
39
31
249
61
62
210
149
219
15
222
132
232
221
215
102
130
256
118
33
219
147
157
244
122
159
84
195
193
106
117
120
31
159
83
10
34
45
153
130
240
212
222
203
25
129
33
105
213
64
186
35
53
256
18
76
237
22
140
96
153
215
30
106
157
10
81
217
196
39
203
141
107
112
207
252
120
19
134
50
39
247
39
190
64
112
195
3
221
117
130
85
115
32
35
69
149
22
61
256
45
179
120
50
190
7
229
82
69
61
69
34
104
145
247
221
88
48
186
199
161
11
48
248
106
199
169
212
66
173
201
129
254
62
148
30
71
54
82
204
106
228
162
180
122
39
218
169
3
212
34
106
204
106
199
98
159
118
131
39
53
3
206
130
122
153
53
96
91
53
160
122
34
161
200
91
134
47
242
3
106
238
74
256
232
247
256
3
93
39
149
41
147
50
30
52
238
223
62
108
61
62
122
143
12
120
144
247
12
151
72
199
107
53
82
107
208
32
153
13
39
41
148
32
143
151
158
156
203
155
82
134
238
188
23
196
199
98
151
33
120
190
242
115
238
15
19
61
144
39
77
48
76
26
127
255
237
148
61
98
179
124
26
186
104
2
216
243
61
161
143
256
44
134
244
54
3
232
2
57
130
71
247
96
133
121
50
250
196
197
79
44
144
201
228
19
254
57
110
50
4
169
3
37
135
220
19
76
10
107
203
238
248
218
220
238
15
39
39
3
36
124
39
45
192
83
119
63
254
150
3
57
34
254
111
159
237
118
228
171
48
2
13
64
157
110
56
224
34
53
19
61
204
186
201
207
111
86
54
9
133
250
