40
89
40
40
244
256
52
88
59
59
107
52
59
107
113
151
179
59
191
113
24
168
121
179
71
40
40
126
182
40
121
183
185
168
206
256
241
183
71
183
73
211
170
158
142
24
119
251
97
119
175
175
205
151
251
222
28
229
177
229
47
121
158
71
98
241
222
165
59
97
138
90
97
138
229
97
54
97
217
40
138
40
97
97
97
126
250
141
97
28
182
54
138
73
194
73
151
164
97
75
144
121
185
138
46
113
75
194
182
181
182
7
18
129
113
206
150
212
113
60
127
150
206
125
206
206
206
47
113
194
43
7
60
127
182
206
128
200
46
129
123
37
141
132
256
121
92
182
231
59
97
150
127
164
150
31
256
188
59
191
132
144
92
8
141
107
182
209
43
22
74
206
60
24
127
22
206
179
194
143
59
229
28
231
68
231
60
33
146
241
3
73
241
118
191
241
90
171
229
51
149
188
90
142
140
140
75
28
51
222
6
119
242
24
47
208
123
58
123
200
179
254
21
209
59
138
88
191
136
6
217
126
59
242
40
217
71
254
130
18
22
35
195
18
231
182
97
127
188
179
126
123
46
179
140
188
51
206
185
180
256
136
241
149
123
235
4
113
241
185
113
256
182
123
239
164
60
59
231
40
33
171
21
35
138
241
147
250
152
140
254
239
97
107
136
129
107
154
14
4
97
136
154
191
97
239
140
150
24
35
58
127
243
231
165
254
200
141
197
3
107
4
177
4
91
138
234
38
165
206
176
123
100
132
249
205
97
141
206
46
200
113
241
144
40
206
200
4
107
195
254
235
113
245
107
142
154
152
171
58
63
233
233
90
37
164
58
142
249
134
165
241
191
142
245
217
154
184
65
28
239
130
118
107
179
3
245
231
35
243
171
249
195
41
122
240
141
24
144
223
245
37
171
233
160
110
100
191
142
82
122
47
213
1
200
68
249
110
206
110
223
58
144
188
60
227
217
200
114
28
123
151
87
85
46
227
168
188
58
72
136
60
157
68
113
256
115
23
236
159
1
140
92
132
82
157
242
235
157
133
37
92
227
122
21
125
223
141
91
235
140
202
222
151
14
159
92
254
107
14
100
16
51
21
222
46
159
222
231
125
157
182
116
18
159
159
67
168
185
159
224
159
227
100
121
36
150
159
171
140
180
85
140
182
183
36
140
100
139
128
205
195
242
91
184
131
250
100
92
14
132
40
181
159
119
89
92
116
250
154
240
33
92
159
222
130
181
199
40
236
141
33
159
255
1
125
139
150
109
132
82
247
229
159
82
105
107
222
191
200
107
251
85
159
126
117
172
242
130
56
159
176
242
159
30
77
36
159
159
125
242
227
88
75
132
154
5
114
159
159
125
64
113
255
66
176
251
151
145
159
123
113
185
222
159
33
202
210
209
202
101
177
67
222
21
19
60
60
130
80
70
231
126
60
171
29
85
90
159
43
151
180
40
223
30
114
235
101
132
136
86
4
6
106
109
171
130
135
90
80
176
74
241
130
80
135
30
242
245
1
20
159
70
202
159
197
90
203
28
30
159
14
157
184
183
114
46
180
112
74
6
183
241
242
140
254
89
6
255
59
46
188
203
130
85
89
20
29
242
235
119
20
256
89
6
134
224
183
227
174
184
80
168
193
20
138
159
6
24
227
199
174
203
60
109
127
83
119
86
19
149
85
80
199
8
56
198
23
202
78
135
1
58
156
188
193
102
224
