81
26
111
105
105
111
147
105
96
105
105
111
10
105
121
106
126
93
123
147
93
192
106
147
229
81
145
3
94
96
25
190
111
75
10
29
229
129
96
121
106
16
107
209
81
126
22
22
209
229
181
27
123
3
147
203
9
121
145
9
99
143
51
174
54
95
111
94
12
106
84
114
51
47
91
143
18
69
65
111
61
96
143
91
73
81
165
107
123
93
165
111
51
22
199
174
94
16
126
220
165
11
98
165
94
165
156
9
99
107
174
209
17
149
107
177
51
69
80
147
162
107
114
12
69
199
61
109
250
38
80
81
225
80
94
78
18
194
54
207
208
207
143
11
80
114
55
69
11
74
11
183
94
99
91
208
94
99
209
183
229
11
51
253
104
11
165
112
90
174
216
67
155
128
11
71
80
18
216
120
163
164
243
92
90
176
146
231
17
9
94
160
55
106
58
219
104
106
128
168
184
174
106
155
34
12
244
90
17
70
31
80
11
246
74
110
174
220
38
204
256
80
162
104
66
222
51
94
54
38
96
11
216
102
38
174
191
94
56
110
166
28
162
191
246
55
128
206
174
55
220
150
104
151
129
235
59
235
224
80
106
205
229
138
174
79
38
47
96
203
235
96
99
99
80
203
119
11
132
229
164
37
99
249
62
93
182
198
146
25
79
15
141
110
57
187
26
118
220
170
191
220
176
118
184
96
99
246
45
31
146
86
26
63
98
216
98
118
79
194
181
163
80
187
205
212
73
62
143
80
35
77
138
182
63
137
212
120
12
98
24
137
235
208
74
168
55
47
79
120
208
143
12
58
30
27
5
50
44
154
202
58
96
202
171
252
81
3
195
51
230
219
114
117
110
86
3
45
11
226
231
12
59
181
147
186
119
253
87
253
73
73
74
135
151
91
146
181
25
202
151
10
58
186
119
218
126
228
102
179
117
187
51
25
185
5
203
118
80
162
118
60
174
242
74
74
136
10
117
106
129
61
52
164
222
33
214
59
7
249
93
156
129
58
224
246
72
256
28
228
231
202
15
254
10
229
181
117
4
196
187
203
129
170
137
83
70
76
244
236
98
181
166
58
191
64
155
75
65
186
176
181
88
64
42
14
52
135
207
196
103
73
170
124
4
179
70
83
156
59
80
76
170
92
117
201
22
88
25
64
120
186
84
246
239
117
212
84
154
178
59
88
59
84
138
233
135
71
194
205
80
160
203
205
58
179
93
88
149
18
137
61
151
5
194
74
88
187
203
148
205
11
4
181
25
180
138
39
24
237
147
12
200
235
61
137
73
199
47
35
207
161
187
35
88
22
130
170
147
250
117
177
71
190
156
230
230
5
66
203
187
187
117
228
191
172
42
27
212
120
144
120
157
219
194
204
169
83
171
200
76
42
19
170
80
33
92
120
247
20
186
18
201
105
111
160
74
23
169
254
106
81
62
83
220
192
103
179
199
107
203
203
238
189
236
254
191
158
230
173
88
244
64
196
117
10
197
61
251
194
31
71
233
4
250
254
3
88
120
220
36
173
190
254
151
73
200
167
31
50
83
240
117
124
74
235
76
81
120
88
155
201
203
106
209
164
31
156
23
10
140
34
156
26
25
119
230
58
116
230
167
161
57
155
254
86
205
164
27
126
23
144
194
71
173
140
191
155
170
176
254
121
120
112
33
34
23
239
218
160
253
140
240
187
161
60
71
155
140
72
35
84
27
250
113
242
62
163
113
254
64
1
206
75
19
23
110
238
47
21
32
202
48
141
230
254
239
155
191
230
155
230
196
1
51
146
24
126
184
120
179
164
197
18
191
148
176
170
183
99
4
241
144
236
146
64
166
194
56
179
221
163
250
200
73
117
167
207
67
79
56
67
80
200
223
238
247
72
99
191
155
110
242
101
26
23
184
255
28
225
110
83
142
161
120
42
61
84
6
167
119
123
192
123
19
148
118
52
67
224
41
154
146
50
130
254
93
171
37
160
64
145
254
133
203
156
27
44
136
190
117
112
207
197
36
34
142
4
183
99
35
76
149
33
69
117
166
197
44
73
173
191
52
254
134
173
186
24
200
149
254
213
128
68
50
75
33
194
79
35
207
113
31
9
221
81
80
78
146
254
200
191
94
53
132
219
210
221
206
230
9
30
9
44
9
235
205
84
252
170
177
75
47
9
207
247
188
166
100
184
224
144
191
190
98
31
194
124
141
230
88
56
120
83
234
164
4
83
13
128
72
98
230
117
104
137
204
221
33
202
66
256
129
198
147
29
36
163
239
175
83
90
45
10
176
137
83
251
205
32
49
240
197
237
250
212
225
31
132
21
53
91
18
88
251
3
4
132
131
91
215
147
137
255
90
138
144
117
75
146
32
76
62
224
117
191
78
230
4
200
186
255
7
146
204
251
207
232
230
230
184
29
164
81
120
124
66
129
136
54
33
92
243
229
1
120
191
74
120
207
74
191
146
37
148
120
72
116
135
26
77
121
120
78
133
88
230
255
111
132
31
225
73
124
191
173
120
188
117
255
83
19
234
256
54
72
35
254
116
191
120
113
4
145
255
93
115
253
1
200
120
27
