212
212
144
113
212
183
59
88
19
165
194
165
206
79
231
67
175
33
194
194
128
190
51
183
47
40
27
41
176
81
33
225
228
89
123
231
95
92
169
206
153
75
97
138
208
37
113
3
27
27
138
108
242
181
165
89
171
126
113
160
51
27
55
126
66
33
61
180
129
88
129
113
138
183
184
190
129
107
89
208
147
36
164
33
19
112
164
190
154
225
94
209
98
136
220
181
127
181
128
130
16
14
96
123
141
175
239
129
27
138
203
138
123
246
128
203
7
183
208
172
231
89
216
239
14
225
90
136
136
195
180
3
3
51
3
51
203
200
211
98
64
253
10
121
229
138
51
119
200
3
174
122
17
62
3
90
208
195
18
145
209
185
113
7
3
118
98
16
171
16
144
83
190
50
154
254
79
177
10
211
209
33
143
123
129
90
6
18
205
113
50
50
18
74
144
5
10
28
200
3
197
229
28
185
27
209
208
69
181
16
129
50
222
208
132
175
249
33
112
96
151
178
123
183
220
50
129
16
220
5
104
93
144
126
182
211
152
151
222
9
197
121
98
64
109
81
244
249
228
177
149
155
165
160
117
145
160
177
28
160
20
205
165
141
168
181
111
181
194
89
51
119
51
16
51
220
243
222
177
16
149
90
254
177
222
204
71
118
109
243
241
205
51
8
29
182
5
71
254
254
205
130
179
98
50
84
90
29
94
51
114
220
227
175
245
130
177
145
92
94
254
51
222
177
220
165
74
118
130
153
51
160
227
49
18
54
79
175
244
36
254
145
14
204
197
6
212
154
94
172
95
102
199
51
69
106
118
22
234
138
129
7
191
118
82
118
78
29
172
216
51
69
175
206
118
63
109
29
138
206
106
118
90
206
54
163
172
205
51
219
136
143
109
71
103
254
143
182
98
155
143
199
19
121
212
173
111
174
179
14
69
62
90
106
183
138
114
182
244
156
165
92
13
8
62
115
237
227
82
52
200
192
241
242
191
152
234
16
64
163
206
169
163
106
90
76
154
156
123
229
77
136
182
164
226
156
165
206
51
118
5
149
246
4
143
58
160
92
41
173
14
18
118
8
204
172
81
124
243
219
26
140
164
251
178
8
243
106
188
50
251
211
92
182
237
215
64
63
185
90
172
44
92
244
254
54
86
115
227
222
251
130
92
246
220
109
211
69
185
182
142
21
222
51
156
185
211
46
16
46
163
12
44
111
44
22
107
131
26
102
169
181
172
34
44
118
8
47
92
120
99
191
189
254
153
82
181
76
98
153
127
5
113
119
21
143
119
98
106
160
234
153
14
239
200
160
87
200
81
172
255
62
66
199
143
112
62
7
112
225
21
92
200
153
127
251
79
243
120
222
62
171
51
54
142
152
109
132
18
26
54
18
78
119
98
109
148
145
27
94
118
234
119
92
80
18
18
26
118
86
118
132
69
62
152
19
243
127
226
112
229
200
118
12
62
208
235
200
204
229
48
98
127
156
248
198
112
131
109
254
127
114
112
50
238
192
75
152
253
112
50
112
179
239
217
54
239
18
109
50
219
106
78
44
217
51
71
137
204
254
118
148
255
81
64
182
92
152
61
254
71
7
114
178
8
184
78
145
217
191
184
26
217
112
218
26
137
217
192
192
67
253
118
211
9
123
78
21
131
118
224
118
217
36
171
68
163
4
54
82
61
26
192
28
68
22
147
155
48
118
7
28
200
6
82
34
141
182
163
188
118
177
9
109
5
53
185
148
160
128
68
118
188
69
120
234
10
182
218
99
192
99
118
151
254
106
200
220
13
128
118
154
118
167
71
44
133
205
254
71
125
159
161
254
189
99
133
151
224
188
234
94
12
12
254
9
174
226
104
181
56
197
211
9
181
65
111
69
140
48
155
254
92
254
99
133
48
200
34
152
154
200
254
26
78
192
56
142
217
234
200
63
68
12
242
119
234
63
57
148
64
189
155
224
220
220
86
106
56
188
216
207
171
99
185
200
200
200
254
12
199
155
189
203
26
188
152
161
180
188
193
148
224
68
161
12
44
108
12
86
56
106
111
44
99
86
192
149
192
56
41
152
12
24
106
247
192
139
183
45
85
132
202
86
224
192
115
46
200
161
60
134
228
228
149
120
202
189
192
56
230
238
133
44
9
189
155
52
60
155
82
56
115
52
52
60
198
235
44
132
133
12
216
214
56
214
115
25
188
125
155
210
216
53
60
94
155
12
234
213
149
32
178
224
189
178
192
189
56
221
38
91
189
189
111
216
252
247
44
45
79
247
72
4
47
213
196
182
224
9
189
110
44
193
56
79
56
121
52
213
26
163
79
12
218
56
189
155
26
52
86
189
213
213
60
153
228
210
102
82
36
34
60
155
201
