126
87
174
126
67
231
231
143
67
231
87
94
67
127
94
67
165
143
165
160
28
94
94
87
94
143
51
94
143
165
165
94
147
129
147
172
147
181
165
94
165
154
172
94
94
129
94
256
166
127
51
129
129
94
165
165
243
174
51
147
94
154
129
174
94
94
129
94
129
172
174
99
129
94
129
94
129
94
144
174
174
216
226
99
174
174
141
174
94
51
51
144
94
99
94
141
141
216
226
138
174
7
121
112
204
165
207
99
84
9
99
99
80
9
9
52
84
84
207
52
120
84
128
94
197
230
83
91
120
120
174
146
215
17
17
161
216
120
18
231
9
80
174
207
99
21
215
9
202
251
66
99
146
26
51
80
174
52
9
99
126
197
215
52
186
99
216
7
99
255
23
242
115
15
34
15
74
126
83
249
108
90
197
126
199
6
35
126
126
197
165
170
176
127
76
193
120
175
216
166
84
115
163
146
197
255
52
61
51
84
175
176
202
154
146
120
120
139
129
139
29
63
197
222
253
158
214
197
199
15
16
163
256
215
177
184
164
255
166
63
19
75
177
157
199
29
32
161
155
136
177
256
123
232
256
209
45
72
25
175
163
72
136
45
230
29
42
163
199
10
213
178
52
67
202
139
149
3
139
69
221
178
115
42
169
176
29
136
85
42
99
82
186
184
72
25
199
54
42
256
54
161
157
15
161
16
25
83
77
197
213
54
31
25
230
120
52
202
199
15
72
130
190
178
110
84
163
255
149
69
83
172
172
51
29
176
32
207
202
54
19
199
109
72
15
161
28
238
213
213
164
48
139
91
68
253
83
174
201
215
202
52
99
215
190
53
23
242
91
77
51
202
174
115
56
221
232
72
160
213
52
189
213
91
197
23
197
174
31
56
23
177
120
201
77
189
67
139
42
28
189
57
178
105
76
186
74
77
222
202
144
162
56
161
192
72
202
48
56
29
216
207
207
25
67
192
207
19
239
128
82
23
9
77
116
73
207
49
136
15
218
131
91
56
249
23
139
51
97
184
50
108
202
97
213
79
197
170
72
42
193
202
209
120
127
48
202
193
237
32
224
39
69
108
121
213
120
215
192
77
31
53
62
218
11
56
236
3
110
202
218
163
197
210
116
209
64
50
215
69
249
228
250
45
39
247
232
23
237
256
158
82
126
207
255
72
5
171
72
103
250
82
72
193
178
26
77
161
1
29
202
220
11
163
86
26
165
96
157
56
186
19
88
199
5
139
238
242
148
104
72
192
178
73
124
128
243
159
157
202
72
90
220
15
186
33
217
104
134
134
255
155
15
155
