256
98
84
138
84
231
98
231
138
182
229
143
209
36
229
74
114
143
36
143
244
143
231
87
208
7
209
84
162
204
25
29
208
75
222
164
73
75
208
144
52
209
36
242
202
223
250
253
140
36
143
95
18
139
81
224
243
190
223
121
80
81
143
144
210
95
138
162
54
91
243
29
204
22
208
243
208
95
116
243
250
243
128
253
18
146
116
166
140
244
136
239
122
29
154
49
161
21
91
128
31
112
97
209
145
7
132
160
243
110
247
140
231
89
166
141
123
166
61
7
186
21
204
203
87
242
41
210
205
132
88
227
55
166
84
112
135
125
141
225
126
194
18
125
146
154
130
18
20
51
162
141
182
51
233
222
154
199
131
225
239
140
150
51
243
47
181
26
185
230
140
101
208
162
251
178
153
48
165
173
165
174
251
80
165
5
147
61
174
10
122
150
20
231
209
129
28
154
92
103
18
154
72
221
21
173
31
89
243
66
239
247
239
28
28
150
76
54
130
199
127
225
147
135
201
251
162
94
181
17
210
125
172
84
127
174
18
251
98
243
174
166
144
199
138
33
61
147
55
237
26
174
87
138
118
28
18
89
87
176
234
182
154
251
125
123
91
251
234
186
84
251
194
140
87
225
104
91
77
162
150
20
129
31
18
222
200
160
129
236
255
135
80
200
223
164
230
169
210
216
123
210
28
89
33
63
239
122
154
26
222
234
228
42
239
61
132
26
123
147
180
213
98
160
177
198
135
94
222
51
224
136
35
172
183
36
94
125
139
169
204
253
93
127
59
39
239
141
18
121
18
243
156
239
66
248
67
63
215
94
129
28
239
187
115
73
145
43
122
9
125
99
66
254
147
28
251
187
222
20
207
183
219
184
235
140
181
223
34
224
225
61
174
98
239
41
20
4
211
37
8
94
133
20
250
89
11
211
168
94
244
188
125
199
223
225
54
216
88
60
5
169
173
253
252
52
94
87
239
214
181
66
180
253
135
125
229
222
42
54
174
225
148
253
94
179
211
225
129
125
192
34
206
173
221
82
174
136
3
160
179
146
83
141
65
122
98
7
144
256
67
77
184
129
125
125
224
154
224
122
118
163
197
183
212
246
16
203
211
125
203
125
229
245
235
249
91
54
146
32
20
170
68
197
123
126
20
62
33
88
28
82
22
28
20
99
125
243
27
98
125
164
116
217
4
255
122
146
20
174
66
172
105
26
28
150
198
85
145
20
254
126
172
198
125
113
225
9
189
225
89
186
217
195
104
18
225
10
249
192
172
139
197
203
126
83
125
228
198
131
228
197
205
225
225
239
190
52
41
83
89
186
123
5
23
25
189
8
150
253
253
170
65
115
32
200
31
197
251
188
23
229
140
94
157
163
64
125
91
248
253
148
221
15
163
232
237
68
107
188
83
163
134
4
197
6
88
113
184
211
61
255
94
252
65
89
51
32
23
118
191
13
193
200
201
254
114
199
77
178
25
106
158
4
102
44
193
25
94
188
85
74
251
88
221
118
239
92
32
107
10
16
230
43
239
191
37
74
238
198
223
61
249
190
13
57
173
228
85
188
197
250
129
32
5
235
189
102
190
25
4
178
160
127
44
61
254
188
198
53
163
4
221
81
228
225
68
190
191
125
104
68
65
250
125
68
163
68
68
96
146
64
68
30
68
68
68
68
82
83
68
68
68
170
188
92
68
68
197
