248
253
195
195
59
111
248
59
84
208
181
96
212
130
212
118
84
248
248
51
182
84
138
212
208
106
129
8
235
129
111
212
119
40
229
5
109
75
96
114
97
20
171
235
84
183
114
75
149
114
250
75
114
59
119
188
235
183
109
239
96
43
114
21
130
183
114
119
189
126
177
222
103
84
136
18
178
248
250
240
181
208
168
184
75
128
128
11
62
149
21
188
114
96
248
97
21
217
97
13
149
188
43
122
10
147
73
11
149
217
114
34
183
181
95
136
181
222
84
33
136
33
21
243
128
182
127
87
21
184
123
87
87
178
248
126
107
136
66
108
228
130
168
236
211
123
18
243
108
222
1
1
43
217
222
114
3
138
222
197
39
190
206
138
181
123
96
231
250
138
183
70
230
212
3
3
54
109
138
138
65
97
78
90
119
70
124
109
14
176
100
79
97
119
127
227
184
195
222
171
112
33
22
80
75
230
212
211
29
141
126
79
29
37
71
137
46
49
226
208
3
28
123
171
33
136
227
220
28
139
16
211
33
182
33
226
80
123
2
226
136
28
30
172
137
172
93
136
136
70
235
181
60
195
78
132
3
123
136
224
224
8
167
68
226
226
29
184
77
183
118
222
3
54
172
187
206
33
195
250
140
235
104
54
104
137
211
1
68
123
17
114
79
16
68
217
22
211
116
59
46
206
235
189
70
195
92
100
226
158
226
131
235
189
224
175
235
206
130
226
182
168
33
27
71
54
209
131
114
49
141
130
30
114
168
96
217
12
230
212
17
245
99
226
77
240
68
123
211
226
211
248
78
68
207
17
226
211
33
245
15
131
245
172
12
49
46
207
6
77
53
116
235
217
226
245
172
131
226
105
30
53
9
131
189
33
97
6
245
107
217
172
133
217
97
235
77
226
77
168
66
226
140
77
222
77
184
114
123
77
77
77
77
252
3
143
123
15
118
40
149
53
17
235
202
33
187
209
131
47
77
168
30
168
149
226
252
22
190
47
127
5
47
131
53
12
224
188
178
235
227
80
217
252
168
127
234
227
77
102
162
53
168
224
174
102
97
181
207
195
53
80
207
141
109
168
224
124
54
102
4
131
188
225
175
217
51
124
129
217
4
178
246
245
175
220
226
51
4
129
208
211
246
226
71
51
102
226
92
124
124
181
43
141
34
222
58
208
5
255
138
123
222
217
245
241
123
247
121
138
224
141
188
217
138
248
142
4
124
75
184
241
226
91
172
104
4
138
83
121
124
171
13
190
223
245
203
212
43
192
59
59
21
116
224
47
217
126
218
247
58
46
256
123
123
94
120
233
112
192
58
158
247
131
43
120
61
222
218
195
122
34
174
167
191
61
133
43
58
100
71
192
4
58
216
8
40
34
167
18
113
254
137
223
10
56
109
190
4
117
83
33
124
49
65
248
229
58
254
247
46
59
117
58
4
30
124
169
122
154
4
179
14
154
38
116
58
122
124
24
77
224
115
4
119
40
137
247
6
