162
132
31
17
183
95
162
183
40
40
95
40
243
211
146
166
231
203
256
17
183
184
50
106
182
95
250
256
97
50
59
138
88
1
222
138
138
183
59
136
186
145
205
244
222
33
150
183
189
80
108
223
222
236
141
145
182
205
135
196
191
38
181
135
114
135
256
73
187
183
33
223
203
238
235
135
236
132
150
211
35
235
231
14
32
97
135
10
245
150
203
33
77
66
83
178
124
223
154
150
15
195
33
236
249
17
9
132
187
191
205
132
118
118
183
138
226
130
219
132
135
221
177
150
136
49
132
65
207
33
67
16
14
28
203
256
132
235
10
11
11
14
1
66
66
256
132
139
166
66
226
94
1
144
150
31
30
132
5
153
164
210
135
74
132
77
33
132
150
25
132
60
135
165
146
146
77
136
178
135
205
33
182
243
114
217
196
122
235
236
132
222
15
135
117
146
171
217
136
140
136
59
132
245
187
135
245
122
130
222
256
150
94
31
87
138
61
130
223
41
194
182
195
3
146
55
164
217
176
10
221
132
146
186
132
236
110
182
66
8
130
150
182
87
96
100
11
146
240
75
146
243
97
230
73
211
150
15
136
132
136
15
217
103
146
95
222
135
236
137
13
3
5
195
42
174
219
132
28
236
91
107
10
132
66
16
206
135
110
176
228
136
174
91
15
75
230
116
66
169
162
87
77
138
129
33
29
110
33
77
33
222
217
226
79
29
184
244
220
150
25
184
230
174
135
144
80
84
58
230
140
15
132
84
11
221
27
88
230
196
245
138
97
14
183
132
88
131
136
35
77
11
89
10
131
220
139
74
60
97
184
211
179
187
206
214
174
93
60
97
130
218
229
154
105
137
14
185
137
181
114
35
139
60
226
150
124
168
100
14
146
170
223
47
66
114
83
146
30
132
130
42
29
136
192
139
29
129
217
184
190
34
74
65
150
178
211
184
203
231
150
70
204
217
179
195
187
242
217
174
236
76
108
199
186
230
251
123
186
84
164
247
139
77
132
29
245
132
240
42
221
76
222
14
67
250
77
124
124
195
226
100
35
235
124
242
35
187
209
166
236
203
105
2
29
166
222
13
69
73
30
202
63
65
228
31
136
210
77
11
114
13
10
89
77
17
104
217
210
141
146
3
221
222
243
211
128
123
174
147
77
88
169
115
100
77
100
117
244
166
83
191
114
131
104
83
132
8
17
138
31
89
49
179
31
154
104
77
174
79
228
61
229
253
205
55
100
220
88
235
243
135
95
256
210
202
211
211
224
186
174
175
78
11
77
217
217
2
11
166
203
222
203
179
32
91
229
136
35
195
184
132
31
114
83
138
158
146
65
77
216
2
35
222
13
13
122
226
65
222
79
158
250
210
194
49
137
144
35
10
99
123
60
187
124
10
247
235
226
247
109
181
30
33
222
136
38
220
205
7
135
139
187
136
256
146
181
77
124
210
49
226
42
35
130
154
220
226
226
191
13
31
154
10
100
139
151
195
118
195
140
64
77
210
80
104
170
95
91
83
55
17
95
184
207
14
70
256
228
192
92
124
104
73
3
238
104
100
190
124
75
77
94
84
77
230
108
92
247
181
192
10
49
211
94
203
238
73
69
228
100
154
217
219
77
92
2
131
106
178
224
217
169
217
76
33
120
85
15
183
33
226
220
33
124
205
108
139
147
25
228
63
150
77
32
42
171
187
2
203
49
202
153
135
179
187
13
140
105
154
99
199
26
64
132
203
28
184
216
235
201
222
101
227
49
95
201
194
25
195
187
15
102
199
216
5
238
138
65
226
77
158
186
228
252
238
95
42
238
248
247
220
33
100
158
15
99
139
154
195
135
228
75
33
219
187
60
114
97
77
249
15
11
177
88
164
144
157
90
136
131
88
210
184
63
146
67
27
49
130
135
139
184
237
206
135
87
223
124
228
221
174
43
217
164
14
88
256
74
216
175
15
63
216
184
223
100
1
221
211
145
80
222
253
210
27
251
195
22
128
228
13
83
195
253
77
25
235
199
208
64
186
247
180
62
194
227
106
174
74
83
121
211
177
94
63
139
138
63
252
15
105
132
49
210
245
25
14
169
226
2
31
2
14
249
183
2
104
111
132
256
174
114
174
190
146
57
211
154
84
244
29
25
220
249
73
111
164
75
67
176
13
220
212
196
109
236
88
75
168
238
11
211
131
102
58
236
176
31
88
65
220
195
199
124
222
131
61
31
21
109
138
171
34
176
88
138
190
190
216
17
184
182
180
174
127
128
77
27
112
210
250
219
243
201
211
114
199
66
217
168
102
226
95
87
121
247
228
104
16
42
132
248
237
180
100
187
244
240
104
91
256
193
15
25
66
70
245
3
102
34
13
140
175
27
236
88
77
27
226
114
149
29
256
146
77
158
154
169
248
219
146
54
169
183
217
59
31
174
17
93
67
231
77
10
86
219
250
228
136
181
77
230
230
104
180
217
34
109
176
158
80
63
2
55
34
32
132
132
79
100
77
122
76
208
61
15
226
17
24
184
172
169
252
110
100
27
222
216
88
220
166
169
21
117
158
15
110
210
196
203
174
250
244
240
91
135
26
25
77
32
99
89
8
116
114
224
184
208
123
247
61
81
184
83
76
13
217
216
15
243
135
87
63
145
153
208
196
164
39
248
176
15
73
154
208
123
238
205
226
36
250
211
59
14
77
184
81
252
131
14
124
190
226
77
183
138
122
49
67
79
238
124
77
88
240
235
15
236
80
84
217
86
66
86
55
221
221
194
150
248
96
253
104
134
146
63
166
64
169
223
1
177
249
172
100
256
223
19
31
64
256
110
116
77
108
132
108
245
256
15
238
226
190
73
239
219
96
63
230
146
168
184
43
223
166
182
91
27
235
133
222
66
24
221
228
228
104
25
124
5
244
26
84
187
190
33
180
61
179
88
91
199
8
100
145
33
245
69
256
201
174
122
253
223
253
219
202
187
42
146
67
25
59
77
138
15
94
43
166
124
186
77
150
249
245
203
15
29
29
136
192
15
10
201
187
43
190
238
201
88
256
14
21
60
96
247
4
19
247
187
139
64
15
238
158
211
43
15
95
15
80
83
33
25
63
228
66
219
32
81
124
58
243
102
17
95
130
65
77
164
66
111
222
230
64
139
149
63
187
103
182
66
67
179
176
184
236
77
114
135
63
240
74
42
70
169
74
174
154
77
106
75
247
256
65
91
77
236
124
121
120
138
144
203
135
96
63
218
133
223
87
122
167
104
83
228
33
31
32
115
135
247
102
14
174
124
132
77
122
236
235
170
206
238
188
7
77
210
205
252
124
166
150
10
10
247
77
214
195
210
60
49
187
193
81
89
146
171
235
136
124
139
236
211
122
235
91
139
87
236
144
104
255
144
77
253
101
11
24
64
49
2
8
13
63
203
174
25
247
190
196
140
150
226
243
63
77
206
150
63
91
95
66
86
185
242
63
89
77
158
13
101
77
154
184
88
205
184
118
182
179
13
64
233
195
76
134
43
77
43
154
219
10
220
109
102
15
196
49
213
63
201
64
223
201
203
137
226
43
166
216
83
10
174
198
88
210
223
38
116
219
17
174
8
164
248
243
69
91
190
184
100
253
229
76
132
3
91
25
91
169
137
84
111
238
192
226
158
217
109
63
85
55
164
45
221
70
25
88
131
94
165
103
174
42
149
172
3
75
84
140
96
79
170
105
108
32
233
1
247
132
78
219
228
35
65
207
171
122
103
153
103
195
14
89
88
43
223
105
63
96
101
43
201
91
64
175
129
63
180
174
218
135
256
122
77
219
35
67
220
25
221
210
8
136
147
77
29
190
247
238
221
94
187
28
96
217
52
226
243
122
82
22
195
69
25
239
229
14
43
223
203
77
63
240
77
14
15
7
230
158
89
120
131
184
64
238
10
5
10
150
101
11
82
100
127
168
168
216
43
157
199
32
219
132
43
240
179
27
31
205
91
102
77
100
158
196
195
63
52
131
136
145
15
252
238
195
106
157
13
201
32
158
219
91
102
35
226
193
201
87
227
42
150
196
15
43
132
203
199
253
85
64
94
91
104
226
82
88
91
81
210
73
208
243
77
217
53
17
252
192
256
236
61
75
57
26
77
14
43
122
203
16
31
86
24
219
65
83
128
158
139
108
42
199
100
193
146
15
134
171
213
237
120
8
33
164
83
215
221
110
42
78
247
82
104
237
256
207
235
132
132
211
1
83
77
227
77
11
67
170
67
132
91
82
211
4
77
121
26
203
179
232
129
175
19
203
75
190
77
146
158
44
64
15
8
100
218
114
104
146
238
217
99
89
52
43
89
77
26
247
25
138
190
110
187
25
221
250
26
88
203
223
211
135
247
64
230
138
170
120
149
228
195
32
132
193
230
60
222
43
77
85
183
63
25
201
73
77
11
109
169
77
64
221
219
9
121
145
8
226
220
221
33
27
102
138
10
170
30
67
132
83
110
41
195
196
139
77
101
43
77
35
223
215
60
102
201
106
252
86
236
22
77
236
64
128
60
26
203
105
64
11
252
164
184
139
255
100
213
240
112
115
113
64
59
256
201
53
149
192
87
75
25
30
44
78
146
81
149
121
48
76
130
196
94
228
25
121
203
193
180
52
25
204
220
226
186
194
216
240
88
169
138
35
168
135
253
157
77
25
115
33
63
201
49
236
238
120
232
2
35
13
31
193
63
255
35
26
236
193
65
226
76
237
121
91
163
204
7
63
34
115
238
65
146
132
70
26
69
36
115
138
35
91
79
57
212
237
94
77
31
95
35
16
31
253
190
107
31
33
192
204
196
32
174
64
76
13
124
146
187
91
195
108
190
78
196
196
64
32
59
40
146
146
54
132
192
149
179
238
77
67
124
57
183
150
91
184
230
193
216
176
76
80
255
242
34
77
107
103
15
201
82
11
77
186
73
11
50
49
11
115
249
201
166
116
34
42
186
226
240
240
238
237
103
223
100
219
22
135
33
135
240
78
130
77
195
26
10
190
76
238
138
96
236
77
88
115
49
64
19
77
64
33
131
132
25
77
33
220
186
221
113
219
137
27
77
91
80
137
57
240
97
10
157
80
25
179
102
64
190
121
10
1
25
8
14
35
256
11
180
32
16
182
33
216
157
189
238
134
64
124
31
221
99
32
14
214
255
110
121
190
256
131
169
193
19
137
25
95
77
35
35
49
132
164
203
11
34
11
86
28
11
117
146
176
77
190
240
137
214
70
77
114
77
80
171
201
221
114
124
164
132
19
176
224
96
1
124
124
115
10
114
226
166
70
33
55
78
193
64
120
49
78
190
147
196
134
203
16
64
79
91
235
107
14
145
70
186
186
134
216
186
34
196
120
240
161
78
53
190
35
70
39
203
104
256
