105
110
174
187
36
129
123
36
103
203
251
31
127
127
123
36
127
186
93
186
58
58
126
83
126
150
199
206
38
187
69
123
28
126
212
220
79
55
126
86
83
58
34
79
189
21
117
37
199
86
51
79
10
212
92
189
53
107
38
107
21
19
51
212
13
17
55
91
110
91
189
91
217
244
25
25
105
183
110
83
164
253
191
56
191
125
34
217
28
177
28
10
29
190
206
18
251
241
150
245
28
127
1
172
56
86
195
253
73
83
105
146
91
92
125
172
244
66
15
208
16
150
75
150
38
36
25
124
91
2
75
92
105
80
73
83
84
199
36
255
1
149
16
135
215
226
245
245
85
226
126
196
245
161
70
1
152
192
245
191
49
7
33
42
195
199
176
125
24
64
243
3
106
71
17
38
105
64
191
36
16
216
18
191
12
58
163
192
181
245
215
175
161
114
56
179
219
219
86
42
171
130
128
55
114
200
66
43
14
217
151
58
183
216
151
90
73
114
28
61
226
107
175
91
117
96
253
200
86
217
56
123
175
236
10
147
241
42
168
243
128
121
40
245
116
128
102
90
145
185
179
181
48
64
210
26
162
199
238
48
184
241
189
90
176
177
133
71
51
252
77
41
61
10
48
41
3
43
220
126
210
249
83
189
130
116
3
219
43
108
191
217
90
226
200
15
108
149
196
113
71
34
196
137
3
137
155
145
31
36
16
184
187
215
149
184
25
250
136
69
120
163
31
128
76
194
24
1
155
3
96
125
3
177
235
118
35
215
27
63
223
45
169
204
201
94
117
81
159
73
239
136
194
230
90
45
153
102
76
3
241
117
212
184
218
57
43
75
235
45
27
42
83
152
93
178
175
10
193
199
210
256
71
222
145
95
33
53
238
86
215
61
189
203
149
101
216
195
231
179
240
178
117
189
136
16
241
159
53
117
45
134
90
71
14
117
60
147
3
57
175
35
149
171
65
189
229
169
139
181
215
235
190
86
159
76
254
12
245
38
149
57
215
175
219
161
8
226
32
14
178
24
86
20
215
235
85
252
121
117
206
116
93
237
73
10
171
159
1
179
17
253
141
230
57
8
113
126
10
178
14
178
6
206
243
61
136
90
94
12
114
26
45
196
118
71
155
21
154
227
163
24
33
69
81
228
253
96
131
8
165
50
83
215
14
231
125
184
42
27
159
175
215
255
42
256
105
134
125
238
35
106
92
152
75
250
118
83
253
117
147
161
56
231
110
136
90
29
211
86
55
187
254
158
62
222
129
152
120
239
210
11
129
232
195
123
81
39
32
10
34
84
254
46
88
75
245
199
152
174
256
200
189
189
88
244
9
185
132
161
201
45
183
175
73
129
139
61
155
65
134
43
82
54
189
45
230
242
175
169
239
144
1
8
42
202
95
232
63
167
48
45
84
45
232
108
66
9
69
19
42
140
145
119
5
154
172
41
178
47
101
216
64
57
139
32
8
22
10
219
21
178
159
202
235
42
133
190
170
119
215
175
157
117
178
147
99
56
236
189
157
48
73
34
22
86
61
30
45
73
202
163
76
195
157
56
109
159
161
36
130
159
135
16
201
156
116
10
18
45
15
26
5
201
57
36
42
254
196
15
18
169
46
157
118
237
256
52
164
238
8
45
12
174
54
223
16
238
21
234
245
86
149
139
73
38
15
149
96
117
131
90
158
187
235
82
210
156
5
20
63
140
135
202
226
86
56
174
81
202
197
94
16
101
96
161
108
179
251
11
236
96
64
147
105
65
85
57
176
16
190
109
8
141
19
171
181
185
158
178
127
56
19
171
157
86
84
159
71
159
86
238
120
251
124
190
214
163
10
24
186
159
228
45
96
5
10
215
57
22
256
72
75
45
86
33
116
157
200
72
232
181
18
153
243
183
200
98
4
33
164
191
157
33
180
23
75
51
179
169
149
167
175
84
121
84
167
221
157
229
47
52
175
42
253
121
45
194
44
93
1
201
186
141
69
120
180
86
125
56
140
241
22
1
144
5
238
28
72
57
157
189
82
156
157
157
56
238
61
163
178
242
238
19
34
256
63
88
129
169
58
114
169
61
215
90
30
161
215
13
93
35
159
216
184
181
64
254
196
139
248
18
18
185
137
251
256
67
210
175
86
198
159
85
83
10
139
214
60
30
12
45
185
43
45
63
15
39
213
202
164
174
172
229
158
102
166
195
86
3
252
19
117
229
133
201
256
18
64
83
157
187
202
182
205
82
34
85
9
93
29
155
35
82
195
172
22
88
32
107
241
169
101
39
49
110
45
161
185
232
223
151
161
229
138
124
223
39
199
20
226
234
236
17
86
36
83
210
5
56
56
132
159
61
83
202
42
8
146
68
12
46
113
101
147
12
94
52
29
108
256
35
73
120
214
56
172
16
186
39
41
181
61
88
39
59
215
201
56
202
30
129
51
52
238
46
72
52
90
39
163
82
83
215
116
61
158
27
1
240
159
63
121
146
120
15
158
56
256
120
29
24
45
86
203
184
222
169
143
185
210
216
22
189
18
64
90
2
116
135
1
35
154
226
133
38
215
223
215
235
190
12
230
178
195
81
201
175
76
111
131
99
159
158
5
48
201
120
18
38
207
74
236
32
139
149
29
236
194
36
64
149
133
141
220
154
108
45
45
198
147
215
115
86
126
207
235
212
45
169
132
140
39
1
236
207
9
92
227
252
201
249
223
192
193
190
195
239
119
47
214
136
2
68
63
201
18
10
157
60
147
39
230
57
28
252
189
117
207
226
121
238
59
133
169
49
201
90
189
12
185
25
158
61
228
217
25
140
229
45
44
119
45
131
49
21
81
159
9
24
202
98
9
215
181
200
170
21
22
201
12
44
142
207
139
106
140
163
32
219
35
244
105
119
19
77
199
207
158
5
192
154
120
154
39
199
248
39
9
215
34
26
52
228
181
170
130
232
195
74
180
192
156
201
82
245
47
199
122
163
41
24
72
146
220
56
248
61
30
83
44
66
33
128
142
64
45
188
43
72
41
197
110
210
2
129
45
159
192
256
154
133
104
157
35
215
155
61
181
76
157
236
13
64
94
201
11
64
246
157
198
72
35
149
231
117
255
223
207
57
155
232
88
134
172
45
108
247
72
252
34
207
120
61
10
226
169
216
154
9
110
73
252
139
102
35
157
220
199
115
247
72
8
205
236
56
202
216
228
96
171
92
35
128
82
39
117
193
22
82
243
207
35
120
223
207
201
179
117
58
212
24
46
88
170
124
241
169
194
57
59
92
45
134
56
141
221
184
170
24
158
178
86
252
219
237
175
207
248
164
8
156
236
104
10
78
35
45
161
52
55
230
252
174
102
240
9
4
198
1
10
82
85
202
73
26
238
6
202
38
53
130
61
28
198
22
124
196
169
119
220
38
38
35
24
230
108
16
190
35
8
156
39
6
186
202
37
247
41
241
122
154
199
179
31
176
102
176
66
108
210
39
133
142
65
153
127
61
30
78
134
196
191
139
35
170
56
84
102
169
210
16
157
243
201
91
224
134
25
35
14
164
108
252
115
61
179
85
238
73
169
224
215
35
19
11
34
169
216
61
72
129
39
238
122
186
186
248
233
202
256
88
1
73
215
89
157
85
248
93
72
164
155
115
248
52
197
34
201
256
15
52
131
196
88
35
72
72
73
170
145
96
230
57
255
247
4
227
82
230
196
134
157
170
38
189
156
38
139
72
67
134
211
88
120
23
35
57
139
215
188
157
237
161
150
199
223
216
207
255
236
210
35
201
196
52
193
203
149
38
238
4
125
52
145
39
58
88
169
10
154
121
176
65
139
76
149
169
216
157
124
25
255
142
157
248
221
103
199
129
52
179
178
186
19
157
88
61
61
134
196
215
216
101
64
252
139
252
201
210
82
196
255
150
214
170
169
65
70
52
201
