146
162
7
143
237
143
237
87
143
87
55
75
40
29
205
73
138
205
95
29
71
75
71
88
29
88
138
7
248
205
84
160
55
29
84
165
74
205
165
31
205
29
154
162
58
248
180
205
162
205
251
205
29
205
97
74
74
49
154
181
205
121
154
87
73
248
84
88
236
55
162
62
205
88
71
121
11
172
62
88
116
40
179
29
250
236
63
221
116
179
223
252
179
7
227
170
247
55
220
74
162
67
205
154
3
29
7
179
206
164
139
177
112
237
170
138
248
88
162
211
74
181
222
50
94
128
165
94
170
243
40
240
162
203
209
146
74
138
84
27
84
182
252
74
62
237
122
27
90
123
67
83
88
88
205
183
162
169
121
177
243
139
112
101
29
162
140
252
74
141
103
49
69
222
248
183
29
168
29
248
202
23
29
46
58
74
150
101
190
47
186
11
50
62
74
50
138
211
66
74
52
116
62
66
157
55
250
162
194
229
205
128
179
116
84
46
63
153
74
212
63
74
206
21
147
144
146
140
49
84
229
46
153
66
228
181
166
15
150
144
45
194
153
55
160
95
206
253
252
194
89
35
165
172
74
143
91
31
150
182
55
80
251
46
58
142
143
95
115
177
252
77
89
74
88
123
116
203
95
168
117
34
240
66
82
58
168
58
67
88
229
211
171
101
96
256
232
128
94
143
56
250
29
153
27
95
116
11
151
209
217
122
239
8
248
1
24
182
150
74
101
93
247
180
3
253
151
66
110
179
249
190
40
209
118
133
136
249
150
132
146
164
122
89
140
73
63
224
150
22
63
113
75
153
170
24
62
37
183
22
99
91
150
150
46
69
180
58
78
235
134
8
33
123
229
58
190
193
87
75
182
116
89
15
160
67
59
89
87
181
240
125
37
117
75
190
251
181
143
94
184
121
91
166
168
98
30
50
203
93
82
110
25
136
75
161
168
168
8
210
244
84
204
205
170
134
249
79
225
180
21
46
237
182
219
47
168
155
168
50
88
91
22
71
80
18
174
52
168
125
101
63
37
160
168
91
160
16
8
74
105
141
91
244
233
167
204
51
30
169
253
138
135
69
129
128
98
239
222
69
101
91
139
225
140
160
162
101
253
232
235
31
57
146
91
24
4
193
32
167
123
247
153
233
77
167
43
193
107
238
164
205
196
121
170
168
167
233
29
144
189
193
1
50
168
74
230
143
193
50
29
66
208
8
117
8
217
59
17
168
91
40
84
16
63
38
137
204
231
55
210
129
143
241
179
171
199
43
22
16
79
69
161
22
51
210
130
74
238
50
168
135
95
87
225
134
144
167
112
69
168
10
139
140
225
182
42
29
230
159
89
42
108
87
168
219
141
243
130
220
110
10
138
17
238
16
164
21
8
42
181
15
110
29
122
84
229
22
229
17
150
74
143
64
220
112
75
164
107
150
188
154
128
217
108
211
217
30
63
25
228
24
208
146
17
107
166
189
93
133
42
79
238
168
8
19
200
160
105
127
145
76
222
222
128
168
110
8
171
84
233
202
10
15
187
120
167
31
20
174
158
175
125
105
248
107
88
122
135
109
127
161
141
75
219
48
243
174
181
27
110
135
244
160
57
248
55
13
162
74
217
208
135
25
247
251
160
199
19
23
112
220
116
43
23
69
144
195
8
191
195
167
251
244
132
32
75
29
191
110
256
110
3
204
146
144
157
171
175
26
95
43
10
154
227
50
240
206
142
25
133
62
182
162
115
50
101
101
224
40
208
57
185
103
63
164
227
110
227
116
25
65
24
238
160
191
165
228
116
122
191
18
211
29
8
8
185
110
174
19
138
159
50
243
213
180
217
191
68
17
32
74
44
79
180
150
15
113
82
88
135
93
136
94
87
176
157
16
205
109
91
84
205
217
26
252
149
154
101
177
122
121
138
1
143
191
74
226
43
145
241
26
104
19
93
245
6
1
102
1
197
13
122
59
191
24
101
145
8
221
13
218
59
160
14
122
209
113
170
66
17
242
125
3
193
172
185
36
33
172
151
174
139
220
47
153
195
141
238
13
18
95
74
111
17
8
235
3
217
211
6
110
55
37
17
193
68
95
1
8
124
9
65
120
23
158
102
43
7
140
154
63
3
3
197
50
185
14
115
132
113
66
45
65
95
228
229
183
174
132
150
53
59
20
177
21
244
80
17
72
20
7
20
186
197
7
65
235
194
78
106
47
174
2
206
18
94
52
59
105
183
136
73
17
104
214
60
151
22
1
116
236
57
107
113
233
175
159
193
151
56
3
208
108
127
227
110
109
104
8
94
206
13
116
57
116
50
180
255
41
181
93
209
105
76
157
36
168
193
3
80
170
101
83
65
84
159
174
34
185
242
139
244
72
55
60
72
162
185
9
227
216
139
26
177
216
218
14
198
114
45
218
181
174
78
141
37
33
20
33
33
181
193
233
216
153
48
223
64
20
219
40
72
82
20
80
171
174
251
167
127
76
94
204
51
17
167
87
129
20
215
150
158
27
142
1
130
101
43
129
34
90
45
107
197
190
179
92
99
185
141
214
124
197
76
138
174
107
150
174
92
26
100
217
237
3
115
130
138
141
90
153
83
149
63
177
140
251
65
153
72
174
107
87
139
199
182
239
98
167
87
25
226
109
179
244
162
38
50
223
88
78
253
65
149
21
194
168
202
48
63
21
100
168
45
92
197
20
60
218
208
20
22
128
153
33
197
223
115
25
168
92
73
101
78
185
223
223
20
166
128
120
39
129
129
124
26
20
181
76
19
118
241
65
36
218
176
120
181
246
20
43
202
17
38
79
214
227
213
203
21
197
39
219
208
167
188
144
38
89
122
26
60
254
166
197
61
152
142
38
33
240
239
121
227
92
71
207
71
207
241
204
95
80
143
205
139
168
193
175
241
207
244
213
153
179
38
154
8
136
20
164
245
197
193
37
78
185
95
197
3
101
52
191
210
9
255
139
251
252
99
38
109
181
207
16
49
230
38
131
63
168
68
203
148
18
48
48
40
52
197
134
131
134
233
239
137
4
244
137
200
160
45
138
213
202
226
73
117
226
70
180
25
186
19
36
24
100
121
124
136
11
232
20
136
171
20
186
120
233
208
255
29
165
255
75
180
252
61
222
122
32
72
122
108
168
2
9
29
230
84
19
118
98
97
233
89
205
84
138
89
60
124
223
205
23
172
193
139
99
29
75
20
15
50
130
215
231
230
5
211
112
19
232
74
11
29
111
255
19
48
124
214
122
159
255
230
125
74
250
122
193
174
40
157
110
11
89
137
173
154
209
124
9
136
122
244
100
142
100
244
251
247
247
104
125
121
215
162
62
26
144
144
233
157
209
193
240
87
156
19
233
255
162
177
139
22
191
227
40
227
223
197
255
145
252
253
233
165
113
97
180
97
114
116
214
227
37
255
92
108
210
139
29
221
193
256
72
120
223
172
163
25
232
164
214
72
161
78
149
159
95
107
138
233
191
193
212
255
107
137
48
72
255
112
139
142
127
37
232
247
75
253
255
218
255
255
60
4
78
193
135
122
2
20
97
4
97
215
28
50
93
122
19
94
253
153
63
199
233
137
42
5
210
252
193
206
2
72
82
171
179
93
198
78
199
52
197
198
20
255
218
247
197
121
68
247
197
116
221
154
75
137
141
185
1
22
197
10
25
100
226
208
33
126
125
244
142
217
247
247
11
68
206
72
190
38
233
164
37
216
116
121
246
233
60
63
139
233
157
3
252
159
227
139
166
99
38
157
89
161
241
164
251
146
48
197
233
187
126
134
218
76
197
207
95
241
98
159
48
48
123
159
159
197
182
141
232
152
126
241
44
99
65
157
247
241
182
5
49
232
113
136
179
227
84
255
49
139
167
148
191
179
48
