174
174
165
98
165
126
16
3
3
3
3
3
3
165
156
156
126
111
126
123
143
176
156
194
222
174
98
145
145
36
143
147
143
123
98
98
62
126
143
244
62
62
97
143
147
208
143
165
165
208
143
123
98
98
204
208
112
107
184
50
204
65
200
143
204
62
209
123
112
209
112
204
66
209
147
112
209
208
112
118
112
209
156
143
112
204
209
138
204
126
160
204
209
7
208
133
156
151
143
113
151
209
151
150
204
5
204
83
112
59
204
113
21
150
105
245
112
133
126
17
204
38
208
87
204
200
208
186
71
6
94
112
205
186
61
83
231
94
94
151
61
162
62
94
83
18
235
204
3
156
204
81
200
113
36
211
3
151
147
61
204
204
7
120
66
113
17
141
127
26
128
126
123
36
123
94
151
88
105
119
147
160
141
62
59
67
171
151
221
87
143
13
98
24
62
98
151
9
98
47
36
98
165
174
141
98
221
126
221
211
203
59
36
20
114
127
12
36
243
8
36
118
24
127
98
126
237
59
160
174
98
208
98
94
171
9
147
54
204
160
174
98
36
143
83
54
160
191
126
58
21
66
63
194
91
83
98
143
36
224
5
165
160
146
83
126
165
88
253
160
188
81
160
123
98
83
160
244
143
21
117
98
174
62
254
87
98
29
99
44
106
29
217
126
221
39
94
160
12
98
143
99
191
163
141
29
189
165
188
99
62
254
149
160
190
66
88
94
234
62
229
188
99
98
222
94
199
143
146
52
176
118
94
118
21
199
161
221
218
200
239
113
239
98
188
99
36
34
243
141
68
21
113
185
42
29
113
84
120
20
199
188
120
218
9
149
7
30
57
191
188
148
215
152
94
141
174
166
152
52
253
99
43
149
254
103
26
99
30
200
84
100
134
160
178
99
152
199
254
75
92
131
152
99
164
31
168
98
32
87
162
26
82
200
26
23
254
256
191
81
9
202
12
166
188
218
80
98
121
72
84
238
121
208
246
38
197
172
40
218
152
98
74
253
205
26
29
151
84
218
206
136
219
86
73
197
13
215
148
218
84
17
42
42
1
29
210
89
76
197
84
120
205
99
210
99
205
253
230
254
29
107
253
256
121
232
148
73
197
29
189
197
19
202
254
231
185
152
249
89
113
253
120
242
189
186
162
230
186
42
50
161
197
1
148
253
86
120
161
160
160
232
88
200
148
42
213
