109
34
20
220
20
132
132
220
212
54
54
127
127
177
64
175
177
54
54
177
131
145
175
220
109
10
177
76
54
129
250
235
220
95
228
172
228
95
51
172
212
66
83
192
172
61
83
216
175
98
156
118
183
123
212
82
120
199
85
77
192
70
79
175
123
122
82
118
106
66
156
51
131
82
106
123
237
77
161
156
235
127
123
127
82
85
15
82
98
3
250
106
216
197
62
122
192
122
255
172
54
211
154
235
216
4
131
154
217
208
230
122
129
82
154
197
145
113
84
249
230
54
193
172
82
255
255
57
95
123
69
82
131
51
141
15
71
154
206
53
165
172
216
153
248
75
147
63
98
212
53
242
76
242
212
226
41
53
160
71
77
66
160
215
3
125
16
197
184
69
216
10
243
184
74
255
178
182
193
178
124
153
212
51
98
216
54
6
52
126
212
82
46
223
3
53
38
230
41
216
212
149
52
216
236
38
181
216
106
160
46
208
5
106
71
117
243
143
38
220
98
197
160
76
51
160
212
215
197
90
123
46
153
76
37
181
51
53
99
38
124
215
247
82
160
1
1
216
199
255
46
15
77
182
215
87
226
197
17
153
216
216
11
132
216
243
37
143
57
255
18
178
224
194
154
181
193
123
215
41
254
129
4
177
173
57
6
53
22
82
54
26
180
102
108
49
102
92
82
43
82
122
174
231
182
38
102
102
224
156
236
95
87
49
38
106
102
82
79
61
105
70
105
82
227
17
138
63
118
14
216
44
57
104
69
95
137
31
5
150
122
8
4
118
108
117
200
118
77
111
