91
162
211
162
75
33
97
91
209
75
33
103
208
33
171
73
36
87
209
209
95
136
4
4
183
110
106
91
151
136
249
162
31
208
211
97
211
252
91
7
58
4
211
97
209
136
230
106
110
7
184
183
252
55
110
136
40
243
88
160
222
204
98
10
97
7
4
29
3
206
3
58
191
105
84
84
95
13
84
222
243
58
1
211
136
14
38
14
144
98
110
253
102
62
253
206
14
250
175
33
58
13
54
183
172
3
222
33
96
77
10
238
105
175
89
117
220
105
143
195
185
205
242
169
243
195
87
88
222
196
10
243
92
75
66
114
84
123
106
117
220
168
92
11
117
40
177
183
160
16
235
150
89
122
97
87
236
250
128
112
233
250
110
106
184
117
3
123
32
54
117
87
17
96
62
60
58
10
244
115
123
117
204
244
153
250
190
175
87
10
103
206
128
107
222
106
211
231
230
54
121
58
121
89
33
97
175
140
79
147
74
46
182
162
106
64
231
151
84
211
42
104
253
222
231
112
129
204
195
79
129
249
154
150
172
13
160
13
122
34
31
230
154
150
244
75
154
229
117
166
211
195
122
122
127
115
131
74
131
111
102
75
243
53
154
129
212
14
195
8
231
113
104
74
244
143
8
211
114
14
30
61
230
77
54
123
212
13
16
129
117
253
206
34
95
114
28
229
184
108
37
92
253
249
231
5
51
204
8
131
106
121
122
54
51
228
167
193
251
110
151
138
114
211
150
29
131
65
169
51
54
112
73
75
13
28
130
12
124
204
141
242
229
225
74
177
8
203
73
154
122
165
177
130
51
80
251
165
42
84
108
138
51
130
102
77
189
13
8
230
176
123
192
156
86
75
10
13
229
178
130
175
175
8
123
154
42
143
131
156
108
162
128
36
30
117
21
143
125
253
61
165
231
35
63
143
230
56
54
76
59
5
13
106
239
127
58
204
167
21
35
153
245
205
211
54
234
5
55
212
27
60
36
61
117
13
208
180
169
156
123
131
141
154
59
136
139
31
8
123
41
7
117
112
236
17
166
178
128
129
141
249
246
137
88
39
84
166
220
209
123
21
113
121
29
3
121
175
243
7
220
109
123
113
147
141
206
165
97
165
129
150
165
220
217
180
67
59
243
6
113
234
194
136
220
115
84
186
150
223
185
95
185
4
92
187
254
44
93
254
125
93
36
111
190
121
165
186
75
16
141
208
151
123
109
35
120
71
182
177
16
254
122
102
151
147
190
246
226
122
29
92
106
112
21
237
13
182
165
200
126
246
126
253
89
123
95
7
246
141
8
29
109
208
67
160
195
26
75
141
160
154
9
36
248
177
184
140
89
12
243
119
100
119
211
165
8
101
254
81
119
71
129
4
112
145
83
177
5
7
109
217
71
156
166
217
122
224
107
204
147
70
126
7
246
141
253
21
16
172
19
245
129
8
34
193
172
6
75
226
51
66
143
182
121
136
195
237
49
151
250
171
216
176
136
88
95
51
92
4
211
2
18
122
96
67
142
65
43
165
227
3
148
141
51
97
176
141
141
143
245
85
244
30
34
58
161
172
244
69
30
66
105
75
124
191
200
26
143
244
120
146
154
112
38
44
177
160
29
92
50
125
172
17
188
235
31
174
136
249
4
224
98
249
44
65
8
18
150
20
22
129
182
150
122
28
154
4
200
131
20
91
51
190
2
4
87
248
102
182
26
121
174
91
122
164
61
244
17
242
255
160
129
103
91
19
87
56
112
44
26
2
174
67
160
224
2
30
109
118
128
118
17
146
245
135
172
129
129
49
43
26
22
161
211
190
4
52
49
55
227
66
141
27
217
191
227
246
122
238
143
217
17
240
50
66
233
52
172
97
49
225
131
52
27
112
11
109
157
164
240
254
52
49
160
26
97
112
191
175
253
36
150
127
71
243
87
111
8
227
2
97
98
21
190
141
120
127
151
208
151
253
131
220
59
156
87
175
90
97
154
244
171
160
181
182
245
204
114
42
76
200
244
96
191
245
26
39
151
39
222
78
250
91
18
43
122
235
249
233
176
125
109
223
111
208
59
245
253
255
64
28
127
147
122
151
122
165
236
71
109
97
128
174
231
109
151
21
30
231
172
211
89
212
30
141
205
198
210
117
118
111
60
219
205
171
115
175
251
238
181
110
74
220
172
73
232
87
51
204
240
92
88
215
125
63
191
130
122
251
151
172
127
125
245
134
160
129
17
112
198
133
91
231
190
226
244
245
5
256
86
38
2
35
115
215
95
102
172
2
143
249
66
160
137
163
47
112
133
188
11
212
230
10
71
227
198
160
86
31
244
178
113
118
28
206
123
79
151
83
188
190
60
109
30
235
17
125
51
79
4
39
211
102
172
109
107
172
7
78
70
152
37
30
73
182
112
9
64
171
129
55
204
231
18
146
198
251
161
97
173
44
211
120
244
249
176
123
105
4
50
4
19
249
29
117
71
6
255
234
43
29
145
129
220
229
140
174
142
43
255
178
44
25
30
182
184
29
195
209
29
92
92
116
129
193
240
224
106
83
31
30
130
26
194
76
115
119
44
23
122
255
115
199
217
93
89
40
198
195
38
118
206
27
30
180
176
92
178
150
245
27
22
96
6
151
166
19
253
256
4
91
38
217
174
224
107
226
79
142
198
244
191
256
79
103
65
214
71
9
9
62
18
92
37
255
221
89
20
22
172
138
243
214
230
120
164
30
20
219
254
138
165
27
37
219
234
255
256
151
245
30
43
62
226
227
256
128
198
104
142
86
108
245
53
49
10
182
245
22
186
167
20
51
238
104
2
112
136
203
160
240
20
30
252
83
75
76
19
37
160
10
160
120
119
122
202
64
35
182
55
195
173
122
197
49
173
227
143
80
227
160
160
135
176
173
119
203
219
164
241
176
63
100
176
47
70
119
43
165
133
47
140
221
122
135
137
255
223
73
33
121
200
12
226
184
116
224
26
142
10
154
253
241
198
35
119
92
197
208
104
142
91
227
245
18
192
224
220
138
189
232
119
60
11
49
204
109
139
206
254
123
253
70
245
194
73
227
254
1
39
49
47
92
77
120
249
3
85
11
156
85
31
145
142
30
253
141
125
33
125
254
224
115
230
102
171
56
147
77
159
125
217
191
214
86
207
193
38
44
26
255
234
49
39
83
144
255
210
33
216
66
255
203
244
125
205
19
197
2
116
198
167
72
173
227
43
148
173
255
156
30
99
78
43
224
33
