170
18
84
87
172
251
164
172
31
251
87
164
89
74
52
143
128
164
172
172
164
242
110
42
239
172
55
87
256
239
210
214
87
55
116
38
89
121
149
182
250
65
185
80
32
87
159
106
42
25
159
118
132
73
82
7
52
32
248
162
32
195
95
182
174
172
242
229
7
229
64
165
195
7
87
186
253
253
106
164
191
58
165
221
75
10
67
106
95
125
165
138
25
22
126
95
165
15
165
73
21
77
25
16
89
194
203
71
127
98
67
229
108
182
42
126
162
125
162
164
209
103
132
7
71
58
164
256
195
136
61
105
211
17
148
127
174
84
229
105
164
15
174
94
98
33
218
42
249
133
9
153
112
33
33
29
34
145
220
15
95
97
129
172
256
126
59
153
165
166
174
146
208
21
176
66
199
248
91
129
240
164
108
182
163
11
84
172
47
172
86
108
145
63
145
8
96
245
152
145
195
120
93
70
146
214
149
183
231
7
34
178
164
191
239
162
74
225
59
219
21
105
21
66
203
153
88
164
235
252
74
174
34
15
145
182
66
239
154
143
32
201
91
182
41
136
214
110
181
208
77
176
178
82
122
95
218
21
93
50
231
105
232
140
235
208
138
208
176
196
172
28
147
131
152
215
191
232
87
134
191
172
150
35
247
61
156
220
225
25
86
46
172
73
21
191
16
6
221
38
52
65
238
168
191
147
223
208
36
196
169
74
36
218
170
232
44
39
100
233
153
249
106
201
164
70
171
102
256
10
174
234
254
237
31
248
38
226
149
185
218
196
11
201
31
254
147
8
116
230
215
94
77
192
191
64
129
57
97
105
166
155
198
37
4
103
94
83
190
203
136
211
170
53
99
147
34
48
130
122
146
186
162
51
147
13
13
139
209
58
98
206
31
10
67
88
64
129
87
192
127
38
231
94
95
207
39
226
145
231
13
122
98
19
190
122
53
5
42
218
204
88
147
140
3
50
42
39
42
127
31
72
236
219
6
10
255
164
122
242
58
184
134
17
49
213
211
237
54
90
94
54
244
38
105
9
33
34
19
226
145
23
236
35
83
121
26
202
67
69
50
253
208
83
231
253
172
32
207
93
96
74
23
65
194
158
194
92
13
238
229
85
54
18
190
25
240
145
190
197
42
122
31
3
243
14
226
204
8
102
147
96
87
61
102
147
81
212
88
46
208
18
226
154
27
147
177
175
121
223
18
33
71
106
28
206
168
18
178
43
251
242
236
211
199
234
42
57
117
170
61
104
215
23
31
174
171
126
169
196
34
190
131
175
2
51
186
116
126
180
1
134
106
135
43
67
54
174
139
186
5
76
51
211
99
12
235
138
61
166
179
104
14
136
101
196
127
153
234
129
186
64
240
32
205
211
11
115
42
111
195
210
117
76
149
159
166
223
126
40
6
59
72
106
256
242
67
84
211
42
161
117
19
247
64
155
111
142
35
46
128
182
252
218
149
99
83
138
144
94
155
248
219
87
34
203
211
147
113
203
6
31
201
146
82
176
17
187
192
155
115
128
31
199
5
55
204
221
50
186
172
200
240
83
195
230
232
176
87
128
223
192
117
54
6
73
26
169
111
75
114
64
5
202
128
186
237
155
67
199
189
188
153
135
14
137
237
78
121
121
3
153
8
240
161
212
96
136
11
238
176
80
50
223
168
103
83
114
166
197
203
121
76
171
65
168
244
33
77
42
31
38
42
61
219
204
75
66
219
199
172
117
170
61
155
87
16
87
197
197
220
20
238
91
86
115
160
189
55
144
237
182
252
161
219
106
201
206
81
197
253
204
72
20
149
42
43
132
20
218
218
61
176
99
35
236
206
238
219
35
87
64
187
235
83
236
155
67
101
223
35
208
10
243
171
238
121
101
189
155
85
210
76
219
221
197
154
169
221
204
33
238
155
53
203
67
46
53
42
219
176
121
252
123
77
99
11
256
245
53
42
69
49
91
166
96
155
134
95
203
69
128
195
116
99
15
253
237
219
166
256
64
236
178
6
166
81
50
80
14
231
52
166
64
163
203
248
234
13
218
156
129
35
147
91
216
170
231
176
49
93
100
203
5
50
138
33
240
255
42
182
35
207
20
111
65
236
115
170
189
111
8
33
214
186
69
210
21
91
134
70
110
155
155
231
10
10
252
196
210
26
239
230
201
40
256
20
178
10
214
190
210
69
14
13
10
38
164
95
100
169
166
31
240
32
250
119
187
256
96
215
44
80
64
210
198
79
34
18
236
242
176
49
64
89
170
32
203
188
88
128
153
34
99
50
13
61
57
3
164
205
10
253
49
19
164
110
194
53
252
146
249
211
203
177
117
116
151
238
171
88
34
134
221
171
83
212
91
195
1
26
250
190
96
117
9
108
251
2
33
11
25
61
217
237
33
203
1
82
66
166
252
10
164
221
203
190
148
211
31
221
217
155
253
52
1
93
128
17
124
55
78
137
10
203
99
44
33
256
42
183
99
240
116
238
38
210
196
120
9
221
79
76
256
145
89
207
85
10
210
203
120
17
88
236
108
34
219
249
133
44
243
192
77
47
255
26
203
211
166
13
186
123
34
39
218
112
139
214
256
95
99
186
248
42
189
88
153
73
228
101
26
176
150
210
102
10
115
35
119
242
244
64
230
237
220
99
123
199
80
91
176
26
150
172
64
33
190
67
95
95
186
55
159
164
251
63
18
145
81
178
77
183
222
45
69
33
155
218
3
99
61
238
67
210
29
237
26
93
203
230
88
148
190
252
237
172
11
38
120
238
203
120
196
27
32
49
25
166
99
25
230
250
53
49
82
174
218
256
202
176
89
96
106
42
253
117
121
34
219
213
161
231
186
9
196
124
89
238
120
174
53
170
164
241
204
34
203
64
210
180
144
35
196
237
99
49
146
29
183
33
213
240
97
252
230
181
94
161
196
64
214
88
119
34
157
73
24
252
57
240
45
14
37
203
221
196
55
207
79
192
150
237
120
192
230
214
39
52
84
111
94
219
10
196
15
59
31
14
42
94
27
99
43
86
114
242
222
52
99
52
252
22
31
161
190
242
204
31
34
62
115
174
50
96
189
226
238
82
124
240
170
91
203
66
140
5
88
121
218
34
253
218
1
62
218
150
85
62
214
201
221
256
240
91
170
84
203
73
91
9
103
237
51
33
218
214
79
29
218
55
174
139
192
108
218
248
256
96
82
237
48
219
103
70
207
45
33
196
172
146
236
196
194
203
33
231
31
183
84
26
240
64
146
220
116
213
88
63
86
153
253
140
158
256
14
138
117
104
25
14
189
74
235
91
108
10
237
135
52
124
66
10
220
82
44
223
105
35
218
252
203
83
228
256
193
25
9
148
190
108
238
203
39
172
88
219
77
34
11
176
117
166
176
219
238
124
15
175
108
136
232
17
230
62
170
181
237
17
250
248
1
207
26
221
223
211
169
25
10
62
226
213
79
56
52
163
139
82
252
179
119
66
214
33
86
240
163
19
249
218
201
186
137
73
91
214
32
24
228
137
16
121
7
102
132
10
196
62
116
10
77
120
210
207
102
134
178
86
102
73
155
25
64
91
34
48
10
237
203
16
237
230
134
216
133
249
136
39
22
213
133
255
256
134
117
86
242
119
201
214
35
242
66
31
103
196
161
146
10
9
190
25
44
32
238
189
12
10
12
79
139
237
197
214
196
26
79
35
31
219
19
42
239
214
178
223
166
238
214
27
190
56
73
172
238
199
216
140
161
6
213
178
35
179
114
35
133
214
42
35
214
91
64
240
184
204
31
91
88
88
218
33
204
88
61
170
228
161
226
70
50
149
9
52
155
86
213
76
161
161
210
38
192
19
211
197
149
214
59
197
240
219
33
45
70
8
240
35
121
197
192
148
26
120
252
14
197
26
146
115
25
214
61
25
3
103
105
44
24
203
170
31
203
214
242
214
44
238
145
26
27
193
196
144
231
147
8
26
115
213
133
9
91
197
31
197
218
149
199
224
42
134
133
66
31
213
106
49
52
155
161
215
83
9
39
115
67
52
197
237
115
155
170
238
120
26
221
238
255
9
255
102
154
134
76
178
34
123
197
253
240
221
146
52
164
213
193
221
102
197
35
139
102
199
201
9
161
70
35
117
21
255
166
117
147
9
183
240
213
256
253
256
117
44
35
196
186
12
13
9
120
19
35
76
134
39
100
196
3
115
238
255
133
133
26
35
186
201
230
39
13
91
232
142
153
88
49
223
123
76
44
240
42
52
163
203
133
10
55
228
64
96
124
148
45
135
134
205
197
163
210
170
169
96
197
197
223
137
141
49
44
213
197
202
120
237
43
221
91
159
72
88
10
251
32
145
192
153
196
123
96
162
96
91
155
197
79
135
34
186
169
193
196
40
137
35
9
238
57
119
235
57
151
88
197
141
255
253
17
190
134
38
44
86
211
203
218
197
102
76
112
41
236
222
197
161
145
102
141
159
41
