80
170
91
58
98
231
211
130
121
65
180
128
176
11
195
221
75
36
176
128
190
98
112
203
128
206
240
225
7
239
138
36
11
211
94
107
11
112
11
150
98
121
14
55
251
130
88
205
170
130
123
71
150
88
88
130
204
189
180
74
190
123
18
150
150
73
221
150
41
166
93
113
148
128
231
221
81
54
138
251
11
18
65
144
76
203
251
88
54
194
204
252
204
128
128
221
128
150
252
51
209
107
99
190
241
195
144
106
73
40
130
150
153
40
62
190
113
11
76
2
221
29
221
191
204
234
150
191
40
94
161
221
41
162
241
204
221
10
221
150
210
204
220
76
142
112
65
241
213
161
253
135
11
81
42
51
216
221
241
190
190
142
221
166
77
74
204
204
81
161
153
186
25
113
91
252
32
88
128
194
88
27
220
74
40
238
69
204
66
32
244
106
8
82
221
11
162
59
204
94
66
241
242
170
213
186
221
121
237
161
9
148
161
58
205
112
7
241
221
176
203
204
104
221
26
90
113
204
99
172
82
150
14
40
138
221
204
10
7
42
7
150
172
190
55
132
162
95
25
99
113
148
112
162
59
17
142
71
155
161
186
186
121
99
186
221
174
46
104
130
252
221
212
11
112
225
17
128
128
28
221
123
99
7
148
68
170
213
99
41
115
18
174
204
52
69
161
182
161
142
63
161
161
209
190
66
142
213
55
140
142
9
140
76
32
146
66
9
40
98
172
104
162
112
256
18
99
62
252
55
85
42
150
162
218
55
148
174
252
245
108
148
99
221
213
155
26
113
112
140
241
99
242
150
157
48
7
21
214
204
107
69
66
110
139
161
99
204
161
164
89
65
221
52
216
94
174
172
50
155
216
172
94
174
197
174
78
174
67
99
9
174
252
213
40
99
232
159
99
113
99
172
221
172
21
160
172
232
16
147
66
142
62
202
252
208
204
232
216
159
99
155
159
9
49
11
245
49
99
170
99
213
151
232
160
197
151
255
42
138
202
29
186
73
155
162
99
186
99
66
52
112
146
213
245
112
197
221
99
76
112
76
160
161
165
71
174
72
99
62
197
99
197
204
197
66
43
186
98
87
91
216
72
197
25
253
75
202
99
161
94
174
165
204
51
146
176
44
66
143
118
208
143
87
86
72
197
226
204
197
82
98
112
174
83
29
202
9
208
26
221
197
67
162
148
216
176
98
216
112
157
242
89
189
157
91
91
174
202
213
66
242
242
27
115
174
157
197
82
48
189
239
31
221
246
159
16
143
57
87
120
166
72
72
3
112
91
66
174
62
94
221
23
120
115
84
174
149
176
155
197
235
222
156
160
155
174
3
36
110
204
29
133
84
159
157
242
230
239
219
197
147
147
72
13
56
202
64
45
23
232
69
91
204
183
160
159
242
161
74
214
7
177
13
86
7
159
149
159
148
86
84
253
163
199
162
148
165
26
86
161
148
91
48
94
133
151
110
197
162
163
157
149
99
82
51
14
163
249
34
230
153
82
83
99
213
163
192
218
159
174
223
88
110
7
39
230
23
173
197
151
151
204
72
189
210
218
49
45
25
88
232
39
256
161
19
148
230
88
155
91
2
25
197
72
197
88
83
204
48
192
120
80
159
21
161
74
84
157
193
148
153
1
146
242
57
202
18
63
149
215
82
221
105
13
148
83
237
84
117
246
57
212
82
88
214
178
128
42
53
203
82
13
146
157
4
4
181
178
74
230
232
216
55
246
170
235
106
218
202
120
214
37
82
218
57
77
161
13
221
185
163
82
88
157
213
50
249
146
230
213
161
44
150
162
99
112
133
197
115
213
221
82
69
232
249
157
66
157
162
163
169
25
104
51
69
50
48
214
42
249
120
79
148
61
218
213
218
213
189
110
157
96
190
148
84
23
90
218
133
161
237
42
115
218
115
247
218
115
218
133
115
42
133
115
57
157
91
255
237
155
134
12
189
202
86
202
72
159
133
12
237
256
213
57
115
20
12
12
159
197
218
134
155
134
155
46
15
133
218
12
155
12
12
197
44
134
12
155
155
215
