150
230
230
59
150
10
115
35
181
174
204
87
204
18
69
102
36
187
79
95
155
8
253
240
150
155
151
71
85
150
22
3
95
155
231
69
222
35
7
153
45
150
46
21
253
31
195
240
36
87
203
28
238
112
250
129
151
204
160
204
84
61
153
245
219
84
84
174
170
166
136
176
208
112
70
200
116
33
204
21
211
249
242
36
249
33
84
86
189
95
95
151
187
113
5
204
75
139
147
204
45
176
209
254
18
86
14
11
144
204
108
204
17
176
160
245
17
228
121
9
88
224
31
17
203
199
15
62
121
71
214
170
8
170
240
9
222
113
8
144
186
44
108
200
79
87
5
146
160
160
174
79
86
83
71
121
176
75
231
195
84
98
45
160
8
200
217
118
117
84
115
7
254
240
110
27
45
86
107
174
5
108
163
254
22
242
254
192
203
87
254
67
136
3
245
29
87
254
242
254
37
170
236
220
124
151
45
236
256
7
253
74
63
84
112
67
122
110
242
198
130
155
11
232
7
113
208
7
30
100
21
17
223
84
236
189
139
112
254
46
79
134
29
84
151
59
197
83
254
249
65
54
208
130
254
10
45
150
183
151
192
199
84
225
39
9
14
134
248
254
182
159
160
9
204
171
190
90
25
10
235
93
114
14
95
41
25
8
9
9
75
199
117
90
45
73
52
183
204
172
200
136
138
200
121
7
112
102
112
183
209
151
100
113
173
102
200
200
5
98
230
230
32
226
112
82
208
43
254
220
153
54
18
160
77
112
237
142
71
31
212
33
187
62
95
149
62
200
9
154
103
144
14
109
108
211
254
106
41
21
31
79
150
25
242
204
229
97
179
254
44
29
221
235
200
40
95
108
173
98
110
121
93
118
183
33
151
204
73
254
204
176
13
121
179
185
73
126
181
202
56
48
200
62
107
196
110
195
135
223
203
231
91
31
115
30
45
17
242
210
185
200
224
83
60
67
54
70
103
74
229
230
200
200
45
136
124
18
167
211
248
108
254
59
253
135
153
25
139
242
43
237
223
231
29
39
75
160
177
37
112
178
230
93
7
28
55
234
172
69
75
254
56
75
44
1
22
174
111
71
211
132
209
241
129
31
253
32
91
81
115
36
228
34
223
17
187
71
144
62
83
209
105
134
250
124
161
3
124
195
110
244
205
25
190
118
177
75
234
84
102
112
37
83
145
224
200
151
11
103
62
45
200
250
17
52
45
153
77
222
151
95
7
83
241
111
187
160
17
225
196
185
114
230
107
17
181
41
242
21
194
53
188
178
133
207
71
255
130
34
14
221
256
217
182
208
88
108
224
160
188
234
189
32
96
75
135
110
83
79
49
230
101
253
201
180
254
156
124
31
93
236
247
163
44
231
185
244
175
234
59
178
180
131
110
230
81
50
189
181
28
210
223
105
226
254
208
254
16
189
163
144
64
231
83
15
204
163
60
196
248
224
214
22
27
75
133
200
142
200
189
40
116
128
200
47
256
170
180
194
100
83
253
150
55
53
79
200
100
37
60
232
160
75
25
166
21
204
189
128
228
185
97
39
78
143
200
44
62
73
178
2
151
135
45
22
241
89
182
71
77
47
177
77
10
9
190
241
39
45
238
211
128
93
167
178
56
188
205
25
226
200
150
254
107
8
200
10
79
187
254
75
192
171
243
227
35
7
230
190
16
29
209
150
83
249
30
124
25
117
25
204
192
107
114
75
180
159
188
136
200
242
173
112
107
178
217
128
81
118
178
220
111
39
254
5
44
21
229
115
186
200
110
199
32
167
153
239
137
204
71
229
220
135
200
160
242
77
94
113
200
254
42
67
141
221
147
144
60
129
124
115
254
240
193
30
254
221
181
207
226
117
29
56
214
151
108
112
248
251
236
112
93
79
161
85
77
33
71
44
75
231
214
90
240
51
200
27
107
130
124
160
140
47
9
13
79
11
113
209
167
189
32
65
47
174
140
230
254
100
204
244
132
254
41
172
163
24
174
21
43
192
5
21
181
254
9
190
144
254
222
151
204
160
48
200
129
37
60
237
54
43
137
200
124
194
15
248
14
196
208
62
110
136
254
28
204
59
144
211
64
31
67
47
8
223
254
254
192
75
31
188
160
102
29
114
252
160
228
202
88
232
138
64
43
113
72
64
223
182
190
107
235
82
153
240
107
240
234
228
133
200
13
142
252
187
196
192
254
238
200
77
89
121
66
215
95
30
223
83
212
63
62
169
44
88
91
85
10
103
163
75
124
204
51
182
254
44
196
26
185
116
77
111
81
254
152
150
115
189
114
121
163
25
19
237
159
206
200
234
79
136
46
45
95
3
113
251
39
130
60
119
18
41
92
54
16
249
115
51
107
182
231
190
131
159
40
17
163
59
135
39
113
34
19
113
200
96
226
211
76
204
65
116
204
234
208
253
132
167
136
200
128
229
17
217
220
189
190
89
254
102
195
204
142
5
102
73
153
250
85
17
188
192
69
44
236
140
122
244
252
13
10
107
22
85
47
5
195
62
25
230
242
102
174
232
116
122
96
30
85
34
239
82
234
85
2
139
17
214
160
132
94
179
94
227
13
16
200
165
94
70
254
223
140
185
194
13
249
199
112
236
163
93
199
4
147
212
143
47
232
254
178
124
144
27
115
93
253
201
129
240
199
230
232
107
90
153
83
133
22
199
254
44
167
66
183
200
195
121
217
172
240
96
200
57
124
121
185
212
178
87
25
169
242
185
138
163
249
70
89
189
113
200
5
224
234
58
37
254
89
82
98
249
199
196
181
222
236
57
28
49
241
70
65
254
153
210
91
195
200
68
33
35
35
10
76
33
59
118
93
93
146
187
173
12
182
173
161
10
253
131
202
70
85
82
101
232
62
203
62
152
222
195
144
107
32
49
248
133
39
100
187
175
229
242
3
95
254
66
57
77
215
64
172
207
10
149
51
183
194
131
54
192
161
240
167
244
188
234
113
42
254
206
129
229
121
87
112
21
117
135
10
234
188
209
197
172
52
60
113
240
102
222
153
102
14
19
185
226
135
49
152
113
57
228
120
95
14
244
8
199
246
129
190
186
249
131
254
253
82
44
136
60
187
149
81
211
2
107
221
178
142
30
69
178
200
135
43
161
31
228
249
39
135
113
141
132
91
200
192
44
240
164
118
44
229
235
14
165
227
254
94
107
212
88
35
207
176
77
102
185
55
232
239
32
79
232
214
101
113
226
117
147
219
14
14
124
91
181
117
227
200
200
187
187
107
7
57
185
211
10
222
124
43
231
248
200
39
114
95
2
172
253
66
109
32
244
31
133
253
164
195
135
244
77
4
30
117
2
155
43
136
139
202
103
170
132
215
8
223
84
82
91
42
200
200
74
136
211
31
93
161
17
136
197
240
196
185
113
241
62
121
175
46
195
64
199
242
133
32
2
249
166
215
209
185
224
176
47
222
28
226
199
21
103
226
118
22
27
83
59
27
182
254
111
196
216
16
103
241
1
132
203
210
22
192
248
181
200
185
33
17
223
119
88
210
210
155
223
52
244
94
147
55
164
8
105
187
39
78
81
147
39
146
204
43
191
110
101
16
143
113
244
98
65
244
229
191
50
42
251
5
164
215
40
136
234
133
167
28
166
16
219
49
195
51
182
34
176
44
112
204
21
120
82
27
195
159
58
238
89
170
212
232
175
82
136
44
245
88
29
246
117
133
232
61
226
118
103
82
77
234
40
204
63
92
79
120
226
109
45
135
74
90
195
195
65
136
208
134
67
181
204
199
244
47
20
25
85
161
151
118
232
185
224
24
8
195
144
181
118
113
30
243
196
125
171
178
128
174
122
161
245
36
176
184
207
118
60
118
224
96
121
42
35
18
244
79
174
77
64
15
204
46
192
107
217
141
254
173
55
147
215
109
167
57
7
115
224
217
254
8
48
100
5
10
211
120
256
157
199
187
113
126
137
95
68
156
214
237
217
5
132
5
133
96
145
45
74
91
123
182
62
26
200
200
118
147
156
42
200
114
224
152
226
109
250
98
119
5
194
182
5
61
76
108
223
8
191
58
193
80
201
226
199
57
70
107
108
128
118
64
10
254
5
193
12
182
151
36
77
84
145
200
101
30
42
77
185
139
161
103
158
194
102
225
45
65
113
5
74
246
9
100
69
113
157
200
82
96
170
192
100
77
191
87
94
109
28
172
208
242
217
121
22
52
108
232
42
248
144
18
244
191
130
74
138
79
23
69
2
215
159
91
119
112
244
226
187
87
222
255
232
44
244
190
178
39
89
49
217
21
61
236
113
165
200
171
100
215
194
193
113
182
119
187
77
224
19
97
206
124
45
124
5
245
5
42
113
135
232
254
10
86
79
221
128
193
182
169
187
152
225
215
20
200
164
76
68
191
254
137
61
115
74
17
232
16
66
40
212
159
191
35
188
244
232
119
72
31
133
92
170
39
20
225
181
114
151
40
32
21
168
73
200
31
74
181
20
229
1
218
117
12
14
49
45
161
217
84
211
161
43
191
62
244
124
199
185
187
126
100
64
28
230
254
65
53
156
170
244
254
196
7
117
193
32
132
96
252
82
73
20
44
141
45
64
163
132
203
114
195
71
159
108
226
71
107
147
96
47
152
153
176
214
153
191
18
49
234
38
167
141
95
181
146
107
96
162
194
92
195
226
245
9
229
244
19
243
48
161
79
24
112
23
150
38
191
166
32
115
96
46
154
189
124
254
126
44
64
117
234
118
212
138
4
58
74
185
228
134
119
91
168
33
5
161
117
254
255
153
49
226
125
8
186
75
70
36
205
146
45
19
102
144
195
226
195
48
245
144
53
70
137
218
23
47
30
179
249
176
226
230
254
244
189
170
115
182
130
254
18
161
11
133
100
91
66
226
247
89
2
35
20
154
23
179
9
246
119
150
70
47
23
254
201
23
119
231
122
219
161
42
163
40
9
206
45
185
157
45
47
216
232
185
247
68
215
153
36
80
133
231
67
102
21
221
45
192
48
177
154
70
65
137
85
116
213
170
47
22
204
170
244
23
246
216
231
216
147
154
130
219
34
200
39
244
140
244
180
45
15
203
150
247
21
22
120
234
163
18
20
216
137
6
20
119
32
155
23
178
244
119
93
227
119
53
32
92
170
35
122
158
122
110
133
82
244
244
188
18
89
77
91
231
139
227
75
217
91
234
4
19
156
191
222
166
225
110
21
232
195
220
61
41
7
234
227
161
64
192
133
221
244
126
247
250
186
5
119
61
204
67
134
185
56
96
244
23
96
64
122
101
135
62
185
169
89
190
232
67
146
198
244
133
171
16
141
150
252
6
171
53
190
50
154
133
197
122
119
186
67
236
8
204
166
35
195
166
97
57
253
234
99
256
120
55
244
53
61
61
76
220
203
36
89
21
169
244
249
142
161
144
190
57
58
171
200
180
61
49
170
198
88
150
219
241
119
150
64
171
97
6
116
244
40
199
229
35
83
126
246
67
62
145
70
92
187
33
191
40
147
30
90
220
239
254
12
83
97
86
116
229
78
64
244
147
19
5
161
256
17
248
186
121
245
191
140
95
215
255
254
199
24
86
58
201
234
153
232
150
177
2
156
254
95
40
6
145
243
186
238
89
108
35
244
2
75
119
248
249
86
43
4
256
191
108
24
2
203
217
255
24
2
234
169
58
121
31
29
62
231
200
96
19
119
255
231
122
34
200
252
200
191
58
244
38
59
204
196
16
102
43
130
200
200
79
6
13
43
20
247
113
248
78
21
147
101
241
163
61
224
175
122
199
238
