126
126
14
14
126
50
143
143
143
50
6
98
14
209
98
112
98
112
230
98
87
204
204
50
123
81
111
208
123
140
123
112
123
208
98
230
97
51
123
208
51
213
74
51
162
51
55
112
203
3
208
186
149
162
115
98
62
128
112
112
172
62
51
84
165
31
16
190
91
81
112
29
54
123
54
175
175
213
121
165
67
111
175
62
225
175
165
225
115
183
62
243
209
209
177
17
177
202
125
62
58
186
54
175
58
65
177
225
67
175
17
62
119
239
68
17
239
176
239
125
58
177
29
225
65
165
34
17
213
92
165
177
58
235
90
95
226
95
58
54
34
122
165
212
212
235
168
90
17
16
59
90
175
212
140
58
183
34
205
9
251
9
175
253
183
58
175
209
241
165
205
54
17
66
85
209
177
95
180
185
197
51
245
253
68
180
41
41
16
13
177
226
59
244
36
183
165
239
190
205
231
191
113
244
9
194
138
178
94
59
185
211
231
226
211
205
151
88
94
109
41
191
235
140
109
239
10
116
168
206
222
71
68
41
226
5
36
71
119
181
162
20
34
22
84
194
151
110
5
229
20
109
125
108
162
59
141
251
55
36
90
151
186
46
74
176
71
197
5
46
92
180
98
67
74
4
137
244
191
246
231
206
8
246
176
36
29
18
120
198
138
251
36
20
112
107
198
177
151
30
163
74
116
246
215
8
36
145
46
198
69
235
37
205
137
54
11
99
157
115
157
251
20
5
226
145
154
36
145
4
176
145
74
84
176
145
74
189
129
8
125
164
20
68
92
246
248
176
171
58
176
68
13
55
176
215
89
176
20
246
62
97
151
137
198
145
74
176
74
48
160
118
92
254
137
15
129
74
18
131
55
130
181
118
176
188
164
74
66
226
74
246
84
194
20
164
30
113
46
24
24
85
104
18
190
109
42
156
118
176
234
74
4
176
21
74
109
74
74
176
137
138
28
246
4
224
151
213
190
118
46
101
175
254
20
11
153
164
152
29
21
156
141
245
177
32
176
140
176
42
84
74
176
214
176
20
191
36
30
145
89
210
164
168
177
89
164
241
84
251
164
181
251
191
29
171
220
197
15
58
129
176
64
20
42
173
29
105
251
29
71
3
52
1
168
52
160
30
2
109
114
168
189
58
68
174
224
236
225
149
251
20
29
157
234
211
21
38
139
90
197
30
70
74
145
119
194
109
74
238
22
52
105
254
153
108
84
20
230
226
74
176
254
95
214
13
210
18
145
52
115
211
118
144
227
164
185
119
74
136
107
58
176
144
191
11
131
225
145
191
43
173
244
227
244
204
197
46
191
198
137
168
176
151
246
190
157
157
207
23
189
161
114
89
62
142
46
108
22
79
71
157
101
164
198
230
188
200
105
88
234
234
13
157
171
191
142
251
70
88
180
234
191
115
254
96
92
68
22
30
214
105
142
105
56
46
45
253
234
92
76
252
106
58
109
20
188
167
174
254
20
42
168
157
11
191
30
20
23
95
234
168
119
191
92
229
163
204
51
185
171
168
254
118
220
145
58
18
96
182
30
123
33
198
40
168
27
20
41
191
222
105
227
73
101
54
253
20
78
157
114
217
161
157
80
211
5
24
154
73
142
64
30
92
92
70
37
190
185
112
85
161
116
21
15
188
125
252
154
119
206
152
161
154
125
33
105
188
245
15
157
53
188
139
118
194
108
68
185
207
202
113
191
24
84
115
168
221
196
135
11
26
227
115
209
68
144
26
92
171
175
62
240
227
20
89
207
159
115
170
51
198
24
4
146
94
227
124
240
206
195
212
131
66
194
181
168
226
229
37
224
151
68
17
171
30
157
68
68
171
157
173
227
70
157
206
20
112
27
252
42
76
221
113
22
212
157
146
121
90
157
68
109
208
157
11
85
92
158
62
154
173
20
45
136
168
58
113
124
188
256
115
213
144
87
41
90
8
21
26
34
37
168
224
60
195
90
9
20
185
106
62
86
135
185
4
212
163
139
142
68
26
49
21
141
15
171
210
185
13
49
170
88
11
59
43
160
170
60
230
96
112
28
152
146
91
194
96
207
107
131
185
20
96
152
250
87
207
153
250
210
89
246
168
246
171
246
41
11
147
45
104
143
47
12
188
188
14
90
239
11
157
33
246
39
6
227
60
192
4
43
103
146
3
47
214
72
14
92
140
253
116
157
152
188
246
188
51
141
3
157
44
131
210
8
168
89
70
158
42
37
168
180
246
147
62
77
219
31
175
210
178
77
35
137
77
227
95
26
146
58
187
51
251
60
205
61
25
114
171
181
247
176
39
227
224
192
43
46
54
204
8
30
240
61
92
212
254
163
44
116
218
240
183
77
195
236
157
224
99
51
51
248
101
218
34
39
227
200
137
136
44
142
120
180
246
157
39
12
150
25
125
154
8
159
190
148
65
142
180
185
42
44
188
60
81
99
213
214
35
12
146
248
12
14
198
68
103
92
155
122
68
150
201
187
200
43
117
70
93
249
161
46
148
101
159
131
21
29
11
198
42
205
43
159
159
192
107
197
29
40
157
4
11
48
122
68
198
236
197
254
110
249
101
38
25
159
90
144
182
89
14
227
30
187
20
5
132
130
164
161
95
50
102
105
38
4
214
207
187
192
120
30
130
227
92
63
90
227
156
48
220
73
79
145
82
8
43
246
237
224
227
198
173
231
163
156
152
193
4
53
245
131
92
193
70
135
152
