51
56
123
16
90
175
32
162
16
56
36
31
170
222
38
54
145
162
84
199
239
69
6
203
66
150
66
162
66
199
5
150
249
162
84
50
237
250
58
213
249
250
222
23
176
126
243
243
153
58
16
74
197
150
232
94
215
199
124
186
174
215
9
256
143
249
94
147
253
94
153
256
243
213
159
203
110
111
251
57
172
64
154
166
98
83
174
126
85
159
94
84
174
16
83
126
9
14
238
243
83
57
154
202
162
215
155
165
61
48
128
194
174
148
26
197
150
243
174
66
148
94
197
94
76
143
94
64
83
52
52
174
83
99
197
82
99
155
87
66
174
6
51
16
211
129
110
134
243
94
94
197
25
252
110
94
174
91
237
225
69
83
129
174
51
243
143
83
154
247
174
88
94
128
154
48
9
122
215
174
202
129
94
99
157
94
178
26
154
190
174
213
165
94
250
91
94
115
237
9
29
192
94
174
174
165
199
199
82
48
129
9
172
154
91
9
9
76
91
85
199
94
26
25
129
9
154
9
80
155
17
197
94
87
256
168
99
23
197
9
174
186
82
129
82
155
99
25
94
174
25
196
199
9
94
44
52
218
190
9
174
17
247
164
155
99
219
129
190
226
174
127
83
197
251
216
94
99
76
216
44
216
129
94
240
12
172
256
137
72
76
115
9
99
216
66
216
23
194
17
214
94
75
172
222
150
99
129
230
154
172
174
120
148
209
243
48
94
146
94
174
161
64
146
161
104
85
129
172
129
94
237
66
9
27
35
163
54
74
134
25
99
120
19
94
168
218
177
209
232
48
178
161
232
213
6
48
14
232
256
80
161
23
197
9
66
94
250
161
123
198
239
94
178
65
170
23
23
202
87
70
127
82
100
9
32
170
48
155
187
72
16
155
120
178
178
168
85
82
155
161
14
155
94
9
239
231
80
31
149
99
82
232
128
6
230
7
82
82
184
3
202
242
211
199
24
116
94
230
230
178
100
249
170
235
104
186
82
146
22
172
128
178
235
174
133
13
50
40
133
163
163
230
126
195
242
9
175
32
232
77
215
16
158
32
108
85
132
174
23
146
52
146
118
72
184
189
190
85
104
205
235
87
15
166
215
32
72
29
120
183
82
15
12
63
242
99
82
88
86
157
85
34
204
72
82
193
242
97
38
155
177
4
242
27
56
230
7
94
85
242
175
203
232
85
82
55
45
190
232
57
85
194
65
134
25
5
121
32
82
101
108
224
256
64
33
163
197
72
15
31
202
216
203
190
219
232
230
25
12
20
173
85
81
256
90
84
71
121
116
230
45
38
219
242
85
107
159
12
242
9
56
110
31
91
76
85
232
184
121
230
175
150
14
25
159
46
163
147
140
159
241
186
149
224
48
69
31
95
184
77
201
33
242
147
84
133
242
42
85
57
149
110
82
50
63
82
57
56
12
142
94
64
163
189
25
7
232
232
184
56
55
194
183
73
214
49
193
82
149
242
31
219
12
194
25
72
121
153
82
108
121
3
235
94
201
42
73
240
62
121
82
151
120
170
12
159
159
146
72
32
253
202
202
244
108
83
232
168
82
232
82
10
91
232
52
32
221
23
222
148
242
86
3
14
211
149
76
12
115
248
186
72
244
219
248
133
199
85
50
58
34
242
91
64
65
190
175
29
236
7
115
88
173
73
255
85
58
44
12
133
3
163
163
12
186
88
252
186
163
190
215
166
163
173
58
12
6
190
72
163
230
148
204
148
240
55
152
85
45
239
88
236
89
46
169
72
210
91
85
11
83
13
73
155
85
202
163
14
159
237
184
106
174
108
91
174
163
201
10
189
14
13
42
31
213
199
213
189
107
34
179
176
72
236
120
157
204
64
232
82
106
39
69
240
15
155
115
163
169
56
218
33
82
45
190
8
157
155
56
56
230
87
91
63
159
14
18
10
120
48
115
11
199
235
202
201
133
67
72
133
45
76
72
97
256
110
163
133
197
11
202
133
219
115
91
115
149
84
222
81
242
250
172
238
23
82
139
42
232
72
134
232
12
55
91
55
163
117
133
250
10
115
61
32
221
204
88
232
163
56
205
12
19
45
42
163
40
219
145
32
251
186
189
25
91
249
240
56
45
133
115
81
32
164
236
228
55
12
159
89
199
45
163
201
189
153
194
206
38
199
197
256
237
148
201
36
12
115
249
237
13
72
42
45
139
252
163
222
169
199
148
149
19
155
129
121
235
215
55
190
138
19
190
159
170
121
186
10
178
3
115
42
199
64
42
86
186
232
69
72
70
252
39
133
26
26
170
82
63
91
11
163
238
26
181
73
72
170
8
163
148
148
7
151
45
102
72
249
200
148
164
219
120
11
191
202
91
213
23
148
112
163
110
163
91
152
197
52
85
163
148
73
256
86
197
133
202
35
45
56
155
44
115
256
133
82
45
105
174
256
163
113
56
56
120
207
102
237
221
163
163
193
107
94
166
133
64
134
202
256
133
222
86
163
253
163
163
163
102
45
