29
50
249
29
66
29
84
87
50
146
153
202
251
80
146
55
209
55
146
138
135
203
50
86
93
145
18
126
22
82
18
86
222
239
3
239
183
190
3
146
89
3
225
205
47
86
239
95
239
95
95
75
62
195
86
126
3
93
3
209
95
16
251
239
162
253
235
209
209
80
225
239
209
170
121
132
67
73
184
95
225
209
73
82
146
16
165
132
54
18
126
239
208
249
209
84
222
123
223
3
225
25
132
85
91
251
55
239
178
125
121
16
47
244
15
25
55
256
93
82
87
55
230
80
140
29
80
222
107
203
162
180
97
95
55
107
75
91
177
3
3
52
186
162
177
244
3
55
55
176
195
97
36
55
230
97
47
132
85
59
162
84
33
52
29
126
55
170
182
177
127
15
174
88
177
85
185
73
162
52
191
119
47
162
202
1
177
176
59
177
229
202
54
43
43
20
54
85
182
33
206
28
31
177
116
206
123
75
85
162
177
20
55
50
170
164
97
202
22
177
134
84
103
178
178
55
186
16
166
208
63
97
18
168
74
85
114
18
55
82
217
85
150
49
59
158
55
210
21
170
177
80
191
177
191
256
125
7
203
140
108
43
123
97
125
77
85
85
149
82
85
202
116
84
134
202
109
230
95
222
36
52
194
33
47
85
208
244
177
194
102
206
107
62
98
123
177
177
15
77
72
179
174
179
235
202
202
119
166
70
217
239
211
2
217
132
62
33
253
190
190
2
169
125
1
28
81
1
125
202
85
93
78
98
177
85
85
218
36
20
85
43
191
233
252
225
253
85
46
230
109
82
52
178
240
179
85
136
224
138
121
146
136
235
202
21
85
216
46
21
138
85
109
85
91
216
202
1
73
208
98
132
31
136
70
203
1
209
93
36
125
136
4
2
109
248
19
216
202
177
128
185
250
114
144
209
182
196
181
240
209
119
8
105
107
31
245
202
209
97
225
18
132
5
202
140
72
77
40
97
72
205
43
40
249
4
240
235
136
52
201
90
114
177
135
23
160
109
229
90
8
198
225
19
146
53
109
179
153
3
25
191
210
144
7
245
146
253
107
168
23
116
47
177
245
53
118
209
4
97
113
37
113
97
209
211
109
254
210
90
20
20
1
19
202
8
85
93
209
177
16
191
53
47
107
245
256
116
18
181
229
97
82
232
202
209
85
53
210
208
178
211
19
233
210
209
177
241
161
85
124
136
98
20
5
23
52
185
109
20
204
150
145
150
18
209
157
73
20
210
182
136
80
52
103
144
229
54
65
139
191
98
202
85
222
24
240
54
240
22
59
225
98
65
121
150
178
10
20
59
20
84
35
202
85
167
19
134
244
125
139
210
256
60
4
191
23
85
167
236
150
59
191
80
53
125
185
68
85
210
23
54
222
140
139
72
54
140
156
18
139
78
73
215
167
238
60
191
134
52
54
152
123
52
211
68
234
40
164
54
191
202
193
209
47
208
20
23
82
80
23
164
202
23
47
23
23
47
42
217
167
202
166
136
52
1
210
23
85
42
1
79
210
125
52
85
234
23
144
202
202
45
191
136
202
208
19
60
234
80
45
186
20
249
73
72
42
156
213
84
213
161
23
23
173
45
72
161
202
161
72
155
136
20
163
210
59
177
202
115
84
84
45
113
23
213
191
20
167
237
234
42
20
23
84
167
167
72
202
202
72
72
23
23
155
23
23
161
72
72
20
72
72
159
72
197
57
213
222
23
72
106
213
23
161
23
18
72
214
82
42
72
224
213
155
194
7
191
185
72
226
245
111
185
155
72
256
23
23
7
185
56
72
213
23
101
231
23
234
249
194
232
20
193
134
249
107
245
175
118
