213
107
162
17
84
256
17
75
186
162
59
150
91
59
17
230
59
146
135
35
31
35
249
146
80
146
140
150
50
112
166
84
112
180
172
123
208
112
146
122
104
162
249
26
204
95
80
80
26
73
50
7
146
112
240
165
75
86
209
105
157
56
112
208
59
139
171
208
135
209
213
209
235
208
128
66
86
28
28
73
208
203
136
70
127
180
33
155
180
30
244
239
113
165
27
168
150
93
31
204
112
107
178
256
205
86
87
87
162
239
180
231
33
214
211
162
222
210
128
104
75
25
62
127
165
113
55
256
150
55
209
73
128
113
214
150
175
199
128
249
87
105
95
87
17
244
136
231
39
180
52
107
138
42
7
87
215
215
151
95
239
84
174
112
253
57
213
67
162
59
162
214
231
146
75
107
199
65
84
182
75
164
190
56
32
121
29
37
75
46
98
50
215
135
177
27
204
150
84
11
135
130
136
26
73
33
21
75
46
132
212
11
84
112
237
84
160
190
113
32
209
134
231
214
55
129
115
132
222
215
67
11
136
204
128
160
99
231
126
178
121
75
3
170
177
29
87
215
87
27
155
180
87
64
35
237
71
239
177
6
66
73
177
110
158
65
113
157
62
239
121
116
130
62
176
4
129
32
205
237
84
75
253
136
162
140
63
177
187
249
55
122
136
165
138
142
97
116
127
49
29
212
244
143
19
113
56
27
211
114
140
84
51
36
171
222
51
62
217
183
65
143
153
57
239
107
112
116
22
52
220
115
153
3
130
212
17
37
74
252
51
223
24
130
84
181
65
93
65
18
17
230
65
245
50
195
35
27
129
62
10
140
159
78
146
130
202
55
60
98
60
249
55
130
6
29
109
249
222
253
141
177
84
170
27
15
239
216
55
146
223
153
222
142
214
247
146
17
208
212
140
18
34
138
126
94
123
256
185
95
113
126
31
128
112
199
174
27
99
249
203
100
249
176
135
29
75
151
162
128
62
18
13
153
175
86
95
74
241
130
241
61
10
84
84
140
185
55
106
128
54
239
86
248
239
177
160
140
253
8
101
151
141
252
74
74
125
47
237
211
226
136
215
23
200
88
115
150
107
106
199
103
36
52
37
74
84
162
205
246
126
29
215
38
177
96
150
150
185
92
138
203
101
164
150
83
89
97
131
225
18
176
50
215
245
50
138
242
219
176
115
67
163
75
82
23
88
123
42
89
212
42
24
206
165
217
2
145
91
174
137
160
169
65
165
27
125
202
176
106
164
125
102
92
32
54
42
190
165
211
215
101
221
161
161
74
84
70
240
180
215
241
61
115
97
39
29
165
194
221
98
239
89
183
199
215
21
108
35
237
1
112
170
165
206
249
177
83
150
57
202
117
219
171
148
125
211
83
125
118
97
97
160
97
62
182
69
98
239
244
45
38
99
29
105
96
204
219
35
199
2
115
176
200
38
205
163
175
177
88
2
2
239
94
89
229
138
51
251
89
54
195
153
237
183
179
160
140
59
136
198
128
185
210
252
81
185
114
27
165
146
125
161
256
60
98
183
224
239
129
140
162
72
139
181
62
128
58
34
38
31
97
180
29
169
140
255
50
128
112
73
143
13
191
256
2
150
204
78
101
62
71
21
210
74
203
50
132
213
89
211
128
155
193
221
53
151
70
125
251
203
64
31
112
163
89
161
83
169
125
83
194
146
157
219
154
94
97
69
182
115
232
125
125
125
154
160
60
254
202
102
34
19
128
19
149
125
230
230
149
185
151
28
82
9
98
78
125
125
251
28
102
242
225
236
211
105
50
253
16
147
2
59
104
74
125
163
243
243
197
2
211
58
48
107
154
125
157
59
191
221
125
60
145
202
204
125
116
178
54
102
125
197
169
125
122
125
130
202
10
183
65
170
151
66
125
50
80
125
21
204
235
32
178
9
180
62
125
139
219
6
117
209
233
180
125
93
211
148
171
144
75
191
148
243
60
178
113
121
236
153
249
235
149
67
125
76
143
125
141
2
81
84
83
78
98
115
238
239
210
203
154
249
161
75
134
50
193
34
97
175
14
125
125
214
163
75
140
204
101
119
202
1
187
192
241
125
60
152
245
92
141
224
219
117
118
211
94
163
203
30
250
92
46
125
68
1
200
60
31
33
42
5
146
62
145
116
191
217
223
160
119
219
119
135
132
173
164
60
243
9
100
18
95
181
60
175
134
235
229
223
200
195
111
137
229
11
125
65
251
58
200
25
140
99
224
157
112
163
51
177
173
167
140
185
109
215
46
92
179
163
123
29
218
2
3
256
168
125
213
149
243
218
144
163
142
200
1
181
109
55
217
42
142
24
9
163
1
23
190
231
79
27
239
243
117
143
215
116
153
243
153
227
156
68
142
48
23
143
108
171
181
200
198
116
210
133
101
84
99
48
92
210
239
123
29
112
1
6
156
245
32
123
23
200
4
153
220
116
229
233
48
239
42
117
173
167
50
157
82
202
49
251
33
241
138
210
202
111
17
23
191
139
153
139
239
39
23
72
23
45
229
112
118
99
157
200
256
242
179
200
124
117
72
32
82
164
232
3
37
42
181
229
205
142
72
139
210
218
163
52
225
113
135
232
29
200
196
199
133
198
232
200
37
167
155
188
218
139
23
200
192
254
218
99
185
152
1
241
23
60
200
81
254
116
82
116
66
40
163
227
116
52
171
207
101
254
23
32
179
137
191
48
60
159
139
72
117
218
75
237
161
117
254
210
142
170
229
232
30
210
242
254
210
125
179
255
52
20
233
124
157
48
191
254
200
77
125
102
187
241
1
116
125
117
142
125
20
52
203
152
210
48
254
30
243
218
142
116
191
254
155
23
179
157
2
225
81
43
156
78
137
152
63
152
32
139
180
30
81
30
158
30
254
5
243
200
234
116
43
43
43
210
116
152
36
167
202
163
220
175
152
254
15
60
125
167
254
88
131
30
20
60
254
144
179
228
43
247
243
233
180
142
102
89
171
28
161
37
142
30
30
152
137
155
224
233
1
254
241
1
81
152
48
43
102
248
139
137
15
30
179
152
43
70
137
30
241
116
116
139
254
167
131
30
142
210
30
238
108
228
169
233
197
30
30
139
100
43
8
227
1
233
1
190
155
167
139
15
137
116
49
245
43
171
171
137
137
152
100
241
188
39
159
163
30
77
185
48
118
201
152
152
164
210
70
171
233
101
70
201
