183
183
59
183
195
183
160
98
216
94
153
165
195
231
76
94
79
212
147
207
127
147
94
66
129
181
26
129
79
76
127
216
147
104
89
83
94
65
253
122
94
216
165
105
79
216
151
255
33
164
94
94
135
98
127
147
76
98
148
64
26
106
26
138
98
253
29
216
135
148
44
81
35
253
253
10
129
81
220
98
253
111
195
253
108
153
187
229
5
171
129
241
146
26
165
126
216
69
37
127
171
177
148
79
230
201
177
105
38
241
39
189
216
31
35
121
156
2
83
102
41
142
102
34
79
241
148
138
59
17
5
229
218
146
144
65
149
222
253
34
241
62
136
128
62
142
195
46
5
241
34
62
61
102
37
189
147
253
200
142
113
219
241
132
241
171
182
99
29
24
199
242
89
200
245
241
113
139
253
65
96
174
120
107
170
179
11
96
25
37
151
244
96
229
8
172
150
65
216
130
83
113
150
65
66
9
253
89
35
139
147
134
241
170
253
56
37
119
103
190
241
113
241
52
256
216
201
185
153
51
34
142
19
62
256
216
83
254
120
104
229
204
91
161
25
164
216
111
104
142
214
174
179
106
102
94
164
180
55
179
171
253
256
26
105
26
69
134
169
159
6
46
19
144
253
51
233
241
26
222
220
148
195
8
243
57
147
241
88
134
53
69
96
34
76
241
65
125
99
17
35
55
57
142
241
122
121
10
24
66
98
105
123
256
156
120
65
111
89
52
229
37
256
172
13
160
104
253
163
52
214
203
229
19
123
221
75
134
146
102
156
253
219
94
221
243
191
144
253
11
83
110
101
110
194
81
160
241
201
26
151
19
209
238
65
41
69
92
161
209
204
219
53
12
86
142
237
156
58
13
142
211
85
45
36
122
201
104
133
240
94
83
65
64
203
110
72
241
174
73
12
210
104
149
104
149
105
214
5
159
137
116
26
256
129
189
1
223
119
214
99
105
48
115
10
144
46
256
157
163
110
156
12
57
68
83
219
35
120
96
147
127
15
69
159
157
32
148
149
142
139
214
72
130
142
216
147
137
57
12
73
229
25
216
19
252
155
85
142
42
73
45
43
76
159
104
174
77
12
55
73
45
56
38
86
45
45
83
134
104
149
86
64
202
86
106
52
26
64
139
216
76
106
83
48
12
73
99
65
218
161
163
196
42
45
159
73
31
213
157
149
149
163
139
129
178
163
242
189
19
56
57
238
104
12
256
219
119
110
204
169
254
12
163
83
189
12
25
219
104
202
171
115
52
45
69
45
178
250
159
57
254
119
102
56
157
158
10
45
237
210
232
232
124
126
237
214
255
237
133
3
57
238
161
57
44
70
31
13
73
256
155
12
256
86
161
256
197
161
12
45
163
254
86
25
215
25
57
73
48
155
57
159
56
45
254
202
188
252
69
106
140
171
232
57
189
102
159
38
10
110
74
213
159
240
163
232
149
176
56
198
39
12
32
204
196
155
25
253
52
45
12
163
44
235
79
56
210
202
26
219
25
75
163
155
69
77
155
161
91
157
255
76
215
83
240
232
159
161
10
134
213
56
148
73
39
64
159
189
157
210
12
26
161
163
157
155
215
73
230
164
184
157
202
32
155
199
45
256
124
91
53
42
159
255
12
256
161
57
242
26
155
72
192
79
238
215
19
190
12
157
159
73
10
134
42
157
159
110
214
48
42
161
52
159
72
254
133
159
145
10
213
228
45
161
12
242
221
26
155
57
73
252
149
213
69
159
218
157
99
157
32
83
26
213
159
69
253
48
159
115
124
102
237
237
214
157
202
52
157
161
137
161
32
57
69
163
56
159
155
215
48
45
159
161
99
255
57
161
45
45
157
72
228
82
213
169
72
134
45
218
159
72
192
133
77
247
12
161
255
57
163
110
242
161
214
221
213
161
159
155
155
26
218
139
163
115
213
197
161
56
45
163
115
157
26
45
155
161
186
252
56
56
155
82
255
247
232
155
86
159
159
247
45
133
39
102
56
12
216
155
45
161
213
45
155
56
45
48
45
213
232
161
155
256
