45
84
165
177
84
165
165
230
209
177
133
62
209
209
209
165
84
162
162
51
212
84
91
212
59
209
45
69
162
59
51
62
84
162
91
140
91
84
91
69
208
69
165
143
73
165
25
17
146
84
249
162
128
143
128
162
52
181
249
222
165
165
128
208
128
80
128
138
62
208
140
207
162
203
182
138
9
73
146
184
162
132
207
138
165
128
63
84
181
182
29
26
75
208
17
9
26
140
176
140
216
140
26
208
29
174
17
184
136
66
33
115
52
115
162
112
38
74
203
140
181
174
17
218
182
182
181
117
10
115
28
207
132
138
26
138
84
42
11
29
218
114
115
206
85
84
15
230
84
128
222
218
84
154
166
17
69
235
138
208
243
132
128
128
55
138
230
209
206
207
103
56
174
138
128
56
206
184
55
114
75
136
52
55
154
153
168
45
26
117
127
199
26
134
120
215
84
104
80
94
176
51
66
63
109
94
143
238
12
91
133
218
82
128
28
230
64
91
162
162
74
105
183
64
84
215
116
230
138
72
164
100
63
217
143
213
128
75
174
52
214
170
73
114
218
75
183
25
91
59
162
127
174
216
94
105
221
12
134
164
94
59
75
29
84
133
168
138
75
64
216
128
216
33
168
63
69
174
117
84
174
26
174
139
12
94
116
17
84
213
221
91
102
86
189
168
66
116
52
138
75
94
102
216
149
72
117
139
32
114
177
102
72
206
244
166
42
55
249
9
12
138
232
104
76
110
216
99
72
84
255
102
9
226
164
249
192
209
164
168
199
42
255
174
106
190
120
136
164
12
131
207
122
176
29
26
80
256
179
176
174
110
165
215
84
210
233
170
218
136
172
168
94
138
184
102
230
155
150
149
149
122
31
80
256
145
132
52
26
139
218
55
79
63
91
95
91
207
208
132
72
207
123
26
162
11
146
210
84
103
215
91
52
85
218
42
38
84
168
69
174
84
100
138
39
66
45
29
42
73
116
94
39
29
161
112
84
74
216
57
116
91
128
218
29
143
199
63
26
197
211
199
252
42
223
216
189
63
176
206
120
77
144
213
84
84
210
197
56
213
52
57
52
149
181
216
42
210
132
13
199
164
91
69
128
190
215
196
102
84
230
153
233
176
138
84
148
63
120
218
66
66
85
176
110
155
29
176
196
116
84
247
39
35
42
29
70
77
23
166
11
211
153
84
202
80
114
74
189
115
74
221
252
121
210
25
32
63
72
176
178
213
74
184
55
73
69
216
8
32
178
104
155
170
174
73
230
136
52
215
84
252
190
256
52
163
27
80
182
216
9
182
52
216
53
247
208
94
94
157
99
8
247
77
221
133
52
104
232
80
214
235
116
52
87
134
27
202
235
184
138
25
221
73
216
131
232
39
56
42
207
114
12
69
255
218
215
199
9
73
163
252
11
104
25
186
171
25
57
247
146
161
164
25
139
213
136
161
134
73
138
221
215
213
72
199
255
9
216
171
155
163
67
210
91
221
120
230
157
255
198
88
12
256
197
214
256
85
221
91
243
94
202
52
197
176
42
99
197
69
163
123
80
213
232
186
207
91
104
122
137
221
214
213
174
213
202
221
80
139
186
197
179
196
57
74
159
12
73
133
69
133
189
82
104
133
186
33
133
13
135
42
115
87
221
29
186
9
186
133
247
148
33
72
163
146
215
133
146
256
115
33
