196
126
87
65
126
126
209
117
126
6
87
127
209
126
143
58
209
96
244
209
208
143
208
151
33
208
209
101
143
38
58
152
127
151
18
51
39
126
46
147
180
112
112
98
143
253
71
129
112
140
123
39
110
47
18
205
87
208
93
204
92
89
222
174
123
191
87
209
26
222
135
232
29
124
40
99
51
112
110
244
5
137
123
239
137
129
67
253
98
199
208
222
123
175
241
33
141
18
191
222
177
145
177
224
165
251
46
164
104
140
185
67
67
66
123
217
176
191
186
164
165
16
60
242
129
123
129
251
224
177
87
137
147
187
191
26
123
1
36
47
105
181
13
17
76
72
99
129
111
33
16
17
178
13
253
251
17
191
141
209
28
115
135
178
62
69
118
229
75
235
17
3
93
191
160
182
13
123
134
164
191
123
165
104
7
248
164
181
235
246
211
197
55
54
251
251
66
106
222
62
191
165
93
242
215
123
18
66
18
256
27
203
176
165
83
122
6
191
54
91
174
181
229
229
87
114
191
105
36
74
72
211
205
202
17
83
25
72
161
162
51
142
120
16
211
83
128
55
211
83
3
6
162
66
73
182
146
162
62
128
27
127
242
84
6
86
147
225
253
123
123
83
74
172
72
83
17
146
204
233
58
211
54
206
235
172
235
231
150
196
61
236
83
33
16
176
82
135
181
199
129
235
191
123
182
174
140
146
174
140
74
121
253
25
253
66
14
127
238
52
84
17
67
106
162
231
226
254
204
55
170
256
231
27
224
211
17
6
83
249
123
94
94
55
249
85
208
52
140
122
63
94
21
161
186
182
231
131
157
104
137
13
67
97
220
36
231
87
249
31
140
249
31
208
177
230
213
208
251
220
54
209
239
197
167
66
183
61
208
147
230
27
7
27
76
61
73
211
141
94
15
105
26
20
242
232
83
186
174
209
49
110
239
230
209
153
208
256
41
147
133
73
254
239
94
161
6
100
32
249
16
185
172
211
33
242
243
45
110
125
135
118
256
183
214
222
72
97
113
182
78
45
164
97
161
23
157
146
53
72
82
131
99
256
154
209
26
69
10
202
48
106
131
208
194
36
212
191
52
210
20
54
151
72
20
50
20
48
133
219
215
36
85
161
36
128
50
232
98
104
244
6
191
4
1
121
174
47
4
162
88
155
9
23
153
230
186
110
161
198
166
125
20
82
146
15
79
220
191
196
174
72
17
121
145
69
84
159
117
51
36
88
246
201
242
189
29
246
31
166
76
125
242
94
17
117
52
123
256
163
154
17
225
125
129
161
51
146
199
146
246
82
31
90
162
20
133
180
114
82
177
79
256
160
161
142
39
237
94
161
182
232
31
123
1
161
160
17
204
82
198
157
125
145
125
249
204
117
219
186
146
249
84
250
94
193
82
199
39
235
195
256
220
123
215
88
86
249
46
82
45
32
19
182
248
197
88
239
230
106
45
94
190
241
215
195
182
192
28
113
175
195
161
221
105
170
76
7
208
45
82
72
163
256
142
249
20
117
215
207
218
19
220
139
51
35
220
163
117
161
133
74
53
127
125
215
58
67
120
106
208
8
37
220
155
235
239
161
82
117
79
191
133
105
18
125
80
117
228
20
229
86
208
163
117
75
9
83
127
125
178
159
117
256
88
68
86
133
89
20
86
84
192
164
183
136
198
94
151
117
194
234
232
32
120
74
51
21
4
42
120
82
82
153
184
68
106
84
128
117
125
117
248
125
124
83
82
64
56
20
32
144
24
39
230
140
194
125
199
197
142
221
124
49
149
225
15
53
213
198
20
56
82
238
106
113
75
77
192
20
215
193
11
163
136
117
144
117
135
133
12
117
166
112
215
88
18
117
220
42
49
21
117
179
92
125
28
82
82
183
31
53
117
39
100
215
183
88
49
85
54
216
37
84
67
48
117
117
53
159
169
163
85
149
149
97
117
203
18
244
1
125
117
4
83
56
155
213
117
125
125
251
222
82
167
186
12
108
11
58
125
39
77
208
163
48
82
31
20
32
4
197
251
215
91
89
59
84
251
117
16
215
37
1
37
82
82
83
49
37
31
64
75
162
178
39
140
18
103
71
173
121
114
117
125
33
55
166
251
251
117
71
183
150
24
251
242
133
91
20
23
79
142
194
117
99
79
98
151
58
131
251
12
81
117
191
125
20
242
197
153
59
117
71
18
100
96
82
50
56
99
216
256
218
185
136
20
163
229
197
125
112
34
84
12
74
119
61
86
225
85
71
56
135
89
202
237
20
251
20
216
121
194
102
21
69
146
15
22
157
21
186
10
256
120
223
238
215
76
117
251
20
25
49
2
89
117
217
125
32
125
147
133
251
53
88
163
20
13
193
53
120
76
184
229
185
203
59
82
31
53
99
31
50
230
256
77
50
192
193
240
65
222
7
50
86
77
163
166
239
133
199
251
117
136
73
215
220
213
12
70
244
223
184
216
88
46
200
53
86
244
41
174
120
12
133
129
120
170
223
220
164
120
207
210
47
40
40
177
220
225
25
163
135
186
69
20
220
20
111
120
88
163
153
175
82
92
50
96
62
203
193
255
21
30
70
216
33
20
238
133
117
86
163
182
235
187
113
1
198
82
120
1
44
35
50
195
50
10
239
19
150
45
55
133
168
83
159
163
95
20
91
199
145
219
32
208
190
92
164
239
176
193
83
172
190
50
206
66
219
140
215
120
168
138
96
234
223
236
212
211
193
74
163
104
10
92
53
206
219
254
133
13
214
157
116
54
237
48
62
135
237
24
230
79
253
161
219
136
56
125
238
251
237
124
195
4
107
150
149
86
203
27
231
168
20
182
16
71
240
168
117
60
95
25
129
130
67
210
88
4
208
85
65
20
173
20
169
245
200
187
20
250
145
23
250
125
10
250
169
163
108
221
108
172
199
137
189
13
221
26
253
171
53
82
85
163
125
56
82
239
111
113
229
104
47
168
251
44
117
108
15
159
145
75
217
255
199
39
217
73
74
50
11
139
84
211
150
72
113
189
158
253
32
160
50
166
74
4
74
223
57
25
163
184
1
42
13
169
193
168
163
163
133
148
239
99
102
176
147
254
49
163
42
64
20
53
198
253
65
203
5
91
83
59
121
44
135
183
75
198
33
48
155
89
130
197
31
99
142
53
82
148
198
82
216
254
42
171
82
193
153
169
141
197
216
12
102
172
207
57
20
148
88
42
20
104
73
189
22
163
236
220
65
157
79
209
43
193
161
148
148
86
55
64
29
163
163
88
163
31
217
35
206
45
189
156
164
139
244
74
163
255
196
14
159
53
218
240
75
194
168
116
256
158
4
216
69
163
88
163
73
158
139
172
67
189
196
236
235
240
223
125
232
78
35
113
85
158
28
177
133
4
158
196
117
148
153
104
99
163
255
163
82
163
211
149
26
197
158
140
44
232
133
27
144
162
50
159
89
120
232
189
82
65
72
163
11
254
142
24
133
45
163
157
235
31
244
213
48
161
72
89
163
19
161
104
139
189
158
65
36
69
21
169
117
139
4
155
232
232
86
11
196
231
232
94
255
235
232
163
133
133
88
227
37
157
52
216
48
133
125
148
77
77
158
110
