177
177
177
177
22
89
76
177
175
10
28
183
63
175
177
222
96
89
245
19
13
28
3
89
46
128
14
16
50
128
13
105
253
178
245
54
54
96
28
105
235
3
168
228
204
128
228
167
150
54
106
175
178
102
5
43
34
204
13
212
3
46
3
177
82
242
228
199
212
178
13
222
147
168
64
192
62
178
225
204
225
249
146
147
178
178
212
105
62
53
199
215
127
97
71
249
138
252
170
105
249
222
85
142
123
235
235
236
97
135
14
153
175
160
212
97
249
13
191
249
252
90
239
144
6
248
3
42
28
3
151
226
82
82
222
41
144
14
126
181
195
15
13
204
163
143
28
249
181
137
181
5
97
69
50
178
143
5
163
193
55
33
178
5
225
69
54
249
137
82
30
135
200
60
249
56
131
149
254
144
178
143
63
24
69
70
157
85
71
82
212
116
70
137
86
131
137
42
83
141
24
30
7
7
193
122
40
190
94
62
70
83
33
241
39
155
191
150
63
32
61
79
83
202
83
33
83
113
137
137
86
126
143
163
14
56
122
225
217
102
3
226
187
228
168
154
49
2
30
140
117
7
150
84
122
84
176
25
189
2
214
244
135
160
25
208
6
212
254
49
84
39
163
11
189
178
124
16
11
25
203
244
163
178
204
54
12
140
128
189
17
135
199
154
137
143
204
143
176
198
7
154
12
137
148
60
163
25
178
138
187
256
2
137
198
171
30
49
190
13
36
200
168
75
63
98
30
94
197
62
64
131
199
25
227
24
143
100
171
14
174
204
137
250
189
122
189
204
81
149
208
79
189
112
100
204
97
140
82
157
198
62
198
137
135
128
135
137
54
12
198
162
155
193
4
150
148
190
204
203
138
57
19
15
154
132
171
140
196
244
95
18
204
149
159
200
80
165
12
70
140
148
255
133
56
149
189
44
132
204
131
28
129
244
246
157
208
163
37
156
17
112
102
144
99
70
129
132
231
156
112
218
134
36
162
204
189
37
44
227
39
163
44
37
232
186
102
147
195
244
12
218
56
244
198
158
154
100
129
48
156
3
244
174
12
137
132
132
149
129
39
208
204
144
231
165
227
41
3
207
16
63
58
21
44
223
3
129
63
91
155
59
198
218
102
144
8
72
231
173
104
1
115
72
137
196
190
112
45
11
163
12
48
62
65
223
21
44
187
137
196
132
45
9
130
227
128
33
75
104
177
137
101
137
23
113
247
45
227
9
244
137
12
122
205
12
144
137
221
33
243
116
24
44
198
76
69
231
163
20
245
154
132
130
231
48
244
190
244
24
69
101
3
173
182
154
253
124
30
117
200
119
71
112
221
195
133
192
120
133
173
116
23
12
115
221
171
152
232
156
204
206
70
24
195
70
2
60
227
137
6
246
130
86
227
131
248
4
72
156
156
133
227
119
43
217
173
190
60
49
14
117
99
60
78
2
43
68
187
130
224
15
185
245
58
243
174
79
163
195
187
149
163
185
152
43
244
152
137
163
130
187
36
187
119
53
30
2
30
14
159
133
60
156
38
93
43
119
156
24
30
152
189
42
185
197
53
1
70
152
109
119
60
53
53
119
60
119
119
245
