135
107
107
135
253
146
76
107
209
27
64
88
102
253
88
107
244
206
27
116
88
143
3
223
223
59
143
206
3
143
206
60
231
3
142
209
107
143
42
64
143
57
102
87
107
245
125
102
36
160
128
75
75
244
245
40
28
160
132
60
19
118
102
143
112
216
205
90
40
230
211
121
211
170
141
132
90
160
160
104
37
128
104
24
94
160
181
141
5
181
205
183
125
230
25
181
183
183
40
143
54
94
160
79
5
123
147
129
174
182
141
184
128
54
47
181
183
138
74
212
207
174
141
174
95
102
238
32
5
143
92
129
110
114
138
212
54
141
23
54
174
183
183
11
51
141
183
49
174
191
174
76
154
138
212
167
141
47
212
207
79
212
32
44
110
217
27
234
207
73
114
114
143
143
160
37
23
75
104
126
171
79
112
182
112
231
97
109
44
253
73
224
143
79
34
141
46
150
240
213
185
107
112
165
112
54
79
132
212
231
184
208
59
75
44
38
238
75
128
219
110
62
109
146
137
208
224
112
78
169
204
188
208
222
104
185
126
253
147
247
109
57
151
231
236
79
21
59
12
77
23
5
75
75
12
6
37
6
98
157
224
244
107
51
244
109
6
151
246
23
7
253
224
147
188
247
181
127
127
78
109
37
137
160
41
224
115
33
202
151
160
26
49
171
194
141
188
146
44
158
219
30
75
136
119
8
104
37
12
75
246
23
104
224
105
191
127
78
107
38
151
49
20
26
37
211
37
59
136
156
107
107
12
92
224
165
168
143
97
90
95
127
41
68
119
37
132
66
139
182
255
244
158
15
37
161
123
169
77
247
58
137
207
78
237
147
75
77
16
254
205
67
217
244
171
58
181
58
58
46
9
148
120
246
26
58
104
110
41
224
254
197
92
97
132
110
170
156
22
78
244
241
174
253
244
160
23
180
92
103
179
90
243
58
235
17
92
160
208
1
247
245
163
61
24
6
92
161
167
58
8
180
241
38
206
148
188
66
155
75
167
47
2
70
217
167
124
224
182
94
185
104
129
218
189
155
38
235
206
173
163
124
188
92
58
119
157
206
90
218
198
18
98
118
254
38
132
162
96
247
162
157
206
43
165
210
181
208
66
234
244
244
189
214
44
134
112
154
167
224
6
246
92
109
105
58
235
141
174
224
20
112
21
200
200
47
141
142
6
139
154
158
200
98
58
84
241
247
8
171
58
2
46
68
81
246
218
188
54
156
4
182
213
227
200
72
140
37
101
162
161
43
65
141
5
65
113
200
173
145
124
47
116
173
206
58
116
208
119
15
112
37
30
165
118
89
145
227
253
200
119
148
119
109
109
37
200
145
156
229
2
6
3
157
254
220
68
30
182
28
157
216
134
194
47
35
220
148
237
71
143
132
75
153
116
174
143
139
173
152
99
189
37
126
188
222
112
141
246
227
68
121
199
227
125
54
92
163
56
65
188
155
222
200
75
118
231
246
218
234
157
157
148
251
47
246
174
141
221
50
248
151
71
224
171
37
61
232
107
119
8
71
245
234
234
63
132
24
143
102
220
118
92
160
71
180
181
92
200
98
169
194
217
209
224
198
92
31
63
89
92
232
124
202
24
143
92
157
171
202
4
40
209
233
92
77
178
161
23
142
68
218
23
179
200
117
189
189
234
74
21
159
241
92
83
136
107
251
188
144
144
237
118
231
182
200
3
101
21
189
92
232
165
16
101
167
68
57
92
204
255
21
227
109
115
62
79
68
200
4
200
152
104
124
23
136
191
122
101
107
124
193
95
68
118
200
156
246
188
37
89
231
200
202
254
90
188
112
208
31
182
227
167
24
118
89
48
154
71
4
71
1
16
98
109
56
245
37
200
118
245
81
202
52
207
42
202
109
44
53
182
165
167
185
77
95
136
107
47
88
137
74
151
182
128
100
241
92
243
140
141
107
4
254
159
236
37
202
157
136
200
188
71
246
227
234
122
217
24
120
188
178
32
107
52
71
246
52
209
211
65
32
117
22
56
109
120
40
243
185
202
102
74
188
121
246
202
161
159
243
82
224
182
215
36
202
66
4
130
165
45
128
22
247
49
118
95
24
85
109
32
239
22
174
232
23
47
202
171
161
157
92
224
188
224
62
64
159
207
74
92
127
167
219
72
112
78
141
49
205
202
185
254
202
124
246
141
202
127
157
140
227
34
23
136
193
20
217
72
159
41
23
48
157
128
182
159
120
90
185
36
188
159
159
157
4
6
111
144
248
72
189
217
202
9
16
62
68
9
159
141
23
200
72
118
174
141
203
202
193
77
119
57
135
85
23
52
209
152
204
62
23
56
218
241
102
70
202
157
227
56
202
60
171
156
141
202
23
