151
151
95
177
146
121
90
203
59
145
194
10
146
32
46
46
79
64
10
95
90
222
135
64
248
79
105
80
10
207
14
180
246
46
222
126
203
79
256
60
211
135
80
222
34
46
126
81
207
207
212
203
138
126
212
6
248
183
212
81
222
140
123
7
6
154
80
6
119
135
138
6
38
102
113
147
160
177
108
14
120
46
256
126
34
147
7
47
84
187
229
119
187
226
6
127
6
229
35
46
90
108
180
154
119
17
22
241
195
147
147
245
229
14
130
83
66
226
226
192
17
113
107
217
20
205
154
142
38
211
16
123
229
229
123
141
187
251
183
195
147
229
144
250
126
17
119
43
244
83
206
142
147
203
147
113
113
138
187
89
205
30
60
14
61
80
17
126
241
143
151
47
46
14
143
83
19
244
17
241
20
20
93
205
227
59
226
17
32
180
212
20
24
47
195
225
245
180
83
6
180
20
212
83
83
46
222
250
80
9
241
217
2
250
244
90
217
68
2
90
122
119
229
147
135
244
229
7
180
66
122
242
212
90
225
9
203
17
128
9
6
116
187
206
108
172
2
46
47
83
83
119
250
251
229
211
28
172
245
6
20
181
17
32
116
191
217
83
9
7
217
105
33
142
126
181
113
226
194
63
147
119
69
5
9
245
46
223
245
195
160
109
152
105
187
217
26
147
24
172
231
231
199
231
231
92
11
241
68
18
212
113
183
135
245
26
246
116
126
58
113
244
66
107
248
229
205
15
231
171
94
128
109
250
183
156
15
168
227
5
254
20
229
114
33
188
36
246
21
78
96
187
90
245
83
4
198
46
114
168
24
113
242
219
9
47
191
217
3
46
217
17
245
123
246
5
223
147
71
32
123
183
229
206
47
206
131
108
119
6
141
118
245
156
171
168
113
81
5
87
18
106
128
90
107
226
5
191
231
46
185
205
106
90
84
18
28
244
226
107
18
245
245
147
142
70
18
54
6
67
212
28
245
180
142
179
245
171
21
200
171
21
1
107
58
229
105
164
171
240
207
254
164
65
130
116
168
226
187
90
141
93
154
160
117
130
244
126
198
84
181
129
43
46
254
126
90
182
131
223
180
223
171
120
43
47
147
9
47
212
68
59
199
254
105
204
199
164
224
207
121
9
147
183
43
96
132
142
59
107
245
199
168
244
90
154
231
43
180
231
87
212
171
47
40
28
244
168
46
119
9
168
231
58
171
119
252
152
118
122
40
97
227
40
28
244
122
171
46
6
123
206
217
43
223
151
182
151
247
108
2
171
142
119
14
180
171
67
6
46
21
200
168
105
245
60
226
105
113
166
187
241
68
68
226
71
207
244
81
245
224
21
245
206
129
95
93
211
231
130
31
11
87
181
224
41
217
147
182
69
180
229
245
174
204
113
174
87
17
78
211
60
68
225
244
58
123
241
226
167
58
126
171
250
227
212
241
207
46
187
167
24
187
238
217
227
2
165
105
125
70
174
113
187
36
43
90
183
24
250
212
36
24
141
135
224
191
141
121
187
104
43
245
83
167
217
122
233
182
216
187
6
226
122
235
123
17
234
122
206
34
227
171
24
87
46
24
67
226
227
187
67
135
212
142
83
68
200
206
61
227
43
180
203
113
28
34
108
14
174
220
220
117
92
167
181
250
154
180
5
60
11
21
187
230
121
47
7
241
5
147
36
207
18
33
205
24
226
107
21
122
188
138
49
33
182
126
205
14
49
126
36
207
246
49
17
226
6
9
84
135
118
234
24
96
187
117
216
144
49
205
130
113
66
6
33
17
6
58
246
60
206
49
191
185
201
226
138
195
14
195
6
5
226
166
87
61
226
6
118
205
122
21
147
156
226
194
125
59
68
105
97
28
68
243
245
24
195
198
47
180
149
129
37
191
94
176
93
104
226
4
176
36
68
37
94
227
226
236
205
68
172
83
94
58
132
254
84
4
67
220
4
14
2
14
94
122
113
185
36
96
60
28
43
47
130
135
124
185
68
207
187
61
176
14
1
43
36
218
130
17
37
124
187
130
226
227
241
59
245
119
226
109
68
97
221
229
6
227
100
200
188
60
122
92
100
226
14
102
195
120
60
54
83
172
158
68
122
109
2
199
77
117
130
58
86
187
114
11
49
217
14
122
100
42
227
198
118
212
118
195
118
185
14
125
226
59
142
21
70
78
131
86
43
41
36
36
217
243
185
243
152
219
144
122
244
36
130
238
135
47
6
152
36
92
68
217
