14
138
165
138
254
38
254
253
103
249
254
150
138
150
199
182
34
254
211
131
138
211
150
31
75
86
182
183
118
3
118
220
212
107
224
254
183
178
183
114
206
77
8
252
8
141
107
178
252
97
174
250
153
138
181
132
141
122
231
55
50
107
40
71
246
149
114
31
8
50
100
8
86
238
114
184
182
185
250
182
57
151
181
100
67
94
184
118
196
183
75
64
109
57
126
131
151
125
24
7
97
129
190
132
8
115
235
184
61
165
14
115
14
91
250
252
141
114
181
67
185
125
181
129
95
187
205
141
131
60
114
245
141
97
248
1
95
114
15
122
211
123
183
177
129
248
254
209
109
226
200
239
118
27
254
185
5
221
254
139
64
195
65
243
109
236
138
222
129
14
182
187
181
136
65
5
223
118
154
47
115
118
132
181
10
109
28
151
138
224
109
135
29
122
67
137
137
165
181
254
182
42
245
129
154
109
114
10
5
131
102
60
61
138
207
97
173
139
138
242
254
235
75
60
28
173
254
136
236
147
175
184
223
241
114
183
198
59
136
187
67
61
223
177
226
98
187
118
132
181
5
60
140
65
139
59
9
241
118
9
119
77
179
90
102
203
183
77
10
118
14
1
25
90
182
181
195
191
184
190
90
33
46
223
1
183
249
132
138
235
32
235
63
183
98
182
248
236
15
14
119
246
181
117
40
254
224
44
224
246
9
46
78
35
14
79
182
212
26
118
132
135
181
5
118
246
99
61
79
237
109
75
174
245
109
42
90
230
26
129
210
223
109
1
120
245
10
55
74
117
147
129
192
237
249
183
109
238
136
205
10
250
78
118
149
118
170
205
192
30
118
182
73
76
61
41
147
180
253
1
135
120
78
55
250
210
29
14
250
24
108
144
132
108
27
14
179
96
156
220
44
185
224
90
144
108
15
63
203
118
145
147
82
147
31
207
249
89
139
93
246
220
17
170
181
52
240
182
13
136
233
17
212
30
9
9
10
243
129
67
144
89
39
70
14
14
95
237
10
11
178
136
14
93
118
250
109
222
93
217
164
156
187
134
53
51
172
190
78
238
89
95
219
151
91
14
114
233
212
114
156
73
1
60
33
226
3
129
116
226
135
100
25
241
66
79
226
77
141
226
225
45
138
1
118
15
82
64
108
38
41
167
116
114
91
64
174
140
196
9
14
41
253
91
113
147
200
100
180
252
82
88
109
109
217
100
200
196
120
156
28
38
211
64
150
13
151
226
256
118
61
248
144
114
16
90
172
164
169
97
175
185
66
206
137
196
90
150
16
91
95
105
14
91
213
184
149
108
170
180
77
226
123
96
193
136
78
219
131
97
9
167
181
86
118
70
141
131
165
228
113
137
62
199
21
77
101
108
170
149
131
250
239
2
196
131
70
212
129
108
126
152
44
192
136
217
21
211
110
205
18
172
105
70
9
224
89
92
30
30
205
129
63
204
118
126
187
132
129
70
221
13
120
190
141
174
120
140
69
29
69
129
10
240
227
13
199
240
53
246
3
168
137
99
120
97
187
168
182
226
34
71
170
79
198
82
192
223
178
132
15
91
199
14
22
13
161
120
172
126
78
217
118
66
245
17
243
184
122
117
135
226
13
109
175
242
118
63
243
75
3
120
93
32
222
119
70
9
120
79
90
180
15
53
200
28
96
235
199
137
68
245
63
131
149
255
75
99
91
9
149
132
93
82
230
212
24
212
137
200
129
156
254
170
70
75
10
52
10
195
114
224
151
184
110
11
240
101
113
130
104
122
35
60
245
120
38
11
91
122
110
122
212
233
199
118
18
199
114
70
92
16
197
9
147
192
122
190
174
118
9
82
9
199
89
131
16
117
139
70
150
175
105
217
35
235
70
198
63
114
178
237
205
252
252
224
169
196
188
61
9
115
104
124
228
184
120
97
250
154
137
86
67
120
107
130
179
243
242
120
48
137
247
10
197
245
93
190
205
144
226
116
97
108
79
60
13
254
235
96
100
245
156
85
131
180
239
248
44
16
188
69
168
196
54
132
198
65
46
256
187
241
252
256
219
42
169
190
153
132
140
215
75
134
168
204
131
39
118
187
174
38
227
170
198
73
10
66
63
65
171
109
245
113
229
122
222
248
2
178
132
174
73
168
68
116
131
217
196
117
238
177
41
184
46
156
85
52
177
64
188
246
243
137
31
11
150
118
147
35
107
226
248
200
31
100
9
136
169
120
32
67
171
125
248
219
211
211
248
37
243
104
235
35
73
248
132
76
139
123
103
245
153
175
97
208
250
207
205
144
20
248
168
93
121
195
117
136
40
200
95
26
235
70
219
64
41
77
69
65
256
151
129
135
44
187
25
109
158
153
206
38
145
250
65
253
232
155
65
94
253
176
177
141
139
153
153
238
256
122
79
183
12
77
103
4
41
26
160
14
77
130
240
72
100
79
252
10
109
192
120
228
86
190
53
4
61
11
132
37
198
96
35
226
235
118
188
136
61
117
113
46
13
178
141
85
208
115
245
40
93
11
54
97
198
192
63
132
10
73
110
233
181
137
114
241
65
144
184
67
136
137
42
192
133
26
228
223
2
116
170
250
73
241
78
103
227
137
255
226
105
191
222
139
226
53
148
63
154
41
160
224
13
181
10
193
181
136
201
136
180
219
137
131
224
208
192
97
150
24
151
159
140
144
200
132
222
46
224
26
46
227
198
70
132
168
57
145
226
21
144
208
129
22
13
131
78
131
171
51
25
83
181
69
241
53
44
188
241
198
145
137
30
95
102
207
78
154
185
12
49
137
132
81
53
129
100
133
75
188
222
136
137
38
241
137
147
34
219
99
21
241
48
63
29
212
198
9
33
107
139
208
33
78
196
129
132
86
178
171
241
37
218
85
9
137
96
152
255
237
240
141
30
224
66
158
191
156
14
136
21
132
254
33
137
53
109
22
256
56
224
132
46
246
137
69
130
136
78
171
109
132
59
151
9
137
171
198
152
117
223
243
75
132
99
112
116
131
77
83
224
111
211
68
238
28
229
35
25
28
256
171
188
68
33
117
226
86
60
124
37
147
137
37
188
253
92
92
30
39
194
124
144
14
192
132
9
234
185
22
218
207
124
87
137
37
73
64
122
229
69
175
223
97
14
34
208
185
81
68
109
76
235
107
188
196
129
81
9
171
43
136
223
174
56
119
13
70
222
112
98
226
70
187
191
141
39
198
188
251
95
60
196
245
137
77
70
60
17
224
97
117
43
117
124
188
110
70
130
39
243
246
229
185
68
20
112
75
231
141
178
78
18
178
60
70
70
149
67
168
124
17
28
30
218
10
68
118
68
224
178
137
130
188
240
70
37
140
27
227
191
196
235
138
120
250
14
100
227
187
30
113
185
207
113
208
255
112
114
14
188
19
152
43
183
20
254
76
192
70
77
188
254
241
229
54
193
243
68
67
113
175
118
241
113
227
17
185
68
22
188
175
108
144
188
86
5
243
113
14
255
34
198
172
53
1
156
5
85
250
172
206
243
70
117
140
217
43
188
38
49
205
132
177
75
53
224
247
119
33
141
119
33
141
44
8
119
138
188
11
195
231
89
254
243
229
207
137
63
83
200
20
67
241
117
104
5
245
30
231
52
226
203
188
78
173
236
89
131
45
151
188
122
200
145
152
252
229
5
30
1
219
193
172
144
70
36
217
11
33
43
19
188
1
39
10
205
1
175
191
92
11
67
92
112
39
228
1
51
70
198
68
231
43
1
185
188
235
245
70
144
20
217
224
125
241
117
143
68
83
230
68
92
14
30
125
227
188
44
1
73
202
77
6
107
141
108
146
124
90
232
254
1
98
188
205
124
245
60
187
227
70
200
119
21
108
33
218
173
173
208
70
119
217
196
43
185
69
173
204
6
124
1
252
115
188
185
160
108
31
119
173
119
188
1
188
200
207
151
63
110
43
68
131
44
44
188
27
192
47
20
184
217
19
36
92
77
30
188
191
1
33
193
187
207
70
68
10
67
130
115
113
187
188
124
43
188
1
33
137
188
76
36
176
33
207
117
131
77
135
20
30
191
195
61
77
43
66
70
92
30
188
207
120
92
135
200
59
73
20
191
14
152
92
111
70
187
245
135
168
188
21
1
188
30
78
185
188
198
1
192
42
136
195
68
