150
150
230
162
67
84
135
230
162
75
231
135
135
7
176
75
179
249
214
31
230
222
249
205
179
7
174
162
122
230
249
249
135
8
179
95
135
88
121
121
154
185
75
166
243
105
58
136
222
42
209
194
220
87
243
166
240
97
136
166
114
110
40
172
59
222
138
243
205
172
121
1
21
122
135
8
169
67
74
162
215
242
75
150
150
242
135
208
225
6
114
242
222
87
169
230
75
29
96
33
95
213
74
236
117
150
88
77
33
215
95
243
140
28
208
84
32
112
168
84
235
31
165
128
150
74
42
215
95
138
8
131
172
235
205
66
230
220
84
160
222
208
77
83
15
32
150
253
174
128
131
128
153
125
97
229
75
150
77
84
77
31
138
250
114
162
94
146
208
131
184
29
187
131
131
131
131
225
131
67
77
110
131
131
131
87
58
131
97
49
55
150
154
235
117
146
251
175
162
184
8
59
146
95
128
223
77
256
77
220
84
77
144
77
60
98
122
9
170
203
67
138
84
155
112
31
10
237
131
251
110
86
230
131
191
77
66
60
253
111
77
135
60
130
9
115
215
131
187
81
131
230
41
110
241
131
60
110
64
100
231
222
229
140
114
209
135
77
74
70
114
172
50
162
9
131
194
32
54
122
33
95
117
160
110
96
220
187
153
138
187
131
184
74
145
28
66
70
123
77
242
176
94
60
145
205
153
131
84
162
33
237
66
74
231
239
153
205
177
43
148
81
59
223
114
131
245
77
181
172
109
135
77
74
214
194
237
222
135
17
185
24
136
29
205
241
44
187
155
165
26
204
67
31
214
131
176
245
180
77
131
131
131
153
205
75
9
128
181
28
77
58
95
147
56
118
131
74
207
111
204
129
213
153
44
131
211
28
87
75
162
239
28
222
123
7
87
231
129
153
187
250
182
104
186
9
132
235
131
42
239
110
16
149
153
131
77
1
124
1
100
3
212
207
219
131
28
156
249
84
59
131
86
174
77
73
18
77
182
77
131
77
204
77
206
60
131
39
84
209
187
177
223
249
77
45
54
122
187
58
10
74
223
131
75
60
1
28
187
155
77
170
1
207
187
159
214
98
222
182
9
17
187
187
223
166
163
77
135
159
239
153
112
1
196
182
147
153
104
75
211
192
97
17
162
175
187
17
24
106
149
60
192
242
1
66
63
151
63
81
32
187
193
131
187
105
209
213
93
85
105
16
53
32
131
211
74
159
63
60
150
159
249
24
108
133
205
109
187
232
7
232
56
196
193
37
177
176
153
114
28
131
170
159
132
118
157
60
156
77
92
207
159
223
203
59
75
250
24
60
24
1
136
97
8
1
228
243
32
7
16
239
84
159
184
25
87
129
85
87
28
128
161
207
82
168
170
250
207
44
63
215
49
150
195
153
171
128
191
161
204
109
106
183
174
60
87
108
128
249
60
83
187
8
105
141
129
28
191
60
131
171
83
17
129
208
63
183
158
239
167
128
59
206
123
205
117
226
1
161
49
40
182
129
222
47
235
202
221
216
69
62
18
254
129
97
136
95
128
202
109
155
75
83
128
160
207
20
160
69
159
47
77
181
163
187
41
83
204
15
172
88
95
115
216
69
207
17
124
85
66
44
37
228
28
9
202
243
250
187
175
95
71
115
141
241
132
221
124
159
60
155
118
54
27
250
133
106
54
176
15
144
161
161
93
28
184
88
16
245
168
87
165
2
255
97
232
168
69
184
254
54
60
213
106
142
161
113
117
249
217
207
113
168
174
132
8
208
161
153
84
129
47
54
28
132
216
232
71
95
21
87
119
183
94
124
160
223
107
47
129
3
162
136
77
165
87
153
195
217
180
243
124
223
155
121
255
174
1
162
33
100
37
216
152
150
129
205
252
135
215
135
71
114
246
171
156
54
203
187
55
78
233
72
120
76
1
163
135
37
129
192
123
131
94
97
165
174
84
72
162
60
248
233
114
217
99
127
175
249
99
140
114
200
4
104
114
211
111
174
161
237
245
158
202
206
245
60
204
136
206
95
216
145
179
206
158
100
200
217
100
172
9
60
37
72
97
217
133
178
159
185
115
72
115
47
161
174
37
236
193
180
128
84
69
253
138
206
73
124
40
85
23
40
114
159
159
70
121
15
237
149
203
88
165
77
173
84
86
207
78
209
177
150
136
224
163
162
236
190
161
157
97
77
117
55
172
23
58
47
115
140
93
44
161
156
53
88
72
56
205
39
99
162
217
125
38
161
160
99
131
18
161
150
216
236
173
202
84
148
6
8
117
18
138
236
124
161
75
232
32
115
249
84
76
139
246
60
192
187
60
207
171
85
256
226
64
54
37
72
27
73
236
123
60
71
119
192
142
58
37
55
187
123
1
132
178
70
53
31
228
1
114
157
70
120
44
207
37
100
202
139
77
207
118
222
174
84
114
147
1
180
206
124
77
77
37
14
150
180
60
161
76
56
29
42
2
56
82
72
42
28
74
197
176
85
29
114
60
189
228
124
148
212
60
45
70
181
158
147
198
176
229
59
37
131
250
37
250
193
183
236
187
182
100
19
179
5
134
217
227
72
171
208
40
171
220
57
86
188
17
76
20
178
23
74
189
224
187
96
15
72
224
1
102
199
21
118
30
195
60
204
5
1
123
51
31
158
4
117
72
59
153
61
147
37
207
226
216
103
70
185
147
216
136
120
246
191
223
233
147
72
46
72
195
57
17
234
50
72
57
46
51
224
109
132
81
195
50
124
57
18
253
207
31
222
132
124
126
1
133
226
13
216
75
106
149
241
99
250
74
60
163
152
255
232
234
208
37
195
194
126
230
4
248
205
232
124
36
15
57
30
208
70
234
21
195
87
175
26
24
70
21
5
208
100
227
193
192
130
4
152
121
187
137
196
132
37
105
49
205
181
49
224
215
68
24
2
252
126
205
113
216
60
124
4
81
227
51
251
115
46
76
133
147
145
100
245
93
195
142
37
247
53
197
89
68
6
202
112
102
133
229
135
120
53
187
114
170
11
53
180
14
47
104
140
88
23
227
60
117
154
175
37
31
53
68
234
227
117
115
49
59
106
6
156
33
33
91
241
68
76
56
43
53
119
19
189
104
105
133
1
145
76
247
64
200
92
218
104
218
158
152
127
143
30
98
154
107
204
60
161
1
197
130
247
4
232
247
46
109
191
106
237
235
124
1
234
