127
95
145
54
69
38
145
220
69
248
147
51
95
111
106
220
199
110
138
138
189
111
51
5
138
199
129
174
219
111
111
106
240
106
30
111
174
66
111
64
168
46
111
106
90
183
177
235
12
97
242
106
174
111
79
105
106
107
51
165
145
28
106
79
114
192
80
16
183
187
86
192
192
106
64
107
189
190
3
235
75
111
3
106
212
40
38
30
123
90
250
90
127
151
75
38
187
145
65
111
248
28
136
40
189
65
137
183
64
118
175
3
109
90
250
79
149
5
123
108
105
14
6
174
16
189
123
114
229
57
17
97
226
2
79
59
143
79
3
14
143
190
6
40
180
90
106
2
30
46
111
228
175
150
208
149
79
192
126
107
59
183
178
222
6
94
54
189
109
193
171
175
14
192
228
220
129
40
151
94
250
16
248
192
118
5
229
250
114
192
28
59
9
105
182
111
192
14
192
64
22
64
228
106
175
111
53
192
175
226
40
96
118
111
182
106
59
128
111
79
111
196
90
182
108
171
14
86
90
38
9
34
237
90
64
189
129
220
175
70
250
114
111
175
238
254
196
128
64
29
178
111
29
220
37
181
111
235
5
111
254
151
163
230
252
175
111
111
188
99
44
76
29
5
177
14
86
14
46
14
145
111
29
106
178
6
12
228
192
76
145
106
175
224
254
16
92
163
175
57
102
149
197
206
163
63
14
113
175
79
206
19
26
187
5
171
6
253
189
178
92
253
14
110
181
118
177
238
254
145
220
192
234
92
14
241
180
228
129
149
181
96
238
171
14
47
192
47
22
229
220
106
153
37
222
64
5
87
220
220
178
79
106
106
142
222
201
46
238
111
253
71
198
103
106
90
126
238
175
14
5
111
241
220
76
252
106
228
10
14
195
126
185
111
111
145
183
93
175
111
26
254
183
34
183
10
16
47
126
183
54
248
111
64
64
127
228
228
41
71
16
111
241
175
223
156
106
54
183
134
238
219
3
10
130
170
5
105
249
3
151
90
24
228
14
12
3
160
188
149
114
5
111
127
106
248
130
47
74
253
16
175
220
235
196
47
142
28
57
254
92
37
14
111
190
11
97
185
241
34
160
108
216
64
211
248
111
129
166
111
156
6
71
117
47
142
245
54
111
130
64
41
242
50
106
238
175
241
96
94
27
171
254
220
99
147
178
132
6
253
16
10
6
241
111
156
189
54
190
64
19
149
241
180
241
192
54
46
61
10
149
248
47
189
106
185
96
141
96
234
118
156
142
34
34
130
175
111
241
111
46
88
228
220
205
55
38
185
36
90
145
64
30
38
108
220
142
206
106
156
111
129
233
170
142
6
113
38
93
37
193
137
128
38
220
227
111
126
10
38
156
38
19
4
16
141
34
226
131
196
51
242
106
188
92
149
62
111
142
106
114
201
6
171
38
142
198
156
14
14
154
250
18
189
6
90
19
189
95
235
238
91
220
46
46
34
152
46
127
62
142
98
64
105
145
5
206
241
59
46
14
145
10
206
131
34
248
86
46
6
152
152
242
116
201
47
64
39
79
111
140
247
5
150
46
108
121
145
187
241
69
175
241
216
63
16
101
200
212
103
241
79
6
103
190
231
248
172
34
14
154
180
15
248
12
152
189
6
62
79
164
229
220
54
190
206
8
126
98
211
36
111
6
156
6
65
2
107
76
229
3
4
142
152
19
46
192
81
40
79
95
83
3
107
237
156
79
145
126
111
14
192
79
10
229
141
96
46
130
98
108
227
228
211
79
220
238
131
6
111
241
13
99
65
44
79
206
6
116
239
79
126
142
189
180
154
130
111
25
189
79
188
187
180
106
253
47
114
129
167
64
192
130
183
64
182
203
192
190
189
36
219
188
50
127
111
226
57
61
97
60
241
235
106
106
8
3
102
242
248
99
129
254
254
132
228
67
2
81
22
130
19
142
190
232
56
34
186
6
194
1
220
67
187
6
122
61
241
34
6
1
103
203
95
36
99
219
61
102
86
38
22
9
224
38
39
47
32
79
227
14
38
12
44
142
65
113
241
149
212
14
231
142
44
46
142
26
102
43
14
222
200
46
97
142
220
175
34
96
47
47
182
111
41
96
102
1
34
96
156
130
96
116
50
105
244
19
58
41
212
108
90
210
137
244
175
229
147
137
229
30
96
165
222
142
46
192
127
236
195
103
61
165
124
241
189
43
38
181
106
156
46
128
111
100
152
142
3
189
26
26
28
22
222
79
38
6
106
142
158
111
44
142
10
230
88
131
170
153
130
183
16
100
248
224
114
101
223
13
142
38
252
241
190
119
195
105
46
228
252
128
233
152
152
192
183
181
200
113
25
250
149
26
30
142
190
147
141
237
175
220
75
6
24
150
101
152
96
26
243
6
46
24
142
235
187
198
105
142
111
141
105
131
46
142
101
24
244
241
58
47
206
8
50
180
235
189
61
170
14
76
241
79
93
6
14
5
6
103
222
65
12
187
8
240
115
97
77
102
237
61
119
241
70
57
188
97
142
14
189
169
1
6
83
201
201
243
131
13
211
201
46
160
47
147
93
156
44
93
38
248
8
189
219
229
241
76
15
37
126
103
111
233
6
8
201
83
231
157
235
86
38
190
212
137
145
34
195
70
199
126
204
57
152
46
24
241
228
229
46
19
46
212
196
109
190
6
61
5
241
207
12
192
103
34
236
244
3
30
83
111
115
142
219
137
192
93
8
230
93
89
89
110
90
189
171
102
61
100
17
254
212
35
238
5
210
156
5
204
192
6
248
25
70
220
188
8
128
78
227
103
189
12
142
152
6
244
47
224
167
106
96
46
47
252
142
83
8
151
252
22
83
187
147
116
256
116
58
96
142
142
61
195
28
178
253
106
46
226
241
171
71
119
10
237
90
61
26
241
142
1
254
115
137
241
244
81
126
101
54
29
64
93
6
17
24
170
142
223
5
119
156
24
71
65
250
106
248
178
222
126
235
81
116
38
156
187
34
65
241
46
46
222
182
79
244
137
61
147
241
219
76
41
105
201
24
237
128
47
192
47
111
229
70
178
252
67
13
47
54
166
16
5
65
32
114
190
127
22
179
178
22
111
107
238
3
38
252
244
6
137
219
248
38
177
111
156
8
151
221
61
62
99
108
89
66
6
254
160
64
227
126
131
244
219
241
229
156
190
10
111
15
158
127
220
61
207
221
234
137
192
170
116
204
129
254
227
187
201
181
6
142
38
21
76
59
8
46
64
94
167
105
76
219
47
241
35
46
160
46
61
58
248
5
248
175
38
38
111
101
243
76
227
119
229
207
156
227
76
24
101
187
219
173
162
65
142
178
142
228
180
129
198
119
92
158
239
250
241
126
18
58
93
142
64
161
179
197
196
221
76
6
76
189
110
253
201
104
53
182
101
119
38
76
173
53
75
224
195
18
6
96
119
144
227
192
46
87
102
228
64
192
200
65
38
61
61
181
195
38
168
212
134
142
113
142
75
251
171
207
207
71
14
220
114
219
110
24
250
69
11
141
134
153
182
220
6
126
106
126
93
29
142
46
188
195
211
220
175
27
90
147
24
50
77
228
18
50
75
230
69
219
247
6
119
199
183
201
187
151
5
198
152
12
219
126
137
171
195
130
46
158
128
81
107
65
142
87
5
101
142
101
65
89
233
221
242
6
22
5
89
6
241
60
221
141
150
110
128
241
229
76
147
36
142
34
227
192
38
161
169
73
254
41
178
101
89
137
6
129
64
147
16
234
5
189
153
241
234
194
204
44
35
142
185
142
128
158
137
147
244
220
182
46
240
24
6
244
13
238
63
111
138
13
199
101
233
186
46
76
168
2
189
126
142
76
242
242
168
130
12
30
145
137
219
119
34
248
241
69
6
154
220
197
204
244
244
142
106
123
44
101
75
34
122
106
241
187
76
137
44
247
62
142
81
253
227
220
103
181
189
241
224
122
129
38
86
28
105
150
192
187
175
61
221
182
147
149
190
82
108
81
38
49
190
208
111
156
79
253
67
64
78
111
12
93
96
24
122
6
248
152
123
76
229
241
229
139
11
255
93
46
61
138
24
111
248
22
24
169
43
228
117
38
35
111
224
64
6
111
126
101
131
155
8
163
158
34
218
44
86
187
41
111
178
79
46
41
137
184
198
222
111
134
220
111
242
64
1
241
212
46
169
164
46
108
83
191
164
165
192
142
86
227
10
149
145
101
53
234
9
151
38
6
238
142
75
225
86
164
22
200
12
164
44
58
187
247
192
166
196
145
98
46
189
241
17
196
24
237
83
126
69
187
138
22
43
219
227
235
58
254
107
6
65
119
217
163
56
13
218
190
190
192
124
175
46
116
45
151
10
19
13
111
56
69
175
229
126
163
138
241
101
26
244
145
121
192
15
158
241
160
236
47
56
196
12
111
214
237
111
117
178
228
30
106
155
10
145
124
83
192
212
22
56
189
26
250
255
201
241
163
24
244
69
96
142
86
106
69
145
86
6
24
81
10
250
8
63
196
86
76
96
26
192
192
77
47
57
101
93
5
111
145
224
83
119
12
203
22
145
142
76
247
220
24
47
207
108
190
30
133
242
142
220
111
26
106
140
36
142
192
190
111
22
106
101
145
160
151
189
30
122
189
79
187
34
14
220
13
206
101
106
38
34
2
228
8
57
200
56
111
6
199
142
6
219
244
201
223
15
6
220
106
56
189
244
86
234
152
142
38
116
236
10
10
241
16
116
218
38
228
155
149
156
242
74
253
241
12
12
227
106
238
237
106
189
159
229
229
241
212
229
57
199
254
242
187
38
189
187
57
8
189
201
12
234
26
192
86
86
254
241
220
237
238
142
110
12
35
158
26
219
248
254
30
254
56
200
111
111
69
254
189
76
101
201
30
133
196
108
241
149
142
10
189
81
229
124
228
212
254
102
2
30
134
103
201
45
242
134
116
101
56
159
37
192
133
254
227
238
122
86
134
148
134
111
201
10
201
30
10
111
50
137
192
232
134
