138
59
87
138
30
96
96
203
138
138
185
28
73
42
251
206
151
17
251
138
59
73
42
208
185
128
42
33
211
251
208
28
15
211
235
130
33
130
17
195
138
182
181
250
222
235
176
195
67
182
49
121
41
253
251
73
19
7
186
136
27
128
41
244
28
27
33
176
231
236
172
176
250
102
112
59
222
166
169
251
174
217
40
19
176
174
244
222
211
112
251
138
102
222
81
182
162
15
221
236
114
129
28
146
182
217
185
25
151
138
15
9
129
221
17
114
74
141
59
222
182
40
39
39
73
181
176
19
95
9
37
240
88
136
99
174
217
181
5
231
128
87
120
77
222
15
176
135
9
227
176
40
22
244
222
128
73
250
77
172
172
97
204
95
185
240
102
236
138
230
160
91
150
239
44
114
184
112
211
242
66
239
188
222
207
144
209
158
230
75
162
220
28
237
128
98
33
87
174
17
194
199
182
128
151
182
94
8
144
16
178
145
209
181
220
184
141
91
32
107
74
211
95
228
94
49
237
132
54
101
96
13
58
59
141
128
151
222
222
205
59
227
99
87
8
241
75
58
244
235
16
137
170
62
199
75
203
170
209
88
91
54
180
174
228
222
182
86
31
240
244
177
103
95
207
205
24
138
113
42
228
35
33
243
108
142
25
107
151
241
63
64
183
208
228
101
75
41
102
222
194
222
101
132
86
144
113
164
167
124
63
235
237
244
114
28
144
241
124
109
69
101
113
143
169
101
99
179
58
46
168
158
4
58
102
208
217
209
178
205
147
73
244
37
136
73
103
144
160
244
38
20
109
118
87
15
101
87
183
236
30
95
207
181
73
184
9
244
179
75
236
109
180
4
236
17
17
150
95
37
16
202
103
4
109
59
154
32
46
59
119
64
58
97
152
42
113
63
254
77
104
9
183
107
92
165
38
230
1
220
203
207
1
21
198
141
118
95
32
150
109
135
37
227
122
46
101
91
220
31
171
168
235
138
59
222
227
150
71
150
185
168
245
36
184
184
231
227
58
24
132
235
103
171
108
36
30
185
131
117
91
87
182
9
96
207
237
74
71
53
43
206
1
141
46
122
160
184
132
249
66
140
122
245
252
193
179
15
167
132
233
67
167
208
136
223
147
55
109
21
223
206
119
40
97
38
147
50
167
138
208
11
45
87
184
102
31
220
9
132
13
127
11
65
32
170
124
170
132
237
32
132
183
28
178
156
102
43
49
113
24
174
174
101
227
36
119
58
122
188
243
58
174
53
24
77
17
17
119
178
231
46
193
168
203
128
41
227
145
49
219
9
142
135
174
250
203
37
132
180
168
168
171
152
134
170
247
50
9
246
131
49
142
195
233
83
108
85
227
24
174
143
206
118
20
101
113
84
75
121
245
224
94
97
175
33
9
95
65
78
15
147
32
36
32
197
117
224
108
169
49
78
168
227
11
43
1
109
13
37
32
207
32
79
185
46
20
144
87
11
9
10
250
43
247
205
37
59
47
43
222
191
210
188
182
240
184
133
227
102
250
188
178
160
59
61
87
107
246
252
225
255
241
175
245
232
74
92
150
132
140
196
4
217
164
154
24
66
132
178
58
21
13
183
217
168
132
83
36
206
158
4
68
15
147
142
252
110
251
246
107
181
174
238
229
174
83
252
137
37
245
37
116
190
145
88
116
222
158
229
179
36
43
210
43
43
241
14
49
116
91
231
36
168
255
68
187
11
145
132
100
137
79
17
137
233
206
250
38
217
206
74
46
122
207
32
19
227
147
110
142
168
100
171
61
174
179
21
17
135
154
206
27
46
61
205
191
37
122
217
36
158
141
68
248
34
57
176
133
63
184
211
58
171
59
216
184
241
108
91
6
113
232
236
206
250
194
81
135
205
52
124
57
227
33
142
224
241
233
73
200
91
245
207
94
171
38
175
205
113
55
38
174
170
77
34
69
120
138
206
1
180
60
227
200
124
58
24
191
236
112
97
210
199
131
37
107
217
224
70
115
49
179
226
36
179
196
158
158
128
245
206
116
176
43
141
136
179
13
142
207
142
14
164
179
37
226
181
150
105
61
11
37
252
101
120
55
188
125
245
109
145
179
61
37
120
147
224
179
171
127
43
108
151
55
63
2
200
102
38
49
233
241
11
37
14
139
59
222
233
20
1
171
87
158
232
182
179
116
122
31
247
157
198
49
168
246
37
120
43
130
49
203
59
93
232
77
116
230
97
250
255
65
135
157
191
176
211
196
226
248
253
68
249
68
213
248
138
227
194
169
109
53
232
33
158
128
78
160
135
38
20
171
133
74
29
204
233
42
68
233
241
171
206
222
40
74
139
217
205
52
207
107
14
132
59
184
66
57
227
59
171
243
171
249
133
179
218
68
63
116
154
211
241
122
137
158
120
70
77
252
66
247
50
68
58
118
248
49
4
65
30
20
135
174
72
105
135
179
169
185
36
132
243
68
248
137
230
133
45
246
237
131
120
248
109
53
52
65
132
193
245
20
20
179
171
4
3
248
158
53
113
119
157
37
198
101
57
91
107
115
133
101
197
157
219
188
121
216
124
217
55
226
158
142
255
217
131
241
214
95
133
65
174
224
252
167
89
94
132
243
36
144
134
20
24
197
119
167
58
243
184
13
95
57
179
193
33
78
144
107
184
248
150
65
63
167
248
74
76
2
113
37
188
108
144
188
81
99
232
219
139
105
135
114
94
80
244
207
1
188
212
36
187
168
142
206
216
149
125
188
191
107
218
222
68
135
233
81
168
2
