129
76
79
235
26
129
94
91
97
97
26
97
235
120
97
192
39
239
235
91
75
75
75
91
219
84
172
230
25
79
120
75
97
79
225
9
213
230
9
75
75
9
26
17
63
150
31
75
97
207
63
109
211
137
26
250
192
84
144
54
84
226
94
240
66
13
222
136
110
54
67
221
129
203
67
226
67
172
66
26
189
9
17
69
63
226
243
94
67
222
194
69
146
7
11
42
242
49
43
114
196
223
123
165
153
230
9
226
66
106
231
94
249
150
231
84
249
150
231
84
100
226
168
69
226
226
55
226
249
140
106
51
88
196
176
154
154
196
189
75
196
106
75
11
242
177
231
250
192
136
212
42
13
249
182
23
55
230
55
11
211
51
141
129
128
9
67
140
189
31
42
10
202
249
149
39
150
11
84
168
129
14
55
39
11
56
37
171
42
231
105
190
219
28
226
174
211
128
144
231
251
59
182
231
137
237
42
237
140
17
230
9
16
122
78
156
221
141
138
16
33
182
191
243
243
127
118
42
42
63
79
121
140
90
18
141
137
38
113
100
196
184
66
128
174
67
213
42
161
79
55
211
126
77
40
81
205
181
184
61
55
69
22
196
31
55
88
102
18
81
5
160
37
178
100
171
193
180
55
123
11
13
150
128
127
150
202
51
84
250
190
69
49
52
22
211
235
128
204
95
83
42
83
2
31
171
137
13
128
168
205
171
42
216
55
79
33
138
128
153
195
216
178
128
235
86
171
20
126
13
128
52
15
86
86
171
42
216
18
117
138
13
182
180
42
171
132
141
20
49
171
215
97
135
27
13
31
171
46
94
87
171
249
138
117
227
141
15
171
15
65
137
245
71
122
131
209
192
97
37
182
240
174
144
196
183
174
113
129
129
192
97
144
126
160
54
52
176
219
176
135
219
239
86
56
27
31
235
55
79
65
79
171
87
8
184
129
184
100
248
42
157
208
137
239
127
9
147
83
246
208
235
95
171
231
182
199
129
248
98
42
249
129
143
74
248
67
226
56
171
75
11
232
16
168
9
11
224
248
143
168
122
147
67
15
227
183
13
46
218
11
193
205
57
98
39
94
37
171
56
175
129
11
224
149
67
79
181
246
210
10
24
12
79
208
17
176
63
195
87
226
137
221
67
139
253
36
67
77
64
134
167
250
235
150
172
70
179
38
115
66
120
6
12
8
194
156
130
44
197
210
14
22
183
136
100
218
239
235
149
73
50
77
60
254
219
214
72
224
154
124
160
140
193
245
79
100
26
211
235
180
241
67
248
34
24
139
226
117
11
154
67
253
98
248
220
160
74
135
134
250
76
34
17
253
211
17
140
185
63
24
189
77
117
154
208
256
110
117
3
255
174
24
29
163
83
156
160
73
168
159
67
245
120
57
24
184
189
6
11
60
156
26
183
134
172
156
193
50
85
235
68
171
11
36
73
5
79
154
29
123
196
85
144
137
30
141
231
171
180
207
248
54
43
132
210
252
33
115
109
29
46
213
40
133
120
174
135
123
109
122
63
54
43
79
198
105
202
231
129
182
55
29
91
85
235
180
184
12
34
136
93
123
160
207
182
156
73
231
90
131
73
29
63
11
63
180
90
8
88
249
210
249
213
238
210
54
229
221
252
133
52
83
235
144
123
231
6
149
222
6
208
46
144
73
164
83
187
139
252
163
37
55
156
87
115
57
18
141
84
187
43
122
196
139
249
138
219
142
134
70
242
86
174
163
86
141
29
147
144
139
6
37
213
179
79
86
179
178
57
147
100
116
37
19
123
251
210
116
106
254
210
167
232
163
83
83
12
231
130
180
10
184
71
163
171
75
221
137
202
158
210
83
198
168
247
63
30
116
128
55
164
182
248
164
215
171
206
158
76
97
128
67
179
12
24
254
116
156
72
106
156
30
213
38
215
255
174
77
39
28
123
124
178
153
206
179
72
105
164
37
116
116
252
157
83
252
83
94
141
24
142
109
163
83
244
103
219
197
41
158
120
116
53
67
163
124
105
168
12
83
124
216
72
179
25
163
79
148
187
37
180
188
106
57
188
137
101
216
153
67
122
254
74
12
30
174
79
30
113
69
105
26
109
129
149
28
237
69
237
37
124
26
185
26
164
122
24
122
171
30
26
211
217
183
161
9
124
167
145
49
137
168
168
158
169
145
11
167
49
245
58
132
190
124
35
67
103
244
213
120
212
131
254
37
63
9
137
233
197
232
4
137
188
60
72
47
101
199
64
233
58
7
105
37
238
79
22
133
163
247
120
140
194
30
79
110
155
6
210
52
124
81
197
36
102
69
103
211
82
38
127
133
81
26
196
92
137
137
85
8
53
152
167
119
43
