146
243
80
243
84
26
165
186
165
248
7
165
94
94
7
115
165
165
154
80
17
17
214
176
84
130
122
231
108
166
174
203
73
216
231
154
231
122
165
129
174
174
94
122
129
154
94
199
8
61
87
66
253
165
216
216
165
42
174
67
94
129
129
94
223
165
174
69
129
115
80
121
94
216
181
147
121
94
199
208
212
174
157
249
129
193
174
26
67
69
25
5
18
17
209
107
174
99
80
199
243
9
224
129
135
94
244
181
80
166
122
111
176
202
213
37
215
97
88
237
7
224
253
59
67
174
152
214
31
97
214
232
7
129
129
162
97
69
59
166
199
69
166
94
208
42
231
157
143
174
147
231
51
59
74
7
29
29
244
231
146
162
231
95
31
84
80
156
138
256
80
225
206
25
27
216
213
162
31
209
256
186
107
187
66
35
147
113
95
132
209
162
7
53
209
59
162
166
231
215
153
7
129
244
231
197
7
115
7
87
146
84
162
202
163
94
80
231
94
7
231
50
66
208
94
113
138
59
214
213
199
113
256
162
99
242
162
14
214
146
244
135
244
256
31
214
214
202
84
35
7
176
84
99
115
7
9
242
161
121
231
7
231
197
99
153
215
202
189
231
214
80
231
181
82
166
113
244
140
17
218
203
29
213
244
115
153
203
249
84
113
204
174
7
66
51
7
174
202
146
214
80
170
35
72
230
7
203
82
113
115
244
157
256
36
244
144
51
203
174
186
59
52
113
174
231
13
73
113
244
7
174
113
7
113
244
113
174
244
244
146
244
216
216
18
206
214
33
50
214
186
113
115
136
7
162
203
84
155
89
203
166
7
115
194
94
113
123
87
244
7
88
64
244
80
83
169
256
162
113
36
244
174
162
73
141
176
244
11
82
23
113
36
216
106
110
166
104
113
36
113
9
157
26
36
232
29
32
149
113
26
83
36
203
256
113
231
113
23
170
244
36
203
169
36
94
113
216
7
113
7
36
237
12
64
10
113
242
242
244
165
169
113
157
59
113
174
213
244
244
214
23
169
186
36
76
203
87
59
104
194
85
36
148
146
249
113
9
23
216
36
196
84
169
113
52
210
7
73
164
244
113
113
113
113
36
244
176
84
113
244
244
113
162
102
203
244
162
118
155
62
63
26
113
170
186
131
113
13
162
169
213
61
214
244
162
203
113
230
127
7
232
202
162
177
177
113
169
50
186
157
216
169
244
113
113
36
113
244
84
203
244
18
209
213
169
67
170
83
199
113
10
158
199
169
36
216
244
202
88
113
44
203
164
59
199
59
153
203
199
256
113
113
205
244
174
140
244
251
244
7
82
164
174
62
194
113
242
154
170
180
244
126
72
169
236
244
36
143
23
68
113
82
170
244
237
195
148
242
199
36
238
15
161
104
170
65
203
239
203
244
54
107
126
127
146
67
115
36
25
115
213
251
132
48
155
41
203
244
169
81
23
221
169
52
170
54
131
113
244
153
36
221
74
27
254
140
113
243
160
169
36
62
126
237
160
143
26
82
169
203
170
113
169
129
19
35
197
197
113
155
195
169
244
151
82
161
83
36
62
113
166
113
113
203
115
143
98
54
113
83
205
155
242
171
153
140
52
253
62
236
160
169
72
36
113
36
91
53
88
48
48
143
115
92
215
242
221
139
193
166
203
155
197
169
186
202
200
107
23
186
53
150
156
193
213
98
202
54
159
238
218
36
62
113
26
113
55
153
54
48
26
72
26
169
216
61
256
57
11
133
23
197
23
91
98
165
81
26
72
35
150
64
31
244
242
163
242
210
242
50
7
177
129
73
26
48
91
217
190
131
36
156
175
48
159
50
87
26
34
133
23
115
165
148
253
91
42
89
113
74
87
214
113
244
21
85
171
24
217
197
36
194
186
244
221
57
127
202
69
209
48
19
186
244
170
131
8
185
9
170
115
169
61
186
203
112
146
155
202
106
178
53
203
139
89
189
155
36
62
166
61
113
113
144
169
23
202
200
52
50
169
29
152
121
169
107
107
83
62
169
177
36
113
160
197
151
84
25
82
18
244
84
156
164
113
56
148
252
240
112
170
105
169
53
149
143
123
72
176
23
113
123
26
9
56
76
145
56
49
57
89
245
245
197
143
1
48
249
105
105
169
161
31
75
170
146
81
40
44
148
186
113
25
67
121
115
53
202
43
214
72
240
44
123
203
242
56
120
53
53
166
67
48
155
176
253
123
173
53
240
215
50
72
153
129
143
121
53
50
215
4
44
173
96
19
194
203
53
215
1
140
135
148
156
44
4
183
160
63
252
44
144
36
58
43
197
155
244
12
30
23
176
50
148
64
149
119
112
153
44
25
44
169
123
19
170
98
253
115
135
121
115
44
218
203
21
23
155
28
157
157
53
23
52
125
23
45
31
161
1
82
53
91
80
36
252
243
33
23
202
244
21
49
52
52
195
21
193
172
65
44
198
161
34
252
65
2
213
163
193
44
85
239
147
92
213
134
5
156
202
161
170
202
23
166
52
21
172
120
48
142
133
160
65
256
47
134
130
82
44
149
134
64
104
96
202
130
134
193
52
7
162
36
40
203
202
91
202
186
86
120
201
252
23
27
201
255
192
11
27
256
19
186
26
104
193
230
201
134
130
23
202
23
240
174
134
34
255
186
80
91
203
187
148
148
93
91
147
94
76
169
193
221
76
193
72
23
186
52
170
26
133
197
