146
80
146
71
71
71
113
71
80
121
176
7
113
71
75
80
248
31
248
248
184
71
183
80
27
88
71
89
15
181
31
250
46
170
235
239
220
176
176
235
39
182
176
141
222
124
176
101
85
93
247
63
141
176
228
101
7
190
176
49
88
59
184
239
190
57
180
28
132
95
28
141
245
230
50
141
180
132
40
40
96
88
184
176
190
40
127
53
95
58
100
141
88
249
49
67
243
190
160
75
21
142
212
104
103
105
97
105
169
230
85
132
142
5
182
170
168
1
142
256
46
228
132
40
229
21
96
241
13
239
185
88
182
249
251
182
88
251
1
71
137
16
132
206
85
37
231
181
103
37
132
65
100
77
225
212
131
118
131
146
13
131
132
243
121
58
77
182
117
205
37
182
182
14
241
132
231
102
107
182
58
192
82
241
185
184
105
235
254
138
121
132
65
219
116
37
146
37
64
75
109
181
181
251
235
107
37
151
206
185
250
131
151
254
220
77
37
114
1
171
184
15
132
231
37
121
244
244
65
203
206
168
116
5
137
168
151
190
14
225
62
62
77
160
109
162
82
137
141
203
181
118
37
181
38
171
227
46
65
162
11
132
27
178
37
75
181
28
97
171
76
160
116
235
235
55
137
142
105
84
168
241
219
27
62
46
180
244
107
137
176
132
107
83
207
173
235
235
132
46
136
235
88
41
109
184
237
237
121
59
82
251
83
67
65
85
241
171
54
168
206
205
254
165
42
182
46
46
181
132
207
76
107
109
157
124
37
113
29
126
101
121
37
165
182
168
207
223
241
162
206
150
205
77
40
55
65
37
240
113
37
235
152
211
98
17
230
192
65
65
38
103
90
101
128
132
132
34
28
179
65
32
108
16
205
40
28
212
214
171
180
76
205
164
246
37
205
41
230
37
221
241
237
46
168
3
151
34
180
141
198
241
180
141
171
192
200
219
132
131
98
22
26
46
15
129
46
217
171
182
142
28
192
224
248
208
205
217
67
130
195
1
37
237
63
137
252
198
88
37
122
28
122
116
54
66
46
65
246
205
32
34
226
227
58
178
205
114
190
195
33
141
226
211
37
141
226
41
206
221
68
43
143
156
130
59
192
141
208
91
43
43
237
83
46
92
65
65
114
182
101
175
179
121
246
229
102
179
139
156
71
37
83
92
124
97
30
1
14
229
92
190
121
199
245
85
14
34
37
2
70
6
254
141
151
9
245
114
211
175
14
248
182
78
241
122
63
65
134
252
139
167
114
223
195
129
136
206
14
15
185
185
164
14
150
205
78
116
150
2
59
43
88
78
122
31
254
256
65
244
44
59
11
223
131
116
37
179
89
74
192
63
164
131
164
13
246
246
53
253
137
65
135
97
191
2
200
6
135
142
78
248
101
157
28
139
122
211
101
202
143
66
156
228
205
209
14
217
168
241
38
132
120
164
142
185
37
150
171
150
128
9
3
3
224
101
226
235
156
229
248
87
40
60
193
185
123
10
93
200
118
131
187
171
250
182
65
114
6
199
19
179
172
83
24
208
98
78
256
217
208
234
87
164
81
195
36
241
193
192
83
188
67
179
40
83
184
15
109
185
85
59
205
24
148
187
187
134
179
150
250
4
137
34
169
30
19
46
179
1
250
158
254
139
225
151
40
126
93
226
65
137
226
226
142
229
92
157
150
42
79
25
52
5
132
10
1
138
241
235
241
242
150
38
24
65
37
85
142
35
37
217
49
65
73
185
46
168
89
30
111
142
205
248
109
227
101
46
140
115
47
234
187
141
104
79
88
202
4
179
203
6
141
15
141
190
24
142
30
164
200
146
61
222
142
91
171
168
234
167
46
116
168
136
140
179
145
108
5
202
207
115
120
137
168
188
40
119
213
142
30
121
15
169
15
6
96
246
229
241
241
212
129
60
200
241
115
156
90
171
167
193
24
245
144
144
191
122
229
123
158
6
33
233
116
115
82
86
79
132
233
150
34
101
116
142
121
168
207
86
101
2
127
52
205
232
213
121
37
159
241
193
52
167
101
130
60
202
141
202
101
56
187
159
30
194
213
230
77
94
170
58
101
46
46
179
197
101
167
213
200
168
200
241
254
234
172
202
72
130
226
207
158
202
93
101
45
85
65
9
113
93
217
171
142
156
133
44
72
241
167
4
46
227
142
101
2
137
37
205
213
249
144
191
190
30
146
30
202
246
134
239
223
88
243
6
220
124
248
168
101
152
160
250
156
203
167
30
224
86
248
245
168
152
202
226
207
168
241
236
2
46
1
224
218
195
200
207
142
200
140
227
39
202
