160
223
80
241
59
84
126
40
45
214
186
33
28
162
162
67
130
95
162
138
17
176
41
230
28
8
89
140
98
3
66
177
5
177
84
176
183
52
66
158
143
232
126
94
28
162
84
84
232
199
66
3
232
5
115
91
22
47
89
54
242
111
254
176
232
41
107
177
175
89
25
26
211
79
28
253
90
175
162
179
160
151
76
177
151
164
149
84
157
160
127
150
41
112
55
209
169
123
108
79
153
66
205
164
143
209
151
208
108
112
94
88
209
98
79
118
239
153
162
106
41
76
3
106
95
126
215
194
98
237
87
244
171
256
215
238
47
91
127
128
94
121
98
127
146
215
184
127
127
76
106
160
224
84
50
141
243
244
28
84
203
145
103
127
98
176
255
26
106
126
205
146
47
87
229
145
21
3
164
253
26
81
243
164
59
14
96
181
12
64
123
172
74
3
140
54
166
202
200
128
151
93
160
127
127
183
90
208
220
253
91
208
128
41
91
141
145
174
202
79
97
23
177
162
112
88
91
37
80
79
185
151
5
160
229
159
84
146
162
3
254
210
87
126
165
177
96
174
79
194
254
43
256
17
143
185
219
79
121
167
160
212
164
168
127
212
13
143
64
67
127
91
149
3
235
94
64
185
123
67
226
37
87
185
251
240
204
156
183
181
130
254
122
186
17
42
200
96
66
237
128
249
237
95
132
26
248
113
63
18
41
6
181
26
184
150
144
160
211
216
126
139
69
215
26
76
237
104
83
222
81
230
79
42
98
83
156
42
37
237
69
221
222
87
211
97
57
21
157
186
119
240
240
99
127
203
3
156
216
246
141
62
216
156
104
26
222
57
238
90
26
193
93
21
226
86
37
23
79
13
98
211
156
182
3
47
208
36
236
62
36
203
121
41
213
215
160
40
253
71
202
181
44
17
40
104
108
21
50
79
134
34
96
81
30
208
59
222
151
83
37
7
106
166
121
203
82
66
250
185
190
80
104
36
143
6
128
128
76
118
219
30
222
187
93
143
84
93
43
143
42
93
203
200
22
37
62
190
17
132
222
143
104
203
231
93
71
202
150
172
37
26
119
92
175
128
80
180
153
104
143
61
49
153
156
248
205
96
239
248
22
169
72
196
3
33
80
87
127
118
92
206
215
97
126
153
95
38
113
59
231
127
236
40
50
250
236
245
55
134
21
93
59
209
216
206
251
106
22
135
79
111
118
136
8
229
207
250
239
251
63
250
239
226
143
147
204
63
67
69
5
143
253
189
93
36
112
104
22
143
68
150
139
37
195
236
254
200
28
153
75
256
252
138
156
105
113
111
55
210
136
22
55
93
52
123
160
190
239
62
162
126
93
71
123
57
181
149
12
96
160
30
183
79
26
48
33
109
157
62
111
156
180
36
156
69
90
47
91
207
254
71
38
92
57
96
222
36
194
162
121
237
28
191
253
168
233
28
108
217
12
37
252
195
6
141
89
248
254
123
62
134
71
45
192
140
34
78
249
74
116
5
143
185
6
118
134
86
197
22
234
25
168
107
71
7
63
8
41
119
230
254
8
171
36
196
75
34
30
211
161
200
183
113
30
30
245
25
216
180
229
25
174
229
94
213
254
112
8
105
165
254
172
217
94
103
50
237
194
7
184
242
210
185
8
22
5
118
126
183
143
142
139
96
188
194
256
182
160
106
3
75
177
227
54
139
16
102
105
36
48
131
13
17
2
148
158
57
11
50
54
131
7
162
234
113
129
37
200
172
150
23
138
141
183
8
71
138
54
50
106
160
251
3
116
16
162
75
99
220
144
219
242
73
181
200
191
94
195
174
1
240
164
222
156
118
171
197
71
75
171
65
174
58
52
64
30
61
98
185
108
93
75
46
192
18
37
30
36
8
17
249
3
112
144
160
189
165
43
209
105
34
190
147
10
156
123
75
61
115
21
52
164
160
211
218
138
95
151
51
47
136
122
256
47
253
54
211
17
30
169
119
24
200
26
138
146
122
141
26
156
17
164
232
34
162
8
8
135
67
106
47
187
156
66
210
61
8
182
229
241
191
29
106
26
160
5
112
40
224
150
144
47
107
27
107
36
200
119
98
216
138
160
98
6
111
35
128
190
96
81
33
150
62
71
183
90
69
5
63
47
149
244
75
245
91
200
91
69
183
212
164
109
114
233
172
254
151
26
200
169
223
128
174
184
31
217
118
231
112
204
1
212
142
29
96
254
254
212
219
61
185
169
34
132
107
242
91
172
112
26
36
135
174
184
135
36
87
81
27
98
225
95
156
30
170
168
151
109
189
90
224
98
47
185
78
129
30
224
134
129
142
217
36
160
5
109
201
169
249
73
174
151
171
26
148
225
62
136
32
36
171
254
91
52
28
212
81
109
137
217
34
221
187
17
34
2
34
212
15
158
138
90
165
130
223
135
90
183
175
36
89
2
126
19
229
106
188
39
30
126
19
212
129
12
137
29
120
129
201
71
234
75
33
212
188
194
128
184
71
229
95
123
54
221
94
90
125
140
239
204
254
221
221
191
50
34
215
256
245
166
189
81
200
91
211
188
34
138
10
34
81
245
5
89
111
79
201
47
140
76
242
108
161
138
171
151
228
210
123
223
126
172
30
135
112
233
12
12
216
52
97
221
8
4
24
140
105
187
51
137
140
36
250
189
2
206
5
176
156
146
109
254
81
23
187
81
30
107
189
90
200
188
141
163
200
32
200
18
121
151
30
43
140
137
153
222
160
138
200
29
227
82
239
118
61
30
30
167
5
17
201
234
61
195
49
250
41
200
160
181
187
81
133
74
151
81
17
130
156
237
2
12
239
126
244
125
108
161
102
140
248
57
30
136
227
114
16
160
188
91
96
4
247
253
15
172
31
6
244
231
200
60
60
224
96
65
134
2
221
165
107
249
108
254
151
81
254
222
200
81
169
30
28
36
211
12
188
217
109
182
200
194
2
50
161
196
98
98
30
12
10
156
125
81
138
67
130
194
189
165
121
228
30
194
156
165
26
93
200
2
211
142
141
206
230
233
13
130
67
78
143
22
13
119
42
151
2
125
63
85
59
55
130
253
43
62
36
162
98
187
78
151
233
12
24
47
200
142
2
224
227
194
112
14
18
22
102
160
8
253
254
86
22
119
254
130
40
243
224
153
36
90
47
121
95
52
30
245
208
229
88
41
58
30
92
61
254
24
108
112
112
156
14
254
59
245
182
223
152
6
125
171
148
254
198
163
188
41
62
96
141
194
30
240
98
33
147
18
134
35
62
192
50
229
200
254
224
193
2
98
124
130
7
197
166
241
2
96
105
2
112
191
105
102
245
2
74
1
123
58
156
71
24
142
86
97
44
70
2
233
42
6
108
224
223
18
2
73
30
150
146
47
14
163
43
200
113
188
43
2
125
94
160
132
250
5
50
112
2
163
157
92
30
135
194
254
120
187
43
254
68
98
163
52
43
5
43
160
36
130
104
11
163
149
57
21
90
68
112
62
98
30
160
77
163
254
254
255
194
15
163
102
30
198
223
125
26
108
39
211
231
107
13
64
72
254
85
194
67
83
59
148
142
47
156
156
46
67
217
59
255
60
77
118
232
47
51
25
224
30
214
71
107
163
68
115
137
213
184
194
86
62
50
23
190
45
12
5
108
71
71
68
119
135
235
165
112
43
68
60
163
200
44
43
85
242
57
224
93
185
187
224
218
185
141
254
149
121
121
22
57
43
50
131
239
155
50
156
24
214
84
134
52
112
30
137
104
174
44
137
135
82
44
214
59
200
125
71
160
163
60
254
2
213
221
22
254
190
254
109
118
51
247
53
41
226
194
254
1
158
114
157
33
12
233
52
41
133
186
57
219
99
56
124
112
200
33
24
20
45
4
151
247
151
137
216
185
50
114
246
118
68
148
20
72
68
185
56
77
114
157
