66
8
8
66
123
8
123
147
123
67
172
17
150
123
8
162
3
17
67
147
66
172
67
94
54
160
243
220
160
98
54
98
172
17
98
83
17
94
143
160
94
206
94
9
143
172
172
211
66
122
154
17
154
17
220
17
94
17
123
66
172
66
243
91
220
79
99
42
243
249
42
174
181
9
251
9
197
197
21
162
174
181
194
99
72
31
98
225
128
254
174
104
94
254
162
102
208
123
180
77
25
7
197
120
9
213
148
66
23
148
9
51
166
99
219
94
69
154
216
88
9
9
162
197
203
9
32
172
200
216
219
251
207
157
9
204
148
197
226
111
251
131
209
226
84
148
214
215
220
230
9
131
148
23
53
23
64
91
99
122
104
9
25
157
221
123
148
226
221
203
36
23
140
169
162
209
62
162
165
59
148
186
219
81
151
232
44
9
75
59
209
230
155
214
125
160
153
120
214
157
157
157
75
75
202
71
251
75
73
143
165
194
21
160
140
110
213
66
185
80
189
80
232
84
75
165
89
13
75
208
151
119
189
13
9
157
66
214
141
230
73
84
111
143
251
185
27
71
106
165
148
9
85
133
209
44
208
105
214
23
120
99
149
213
32
232
106
194
13
159
197
161
213
196
141
127
202
157
215
161
62
157
209
20
245
194
214
74
218
251
174
215
181
11
98
157
69
86
77
62
91
213
72
149
13
146
10
79
120
120
141
148
218
160
52
251
155
52
42
157
159
239
161
224
80
196
197
120
230
227
183
81
178
120
18
161
12
197
218
214
149
148
149
23
190
45
199
97
150
171
12
32
147
18
183
178
182
141
32
75
155
97
197
16
227
202
197
48
206
9
161
84
141
160
218
15
183
216
48
215
77
41
124
161
253
161
182
67
159
184
243
165
120
161
120
191
239
23
20
159
197
161
172
9
161
144
118
155
23
121
56
155
168
9
41
9
9
9
102
161
178
179
249
177
157
13
161
19
76
57
161
9
218
148
42
97
95
31
172
186
157
23
53
148
161
97
115
177
95
119
142
75
54
197
56
85
144
48
102
15
197
208
149
174
52
145
202
163
239
215
107
9
128
77
82
139
156
41
255
208
56
56
148
48
149
42
97
161
161
210
72
215
21
213
86
249
139
81
92
202
155
76
157
77
21
202
41
250
184
197
210
120
173
18
197
155
18
184
172
253
215
139
239
54
67
163
90
120
148
95
210
212
161
204
142
7
189
88
246
155
177
155
155
202
161
133
204
141
63
75
56
72
161
119
82
129
175
56
215
202
72
72
149
186
48
239
27
218
120
107
72
225
202
155
72
214
141
163
237
9
74
82
56
155
23
6
218
161
215
52
204
189
228
52
161
197
76
186
23
42
75
186
197
115
32
45
112
228
32
56
144
114
62
85
204
52
41
149
161
149
132
32
23
197
202
32
228
97
202
239
175
45
92
26
134
78
204
139
57
114
14
159
213
159
197
155
210
56
117
107
26
57
145
48
182
239
23
41
197
161
178
48
71
161
57
124
251
28
139
173
16
32
155
207
155
208
32
139
161
175
197
45
163
182
57
133
81
141
161
218
139
159
21
149
199
182
48
255
21
190
225
134
139
161
155
63
161
49
4
237
9
48
160
99
23
3
161
254
46
42
249
48
214
249
204
69
32
208
101
161
87
249
82
125
204
22
202
120
32
87
159
107
43
62
110
107
213
182
52
31
96
213
99
191
149
82
54
137
145
18
161
202
161
63
157
141
249
98
161
159
49
72
15
214
134
15
149
154
73
46
144
210
45
45
9
232
112
159
63
139
15
32
120
145
255
155
168
247
233
15
202
115
42
32
161
162
197
231
161
249
21
206
45
202
163
197
62
90
133
7
27
7
251
107
73
215
57
170
48
202
159
83
165
57
165
134
107
161
117
182
220
220
155
208
48
22
120
161
222
220
112
207
139
159
21
227
164
52
134
123
222
117
213
82
157
158
210
16
168
246
98
179
231
121
168
107
21
167
210
85
161
45
204
52
213
107
130
237
215
112
158
161
86
15
13
159
56
168
124
117
193
40
139
249
197
139
15
132
94
197
45
57
104
86
45
168
110
136
45
215
244
242
163
155
157
222
132
158
163
177
104
23
210
75
117
52
99
123
163
57
115
56
27
228
63
133
23
233
63
166
181
224
222
159
101
232
198
140
168
145
57
56
37
213
77
49
89
45
227
206
120
140
84
15
216
138
168
168
52
108
141
168
177
55
63
56
86
134
212
212
238
222
162
255
213
168
54
159
82
168
52
246
13
189
141
15
232
149
134
38
155
155
15
57
157
197
212
157
155
246
148
32
122
190
101
37
56
206
133
48
157
181
168
193
110
243
56
155
136
56
157
197
222
193
181
132
159
101
52
161
63
115
140
87
122
159
213
181
213
249
159
204
56
189
158
106
86
56
15
210
133
72
215
56
48
45
117
15
130
101
168
255
109
72
104
133
63
56
255
236
182
104
84
45
87
12
227
138
115
86
193
142
99
26
56
218
134
72
133
159
150
159
104
63
167
48
215
154
73
158
213
86
158
216
193
230
197
124
29
254
52
102
148
45
57
158
202
216
202
133
191
181
139
193
193
12
210
163
84
158
134
63
86
115
122
167
77
115
48
233
213
213
157
15
202
158
134
86
84
48
110
102
159
73
114
210
197
233
87
12
161
190
134
157
102
72
57
56
29
255
138
220
161
101
247
155
45
233
53
52
167
102
56
56
202
213
163
131
90
157
232
134
49
167
218
222
155
254
86
193
56
15
158
163
57
198
84
181
159
247
45
72
248
56
200
250
99
134
189
202
232
26
228
202
232
78
197
139
159
232
169
247
155
99
99
198
57
158
102
232
139
94
155
202
111
45
157
158
48
80
158
