80
128
164
248
222
222
249
150
79
150
128
222
150
150
164
14
210
177
127
105
8
105
26
111
177
105
106
212
238
192
38
249
192
192
14
177
172
249
106
106
105
41
250
14
177
151
250
7
172
192
239
151
172
132
192
31
154
13
131
95
132
132
54
105
22
123
112
113
67
67
107
184
194
59
54
153
151
250
118
250
54
54
54
107
114
112
40
13
95
51
40
40
46
97
241
203
46
46
184
130
115
50
114
114
143
235
114
56
131
109
159
86
115
143
29
127
93
177
145
38
86
203
98
86
222
114
38
6
159
128
18
242
76
88
136
93
235
114
205
222
80
109
114
127
124
14
105
220
40
114
222
170
177
36
29
222
124
136
40
153
212
219
235
171
129
105
249
118
49
65
31
86
80
174
121
239
115
99
126
205
50
53
252
6
249
128
113
113
18
181
29
110
33
157
150
136
184
211
114
44
129
206
126
99
242
89
129
106
204
141
178
58
55
127
211
93
206
129
58
157
47
114
125
47
170
226
120
129
114
33
123
42
157
89
63
11
44
177
80
206
127
129
52
63
105
54
82
7
86
58
118
63
15
55
248
62
177
44
58
45
193
150
31
6
47
174
110
77
44
194
182
132
211
182
63
124
3
118
80
168
51
122
26
82
222
109
235
129
150
86
118
62
55
249
86
87
107
252
118
15
73
150
204
183
248
163
235
15
153
114
70
82
150
55
148
202
95
42
220
168
141
173
163
86
15
138
31
195
178
92
243
3
92
54
54
243
256
63
75
37
15
101
15
57
17
216
63
44
132
57
147
235
228
110
244
150
173
157
101
163
33
94
124
136
235
243
23
243
123
118
131
84
95
123
63
136
54
237
173
118
150
115
176
222
86
20
54
73
58
184
50
173
246
244
123
177
222
202
157
114
92
197
237
197
56
248
124
177
92
101
177
92
96
211
87
157
136
177
114
93
173
118
118
15
227
55
53
55
25
91
210
131
82
86
118
87
161
164
178
148
13
177
52
168
131
26
215
54
250
177
249
138
237
199
138
118
168
118
161
118
182
65
99
104
243
206
72
92
245
154
164
168
65
54
252
228
25
114
250
115
50
218
210
210
154
123
87
177
54
195
246
244
168
28
218
23
115
75
75
63
87
165
154
215
222
106
178
4
206
163
49
138
131
157
250
141
197
217
105
92
256
114
226
168
157
4
15
159
249
217
197
235
168
118
28
144
182
43
118
195
138
187
92
99
240
99
177
201
139
75
99
235
129
99
173
241
92
157
250
3
114
124
163
133
73
146
246
63
250
37
177
250
124
232
25
218
148
118
249
82
99
185
85
230
218
246
163
252
249
205
182
52
148
157
99
122
42
94
75
168
246
168
55
23
245
63
168
207
37
163
68
82
185
49
177
184
48
141
157
52
63
15
165
15
99
178
154
206
141
52
199
86
218
52
125
182
148
220
250
249
99
254
254
187
84
114
162
14
15
141
99
74
200
99
13
158
75
157
215
99
173
82
178
75
136
245
118
37
154
87
43
246
109
148
148
145
224
207
4
215
207
63
235
37
23
78
200
171
124
99
133
14
114
150
215
168
41
9
133
141
52
80
102
13
184
9
90
85
92
99
215
85
138
14
84
82
183
133
15
141
80
171
39
51
52
204
101
37
15
169
66
171
82
115
53
215
200
15
18
131
111
200
99
197
42
163
26
15
19
227
15
82
77
177
200
8
177
79
15
230
148
120
82
120
74
250
188
87
77
173
212
198
188
82
148
172
148
148
254
226
193
118
82
62
255
92
77
92
52
15
253
157
132
109
159
200
102
195
230
138
196
245
221
250
148
133
200
133
66
105
246
122
109
132
25
111
242
141
200
160
111
245
202
153
210
245
54
96
82
56
218
37
53
97
63
34
243
37
48
92
141
227
154
19
227
240
89
63
82
43
82
73
75
148
131
133
112
13
75
256
154
106
113
88
244
206
182
138
219
79
148
200
197
148
200
202
211
232
198
76
28
43
206
165
171
193
92
124
227
53
33
247
220
99
230
253
23
85
75
53
242
122
165
154
255
66
64
68
141
4
107
80
202
247
131
256
254
256
181
82
170
227
14
240
195
79
249
141
85
218
117
23
192
82
200
118
133
244
254
148
77
249
148
230
72
154
207
42
230
77
92
235
200
4
227
187
148
82
75
213
132
75
3
236
15
145
91
106
218
104
37
227
207
148
133
247
112
86
200
102
96
92
254
219
249
44
177
63
254
246
219
215
133
62
201
20
117
189
153
118
248
25
227
249
154
104
26
215
197
224
29
218
33
158
66
207
42
197
183
37
102
182
254
80
207
154
161
20
26
207
104
80
249
133
159
198
20
199
133
173
145
141
171
173
202
99
77
102
246
244
201
230
26
123
85
72
181
234
185
113
20
226
118
197
20
77
102
213
157
229
155
111
4
246
43
