75
75
78
84
173
173
95
73
231
209
40
89
209
84
209
143
87
173
208
208
208
95
242
135
235
165
128
165
235
235
209
251
104
40
242
121
109
235
208
135
182
98
75
236
128
87
104
209
141
143
235
133
168
50
182
182
104
251
85
151
242
150
151
17
150
222
17
141
140
31
50
66
88
130
165
109
141
182
171
206
144
168
114
171
42
168
85
94
150
66
168
222
243
16
42
205
140
85
182
235
171
244
25
130
206
184
40
157
182
99
133
243
218
242
109
202
42
168
118
114
122
39
118
131
222
209
144
182
209
94
249
37
164
14
128
118
109
246
131
77
225
85
206
118
141
168
183
249
206
118
184
227
231
224
202
168
205
141
104
184
89
157
122
168
194
118
78
109
202
233
202
244
235
144
144
225
168
198
29
235
227
235
183
127
131
131
202
206
168
206
3
206
183
168
93
206
28
143
227
124
203
202
37
78
168
206
202
107
246
157
246
202
171
144
54
40
227
211
168
96
144
66
118
63
211
226
203
211
213
113
40
211
224
171
71
226
253
171
226
92
224
216
63
194
80
202
82
88
224
113
104
72
92
72
