170
75
209
75
51
7
186
150
205
65
58
49
7
108
164
62
39
212
250
65
64
18
83
89
196
176
121
84
190
212
93
164
186
106
223
202
55
105
40
83
162
250
93
192
228
7
236
84
138
126
164
55
204
86
90
170
84
187
31
203
105
166
146
126
8
196
35
90
35
84
35
74
231
105
79
97
211
212
220
10
212
97
21
187
79
175
187
170
250
31
33
228
126
121
59
113
246
55
208
10
194
178
104
104
106
245
221
166
33
223
49
35
225
192
43
225
208
177
61
229
238
14
187
250
144
84
8
187
212
28
169
14
187
256
222
245
187
194
16
240
108
237
60
206
222
150
236
59
187
239
33
223
137
2
225
96
102
81
195
14
203
206
250
256
24
237
58
109
105
8
248
90
240
13
114
3
146
11
25
49
43
17
39
242
212
135
176
222
109
94
146
121
121
39
29
137
100
10
187
220
140
140
135
39
242
162
111
70
201
5
14
166
14
187
166
42
100
195
89
80
38
40
162
131
20
5
33
83
222
225
217
70
212
184
237
177
16
139
5
219
64
219
14
196
81
64
237
126
5
61
226
28
69
69
80
118
33
208
135
108
70
33
42
231
95
84
43
245
14
46
171
114
237
250
146
187
46
77
150
176
160
190
239
8
250
88
108
192
201
256
203
74
18
166
176
95
39
246
60
206
239
3
14
100
16
3
254
249
39
59
223
212
117
110
111
222
43
203
220
130
195
114
225
10
40
33
59
14
174
109
243
194
14
237
196
196
220
49
201
29
14
175
213
125
231
153
33
43
59
195
111
14
199
14
174
33
168
225
237
79
217
117
125
108
168
110
167
12
22
219
184
16
59
253
239
2
150
64
253
220
195
208
103
201
20
98
164
195
83
76
174
80
33
13
94
223
211
96
131
184
77
230
222
14
103
93
10
11
109
191
70
194
183
89
250
205
10
3
5
97
59
191
35
228
24
128
28
187
6
90
7
223
39
60
60
108
208
248
131
14
144
138
195
16
14
239
70
186
60
111
162
191
248
14
113
30
43
64
154
229
256
94
236
201
41
14
144
100
97
109
249
220
146
59
61
243
20
9
14
14
220
192
90
186
100
220
194
249
110
104
168
245
14
9
84
220
26
88
236
187
102
4
96
64
14
195
66
76
245
96
245
175
44
96
41
223
47
72
164
5
32
14
114
100
172
9
29
220
192
79
84
220
20
33
249
115
100
150
160
236
246
29
115
109
230
83
201
248
10
14
243
14
33
108
192
111
212
5
115
75
60
206
47
46
31
10
194
111
207
97
21
96
243
14
26
136
192
169
187
146
246
20
230
96
33
253
14
79
183
33
203
20
19
242
109
61
130
256
223
162
14
187
162
156
17
108
187
139
191
75
88
69
60
61
115
22
225
10
230
224
214
31
150
165
60
11
165
176
20
21
79
211
192
212
240
243
14
60
90
195
192
114
243
88
250
135
217
86
253
42
187
201
185
59
83
253
16
237
135
15
154
67
149
15
256
97
217
14
17
27
181
176
147
195
183
60
194
180
97
79
137
199
253
195
221
80
10
132
102
38
245
187
31
33
24
220
110
49
223
71
38
2
97
151
192
13
132
40
95
35
59
58
61
146
77
72
115
30
224
96
2
171
170
9
8
214
182
195
242
221
3
192
235
200
53
77
115
97
184
170
136
174
100
162
69
194
109
203
229
9
153
230
35
162
117
100
250
83
38
60
102
195
176
14
217
8
10
75
256
223
86
130
94
140
14
170
256
79
69
100
2
33
184
150
230
192
192
10
201
184
115
242
217
5
115
212
235
47
43
138
253
79
43
1
5
207
39
64
226
14
90
93
187
2
223
203
60
83
201
25
91
115
192
70
114
150
223
150
164
60
196
192
21
77
33
117
88
129
38
147
77
5
62
208
235
178
108
105
146
169
33
96
70
60
14
223
58
187
237
77
187
77
202
17
174
55
102
211
30
109
13
110
111
10
256
130
111
64
90
10
19
117
136
35
222
127
253
205
117
131
119
159
222
202
249
30
77
176
42
217
78
47
14
77
186
24
96
111
251
79
96
202
135
120
43
115
135
115
109
4
83
2
59
128
211
14
5
14
100
17
131
13
77
251
115
130
187
219
10
28
75
117
31
71
76
240
34
212
19
114
5
136
10
96
14
230
109
223
89
14
5
210
136
178
35
182
255
249
37
108
17
192
223
249
38
66
75
186
2
135
31
33
43
90
100
143
27
187
201
116
14
223
253
190
88
135
187
2
44
60
52
75
254
112
109
31
237
192
88
66
183
10
117
60
219
246
196
105
100
11
39
114
202
201
47
35
248
100
236
192
77
72
10
219
239
154
86
196
67
212
187
166
17
77
153
80
237
187
43
28
238
77
34
114
236
238
92
138
105
28
114
117
33
132
10
42
61
235
41
153
223
97
77
183
77
91
57
228
231
135
59
15
132
31
122
97
206
201
178
135
170
220
190
89
67
136
225
14
41
14
9
230
247
136
64
91
187
75
49
220
13
122
136
219
88
186
91
13
228
96
25
154
114
86
1
13
133
10
31
1
76
150
60
88
229
195
31
26
91
162
151
222
212
132
83
114
10
229
9
237
121
155
11
138
11
136
168
41
205
182
117
111
230
77
29
249
254
221
187
195
172
96
217
27
79
108
13
39
192
159
122
189
104
14
121
9
192
96
130
146
34
83
247
112
117
90
39
221
55
109
215
86
57
60
192
220
111
249
114
111
238
94
181
14
17
20
184
11
1
1
137
95
119
255
64
221
184
137
158
249
90
130
31
109
47
95
134
20
41
109
34
60
42
202
30
154
32
196
89
106
117
88
230
171
64
64
84
30
182
33
190
113
223
53
136
115
37
202
73
97
182
10
256
215
113
100
89
221
169
192
101
256
42
83
42
235
94
60
228
198
19
240
32
14
237
150
90
16
47
137
217
46
219
243
106
135
241
105
220
117
31
79
219
231
89
42
132
32
130
34
21
109
240
108
14
31
214
69
230
114
30
115
196
187
130
153
109
78
33
192
54
139
228
59
34
106
187
175
39
95
76
249
187
253
64
8
129
117
196
96
11
104
114
95
43
105
101
213
50
10
190
207
31
190
135
85
61
66
70
108
42
11
169
73
192
192
25
238
184
33
114
77
240
24
190
126
11
88
10
79
195
35
95
170
204
256
44
109
242
131
11
187
206
110
221
172
236
35
136
138
253
85
15
196
117
146
37
187
77
14
96
221
236
34
202
73
228
120
22
55
14
35
70
97
187
2
195
38
62
100
33
42
215
139
256
41
100
153
225
126
187
83
241
74
10
100
103
139
229
1
201
229
111
44
207
70
39
37
128
117
9
106
223
114
81
95
192
118
105
220
235
96
13
33
117
109
171
237
14
92
52
14
86
45
147
105
26
200
172
10
98
43
52
73
185
10
192
30
85
236
117
53
2
139
132
124
14
89
34
61
32
43
172
42
154
183
23
137
240
12
114
33
248
184
93
78
203
17
10
100
196
174
115
236
130
55
129
89
60
10
256
86
235
170
122
79
161
75
78
196
209
2
85
64
223
73
13
196
102
135
203
221
40
35
66
190
40
66
39
90
106
158
199
79
69
30
131
153
107
83
104
126
94
117
32
74
225
235
256
17
171
77
117
73
192
35
138
191
187
144
138
117
131
81
53
25
221
19
172
132
231
230
77
117
124
79
106
100
33
126
90
205
77
42
228
73
245
69
216
83
249
33
240
248
192
76
184
73
249
123
89
192
253
253
184
75
196
97
240
64
77
250
69
115
215
194
100
138
100
130
8
61
170
201
77
253
149
42
60
136
105
33
219
6
33
42
196
37
145
195
250
34
73
184
249
223
3
220
71
189
219
17
256
196
106
123
190
69
52
59
95
79
203
73
108
79
83
256
224
109
234
26
195
203
70
10
146
219
10
223
147
116
14
76
42
192
91
154
137
42
187
49
70
61
219
52
160
256
237
77
8
55
195
155
76
41
77
249
110
200
241
14
227
119
39
11
197
83
187
14
10
219
77
35
77
64
2
35
124
215
175
228
33
152
201
176
164
187
43
61
11
59
138
13
223
242
121
195
14
39
228
55
156
30
253
108
56
229
13
196
13
107
53
15
226
9
256
207
11
149
250
47
44
170
27
97
30
105
187
248
39
162
117
10
223
30
136
201
176
247
196
221
77
183
192
256
169
122
39
64
72
138
135
64
255
16
70
111
249
116
33
102
256
184
121
252
3
42
35
96
10
248
39
132
132
200
142
221
201
184
201
89
96
184
79
3
89
132
190
194
230
15
25
220
162
256
187
187
96
60
77
70
162
216
31
149
9
15
93
39
238
84
100
87
43
137
117
137
75
70
121
219
15
221
207
90
208
128
11
15
202
196
55
219
44
157
250
74
171
194
130
109
44
33
99
91
151
130
117
3
182
131
170
106
42
131
42
79
56
221
44
73
150
144
111
135
240
256
202
154
130
236
73
238
53
2
187
256
10
159
255
171
75
71
192
207
249
219
2
226
25
13
238
39
64
32
149
240
114
201
83
187
106
247
84
78
207
141
219
70
15
253
201
57
151
25
24
33
93
102
182
172
85
195
73
42
237
102
53
69
181
149
228
10
196
76
220
78
230
184
76
44
39
238
117
150
219
42
34
196
146
10
96
202
219
150
135
70
76
185
240
60
86
132
131
158
76
256
203
195
203
189
185
196
214
201
53
21
256
137
89
21
236
119
256
196
158
14
2
71
221
224
72
214
146
206
94
69
218
214
60
10
86
137
140
137
169
8
172
154
39
137
96
33
197
72
64
237
64
201
227
36
76
47
34
190
192
2
30
221
30
178
171
213
64
196
184
237
16
8
159
60
25
106
11
100
196
196
5
185
171
203
255
204
56
117
184
73
150
192
140
195
219
15
64
83
64
178
2
93
73
44
35
190
16
27
243
189
193
94
83
14
52
192
33
101
201
249
249
16
196
11
31
72
256
73
132
61
228
150
75
135
86
70
103
230
220
237
79
231
60
163
187
137
88
104
50
228
35
227
9
117
91
216
144
162
46
21
64
96
10
27
176
128
236
64
158
229
108
223
228
242
220
214
190
77
8
252
193
231
103
154
177
5
192
121
43
223
77
236
71
106
237
125
103
79
64
5
178
221
221
70
229
59
203
221
77
117
31
10
230
192
192
170
60
5
147
237
199
240
39
78
141
187
195
101
70
223
70
106
31
75
227
25
137
53
91
221
150
42
2
192
187
201
113
137
14
91
196
64
124
75
53
192
192
42
193
129
78
36
35
19
14
201
148
206
110
238
2
251
230
14
11
249
1
108
196
70
103
255
170
230
236
256
31
229
54
77
192
64
111
189
65
210
75
88
184
203
121
224
26
25
109
222
196
219
102
190
25
227
53
202
188
83
39
120
219
124
144
53
110
172
76
60
130
137
77
47
110
235
123
70
32
32
125
228
93
111
247
35
41
137
10
14
65
144
132
14
15
28
124
203
177
90
47
43
70
137
53
153
238
219
88
91
134
53
157
53
38
35
78
203
153
220
74
224
153
14
201
203
248
49
14
216
81
28
253
228
238
78
53
252
179
193
4
134
186
125
185
4
109
