186
33
87
231
87
186
231
110
165
59
87
110
136
165
138
145
105
24
138
132
138
231
110
13
138
132
166
17
17
253
115
219
212
135
132
54
212
128
54
21
17
49
172
135
1
39
97
212
194
42
203
89
196
39
244
142
169
103
54
42
118
206
240
169
146
35
164
121
89
14
76
110
91
199
250
138
100
91
130
65
130
240
221
211
250
35
118
119
33
17
35
172
71
118
9
187
121
57
216
83
144
251
172
137
79
240
129
170
151
1
79
237
121
66
256
239
187
147
118
65
160
19
170
212
252
35
126
206
109
144
244
89
116
49
19
166
31
65
18
179
50
135
65
118
79
35
98
39
112
223
211
135
121
121
192
209
190
61
150
9
39
91
18
170
98
246
169
244
186
110
203
65
206
135
187
147
209
185
50
109
91
170
170
170
182
102
74
70
55
79
18
119
65
205
10
205
135
235
1
143
28
131
240
240
83
42
244
170
135
118
121
121
31
91
203
121
35
138
182
183
107
74
100
87
118
138
170
129
217
169
11
66
25
165
195
240
7
95
65
39
67
107
205
190
87
35
112
245
79
201
8
121
121
95
79
134
128
240
42
118
203
172
113
195
58
222
212
196
121
240
88
170
240
125
95
243
241
24
39
18
115
165
11
203
169
164
89
170
27
169
42
89
89
136
89
169
170
74
249
185
89
107
59
1
174
89
30
118
109
118
123
147
170
195
224
95
121
160
253
121
50
122
252
169
118
40
203
61
132
66
107
186
170
116
95
101
100
39
118
249
103
116
1
234
186
190
130
118
102
169
98
169
14
191
52
42
7
239
132
212
253
237
64
164
118
107
169
32
175
50
187
20
116
169
65
217
9
146
100
2
67
165
35
1
252
88
115
237
55
42
40
203
52
49
102
36
42
162
113
118
206
118
129
46
166
194
195
240
1
122
170
206
186
143
83
118
144
245
190
118
130
240
66
66
240
221
132
203
186
135
113
55
44
221
96
191
35
185
118
7
179
244
98
120
165
191
52
89
190
109
142
40
19
11
128
65
60
166
76
67
120
8
170
102
241
137
203
65
44
156
110
170
240
83
52
120
169
24
40
128
118
162
170
146
44
142
118
130
132
60
169
112
144
191
244
45
233
243
199
224
253
83
203
252
241
109
170
239
204
121
42
60
237
35
25
182
116
94
1
88
42
10
1
132
40
225
1
224
185
170
256
130
166
160
18
37
203
186
121
96
169
130
170
140
132
166
169
65
144
42
40
95
140
169
67
13
203
203
51
33
180
1
186
135
105
60
9
96
169
244
109
126
187
60
81
18
224
169
240
61
26
256
158
118
245
26
169
173
19
65
132
101
187
31
126
194
169
121
7
108
144
121
194
169
30
31
156
245
91
191
35
23
239
9
115
251
146
195
3
35
113
156
59
89
127
204
130
90
52
73
42
180
135
116
44
35
42
42
35
121
229
74
169
181
95
185
25
131
107
51
175
170
182
245
125
170
125
63
231
121
242
28
118
83
96
170
170
126
169
166
24
151
244
40
1
35
83
93
252
185
144
1
66
170
231
239
40
83
21
170
66
90
59
185
52
162
43
42
42
244
240
150
185
35
245
138
91
139
103
229
109
203
7
169
119
195
115
3
173
118
246
182
71
169
28
84
39
35
41
254
194
145
172
127
125
239
65
86
182
121
137
39
14
153
211
21
211
109
39
10
131
231
28
250
135
130
207
35
23
144
69
9
177
127
186
4
95
150
221
21
75
16
109
9
225
150
144
166
123
142
35
240
191
231
152
147
119
112
74
109
59
1
5
150
36
96
118
147
188
162
39
5
86
245
244
157
211
153
190
9
13
60
69
59
142
71
198
169
144
142
33
90
246
186
90
153
191
28
74
144
78
186
251
23
118
34
20
137
65
169
130
170
9
60
65
253
28
8
121
170
245
28
59
139
153
39
9
35
65
113
169
40
123
121
203
104
217
27
113
251
188
246
249
147
122
180
60
188
147
64
21
191
93
134
19
131
63
21
35
43
77
20
188
245
159
127
40
77
210
200
31
71
191
35
211
16
52
23
34
20
203
225
203
232
186
65
109
169
144
77
119
170
111
36
50
201
132
169
63
121
11
210
59
211
139
157
210
232
182
188
9
23
84
81
9
239
92
1
4
8
60
112
245
217
121
211
42
246
191
153
58
143
124
74
169
39
60
144
127
170
21
119
121
169
20
144
1
245
251
153
239
96
2
42
111
23
240
20
256
225
111
34
84
117
188
239
145
91
145
42
124
244
191
18
116
195
65
239
253
243
225
191
42
221
99
49
1
21
139
188
128
121
195
251
43
82
144
239
13
221
244
185
110
157
150
116
198
23
101
133
42
145
127
27
35
197
215
155
128
239
253
170
112
194
15
50
35
60
71
203
144
177
239
180
7
139
34
169
224
34
7
110
24
195
253
191
153
185
27
11
35
238
199
240
236
99
74
25
2
122
60
20
60
175
71
23
135
153
29
253
127
130
70
212
245
177
202
87
110
113
232
9
220
169
78
137
145
250
25
22
251
17
239
135
170
3
205
127
88
35
137
13
123
240
108
211
40
121
245
97
212
244
60
199
194
52
60
78
54
83
150
20
215
130
180
210
65
107
149
121
7
169
200
215
230
174
24
215
82
106
4
18
189
152
47
20
206
27
19
20
242
189
197
159
78
180
60
185
145
224
48
225
239
94
205
244
91
225
111
88
247
174
36
153
150
21
120
169
76
156
13
17
116
48
1
244
20
83
235
166
201
117
106
35
229
120
244
188
200
120
245
146
212
243
6
107
41
151
252
174
206
17
58
43
164
107
58
39
46
188
31
147
31
200
234
156
238
220
170
189
235
250
104
74
166
125
16
20
243
62
92
112
238
20
180
38
58
152
41
106
140
231
188
13
166
35
201
188
198
217
33
10
26
169
164
88
113
200
151
156
106
65
189
199
39
235
219
92
219
10
225
253
246
119
196
125
169
201
49
107
31
188
72
96
18
119
41
22
177
61
81
72
54
125
251
96
129
204
139
177
82
38
243
19
81
86
54
235
191
188
20
92
1
8
8
164
255
58
4
153
219
92
156
93
54
133
60
20
152
60
234
75
184
71
72
151
10
9
3
219
235
20
113
173
39
133
205
129
204
80
20
253
48
52
74
152
113
161
120
142
169
226
215
105
5
244
148
6
65
118
120
60
140
219
238
34
37
219
37
111
111
177
94
95
44
178
9
34
37
215
154
39
200
20
151
20
161
187
243
193
200
211
20
163
39
27
57
233
105
96
113
139
254
39
3
10
113
224
107
245
1
90
207
33
113
4
20
233
77
120
233
167
151
24
61
133
90
144
113
68
16
156
156
35
255
4
20
12
178
219
215
68
31
90
9
13
77
78
139
234
215
77
135
90
200
87
193
90
148
43
38
186
228
133
133
175
58
48
211
33
19
208
120
148
181
233
34
200
118
3
24
24
17
156
120
124
156
128
22
58
46
185
156
119
151
44
53
