58
7
167
101
126
38
164
126
128
62
147
33
97
6
101
33
34
98
6
38
126
126
147
113
90
241
50
152
18
35
50
101
112
36
50
166
230
101
194
62
71
126
90
52
128
71
16
147
143
225
126
71
249
230
40
249
138
164
62
143
16
87
250
107
51
5
96
121
31
98
152
62
56
179
54
126
126
89
96
138
90
126
147
96
231
21
123
112
40
87
112
244
64
71
242
101
11
205
101
62
205
151
3
50
96
115
62
250
36
146
126
41
103
129
54
54
38
54
170
112
141
107
101
107
113
83
11
249
149
123
14
231
221
126
252
141
138
34
107
145
86
34
128
151
71
86
81
250
219
182
87
141
196
9
101
2
96
6
214
182
36
115
54
178
67
178
164
212
96
107
14
160
86
83
208
182
10
96
122
87
176
79
71
34
41
160
18
167
196
26
176
8
176
170
209
222
241
182
170
138
222
34
182
71
178
163
81
46
239
81
210
55
26
14
209
57
222
33
96
157
65
67
10
5
79
176
52
71
214
105
211
219
222
205
126
189
41
169
112
222
187
128
95
206
129
182
212
129
176
175
111
141
67
74
160
211
177
38
36
178
58
189
96
96
160
14
29
243
25
129
75
141
10
233
134
189
175
199
15
254
71
2
90
11
253
17
243
103
46
65
71
41
243
41
76
67
248
14
230
160
106
160
54
222
243
123
181
89
249
181
24
9
175
102
105
243
112
183
167
162
182
164
31
97
189
96
129
172
177
33
96
89
80
98
222
117
117
248
96
123
11
116
243
196
243
177
71
14
74
235
89
97
54
145
222
178
204
220
211
164
10
134
97
75
219
11
75
97
254
166
113
142
122
81
66
192
90
250
121
62
203
220
230
205
80
29
235
134
154
97
196
42
112
116
147
205
187
103
75
201
91
15
178
62
211
17
111
67
182
220
160
241
16
187
195
243
6
154
89
46
147
37
54
75
105
89
230
228
190
148
96
212
34
9
219
178
75
212
164
202
210
122
181
192
9
187
164
179
44
63
75
51
53
158
220
147
121
205
70
206
129
129
245
24
111
178
211
36
127
160
105
61
192
112
228
76
121
205
248
250
10
103
241
143
227
29
236
122
142
137
183
64
112
171
87
217
39
75
38
239
105
131
222
9
205
58
238
241
89
62
212
241
181
248
102
137
151
96
107
71
75
86
61
151
236
169
145
75
235
219
189
142
171
235
64
160
129
129
129
190
122
222
175
75
183
3
6
97
248
122
54
29
97
188
222
206
46
229
97
212
25
138
62
21
250
21
190
102
122
39
14
21
70
132
190
211
181
79
122
212
9
142
96
16
114
91
207
34
16
237
44
239
182
222
5
87
182
171
131
145
5
183
96
251
123
110
87
144
127
180
237
6
3
124
153
24
170
84
237
254
58
192
70
220
178
67
184
67
6
44
211
105
196
211
211
212
34
129
196
24
227
256
175
67
34
134
13
61
77
75
105
137
152
248
65
58
64
184
151
167
6
211
61
183
250
172
128
70
198
206
17
6
113
105
138
235
205
28
211
75
102
248
34
96
11
132
196
189
190
76
196
142
134
22
123
214
242
135
248
43
75
67
121
77
146
206
206
126
5
138
79
145
58
14
36
34
122
149
79
235
96
236
37
97
180
117
53
153
94
241
252
141
184
64
114
9
211
112
5
58
142
142
46
129
138
88
176
132
201
79
181
137
251
94
123
2
42
89
37
134
217
151
35
28
57
124
241
196
184
85
60
107
39
29
60
198
87
80
242
105
93
189
227
19
63
128
227
114
173
174
91
21
14
9
42
113
142
94
172
123
39
231
183
132
6
50
114
67
123
122
60
190
39
222
170
179
233
212
163
101
183
58
79
79
142
171
80
19
177
237
150
75
110
122
134
122
210
222
53
222
30
67
207
219
111
207
38
117
55
84
96
122
86
135
170
199
136
9
60
175
25
16
46
9
18
207
201
50
100
251
229
184
111
219
154
39
194
103
196
248
102
136
246
70
93
195
60
205
79
53
131
219
187
11
136
241
137
235
172
216
196
204
30
58
72
218
33
120
11
50
178
105
122
75
108
163
79
154
80
237
196
138
167
112
177
19
88
219
40
77
11
148
182
64
227
31
128
205
240
236
29
249
107
74
5
137
139
151
11
250
222
56
19
11
151
236
33
70
182
77
42
162
217
46
10
119
216
167
15
34
70
77
130
168
67
205
10
27
154
167
219
190
136
10
130
123
67
29
167
117
144
122
207
142
117
131
163
64
70
52
192
225
77
40
189
61
58
240
30
61
167
87
34
184
62
243
249
61
6
56
192
8
216
73
67
192
34
33
124
250
83
222
205
97
60
192
192
182
249
118
247
139
48
191
147
58
252
227
188
168
9
237
83
22
100
83
138
33
57
249
131
58
100
208
5
64
11
139
227
10
61
180
61
137
97
160
18
33
101
122
139
135
19
117
137
174
79
33
131
75
251
134
114
97
14
139
15
131
44
123
219
148
38
61
123
172
199
221
152
237
247
66
192
5
64
187
109
117
152
62
163
53
97
38
17
212
14
77
117
135
46
216
37
19
174
241
141
235
235
216
203
53
114
41
94
117
131
77
187
103
130
77
112
79
154
33
168
60
196
158
77
13
110
245
69
55
53
222
241
167
65
228
59
137
11
14
128
106
70
136
64
53
151
25
196
9
42
78
148
256
70
192
159
14
241
58
135
35
243
34
28
238
184
184
250
219
11
110
223
6
25
46
43
31
114
150
12
181
170
216
167
50
32
154
139
135
60
33
46
57
32
2
211
46
154
109
196
6
14
247
185
9
39
101
214
233
17
129
196
27
136
181
124
61
133
238
174
141
154
117
190
33
74
133
156
146
116
131
222
198
5
78
64
206
77
167
55
37
14
181
172
76
103
139
77
5
198
163
131
222
101
44
25
222
110
199
157
127
154
198
27
73
226
198
9
66
137
74
154
131
153
98
247
137
77
105
44
220
141
207
9
187
28
44
133
171
189
214
183
67
151
154
79
170
133
62
63
26
70
113
222
170
116
52
251
192
139
67
247
116
74
205
77
67
228
78
115
231
73
198
113
187
28
10
138
33
61
81
93
103
25
247
171
105
194
104
37
6
198
111
84
241
127
43
168
226
129
25
117
131
144
171
44
179
115
211
121
133
217
190
188
93
78
76
166
144
69
39
158
77
235
84
66
97
96
75
116
57
244
222
204
244
53
154
109
34
174
176
219
247
32
122
227
207
128
108
82
243
89
131
81
32
137
62
105
146
144
99
134
53
33
168
108
140
22
154
77
205
250
113
255
243
116
255
46
103
168
120
141
183
192
37
137
9
53
60
192
21
162
224
242
154
116
141
114
61
116
103
38
38
83
101
122
53
158
46
192
134
138
216
139
217
129
37
120
60
53
5
229
216
175
180
160
136
141
192
101
212
154
116
227
117
104
116
46
114
56
250
61
159
189
205
116
39
134
122
12
222
103
241
113
70
180
4
37
122
162
245
9
8
38
192
123
164
78
53
101
136
34
168
156
210
79
222
37
101
43
181
247
55
233
91
195
93
77
226
227
6
134
154
219
73
124
73
116
70
58
230
38
13
102
137
227
16
26
101
212
171
164
58
222
192
198
24
116
198
24
37
124
61
158
19
58
233
135
179
101
79
108
46
227
42
45
226
255
116
70
255
171
142
201
233
241
46
192
122
122
227
58
192
