234
47
225
126
47
234
143
194
194
165
162
94
146
121
91
166
146
107
208
186
165
165
94
186
121
165
179
182
182
89
91
171
246
211
61
211
80
186
146
181
58
17
181
61
67
165
181
164
182
185
181
246
217
17
80
91
165
58
141
181
9
17
226
118
94
118
118
123
83
61
141
182
99
141
80
141
118
118
118
118
118
66
120
28
172
25
251
80
118
118
9
66
251
7
226
94
118
22
99
170
182
7
76
195
140
146
231
128
135
162
239
194
47
125
150
165
74
146
80
231
140
59
76
99
202
239
128
67
79
125
74
21
118
90
140
90
244
166
123
117
202
47
40
21
226
226
36
251
242
153
153
11
226
45
130
140
225
18
194
89
251
230
194
117
21
226
251
246
21
185
74
202
117
118
234
226
110
59
226
47
86
180
229
194
160
191
251
140
251
86
140
59
120
119
108
251
58
140
220
196
201
80
123
64
121
14
225
253
177
117
242
127
231
140
112
251
117
81
86
226
153
86
119
86
62
127
166
157
73
212
251
166
118
176
74
171
179
90
225
161
153
243
161
161
156
119
18
165
39
234
84
161
153
251
140
190
252
239
239
86
108
212
251
244
191
225
165
52
176
35
251
64
74
140
89
22
137
79
220
32
47
157
90
81
67
164
251
56
161
102
33
84
209
58
199
74
21
14
225
18
117
20
244
110
32
194
58
90
220
153
74
225
242
56
204
215
229
239
89
108
176
195
226
81
74
32
96
166
123
107
119
110
29
81
140
231
79
242
157
81
157
162
35
202
159
251
119
140
21
221
89
61
251
119
199
221
239
253
140
194
225
177
86
161
250
253
107
107
27
84
74
74
84
214
21
96
93
144
242
117
140
73
108
56
74
73
117
113
177
212
21
153
17
215
202
125
86
153
215
87
108
81
251
190
176
98
251
153
86
170
108
144
230
11
238
176
194
89
165
215
125
64
18
20
5
159
253
238
5
175
110
32
32
204
242
113
107
242
103
81
244
110
96
199
159
72
81
253
74
5
201
212
37
96
153
201
115
179
81
78
5
156
251
89
14
122
176
176
5
225
251
186
132
138
67
161
65
81
96
103
221
152
203
207
61
89
119
74
5
99
140
83
56
126
36
176
107
244
56
94
147
51
115
243
221
225
87
204
221
89
36
140
65
99
231
231
44
243
251
159
253
40
201
121
130
140
36
185
256
234
215
22
107
138
44
173
37
130
231
78
98
172
7
48
230
62
72
36
7
227
23
201
39
22
61
220
84
130
36
204
89
39
130
7
4
8
96
185
170
225
182
74
243
39
140
244
199
225
244
251
203
34
194
189
255
155
38
64
35
89
5
23
74
121
203
23
251
225
80
176
169
197
221
195
78
18
196
215
191
98
74
5
202
110
15
96
210
256
74
36
203
96
8
185
144
221
129
253
8
221
76
220
155
202
159
253
35
61
4
153
87
76
221
197
122
156
81
81
35
234
210
74
173
69
61
235
41
239
245
86
199
65
22
129
72
143
248
141
242
36
130
199
159
119
72
81
244
185
252
253
56
253
165
27
113
168
7
160
205
244
135
42
5
10
94
74
189
98
74
18
49
8
41
185
23
165
149
244
194
71
195
75
96
23
56
210
173
45
50
178
159
251
45
36
122
236
62
149
94
107
252
115
42
23
39
167
145
186
104
167
210
157
145
66
143
104
185
253
236
209
49
197
39
159
102
225
154
73
81
185
144
186
72
69
89
146
45
81
81
232
159
167
148
62
159
203
159
74
248
249
161
151
134
185
104
45
71
189
222
255
96
197
7
29
254
204
229
237
57
52
50
234
45
254
157
157
99
154
146
96
210
45
189
72
189
72
134
202
45
82
159
23
145
107
56
45
244
239
157
108
249
218
77
137
157
59
7
157
72
18
104
244
56
57
213
254
164
189
84
56
48
50
45
159
213
100
190
166
186
229
252
56
249
72
157
215
56
221
161
149
155
194
157
104
56
56
149
213
238
249
56
