111
111
223
145
10
201
201
223
10
95
47
47
176
222
168
51
95
95
196
38
172
79
95
14
5
5
132
38
169
77
172
77
160
224
54
10
69
95
224
250
114
18
131
96
40
18
250
250
64
77
37
95
114
165
18
228
70
250
187
77
235
251
235
70
3
71
187
107
131
28
251
123
18
132
40
37
187
18
88
132
17
77
88
19
244
17
21
36
109
49
132
165
34
237
147
244
143
143
143
135
143
143
49
143
191
181
143
40
172
223
114
235
251
96
17
147
143
138
207
96
207
185
114
165
185
220
138
132
181
129
123
123
8
109
147
37
246
130
132
114
49
182
127
28
217
123
138
37
220
21
8
174
97
245
28
182
123
174
141
129
37
109
28
165
17
92
92
130
78
227
76
228
28
217
211
140
245
114
118
28
245
92
168
141
8
124
174
141
3
104
76
109
128
28
220
125
109
141
143
122
3
245
206
206
28
132
246
206
204
146
97
230
1
235
64
141
4
168
92
8
92
224
245
245
68
100
184
197
126
171
250
92
92
172
28
230
197
171
63
168
246
217
124
245
246
217
19
197
243
235
190
250
207
171
227
68
250
54
97
227
79
39
217
133
4
132
141
96
11
188
15
3
245
126
250
37
97
79
250
144
168
28
168
126
114
28
14
217
227
41
224
109
188
68
49
92
102
95
124
245
217
27
144
150
222
129
227
226
68
27
241
184
222
22
206
249
150
198
226
77
206
113
68
125
188
160
123
95
124
40
7
160
123
68
25
28
95
124
95
253
17
35
190
241
33
171
190
216
132
68
217
68
158
12
11
95
49
71
95
226
68
28
245
192
77
8
96
52
144
124
71
132
92
65
2
189
42
68
249
59
119
206
195
220
102
156
43
