129
129
126
250
64
47
243
26
26
208
14
208
194
3
111
187
216
14
250
119
212
208
116
3
126
223
231
106
47
126
79
194
216
108
3
243
199
248
223
165
223
243
248
165
220
116
22
165
248
251
165
129
129
187
243
67
165
93
162
106
122
165
145
106
194
225
108
149
59
218
232
235
172
183
243
146
86
231
189
226
143
117
87
135
143
243
162
248
129
143
24
143
67
60
73
218
121
23
145
216
216
149
84
138
236
145
164
223
17
162
232
122
64
199
143
145
165
251
208
208
67
93
251
3
84
38
84
103
84
3
162
208
24
231
103
223
87
223
208
80
73
208
28
31
194
146
187
236
239
127
164
150
209
229
230
22
18
93
153
239
231
129
242
135
184
201
17
239
148
162
203
222
60
209
21
60
84
209
8
239
209
67
150
78
209
127
230
8
55
108
61
33
242
28
47
233
242
86
111
84
174
59
211
84
148
206
197
216
238
135
111
108
232
128
120
137
186
24
18
58
140
110
206
40
153
95
200
216
229
73
143
98
180
233
71
204
46
250
248
196
189
87
249
148
148
30
151
52
232
202
135
2
8
6
189
239
239
39
93
24
171
13
121
145
164
73
111
147
57
233
122
174
248
153
40
229
147
238
214
209
242
22
127
239
171
248
171
187
207
20
33
203
33
174
146
197
229
167
238
181
250
206
10
205
250
248
148
249
93
12
148
202
215
236
186
44
25
182
190
216
145
251
31
44
182
146
233
10
244
55
81
148
155
243
6
60
24
155
182
248
71
61
243
132
225
38
180
104
204
28
54
141
42
84
256
12
197
237
40
18
35
256
232
187
195
102
148
14
166
74
218
169
248
169
256
148
241
120
111
32
148
33
142
14
14
225
255
191
251
14
12
153
255
81
81
197
105
145
39
202
42
75
148
199
55
99
102
217
199
148
232
196
2
43
46
142
15
37
177
218
148
65
255
37
151
84
216
170
256
197
58
17
186
122
246
29
102
146
155
81
65
145
35
81
243
52
17
256
248
105
29
189
155
61
88
6
212
221
46
197
40
148
197
129
2
252
198
14
1
210
58
217
241
238
65
206
67
37
91
148
252
46
148
251
25
197
129
35
36
81
197
54
9
227
169
10
171
52
237
60
198
66
256
145
216
66
119
120
122
144
241
73
83
52
105
241
256
65
72
174
188
190
139
213
216
55
218
57
88
120
137
174
148
167
191
197
168
55
98
233
234
148
218
148
232
147
84
84
154
72
121
202
237
229
119
120
197
171
237
99
55
142
38
197
123
55
50
119
148
174
105
52
25
148
83
83
87
207
233
99
129
34
105
105
98
126
165
119
158
110
79
171
168
55
46
61
143
170
252
232
52
230
94
204
121
25
202
100
222
120
209
119
34
2
253
144
116
230
1
207
252
197
154
52
82
95
1
94
195
26
216
59
251
35
200
4
248
145
255
170
253
127
50
156
76
122
219
99
168
167
168
61
35
204
99
205
49
232
4
126
119
197
167
30
48
204
116
255
218
76
204
46
169
61
197
197
24
168
254
139
123
83
54
168
254
143
70
247
254
145
82
15
148
102
147
197
38
120
115
210
54
69
193
120
174
38
247
255
78
241
155
201
45
57
38
116
168
56
120
101
252
252
254
167
149
133
6
49
38
237
85
252
232
104
251
133
133
247
128
197
247
255
82
