150
55
17
21
49
49
172
97
55
172
205
40
17
205
174
87
97
174
205
172
49
135
208
208
172
17
208
174
172
49
135
17
97
98
208
174
143
150
150
172
172
17
24
172
146
150
97
143
166
54
166
15
66
146
171
66
54
121
24
191
231
147
97
235
171
171
143
171
146
54
226
226
236
206
91
121
226
121
97
97
168
239
143
15
209
146
209
66
144
15
146
65
127
152
207
15
206
24
58
87
128
58
104
87
38
104
87
152
152
119
168
152
229
231
229
58
1
152
108
107
229
152
152
108
152
92
47
205
47
152
241
47
38
152
150
152
152
252
132
229
196
208
24
152
223
88
124
152
152
207
47
46
46
152
229
152
171
40
107
36
90
152
27
5
81
233
152
46
24
175
229
175
167
36
247
24
85
152
152
186
97
229
132
132
108
234
47
3
152
222
141
70
46
229
229
152
126
175
152
46
152
229
49
47
67
237
6
243
97
152
228
221
126
110
251
229
6
224
237
169
46
221
88
91
222
93
90
121
243
229
119
16
221
156
47
209
256
152
3
221
171
169
188
188
138
170
4
47
229
151
91
107
138
167
64
6
225
152
193
25
225
47
217
19
3
71
124
43
5
53
229
222
165
95
46
188
77
71
95
170
224
92
71
230
222
7
127
93
124
126
108
132
35
47
132
70
256
34
222
90
27
164
225
91
43
224
221
46
84
244
21
119
225
152
127
127
46
122
2
164
250
222
224
18
225
187
79
221
158
63
203
194
1
141
95
63
8
224
127
16
1
184
113
151
52
113
41
240
222
49
113
132
102
141
119
40
24
234
224
168
186
234
113
102
157
