88
29
239
239
97
84
29
177
84
177
29
74
88
239
7
29
84
177
74
84
146
29
29
97
239
177
84
248
208
146
29
134
193
240
208
95
54
101
177
33
138
164
177
250
184
13
208
193
230
88
250
162
55
181
29
95
13
181
208
208
239
29
129
19
97
181
164
184
88
153
54
19
153
250
55
129
239
153
109
199
69
69
129
199
19
206
13
77
109
206
199
32
75
62
193
235
28
250
28
17
109
10
128
18
122
171
122
235
29
210
216
18
8
145
113
171
129
25
239
28
29
33
1
199
29
168
18
32
93
215
174
64
10
145
226
61
90
39
208
131
206
140
235
240
39
39
55
243
63
100
77
79
168
235
126
28
136
85
95
28
29
162
241
18
208
104
40
131
131
111
92
210
151
15
110
40
104
192
172
206
226
226
101
226
77
26
255
128
211
219
131
21
9
15
183
40
39
243
81
223
191
9
9
193
42
99
78
29
78
11
66
163
197
197
11
42
42
129
93
163
99
163
125
163
150
157
117
73
42
197
163
107
82
163
40
159
157
232
167
163
202
156
232
163
254
