127
127
35
182
126
17
83
194
35
80
217
17
94
146
165
172
61
83
138
126
186
231
212
98
181
9
94
21
67
28
98
83
172
160
83
67
194
231
87
212
67
94
217
172
66
231
194
66
21
174
94
21
256
87
174
143
135
243
66
194
83
91
181
181
237
172
87
217
217
160
174
98
21
61
91
126
135
83
129
87
94
121
83
160
96
199
205
138
212
174
61
80
180
147
21
199
172
182
199
126
83
217
172
138
61
217
212
80
36
211
67
21
122
154
87
66
212
202
94
245
67
147
231
61
123
211
221
141
29
186
94
83
172
221
181
129
128
182
55
18
186
7
181
212
160
7
98
181
127
69
212
212
194
244
160
141
87
5
47
34
58
217
83
185
243
51
166
246
181
141
83
118
147
181
180
107
105
123
55
212
181
107
147
212
181
185
245
212
43
182
185
194
98
182
127
148
182
238
67
92
129
7
97
96
109
17
83
250
217
97
91
58
104
194
87
147
243
148
1
217
96
61
147
69
174
34
28
127
7
172
36
122
47
174
34
104
252
82
69
47
122
18
243
107
105
208
245
147
154
248
181
135
198
61
212
147
129
119
67
61
220
252
92
147
65
138
154
174
69
217
165
89
154
86
243
83
94
148
61
199
126
22
181
208
182
11
80
243
46
154
212
181
181
107
185
119
182
57
75
66
218
5
122
216
174
78
81
51
234
221
109
240
198
104
148
20
174
41
116
88
174
96
7
64
221
156
198
244
107
203
49
249
209
46
185
127
49
5
198
118
182
29
88
209
75
90
92
191
234
154
218
152
109
185
85
221
13
185
176
126
63
174
3
112
10
169
174
152
90
177
156
254
256
15
206
170
107
29
107
96
177
73
171
224
190
238
146
10
106
169
13
95
149
178
16
200
10
228
147
254
196
194
10
177
239
15
87
79
218
181
222
32
16
175
177
227
149
16
44
36
16
175
230
90
153
230
92
129
219
221
104
185
35
153
200
169
189
256
112
81
16
153
210
15
34
154
8
92
38
222
133
64
42
240
185
92
92
44
175
1
15
49
25
7
202
103
73
106
137
135
135
111
35
28
27
38
200
110
27
10
115
136
196
148
255
122
230
234
64
249
149
175
230
256
177
117
237
95
34
119
161
234
31
171
210
16
64
190
104
254
133
221
186
3
211
237
200
79
111
31
29
111
216
29
42
254
28
181
170
52
92
246
145
121
244
76
221
176
111
111
152
92
219
32
185
247
32
138
91
171
255
209
133
242
66
85
190
10
152
147
256
10
186
19
236
76
92
15
115
64
15
252
228
115
155
236
110
196
183
16
178
64
215
110
86
186
139
57
189
95
49
252
27
42
199
238
175
209
26
67
132
204
92
106
185
224
215
153
141
98
252
38
76
209
82
171
25
219
106
236
203
171
111
252
134
209
10
122
236
249
92
16
238
256
98
192
22
110
80
17
253
203
120
188
169
214
25
73
110
64
238
186
162
240
146
133
248
82
35
145
236
185
230
49
237
139
25
186
37
176
139
32
165
35
74
80
75
159
31
26
153
196
161
110
157
230
219
44
26
96
21
31
115
188
255
219
161
132
236
189
106
111
161
189
201
184
42
220
238
210
31
31
190
117
220
252
219
104
73
27
15
171
102
12
64
2
39
256
196
224
210
76
161
86
249
196
149
10
170
228
98
115
254
43
178
113
42
66
91
80
219
11
26
31
57
240
171
253
82
190
102
195
171
110
139
149
92
89
237
188
222
157
66
82
221
11
220
242
92
174
56
161
52
170
240
45
84
204
61
201
216
85
115
256
203
136
72
108
238
204
150
238
66
11
253
74
139
223
74
237
256
11
199
196
3
88
134
157
178
10
203
55
79
73
149
240
16
106
52
52
180
69
153
169
210
117
169
127
228
56
121
161
181
189
25
203
161
228
25
10
35
83
139
117
214
238
192
34
137
139
210
256
76
134
64
190
61
31
221
68
35
79
94
184
25
79
35
167
166
193
27
88
141
219
104
64
238
35
240
19
210
169
219
8
35
256
115
1
115
77
76
219
118
115
161
252
236
71
94
196
26
196
132
88
159
74
221
96
154
196
240
145
227
35
60
5
25
115
22
121
140
242
139
221
25
238
58
74
242
82
12
76
115
221
202
114
149
198
170
256
26
147
8
31
140
88
236
146
130
235
219
67
31
170
85
10
82
190
111
236
170
102
48
242
252
221
153
164
215
163
33
205
49
11
204
35
219
25
186
149
238
60
238
207
174
102
76
77
35
239
211
35
219
256
57
157
196
248
254
210
102
252
53
10
202
238
214
134
238
91
256
63
252
63
202
149
74
111
74
186
10
219
195
133
219
190
252
86
57
164
31
169
153
10
16
237
13
25
192
207
25
227
128
137
23
17
36
25
93
86
26
19
98
35
186
106
163
161
163
26
86
240
238
54
210
129
76
62
115
35
252
115
253
19
196
157
121
161
221
2
97
89
236
139
12
134
203
175
189
203
132
61
196
230
149
106
25
212
74
238
253
190
196
190
139
10
240
31
98
238
45
86
106
219
121
219
52
81
10
64
106
91
146
236
219
221
171
186
102
149
58
189
219
196
252
69
190
221
115
76
17
242
115
190
210
198
102
65
203
240
211
91
194
256
31
186
23
203
236
214
221
210
108
22
189
117
42
106
203
179
76
99
94
52
149
134
220
207
25
76
3
34
94
256
210
135
34
76
35
92
255
157
214
115
154
229
26
201
220
45
253
255
215
181
127
149
196
50
179
57
186
170
188
42
12
256
169
196
64
110
237
111
12
91
186
26
75
139
219
170
64
256
193
114
96
190
64
238
59
204
35
237
12
240
205
253
57
111
186
26
207
238
86
164
236
80
240
127
145
12
139
10
57
238
17
240
74
221
111
219
211
210
221
169
230
57
140
256
10
85
219
192
13
196
240
159
33
220
102
196
256
254
203
236
161
148
161
61
214
149
69
91
157
196
57
159
154
70
228
127
242
219
94
210
91
146
14
204
189
176
115
252
237
44
213
187
203
110
213
35
157
238
69
186
217
256
55
127
76
98
187
27
152
14
27
214
103
26
35
85
148
101
146
48
203
220
110
58
45
35
12
203
132
240
76
148
214
204
74
224
35
73
11
86
91
4
189
171
25
256
211
76
26
252
253
10
39
220
190
166
32
149
134
43
255
198
24
121
237
112
25
157
240
115
55
26
200
153
94
202
144
94
237
10
34
115
237
196
19
238
26
115
31
92
236
115
196
118
170
105
115
67
52
26
256
23
112
157
171
106
139
242
64
238
189
30
137
94
92
83
174
86
111
256
25
93
192
110
38
238
92
76
28
52
203
201
216
170
121
87
35
10
103
72
190
164
64
159
42
176
64
134
248
88
219
115
52
69
188
153
238
146
50
72
115
67
35
35
196
44
219
190
228
227
82
256
42
103
25
193
10
252
57
10
201
242
12
196
64
56
34
255
104
122
69
145
86
144
10
35
52
147
240
201
196
76
253
186
134
229
153
210
57
95
94
82
134
11
103
201
64
170
135
10
178
124
8
238
192
218
57
10
219
57
158
186
9
121
237
137
110
72
19
201
92
35
39
242
88
237
87
256
58
203
25
35
252
210
58
238
196
19
68
216
249
74
64
190
105
56
219
250
196
128
203
101
139
210
139
31
35
238
91
201
196
56
48
11
192
221
166
219
220
236
157
82
91
170
237
221
100
214
192
56
116
224
248
252
253
256
219
146
147
46
196
166
111
86
221
64
190
201
237
48
117
190
203
56
216
153
86
73
254
32
231
111
238
219
31
256
161
238
25
222
49
91
32
186
164
186
133
65
170
242
255
214
221
178
52
10
68
87
219
76
7
147
112
189
237
134
44
35
103
155
221
228
179
170
31
200
190
72
73
212
252
202
56
170
181
76
236
161
182
249
43
141
91
115
211
181
253
10
153
110
10
46
219
120
199
26
10
139
84
171
72
170
86
61
174
199
46
139
49
229
134
110
96
188
124
152
10
31
224
35
194
189
26
73
10
170
196
56
214
242
34
42
72
61
188
34
199
115
196
94
192
221
88
25
120
6
111
231
160
10
64
64
67
133
210
155
188
113
245
141
256
52
190
159
141
219
115
236
256
116
86
238
152
178
62
205
32
242
120
25
52
68
102
115
169
110
159
76
88
141
68
76
44
6
152
256
84
189
235
91
199
186
68
68
133
186
10
103
83
178
184
174
256
47
35
227
235
184
252
188
115
241
24
4
37
19
198
79
