126
208
126
40
144
150
116
105
88
123
199
40
98
181
244
160
98
231
123
126
244
105
83
160
143
181
98
222
66
195
21
150
208
74
16
97
231
160
242
145
235
91
195
91
165
165
112
180
83
252
129
71
127
97
123
71
177
83
143
71
211
38
227
192
195
249
91
83
74
96
106
150
98
107
209
95
62
256
112
198
242
198
211
91
28
56
162
63
209
61
83
129
181
130
222
176
183
66
31
67
211
55
40
56
26
147
73
38
112
230
8
11
90
121
198
153
66
166
10
61
160
244
46
129
67
69
16
66
231
59
65
229
31
249
54
164
108
38
189
195
135
89
190
135
250
181
191
239
97
113
129
84
55
138
170
122
182
232
130
153
243
147
166
236
141
253
194
91
66
150
13
6
38
166
105
83
130
203
71
130
54
165
232
127
162
128
105
181
24
62
8
209
10
112
165
97
13
244
164
176
247
191
113
153
14
73
105
7
83
109
148
196
244
202
121
41
251
87
253
195
165
242
191
130
203
251
118
91
74
176
113
104
98
143
51
135
87
97
241
203
248
252
211
105
253
108
181
3
253
209
97
176
91
197
231
242
62
115
104
109
21
25
251
126
150
169
203
111
189
54
196
156
139
83
251
55
219
28
130
111
18
164
87
225
13
65
18
92
176
109
18
135
176
58
115
92
18
166
17
165
46
62
186
231
41
256
191
38
174
21
222
222
128
116
3
44
49
232
104
13
123
156
55
153
88
172
188
56
167
225
142
147
61
153
242
250
251
166
248
204
24
79
203
115
41
67
51
244
58
195
18
190
79
177
205
250
42
238
112
104
135
160
190
210
152
18
199
21
130
144
104
244
91
107
111
141
130
112
242
52
91
109
194
107
160
211
139
154
150
206
25
156
8
36
6
204
35
107
129
231
21
243
35
251
121
153
161
174
75
205
77
39
8
191
120
19
251
225
214
150
98
18
44
39
60
237
104
135
102
46
188
209
177
104
5
108
251
54
76
177
67
71
67
256
230
250
204
129
172
79
5
60
114
18
61
196
6
154
195
143
59
187
19
182
253
197
18
18
62
75
171
231
203
65
87
8
129
126
114
172
231
24
222
123
112
211
147
180
76
5
182
136
106
65
28
83
58
132
253
6
102
128
104
243
191
128
160
157
109
97
236
3
8
75
153
243
1
252
61
206
237
205
190
107
87
113
113
244
24
216
241
175
55
74
181
74
37
236
191
91
167
212
180
241
222
171
120
172
101
122
107
144
81
231
104
188
237
74
164
129
230
103
143
145
199
183
132
127
61
62
26
150
10
67
39
105
170
209
144
83
25
208
107
127
6
147
36
142
219
254
256
52
65
11
209
37
115
245
169
122
214
111
156
51
230
25
8
25
219
40
185
160
200
237
75
89
195
199
18
104
69
102
201
76
83
101
125
73
221
154
211
186
11
221
212
99
147
126
221
123
92
115
191
191
224
98
190
32
41
30
140
94
221
65
65
160
237
167
21
165
136
52
42
237
48
217
79
122
251
50
40
106
195
250
64
211
233
1
125
183
8
112
22
19
211
22
225
225
121
118
172
200
115
194
7
207
134
90
202
191
15
50
160
221
20
191
42
200
14
5
178
32
254
147
242
45
128
199
206
184
55
81
18
73
172
86
130
130
38
175
70
252
187
89
121
81
141
75
195
108
181
240
89
191
241
89
89
132
182
172
253
50
130
138
190
241
233
164
169
214
188
170
75
65
101
241
125
161
249
182
208
146
41
242
28
151
185
50
104
209
142
117
242
36
60
59
195
200
180
7
110
43
185
135
149
193
156
94
256
105
18
199
172
140
167
187
52
111
223
96
5
40
37
157
92
194
36
27
181
169
14
253
70
179
151
180
89
121
94
194
251
77
240
18
96
71
182
69
154
237
179
7
125
132
99
134
178
248
141
14
67
88
191
144
25
164
50
92
1
141
51
139
244
219
101
56
88
212
244
119
220
67
30
170
81
136
30
117
37
205
105
84
87
8
216
52
70
213
251
2
105
98
181
61
244
62
35
130
61
202
171
244
51
107
125
62
110
191
61
223
187
253
125
8
207
26
160
104
105
208
251
91
193
191
242
14
207
155
92
89
89
213
211
25
58
225
223
241
112
106
74
171
115
46
137
74
252
89
158
161
130
26
212
238
2
235
104
7
164
229
156
134
14
254
211
174
179
242
229
160
251
184
142
91
170
143
221
58
130
251
2
176
217
58
127
210
28
253
171
71
144
38
51
142
89
242
2
8
50
199
134
253
130
29
3
241
240
16
31
242
107
30
46
123
118
116
116
157
44
192
41
30
5
108
229
8
110
113
76
203
104
19
164
138
203
240
88
56
234
229
5
125
214
142
140
204
5
32
30
109
131
221
237
213
211
116
98
98
131
105
77
105
29
251
64
141
200
13
248
175
142
211
181
142
223
205
195
196
28
157
230
58
252
32
230
224
129
204
253
137
39
201
140
115
105
83
201
161
110
123
28
76
140
91
3
209
247
219
202
170
180
86
205
94
3
135
195
42
248
101
254
2
160
34
51
128
98
52
23
212
104
72
33
202
244
48
165
175
30
106
23
176
118
62
125
172
123
97
211
101
134
104
104
60
125
157
253
106
107
211
123
99
81
174
175
167
10
103
41
112
239
239
199
122
36
98
90
31
71
185
67
9
253
196
71
55
223
167
182
217
67
31
35
29
253
66
9
142
6
33
35
8
115
41
28
99
232
31
212
58
6
215
253
126
33
255
200
67
218
147
140
233
44
110
25
226
19
142
160
33
211
207
113
182
89
119
76
42
253
201
96
193
248
29
252
232
52
20
75
21
66
5
38
185
218
83
108
2
96
193
130
29
163
76
38
248
89
115
8
61
188
125
117
161
234
18
251
235
103
47
83
70
50
67
20
163
218
175
34
41
20
91
123
38
140
204
223
112
127
148
40
31
22
147
114
130
30
36
220
70
89
127
8
241
189
218
190
32
218
207
35
113
11
108
221
141
251
249
121
89
1
139
224
108
241
108
2
144
130
79
139
145
96
224
189
2
191
194
254
141
5
108
246
110
73
94
108
143
50
111
254
73
190
206
46
17
253
139
44
12
128
184
41
91
248
85
229
96
28
157
169
70
207
6
201
13
102
131
35
246
72
123
126
233
35
125
33
126
188
22
124
33
140
82
3
26
191
104
103
34
47
253
251
207
2
217
20
175
66
91
147
241
151
195
219
214
17
203
226
1
128
194
156
198
44
107
245
33
48
188
12
163
116
41
212
98
50
112
253
19
63
219
57
9
152
56
207
167
219
2
79
223
164
37
231
9
38
250
42
160
125
191
210
215
104
112
135
37
125
4
217
104
211
125
59
253
18
216
213
29
208
202
32
244
241
34
169
163
1
94
107
2
196
241
215
125
200
245
185
76
57
244
182
20
104
198
45
211
36
241
235
76
207
256
93
89
45
211
166
9
161
60
91
98
69
25
219
91
170
221
38
74
249
255
108
15
33
252
191
241
174
231
253
218
145
5
50
88
222
237
193
120
251
101
200
191
115
211
77
231
59
5
96
131
9
228
202
44
48
138
202
223
72
110
195
107
76
61
40
107
61
157
229
30
186
222
72
232
188
86
172
47
121
201
64
250
112
98
247
240
253
221
8
73
213
46
176
140
2
173
182
145
138
27
213
20
244
113
238
105
236
55
152
207
76
1
148
160
204
105
231
185
47
105
195
102
72
56
160
74
5
224
97
66
226
44
9
187
30
252
90
253
254
34
28
9
77
156
19
7
171
62
119
108
14
24
126
91
38
189
115
182
184
131
91
125
156
7
71
33
234
178
1
126
231
156
43
35
13
23
116
5
7
9
18
131
44
162
133
136
99
253
1
157
60
207
201
130
30
192
159
46
244
69
113
52
110
130
77
188
144
43
199
36
94
5
44
107
159
136
139
196
70
54
90
65
114
35
245
161
30
153
45
1
218
8
31
112
119
121
73
172
18
117
199
234
38
36
1
149
241
174
200
108
230
192
235
81
13
53
254
83
156
229
120
159
1
220
3
125
1
217
251
130
157
195
121
210
159
28
42
231
116
76
245
88
2
1
108
172
230
224
229
126
187
72
76
229
13
229
28
226
46
153
64
219
31
83
221
241
248
38
2
65
199
46
40
193
222
157
31
144
191
125
108
252
38
41
170
187
245
132
210
241
185
9
8
227
180
5
53
49
107
139
125
180
191
191
172
31
140
225
130
188
204
64
107
185
30
85
233
222
202
34
187
41
245
19
119
192
85
249
180
240
226
172
239
191
130
201
46
154
51
117
149
161
107
61
139
138
170
151
85
161
213
1
254
182
149
36
219
73
28
203
19
8
162
36
245
107
254
245
190
83
5
24
29
102
213
1
67
248
141
167
182
16
242
14
28
28
1
102
65
221
152
196
91
20
71
79
107
142
64
1
28
211
252
41
117
125
180
254
185
212
137
187
119
240
46
184
70
5
160
1
62
229
241
251
24
35
252
194
252
201
65
135
251
98
1
180
62
131
87
169
234
161
204
22
157
19
172
73
109
214
75
152
200
196
222
201
200
21
121
172
5
30
139
219
8
254
138
118
182
76
232
109
186
60
144
201
187
216
122
241
82
35
251
130
116
114
157
223
96
218
82
212
224
159
73
200
183
237
70
50
85
185
35
152
237
89
223
201
233
238
170
218
100
254
240
166
48
35
223
252
125
153
45
40
159
92
53
153
254
149
247
41
72
121
64
14
251
30
100
20
170
189
114
195
81
46
185
107
206
152
83
172
186
142
195
252
197
149
1
143
53
45
226
96
185
28
1
224
87
120
241
78
23
42
133
159
137
157
108
88
236
4
56
55
228
128
129
76
182
216
229
222
25
231
96
1
20
82
87
115
82
177
61
90
17
144
162
218
248
131
113
236
237
28
94
135
98
152
142
221
2
22
200
228
161
229
120
180
138
158
65
188
125
64
70
151
15
97
96
83
23
142
255
161
127
238
29
108
254
2
35
124
190
88
248
248
210
14
177
200
213
182
180
153
28
35
33
200
1
76
96
187
85
37
210
240
240
91
71
103
198
1
140
141
188
200
49
34
200
42
109
43
73
171
136
94
26
76
180
156
37
109
199
63
212
232
235
46
240
173
229
2
132
118
2
47
161
224
99
36
163
229
237
191
108
163
107
211
138
155
254
125
41
11
3
28
35
139
64
223
203
212
51
141
3
8
192
172
185
156
121
18
241
56
163
150
76
18
15
190
97
254
109
36
108
130
219
169
45
234
156
237
24
45
150
102
71
9
102
252
3
86
173
201
93
4
93
167
173
241
99
180
191
35
173
185
200
189
64
150
94
161
173
188
23
34
164
244
180
33
141
181
241
218
44
159
228
65
156
241
156
99
232
4
237
61
187
156
72
126
72
132
43
226
232
34
205
99
254
236
180
61
253
132
238
48
17
190
221
200
254
44
64
125
6
10
254
213
70
180
170
126
32
227
218
142
10
119
187
152
187
161
212
157
167
131
254
2
72
49
99
89
181
185
123
107
83
92
147
71
57
171
218
94
48
163
227
5
34
25
218
130
147
92
158
61
94
128
154
196
8
206
20
167
46
22
182
121
126
198
10
128
161
146
247
218
183
202
256
113
247
68
47
43
128
182
42
4
71
128
155
248
126
122
112
157
78
45
2
155
154
105
24
48
159
126
152
74
33
191
88
142
157
5
78
133
215
206
213
202
99
222
242
171
177
119
49
167
171
28
148
90
218
116
246
221
234
4
125
194
152
37
148
43
2
72
49
197
45
81
37
125
2
101
72
233
21
48
161
107
185
157
232
24
217
