147
126
127
126
14
3
81
54
177
177
177
123
54
222
74
127
245
126
230
28
115
250
230
138
192
28
220
141
220
129
220
28
138
129
123
75
126
127
138
192
199
217
126
192
220
220
75
66
28
84
86
250
44
126
66
199
127
114
212
129
69
171
177
192
115
174
66
174
28
192
220
4
131
192
66
127
4
64
14
246
222
92
104
118
220
112
220
126
77
92
51
220
243
172
64
172
79
70
77
30
238
237
220
172
60
178
82
192
104
90
178
60
137
137
181
171
54
250
66
120
92
171
217
60
17
5
92
60
79
246
192
217
217
5
82
45
82
123
171
243
247
50
45
66
41
222
17
3
215
98
219
3
219
104
147
131
178
136
123
174
38
198
137
66
217
50
178
70
38
230
114
98
223
133
156
192
247
66
178
178
187
3
98
133
66
138
229
98
172
245
123
117
197
79
178
165
174
111
92
98
38
94
215
178
136
178
250
189
112
168
96
12
30
12
189
145
122
197
189
14
126
172
133
178
28
139
55
11
235
206
74
126
85
91
129
59
15
215
11
11
66
101
178
126
15
55
248
127
59
26
50
28
85
219
112
59
48
129
129
192
139
176
66
188
63
66
66
189
11
123
74
247
114
235
37
118
1
136
176
12
14
82
85
55
126
129
114
104
105
37
81
124
206
248
137
81
104
100
89
121
145
218
33
171
174
114
63
150
33
105
81
17
232
100
11
9
94
168
155
51
67
178
131
216
138
64
90
173
100
84
255
105
172
139
145
100
81
218
248
12
100
82
74
74
11
67
109
245
9
187
145
76
33
68
216
187
86
98
89
15
60
11
14
55
145
192
245
59
192
104
9
207
155
172
79
64
204
28
138
245
250
197
188
34
207
238
78
235
118
124
104
172
60
248
53
236
229
56
32
131
187
22
239
201
38
226
104
4
120
38
5
145
53
82
62
193
19
104
178
247
81
130
224
236
12
37
147
27
82
178
201
53
192
101
68
78
44
70
68
239
50
157
8
178
126
131
132
48
218
22
77
248
131
46
114
238
192
229
8
216
130
245
120
207
83
42
99
99
56
120
11
90
77
77
53
94
70
99
43
192
66
126
100
11
131
11
34
46
117
235
46
131
131
53
77
215
239
172
11
17
245
240
98
88
128
46
137
53
11
198
70
101
75
248
85
104
226
197
6
100
53
115
63
178
218
66
8
38
207
85
248
131
94
207
197
236
178
70
187
248
106
33
163
38
50
216
38
247
85
105
77
235
212
30
126
117
100
120
9
190
82
53
34
124
178
147
39
149
221
178
99
38
100
149
197
245
69
120
200
211
9
99
99
126
113
126
172
49
216
27
93
146
116
70
33
99
197
113
75
53
124
6
178
48
154
144
226
49
26
224
25
218
253
241
57
4
57
57
44
49
136
201
83
158
44
82
120
48
170
206
120
116
79
201
4
