206
95
29
29
195
75
212
3
130
29
165
244
62
203
164
36
135
62
51
67
51
211
55
62
67
240
3
115
170
51
2
187
107
240
29
2
88
22
3
231
108
67
80
95
51
156
95
67
140
11
144
95
22
115
229
240
248
180
62
248
84
95
121
252
62
229
256
108
108
58
94
61
167
15
95
147
205
206
243
156
145
130
179
95
239
129
55
95
220
141
40
235
147
166
40
152
235
67
168
239
109
145
20
18
95
18
87
55
144
87
103
240
160
237
251
220
38
55
90
223
249
135
83
193
90
24
88
134
67
164
95
55
38
219
167
41
103
146
152
47
130
141
199
140
116
88
112
189
84
223
67
147
55
108
244
183
235
205
95
220
147
130
185
145
109
184
231
112
98
231
145
6
108
103
111
115
57
25
105
240
20
184
248
193
36
95
101
24
181
189
116
199
130
20
181
30
1
41
115
105
170
160
63
248
73
102
70
112
127
18
14
192
240
6
75
162
167
223
130
129
8
248
109
90
181
235
67
145
38
91
81
253
40
27
253
252
20
81
77
160
235
77
129
225
89
181
252
2
73
33
121
108
109
128
30
204
20
135
102
59
225
125
145
125
194
164
192
183
25
228
225
181
67
225
20
11
101
136
109
205
141
207
125
248
129
27
77
182
1
10
147
65
136
141
176
229
116
105
252
63
243
104
157
147
33
147
6
90
115
6
95
125
101
80
20
112
52
91
164
225
225
15
221
135
58
71
228
104
155
75
6
156
128
127
192
160
39
250
35
248
38
157
242
46
20
95
172
13
253
141
173
84
115
71
150
231
65
217
59
122
18
129
200
46
245
125
16
35
225
147
20
66
65
182
98
77
181
125
227
71
221
68
2
1
130
37
136
240
120
27
235
154
255
192
108
118
21
6
185
67
109
75
22
252
24
125
156
8
95
67
174
37
160
46
9
55
225
211
90
122
136
102
114
65
135
75
142
46
118
102
109
158
185
159
107
118
238
112
9
185
234
147
172
144
75
5
212
2
170
14
46
241
18
28
145
90
248
5
182
27
67
234
8
125
44
142
18
125
182
250
28
46
125
20
36
221
63
33
37
64
71
138
122
65
241
142
38
18
105
1
172
182
24
20
142
46
151
241
75
42
172
198
9
18
44
95
95
125
168
160
206
211
13
243
118
171
40
164
242
19
44
33
20
102
75
5
227
114
138
75
171
178
222
14
44
209
107
109
95
95
107
150
243
227
229
137
28
113
171
9
200
125
234
20
185
254
154
130
150
38
65
44
136
178
109
20
183
89
66
204
94
20
184
44
20
35
14
168
58
251
88
68
25
122
118
20
248
37
216
138
129
150
122
99
164
14
216
95
86
252
240
109
96
182
37
112
222
219
203
73
10
9
94
91
144
22
107
156
2
2
37
142
136
142
251
9
130
81
142
190
37
95
182
6
219
133
200
132
116
38
118
138
222
195
161
229
184
122
78
155
38
138
95
82
142
243
20
152
100
3
35
70
221
145
190
92
38
38
138
87
20
226
182
213
233
17
168
109
132
118
150
107
244
165
127
172
150
71
14
185
6
213
240
207
85
156
110
10
145
129
63
140
122
142
129
168
138
160
3
71
20
4
184
65
91
207
168
204
109
161
110
31
174
27
52
78
145
95
248
64
141
213
13
198
9
155
116
11
27
109
13
130
247
183
193
114
181
193
95
206
115
94
112
2
117
247
14
125
37
245
54
161
186
182
200
236
163
144
47
141
246
36
65
168
207
37
251
3
99
138
28
232
158
213
20
230
47
142
140
102
183
47
61
108
54
37
3
218
222
225
115
254
60
245
41
24
139
132
95
5
216
135
109
200
3
41
168
134
183
222
229
14
115
38
222
41
203
161
135
252
105
60
15
37
87
42
59
68
123
207
230
168
60
5
38
149
49
195
132
186
94
77
134
47
83
82
77
78
172
101
106
190
132
185
67
211
181
154
36
139
193
207
114
171
82
208
187
38
73
9
17
168
137
133
149
217
11
118
138
184
184
85
100
237
242
49
12
6
226
185
248
187
62
174
101
247
168
220
141
220
207
68
72
9
243
95
226
57
132
25
177
253
13
236
202
189
246
245
24
54
248
172
236
121
216
158
34
132
195
216
231
106
175
116
178
68
128
78
163
41
116
91
30
63
102
188
89
224
14
141
89
127
169
168
45
41
158
211
20
142
156
100
92
250
95
246
122
134
63
224
129
19
168
207
122
168
37
105
171
119
245
169
97
175
87
210
238
222
89
109
45
5
30
207
177
242
134
157
4
5
1
78
161
204
230
20
129
1
236
37
193
45
78
230
178
94
129
65
118
45
9
13
45
5
154
154
220
83
53
114
135
241
109
220
204
89
109
230
106
57
210
104
168
168
168
131
242
133
85
116
9
158
92
176
217
97
93
54
89
243
53
119
183
63
139
159
8
204
1
15
16
101
105
246
168
144
109
243
168
181
97
108
171
246
122
171
164
115
92
30
253
244
30
154
206
18
154
124
227
125
48
120
66
211
1
51
129
134
100
122
158
155
247
37
50
193
152
38
154
230
95
154
129
63
204
233
38
142
38
38
135
178
19
169
115
77
38
206
95
148
177
28
61
87
78
247
240
1
75
231
223
9
105
210
78
78
161
27
190
161
97
246
78
158
97
19
193
95
204
96
83
156
129
102
95
25
89
15
88
78
12
116
4
252
168
68
19
38
202
168
211
255
253
78
45
19
78
102
193
44
151
76
51
32
56
78
149
7
199
35
89
231
209
168
109
129
118
184
238
109
205
77
159
19
204
28
135
78
75
68
199
122
193
82
235
188
52
224
78
107
25
114
81
41
241
4
208
131
30
188
157
198
142
151
190
206
168
84
123
160
102
243
70
206
193
132
122
233
223
53
35
49
45
84
196
15
1
49
198
51
134
78
175
2
181
144
222
235
183
71
255
78
190
185
227
137
139
222
106
89
148
124
255
53
199
112
198
247
153
161
237
4
197
118
198
248
132
136
224
41
179
87
107
138
147
154
164
38
50
179
135
113
142
170
44
112
148
214
6
46
248
85
84
254
30
200
133
247
247
133
157
233
243
37
120
41
57
156
248
107
255
224
32
87
123
151
113
247
100
96
208
194
237
181
251
238
112
227
14
55
249
38
55
225
1
227
168
46
142
100
179
101
161
174
247
142
247
200
244
255
136
19
192
134
32
200
109
158
215
68
248
137
97
130
206
15
224
46
255
2
82
53
158
255
104
77
129
45
154
233
148
32
154
49
65
114
116
229
68
122
1
102
188
255
73
139
58
120
24
233
114
194
179
116
233
116
247
168
72
227
21
198
109
116
179
75
93
170
247
243
38
233
168
101
227
184
53
168
255
233
241
116
227
179
179
24
24
53
233
52
116
170
6
167
247
233
179
164
116
156
141
158
