147
129
147
143
147
66
66
66
126
147
105
150
230
71
66
59
168
127
28
75
230
165
206
86
181
84
225
136
118
86
126
208
59
208
208
126
208
208
75
118
126
216
127
181
28
92
140
122
122
129
75
47
92
93
122
118
216
75
190
132
92
136
79
122
28
108
16
51
138
181
174
90
239
138
244
84
217
180
92
116
123
244
99
205
181
123
4
243
54
10
158
113
171
165
171
174
106
243
54
216
183
216
122
198
216
15
222
183
118
190
151
190
216
54
36
94
196
151
177
176
196
27
4
217
106
183
168
9
134
114
92
4
54
122
220
217
54
189
223
27
90
90
254
109
15
194
171
253
125
162
217
109
68
223
3
8
52
47
171
141
35
35
104
92
91
138
57
245
68
153
122
43
165
90
129
13
118
154
151
158
13
189
114
52
37
92
54
126
132
154
176
245
217
254
245
132
86
221
197
206
168
179
119
197
12
37
142
229
90
118
176
197
172
17
52
144
231
182
217
187
95
246
61
134
215
61
69
246
181
248
187
47
129
132
250
61
47
21
52
64
187
179
217
49
24
141
83
153
246
146
251
43
216
61
104
49
217
223
47
146
34
66
212
118
103
116
244
229
216
230
190
188
256
74
11
8
221
255
17
122
108
10
168
182
200
188
197
145
160
25
190
187
21
229
166
132
49
61
130
244
223
179
196
61
195
24
13
61
221
6
135
171
223
136
55
109
55
174
221
243
221
104
181
88
14
237
119
145
255
221
102
130
96
250
114
237
255
182
61
3
198
47
35
121
109
219
37
171
243
164
146
244
21
247
46
221
138
145
94
221
31
104
114
46
141
182
198
164
168
60
247
179
104
221
179
67
171
104
174
106
206
49
231
237
67
9
198
198
61
199
54
135
216
61
216
203
67
120
35
171
221
147
122
6
179
123
230
147
223
94
99
188
102
130
179
18
199
212
174
255
247
105
61
100
237
206
32
110
247
147
24
246
104
129
207
243
247
54
146
105
57
193
106
247
228
57
28
247
181
207
256
57
35
83
147
88
15
199
118
65
65
54
18
229
193
171
231
30
193
57
231
67
57
199
226
57
220
148
223
244
109
138
81
142
230
227
150
241
38
133
227
247
198
109
139
163
136
233
193
247
89
197
158
76
138
134
233
163
247
227
168
241
197
184
