175
175
67
250
250
199
95
177
69
16
175
129
76
153
67
250
172
153
143
225
50
54
127
229
127
16
54
71
199
242
127
54
175
129
129
175
16
229
153
54
50
205
175
16
129
211
235
150
123
16
175
54
225
127
239
182
183
54
50
183
175
30
88
123
67
79
81
229
242
220
153
16
206
219
79
107
208
109
164
177
150
97
90
177
129
90
90
225
54
123
90
219
16
88
21
175
40
220
209
8
130
16
242
84
182
225
16
87
175
175
175
142
25
119
240
3
182
237
16
242
41
106
151
175
219
87
126
235
32
183
216
17
51
71
222
75
79
16
63
16
151
177
67
7
209
229
95
248
110
145
177
50
68
212
54
183
175
145
177
105
177
87
50
16
105
248
126
242
225
19
44
237
74
219
3
94
41
250
242
50
28
129
126
126
111
239
3
254
16
32
90
177
160
177
225
237
165
250
250
184
225
214
28
75
242
237
242
57
96
114
242
222
32
212
239
19
239
71
105
51
238
20
244
136
97
151
54
151
71
95
147
177
242
71
183
225
19
182
73
250
16
127
123
37
235
182
250
81
145
75
194
75
161
97
183
71
79
54
242
251
184
147
144
71
214
54
56
243
16
74
153
237
47
90
93
28
222
90
51
3
92
222
18
160
184
153
51
235
13
127
225
250
20
216
6
199
92
175
51
108
160
43
251
20
97
178
178
172
235
192
242
239
95
65
196
168
126
177
22
16
131
182
126
16
220
220
215
175
109
209
57
189
175
185
106
90
79
57
177
237
183
114
89
242
128
32
114
222
224
141
3
17
235
51
3
64
176
175
6
71
62
95
209
114
88
175
47
251
253
128
41
54
20
90
175
29
253
75
169
147
183
194
40
206
36
18
76
114
129
226
178
90
174
18
177
211
186
90
175
149
235
121
171
97
222
18
16
250
211
107
225
57
225
17
175
31
211
242
71
172
29
98
107
182
40
22
90
16
103
19
231
235
211
165
51
203
136
51
105
64
136
126
3
17
97
51
109
186
190
19
126
209
19
16
208
30
112
222
75
79
4
105
28
18
54
24
190
21
118
123
16
8
184
175
47
123
177
229
239
17
250
57
21
55
182
89
40
186
151
18
104
131
145
126
123
114
125
97
108
157
151
242
47
54
250
123
14
222
242
75
46
136
230
190
74
177
18
175
18
30
154
136
89
229
72
95
121
178
225
84
211
146
249
136
210
239
73
143
194
251
126
39
54
242
74
151
59
225
222
61
249
178
16
62
127
78
126
161
76
175
242
89
119
113
209
130
62
18
7
22
106
112
61
112
150
64
251
92
242
140
47
16
109
128
225
206
172
20
97
46
144
18
253
244
149
244
177
14
177
211
97
25
67
244
238
184
239
225
205
89
78
175
54
31
138
53
129
160
190
154
235
59
90
51
40
178
30
182
64
30
29
251
149
12
7
175
251
251
57
105
180
14
182
237
104
180
152
51
123
17
55
190
8
230
125
178
235
200
35
129
206
160
10
98
75
96
161
106
108
219
90
121
211
12
191
30
51
225
192
73
149
206
8
16
30
67
156
89
54
54
19
57
51
95
28
159
67
251
251
17
200
81
165
3
76
239
165
18
17
89
200
123
46
95
10
74
242
182
14
208
167
143
68
157
206
97
51
207
97
73
239
95
211
18
229
221
219
125
127
54
138
30
53
239
138
192
17
74
34
244
251
54
222
194
82
112
20
251
50
108
89
79
30
64
16
8
20
71
121
151
175
94
238
242
75
222
34
151
210
74
48
162
59
194
95
34
173
49
89
51
249
23
166
235
143
97
225
84
69
239
237
203
51
145
77
115
142
17
189
239
178
165
13
55
143
50
162
175
74
37
90
231
123
225
147
39
154
48
237
147
102
239
243
23
151
72
211
130
67
160
242
199
96
51
84
4
58
219
206
145
225
223
251
98
183
138
121
96
95
130
242
16
113
93
81
240
40
201
211
127
177
35
96
30
59
75
8
143
6
62
251
97
212
30
77
182
77
129
95
89
211
48
18
189
3
150
142
16
165
170
95
189
185
223
20
88
61
128
143
8
217
106
74
123
64
145
150
224
123
206
143
105
123
172
137
21
28
231
206
89
141
54
56
209
199
245
3
234
43
75
150
76
129
172
164
123
108
77
222
200
89
53
211
47
178
34
133
153
89
28
247
32
61
242
126
39
5
215
92
61
48
153
51
95
90
35
82
165
151
63
244
153
8
222
20
153
51
66
136
225
109
229
93
74
74
67
140
212
67
59
194
53
107
171
29
162
74
119
16
116
203
230
178
68
234
9
63
253
127
170
140
199
221
21
190
136
200
183
230
16
112
18
165
61
134
72
125
208
190
75
154
26
164
29
41
43
62
251
125
162
114
229
175
150
197
251
242
197
208
114
16
155
183
225
64
151
156
194
50
239
91
77
32
153
65
13
58
26
182
190
219
230
119
251
122
147
25
108
3
114
191
251
160
27
31
43
10
244
136
56
239
31
28
54
143
211
105
225
201
106
251
90
201
223
19
29
239
12
105
145
153
139
153
23
114
225
11
191
191
28
123
89
203
240
20
222
159
165
123
239
96
138
189
178
185
219
253
37
241
32
65
170
54
114
190
91
177
121
92
50
194
190
50
87
58
83
147
147
131
58
94
222
246
223
119
206
196
102
138
20
74
178
126
177
160
190
219
200
199
96
8
251
149
71
200
256
223
153
58
156
188
115
48
77
4
24
75
19
90
82
63
199
189
178
29
121
243
225
91
251
90
217
62
127
87
71
13
243
107
220
113
251
202
231
229
123
178
194
165
184
121
58
229
160
180
245
120
171
31
19
250
155
149
254
64
146
37
250
153
158
79
68
19
44
85
128
39
251
237
102
171
120
19
212
125
231
241
32
194
114
19
114
185
219
149
230
151
84
84
28
230
76
173
114
69
197
40
94
126
236
219
49
125
215
24
190
119
175
247
177
174
40
234
24
235
28
141
58
81
78
221
235
239
56
248
178
12
185
230
128
97
222
59
253
37
32
223
219
62
114
160
19
51
222
30
160
97
191
185
251
51
153
54
203
160
92
18
97
32
54
89
185
250
250
18
163
225
183
114
95
214
178
18
230
56
117
250
47
36
65
202
183
197
131
221
214
58
209
198
221
251
83
241
109
105
112
251
22
254
72
245
206
182
45
74
222
234
130
34
144
51
83
181
242
173
20
55
106
236
74
208
96
140
61
148
20
54
24
83
97
190
235
126
178
251
30
191
103
51
18
22
199
25
22
119
145
251
102
183
62
125
123
185
219
61
114
77
82
42
166
30
120
254
235
125
235
92
151
151
94
231
72
34
16
95
125
125
123
163
73
225
244
225
51
184
160
37
144
222
193
237
34
228
148
78
5
200
148
102
220
67
78
131
155
234
28
135
115
78
8
228
20
70
51
20
171
163
171
123
153
26
251
247
112
183
5
67
190
81
225
212
107
178
15
154
154
12
21
77
232
95
143
7
120
252
63
221
40
40
152
185
154
235
135
17
37
28
225
138
219
234
181
130
178
17
200
225
45
53
8
152
61
27
53
149
130
97
18
133
119
102
53
230
3
26
140
163
148
43
31
147
140
19
219
225
96
83
116
54
228
54
119
247
91
225
34
101
92
118
35
99
152
46
88
225
3
92
125
154
16
167
124
223
24
55
181
151
213
198
135
8
102
255
128
20
203
219
109
115
110
198
34
252
115
199
141
109
160
225
181
82
69
123
137
72
92
19
171
213
96
225
96
96
165
222
47
4
221
98
254
13
119
120
225
238
112
140
25
206
197
140
84
189
140
253
91
220
228
254
43
43
42
3
128
120
190
254
235
216
220
149
153
242
178
115
236
197
244
68
147
142
173
20
125
156
44
147
177
99
44
46
34
3
18
110
232
207
141
5
216
62
225
78
254
112
244
220
122
4
46
81
152
154
114
149
174
95
47
120
197
128
119
251
154
241
190
213
119
73
99
43
94
170
219
140
148
28
149
207
161
63
3
107
248
86
78
207
211
26
112
232
189
4
198
108
103
75
220
47
234
6
9
142
156
220
109
124
48
4
201
200
211
164
107
57
129
207
250
83
47
20
96
68
232
249
61
45
109
14
207
200
183
55
96
56
142
127
95
6
2
140
227
181
10
25
213
142
155
78
245
66
4
173
161
219
102
93
15
250
216
160
136
91
76
175
200
253
141
170
82
247
124
86
119
173
4
121
89
165
201
210
124
191
124
120
83
197
245
27
71
125
197
253
8
202
58
72
177
47
150
177
197
66
182
39
99
92
255
49
177
183
131
99
48
215
251
205
213
78
9
122
199
41
223
224
203
122
251
31
98
200
151
242
232
115
57
234
89
155
89
108
35
193
194
245
102
89
251
26
213
247
246
107
69
200
54
72
145
246
78
15
64
104
68
99
239
43
129
142
1
198
26
107
20
112
5
200
216
2
218
29
200
39
227
255
81
219
100
236
145
19
186
182
200
200
96
224
197
122
236
1
152
29
135
9
47
72
182
190
108
180
227
251
199
173
173
221
109
37
125
124
72
154
141
182
197
156
122
227
231
121
78
182
127
232
70
101
132
227
182
204
218
68
246
188
200
68
231
6
255
195
176
165
122
61
122
176
227
145
197
149
28
181
183
43
122
181
72
203
19
256
25
180
248
232
197
186
20
126
43
104
254
255
20
148
231
139
122
197
228
242
140
68
67
235
148
39
242
18
43
246
69
74
45
197
133
224
75
1
78
28
238
188
88
237
191
90
133
232
21
20
252
197
72
133
198
228
24
20
72
255
224
139
133
133
133
57
