208
208
75
75
183
183
182
67
59
59
194
208
177
235
182
46
7
190
67
231
46
174
154
154
95
184
153
104
66
80
153
204
73
66
183
208
67
210
222
66
153
114
54
75
243
235
59
211
2
95
222
58
169
243
222
73
184
250
95
21
54
13
180
3
29
231
36
235
141
141
21
217
21
104
59
154
13
77
216
169
51
175
141
54
34
59
231
83
118
249
7
36
58
28
235
75
88
141
77
122
256
16
147
132
74
95
40
153
109
92
2
3
235
98
28
59
141
141
141
153
2
226
77
114
77
118
77
231
122
74
212
141
240
212
141
77
172
207
195
92
230
66
92
65
3
181
2
129
212
131
235
132
235
13
126
77
28
59
74
30
126
132
217
98
95
217
64
184
114
150
235
89
170
21
126
100
63
187
194
180
135
211
180
51
100
59
205
77
156
166
169
229
14
246
207
122
187
104
63
82
243
207
170
8
229
74
28
132
217
114
147
207
251
160
243
132
109
3
217
114
131
195
169
102
207
123
3
114
147
92
38
205
195
8
169
14
28
64
243
21
243
33
52
34
165
243
242
245
21
15
220
55
130
6
207
28
35
79
219
244
63
9
252
247
179
177
184
38
70
162
15
63
252
191
142
15
95
162
211
169
164
55
246
101
158
107
210
239
180
51
191
191
229
75
230
4
57
176
55
142
7
79
138
1
79
195
162
206
139
85
27
140
116
120
91
219
52
168
230
52
95
88
237
90
191
184
38
39
185
140
144
133
41
125
234
169
195
65
52
248
197
185
52
63
179
191
226
9
237
168
70
225
141
95
182
25
189
146
75
249
177
15
122
179
53
13
252
95
180
142
170
236
78
55
169
66
132
131
102
121
249
233
24
1
233
120
99
121
208
176
4
252
83
95
221
79
235
131
115
113
35
158
205
166
220
210
146
97
81
6
205
78
25
198
100
146
190
198
135
231
193
164
121
135
174
53
193
167
183
245
62
113
256
226
196
248
194
230
198
40
58
220
124
53
151
170
4
35
158
230
154
168
38
78
39
147
211
191
53
67
17
32
238
53
183
170
144
62
120
59
53
36
164
251
236
144
78
152
6
30
242
75
65
132
180
132
39
204
218
253
134
156
120
253
102
197
183
5
43
24
156
121
218
65
65
67
180
158
170
220
125
25
73
142
154
65
79
11
124
217
138
162
195
69
38
14
24
249
158
63
108
253
218
11
231
139
46
96
211
138
198
220
156
63
118
29
65
183
206
83
180
121
139
82
8
216
141
169
210
63
21
237
101
77
167
18
206
117
124
170
35
61
193
28
218
4
139
195
252
203
91
248
232
176
255
133
193
223
120
207
116
156
156
218
4
103
124
242
37
167
116
133
171
97
206
176
30
30
21
198
99
206
176
38
141
195
176
180
5
114
183
193
67
24
198
24
44
103
137
240
200
187
186
135
168
19
183
124
248
239
234
171
126
156
114
228
247
16
139
200
121
124
25
69
116
211
114
35
171
60
14
53
101
114
198
1
156
42
47
216
14
187
201
195
244
125
14
100
133
207
39
213
44
103
234
77
241
121
103
233
107
207
23
90
117
137
47
101
155
156
92
2
192
117
223
101
38
156
229
168
228
44
189
42
156
192
227
14
222
16
22
156
213
252
227
236
176
214
110
202
73
38
109
180
44
214
92
43
2
223
244
237
128
30
14
254
86
81
58
142
103
88
254
189
27
56
124
200
187
79
47
217
6
248
124
201
198
42
157
80
108
234
221
255
213
219
219
236
193
255
111
234
234
213
175
80
114
142
