205
97
65
205
136
87
97
7
97
190
58
84
14
186
121
58
7
146
55
205
113
208
52
52
14
58
59
220
52
204
18
190
97
58
205
58
122
54
103
98
153
150
105
252
97
195
29
75
84
18
129
87
90
3
14
205
250
28
75
208
39
67
244
204
40
88
151
29
98
106
90
58
206
171
26
153
154
8
151
166
65
151
172
31
105
59
252
97
113
52
243
87
150
115
106
10
97
113
103
205
195
91
252
219
205
164
69
195
107
113
97
69
107
97
195
103
51
205
18
166
97
116
65
76
241
186
204
107
21
55
118
198
205
182
113
93
6
35
65
8
230
137
75
97
219
162
135
113
181
127
211
145
16
103
130
198
206
97
182
116
187
222
71
222
135
110
40
169
206
77
145
151
65
80
241
93
101
117
182
22
181
146
115
209
75
198
182
128
223
90
113
196
182
35
203
160
117
35
75
3
194
160
211
171
142
230
34
144
97
60
31
245
107
151
147
252
105
180
140
58
28
251
229
113
75
205
106
135
126
191
211
209
24
5
97
97
97
211
67
21
107
91
192
31
103
118
67
229
150
252
75
191
98
95
31
130
174
93
164
110
123
97
31
16
75
90
204
186
150
127
110
29
3
140
97
129
14
251
123
10
206
128
186
91
222
176
147
75
76
28
171
75
74
10
186
146
204
75
67
39
89
113
203
13
67
81
26
230
76
240
91
31
181
121
91
237
50
164
58
170
89
180
9
116
90
211
47
78
211
61
3
34
91
229
6
168
33
79
76
127
8
76
140
236
151
155
243
223
47
66
10
185
123
132
38
128
151
225
102
14
28
128
90
181
116
205
201
230
168
127
89
39
236
67
145
244
37
96
192
201
248
187
129
13
128
244
248
91
126
138
252
166
182
54
219
30
65
10
90
37
130
164
184
224
44
161
50
28
180
65
146
90
206
79
222
90
250
112
93
164
83
222
3
16
208
37
128
114
182
150
66
26
55
222
66
46
129
200
24
237
142
222
168
183
90
129
26
123
91
205
222
25
136
129
34
164
164
28
98
209
9
250
14
127
172
94
135
65
54
250
26
174
237
94
183
28
200
98
40
46
90
123
46
105
102
219
183
117
136
34
6
26
130
14
136
128
11
167
164
250
139
154
235
51
28
191
110
164
97
111
8
5
147
222
211
83
250
67
90
227
123
213
105
21
6
28
110
66
86
28
198
115
51
46
250
171
164
38
154
191
55
174
250
201
127
16
224
250
159
136
3
10
223
60
108
28
205
37
96
46
220
181
123
155
240
212
240
38
175
123
14
61
74
236
222
222
219
34
87
26
6
111
212
250
28
65
112
146
107
208
98
89
243
24
171
67
205
89
243
5
119
121
94
181
142
186
181
66
111
75
150
152
8
98
5
117
147
87
121
144
37
142
58
76
126
14
139
156
192
73
52
130
6
132
64
250
196
21
238
156
219
9
206
29
123
116
243
132
109
38
191
219
66
69
223
24
14
30
6
117
78
73
220
193
107
117
109
55
40
75
141
193
57
111
14
213
132
104
109
14
180
213
75
130
73
140
90
250
248
136
67
111
15
77
30
3
22
190
109
193
158
25
37
171
28
129
3
15
114
166
140
96
110
5
75
117
141
73
193
65
155
122
181
163
180
95
171
160
37
77
142
81
111
111
109
67
30
58
137
10
142
210
191
220
154
146
90
142
174
254
182
171
232
219
218
182
31
140
199
150
3
116
35
93
227
192
25
132
16
107
17
141
179
200
17
70
236
73
109
134
240
113
222
41
123
54
191
122
141
31
199
122
141
227
122
179
104
210
171
113
70
37
115
229
49
26
75
77
35
65
5
187
15
106
171
169
132
142
184
44
171
80
179
114
5
117
58
237
70
37
25
232
141
235
114
241
242
141
35
195
35
210
29
5
30
17
255
241
17
139
116
34
179
79
70
37
253
256
248
64
134
170
171
235
122
52
204
5
142
37
43
87
183
217
93
132
111
79
185
37
127
241
85
182
96
241
30
220
109
211
98
166
90
116
71
128
204
182
237
30
11
98
122
123
81
238
141
159
33
217
244
81
132
30
149
45
41
129
63
80
50
132
71
254
52
110
30
134
224
238
141
87
116
77
180
101
236
200
58
234
171
171
17
200
252
243
220
243
57
142
29
64
193
152
224
6
30
76
233
181
236
35
111
196
106
111
39
91
188
161
161
58
141
227
116
16
166
134
70
120
40
137
188
252
70
201
116
168
171
182
206
167
141
193
86
190
152
13
134
58
98
22
247
193
142
152
109
18
105
242
211
236
96
252
10
250
80
142
171
111
141
175
237
137
137
241
146
64
241
169
46
86
114
224
248
142
81
192
105
237
218
211
254
71
134
47
116
180
24
171
236
69
253
6
30
38
137
79
167
30
152
79
81
64
121
76
142
158
95
134
30
192
180
111
169
26
93
203
141
180
3
101
37
146
29
201
35
132
248
24
163
168
44
89
57
152
230
121
217
141
93
95
171
67
201
38
132
142
116
243
163
230
76
35
168
12
80
253
58
244
111
71
86
58
44
39
91
111
70
154
211
34
8
65
231
137
137
137
38
224
93
248
228
214
155
193
93
96
248
29
77
117
138
180
183
35
80
238
132
76
46
32
156
219
115
212
115
163
22
92
6
198
164
221
70
30
111
180
180
211
244
35
243
139
113
145
63
77
10
146
145
230
57
91
248
35
108
76
230
105
103
192
196
43
28
137
240
80
93
203
39
111
106
122
227
79
43
134
220
11
122
79
104
122
22
228
111
242
170
122
235
156
124
256
241
169
134
18
250
223
254
10
198
136
248
137
134
35
63
76
134
55
220
179
69
115
63
114
210
111
256
134
149
240
79
158
43
240
196
243
4
183
35
83
104
236
60
122
166
139
26
170
139
210
56
241
111
248
32
121
201
158
239
105
158
256
238
134
227
167
166
147
192
171
113
188
196
83
111
220
83
101
190
8
142
206
134
247
101
34
124
96
91
241
213
12
241
169
102
158
8
142
5
238
88
86
91
241
144
142
110
25
233
220
210
10
111
64
170
64
134
30
1
134
19
190
42
240
25
140
54
103
101
240
240
242
76
171
236
158
201
91
88
116
170
26
63
137
12
248
79
247
2
124
117
192
26
57
116
102
79
212
83
207
57
91
248
190
79
10
5
196
134
201
10
101
19
196
64
10
255
144
170
64
137
11
11
199
196
220
238
134
93
96
227
149
54
193
134
166
8
30
10
132
10
116
196
189
24
227
10
187
248
188
38
89
64
136
238
192
29
61
241
25
102
91
154
105
186
256
95
179
33
256
95
78
18
227
111
10
37
134
30
63
101
220
170
137
192
219
30
242
219
38
103
10
111
219
24
101
196
219
38
10
65
236
227
64
112
88
134
116
41
76
229
188
35
33
35
101
124
196
149
79
69
247
38
29
63
149
64
238
240
254
242
248
116
205
170
181
1
108
241
73
220
117
161
10
96
63
38
35
117
196
101
205
147
38
242
230
21
100
42
53
256
199
91
110
16
91
116
39
13
34
161
158
39
236
193
189
115
215
240
240
25
192
101
105
91
146
15
171
34
192
48
121
167
69
186
234
236
216
240
103
181
219
33
169
236
221
79
63
110
139
145
50
168
247
25
87
188
11
79
24
227
230
210
102
247
166
248
228
186
97
43
187
255
219
158
27
138
228
103
256
26
172
188
102
256
39
64
168
139
69
12
247
63
126
91
26
221
192
65
38
134
9
15
101
25
13
146
187
170
44
39
53
102
193
142
149
212
57
219
169
180
105
229
132
238
248
189
138
256
69
243
35
81
176
12
8
243
193
255
64
233
256
229
247
102
247
15
240
35
216
2
165
219
94
69
207
34
213
184
142
237
111
105
39
250
159
9
165
65
139
57
97
169
121
174
216
134
39
38
25
238
169
145
227
31
167
199
221
196
25
58
91
38
69
104
102
199
63
201
213
193
203
229
69
229
6
41
199
256
39
106
86
61
242
169
101
42
247
107
105
63
178
190
108
195
111
255
192
153
121
158
5
69
150
196
61
10
8
169
174
61
255
174
170
238
108
76
193
171
79
169
3
139
11
158
35
73
103
138
238
213
139
3
221
140
201
137
57
248
40
190
192
15
158
10
201
229
238
147
203
172
39
233
201
137
89
101
220
83
26
181
109
5
74
3
193
240
199
112
63
211
174
190
117
189
210
102
86
103
124
8
38
53
96
69
192
207
11
195
138
158
64
63
248
12
35
199
210
38
103
83
79
111
180
100
193
11
226
101
124
67
25
101
19
240
203
26
255
79
101
91
24
149
61
139
35
235
199
63
134
24
86
229
131
26
196
193
148
121
134
25
8
57
64
134
94
11
25
181
24
102
134
224
189
240
43
242
26
153
201
189
158
103
24
117
64
161
233
247
158
237
30
93
139
35
247
134
77
207
43
255
138
211
235
102
196
167
94
212
57
24
86
210
248
88
210
140
248
155
134
172
190
247
179
196
158
67
122
210
108
158
10
101
77
25
216
31
256
24
229
101
101
134
247
236
221
83
101
139
42
158
57
120
207
210
105
42
109
44
12
78
104
142
26
222
158
105
242
158
78
148
158
210
139
64
52
158
134
69
57
21
255
61
216
198
105
179
106
104
210
57
116
139
158
53
158
105
232
218
210
105
216
210
