102
75
249
110
106
252
248
35
80
108
33
73
145
203
175
21
233
164
132
236
229
230
91
102
175
137
170
64
249
149
35
170
238
209
236
116
35
169
78
230
76
67
187
62
222
64
108
8
169
201
201
203
192
130
38
223
170
245
108
145
134
175
220
228
194
182
201
250
111
70
81
61
57
175
32
238
170
201
106
236
112
219
169
181
59
237
240
240
195
11
145
121
50
84
175
111
31
210
90
83
52
190
176
223
203
81
119
196
145
35
211
14
4
76
144
112
195
39
223
8
34
102
34
76
220
35
49
190
36
229
187
196
89
88
65
147
35
5
106
221
35
228
99
11
244
240
178
181
223
240
212
170
34
222
240
21
52
67
34
100
31
186
79
190
167
41
82
13
121
107
238
201
170
113
52
112
108
78
253
132
114
47
201
36
223
187
35
56
100
64
238
42
103
113
144
34
168
236
35
121
145
234
196
229
201
176
229
223
106
195
169
61
130
256
157
106
35
140
115
14
126
64
203
64
96
185
100
210
137
96
55
103
130
134
15
167
33
175
207
83
41
22
214
61
35
5
220
226
18
137
194
46
181
10
110
250
35
228
230
62
184
49
236
76
33
1
169
93
223
164
87
205
175
195
60
204
130
173
228
8
108
10
231
169
106
25
201
108
79
201
138
201
130
35
140
119
22
64
1
79
185
35
170
111
65
211
229
201
134
80
170
113
108
11
132
35
130
103
130
232
26
236
38
161
207
96
201
24
114
102
64
89
216
65
250
76
162
115
95
13
65
60
137
250
14
113
187
159
90
182
34
230
170
86
169
244
24
201
137
42
236
11
114
187
159
61
135
195
235
127
207
169
172
14
1
102
3
229
46
170
101
35
35
19
111
236
1
228
108
220
64
194
111
106
15
64
47
175
157
33
246
190
106
240
35
108
124
115
107
77
121
241
31
36
201
169
195
169
147
222
102
153
238
228
17
35
52
134
64
34
236
236
235
26
111
29
53
127
8
61
196
240
151
34
34
219
130
125
182
93
256
256
93
248
170
29
86
170
196
212
19
172
138
3
79
237
250
91
250
35
233
89
201
65
256
91
48
230
151
151
6
35
45
162
215
64
65
110
45
199
89
24
42
5
201
240
105
65
237
2
91
231
228
5
27
35
236
135
245
219
185
19
196
219
219
65
71
252
86
136
201
214
24
240
10
130
239
169
35
214
186
137
104
131
238
35
240
46
63
60
170
250
161
19
14
157
149
233
248
5
238
256
102
117
210
213
38
19
121
253
10
115
10
35
35
47
109
65
248
96
223
52
240
14
238
108
234
195
103
240
219
56
82
88
146
230
214
230
14
248
34
88
17
187
91
135
252
30
187
240
16
127
59
240
62
135
135
228
169
86
243
52
241
176
223
194
1
108
40
186
153
121
39
187
108
201
193
169
90
248
205
233
119
86
108
35
220
18
127
240
77
47
11
153
49
223
117
167
90
238
48
13
64
237
96
242
240
73
253
61
100
201
79
64
72
142
39
201
153
169
201
67
64
242
86
203
31
12
170
223
34
2
201
171
24
24
240
64
187
240
11
9
137
228
178
44
187
65
10
42
54
10
88
130
201
199
201
3
228
190
13
96
45
229
26
139
248
89
190
130
96
74
229
48
210
111
169
44
228
64
196
250
184
170
83
238
130
150
193
240
239
201
151
178
67
190
61
35
32
14
52
35
89
252
93
214
162
70
103
117
240
135
201
130
201
178
195
256
52
161
187
223
11
256
170
25
25
67
60
223
157
53
228
228
192
140
155
5
104
178
31
137
10
96
228
202
140
195
34
248
169
162
37
106
134
132
121
69
10
252
153
64
77
239
108
52
228
91
84
70
215
195
142
102
236
201
183
28
13
251
135
187
195
94
64
89
201
195
248
240
81
201
79
69
96
238
177
70
223
202
249
202
164
235
159
249
250
31
242
201
223
207
202
201
186
175
201
19
86
223
83
67
10
24
169
223
149
249
35
219
201
187
16
107
35
40
175
130
85
159
140
236
57
86
115
169
256
64
48
238
161
47
195
228
48
96
233
86
136
24
156
161
187
35
157
34
121
10
84
236
142
256
73
44
241
83
249
201
148
44
103
93
91
180
223
14
186
39
232
222
238
202
60
77
163
94
96
44
163
201
100
228
70
237
82
195
240
203
108
34
235
35
169
159
256
195
163
146
157
153
85
155
48
5
201
10
107
250
34
57
69
13
195
13
42
61
86
99
187
13
35
56
34
64
252
35
202
201
199
213
48
238
170
26
69
111
196
36
77
201
187
94
90
213
14
159
201
140
240
86
179
53
160
158
57
13
45
89
35
110
45
115
190
235
157
161
221
85
47
85
242
157
52
60
90
100
133
178
196
239
135
81
82
18
86
250
96
38
10
62
39
34
256
242
195
35
10
78
108
169
39
26
13
202
14
184
157
229
249
11
102
50
237
67
201
172
133
43
61
108
172
11
230
236
69
156
10
191
18
45
93
169
189
256
166
187
169
120
14
187
142
238
135
218
56
238
14
201
169
109
64
148
63
53
12
5
201
26
184
160
170
169
199
38
115
203
159
85
236
24
248
238
3
236
242
106
232
135
230
130
99
201
159
240
151
248
195
100
115
115
146
35
10
249
14
117
170
52
48
236
170
218
13
88
157
45
204
256
153
74
201
219
238
249
9
190
64
83
13
147
105
249
16
215
34
187
130
100
34
111
69
102
228
201
213
203
12
59
117
249
35
186
247
202
155
224
88
69
232
218
175
1
14
169
60
5
189
240
90
10
89
169
157
34
157
96
256
115
242
228
34
31
67
238
96
35
36
61
238
83
10
216
25
223
91
195
178
159
174
67
219
107
195
10
65
159
9
256
115
190
207
169
17
170
103
16
235
201
135
85
163
252
108
73
237
221
115
86
31
48
70
187
199
249
10
196
207
186
13
195
12
24
175
103
32
14
201
18
186
83
182
203
43
35
215
184
1
223
184
48
219
240
111
249
14
69
79
22
240
95
90
72
180
201
5
32
34
110
190
169
169
39
73
110
77
10
175
10
249
79
169
247
79
96
107
161
202
89
221
210
196
85
1
145
242
93
195
161
170
10
253
201
74
201
157
104
14
39
64
236
45
25
196
48
19
5
35
196
248
54
5
91
104
11
9
189
256
64
189
69
145
81
34
189
45
145
135
156
219
178
10
39
64
221
14
238
70
210
9
180
148
201
195
196
111
16
170
201
242
42
73
137
64
212
219
96
26
230
213
142
135
39
247
22
201
14
70
223
52
90
228
153
69
148
138
73
238
221
15
111
96
196
44
12
69
195
172
65
86
210
34
72
46
107
155
45
69
178
18
93
53
151
199
176
187
103
13
240
238
230
233
46
196
117
201
77
102
193
240
35
9
34
138
96
25
157
201
22
169
187
219
187
170
108
170
167
72
11
193
238
38
230
187
198
34
223
169
115
42
34
179
204
159
3
229
169
144
102
112
96
11
104
65
73
102
83
189
61
14
93
142
205
69
37
195
159
10
18
169
64
155
201
157
21
61
154
169
186
45
56
201
44
190
24
6
135
167
9
10
228
223
104
236
13
115
216
202
104
85
240
61
10
16
104
2
131
103
82
229
178
61
196
45
157
234
230
170
34
161
176
244
157
16
212
133
45
61
86
112
11
169
103
11
64
102
157
45
69
154
61
187
196
240
176
161
117
53
44
11
153
116
55
193
240
233
154
201
121
10
161
111
242
29
15
208
203
213
31
22
10
249
43
124
204
203
203
186
223
189
41
61
186
229
219
111
83
161
242
102
213
25
253
201
237
10
247
195
81
161
145
249
230
69
35
64
189
229
35
249
201
24
175
61
228
169
241
69
139
18
111
157
14
21
214
228
102
49
35
35
61
230
91
61
35
199
53
82
149
236
216
9
169
221
190
189
107
247
38
159
178
236
210
45
170
144
96
213
69
195
186
130
237
47
81
157
214
79
178
199
198
61
196
255
201
174
86
216
79
88
23
192
79
65
107
25
221
221
220
247
215
247
61
255
82
193
240
155
79
255
198
35
196
255
79
216
34
201
219
161
202
157
223
199
184
157
115
10
69
157
131
131
196
216
211
131
26
216
104
44
204
256
48
14
69
14
169
155
157
202
11
14
247
189
79
82
14
108
108
48
61
76
79
229
61
79
111
222
255
255
192
61
192
69
215
81
243
79
31
228
219
216
157
111
137
45
70
216
79
247
69
146
69
247
256
176
201
255
228
250
166
3
108
82
223
53
255
196
14
255
111
69
164
192
10
111
10
255
255
76
34
238
14
155
117
137
201
175
111
220
114
110
26
9
157
172
25
96
101
52
139
163
170
111
219
237
201
219
252
163
69
201
186
186
137
8
137
35
10
255
70
13
70
252
196
111
57
104
201
229
96
42
70
64
53
175
238
237
102
31
73
221
189
255
