131
131
52
115
52
168
168
56
145
132
131
45
115
252
97
59
222
136
39
39
77
64
64
45
39
252
230
39
220
103
220
236
250
108
236
26
220
251
103
251
162
26
183
183
222
131
236
39
214
103
236
58
64
238
162
25
139
153
139
114
237
26
251
164
102
164
56
183
168
250
220
79
103
102
9
220
112
228
168
139
63
164
59
26
235
131
131
131
168
237
56
114
190
26
114
85
168
58
248
251
237
235
17
139
220
25
139
79
26
225
171
220
63
102
76
28
186
46
159
8
39
37
26
63
94
110
89
94
159
85
131
63
105
11
148
8
26
199
63
123
97
94
59
28
159
96
180
131
168
18
64
248
63
77
181
62
235
143
63
63
45
112
136
57
132
95
44
94
8
218
121
63
222
105
89
63
165
168
174
168
63
1
237
28
129
62
4
148
99
181
145
165
28
116
28
42
141
63
53
106
220
63
181
182
4
197
58
210
216
237
37
148
131
182
132
106
150
1
171
44
62
99
197
148
222
12
115
105
141
193
94
145
139
3
216
114
138
15
243
197
211
171
138
94
247
213
214
190
62
48
114
33
178
216
168
89
55
204
94
129
12
182
112
250
247
94
181
106
52
171
148
1
214
154
148
193
105
193
139
62
171
9
232
89
251
52
94
168
154
17
106
97
9
17
168
148
174
149
141
76
193
48
59
110
222
59
204
197
249
28
9
204
247
157
250
174
154
235
99
242
174
48
48
232
163
148
181
52
204
174
154
106
122
247
145
15
139
235
99
139
98
12
99
89
8
154
35
247
115
247
235
48
138
174
168
159
115
48
216
137
23
149
172
26
23
243
102
27
247
99
148
36
149
114
164
133
111
99
35
72
111
72
181
235
72
247
149
112
148
178
122
69
247
227
69
243
182
133
35
181
120
148
23
218
48
27
218
99
91
23
216
223
182
216
16
49
23
227
94
199
82
45
203
23
256
169
83
56
88
247
251
232
122
138
23
186
45
182
63
243
228
19
58
154
133
148
99
172
94
216
30
149
88
46
56
49
79
169
155
45
235
133
215
39
133
120
63
115
157
207
215
