31
59
33
239
203
90
166
239
166
177
90
97
203
90
203
7
59
113
177
80
121
103
90
88
65
29
1
177
177
177
95
75
59
250
108
150
87
239
183
164
97
150
75
8
113
177
4
80
177
122
129
183
14
194
87
154
37
209
164
87
205
235
205
166
33
253
122
208
7
87
80
135
253
194
146
49
208
146
72
95
177
205
239
208
49
88
113
222
150
146
97
144
36
7
239
29
239
205
164
88
3
87
97
253
135
177
75
180
180
113
226
75
229
226
162
147
88
180
208
75
75
97
205
65
65
180
184
97
194
63
208
240
168
75
180
17
130
183
105
63
206
205
60
50
130
101
58
95
128
87
146
184
65
203
191
208
75
191
130
113
199
183
205
7
40
191
95
191
248
75
205
105
143
150
138
14
87
168
60
164
29
7
226
206
100
80
194
209
96
244
183
8
37
65
75
103
195
191
177
158
15
100
7
17
7
144
9
211
15
36
103
60
167
233
15
97
145
75
15
90
28
210
229
109
210
59
33
28
233
177
178
100
17
40
93
100
217
65
8
217
209
211
220
176
63
210
211
217
7
28
28
226
37
176
248
248
191
92
65
184
164
28
212
222
95
243
90
93
93
208
227
181
167
28
226
118
243
184
54
212
182
116
96
211
220
101
229
102
60
164
220
220
101
180
95
176
208
168
63
38
95
175
118
147
92
176
248
102
168
167
245
132
251
176
216
33
208
28
135
210
11
248
220
179
65
247
15
176
109
243
229
226
220
176
206
116
38
101
162
132
176
116
116
179
222
144
165
90
235
74
57
29
73
233
54
37
37
248
136
243
184
233
79
226
109
220
167
147
235
176
132
73
55
179
168
95
38
131
190
31
40
79
147
176
75
25
176
167
199
168
255
168
65
136
168
32
132
77
176
136
199
131
55
175
59
211
233
136
227
181
28
63
131
103
183
114
176
176
16
132
60
131
79
75
167
77
220
80
230
38
181
181
248
77
211
116
206
8
180
97
74
255
16
178
144
180
168
182
236
154
181
38
165
6
252
38
37
168
224
132
168
76
75
121
207
136
38
101
77
237
118
182
75
75
135
69
141
116
8
95
71
233
179
142
211
146
38
210
166
139
187
75
9
210
250
101
226
77
31
38
210
95
164
15
101
227
210
210
109
168
183
150
198
171
222
211
210
101
98
131
209
34
116
116
85
191
167
209
74
210
222
167
95
131
74
4
1
17
55
236
14
77
38
191
136
95
150
190
179
79
215
231
39
21
77
235
226
220
116
74
101
118
58
111
116
125
182
25
256
210
77
82
176
101
34
199
8
256
58
80
174
210
208
231
156
85
116
150
121
21
116
125
66
168
15
220
168
175
65
231
236
146
176
233
58
176
159
219
17
167
233
150
168
21
4
38
205
80
184
233
210
16
131
255
233
110
37
37
234
31
116
5
116
38
116
15
168
250
25
125
142
227
44
168
54
65
168
180
74
158
103
158
38
37
231
114
168
19
218
164
54
195
46
182
168
63
250
249
233
233
175
77
61
147
167
111
179
230
40
87
79
220
159
110
43
167
125
53
195
210
249
79
147
226
75
88
222
112
168
124
229
10
103
168
189
85
15
116
147
250
104
77
229
203
70
136
131
53
58
80
210
86
210
183
35
7
66
187
65
28
159
116
212
63
35
168
124
26
175
233
171
38
181
15
187
251
136
132
131
239
141
183
210
220
183
116
220
195
167
53
31
64
132
27
53
22
40
5
250
150
34
93
241
220
116
70
173
113
67
176
70
214
173
39
14
188
118
192
168
192
7
195
6
223
172
248
220
85
14
44
110
186
236
106
113
172
231
85
77
42
207
161
131
181
250
178
171
78
70
115
43
79
111
189
187
187
60
58
10
140
21
226
228
181
114
124
54
51
233
101
168
196
158
15
38
220
233
171
101
42
125
187
123
178
124
140
81
220
11
11
84
236
220
90
53
43
22
196
140
173
78
187
35
233
255
233
210
78
137
116
154
176
94
70
216
249
145
75
173
188
165
243
187
52
187
210
176
10
181
86
78
235
116
64
65
4
39
171
70
99
250
236
153
223
84
124
137
171
124
190
236
10
193
198
191
28
12
51
109
210
57
66
193
136
168
196
175
222
60
4
142
127
104
79
153
153
173
77
53
66
129
78
193
121
183
58
110
90
207
53
12
137
72
191
132
86
84
77
141
77
145
145
95
110
72
98
145
62
187
101
223
51
217
176
248
106
236
132
130
53
118
191
238
230
170
84
236
236
49
127
110
127
4
224
187
10
127
141
205
79
78
95
171
13
183
45
199
236
72
95
238
216
255
230
70
149
201
78
229
191
191
196
85
12
210
95
76
66
42
39
221
211
217
3
109
64
121
131
228
227
159
240
95
108
132
70
158
196
219
112
112
54
159
228
53
253
43
132
230
43
139
154
199
109
159
132
124
216
71
77
11
13
132
163
163
124
193
180
14
124
25
196
8
184
185
151
215
251
97
9
77
209
212
212
249
32
193
154
163
8
201
151
255
15
38
139
210
138
135
242
43
211
200
14
127
109
232
200
212
102
8
216
125
133
84
109
53
255
233
69
124
175
99
191
221
106
29
124
37
227
226
141
21
101
167
200
104
230
233
200
255
109
193
53
111
35
193
88
91
150
10
251
216
178
204
238
214
89
194
99
102
193
152
255
55
219
233
117
186
231
214
210
139
25
104
40
141
216
244
141
182
230
218
69
140
53
77
235
139
242
116
75
116
4
152
200
53
226
218
14
63
210
53
139
141
227
227
227
42
139
193
139
69
133
156
85
155
20
57
79
193
218
247
53
157
139
213
139
139
