166
220
154
145
14
14
154
183
16
16
222
127
222
3
183
222
54
199
177
240
3
3
165
177
106
145
165
126
54
3
145
126
175
106
255
6
132
145
175
90
177
127
212
6
177
126
38
154
183
54
211
183
229
248
38
183
183
5
184
42
79
54
42
235
212
127
132
14
127
222
16
38
16
79
220
145
50
187
42
105
154
118
90
3
222
42
38
16
235
220
212
163
214
220
75
216
3
192
14
147
127
192
192
58
127
127
220
251
111
3
35
105
181
168
16
58
96
83
76
212
105
117
14
96
79
226
147
248
150
205
127
14
137
250
30
105
54
235
145
58
38
222
222
79
3
30
250
181
250
28
205
54
206
116
245
66
174
147
105
94
176
127
94
90
175
13
54
245
53
222
40
217
175
1
54
9
58
167
89
220
54
92
94
3
92
250
85
244
216
94
92
132
127
111
1
3
17
112
216
188
3
150
175
226
91
3
172
149
116
250
94
79
6
112
105
175
177
40
58
92
211
116
66
217
14
30
127
147
245
195
105
176
229
216
13
147
5
127
220
250
89
217
184
212
248
91
185
245
112
211
178
192
238
40
96
55
195
128
206
253
114
216
220
117
207
1
220
217
226
6
220
5
154
90
1
192
40
28
102
128
226
40
163
123
5
81
177
38
28
87
250
6
5
87
222
118
182
76
28
237
30
105
3
187
58
43
104
104
226
87
67
14
105
168
123
212
126
245
5
128
140
58
164
217
87
211
15
108
66
174
64
137
245
212
92
111
141
92
222
217
164
28
55
201
1
217
46
140
174
179
118
252
57
229
97
58
70
132
74
143
129
181
137
171
14
254
69
222
38
156
17
255
164
66
118
147
14
69
89
94
219
122
252
131
100
58
171
171
245
197
106
68
168
142
171
222
222
14
255
180
9
131
66
116
62
131
128
5
131
104
93
53
131
147
177
145
202
24
167
5
163
131
46
39
48
199
131
116
82
188
6
46
207
142
131
156
182
85
122
89
227
46
111
43
212
116
62
46
159
235
79
132
122
101
124
131
116
43
43
9
56
43
17
12
241
14
14
150
159
131
180
14
82
5
216
103
206
11
94
72
104
250
163
147
24
55
213
246
207
91
85
117
14
216
90
122
60
175
148
46
131
215
21
247
154
131
212
66
192
233
114
118
187
94
222
99
207
224
85
82
164
131
181
200
124
85
17
91
249
214
132
118
94
115
224
207
115
116
218
148
118
37
68
116
56
175
91
221
120
129
132
205
122
44
99
175
2
214
207
175
74
39
246
106
175
58
129
153
10
122
131
230
46
154
16
39
192
72
124
149
117
24
56
159
141
24
248
153
218
132
218
247
122
29
131
218
192
10
53
252
197
249
232
11
145
122
132
122
56
11
243
173
233
115
72
156
216
39
131
132
74
53
218
133
156
26
60
53
46
85
145
83
247
99
178
85
17
247
202
220
37
250
13
86
48
122
132
131
194
109
46
167
248
218
114
3
206
197
115
63
232
115
13
195
156
202
197
235
216
220
142
37
105
196
11
192
109
120
142
69
218
172
12
176
39
159
215
241
124
232
189
148
148
141
224
44
147
224
14
77
210
189
218
133
35
30
70
154
220
122
227
99
240
192
117
205
133
189
192
46
192
94
99
106
124
110
83
64
48
99
77
228
245
200
161
133
207
218
124
207
112
142
114
179
85
26
228
167
120
142
155
90
197
137
53
213
86
230
161
5
161
106
132
250
56
44
140
56
106
219
24
131
104
181
255
13
87
149
163
189
174
178
156
156
214
131
197
24
64
76
148
189
82
77
212
212
133
91
176
248
79
15
133
240
197
157
60
226
207
153
198
53
12
244
105
9
202
84
104
133
153
48
12
220
161
39
241
111
131
179
175
157
57
248
111
110
9
210
67
84
81
26
131
189
149
113
81
148
174
189
159
37
111
124
154
99
132
115
178
210
174
137
113
64
171
42
17
206
192
124
189
99
133
72
207
38
108
26
77
86
85
121
114
120
38
117
12
235
26
131
161
60
99
12
61
45
47
5
149
109
133
214
212
37
56
174
124
249
100
46
148
108
42
48
78
83
133
237
54
249
154
132
114
14
42
189
77
10
204
234
108
133
43
33
218
13
77
96
218
197
124
131
49
10
212
37
124
110
189
232
133
122
216
178
181
230
70
149
26
46
131
228
153
122
131
148
115
163
178
210
196
229
215
156
202
42
243
197
153
178
108
159
42
131
133
109
131
99
213
45
60
58
229
26
114
137
131
121
56
202
56
110
110
202
115
233
142
241
238
120
247
228
233
117
237
161
94
206
57
171
45
228
37
247
15
131
215
124
224
196
56
12
230
247
221
200
148
218
39
249
101
228
116
57
196
75
120
114
176
233
228
133
131
101
227
167
224
79
249
141
16
56
28
131
111
79
115
32
82
141
189
207
70
178
117
229
189
111
142
46
240
198
131
11
8
192
86
114
115
167
40
230
238
200
192
178
133
10
46
156
34
230
42
145
85
57
77
156
155
16
9
203
224
232
244
238
159
215
133
124
79
110
122
216
53
114
133
247
232
201
136
77
255
228
229
212
229
48
45
27
148
72
131
246
72
85
77
30
216
207
193
228
122
193
63
111
156
119
241
35
25
104
180
154
56
43
86
131
94
113
145
120
163
255
235
192
193
91
221
201
131
120
145
56
49
148
175
253
216
53
83
191
111
214
122
201
42
10
124
193
99
124
142
193
168
24
72
37
254
207
11
81
48
15
241
171
111
179
46
133
167
48
130
169
102
229
131
124
163
196
85
215
124
228
82
131
202
201
115
120
193
134
26
42
58
171
24
48
34
227
72
75
53
196
68
77
124
149
131
124
192
155
232
122
167
171
96
111
124
120
122
230
46
241
158
214
133
242
48
256
52
133
196
171
189
211
154
148
196
86
116
61
179
213
65
207
155
42
122
26
16
198
142
116
142
233
10
