127
123
110
156
105
12
175
175
175
106
5
5
175
34
34
5
175
175
175
34
3
156
236
175
238
41
71
156
62
156
175
34
74
41
126
126
41
242
155
74
51
51
242
156
34
242
71
34
175
126
34
140
175
126
74
41
102
112
41
126
175
119
5
51
123
5
34
242
12
242
175
242
112
34
74
112
34
156
34
248
126
175
175
34
175
15
34
111
242
34
74
112
242
242
34
34
71
126
71
156
242
112
239
126
34
34
41
153
155
156
175
201
204
123
225
175
34
242
34
201
151
242
34
173
175
242
175
41
204
201
201
175
175
71
126
112
126
81
102
112
34
242
156
201
155
242
98
204
175
175
156
98
98
106
204
242
64
175
34
98
175
239
175
201
204
175
98
98
175
242
3
98
111
201
201
201
242
201
197
155
201
175
98
98
242
201
175
34
156
112
98
242
201
126
155
71
201
188
204
112
71
204
98
106
201
196
175
160
156
201
175
98
112
71
23
5
41
201
34
98
98
155
112
47
126
98
112
201
143
155
81
175
98
98
149
201
175
34
74
71
156
155
196
201
151
112
201
155
23
201
175
98
201
201
98
201
81
102
239
140
98
143
98
155
155
98
81
98
188
155
76
3
201
50
242
201
197
153
62
90
81
41
196
81
5
204
98
175
175
151
195
188
196
175
250
98
34
160
156
201
250
81
175
98
201
81
41
170
41
201
62
239
23
134
76
156
201
239
201
113
50
175
157
98
81
201
200
201
201
112
71
89
47
204
112
89
195
34
41
256
201
242
177
34
201
160
81
204
196
96
3
81
153
112
170
41
201
201
98
45
35
175
35
35
190
47
188
210
249
61
170
156
35
81
89
47
98
81
35
41
23
201
50
201
242
47
151
81
76
81
35
23
201
201
35
64
23
119
155
225
239
170
113
155
110
200
172
201
90
81
114
81
98
201
89
74
201
16
63
35
98
90
229
12
225
81
156
127
170
201
89
127
253
6
169
170
201
46
249
170
112
81
169
89
90
156
23
93
35
98
34
142
15
121
152
201
188
229
201
163
89
16
81
35
65
201
172
121
35
103
89
254
115
81
201
170
110
16
242
170
163
62
170
35
143
171
156
81
113
81
89
81
201
56
34
175
3
63
175
35
81
82
23
24
188
98
35
201
240
113
16
27
22
201
110
35
156
81
121
2
194
170
208
208
224
35
200
6
208
152
91
35
45
73
6
175
251
20
35
200
208
125
157
81
113
15
106
208
97
106
35
128
175
175
152
148
89
142
119
10
169
89
82
119
157
15
24
229
26
12
203
56
133
175
98
169
15
35
200
88
119
152
50
8
15
119
110
74
117
228
119
158
158
224
15
249
193
26
200
133
153
27
144
125
215
65
127
203
90
110
110
240
105
3
15
229
18
16
23
24
111
236
148
254
191
117
175
235
32
251
50
82
56
172
63
106
35
15
50
249
45
201
153
23
175
56
229
155
12
140
189
13
158
155
178
128
117
51
229
50
23
235
35
76
128
224
50
215
249
219
155
110
145
175
12
224
152
62
213
175
3
245
41
142
2
125
235
252
158
12
204
22
159
128
153
153
158
204
148
23
160
242
37
12
74
23
8
37
156
35
72
50
50
113
23
159
235
215
27
204
85
204
50
163
151
225
242
133
158
208
204
148
252
140
23
160
204
151
151
119
242
150
112
217
71
204
71
17
98
225
253
163
153
208
150
71
204
194
148
113
74
62
82
162
225
72
71
133
155
163
145
113
151
253
155
41
253
160
1
71
204
146
204
71
7
240
208
150
204
23
98
151
89
113
148
153
145
204
152
163
113
201
145
27
111
151
151
151
144
41
146
1
26
205
36
240
153
81
241
155
240
242
204
113
71
200
225
140
151
71
168
13
27
170
145
71
249
112
82
160
113
1
103
151
82
214
150
200
151
113
35
112
146
247
112
113
113
98
144
89
112
41
153
142
35
242
232
206
214
201
31
16
10
201
153
36
214
71
89
146
155
140
196
81
113
98
105
171
160
193
206
14
175
113
121
35
112
71
71
170
36
197
242
88
172
111
113
242
168
152
133
35
35
31
242
88
101
35
156
153
152
163
163
242
4
88
