29
128
55
31
174
50
86
209
55
115
209
50
84
146
86
242
50
209
209
77
50
55
242
214
77
50
174
215
50
228
84
107
144
50
256
77
215
62
174
160
174
160
96
106
86
77
16
165
230
62
160
249
56
145
126
146
143
176
127
107
84
123
98
189
126
27
160
203
73
249
202
84
230
162
111
110
145
230
12
215
98
115
52
204
141
31
189
52
228
45
143
143
106
84
53
190
115
204
110
204
22
127
84
220
134
84
106
13
176
91
126
249
198
240
42
82
127
177
210
110
177
106
123
162
6
75
183
87
193
157
248
153
157
190
249
31
73
56
48
215
73
56
183
215
162
50
228
165
183
76
34
148
41
102
12
45
214
16
239
169
89
214
148
148
117
215
29
176
83
116
215
22
165
186
256
13
62
69
38
242
12
204
56
204
177
174
46
84
67
149
22
242
62
213
161
84
163
77
25
174
117
212
74
128
148
18
42
73
239
35
220
84
116
242
20
151
178
160
98
239
94
20
242
204
32
82
242
27
230
219
74
214
239
18
107
239
22
215
68
239
239
239
112
239
151
41
25
12
8
95
15
106
215
145
123
147
244
242
18
170
12
88
239
253
77
61
239
32
140
56
82
34
86
244
197
69
91
225
225
27
175
151
153
175
140
193
56
37
244
84
212
184
130
177
253
176
45
119
32
197
225
58
32
33
250
10
175
85
125
197
90
197
32
16
20
8
177
32
251
157
251
64
31
148
225
39
127
162
16
256
88
225
84
148
18
18
242
57
176
204
248
209
23
239
115
225
160
212
144
215
32
34
18
84
23
119
82
89
244
151
225
18
115
204
12
67
125
89
82
153
73
133
189
143
240
175
189
204
239
89
98
184
16
84
18
111
143
219
18
239
149
157
32
249
74
189
142
249
204
140
106
16
89
229
191
153
202
22
177
251
113
113
239
48
140
27
219
58
143
20
45
203
202
225
74
11
148
153
110
163
54
162
193
197
12
165
7
145
220
228
25
176
251
16
130
21
240
189
32
160
197
137
123
160
12
76
253
251
72
220
127
225
115
170
26
108
215
239
256
172
170
18
239
204
239
240
125
204
153
7
143
219
215
78
253
85
191
84
203
175
126
239
127
34
96
162
18
56
125
12
197
63
73
7
50
27
251
239
160
78
131
239
74
98
239
155
153
193
12
230
32
83
176
189
178
78
214
73
215
105
20
124
21
61
197
145
105
221
63
170
126
148
250
76
103
214
214
153
189
8
84
14
197
242
240
13
162
81
55
157
13
157
219
197
47
239
149
36
27
12
86
230
161
153
250
22
197
71
86
10
208
18
19
173
82
25
208
160
190
12
72
115
5
203
156
127
162
251
22
64
99
242
33
135
82
32
239
178
53
12
133
251
197
120
51
228
5
125
16
131
225
148
23
135
34
98
71
84
27
63
128
71
65
191
108
149
120
251
16
192
56
99
204
178
50
8
244
83
50
96
111
212
142
190
84
207
238
146
4
149
240
204
52
160
18
156
225
86
173
148
214
99
197
148
119
249
169
9
116
229
53
102
36
242
219
42
50
197
167
32
123
106
146
189
197
51
192
197
85
18
242
199
120
104
151
99
239
83
12
99
160
16
85
99
197
251
196
121
175
125
50
200
204
148
151
157
195
161
163
228
175
242
76
201
228
213
226
119
239
96
43
14
45
189
209
221
145
99
34
5
189
237
56
170
18
175
18
19
148
41
231
214
125
77
242
244
64
229
12
239
242
71
8
239
86
153
253
218
221
116
197
225
63
4
231
242
92
12
83
151
230
64
85
41
12
228
32
25
189
64
56
106
125
184
19
99
253
27
232
235
13
30
219
66
133
74
86
246
76
31
19
74
239
20
34
151
159
82
9
159
69
160
20
107
97
225
178
15
64
251
221
53
219
225
249
163
145
227
199
16
213
175
238
12
32
116
204
89
63
158
199
153
23
240
157
120
103
20
184
184
140
4
91
27
7
146
48
149
256
228
161
42
125
57
27
12
174
221
238
241
240
232
44
72
72
253
69
110
207
157
240
50
15
23
23
237
56
161
161
236
214
193
20
148
163
112
153
23
49
104
237
25
189
94
125
26
166
155
184
168
116
161
24
121
25
235
157
121
12
184
159
8
161
115
121
145
77
199
251
45
186
242
27
77
119
148
189
246
253
251
12
247
166
199
16
94
86
239
157
20
16
7
213
171
12
49
225
199
74
16
161
82
96
26
199
214
225
72
94
148
163
157
125
201
127
8
251
139
81
34
45
242
104
161
148
124
82
83
168
212
72
72
12
48
52
124
83
242
99
148
148
23
170
168
148
83
63
163
244
94
86
149
57
197
148
216
48
25
56
120
228
174
235
12
115
242
235
159
190
104
192
159
73
159
23
218
238
82
20
161
39
173
18
148
197
189
25
148
23
184
232
149
48
144
99
39
189
25
251
44
82
133
247
53
12
219
235
120
176
111
39
89
159
12
79
219
147
63
85
23
197
178
197
45
39
100
23
219
23
48
214
133
86
147
189
9
20
192
85
44
83
120
199
85
218
23
82
48
221
20
85
23
215
159
45
148
155
85
29
87
63
237
148
125
44
133
148
85
163
45
148
120
52
133
98
12
230
23
23
189
125
25
56
157
227
133
23
25
115
64
23
219
29
110
56
213
92
56
82
139
115
48
48
125
133
56
72
148
159
117
72
86
61
23
11
158
148
213
23
76
71
23
210
148
213
23
163
45
133
86
32
85
133
23
23
48
82
82
155
133
48
163
232
23
82
148
161
237
201
157
202
45
133
48
148
148
45
82
159
232
45
72
