160
127
128
172
36
94
143
51
98
143
62
36
62
51
51
94
129
143
94
51
21
250
172
204
66
129
51
172
165
165
17
165
41
97
165
205
51
243
29
113
205
204
98
199
62
151
66
123
129
29
123
102
123
66
164
123
41
113
115
123
208
12
123
71
123
102
51
129
203
12
97
84
95
51
17
211
221
105
256
146
178
66
178
220
216
98
149
162
143
105
47
29
178
123
62
123
162
220
67
127
220
98
235
209
151
195
220
92
212
84
46
203
165
75
84
174
250
74
4
250
85
11
84
11
54
162
209
83
160
67
51
176
220
181
51
244
153
109
83
253
11
256
174
54
90
236
17
31
79
129
140
194
120
219
34
160
183
162
164
17
225
113
67
14
131
97
72
109
222
183
131
147
10
7
140
245
165
165
165
113
242
174
18
14
63
13
13
250
51
194
172
90
246
46
253
113
74
170
17
156
225
174
109
199
184
165
140
240
165
140
202
97
250
140
138
72
81
74
102
209
212
127
71
60
138
145
126
184
8
175
122
79
18
109
91
180
246
19
29
181
235
177
206
212
98
95
116
17
85
166
235
244
5
14
252
84
63
230
207
206
206
55
151
140
29
136
126
153
85
16
116
3
232
192
242
177
51
129
3
129
14
25
256
96
181
172
186
243
74
244
114
236
27
184
29
235
129
166
153
67
5
190
82
235
154
126
120
172
135
95
74
231
38
141
132
94
129
151
3
61
83
136
140
51
74
184
76
171
95
249
256
239
120
123
216
14
81
42
198
40
177
123
97
35
51
4
92
98
253
230
123
181
27
249
17
172
246
206
135
14
219
203
241
185
168
230
204
71
86
150
246
175
196
216
84
123
153
178
176
245
99
154
29
81
75
208
33
236
184
118
54
92
4
235
25
4
78
239
220
101
123
256
241
252
81
252
188
160
55
188
93
29
114
61
42
27
95
244
235
4
10
4
184
184
182
151
225
76
91
58
150
95
180
123
81
132
109
137
97
192
213
34
192
207
63
156
4
122
244
213
185
81
213
122
101
188
101
225
193
4
131
92
94
160
92
95
63
51
176
215
217
104
101
225
146
160
72
199
94
180
81
249
55
252
5
174
246
34
245
236
138
146
199
212
236
101
184
114
120
253
214
254
92
118
213
18
83
104
209
225
249
172
95
137
16
151
173
254
4
154
226
86
96
212
34
95
108
96
135
103
196
115
252
90
108
54
173
251
51
63
125
42
69
108
81
199
137
137
44
64
165
74
44
137
17
15
198
249
17
249
55
53
235
163
84
15
199
109
188
70
243
206
17
4
116
59
146
76
160
174
175
168
131
147
122
130
62
160
109
174
184
55
109
90
104
104
34
10
7
51
44
153
44
196
184
201
63
9
188
116
154
199
216
89
136
226
239
115
108
18
96
116
10
115
137
225
63
55
140
226
62
200
118
115
174
135
89
63
95
253
43
89
34
147
242
112
25
216
247
77
244
46
88
101
91
245
76
147
101
209
55
150
31
71
101
249
122
126
44
83
180
182
10
79
10
137
101
160
251
160
157
44
64
97
214
145
242
44
55
178
217
53
117
252
13
140
229
55
251
109
253
101
31
51
143
83
103
25
63
13
244
116
29
121
253
101
77
96
25
226
214
55
143
118
94
229
44
77
138
29
97
129
47
199
63
207
27
122
211
27
173
144
18
15
106
10
46
39
233
222
13
55
101
96
220
73
137
34
52
97
212
97
181
208
228
50
9
182
101
39
122
149
63
256
94
141
235
128
65
216
116
55
55
249
137
116
88
86
77
108
231
175
103
235
27
116
115
150
85
29
231
73
70
91
1
101
170
140
242
137
55
66
110
116
135
38
196
106
242
101
249
62
82
95
11
44
70
250
50
13
1
135
101
65
52
187
252
39
57
43
84
110
253
128
54
70
158
125
244
101
250
55
83
63
55
90
185
201
214
77
207
237
251
27
4
16
151
230
105
215
165
107
73
192
190
118
67
187
39
115
25
27
112
12
70
163
138
138
105
53
70
49
165
42
39
151
71
207
238
16
82
176
160
122
85
70
182
110
158
161
160
42
216
90
165
29
102
137
110
238
132
122
122
140
120
175
241
34
116
67
70
97
77
75
88
73
70
65
185
54
73
97
10
214
27
10
95
144
206
98
160
165
76
12
36
85
249
11
137
256
126
217
32
241
141
191
65
10
85
102
101
128
176
82
160
73
95
70
126
13
120
126
203
126
116
151
120
78
249
151
192
120
120
101
32
115
158
228
193
157
65
219
44
25
4
174
193
91
11
120
222
230
170
124
64
228
44
193
101
9
115
115
116
243
210
224
71
35
168
193
70
42
244
62
44
81
4
53
186
77
4
32
190
133
116
161
50
241
141
66
112
253
217
9
207
38
122
247
234
141
51
12
170
1
188
236
116
48
110
83
194
228
252
157
256
101
116
39
215
217
88
75
81
224
174
53
120
239
158
116
168
176
77
38
37
190
110
247
137
53
228
73
44
71
46
139
170
161
254
161
36
134
187
109
102
181
141
16
256
113
112
219
215
53
44
108
77
155
224
152
53
43
38
207
210
245
113
252
252
8
163
100
206
77
79
224
60
169
158
38
53
249
91
37
103
178
248
254
102
47
154
47
242
158
195
161
145
187
53
187
247
187
186
245
212
110
20
103
193
24
78
187
31
77
49
154
176
10
200
256
124
133
158
112
101
246
91
133
53
85
114
191
72
163
20
109
42
211
173
