75
75
75
84
84
75
84
55
105
55
211
105
55
236
55
55
17
220
101
162
28
91
186
167
162
112
161
184
161
32
174
136
111
26
150
172
42
249
235
17
32
167
150
76
35
55
32
55
186
176
238
55
26
238
32
150
150
174
161
27
26
240
174
240
184
184
104
85
174
174
26
122
55
256
150
90
162
168
138
122
129
220
243
123
129
123
115
90
243
150
184
26
29
129
123
236
236
174
98
81
129
123
115
115
26
139
123
44
115
128
184
134
240
256
57
150
12
25
115
123
184
55
95
123
15
216
44
122
161
155
153
139
66
11
237
26
180
123
153
90
220
26
115
128
221
14
115
256
123
38
237
120
177
84
128
172
212
252
93
9
177
66
90
14
123
178
210
220
95
84
126
120
120
138
28
139
177
212
28
113
115
250
199
105
174
172
26
165
113
212
71
14
255
252
83
28
205
177
192
178
199
29
174
53
244
98
97
97
243
134
205
147
172
165
28
97
154
245
154
220
235
11
205
172
9
151
66
8
114
97
51
243
94
114
172
177
112
220
222
205
8
83
199
14
28
212
147
160
127
29
91
97
97
138
66
127
85
114
62
222
66
97
250
59
250
212
154
172
14
123
212
110
181
46
67
97
172
253
181
66
176
147
131
94
11
253
90
235
251
131
97
120
178
244
212
76
138
8
123
131
251
250
250
138
127
53
160
118
181
253
53
235
5
220
136
97
123
76
55
47
110
250
243
212
249
251
217
179
55
217
10
44
9
251
120
181
129
66
104
211
253
124
18
127
136
97
18
51
92
141
17
243
227
53
47
127
46
128
126
9
217
222
226
109
67
164
210
132
202
205
212
137
198
178
244
212
148
141
247
243
129
92
67
217
172
129
225
150
118
219
51
132
123
254
44
209
212
101
200
129
54
243
243
137
50
195
120
101
138
217
138
178
251
90
67
67
129
244
94
212
254
123
51
220
54
67
254
246
195
128
83
129
123
128
164
101
54
138
198
128
129
123
164
37
54
116
217
67
67
120
120
123
89
184
174
36
156
243
128
98
147
28
35
69
83
89
67
19
92
198
116
158
181
46
160
154
37
182
17
2
123
181
129
129
17
171
37
219
36
37
17
200
141
77
76
156
67
67
98
199
211
172
63
160
164
182
47
37
89
216
72
15
16
2
168
160
217
72
217
28
105
235
51
129
137
37
99
141
251
197
32
99
254
76
183
129
137
141
143
188
130
154
200
167
137
137
219
72
251
187
141
156
25
168
115
23
225
137
36
200
12
47
225
89
222
87
167
137
171
58
227
111
243
25
129
63
34
128
47
70
3
217
105
231
244
69
85
129
24
70
243
25
36
117
203
77
144
191
225
217
167
233
46
171
250
3
194
156
200
98
10
113
244
142
111
49
78
141
137
142
192
118
77
12
141
38
167
13
222
92
233
189
254
58
137
12
119
137
187
234
244
234
15
171
12
241
55
246
91
12
167
64
81
3
241
3
125
108
24
200
113
187
38
116
3
14
67
207
217
200
16
226
81
117
77
234
193
37
144
154
81
140
171
141
141
76
26
142
241
116
38
64
137
117
188
241
193
191
137
174
53
96
77
171
49
207
171
46
137
228
3
219
200
13
173
207
241
44
46
154
6
63
96
246
152
193
119
207
174
120
3
3
3
176
63
64
142
127
44
140
44
192
63
192
223
176
131
250
39
54
92
53
247
235
181
141
141
19
12
178
96
14
181
182
9
222
131
107
163
17
176
63
207
37
226
226
125
227
47
41
68
43
32
19
177
77
119
220
207
154
3
219
149
6
46
37
63
115
192
198
46
127
110
228
246
198
81
207
236
48
48
181
57
43
115
9
181
144
167
207
3
188
39
246
27
207
156
44
224
138
13
219
246
226
207
119
242
241
140
136
61
6
147
161
119
119
227
222
241
140
44
227
117
34
27
188
255
38
124
207
142
179
24
200
9
43
207
117
37
246
83
39
255
69
37
124
167
196
246
241
