231
231
166
166
231
231
36
166
166
166
80
166
166
244
67
80
7
166
166
7
135
231
244
166
231
231
231
194
194
59
182
182
132
135
59
166
121
135
182
58
180
80
113
107
231
107
130
166
146
146
89
135
122
231
80
180
83
223
135
80
7
154
121
47
194
150
154
246
154
194
176
130
223
246
165
199
138
166
18
180
107
121
165
195
231
59
130
121
191
194
80
212
59
113
203
58
150
1
59
244
126
244
231
7
217
173
222
75
59
150
80
135
211
222
126
169
17
166
21
191
194
17
59
173
130
182
80
135
146
240
144
234
59
156
195
7
35
146
59
107
59
80
59
107
194
21
130
231
185
61
121
61
203
17
194
205
165
141
107
194
231
180
244
11
33
254
121
231
36
186
59
203
166
217
67
182
166
122
191
194
80
7
185
97
194
203
59
194
113
7
187
121
108
132
225
203
180
78
67
209
67
59
30
141
36
223
208
231
208
182
141
246
17
121
181
181
244
113
141
181
166
141
187
78
186
208
195
7
107
185
67
122
182
11
113
135
132
92
122
185
24
138
92
59
107
59
244
231
203
17
209
118
107
107
135
171
191
132
59
121
35
97
107
36
244
221
31
211
33
217
92
127
244
59
121
191
30
253
108
141
185
244
95
3
251
118
121
200
240
245
194
119
80
36
227
89
40
182
254
185
245
121
254
188
206
3
121
67
30
222
222
149
156
244
11
248
119
191
3
185
121
5
24
8
191
95
185
129
180
194
121
107
177
8
201
185
191
76
224
195
149
132
182
135
51
107
254
173
251
1
181
40
191
119
234
21
177
98
187
107
119
107
188
222
130
141
4
191
17
185
205
188
43
121
107
224
185
35
113
135
231
119
17
191
41
234
244
231
151
3
92
87
107
21
169
119
160
51
130
4
7
108
244
129
92
40
191
198
135
194
109
119
130
107
107
118
107
244
107
83
234
185
191
200
66
30
68
118
254
125
254
180
20
234
200
185
20
144
118
118
226
24
254
17
40
68
234
107
107
7
125
226
40
226
144
125
185
68
200
97
171
1
152
92
119
135
75
125
191
30
205
78
129
224
113
107
119
152
234
40
245
191
185
191
24
191
4
21
182
191
227
7
185
234
200
200
107
191
200
135
200
135
200
185
119
107
191
107
121
78
109
206
92
75
113
224
191
7
4
212
191
4
226
78
17
119
30
246
200
80
107
75
14
68
107
211
4
246
92
191
113
2
244
226
