62
150
62
146
166
205
166
205
33
33
231
121
243
62
29
115
135
205
135
119
179
225
58
8
33
123
101
150
194
81
231
231
144
105
166
29
58
164
251
58
231
128
225
123
151
251
151
251
115
205
29
176
191
251
230
115
170
40
150
191
123
121
164
8
115
87
240
110
50
74
74
123
209
251
165
51
73
166
166
194
40
128
198
110
96
35
181
135
251
251
251
150
151
8
128
51
191
104
7
236
115
147
123
146
231
67
153
81
123
180
205
203
179
180
151
146
251
45
104
189
185
159
105
233
55
65
138
179
205
115
150
8
251
206
236
146
138
251
55
180
146
169
95
24
67
94
128
67
58
176
204
251
166
51
166
54
87
33
172
219
108
142
84
143
206
251
179
225
146
143
205
80
123
145
87
128
212
84
47
45
18
88
80
219
55
143
225
203
176
186
55
21
119
193
146
66
144
27
139
167
176
204
21
180
27
225
170
236
172
191
50
143
180
127
84
74
127
237
240
98
54
73
251
234
143
252
231
13
106
150
113
185
18
104
62
5
209
251
123
51
143
87
146
129
29
139
98
180
55
225
126
253
58
162
67
180
195
142
191
36
239
51
18
203
146
119
225
94
29
217
230
76
208
237
191
251
209
22
239
59
204
36
62
41
123
150
204
157
130
66
231
241
256
165
143
21
17
229
94
188
166
67
176
76
176
190
204
194
208
45
59
251
251
191
139
191
252
141
165
222
212
150
141
169
251
17
35
36
36
244
87
147
157
248
38
191
166
154
93
58
221
88
40
208
225
121
7
222
206
168
164
191
251
58
55
144
225
143
21
201
231
138
176
186
223
150
160
224
162
209
21
98
89
123
35
169
27
217
18
146
205
36
217
130
169
237
7
150
169
67
169
243
129
67
115
209
200
251
166
103
41
98
252
107
59
180
189
138
204
61
62
185
143
237
130
252
92
143
130
221
180
89
247
13
21
12
51
176
116
107
55
194
139
185
71
28
36
15
195
234
224
253
65
203
103
105
180
190
17
89
117
121
89
166
237
130
121
129
95
84
252
21
130
58
191
140
170
176
22
180
29
87
205
21
182
138
209
244
237
29
95
157
21
102
244
169
169
25
141
75
115
203
95
93
36
15
195
47
21
102
128
209
190
169
107
95
171
71
169
165
195
225
225
193
190
208
102
206
130
171
154
190
119
67
65
235
143
244
186
103
91
200
142
140
194
243
8
201
183
15
185
21
24
143
243
169
80
128
22
11
224
150
33
159
71
176
3
41
136
186
209
92
54
34
250
206
235
201
19
186
180
185
108
160
157
249
244
235
64
98
57
204
244
225
199
225
88
256
95
252
67
92
146
119
115
209
37
54
198
194
231
162
203
35
54
208
198
73
36
169
50
217
211
132
150
52
121
208
253
2
169
112
103
43
190
208
146
89
201
178
227
248
206
40
121
143
73
122
138
184
150
205
168
194
98
225
107
209
95
84
27
182
41
225
169
31
197
87
27
28
244
165
201
61
243
51
87
18
93
155
54
22
174
236
236
171
41
208
178
31
186
180
105
36
170
224
63
166
235
221
41
75
169
224
50
169
235
28
235
136
31
43
138
17
235
165
92
1
25
66
221
7
184
165
27
217
143
35
40
244
254
206
31
62
92
28
140
253
182
183
72
112
209
91
254
87
163
115
210
41
71
169
66
237
17
208
201
87
195
63
214
97
35
238
209
203
102
77
224
87
75
235
184
217
219
251
87
92
208
201
145
208
251
150
182
35
112
201
184
37
50
134
247
143
88
174
184
112
201
88
158
46
151
71
235
130
243
183
228
54
17
72
221
104
235
160
107
108
138
186
83
72
17
244
64
62
104
214
88
82
229
45
118
51
206
208
217
201
219
41
132
191
163
197
219
209
203
118
170
183
126
184
203
144
47
224
152
145
110
63
105
244
227
57
168
250
235
208
160
208
206
235
184
228
62
160
66
43
185
217
52
211
163
252
170
143
197
180
244
217
197
35
126
88
96
235
182
254
236
165
44
56
252
25
90
221
41
35
184
190
63
21
252
183
21
151
197
64
35
197
35
251
151
22
217
178
38
2
160
87
63
109
151
15
217
58
44
35
205
25
208
208
235
95
146
103
62
107
209
163
180
235
239
204
186
63
54
184
35
35
102
200
24
30
62
225
235
107
112
182
208
132
235
61
89
144
156
102
3
35
209
134
201
191
203
155
135
217
144
203
41
140
177
85
208
41
169
130
201
57
180
209
15
208
17
35
121
182
226
229
99
205
83
240
35
13
112
73
89
256
140
13
15
253
30
15
165
203
130
63
75
252
132
151
24
140
143
90
245
83
160
218
42
184
200
35
111
201
35
72
235
195
199
88
54
189
47
143
236
30
149
18
235
175
126
189
57
238
197
126
237
187
44
151
184
186
211
64
36
212
208
80
184
213
107
99
244
164
22
186
13
8
171
221
35
35
50
22
28
229
186
177
241
113
217
55
101
121
63
4
168
182
205
113
33
244
97
81
112
90
51
15
113
97
85
252
227
224
144
33
103
113
112
208
22
66
15
98
86
98
71
138
118
237
184
151
217
184
182
112
240
27
163
184
107
85
187
20
165
139
169
169
108
54
68
221
147
146
16
13
168
35
109
107
208
87
63
217
12
195
219
33
224
98
63
149
151
221
113
238
187
205
244
126
21
152
85
186
25
142
246
209
85
217
234
168
234
71
118
47
229
13
234
208
33
224
115
63
254
35
73
187
13
62
118
168
133
204
118
177
27
188
54
89
149
51
88
224
180
227
164
140
25
212
62
201
43
118
44
15
19
132
244
91
151
254
219
175
155
62
94
200
43
98
190
85
1
152
9
149
12
25
99
195
206
248
169
136
206
71
246
22
187
235
199
29
204
118
216
63
118
122
197
229
35
244
255
184
200
34
83
188
99
246
26
97
200
65
169
254
62
128
15
21
111
204
204
224
85
72
193
200
15
156
90
232
98
165
112
12
182
242
85
37
51
33
149
2
136
243
197
35
155
152
234
129
197
184
200
233
12
169
184
254
200
35
80
63
178
239
34
98
184
242
73
49
71
197
72
193
254
35
249
217
59
111
118
235
24
42
184
184
97
169
113
146
6
169
72
85
34
73
94
111
156
224
180
217
97
201
72
4
217
169
169
163
133
254
21
213
35
119
163
43
185
75
141
19
229
149
66
124
85
48
35
144
190
190
35
204
241
218
136
50
133
217
115
6
200
128
254
21
218
85
218
78
35
232
31
242
156
235
242
200
189
156
217
12
116
193
13
35
254
109
53
184
158
207
171
245
7
232
217
103
148
234
63
150
155
213
11
156
186
240
163
224
123
200
148
134
64
13
197
119
254
184
200
49
91
188
53
143
99
85
253
16
234
36
28
99
175
234
206
254
185
195
7
45
121
71
118
233
91
230
59
108
100
47
219
215
206
191
163
99
190
43
12
59
37
232
62
204
98
43
103
158
200
117
109
194
217
72
213
72
71
163
97
80
15
221
218
144
163
163
200
158
35
45
161
148
21
22
205
200
72
156
30
66
163
59
217
163
188
188
200
202
99
197
155
150
28
133
21
200
82
191
92
176
199
254
224
141
88
184
151
123
72
133
224
170
111
118
68
82
27
132
63
171
232
224
141
23
111
234
101
200
47
47
164
191
165
158
217
187
112
133
56
201
71
84
188
254
111
224
234
34
59
234
158
234
22
66
155
188
234
133
217
113
133
156
163
160
133
188
163
124
146
213
164
38
159
160
224
65
224
87
222
213
234
20
84
206
193
108
34
34
224
96
23
188
45
200
5
8
188
234
188
246
28
188
53
188
113
32
200
158
254
224
86
24
188
246
188
133
241
222
232
254
213
68
68
254
102
254
232
158
188
224
147
96
41
191
234
92
127
140
204
188
80
217
201
179
156
132
216
102
222
36
124
99
200
226
206
232
152
87
232
36
161
80
200
83
238
158
232
255
30
200
24
232
224
13
36
191
125
200
91
127
59
24
161
53
24
68
163
163
218
24
24
215
246
147
175
185
191
200
254
106
161
250
27
228
85
135
141
254
218
223
158
228
225
238
4
188
78
18
81
198
228
224
230
160
140
19
35
191
19
254
65
2
82
225
82
61
242
200
68
221
248
58
61
191
107
191
235
185
30
228
99
82
191
152
200
1
49
201
206
69
200
36
197
175
72
157
125
158
72
246
133
36
146
