205
205
205
33
150
33
205
138
175
229
138
121
177
175
236
177
74
236
236
150
219
13
47
47
205
177
219
175
176
74
236
235
219
13
8
176
47
76
16
150
8
118
235
5
198
176
76
15
15
253
237
13
177
177
57
209
253
69
168
194
181
67
127
169
150
87
253
220
34
156
69
13
123
5
141
208
5
168
76
29
19
94
154
5
235
147
25
3
100
220
54
130
147
87
168
94
102
28
207
112
79
15
79
192
11
211
192
223
71
19
168
13
177
253
211
93
97
250
211
81
79
5
54
118
67
65
12
44
105
9
119
192
4
164
240
135
143
122
168
15
119
143
150
209
29
12
90
158
37
228
71
208
149
54
79
231
77
54
119
27
224
135
181
3
163
168
163
235
40
166
109
235
154
149
43
105
147
40
181
137
37
123
63
12
164
112
181
68
44
168
164
66
86
54
139
168
164
12
9
29
139
135
149
219
242
5
229
15
149
129
247
54
225
171
54
16
77
112
177
149
248
156
164
168
255
44
28
95
118
12
14
9
137
242
171
255
63
15
14
66
41
167
129
208
164
110
63
49
14
119
91
229
118
4
226
49
132
229
171
31
39
147
105
9
212
3
229
66
52
147
229
229
250
149
28
128
255
44
178
108
204
87
128
29
226
89
81
256
224
40
4
41
108
94
14
237
3
181
49
217
147
86
68
66
149
195
95
52
199
229
54
108
253
32
156
229
1
192
232
218
229
218
204
94
232
167
115
137
249
237
92
94
31
190
235
51
138
224
171
132
138
13
3
114
247
95
15
124
250
237
149
168
89
229
12
235
240
247
99
49
11
182
210
115
54
48
115
115
39
147
158
13
131
158
113
95
200
117
20
218
200
200
235
131
94
226
133
149
235
114
216
109
77
16
44
216
41
232
15
31
97
144
182
13
24
107
112
112
204
13
131
228
90
137
218
33
107
183
115
137
255
78
232
49
115
97
184
172
210
193
30
14
96
229
119
224
3
14
188
243
131
137
232
119
227
117
217
147
155
115
182
148
117
224
131
2
10
235
58
229
77
96
1
163
131
247
232
163
171
242
5
15
100
19
247
89
53
243
100
228
177
190
217
235
171
115
48
247
39
1
224
217
118
66
2
233
163
182
226
190
243
9
115
240
100
199
