75
164
206
98
231
164
219
94
205
180
26
36
142
219
231
252
127
87
174
180
130
170
170
7
236
242
193
154
141
160
83
167
94
166
250
35
129
160
127
102
36
35
141
240
180
75
252
154
172
231
118
147
17
32
76
102
181
11
194
115
165
235
132
219
128
134
128
108
116
107
32
136
38
32
160
47
107
142
193
131
132
128
199
209
201
138
180
146
121
114
79
206
109
248
145
31
64
40
116
35
89
180
238
74
199
252
172
10
73
113
16
101
243
230
168
73
88
206
97
169
206
75
74
236
144
76
57
144
77
131
18
97
25
194
116
97
59
241
180
108
91
36
114
61
190
92
83
172
191
226
72
2
242
254
17
63
36
152
174
73
105
72
13
183
41
74
34
88
243
111
103
35
73
211
15
238
228
238
89
93
165
116
41
17
95
88
183
151
38
80
84
172
114
60
221
237
132
71
76
27
3
77
250
253
111
149
169
41
226
22
109
65
230
253
73
238
80
243
209
249
238
28
71
131
9
129
113
66
74
169
97
73
226
222
20
17
250
252
211
42
102
239
66
170
66
93
21
256
240
256
35
100
168
71
252
153
246
169
237
63
189
93
94
52
9
127
26
41
55
89
37
94
25
10
29
106
73
138
42
253
65
106
15
243
253
62
203
89
243
186
25
84
29
229
199
142
201
154
42
238
193
199
177
74
130
31
26
67
135
76
47
81
239
115
66
39
171
94
52
104
243
181
223
64
91
51
174
214
123
243
91
14
203
184
26
69
147
146
74
140
181
129
172
230
112
52
26
226
17
64
199
91
172
34
118
13
34
95
8
139
219
243
51
115
176
177
175
223
109
114
235
219
165
72
182
194
204
157
88
74
96
179
25
196
31
65
122
256
160
138
181
41
110
129
230
191
84
121
170
145
126
136
89
146
199
169
115
65
147
166
228
106
124
15
94
94
190
220
66
243
229
235
99
55
63
162
168
61
213
159
208
220
173
34
146
237
10
215
108
11
29
34
36
223
203
230
172
242
44
217
129
65
94
162
74
94
154
123
129
226
32
106
136
114
203
117
199
114
256
73
33
84
84
175
132
73
74
230
10
252
172
179
88
237
149
243
74
81
69
49
230
182
169
176
249
106
115
94
243
104
64
64
52
215
91
195
26
108
203
3
132
88
43
13
153
25
81
249
65
214
96
181
182
154
86
33
49
129
187
13
10
243
103
74
129
94
207
33
203
236
172
47
184
76
114
185
204
34
111
222
81
144
26
138
132
199
165
238
102
115
54
236
170
243
222
64
181
248
73
246
219
189
204
221
139
214
55
154
225
212
217
178
189
10
122
199
108
132
256
35
107
57
62
236
189
183
53
66
236
64
15
64
10
83
222
131
163
31
134
162
52
186
94
221
184
67
189
36
226
66
156
55
124
217
153
222
145
130
238
168
53
242
77
249
35
121
91
34
222
248
178
99
186
31
118
235
139
32
64
93
53
174
146
195
170
169
240
245
256
146
135
55
145
238
76
174
88
50
128
146
97
13
240
243
146
202
153
180
85
26
93
154
164
46
37
96
25
132
242
219
219
145
220
120
88
163
52
3
69
202
138
166
19
115
229
192
250
160
238
252
189
169
235
15
145
51
221
102
52
230
99
79
105
81
174
138
61
143
103
256
62
98
219
230
13
226
132
221
230
184
187
111
153
106
237
236
145
88
150
85
204
106
3
133
120
228
161
49
253
222
61
202
216
42
168
64
194
248
149
248
252
31
248
1
123
42
204
247
245
195
216
106
79
149
145
3
240
83
94
47
181
236
240
123
210
199
123
201
91
153
213
105
211
154
171
145
73
250
128
99
3
144
162
161
135
49
62
121
99
182
61
235
54
39
250
239
228
202
210
215
121
196
80
228
212
93
190
81
137
171
35
128
175
154
9
115
181
219
127
134
161
134
192
214
81
15
6
215
187
248
252
248
214
15
64
52
106
87
16
134
29
145
249
118
210
190
210
174
223
170
242
166
121
127
181
3
54
88
93
106
145
104
216
129
215
230
237
195
83
220
242
13
81
134
189
35
89
141
176
27
180
179
9
238
210
31
169
96
170
93
140
69
34
15
35
238
170
15
219
158
184
184
145
220
210
202
166
145
171
111
63
127
255
168
88
197
9
15
126
85
222
8
79
103
106
174
166
32
101
180
10
134
235
240
32
147
210
228
250
106
57
151
115
190
184
13
102
111
189
11
42
223
158
8
66
146
251
55
196
146
151
5
65
222
248
106
23
199
114
200
18
252
190
202
213
18
256
76
34
149
129
199
64
10
111
85
14
127
203
256
54
146
145
199
181
127
155
58
25
210
93
222
149
33
150
87
235
63
146
189
88
3
175
106
219
219
79
149
220
174
94
52
153
162
29
146
203
105
13
252
256
56
196
149
88
219
91
219
156
42
55
112
146
89
230
25
76
118
13
3
220
53
139
155
18
186
18
163
76
177
88
240
106
129
132
157
248
158
146
13
189
15
93
245
49
15
82
221
150
238
229
129
11
96
201
61
248
15
196
153
61
106
201
58
115
96
39
222
134
4
252
168
150
159
218
207
237
57
196
189
145
18
13
76
86
203
96
166
218
249
106
85
169
256
14
25
215
184
139
184
64
121
31
114
35
181
106
32
49
221
63
80
256
42
157
29
219
236
211
6
63
174
69
230
15
169
169
197
31
50
19
255
138
10
26
249
76
79
106
146
169
190
127
35
110
228
94
156
40
192
168
181
159
210
214
239
121
85
184
248
110
238
129
111
35
175
108
183
231
61
223
120
223
114
197
248
88
163
184
197
199
34
155
193
154
164
11
177
10
96
147
146
97
221
48
196
81
18
110
37
201
196
133
16
151
226
150
150
95
186
252
32
238
88
55
170
124
235
153
232
149
230
221
235
63
8
219
220
128
23
34
79
178
8
150
3
55
183
170
5
221
147
76
134
31
228
240
181
104
174
64
168
57
199
81
201
117
133
120
133
10
240
169
13
159
228
238
31
35
85
64
226
221
154
53
61
147
57
106
72
215
106
5
79
111
30
252
8
13
186
11
50
11
117
52
39
69
53
44
149
238
43
39
73
239
181
248
238
228
74
195
220
94
130
82
189
219
129
238
196
178
240
214
94
94
178
235
70
195
31
8
25
35
172
163
35
149
53
149
249
178
159
15
81
196
88
102
102
141
221
219
72
131
169
186
38
249
131
17
249
131
32
3
186
36
197
237
81
96
228
163
35
42
9
9
213
238
15
42
169
77
250
120
199
82
77
194
49
228
63
82
64
250
192
134
155
30
93
25
197
83
76
219
201
9
215
256
50
237
55
124
201
149
118
10
31
202
256
58
214
235
53
223
99
219
256
248
117
72
228
63
230
35
131
86
170
174
87
237
199
242
221
193
240
192
161
9
242
178
70
169
231
155
77
35
256
184
31
153
35
77
91
77
147
213
201
88
202
186
235
117
11
235
50
228
230
88
220
133
158
86
75
232
121
16
164
149
94
62
196
222
52
197
170
136
35
202
102
48
56
163
252
53
54
77
38
80
237
256
116
154
202
184
83
118
124
212
63
184
201
68
232
228
89
203
242
228
56
186
49
81
158
184
131
73
77
187
139
245
91
9
140
219
39
196
52
184
94
87
108
73
154
240
201
135
83
25
218
219
236
139
128
226
15
168
139
238
182
149
10
83
186
15
197
111
242
251
111
44
35
169
192
69
255
223
34
69
248
219
77
256
45
213
8
196
54
238
131
11
9
190
256
17
45
8
73
162
256
127
249
32
215
189
147
210
253
230
184
170
27
134
124
256
192
169
25
235
252
106
144
228
55
181
52
57
33
103
114
42
10
19
133
136
61
124
52
69
255
238
149
149
215
63
55
83
181
211
77
73
237
63
64
228
237
186
86
195
256
73
112
35
249
190
247
179
235
65
123
34
158
114
5
145
32
105
25
219
6
102
216
31
170
201
250
53
9
88
35
124
196
35
199
203
35
108
3
222
228
28
28
199
248
214
162
190
111
89
110
220
214
196
235
252
184
236
196
77
63
192
235
230
62
38
238
153
133
170
240
88
73
154
10
178
13
53
242
249
105
242
12
248
219
170
235
230
12
133
95
156
230
193
158
77
169
16
190
52
136
25
228
89
158
194
102
42
25
19
52
11
230
53
228
186
154
256
97
77
190
179
228
149
76
228
161
170
248
163
57
86
138
163
149
133
25
114
74
110
50
57
133
86
190
199
236
158
43
240
184
186
241
133
73
79
150
133
242
5
105
3
182
240
13
56
175
235
45
85
242
196
214
256
91
169
94
77
110
237
56
114
64
77
202
172
52
235
235
86
202
82
238
83
180
94
210
245
82
103
169
236
52
170
134
219
105
190
201
150
161
132
15
195
88
138
228
10
124
242
247
140
242
53
42
169
195
32
129
184
11
237
235
118
137
232
235
85
204
110
124
207
45
230
12
53
203
65
199
170
175
48
122
10
25
39
39
117
111
158
219
115
164
214
61
13
94
228
238
55
63
192
174
55
169
115
221
120
149
10
240
240
76
52
13
35
242
55
13
242
159
108
221
252
124
134
74
76
245
242
10
64
242
166
76
219
180
61
221
196
134
76
256
81
236
13
140
64
192
240
65
56
228
238
214
70
170
216
221
8
25
256
197
229
249
42
203
10
201
137
124
10
190
91
183
145
133
120
25
245
139
52
242
155
93
256
81
32
12
219
91
