106
106
51
106
129
106
32
18
17
51
220
129
212
3
123
211
138
22
250
160
127
3
211
211
62
138
153
143
165
123
18
63
127
172
211
126
225
225
5
123
61
243
54
127
145
242
184
62
251
51
244
63
244
18
138
251
198
81
5
127
9
123
126
92
94
9
34
54
61
18
34
92
69
216
61
165
241
92
61
112
251
69
154
251
4
244
241
127
96
28
204
208
81
251
250
68
89
138
216
208
241
43
211
79
110
102
211
94
204
9
94
66
200
102
235
68
61
135
208
211
208
216
150
241
83
9
64
14
145
246
226
152
68
141
61
37
37
234
17
92
122
138
79
83
37
210
4
126
68
94
28
204
137
26
79
4
76
34
134
112
255
28
137
123
165
134
141
235
126
43
211
241
204
217
229
85
26
211
216
200
195
246
68
244
197
79
127
20
13
114
184
4
128
1
96
96
188
79
5
122
17
226
209
184
226
141
208
106
85
17
147
112
156
120
102
50
116
43
42
197
16
89
17
13
226
51
253
147
245
137
194
124
128
156
1
98
122
120
50
122
160
96
26
216
227
13
66
54
26
54
194
188
85
181
18
200
145
160
122
83
241
120
244
67
242
114
13
156
16
216
122
165
171
216
1
231
150
67
98
123
87
49
92
125
105
199
246
122
165
134
11
147
173
42
216
66
11
18
217
195
54
122
92
249
108
49
196
246
217
13
49
198
138
37
204
37
200
122
54
249
217
145
172
66
42
172
249
246
4
221
68
251
147
94
243
1
181
243
58
200
207
99
164
122
61
187
200
177
1
98
16
54
17
227
195
144
6
74
200
204
194
200
54
122
37
44
122
11
32
122
141
254
239
125
187
177
195
98
122
13
244
21
74
147
60
244
141
68
225
137
142
94
118
43
227
246
154
244
199
254
86
198
32
109
82
47
245
198
110
200
226
68
61
13
62
66
43
187
245
112
17
60
112
147
100
197
69
133
47
99
135
198
243
62
47
96
61
244
187
142
173
100
171
18
60
70
193
62
112
254
132
122
200
43
241
67
89
117
137
151
69
239
187
197
185
204
8
14
187
200
238
200
84
227
190
74
122
244
11
18
200
172
61
7
30
198
148
185
81
2
141
112
182
82
234
13
86
122
156
147
54
174
224
41
17
245
156
230
200
236
174
9
26
44
204
184
246
254
17
184
75
94
180
20
66
117
92
253
203
180
99
94
156
118
183
208
176
9
43
224
66
43
165
254
62
81
85
124
217
118
120
160
245
49
30
17
43
118
165
178
244
150
61
156
160
245
152
188
152
33
203
102
4
117
156
133
160
43
197
114
14
68
156
254
4
158
156
4
133
184
100
152
203
227
39
185
99
157
21
133
61
246
133
161
191
156
118
47
