59
80
97
114
80
114
80
14
14
31
14
3
75
3
212
136
3
14
160
160
47
195
14
14
230
14
241
195
14
84
3
253
183
25
241
5
243
195
160
252
169
212
126
230
29
59
14
97
228
3
47
5
136
215
221
229
241
27
129
14
201
126
95
97
233
28
59
126
190
241
221
95
151
236
129
167
201
154
97
109
180
168
169
126
103
108
47
103
108
198
95
59
228
136
181
3
95
101
29
51
31
102
245
201
181
119
47
74
236
6
14
14
41
136
126
138
95
183
144
190
95
29
181
59
198
128
29
51
11
121
144
225
2
80
87
165
144
71
169
27
2
55
140
168
97
59
6
47
179
240
47
35
108
118
141
146
211
212
179
194
141
183
59
217
95
87
87
59
252
253
147
59
241
75
138
41
168
140
222
132
222
208
71
177
47
122
59
141
131
108
95
47
135
217
13
153
222
75
147
240
153
47
211
172
89
95
207
169
59
95
97
103
95
241
184
138
195
167
231
167
101
167
208
240
95
141
43
231
223
222
109
15
181
67
208
113
19
153
217
138
165
2
13
187
141
20
208
109
95
165
167
150
253
208
21
80
168
129
59
95
63
211
150
122
114
211
97
129
63
208
18
164
186
28
177
243
97
164
28
59
181
59
208
29
40
217
47
174
182
97
254
27
96
147
222
208
182
146
29
235
138
248
154
253
219
121
63
25
174
13
247
184
69
63
97
91
187
91
206
182
150
132
21
1
205
182
114
75
20
15
1
208
133
141
206
174
168
29
184
15
139
131
63
254
181
1
47
63
171
171
174
121
15
120
97
235
208
37
21
109
63
29
55
28
14
184
235
193
91
70
63
174
187
141
79
217
55
246
226
92
140
122
53
119
70
140
171
235
1
245
29
97
120
132
22
103
114
69
37
212
70
136
198
133
63
68
132
91
97
109
21
168
171
121
22
206
109
189
1
136
18
206
150
63
199
223
131
224
168
181
240
67
244
100
209
15
246
114
87
38
165
229
28
181
168
174
141
246
69
164
29
251
102
184
112
187
43
181
73
63
244
150
131
92
92
171
240
131
133
67
182
114
84
174
63
59
189
68
73
132
131
29
143
229
171
243
251
206
245
243
77
244
92
47
172
38
138
43
136
120
141
138
227
13
141
113
109
62
22
76
206
251
63
240
138
68
69
109
92
235
207
138
15
75
132
59
206
224
206
59
235
172
141
76
79
75
194
206
10
37
12
91
135
138
129
173
28
181
231
87
59
92
182
28
245
206
131
224
174
53
109
141
49
97
181
187
135
231
15
197
206
182
192
218
135
68
3
193
102
63
184
174
30
174
168
131
190
158
37
247
194
168
187
231
153
63
109
135
12
124
206
184
66
63
15
79
143
79
132
206
141
245
109
131
28
135
187
255
139
109
38
95
32
51
131
109
187
224
184
37
78
78
131
187
100
206
122
133
216
63
206
82
18
65
128
132
63
53
193
78
87
181
1
19
68
136
208
7
2
131
243
130
138
182
53
63
150
168
133
135
114
207
158
75
3
5
223
2
223
136
75
109
188
53
246
131
150
95
137
109
93
87
135
240
223
107
22
79
231
242
18
93
22
184
35
181
131
181
67
193
105
158
150
114
183
97
15
192
245
14
199
181
246
243
203
69
211
250
78
197
95
53
245
135
68
2
138
97
240
31
188
158
168
97
11
168
1
232
82
9
140
38
55
242
49
235
237
231
246
82
75
139
18
82
220
53
3
221
252
224
69
181
169
102
158
249
107
137
150
240
183
146
114
5
34
132
82
194
235
146
154
168
11
182
199
43
140
79
224
187
132
102
1
168
79
19
166
158
70
138
230
168
187
189
230
109
1
97
117
37
199
89
27
25
160
93
60
220
85
230
100
43
150
188
1
135
68
222
245
146
49
128
140
14
13
211
192
57
67
70
70
131
60
57
224
70
168
169
168
199
35
130
193
114
223
130
53
185
195
158
252
164
32
150
158
68
224
217
97
127
43
252
137
224
90
131
69
67
220
192
194
201
132
174
171
16
170
190
168
109
43
63
205
43
15
216
135
188
187
33
60
16
109
135
162
33
37
78
224
158
39
187
202
30
78
69
37
35
