208
209
84
208
84
208
208
208
208
208
7
59
143
113
84
143
209
84
143
7
151
209
209
113
208
208
7
208
208
209
143
209
209
208
209
209
71
209
194
242
243
208
194
209
243
143
85
143
71
89
165
243
165
81
143
113
29
153
85
98
230
123
27
27
51
188
98
194
211
7
166
23
23
98
147
98
85
25
186
36
188
209
209
211
29
107
98
50
84
23
188
84
166
143
98
162
209
209
7
77
121
59
204
26
151
49
143
97
77
107
133
98
224
51
200
17
26
140
188
204
146
209
215
138
71
218
143
254
77
254
239
133
203
200
140
23
162
209
68
242
162
209
200
85
209
195
162
200
23
215
165
206
84
35
155
71
165
227
165
232
84
80
89
224
165
217
191
29
23
153
118
200
8
50
66
118
217
251
166
191
84
91
209
224
209
52
165
132
50
177
84
200
162
84
200
154
155
89
162
85
226
3
254
163
160
45
118
200
162
74
74
191
74
51
89
181
50
209
86
74
251
238
200
181
16
209
151
254
66
200
3
84
63
133
126
54
162
162
148
81
90
51
132
118
51
93
99
74
254
51
67
230
200
239
3
162
54
225
254
162
239
54
51
251
21
8
177
23
23
253
18
157
200
38
89
74
18
251
134
200
162
162
163
3
18
3
26
177
225
225
153
163
239
195
177
162
110
162
254
208
118
92
26
162
253
188
254
73
93
162
143
29
92
118
162
153
163
162
86
153
69
92
140
89
254
188
234
195
225
35
133
74
3
148
162
159
209
84
29
45
242
29
200
74
18
157
254
177
59
185
254
200
162
193
153
208
225
155
225
54
92
200
162
150
254
18
140
153
188
225
162
74
86
225
10
98
185
106
1
162
155
251
162
177
189
126
200
163
224
162
254
107
133
200
23
254
118
254
254
112
38
56
40
208
237
18
132
177
118
126
254
162
29
254
236
92
178
162
64
234
143
153
110
143
162
133
150
162
140
189
200
143
200
225
175
118
143
225
177
174
215
145
162
208
143
225
63
162
251
143
238
126
135
185
98
162
153
140
251
174
143
66
237
3
74
143
148
220
162
133
118
98
106
127
200
139
20
173
188
229
254
123
118
51
157
163
173
251
254
215
200
162
162
164
153
162
18
254
138
145
153
89
34
163
59
8
140
148
110
251
62
200
254
21
250
21
160
254
224
85
85
123
240
200
218
51
201
251
251
162
98
106
176
140
256
157
51
239
165
118
162
23
140
185
214
153
254
26
225
51
51
148
92
140
148
224
229
112
18
23
251
8
33
74
85
118
171
183
225
64
254
155
215
189
149
162
85
18
133
74
123
172
251
134
133
251
86
76
225
251
173
110
51
25
3
133
225
134
200
214
225
254
126
62
225
10
62
163
162
26
251
225
188
133
153
74
140
26
55
220
253
52
224
3
253
162
254
145
98
217
254
162
251
22
177
92
251
212
194
251
133
23
18
242
7
231
251
159
153
163
243
251
57
72
19
153
140
159
154
251
86
68
197
125
85
86
18
250
98
72
224
48
219
197
18
214
118
201
193
251
242
254
23
177
163
26
157
251
26
153
118
212
83
56
159
161
100
251
178
162
110
146
74
153
54
21
176
196
12
185
153
148
185
230
162
162
153
251
254
8
208
52
246
118
159
51
194
148
242
106
162
110
163
228
23
130
84
234
148
177
219
218
56
90
155
50
197
162
26
251
118
151
125
42
239
76
176
202
153
42
249
162
251
25
54
247
42
74
130
26
165
224
72
89
74
225
251
222
69
23
42
23
50
51
51
26
125
23
115
56
123
133
153
18
153
254
188
74
162
202
153
81
51
14
20
130
251
140
42
56
239
74
251
57
72
162
76
74
193
106
165
5
177
90
213
251
82
51
106
242
76
74
200
92
42
112
54
163
225
237
253
215
254
18
123
163
153
74
22
106
74
28
92
251
56
228
251
203
230
238
106
251
185
133
230
248
188
54
72
148
141
48
139
163
52
76
34
225
215
131
159
190
253
251
141
81
228
21
161
74
18
246
251
86
160
157
163
50
140
177
139
202
133
218
153
140
126
76
227
189
225
63
72
24
90
253
26
107
159
123
246
225
155
56
18
254
239
140
56
244
157
165
84
242
177
159
246
218
18
74
246
26
254
54
145
225
242
72
26
155
110
133
125
159
72
181
161
72
153
26
86
105
45
50
84
251
153
214
74
48
74
232
119
251
206
153
178
242
188
153
214
26
246
72
103
123
175
242
72
193
155
140
251
157
13
214
206
165
23
209
54
161
76
114
186
157
225
188
123
202
72
108
188
106
25
72
123
253
153
126
4
84
128
235
251
155
164
177
197
159
72
173
224
74
26
15
140
156
140
215
177
159
57
105
163
239
188
215
159
126
74
153
14
127
106
10
254
72
153
20
22
155
177
189
159
209
72
161
74
159
251
45
45
51
140
160
48
20
152
254
251
156
156
18
76
140
225
161
148
254
163
110
251
34
157
126
204
130
74
23
106
84
5
65
155
239
254
161
164
110
225
123
105
215
18
155
125
156
149
18
125
254
239
26
159
153
153
251
74
246
238
72
110
175
115
96
34
155
153
165
48
110
239
208
213
253
5
32
72
253
118
51
45
254
90
49
121
213
185
204
74
222
140
213
159
161
178
201
159
54
90
23
81
74
139
125
153
159
200
76
4
5
156
224
215
34
21
246
4
163
64
161
253
159
198
159
140
188
118
159
89
213
159
149
126
126
200
239
71
149
42
23
125
170
159
68
139
34
26
89
153
8
215
239
54
72
158
193
140
72
121
74
125
51
149
62
110
242
112
156
91
52
239
210
193
159
96
161
72
219
26
163
42
119
156
4
161
110
171
89
202
129
115
215
210
224
215
155
72
125
140
188
76
229
79
210
41
155
18
139
148
119
163
242
56
254
159
161
254
239
72
72
232
53
159
159
213
45
242
126
225
149
238
251
51
13
238
200
222
215
174
63
15
99
53
159
8
175
105
76
62
145
214
239
23
159
161
213
22
110
72
23
161
140
161
113
153
210
139
56
23
92
26
161
155
161
246
159
56
159
106
161
155
48
129
227
20
238
148
200
18
189
210
92
165
20
93
140
115
157
246
215
159
43
159
159
26
251
26
253
36
159
251
119
14
161
139
26
56
251
153
56
159
232
161
161
215
214
140
225
74
188
72
161
213
229
159
62
188
72
159
161
161
224
145
177
56
140
51
107
57
126
156
225
26
242
74
45
159
130
204
169
125
204
161
18
56
189
26
214
72
81
156
148
156
156
56
51
92
188
63
125
140
72
214
82
256
159
159
125
213
140
225
157
153
232
188
214
159
105
54
90
189
67
239
18
20
48
8
156
123
214
51
48
214
161
42
215
56
153
251
232
22
148
24
159
139
159
206
45
242
159
56
220
161
85
159
69
191
133
155
45
119
254
48
61
155
18
177
224
232
155
22
21
159
232
215
133
246
251
246
188
220
153
159
72
124
155
12
199
123
221
213
224
161
22
125
159
159
45
159
47
214
48
45
78
153
56
76
121
157
193
161
232
110
145
56
125
189
254
192
159
48
156
220
188
217
181
114
203
72
214
159
224
174
148
56
224
189
72
238
72
254
161
159
125
161
125
61
155
161
107
193
45
191
232
48
23
56
133
78
163
82
72
26
68
159
76
4
159
129
161
215
215
159
191
135
118
72
72
23
254
72
49
72
254
161
215
152
234
72
56
2
156
68
215
254
234
