209
209
31
209
14
64
97
97
208
40
40
208
6
208
6
183
183
40
65
211
3
97
248
79
212
208
106
6
147
109
212
8
40
71
242
171
132
76
10
222
84
64
74
64
250
249
67
38
111
106
150
28
14
243
235
126
212
211
38
99
149
14
187
22
194
117
8
111
121
64
229
64
134
238
86
250
127
64
74
237
109
111
183
206
14
40
183
64
176
229
102
8
13
212
223
243
228
62
250
13
64
111
113
14
240
160
111
16
11
64
147
64
171
132
192
160
79
16
69
33
70
217
14
27
110
206
192
171
229
206
26
126
187
171
171
64
224
235
240
250
147
219
76
201
220
238
16
147
32
176
26
76
13
111
94
212
220
224
196
111
64
76
113
17
245
131
26
235
243
14
38
184
111
155
10
144
141
17
234
160
138
220
26
223
228
131
238
241
137
114
220
206
134
212
26
115
105
111
250
249
111
144
16
175
105
117
136
86
238
134
196
250
114
40
229
238
38
181
154
212
117
249
86
63
90
187
196
64
129
76
235
175
250
64
5
217
222
192
252
137
134
39
12
132
115
10
11
118
178
229
250
10
182
10
171
113
149
64
69
196
6
10
11
64
96
235
136
59
250
107
130
106
12
34
132
5
183
74
131
64
71
201
220
64
22
201
185
79
41
189
189
243
10
62
95
234
220
171
175
147
189
13
222
243
154
238
26
79
168
14
177
235
106
201
10
88
136
185
172
161
171
151
10
176
220
141
195
223
182
76
86
189
111
171
250
111
90
189
153
86
232
111
154
185
10
89
228
189
74
5
153
117
189
214
111
163
10
149
219
189
212
178
201
32
189
5
10
86
72
13
118
132
111
64
111
64
220
178
132
57
32
206
219
182
76
175
149
242
64
204
91
248
155
171
98
132
79
91
210
32
104
230
130
14
50
110
111
79
64
111
149
66
22
250
5
57
145
132
117
114
168
175
187
196
106
140
235
106
8
64
10
169
192
217
189
105
64
217
228
34
10
114
102
66
160
64
145
26
240
90
38
183
35
34
238
34
115
182
136
145
144
155
228
89
14
107
238
248
86
10
105
152
39
76
189
14
97
64
236
236
235
149
196
219
238
34
69
252
64
111
12
102
180
238
111
250
236
117
149
64
147
131
111
105
111
175
132
250
189
117
145
156
230
189
111
111
228
178
106
86
170
171
64
32
235
94
79
190
230
163
10
171
248
117
94
16
74
192
161
130
222
95
235
145
228
39
192
171
91
189
102
222
237
117
70
34
79
12
10
140
70
86
121
55
102
187
185
28
178
168
171
137
64
253
177
138
10
212
10
79
134
192
217
238
131
26
190
222
108
181
189
252
69
88
62
38
160
238
63
38
215
109
237
79
187
131
102
175
189
253
106
149
115
189
64
10
156
38
102
10
195
108
138
110
171
64
70
64
181
32
236
189
252
11
86
26
84
219
189
38
217
97
69
189
19
111
169
182
35
105
201
5
145
103
178
253
236
131
32
106
15
190
145
32
147
223
242
79
13
110
137
76
141
106
5
108
106
97
114
129
192
106
15
230
228
88
149
196
182
69
5
204
62
110
106
112
133
185
242
203
64
189
14
114
105
183
115
189
105
127
34
190
106
64
219
91
240
138
34
105
14
190
242
187
237
116
171
26
252
222
236
102
220
63
76
202
248
163
147
95
102
98
157
230
2
64
106
76
96
86
219
169
235
187
69
60
26
24
103
86
86
236
14
106
240
134
64
84
149
114
106
187
219
156
79
106
240
192
212
41
64
117
81
63
10
64
14
240
5
69
189
6
137
177
70
147
189
145
118
189
142
146
114
214
189
86
156
220
106
201
192
63
62
189
185
60
26
59
214
111
14
203
95
115
96
86
228
76
14
219
147
103
38
10
192
170
102
201
195
156
106
183
106
25
254
6
10
70
185
10
196
149
192
219
137
171
11
11
253
77
192
89
217
10
41
37
149
56
116
196
86
240
111
230
238
77
114
26
236
64
139
33
5
192
236
32
86
230
228
153
10
102
152
114
182
106
89
248
26
223
151
242
86
10
88
60
132
147
244
236
57
69
10
53
192
216
253
10
14
41
6
57
136
149
242
170
79
219
253
145
10
14
248
64
32
45
38
77
31
102
186
82
216
248
106
149
12
79
16
149
196
210
189
110
64
252
117
161
214
184
237
86
84
194
11
10
237
219
79
137
105
105
187
64
215
149
118
105
26
35
38
183
64
39
149
79
26
194
161
115
196
14
149
15
124
10
222
11
240
64
3
10
10
138
31
62
94
14
11
114
212
10
69
149
249
39
154
149
106
76
139
200
115
10
169
192
123
248
14
214
196
195
190
155
215
139
220
171
238
155
110
79
138
10
131
96
76
95
117
90
86
32
12
219
64
45
37
26
201
55
117
149
199
238
26
236
236
67
11
12
116
238
11
11
100
189
74
67
56
183
145
248
26
153
95
224
249
64
159
149
34
238
145
116
163
192
95
26
35
140
149
189
39
238
196
196
22
106
97
214
106
220
175
175
56
103
112
192
155
86
196
153
91
149
189
3
115
240
137
102
131
184
187
31
154
248
176
201
137
117
242
220
248
77
106
189
124
109
235
109
70
201
149
236
16
156
147
235
228
28
196
146
14
252
76
251
134
248
177
240
10
220
95
10
42
86
106
35
11
34
222
90
41
192
70
44
120
192
177
69
236
105
138
196
153
35
220
106
228
38
31
93
238
31
121
33
242
149
32
240
111
153
44
189
56
8
79
248
86
110
156
64
238
34
201
10
192
44
245
89
24
19
189
105
3
242
35
238
64
102
196
10
105
248
176
70
34
115
10
64
122
79
12
8
26
184
137
102
115
121
105
138
155
192
219
10
199
45
61
196
156
110
98
79
176
134
192
39
95
172
64
5
10
37
79
10
76
130
189
76
177
14
136
192
219
38
124
70
115
192
51
116
212
77
106
131
189
70
254
192
196
34
196
219
210
214
102
76
79
10
60
115
12
37
118
10
57
106
196
35
12
141
201
14
156
96
111
115
214
26
147
44
26
86
219
106
76
46
196
19
8
64
135
60
110
189
69
235
149
26
38
124
195
189
192
96
178
187
203
106
27
252
86
138
186
5
237
256
81
189
236
79
155
134
14
70
137
196
137
131
149
220
242
255
189
228
219
190
184
220
39
105
131
240
22
8
166
64
242
148
31
157
64
169
214
13
252
25
42
236
115
114
76
3
192
91
121
256
196
232
102
28
221
79
196
46
46
76
74
67
178
230
76
33
88
238
67
210
220
9
69
81
161
33
106
181
10
105
102
103
56
50
108
220
140
248
178
135
96
192
64
214
228
70
14
228
149
31
81
105
196
110
170
25
103
10
192
79
124
214
177
26
192
86
86
57
98
78
130
139
53
70
64
145
95
190
105
223
230
74
136
160
181
86
32
56
10
189
240
199
149
172
249
42
114
45
62
189
110
106
110
204
223
228
196
5
195
110
22
11
44
10
201
11
26
141
10
60
253
106
42
86
108
79
189
223
238
101
223
196
30
187
10
178
140
230
238
190
26
159
149
238
196
149
228
237
221
27
91
170
108
145
256
199
236
249
189
238
11
237
157
214
163
228
236
44
238
159
229
201
181
155
170
230
55
190
256
192
162
13
196
86
242
96
201
106
57
134
227
221
201
103
238
61
235
224
237
64
212
184
238
228
196
11
240
232
149
13
79
213
10
89
140
2
196
236
236
14
214
192
100
213
117
15
57
196
70
64
219
196
146
34
230
88
210
126
95
88
238
111
25
10
25
9
14
34
137
117
196
196
12
149
145
190
10
153
192
22
108
176
220
103
39
220
69
79
176
237
203
230
35
96
17
111
228
189
145
115
194
115
55
91
196
91
66
115
232
43
93
41
42
22
33
64
64
35
238
247
214
169
98
79
195
48
55
91
56
129
256
140
34
103
219
183
162
236
192
151
145
170
196
111
184
128
10
253
45
116
201
124
249
86
240
192
11
69
213
35
35
32
9
46
86
238
151
13
230
13
35
187
102
46
110
196
25
56
214
157
170
178
52
60
237
60
121
240
249
56
201
170
91
14
256
203
219
170
190
203
110
190
240
159
204
56
13
130
79
103
190
76
76
214
57
37
10
10
149
227
69
184
83
252
192
213
45
256
10
170
14
31
236
78
99
76
12
109
34
25
199
27
91
117
62
192
26
56
192
196
248
186
236
256
103
2
147
161
9
30
115
98
145
86
237
139
237
64
176
238
214
196
215
134
135
10
10
32
44
149
202
201
252
115
97
124
22
115
117
192
163
133
35
169
252
115
95
37
228
10
235
31
121
162
192
10
183
204
140
117
39
133
55
88
186
112
192
218
115
252
238
100
203
31
32
94
236
189
256
73
10
26
189
42
224
13
171
133
42
91
171
163
192
237
155
115
35
84
10
201
232
10
110
201
9
94
186
26
240
213
115
196
103
10
196
120
62
219
237
174
240
229
31
172
35
161
149
94
56
249
253
64
236
150
231
192
214
220
10
201
236
196
17
135
31
91
124
42
66
104
247
196
203
118
242
235
242
10
171
98
201
73
66
11
39
243
186
15
214
207
201
56
88
235
155
31
35
149
85
95
232
85
240
44
240
187
215
98
170
219
157
219
43
22
207
161
76
111
9
112
237
57
15
214
196
113
224
117
10
196
102
11
170
103
10
223
10
133
184
203
35
52
120
228
192
96
196
35
10
155
55
199
31
170
93
67
201
39
194
169
33
106
100
25
99
256
63
86
70
235
86
242
33
245
256
116
201
99
196
86
196
189
42
38
25
170
42
63
9
160
35
196
235
196
196
31
85
133
236
1
189
184
252
199
235
187
117
16
65
158
201
170
33
228
228
164
133
187
70
153
120
170
63
144
85
28
192
39
79
56
242
69
149
31
85
42
240
64
137
64
63
207
10
207
85
27
41
193
10
208
10
148
216
252
76
63
133
2
105
35
32
197
35
57
163
64
22
64
98
210
237
224
98
170
35
61
161
194
196
192
69
235
15
85
183
194
94
2
170
56
235
91
27
69
33
184
22
45
108
113
27
56
27
254
33
104
137
163
31
216
235
61
187
69
25
108
55
170
10
117
35
133
85
10
190
85
231
117
199
39
27
133
48
10
150
10
9
200
201
85
56
85
42
99
215
35
124
124
121
48
80
163
85
163
216
113
85
237
254
85
85
61
192
69
184
170
27
163
13
25
237
161
73
133
82
133
57
52
174
174
25
237
56
133
217
247
9
85
72
41
10
226
48
163
163
124
181
85
237
148
196
36
88
82
85
17
166
215
77
159
99
88
163
255
56
159
237
145
153
12
103
133
48
91
57
46
66
85
163
196
181
24
161
124
26
85
82
81
106
133
215
57
108
159
133
19
12
85
69
133
219
57
232
163
133
194
133
228
9
133
48
215
13
237
76
56
133
184
158
26
133
243
85
199
82
133
133
2
232
133
4
133
68
133
4
133
133
163
85
218
82
39
133
61
25
133
232
85
64
159
133
85
133
110
82
133
237
217
133
85
133
133
45
133
133
133
86
133
133
24
92
82
133
58
133
