18
18
172
172
103
127
51
127
103
91
172
83
51
147
199
91
160
105
69
160
38
68
199
54
248
91
238
178
127
236
250
91
248
44
248
172
54
44
126
254
51
167
245
83
126
147
147
92
142
83
145
227
180
169
245
37
118
168
47
11
167
91
168
220
63
181
130
204
44
11
110
147
147
44
18
2
11
128
126
217
30
227
116
38
250
93
38
184
147
252
216
227
215
32
213
167
105
76
248
39
168
136
32
217
74
2
215
110
93
38
237
67
26
38
26
214
54
164
155
101
147
233
93
56
255
61
94
29
52
55
211
145
24
105
159
168
210
147
55
154
114
127
181
114
54
167
210
33
115
150
204
33
101
236
73
242
192
167
3
142
255
235
167
6
90
105
58
38
147
36
168
38
177
9
99
76
37
105
194
99
249
218
157
6
36
177
216
178
83
227
174
37
180
177
252
149
94
26
243
206
180
49
38
75
175
83
135
72
243
13
198
122
131
66
37
211
132
58
236
251
142
228
86
242
98
153
61
147
37
36
187
38
114
130
83
61
101
94
216
58
44
197
187
63
126
131
248
93
131
187
6
219
207
99
153
13
177
212
107
48
213
108
61
157
174
105
167
4
195
2
170
116
195
247
142
131
238
38
195
210
66
55
105
217
83
187
117
65
157
47
97
105
105
90
142
38
213
161
93
213
183
94
252
192
34
61
90
70
25
39
38
153
244
237
180
57
193
167
187
226
135
252
51
247
226
6
253
8
135
248
37
190
187
252
32
18
247
117
21
183
105
189
27
217
131
248
217
38
18
120
37
238
6
117
62
211
76
187
93
215
78
201
106
11
245
39
119
24
238
247
142
142
59
232
127
253
6
93
43
229
53
52
39
110
3
172
65
90
152
161
13
152
226
147
245
9
185
83
8
158
147
247
158
28
167
181
61
105
161
42
17
248
57
11
180
86
38
85
153
38
6
216
110
68
206
37
183
171
196
99
39
67
226
125
42
199
60
138
245
105
152
9
43
187
131
9
3
86
182
17
124
170
211
234
116
37
66
65
64
83
253
141
190
191
122
51
211
206
189
212
90
93
108
15
54
184
56
63
251
6
128
182
212
152
141
93
28
83
197
227
93
158
217
9
36
247
21
217
60
130
141
65
58
3
227
126
251
18
24
212
105
120
28
172
234
183
172
155
184
212
37
182
32
6
152
15
67
181
187
216
152
125
164
135
105
138
14
105
211
210
60
32
211
66
206
33
210
99
154
96
147
1
183
88
105
122
14
99
245
127
212
132
39
39
215
233
136
39
103
184
2
187
68
153
83
37
59
87
235
125
187
24
235
83
212
151
156
212
36
210
91
8
3
63
67
54
131
183
35
85
150
160
37
54
57
233
184
191
184
83
36
217
119
43
28
93
54
234
246
14
182
114
151
187
3
128
129
126
6
224
193
247
138
47
87
13
72
51
116
54
141
227
155
235
100
178
179
171
43
150
63
244
182
68
17
114
83
241
41
54
14
217
147
131
2
24
215
58
60
119
195
142
188
14
110
141
210
32
155
41
196
30
236
241
129
83
134
232
252
109
190
52
30
142
131
54
235
24
252
58
122
3
34
135
119
117
103
199
66
223
244
87
32
211
40
154
103
66
180
21
130
247
134
187
32
97
127
20
240
129
37
142
94
104
24
124
124
212
211
245
83
49
135
220
26
94
212
14
182
203
32
139
141
255
101
207
226
216
149
217
227
122
223
138
169
61
60
227
83
83
135
110
126
216
180
191
149
61
207
224
58
233
231
172
1
217
106
236
119
131
65
69
193
149
141
135
223
120
42
93
94
255
60
171
24
212
89
203
90
110
244
58
220
9
124
207
116
244
116
251
49
33
245
226
18
105
241
21
15
135
141
32
227
45
103
132
5
21
60
245
168
2
229
12
171
205
87
142
156
226
139
156
155
105
156
24
217
43
98
48
168
83
227
125
5
233
248
13
226
123
226
207
78
138
32
114
172
205
149
78
42
53
238
99
54
68
109
60
127
241
129
43
28
90
241
245
83
221
235
12
21
93
187
96
212
215
57
8
93
154
114
156
248
205
167
30
159
88
221
188
246
247
212
10
92
235
54
210
144
212
227
231
82
79
192
187
174
61
65
109
178
87
49
181
239
13
68
199
227
211
172
103
192
190
38
110
207
37
76
191
252
63
83
214
104
37
221
38
36
50
119
171
17
184
128
175
1
256
57
119
195
179
180
215
43
48
232
227
179
183
251
29
247
87
179
59
135
198
156
110
101
93
116
187
141
122
245
207
235
54
38
114
124
99
59
223
152
5
46
156
83
122
90
106
245
27
207
57
98
158
134
101
122
226
234
191
191
138
125
143
61
63
93
91
49
78
109
191
83
60
219
245
227
42
130
245
245
198
168
5
37
229
212
37
227
38
234
94
78
148
79
44
232
180
191
77
6
12
122
71
219
58
224
227
30
217
239
241
125
83
61
187
245
26
191
141
30
224
216
200
15
245
59
4
135
119
216
43
241
68
87
249
16
233
93
207
142
198
254
48
227
135
83
30
90
167
147
90
249
226
90
24
54
227
83
180
237
132
67
26
244
5
189
233
139
67
98
218
13
17
188
163
117
57
37
212
151
36
164
244
58
192
30
2
247
227
16
212
198
185
217
135
101
212
128
5
187
168
37
109
167
135
192
207
217
156
245
55
61
164
17
187
130
227
142
228
172
110
255
120
119
247
113
116
207
19
224
90
13
185
58
62
188
120
120
200
96
14
68
147
90
185
246
12
114
227
58
36
161
79
244
130
227
247
58
147
3
190
245
67
67
11
187
165
135
61
167
184
216
234
41
156
110
98
38
93
33
24
231
83
83
132
29
168
60
227
105
36
48
167
93
14
40
200
53
73
90
217
119
156
216
54
180
102
231
167
83
147
149
193
156
241
1
43
227
37
114
102
93
252
86
21
30
113
160
156
24
36
249
65
129
218
105
233
132
109
191
181
217
147
136
192
67
167
69
187
167
87
206
24
95
46
156
61
123
36
207
31
38
54
38
112
82
191
131
207
129
233
149
179
198
68
49
242
210
74
218
90
184
192
6
193
241
92
119
244
116
119
68
233
30
227
97
152
1
171
24
206
238
30
254
241
38
195
207
244
156
227
30
244
27
83
218
188
24
2
120
65
246
199
83
100
168
60
33
247
130
39
200
171
212
119
233
207
185
221
3
116
41
113
217
104
212
245
222
60
153
141
235
187
184
58
63
16
113
245
254
120
225
217
159
141
68
248
18
119
147
90
244
126
14
3
247
58
14
93
3
36
132
79
254
19
219
141
4
187
24
141
104
187
11
65
156
142
43
28
2
168
167
83
185
28
119
187
19
122
60
206
14
156
182
167
39
42
142
226
43
234
245
116
188
168
93
227
98
204
192
210
250
119
168
122
156
117
130
54
83
245
58
249
191
30
131
126
139
136
149
245
233
247
58
6
153
26
179
187
13
188
78
4
42
198
105
221
190
18
169
227
143
30
147
38
68
78
224
135
38
27
99
227
225
28
156
169
198
143
59
180
197
222
130
109
58
132
211
30
142
189
199
36
79
122
192
136
119
156
58
223
46
24
87
10
60
47
168
46
14
198
121
168
187
27
119
227
82
20
24
4
156
14
238
83
153
66
217
14
134
46
43
187
142
241
141
164
83
210
6
119
181
174
6
198
38
49
30
193
1
245
183
184
119
254
222
6
113
156
2
198
108
216
254
64
125
119
171
101
135
1
101
2
1
195
38
142
165
173
152
218
216
131
131
135
24
241
93
113
109
30
164
131
185
233
43
83
185
122
187
90
2
58
226
122
31
61
118
244
191
156
24
232
19
255
216
26
119
49
233
132
74
61
218
79
218
189
200
36
65
1
156
60
114
30
245
202
182
195
130
244
200
192
226
206
182
217
28
67
49
231
171
90
205
131
176
180
226
241
246
117
47
47
49
70
93
217
241
105
14
211
182
65
43
137
20
134
14
37
83
180
156
30
141
92
246
114
157
6
187
210
183
43
30
28
119
79
192
212
217
140
114
14
200
254
141
37
188
232
103
113
171
216
212
227
137
169
26
241
78
70
86
175
241
1
117
70
226
175
26
43
187
180
30
60
119
1
247
135
217
158
211
221
148
199
31
147
227
1
103
58
136
58
47
167
46
43
68
245
156
21
156
212
14
255
183
247
187
43
226
68
195
223
24
131
14
160
227
70
174
2
167
125
58
46
153
2
6
198
156
38
207
57
107
158
130
21
217
127
173
147
241
109
117
30
226
171
36
171
156
195
253
171
83
34
168
167
224
41
229
79
187
185
185
1
83
211
217
220
158
180
5
122
243
172
20
37
167
191
131
79
187
37
68
145
255
135
117
176
156
158
131
169
21
6
118
2
6
245
207
239
58
38
93
1
30
245
68
185
119
219
118
182
227
156
167
241
247
77
24
191
56
179
42
60
142
113
245
217
185
113
86
247
32
212
245
142
156
6
226
46
107
234
77
241
3
187
218
60
90
60
245
68
221
168
114
119
46
224
135
107
232
36
24
6
141
145
63
198
31
120
47
179
205
118
131
171
36
1
187
71
67
132
248
90
120
1
235
233
61
46
119
92
36
104
152
109
78
79
68
187
171
185
246
158
247
30
126
107
144
37
169
158
109
67
37
119
18
55
90
90
36
233
188
43
29
115
68
61
100
180
61
223
109
90
223
119
134
109
212
14
34
187
43
127
156
217
115
195
47
43
233
227
132
254
122
5
120
46
43
192
90
152
132
122
191
187
255
30
119
43
233
156
90
241
137
90
187
134
58
171
113
47
132
43
198
30
148
40
109
46
101
250
168
46
247
217
36
228
156
6
227
107
6
116
43
119
170
188
247
136
60
130
239
128
58
58
231
6
6
132
179
113
68
139
229
37
46
187
187
40
14
30
233
83
135
109
241
125
107
173
233
43
71
146
4
109
132
90
21
217
137
241
125
65
141
247
234
24
4
185
245
191
47
164
224
46
152
108
24
131
142
109
109
119
224
188
224
90
195
90
180
47
191
244
248
122
2
93
