126
90
126
90
222
220
79
220
217
132
90
222
222
183
79
51
171
47
235
118
98
222
222
30
183
147
171
181
200
62
54
246
112
98
217
8
30
165
175
183
106
222
222
222
6
222
28
8
254
8
37
177
177
105
112
181
51
62
149
8
6
222
15
222
217
92
94
98
245
171
14
9
167
30
147
118
200
6
167
94
87
15
222
158
6
6
165
62
118
206
206
252
83
177
54
123
206
37
200
37
37
237
222
6
119
127
83
171
118
127
27
222
171
229
226
132
37
174
4
54
177
98
109
6
226
3
206
92
109
4
118
69
171
129
27
229
174
171
167
246
98
127
216
171
129
154
181
226
93
228
85
222
58
241
250
241
129
199
61
154
51
222
198
216
246
147
129
206
198
13
241
129
38
141
246
98
105
129
224
184
154
174
102
246
252
15
154
54
94
93
171
181
216
171
142
118
241
147
112
227
85
171
246
141
118
37
24
177
217
98
105
165
38
79
47
9
233
114
68
79
123
198
79
114
246
123
173
118
147
129
109
68
79
171
160
102
220
247
92
37
174
227
54
182
244
33
122
6
147
91
224
199
125
92
100
3
112
109
252
246
123
1
125
28
109
138
75
38
6
183
90
33
118
83
171
93
102
144
235
216
118
154
49
33
245
6
212
6
63
46
28
212
154
233
8
184
28
141
197
207
79
67
68
68
246
154
132
245
142
129
129
69
92
132
37
109
246
216
216
198
246
14
122
44
234
93
246
114
68
141
138
246
212
222
28
10
246
233
141
92
213
122
15
94
138
138
212
243
246
218
227
57
241
246
246
12
154
132
246
132
39
43
64
152
118
198
227
245
68
118
114
97
141
28
83
122
245
27
109
211
14
246
212
138
39
79
77
211
81
198
253
144
231
195
163
199
107
28
188
154
49
2
49
109
141
125
141
173
171
96
246
177
227
107
94
212
137
125
247
43
68
131
147
155
68
109
47
110
127
245
125
224
256
167
224
122
38
89
138
68
49
200
120
207
68
49
246
158
154
68
68
24
84
68
68
26
47
181
59
216
224
147
224
181
193
247
94
247
47
193
244
245
49
94
5
199
182
255
49
219
46
211
61
243
182
7
193
181
49
199
68
192
147
68
246
193
68
84
61
171
246
117
251
78
198
47
129
222
108
92
224
246
246
246
164
49
93
193
242
148
72
245
79
49
152
12
68
66
4
171
220
216
73
111
138
213
246
14
49
20
68
100
101
218
198
129
82
53
9
9
3
107
246
246
12
193
140
246
223
217
115
4
3
85
94
115
216
246
33
4
131
251
53
94
212
149
212
9
246
212
9
68
4
139
163
155
38
142
101
111
12
12
44
156
220
220
248
148
135
247
12
148
163
241
112
132
12
85
12
12
