186
166
146
186
141
88
203
80
240
231
7
107
95
146
231
7
65
40
186
144
107
169
7
59
186
31
169
144
166
227
58
121
7
191
220
169
191
117
170
107
180
194
90
144
144
236
29
203
113
36
65
113
182
194
40
231
250
144
205
194
231
194
7
113
206
97
80
83
206
244
141
182
249
230
113
205
88
84
205
135
87
249
113
36
36
166
113
40
205
171
93
65
113
36
103
113
222
194
139
231
59
16
145
248
75
165
7
113
180
113
59
179
206
191
201
195
98
203
21
57
113
114
86
7
185
205
144
73
195
31
115
121
239
185
231
21
244
75
36
194
248
250
58
30
59
113
182
30
32
87
228
252
107
16
209
80
71
7
36
185
191
58
194
81
113
40
230
41
229
144
209
191
113
67
9
132
66
75
179
234
41
29
93
21
75
150
52
236
231
146
59
185
203
169
165
185
135
239
219
41
115
151
43
234
117
81
113
15
166
58
7
204
63
59
7
113
121
41
114
166
90
16
160
84
130
98
93
121
195
29
175
84
88
136
252
109
191
183
89
1
67
141
144
86
166
248
185
144
191
40
180
146
27
184
111
10
107
166
131
180
235
62
113
3
146
132
130
250
40
160
231
36
7
86
179
81
200
114
138
125
33
151
90
219
40
165
58
7
95
40
134
113
107
253
55
150
17
66
180
7
1
58
184
162
41
214
190
203
230
36
71
107
164
229
174
73
113
203
41
82
71
206
224
234
125
113
130
121
108
224
234
67
228
244
67
146
227
113
3
67
113
248
154
63
191
93
141
224
36
184
110
178
191
144
128
40
21
144
160
113
184
160
83
238
40
200
87
95
95
59
113
115
169
248
66
224
116
151
203
144
208
97
69
36
3
113
243
83
229
184
107
146
177
145
216
113
224
228
184
107
205
191
183
146
59
194
92
47
32
119
169
103
222
113
144
175
121
141
238
191
222
92
210
221
107
231
92
81
179
203
149
41
114
84
86
184
32
75
231
33
20
40
224
70
94
54
235
144
195
106
21
107
73
225
41
25
108
21
93
179
66
203
73
27
160
205
21
172
231
113
130
113
94
208
154
217
90
238
169
191
185
50
146
40
201
160
132
129
234
240
251
125
182
113
65
121
256
166
235
246
113
135
183
54
185
69
206
71
65
249
59
151
17
145
67
36
192
95
207
239
91
141
221
188
254
25
107
10
169
26
7
182
115
235
207
203
9
213
118
113
107
217
10
154
144
150
235
91
227
113
111
191
235
67
125
97
251
73
236
179
169
98
231
222
180
206
211
185
205
61
97
10
113
112
125
228
5
144
97
77
59
224
91
132
191
73
188
217
75
106
180
235
115
29
97
118
97
91
81
119
69
16
77
67
244
239
144
77
135
9
40
136
200
119
222
141
229
249
144
113
228
235
144
107
191
20
228
42
114
203
93
63
225
135
107
77
4
141
108
24
231
250
3
242
250
47
88
146
31
5
114
185
249
248
16
185
208
176
224
169
222
141
183
230
235
251
111
142
114
234
143
49
5
7
91
105
244
141
231
150
215
90
242
86
38
235
107
90
184
248
180
151
185
27
78
235
86
144
184
178
73
237
84
7
224
250
41
182
250
63
113
229
90
244
184
91
195
238
229
244
114
41
235
135
131
66
234
66
144
217
254
231
183
77
40
121
149
41
43
110
170
59
90
171
107
44
232
175
185
134
89
108
7
178
235
25
104
185
73
103
184
147
88
184
191
222
232
229
36
111
73
146
191
128
89
113
222
196
102
227
242
154
184
235
164
27
183
185
189
234
24
244
160
196
225
211
6
200
61
26
150
162
141
65
178
225
42
239
66
221
80
247
227
63
156
112
89
94
92
120
108
182
59
219
112
190
66
16
107
21
89
242
164
118
222
201
157
73
188
21
229
221
97
95
113
71
190
233
131
27
56
235
225
125
232
73
248
224
110
184
32
88
41
111
39
191
201
246
175
149
26
90
40
44
130
65
103
53
29
125
111
186
77
113
21
191
83
192
36
183
144
236
236
250
244
107
97
14
77
234
128
203
111
98
128
21
9
164
150
88
41
206
188
143
94
185
47
57
59
195
113
115
201
185
144
65
156
71
110
111
97
185
18
95
65
106
185
222
247
6
107
119
195
113
78
25
88
166
180
26
230
161
36
91
34
119
175
83
174
114
199
113
65
64
17
238
42
83
76
58
99
185
179
26
19
228
50
160
42
174
92
166
230
64
50
254
190
207
131
235
56
39
63
240
215
88
33
235
136
150
144
111
241
123
69
5
69
221
183
128
224
98
31
191
113
191
128
35
222
104
219
170
77
205
221
45
206
159
99
26
228
217
42
20
141
38
246
154
88
184
114
183
194
88
196
253
211
33
46
58
251
146
176
221
121
230
163
112
88
235
230
162
117
42
59
221
235
119
25
235
73
39
230
230
10
222
209
220
238
89
206
14
228
206
107
178
170
256
142
50
230
130
153
162
178
213
40
228
73
162
191
192
115
231
239
92
88
125
151
244
144
39
184
65
83
237
243
27
209
73
205
21
191
103
91
178
47
178
57
32
256
20
215
36
25
83
88
234
243
25
235
170
192
95
113
203
25
235
221
191
150
157
89
107
102
102
109
194
222
125
196
152
200
87
114
208
121
150
20
194
21
76
184
16
178
80
18
73
134
103
61
170
228
194
206
256
119
28
223
141
226
86
170
66
119
170
27
178
144
113
94
229
24
95
135
111
231
165
225
107
185
88
207
206
174
88
56
107
65
85
184
59
59
180
152
41
107
229
115
213
235
12
235
65
144
221
50
180
119
234
163
219
182
59
110
115
228
36
163
244
185
87
238
205
108
117
66
187
190
108
120
189
191
184
243
247
243
232
182
230
219
76
243
212
77
58
68
66
69
240
256
52
124
107
249
185
56
113
237
36
242
124
191
182
31
256
186
41
233
58
94
231
20
178
44
118
184
117
15
107
191
236
228
180
250
121
157
53
133
35
125
192
214
61
162
174
240
240
146
67
170
101
235
59
80
203
229
12
192
171
209
7
38
184
175
186
15
47
73
117
59
184
43
242
69
86
77
121
142
157
256
204
228
77
66
70
65
146
16
144
174
106
236
240
223
205
207
171
146
135
235
238
83
21
254
146
156
108
247
221
191
218
99
185
77
192
64
34
36
86
61
93
248
55
144
77
176
190
9
103
99
80
163
206
255
9
128
77
99
21
94
102
131
89
163
82
14
163
174
228
116
121
67
92
32
178
41
183
115
144
213
192
72
240
194
236
215
161
246
25
183
25
191
184
145
256
27
207
105
13
45
77
190
88
86
113
192
7
88
232
67
77
235
243
39
191
190
80
163
9
107
235
120
20
178
130
44
156
120
36
117
196
230
104
235
215
170
184
15
231
99
222
180
123
252
42
85
119
40
7
130
94
26
88
252
166
178
213
81
248
191
73
191
104
254
111
8
101
104
120
72
8
94
119
235
25
70
142
194
80
11
235
44
107
184
200
77
31
253
81
253
118
163
252
72
7
118
189
135
77
94
86
248
18
111
202
76
120
242
235
84
26
170
215
67
81
64
120
91
248
72
152
88
33
141
170
41
5
36
222
32
42
77
68
77
169
94
113
172
32
111
146
7
199
76
104
32
194
44
81
141
215
133
248
63
146
230
205
40
72
234
234
53
144
184
56
115
146
125
196
52
80
248
222
190
27
182
191
141
108
185
128
11
108
235
71
163
213
125
32
118
27
1
146
32
170
202
10
191
221
141
145
25
68
77
239
184
223
79
202
25
180
9
25
225
121
230
68
26
191
108
228
16
45
224
76
61
107
170
142
77
143
237
72
40
129
226
52
207
73
91
118
215
11
118
99
107
83
213
73
82
235
52
152
34
98
203
218
239
119
71
59
178
169
186
7
64
73
99
224
197
113
190
85
140
256
194
54
226
124
104
36
26
35
113
21
146
220
110
119
191
222
74
246
42
113
77
238
115
83
225
233
87
159
13
180
236
215
72
20
111
254
173
113
32
121
32
86
244
192
194
20
173
25
196
25
10
232
166
193
88
21
21
202
35
184
76
61
36
146
170
99
77
204
248
174
108
248
224
97
234
86
235
83
222
226
196
152
88
221
12
173
141
196
196
191
111
185
27
15
124
25
166
174
67
71
172
53
9
207
159
107
77
77
72
25
175
87
170
111
215
205
207
184
202
221
62
219
248
229
25
230
80
174
148
249
170
119
88
56
33
89
104
232
110
210
219
56
239
191
77
124
238
161
178
88
175
92
218
16
207
210
166
161
124
36
203
118
64
82
152
26
238
169
88
178
72
107
118
88
172
117
200
40
161
15
42
115
231
82
20
113
20
115
88
16
182
26
61
236
99
121
155
73
249
176
145
224
230
254
232
99
237
210
104
5
173
65
20
181
53
240
218
131
237
32
13
152
63
133
104
64
63
88
74
219
196
244
238
69
63
56
232
170
152
218
196
99
160
31
53
113
97
48
163
71
201
91
78
158
214
73
207
133
201
44
170
253
237
207
213
175
65
44
58
25
37
244
124
152
49
77
53
161
188
32
107
84
142
245
202
71
88
31
50
117
183
70
91
110
53
148
236
252
169
152
201
170
238
191
31
184
31
232
203
65
155
236
130
161
197
101
64
104
99
244
231
49
254
180
156
88
88
204
18
175
25
157
66
133
23
10
152
194
76
161
256
4
136
232
52
46
34
124
198
184
240
256
91
32
229
196
232
25
161
234
44
144
249
63
138
53
219
178
224
110
230
228
235
152
32
169
35
93
207
124
236
189
93
120
120
102
218
31
5
5
170
80
99
53
107
119
174
203
244
115
228
249
161
73
32
81
170
203
35
170
193
158
175
249
69
113
240
63
4
191
65
72
73
232
184
16
20
203
131
121
180
255
88
72
240
130
48
88
53
31
236
13
256
190
197
152
240
91
10
52
199
19
215
20
201
201
38
157
184
88
256
20
23
65
64
155
252
253
219
235
119
85
105
152
124
73
53
105
40
88
155
91
38
20
152
164
249
175
240
24
15
170
203
204
161
152
152
25
82
17
71
196
236
180
170
159
119
107
58
114
244
225
255
82
228
244
83
180
169
5
242
238
81
101
72
180
107
157
179
191
34
88
193
119
29
52
20
249
137
133
142
203
244
131
65
180
161
91
111
107
13
39
35
152
210
31
152
59
154
35
180
228
81
176
253
78
88
118
134
155
246
252
72
64
27
8
149
238
248
230
219
173
201
180
36
201
169
244
25
197
30
252
4
14
36
113
152
106
190
238
230
9
175
244
176
256
228
248
5
254
170
115
54
46
5
78
64
149
39
163
244
169
49
82
141
34
34
221
221
186
201
147
191
224
176
254
20
197
40
190
203
234
182
75
146
142
36
234
191
142
246
234
107
191
236
85
82
242
192
108
120
61
240
197
241
36
142
36
4
184
35
255
142
107
175
204
234
149
4
212
244
195
107
5
113
35
169
107
48
36
11
11
206
212
53
72
107
4
156
46
46
5
4
187
205
193
96
100
228
90
234
105
205
185
245
5
135
152
53
120
209
24
229
144
