95
95
111
252
95
212
183
95
29
111
24
147
96
129
95
192
64
219
209
220
256
95
106
230
106
66
66
149
13
87
164
106
228
143
96
75
75
73
106
162
143
145
75
209
93
6
242
69
84
46
145
149
169
75
75
144
131
21
95
58
58
209
143
147
162
52
176
87
84
69
105
136
111
138
69
252
143
150
248
84
84
15
76
243
162
150
145
138
15
111
145
219
86
243
127
176
145
16
58
243
251
75
84
145
180
111
95
255
22
91
243
57
144
180
140
184
180
145
138
15
242
51
250
69
85
145
96
175
84
96
102
153
105
95
3
22
145
123
74
141
34
22
144
26
86
222
54
7
182
214
105
156
210
24
24
49
26
159
242
84
51
181
144
155
250
197
122
170
226
140
144
248
142
177
111
11
111
220
7
218
142
110
73
96
76
133
168
142
5
104
250
158
54
86
85
242
58
183
86
242
214
145
226
240
185
29
243
204
235
181
133
28
166
61
84
242
149
201
126
128
218
123
178
145
153
58
58
85
85
58
54
24
151
48
72
215
215
176
8
51
126
64
81
151
135
218
250
133
64
17
128
115
159
66
223
83
213
218
205
166
21
214
251
91
242
66
135
209
183
17
144
164
235
57
150
221
213
58
150
7
231
221
18
45
209
242
17
115
80
7
204
182
147
208
163
9
205
193
210
161
229
193
60
242
166
120
178
142
63
197
180
36
135
149
213
72
25
81
60
164
243
75
72
51
75
243
75
129
17
29
24
129
182
129
51
166
69
29
91
143
164
83
221
74
243
143
143
75
107
129
72
31
135
243
16
136
123
213
133
232
212
143
92
182
181
63
231
60
185
197
46
174
197
232
181
143
229
250
143
231
231
15
181
216
81
72
60
67
143
76
56
15
123
206
2
229
115
181
47
123
143
247
154
104
197
78
217
240
32
100
95
148
87
133
130
244
98
202
165
30
20
54
160
163
193
182
30
92
15
206
154
244
100
122
160
134
71
62
200
15
149
30
235
150
180
230
15
200
15
244
95
204
197
92
72
193
244
117
217
42
117
199
62
51
214
71
15
134
204
116
193
57
231
138
129
15
44
82
117
67
33
130
255
14
117
82
194
200
165
14
71
199
95
254
87
196
141
255
212
218
122
21
154
112
32
87
200
122
187
50
218
133
137
61
165
143
63
165
182
50
21
122
126
165
218
30
243
241
126
24
168
99
1
10
199
60
65
37
73
158
37
167
235
108
255
41
235
9
165
82
154
24
30
217
218
65
165
97
47
168
50
143
17
138
89
148
187
38
24
30
147
202
47
200
122
151
244
38
60
20
71
188
83
32
143
199
69
30
21
17
147
241
219
162
233
156
60
255
46
33
234
194
92
36
200
227
124
91
207
30
146
65
126
200
116
200
30
30
30
160
147
117
5
9
37
200
148
233
234
164
116
30
60
69
234
200
107
206
61
117
167
162
122
113
121
200
143
122
30
6
36
41
38
171
28
227
179
165
128
36
118
59
98
227
143
163
4
9
38
3
98
30
147
153
193
167
227
74
177
159
239
10
122
44
55
21
92
12
207
223
61
102
171
193
98
67
216
227
116
57
229
207
136
200
121
227
167
233
200
163
255
206
196
175
234
218
174
171
157
146
141
215
218
12
117
214
206
221
76
88
238
73
1
109
218
215
193
248
144
198
202
157
