151
97
151
40
33
40
80
244
231
180
160
191
160
128
194
87
7
97
7
237
166
7
250
180
95
87
90
33
204
180
17
29
97
236
176
95
128
22
191
48
236
89
62
250
7
14
138
240
138
220
67
165
87
170
11
58
33
51
40
33
203
164
150
21
91
22
211
250
116
256
101
150
150
231
71
7
39
165
1
11
230
231
250
204
208
150
176
106
116
204
40
27
101
238
155
40
32
84
164
1
33
7
92
145
91
138
27
128
11
208
249
211
95
141
79
1
98
145
241
2
18
55
71
101
244
165
112
22
76
103
251
212
84
147
91
11
11
153
7
31
164
187
100
14
65
121
164
212
90
74
11
138
248
64
101
116
22
176
176
192
81
97
71
128
176
27
150
115
98
101
18
145
252
91
11
195
184
253
195
207
187
214
79
220
135
87
176
105
88
58
192
250
187
28
128
252
106
229
138
242
176
251
255
195
18
186
59
176
59
176
185
211
18
239
17
256
59
186
1
34
59
75
65
38
66
11
205
87
70
115
74
214
33
8
26
75
84
168
164
62
191
190
148
151
101
231
153
141
223
236
58
206
42
242
211
11
70
113
99
106
91
47
62
84
32
135
222
196
200
162
75
22
79
35
30
28
33
233
1
140
252
165
106
8
14
75
101
132
170
42
22
31
204
84
27
112
191
21
238
151
69
59
118
75
60
231
247
57
62
229
150
162
203
79
135
176
58
101
51
18
180
252
174
90
108
37
55
55
47
1
101
106
51
11
71
84
60
170
2
90
132
155
223
55
67
225
180
121
22
116
244
170
154
104
95
225
74
116
204
8
172
212
233
67
236
81
102
41
207
66
187
67
164
101
109
244
129
219
127
33
73
43
1
174
205
132
34
222
135
222
59
132
99
80
230
164
202
115
104
126
97
81
108
222
11
140
60
229
192
132
160
61
87
97
140
192
64
212
90
55
75
240
145
119
253
244
207
129
132
148
87
60
233
97
60
5
80
60
239
151
195
89
205
191
74
31
91
61
8
248
182
129
101
100
7
94
94
183
187
87
73
137
222
211
97
195
190
135
59
32
115
11
104
18
130
237
229
205
117
187
189
79
229
154
11
114
187
206
74
170
35
57
187
100
97
129
95
47
151
187
90
199
179
95
205
138
142
33
244
176
14
22
252
47
144
71
132
139
236
253
229
21
60
94
11
40
192
164
58
57
214
10
153
94
203
135
30
116
168
244
248
125
169
60
2
204
124
49
130
206
194
126
10
187
253
253
195
79
142
79
132
244
154
244
206
198
69
101
231
167
125
73
113
187
61
136
179
176
147
91
70
40
255
141
74
220
132
115
60
244
246
60
252
64
253
205
76
72
239
22
187
135
183
100
164
87
60
142
40
91
220
237
101
220
244
125
180
87
229
58
187
256
231
160
243
60
142
58
73
237
61
248
8
129
14
192
59
17
38
148
187
183
25
75
151
61
163
71
59
1
136
60
195
179
134
164
87
126
195
96
248
204
206
248
183
150
187
176
256
237
219
60
142
181
67
134
102
11
122
205
101
192
50
38
14
11
87
66
96
40
135
2
69
220
31
244
132
252
44
135
108
226
212
123
229
132
132
1
180
47
102
64
21
230
169
65
94
187
8
187
103
114
87
148
151
183
229
132
11
187
102
103
167
214
33
167
94
102
177
194
69
189
165
38
74
41
243
128
60
28
222
87
170
128
142
132
27
229
180
229
35
227
253
14
14
73
195
222
179
179
135
191
5
67
47
145
64
238
40
191
11
205
87
231
128
176
47
115
62
101
164
68
169
248
219
180
236
114
161
212
245
226
79
14
176
34
11
187
252
95
235
14
192
222
96
25
114
21
14
80
100
33
90
74
195
148
196
191
28
244
84
164
135
191
22
154
61
127
162
122
30
95
95
243
126
126
25
39
164
139
212
33
98
167
129
84
187
137
184
223
223
24
100
252
83
48
8
213
60
145
191
36
108
20
203
116
126
126
252
11
189
191
11
205
189
79
187
36
38
104
1
236
32
150
60
58
99
251
117
60
187
247
129
207
253
229
226
96
107
25
175
224
40
148
33
10
115
58
199
209
179
9
102
61
60
182
30
32
171
145
84
39
164
32
18
61
253
84
21
1
233
135
132
174
69
253
81
33
87
10
233
39
33
253
240
212
103
125
182
192
125
147
61
226
245
167
170
86
135
132
125
15
132
81
84
125
224
36
191
125
50
135
2
9
17
125
205
33
94
244
191
243
46
206
60
201
140
43
233
1
60
65
182
226
245
233
60
243
231
147
118
96
152
74
243
125
119
60
63
126
96
111
162
118
156
195
68
253
111
102
206
253
185
229
74
12
219
125
129
160
152
211
107
32
32
192
174
135
11
52
103
211
141
68
95
244
243
46
74
244
69
130
112
184
202
229
68
33
9
20
137
231
136
231
25
59
71
223
194
27
139
141
79
100
195
11
138
32
11
246
37
219
100
36
39
132
230
25
202
27
17
2
253
68
29
180
188
172
125
42
219
184
7
50
24
59
29
60
25
235
173
49
127
123
46
226
220
187
68
190
180
93
174
139
167
253
253
59
83
178
10
14
33
196
135
229
113
125
70
132
57
58
164
77
205
65
17
100
163
187
73
58
135
165
81
233
244
185
108
217
7
60
229
77
14
132
69
119
75
245
207
60
179
43
119
144
167
30
125
241
10
154
141
46
144
130
11
125
187
20
2
187
248
43
43
60
34
191
63
58
60
202
123
191
172
2
58
65
130
129
60
11
58
219
77
229
194
24
61
154
224
100
60
207
28
77
145
43
253
33
205
30
227
125
217
163
20
191
112
60
89
125
179
92
64
245
174
77
247
113
69
153
246
191
139
29
60
1
133
101
246
54
231
226
77
174
60
256
191
217
191
1
113
174
163
217
25
1
100
66
91
160
141
9
132
58
30
20
141
114
30
108
185
167
77
116
68
226
210
213
231
103
185
250
171
112
100
185
246
9
254
172
217
185
30
246
125
251
36
100
49
36
77
123
129
241
34
185
17
199
83
180
137
227
137
58
88
243
173
61
231
99
43
32
156
185
224
101
60
2
118
223
77
135
9
180
224
141
77
215
167
251
77
41
205
141
227
107
166
154
166
109
77
92
191
58
221
70
253
191
138
130
191
171
118
135
91
171
43
202
139
125
8
171
77
119
30
43
18
37
198
150
219
17
17
174
253
55
152
226
58
81
183
234
187
107
107
247
247
118
205
29
211
127
60
227
191
125
25
68
233
60
202
119
41
169
119
246
227
2
7
172
104
36
60
217
70
77
32
60
138
68
251
150
59
179
107
224
60
120
60
43
20
207
49
138
191
78
60
119
227
254
30
185
68
30
171
171
195
226
73
224
68
21
135
8
195
29
78
59
244
132
29
188
180
7
91
188
139
124
194
43
191
116
117
141
60
231
254
202
216
119
30
227
188
25
254
104
188
185
22
28
59
43
160
188
224
127
37
231
67
150
207
165
7
245
151
231
135
156
43
37
17
28
154
77
68
226
47
36
14
183
93
37
184
68
224
227
62
224
20
199
30
20
173
224
207
160
185
36
191
135
153
68
21
40
31
217
224
185
179
40
68
191
237
217
156
15
247
227
36
245
227
245
173
28
174
108
231
245
135
217
110
227
191
60
36
224
21
119
58
207
37
21
1
124
21
100
119
217
68
17
124
174
224
59
217
120
244
71
191
119
141
2
247
129
117
20
21
21
133
116
223
254
90
241
191
116
232
77
152
11
71
197
94
134
93
210
43
173
245
231
206
185
135
113
77
100
5
245
17
183
68
245
188
77
119
171
224
135
19
242
224
231
24
139
217
8
144
68
77
224
224
119
207
24
15
125
182
124
37
229
110
156
171
185
30
125
116
92
200
97
119
100
239
191
14
9
27
158
68
4
43
30
156
4
173
135
24
241
171
241
229
95
119
152
47
43
217
226
92
68
28
191
151
6
1
41
159
226
107
68
77
211
244
245
116
14
226
226
21
93
77
43
119
41
68
188
130
207
41
24
77
68
244
226
9
245
7
78
123
28
28
107
112
68
18
43
173
20
58
171
43
116
185
188
125
88
120
177
227
201
188
244
113
166
90
179
172
188
4
141
226
171
49
60
245
226
43
109
30
185
180
227
17
152
9
43
27
218
135
70
211
142
173
180
207
68
152
245
92
180
234
179
171
95
100
29
188
135
180
92
245
234
171
234
107
129
241
191
202
234
137
191
179
125
217
152
152
246
152
119
20
226
4
119
119
156
118
58
119
191
17
68
185
68
4
117
33
20
192
125
29
188
4
136
2
72
185
200
20
139
4
132
20
119
243
1
226
113
43
254
119
152
243
113
188
125
164
20
152
68
179
58
234
185
20
254
124
43
58
66
68
43
107
254
119
130
164
226
29
255
164
255
40
132
136
254
4
80
247
60
226
68
33
226
29
52
135
80
78
173
60
124
48
226
