123
123
123
102
102
220
102
123
87
28
28
102
143
208
249
208
40
80
26
150
208
207
249
253
37
205
22
110
169
55
102
143
144
110
55
124
91
54
231
54
204
37
37
37
207
37
247
204
7
184
231
224
240
17
211
7
221
211
63
37
250
108
205
89
37
55
180
211
180
26
63
65
180
225
208
107
63
110
103
3
167
100
135
231
211
205
65
211
171
188
63
7
236
65
191
46
59
247
248
171
83
59
108
72
211
171
150
225
233
183
40
37
63
42
248
37
59
108
176
144
144
65
222
108
208
61
248
180
63
84
113
91
59
40
141
28
147
169
135
205
233
125
128
37
233
46
59
171
201
233
181
144
10
206
221
231
3
91
188
183
233
67
108
65
205
37
185
97
49
230
250
17
206
110
28
135
42
256
28
46
119
185
222
115
24
168
182
31
109
176
97
236
230
144
230
59
37
110
67
201
130
185
233
206
121
131
37
135
191
217
28
203
224
234
236
97
205
230
191
64
176
194
141
46
187
194
58
122
135
3
184
5
167
158
47
191
104
245
17
120
201
47
108
206
187
31
132
201
208
256
3
87
31
195
5
220
21
132
176
37
84
52
128
57
182
122
217
11
136
151
35
233
138
104
151
39
221
247
121
212
7
92
135
10
205
211
19
256
181
132
150
67
28
182
226
121
194
227
203
147
52
164
13
56
194
144
97
83
97
244
103
125
22
132
28
122
128
217
168
83
104
136
28
110
208
108
31
73
186
140
201
42
181
228
10
135
221
230
185
233
122
87
179
171
75
205
182
56
119
25
206
128
188
243
244
191
152
145
132
164
132
114
123
123
216
136
168
144
165
205
147
203
240
95
89
223
121
176
58
236
234
211
181
43
200
77
221
3
3
121
41
206
141
195
46
47
222
132
78
73
104
59
244
185
67
102
37
124
25
122
73
59
84
199
171
221
41
194
221
65
252
219
150
17
191
1
41
233
59
73
101
181
52
29
139
222
126
130
180
138
140
141
138
249
206
11
56
37
14
89
152
15
138
100
147
9
34
29
181
221
56
122
240
90
144
226
144
18
40
5
247
42
107
90
64
169
180
150
150
187
227
190
132
19
154
108
223
41
164
118
205
59
89
59
112
187
233
196
118
18
235
62
146
29
26
221
60
5
142
170
36
8
247
65
184
59
195
222
187
154
168
167
182
244
76
131
83
109
199
181
97
5
40
136
141
222
77
167
28
43
26
219
107
29
129
58
203
67
136
206
25
223
211
179
157
171
231
141
69
237
156
77
217
169
150
77
233
205
144
147
117
3
57
107
136
253
107
83
221
217
37
114
68
229
68
135
61
154
62
109
253
1
141
89
244
207
193
151
1
132
182
19
241
35
217
168
122
5
205
162
241
125
208
119
91
215
28
81
217
118
114
245
168
220
154
206
97
107
104
95
203
253
132
78
256
141
221
132
253
114
251
184
188
185
136
179
131
70
226
160
83
83
250
244
3
228
160
33
136
171
244
77
217
88
185
122
1
70
222
206
132
208
88
165
68
137
119
61
150
168
70
181
192
30
78
68
244
114
132
220
3
185
244
244
227
141
60
251
3
170
10
88
245
103
55
72
195
252
207
225
122
107
91
141
37
207
185
108
169
114
170
247
122
233
254
88
135
18
14
108
187
19
141
203
21
53
184
160
33
130
97
215
120
244
136
92
195
120
195
224
62
70
151
78
167
76
1
68
32
216
244
90
66
141
221
132
136
43
109
142
18
88
14
251
160
171
184
140
100
100
225
41
120
126
58
116
93
121
185
72
126
72
191
208
61
199
101
224
109
100
135
5
244
120
212
58
126
230
132
185
132
220
83
26
61
208
74
154
147
30
33
207
212
91
61
185
136
61
144
147
154
147
222
220
21
242
85
150
187
21
167
206
61
132
116
64
211
68
76
256
114
109
37
222
113
174
120
150
216
9
70
60
184
74
209
14
231
129
44
233
132
47
217
93
152
182
226
132
28
242
217
199
237
126
160
58
231
224
39
91
184
109
70
233
184
12
53
28
222
65
114
59
83
164
133
122
250
107
2
178
60
148
217
205
203
208
53
17
28
141
130
189
132
72
141
91
185
169
13
12
181
147
33
171
207
23
235
84
68
114
28
235
135
108
108
109
109
178
170
229
182
28
53
120
61
53
122
131
227
114
229
130
122
136
78
221
72
217
136
114
136
176
187
176
170
37
190
5
61
168
91
21
100
217
62
233
97
147
87
81
217
182
215
185
182
61
183
231
188
234
230
229
25
40
230
158
222
41
221
23
109
61
221
141
216
168
19
47
122
206
114
253
61
43
217
182
253
75
37
182
233
90
130
32
141
11
14
136
229
114
132
226
205
37
135
181
109
181
217
244
230
78
132
53
132
114
141
158
207
43
132
132
33
24
221
93
109
109
137
195
110
132
85
114
89
1
244
33
137
44
43
136
109
196
216
137
89
168
139
32
137
168
176
54
114
13
136
42
130
91
217
150
180
207
199
184
74
167
199
229
82
74
221
59
252
180
207
44
195
245
231
61
61
60
131
180
132
168
199
30
108
231
194
120
109
245
137
108
41
180
144
43
77
240
54
130
108
195
226
171
196
231
75
167
237
247
80
247
95
167
184
22
118
144
61
75
193
212
230
178
87
87
225
208
9
130
245
130
255
68
196
3
85
49
60
216
166
49
61
168
249
171
245
169
60
51
1
245
193
132
28
239
199
132
89
131
219
227
227
33
28
147
33
132
88
193
90
230
137
185
132
169
182
95
194
68
221
117
131
35
64
24
132
109
109
88
131
205
54
187
100
136
78
61
78
33
228
43
132
129
227
182
75
9
78
122
188
146
196
49
226
49
78
43
33
191
247
97
26
141
33
221
18
230
82
240
253
103
227
1
78
120
132
208
150
188
185
40
185
103
67
221
3
221
231
121
94
2
170
136
241
255
49
129
227
132
124
42
24
37
42
78
60
193
43
91
141
244
115
171
59
171
218
78
239
144
132
233
132
169
108
93
227
85
77
78
68
37
80
168
11
138
5
171
103
182
131
206
117
222
40
95
93
109
171
136
233
51
182
78
51
43
124
22
240
2
77
131
117
33
2
97
124
103
133
172
112
168
222
11
24
211
193
232
22
24
49
43
178
39
211
233
132
135
83
141
25
240
128
6
68
136
249
59
109
205
130
199
97
224
67
131
70
120
40
136
14
68
108
86
9
141
97
184
65
166
241
184
31
41
1
88
253
206
2
114
95
169
43
14
229
114
198
166
88
120
15
19
195
114
230
164
68
164
83
176
88
65
137
20
226
88
88
244
245
198
243
226
186
2
20
193
180
