18
18
153
186
153
251
18
231
251
22
251
18
229
18
8
149
8
22
149
192
149
153
76
16
45
220
7
153
14
67
67
192
153
67
220
172
165
18
96
22
106
186
67
140
67
239
248
106
74
34
18
93
26
155
136
140
176
149
225
194
177
18
231
239
251
64
212
8
59
194
251
74
238
192
14
189
79
22
153
18
212
3
170
59
178
189
212
153
67
22
18
90
145
197
74
153
144
175
155
40
93
189
36
153
1
20
153
22
252
59
1
105
252
153
177
153
155
81
26
26
119
22
51
242
7
64
86
178
157
161
18
119
8
33
221
205
239
69
212
129
74
112
74
161
175
189
250
215
161
79
145
5
232
69
74
56
239
69
221
220
81
145
232
74
253
204
229
106
221
175
153
202
16
162
155
81
153
81
215
106
16
74
161
153
74
161
123
153
246
51
189
153
204
19
106
163
26
215
163
32
26
160
153
105
205
14
196
74
238
177
159
98
74
220
140
65
74
59
161
20
177
106
97
81
36
105
225
136
1
197
25
251
51
27
31
153
162
74
115
140
110
20
31
74
149
251
16
215
253
89
69
67
107
81
46
125
51
136
215
81
4
231
256
112
109
81
190
74
204
151
215
96
51
74
215
189
48
111
119
160
153
215
64
220
147
221
61
162
246
74
127
137
155
236
10
155
165
230
59
215
161
189
3
111
14
209
140
75
146
33
239
190
115
74
251
215
225
16
151
146
37
142
107
16
81
113
211
20
10
74
20
151
215
31
156
237
59
225
23
20
161
214
32
112
209
26
153
251
75
204
153
153
50
147
239
77
115
46
189
5
189
185
225
74
130
153
97
151
155
215
83
76
215
225
197
254
151
165
50
119
74
19
195
112
204
153
115
160
204
96
207
74
99
225
209
20
209
67
109
151
251
186
46
74
114
81
6
148
223
81
46
209
8
236
225
77
215
216
40
112
155
44
77
38
112
177
157
26
75
112
249
51
213
160
183
125
204
34
1
26
146
18
151
67
200
61
1
107
125
251
114
52
125
215
1
195
160
151
155
181
95
151
252
94
1
6
117
64
115
144
98
32
117
125
189
141
240
112
88
236
25
136
165
1
74
44
125
98
239
239
91
190
215
159
215
204
204
125
215
14
23
7
153
216
45
151
192
109
209
176
204
18
151
178
204
216
153
91
153
204
4
41
60
206
215
190
256
219
153
114
203
79
149
89
204
67
197
51
209
72
209
112
204
61
19
189
181
112
96
204
75
112
77
79
137
74
177
112
79
178
74
45
125
97
112
94
44
18
61
155
1
192
151
38
194
204
112
151
215
51
41
192
51
190
153
113
59
115
142
104
69
180
161
254
204
113
155
221
182
33
33
128
74
112
160
128
160
112
74
207
23
123
35
239
69
204
74
112
204
192
114
112
215
41
69
148
169
34
221
44
86
112
153
125
86
137
197
125
58
181
26
62
69
72
249
1
8
142
10
112
5
140
23
178
78
112
99
102
51
89
1
142
40
88
40
114
202
112
77
201
190
23
135
254
244
83
44
161
112
160
207
88
178
19
162
35
212
119
47
123
99
153
157
213
54
112
163
123
20
215
26
190
175
189
197
58
40
112
206
23
81
151
17
155
18
20
7
170
215
156
113
140
161
69
181
153
140
107
232
81
218
212
216
157
110
254
67
196
44
94
231
249
69
220
112
47
184
192
110
243
204
34
126
64
102
128
192
54
44
170
119
94
230
151
111
178
44
23
230
42
62
195
62
54
254
86
20
20
60
32
218
89
232
148
75
91
170
169
140
112
113
23
35
218
192
253
114
97
241
163
4
156
160
40
26
29
240
77
232
156
124
151
81
78
10
44
148
18
180
174
161
149
45
171
251
166
27
155
155
180
195
75
117
196
1
186
157
160
75
112
207
254
142
166
89
29
138
47
39
115
160
108
112
129
75
125
155
220
168
156
153
170
50
18
186
46
35
251
115
249
182
118
140
174
202
17
86
118
185
35
148
1
160
5
62
164
23
125
26
204
158
59
25
89
52
72
256
26
125
97
8
5
12
196
161
187
229
88
1
91
108
146
195
60
88
112
20
156
153
254
63
43
68
246
45
26
189
77
164
176
32
91
156
133
214
89
137
215
204
72
91
216
6
5
67
153
97
208
9
8
200
45
138
21
218
202
47
37
99
184
191
173
20
197
108
64
232
108
159
60
146
252
86
155
88
58
145
107
1
215
197
155
163
197
75
40
155
20
186
153
4
148
20
164
234
207
197
72
117
215
199
254
213
75
161
168
156
94
231
162
112
99
42
213
232
197
162
158
199
124
16
197
94
118
155
72
36
92
92
121
163
186
59
5
148
159
148
6
140
144
72
25
202
197
151
140
239
197
229
174
168
155
213
26
160
55
146
156
36
186
21
112
48
118
176
232
234
21
99
160
49
72
20
72
26
164
242
68
137
156
157
205
159
40
99
151
22
89
98
75
203
218
72
23
144
145
232
185
94
46
75
44
155
148
218
200
160
251
55
240
98
51
242
125
107
72
224
156
170
207
99
176
159
239
168
7
117
50
148
10
168
170
218
224
232
163
251
79
10
119
99
99
171
159
163
148
218
69
137
119
10
218
218
160
254
128
119
24
197
55
171
224
143
69
119
218
82
182
151
188
224
72
156
22
45
171
218
9
119
218
232
171
128
72
9
191
243
45
98
218
23
191
153
26
197
218
156
191
232
191
171
72
232
53
9
191
224
232
163
12
232
197
161
39
235
232
117
37
161
163
176
188
224
191
176
215
234
232
254
82
117
156
117
86
11
44
232
232
19
185
120
92
230
94
