157
249
112
214
126
81
112
5
50
127
162
151
112
204
242
181
84
143
143
91
163
69
102
94
165
10
143
143
165
56
248
153
51
143
5
194
204
71
254
143
9
160
111
87
209
160
56
143
143
51
165
107
11
110
87
26
201
105
157
51
123
253
111
51
103
3
139
213
28
165
102
126
165
139
222
127
160
172
194
3
177
177
138
140
111
112
204
208
111
115
170
109
98
186
129
244
127
76
105
32
27
123
59
81
208
209
129
61
123
126
228
27
140
160
127
244
50
146
89
16
172
9
253
159
148
190
109
123
127
242
74
172
128
34
140
3
50
122
169
9
9
159
244
159
198
208
208
251
162
160
123
172
162
165
219
50
140
81
81
153
172
251
129
18
150
153
147
165
201
153
122
71
31
83
28
74
162
204
153
149
170
151
253
208
162
175
69
138
170
128
204
9
66
242
211
242
251
87
204
153
32
94
123
19
174
244
209
50
127
22
18
36
127
223
186
28
28
123
236
123
18
123
178
112
123
66
66
27
87
242
106
126
115
27
84
84
97
151
209
151
42
163
7
162
115
66
128
162
252
149
161
228
50
151
251
149
114
129
51
177
239
221
22
47
84
211
27
6
98
237
87
129
69
163
50
104
3
38
198
153
225
46
21
133
47
249
30
219
243
183
202
66
126
197
163
98
106
236
92
237
213
122
93
243
3
206
20
208
50
196
111
50
92
27
163
66
137
54
50
163
251
7
220
84
111
98
201
17
230
168
223
164
44
154
164
148
225
236
253
175
162
255
122
76
111
56
92
214
252
92
26
3
249
20
51
156
26
109
153
175
214
161
138
170
164
123
83
9
163
15
14
249
38
242
239
120
177
70
91
92
91
161
155
28
98
143
64
44
153
115
170
242
165
214
225
161
72
186
251
25
129
161
149
61
99
177
26
9
34
66
20
129
168
62
48
134
92
127
198
175
239
199
34
165
3
125
153
112
222
25
201
165
178
61
110
165
252
48
9
186
38
154
83
204
217
30
229
71
66
172
153
177
69
225
144
204
11
50
87
110
67
65
161
230
96
5
242
3
254
9
73
98
197
149
120
219
199
160
143
62
83
104
239
26
71
104
245
143
50
251
206
19
96
149
199
159
61
163
127
155
76
62
145
22
2
20
161
195
172
19
18
143
83
98
32
34
90
222
92
161
72
54
175
38
122
254
72
172
106
220
54
79
72
200
127
85
130
44
75
30
155
161
17
218
213
2
212
79
245
145
120
143
63
202
113
172
87
204
30
155
170
225
222
71
47
240
2
91
208
175
72
245
30
236
17
11
216
214
59
19
49
136
98
160
136
155
110
64
217
63
151
161
98
9
110
110
15
110
55
217
219
159
99
190
11
163
69
239
51
98
144
218
98
83
20
86
149
128
197
205
11
213
218
99
148
211
208
136
161
148
72
28
250
239
246
9
54
58
256
54
133
133
93
14
163
107
200
17
32
94
155
159
105
136
204
165
135
152
28
159
172
105
110
155
197
229
82
148
107
105
98
26
70
160
34
3
148
213
94
152
159
231
211
160
160
161
218
157
110
204
159
209
23
159
152
123
161
140
213
197
48
45
227
18
141
209
149
153
98
204
62
17
199
26
216
161
216
149
132
149
220
107
141
72
217
143
197
92
99
197
238
220
244
159
188
143
66
231
82
223
213
152
207
224
69
230
120
9
205
148
155
143
23
126
38
216
204
71
79
106
154
57
151
58
34
82
205
71
206
169
71
173
180
66
15
161
34
79
151
229
121
3
161
105
106
76
163
109
98
154
64
173
206
145
217
73
48
166
104
157
165
247
76
148
145
148
212
123
118
115
135
177
157
76
159
42
244
54
140
213
159
71
26
188
57
165
152
48
154
160
99
48
154
73
206
247
48
216
216
129
74
163
136
197
85
247
115
155
66
220
118
244
166
49
105
73
133
249
10
222
88
249
184
77
62
157
163
247
15
17
132
99
242
254
157
110
170
61
87
30
197
15
255
134
160
161
78
255
197
247
226
231
106
61
163
47
197
255
49
178
237
57
188
163
129
120
188
168
172
204
12
73
153
64
22
155
197
4
19
159
255
190
120
208
159
134
161
155
63
227
234
76
188
184
57
232
85
95
184
157
120
192
239
57
115
82
158
168
124
56
62
133
98
158
253
149
148
159
123
148
77
48
234
172
120
48
216
102
158
19
160
99
193
184
193
197
81
56
56
52
165
197
160
82
82
148
129
26
7
133
161
197
193
213
247
251
77
188
158
227
255
119
255
159
63
210
112
247
222
255
43
69
50
213
247
112
45
158
193
213
121
56
94
207
149
255
155
158
163
157
214
94
115
173
218
250
157
232
213
82
213
213
52
234
191
192
189
213
111
86
86
218
157
249
42
213
82
