203
75
75
75
75
183
28
64
127
28
10
11
10
113
127
114
27
187
111
187
209
114
127
95
10
95
88
250
250
80
114
107
107
37
204
28
229
231
167
136
231
171
91
231
108
172
27
28
250
54
6
248
177
248
6
188
2
2
132
242
226
6
28
96
10
136
244
172
209
6
173
6
43
231
231
191
191
6
156
181
182
21
43
107
6
6
66
248
46
132
14
122
13
11
46
6
223
156
3
96
226
38
111
24
6
181
28
22
6
14
181
156
46
11
182
12
141
192
109
222
87
156
66
182
226
231
229
191
206
192
54
16
244
226
234
87
194
222
76
209
172
181
142
177
43
6
226
21
200
156
109
207
147
116
212
154
109
14
14
27
69
184
229
116
79
175
109
61
14
6
192
132
236
28
24
217
244
21
46
126
156
223
147
224
173
175
107
229
173
181
126
153
14
141
97
151
250
200
8
69
43
126
54
135
248
194
238
217
175
131
151
217
114
223
88
227
123
94
153
175
222
65
83
217
3
141
147
226
130
34
184
114
180
97
81
101
116
174
126
73
9
242
147
83
172
180
18
116
136
248
150
129
174
9
184
217
22
179
177
137
94
174
65
122
175
38
6
192
185
254
172
200
14
174
208
181
81
9
9
97
250
184
172
174
219
31
6
74
245
131
11
11
93
6
32
132
250
2
181
116
247
3
194
126
3
188
147
73
14
66
208
14
8
40
140
207
174
58
116
101
6
151
90
46
182
5
217
107
118
92
27
109
175
83
116
206
167
124
14
97
58
77
116
184
55
147
101
69
251
65
54
70
156
206
188
124
3
36
122
211
123
109
187
176
248
252
131
188
222
152
3
38
131
141
38
171
6
97
208
170
176
151
217
171
14
180
247
131
206
103
54
154
154
92
126
106
174
83
28
101
129
101
70
47
109
63
77
207
248
53
46
73
176
106
88
11
248
187
221
14
128
122
246
55
11
235
88
241
241
65
248
82
154
46
109
147
58
227
3
247
251
58
195
130
46
46
140
101
104
71
101
83
6
58
246
200
25
97
241
106
210
188
252
54
97
78
174
131
51
4
46
93
37
154
122
217
158
39
38
176
78
208
15
90
24
33
99
77
83
116
169
38
37
247
123
79
154
71
5
248
233
116
202
198
100
196
2
185
248
203
46
106
248
107
177
103
135
196
241
166
154
207
188
116
116
117
154
85
92
101
101
248
5
97
205
254
3
70
217
33
31
237
150
250
217
88
14
244
168
6
152
130
141
24
94
183
226
97
46
115
167
121
43
106
247
211
203
53
109
179
178
29
38
46
28
216
114
38
26
250
96
174
92
241
77
3
116
55
38
26
37
226
46
108
234
150
101
206
33
21
247
75
168
116
24
116
43
38
107
255
188
217
88
217
248
205
192
188
39
227
174
101
24
120
79
71
94
70
167
38
101
250
5
229
141
24
40
183
192
114
67
46
117
122
247
82
122
249
248
183
38
122
236
200
46
180
2
43
226
90
154
148
229
1
122
2
75
14
79
38
104
71
29
101
200
20
151
248
211
147
205
184
129
75
243
243
44
9
1
26
39
6
48
247
248
122
233
28
147
68
49
203
154
77
127
241
78
38
154
4
97
227
122
46
123
37
178
96
200
37
205
122
101
135
217
75
95
38
1
167
41
109
180
132
132
167
248
122
248
114
144
191
95
6
75
120
122
252
116
60
49
116
41
46
38
131
126
71
14
188
250
187
14
209
179
33
100
248
233
132
12
217
123
247
14
94
58
40
100
38
224
77
150
200
14
101
206
191
77
28
46
255
6
58
144
4
96
52
90
110
242
226
167
5
200
210
176
77
255
252
233
154
207
82
247
101
130
113
235
241
169
34
158
247
38
88
125
14
212
125
48
124
193
147
46
37
3
60
235
116
92
92
211
173
116
183
5
96
249
38
30
207
101
108
84
207
228
187
207
168
207
94
247
246
112
188
249
188
66
192
109
68
141
153
150
180
142
120
75
49
154
109
68
68
201
79
111
142
158
200
60
31
183
221
14
62
135
243
211
137
68
1
135
167
154
1
248
132
188
226
1
90
216
97
143
29
206
68
121
217
168
93
229
26
121
245
114
167
16
37
58
38
40
223
124
46
147
248
61
46
179
29
250
78
195
49
231
25
184
110
37
152
203
77
124
28
33
78
101
211
90
33
173
244
223
4
68
30
188
212
135
221
37
20
245
114
96
187
234
227
10
245
246
246
58
198
174
192
4
121
135
208
248
158
114
88
195
66
46
109
137
167
220
211
60
70
248
212
188
17
55
97
243
30
215
244
154
110
108
11
37
122
83
147
184
179
3
47
104
168
229
92
93
75
34
4
20
226
29
24
60
133
130
68
187
36
67
168
147
116
244
241
188
132
11
116
168
119
164
64
101
253
46
233
142
142
108
109
211
1
93
65
16
15
248
224
153
211
203
68
130
169
24
146
30
11
50
183
187
40
183
11
8
90
248
121
172
135
211
46
68
28
118
49
2
195
26
156
38
241
135
78
116
93
120
252
113
70
70
100
71
116
233
223
137
21
96
38
70
113
200
226
37
248
96
78
212
201
60
97
180
50
33
187
201
5
93
96
70
13
107
229
8
33
217
195
130
49
38
201
255
33
207
132
70
2
59
40
28
147
191
247
70
135
4
237
135
33
116
229
31
233
199
59
188
110
143
101
245
183
93
70
187
229
88
66
18
49
103
137
226
121
100
132
40
135
60
60
8
135
180
101
116
245
77
250
70
207
245
75
71
240
75
183
87
207
145
135
195
217
24
77
78
171
175
46
139
255
245
93
4
205
105
49
135
228
249
52
109
247
224
130
4
19
14
158
46
15
255
88
104
90
124
188
200
18
235
168
240
242
138
187
43
101
156
65
198
33
33
41
124
2
19
19
120
33
147
79
18
49
170
226
60
135
168
240
116
78
43
63
119
226
196
34
78
88
70
226
39
195
152
133
233
134
226
19
70
183
35
38
169
138
68
226
226
8
60
120
201
58
60
255
37
132
187
226
168
185
187
120
137
60
137
117
191
216
77
139
63
169
168
233
