162
55
40
55
40
55
203
40
162
105
209
95
150
14
75
177
75
40
55
108
105
95
225
1
75
17
130
164
100
225
100
235
40
250
7
31
105
95
3
80
95
128
42
32
87
164
235
95
225
100
177
162
97
183
95
150
42
95
177
164
121
95
21
112
106
64
235
3
29
40
164
31
54
27
105
165
87
162
97
98
54
177
11
3
128
164
187
208
58
150
80
74
236
14
138
7
128
170
187
250
165
65
29
32
114
174
195
66
110
65
165
243
183
95
84
8
55
143
206
26
143
24
122
209
33
143
1
162
212
165
122
117
15
97
164
83
195
144
105
36
60
211
163
51
6
128
60
143
136
106
117
13
184
162
187
192
11
164
18
220
97
117
26
176
13
237
162
79
231
176
213
187
13
164
227
122
83
17
213
126
99
60
63
136
190
176
129
176
195
164
187
17
18
51
91
89
114
98
96
229
184
86
220
21
172
211
111
9
96
192
87
64
126
112
98
99
206
182
17
109
109
100
161
17
105
249
117
226
198
177
42
112
9
105
168
91
60
187
35
51
136
136
9
190
205
249
105
71
233
237
109
17
14
60
11
1
203
1
94
240
137
28
33
60
128
164
187
10
127
37
61
105
5
181
183
219
205
69
191
69
67
105
90
135
231
240
83
194
237
181
211
114
90
39
171
97
127
236
74
98
60
182
19
243
126
165
195
230
66
181
91
21
38
105
250
113
127
126
40
60
83
172
147
204
122
184
90
89
179
75
192
97
97
219
243
190
110
250
168
74
111
237
66
250
181
69
129
25
83
44
150
28
61
15
218
69
128
11
140
13
181
51
69
51
251
206
181
218
150
240
159
67
219
169
172
243
110
135
63
72
66
21
217
126
167
109
91
106
79
114
84
235
66
129
106
89
67
97
42
9
195
230
100
216
238
142
174
99
250
39
17
212
98
28
211
208
182
61
132
244
61
192
83
9
147
91
35
129
28
60
212
128
212
180
100
219
241
67
175
226
15
43
118
100
115
194
100
184
37
144
235
182
181
151
13
103
136
228
180
219
39
61
147
130
147
206
33
60
106
129
180
180
129
104
2
126
194
89
215
198
182
240
109
106
55
233
55
61
211
199
65
130
189
208
83
121
44
233
94
235
122
100
211
15
85
57
210
119
123
123
33
36
27
1
210
174
38
164
243
18
149
252
28
55
94
246
207
129
221
237
138
15
28
94
2
21
94
9
155
223
207
206
116
106
65
126
122
55
57
181
223
83
3
1
174
52
60
99
55
235
165
52
60
215
136
74
39
98
129
66
37
63
238
11
87
174
110
19
211
174
174
1
60
181
142
174
174
51
69
252
174
83
143
35
110
87
114
182
243
96
97
5
94
154
108
9
18
123
9
111
154
237
248
55
168
142
237
69
6
61
23
94
146
99
113
31
210
34
87
110
174
89
172
190
157
226
137
60
171
214
12
215
61
59
74
238
120
147
129
95
69
202
123
46
94
43
78
92
61
15
147
94
79
18
3
114
244
50
174
98
99
174
118
219
182
3
96
143
172
58
207
58
104
129
119
201
150
16
78
137
105
94
204
209
63
216
31
85
237
118
198
226
44
207
10
94
209
184
99
10
251
179
118
94
3
174
83
83
187
51
99
94
216
60
61
131
100
172
12
71
237
88
1
97
168
38
94
221
69
154
94
163
69
105
170
208
191
136
174
122
12
46
134
70
3
31
165
127
220
121
69
114
33
243
91
93
127
19
235
215
83
99
198
125
26
60
31
60
23
59
97
114
94
230
237
51
207
190
147
168
10
235
57
127
5
169
241
25
100
60
70
154
214
240
129
125
250
145
172
100
235
12
240
245
14
78
69
188
241
147
110
116
46
57
215
149
126
99
188
34
60
190
168
60
243
199
125
69
1
3
250
182
99
210
170
155
233
78
70
12
85
69
137
57
3
110
169
248
224
60
100
198
215
28
193
3
162
120
63
12
105
5
128
32
250
225
10
177
166
25
48
222
44
229
106
68
138
60
80
235
237
225
79
60
60
115
183
142
143
250
58
223
38
53
118
169
240
34
147
8
159
181
175
183
106
133
242
226
1
151
57
248
57
235
34
243
158
77
218
46
101
153
136
195
23
109
12
100
13
245
250
16
222
19
240
132
191
191
3
1
54
46
114
126
121
155
215
107
77
78
184
60
149
184
93
158
82
20
192
95
236
155
95
153
82
163
187
239
218
222
39
238
192
129
250
181
9
184
118
60
100
207
126
182
105
11
76
5
149
101
133
252
49
116
92
184
13
13
184
195
140
27
210
106
199
74
51
100
106
223
236
237
109
99
42
226
97
53
253
14
225
70
225
8
250
100
241
136
206
228
53
64
121
218
60
60
2
134
163
41
89
92
43
53
72
109
100
142
60
29
82
110
206
235
215
118
131
225
70
221
250
240
100
5
95
15
148
12
60
114
38
253
250
104
222
246
99
101
235
48
189
96
9
20
78
20
252
60
10
60
148
250
78
248
134
33
169
228
24
215
115
186
134
76
198
192
205
109
53
90
100
44
218
90
60
247
235
100
69
15
53
181
215
118
82
222
140
223
44
241
190
138
17
199
194
15
123
46
100
189
145
149
205
242
58
106
83
81
97
221
78
78
100
49
149
175
142
240
226
231
248
158
232
197
199
212
132
100
5
100
148
24
79
237
189
70
19
237
158
26
138
103
138
189
79
242
12
182
109
111
60
46
60
131
2
247
108
238
77
251
100
2
196
72
85
248
47
24
218
179
21
78
194
179
82
85
245
137
193
91
49
247
218
218
123
126
207
132
116
60
187
16
159
185
16
45
132
165
188
188
51
100
148
218
207
29
60
188
60
217
120
134
217
155
133
48
21
140
218
245
154
221
158
123
131
236
106
148
102
161
232
178
237
155
148
236
70
60
21
11
148
213
247
157
226
116
256
60
157
69
85
173
49
148
110
43
100
70
163
72
31
158
14
140
82
17
78
181
94
161
79
82
69
60
132
60
76
148
161
236
4
47
59
161
214
220
57
133
157
78
60
82
190
27
208
158
75
159
237
59
157
72
120
10
100
232
133
172
101
138
57
45
215
194
78
253
197
200
95
45
49
6
199
116
218
197
215
133
76
227
97
189
215
34
193
25
9
20
237
155
163
174
109
181
232
221
140
82
100
24
169
214
15
148
48
183
247
147
78
49
82
17
138
60
59
150
171
78
66
237
72
24
155
88
99
211
241
139
252
252
94
82
159
159
45
228
230
251
72
159
247
237
56
174
49
252
56
116
155
73
49
178
213
236
120
159
157
255
213
88
252
60
168
17
48
150
182
94
159
76
58
36
109
174
161
49
53
227
249
218
155
252
158
72
247
135
159
155
200
218
247
203
49
67
59
67
224
202
249
178
227
49
87
213
247
244
67
157
100
69
189
232
115
179
197
213
158
179
173
218
134
197
122
193
168
235
216
155
73
73
49
139
49
187
207
92
197
101
49
159
102
24
247
213
24
216
161
78
24
115
155
213
155
118
73
99
69
101
124
168
218
241
229
144
159
139
88
174
56
57
61
155
232
218
72
202
28
218
124
193
22
247
216
158
159
218
133
148
155
155
133
221
168
150
178
163
45
45
223
248
202
159
133
45
213
228
159
232
159
161
188
133
120
161
133
218
