231
186
221
223
47
153
221
237
231
121
227
112
170
90
71
255
57
220
69
122
18
27
112
113
74
197
140
50
88
89
143
240
51
31
143
63
47
34
213
131
112
51
147
61
26
147
16
75
209
113
27
106
190
164
81
131
7
184
58
190
209
145
76
192
128
147
28
18
107
237
193
112
112
166
216
145
138
18
94
121
98
99
216
155
209
74
238
141
209
253
34
145
174
27
14
204
27
57
91
86
174
123
244
240
155
18
138
34
112
149
209
69
26
104
145
27
148
209
176
239
174
252
69
94
71
174
18
5
159
71
113
73
190
76
94
170
147
34
131
248
214
172
175
253
239
238
229
189
94
71
87
94
208
106
139
170
164
104
87
217
254
161
106
165
94
244
7
12
82
244
94
128
110
3
89
194
150
160
76
48
3
252
162
199
253
7
94
63
147
18
81
74
20
204
128
15
156
94
54
216
252
240
17
86
146
76
186
154
108
151
170
250
237
174
244
129
208
245
230
46
69
83
177
57
91
94
181
113
94
123
8
174
176
57
129
94
166
200
48
219
22
174
145
122
199
149
204
83
204
34
48
56
94
149
170
94
18
25
69
172
12
17
67
63
253
155
174
220
22
27
174
146
203
85
190
94
123
145
149
208
41
189
50
95
174
47
251
105
88
8
72
92
209
129
113
212
253
147
244
148
15
61
154
111
140
124
245
54
129
147
226
254
66
142
95
26
161
225
49
17
97
83
172
242
166
199
73
181
145
72
146
178
54
239
186
253
51
104
7
204
122
245
94
90
50
130
58
56
94
123
87
226
216
208
87
149
252
44
202
155
131
149
237
185
150
239
245
174
174
75
40
243
94
57
175
175
138
200
87
233
93
27
104
170
149
251
149
63
107
94
253
207
169
66
87
204
66
11
181
105
26
104
237
174
80
147
251
17
50
50
94
22
256
174
43
36
204
28
5
148
50
174
39
218
105
74
202
238
174
17
76
94
103
105
76
145
214
31
149
76
63
44
89
147
134
71
94
41
16
87
214
150
174
18
13
244
7
174
67
94
69
94
147
115
104
87
59
51
27
153
201
229
94
174
245
174
128
50
217
139
150
226
104
197
231
216
190
17
201
125
89
27
204
101
194
200
57
174
69
79
31
174
128
95
77
147
8
94
16
89
213
128
145
149
51
134
8
184
237
252
147
69
255
33
238
47
87
146
67
174
94
94
178
89
61
162
35
104
16
170
21
200
27
9
217
174
186
56
161
149
61
182
17
239
76
16
249
204
195
129
94
225
26
36
119
206
128
38
162
200
184
172
190
214
249
129
147
123
104
59
91
217
256
10
230
59
31
174
94
121
172
155
63
147
254
2
123
74
144
48
250
256
219
184
131
66
94
127
27
172
253
12
15
41
110
7
228
201
146
26
8
172
165
221
144
149
245
50
216
56
232
77
31
146
204
57
48
105
76
172
74
82
63
129
228
77
76
28
99
123
123
47
123
131
149
200
41
61
14
35
196
29
182
26
56
131
78
203
170
189
150
145
245
129
163
256
57
33
101
245
132
157
172
123
35
104
48
181
94
252
138
79
86
228
162
248
95
226
255
256
114
9
161
123
253
112
57
171
150
248
76
256
88
90
189
132
128
69
196
151
14
220
48
195
81
38
89
151
22
203
104
251
183
125
25
220
81
162
247
221
218
164
237
118
91
33
136
9
226
76
38
160
94
149
104
104
14
49
66
47
218
199
219
151
186
77
30
3
87
138
167
83
174
144
94
235
57
193
186
63
163
249
182
15
90
112
235
172
103
66
213
35
75
160
153
57
57
94
249
32
13
56
193
115
190
94
256
6
148
244
34
67
129
201
222
203
91
213
56
35
174
174
34
33
64
85
132
106
67
123
151
32
104
189
9
17
190
10
172
8
199
163
163
149
100
95
110
196
237
42
149
236
213
218
56
29
163
235
94
250
60
86
72
155
142
199
35
213
64
254
57
242
61
41
181
57
251
73
183
208
57
172
56
86
5
204
119
115
244
172
156
172
132
172
23
96
77
94
13
64
197
121
10
27
134
218
126
9
23
19
79
250
172
253
31
41
8
126
142
34
39
213
158
180
149
226
163
32
120
176
119
94
15
111
66
102
202
61
61
35
90
183
167
214
125
77
91
7
236
13
120
10
213
250
96
104
42
110
32
252
121
238
48
161
242
193
214
236
38
26
134
2
159
169
192
41
34
76
200
137
189
44
254
105
175
138
241
13
104
104
229
26
28
31
108
69
105
91
42
161
150
77
110
27
120
132
13
104
228
117
81
16
135
41
199
200
74
134
229
43
212
80
64
245
212
197
121
175
37
37
94
89
204
33
27
250
176
85
48
145
39
155
37
230
83
229
76
238
216
34
148
238
170
139
82
96
196
240
57
237
69
181
253
254
227
211
5
159
256
5
248
134
149
77
37
57
189
102
156
247
162
243
218
110
38
228
190
128
161
195
25
254
197
57
161
221
187
125
245
50
20
93
45
178
228
203
50
140
114
91
241
226
199
158
42
66
172
228
94
32
181
19
178
27
167
13
3
170
126
88
238
253
5
94
174
64
240
25
134
169
175
61
148
93
120
212
238
32
72
80
140
181
93
74
174
86
93
189
86
252
228
203
252
63
187
178
183
212
248
223
163
64
174
135
168
223
104
247
86
228
57
196
253
145
94
115
77
56
216
249
39
174
126
161
167
111
26
200
163
75
4
69
138
66
134
74
34
15
85
200
112
100
81
66
49
222
238
221
66
126
254
216
50
76
93
125
26
76
228
188
13
89
13
15
126
74
212
77
81
247
69
226
45
28
220
174
144
5
174
78
27
109
228
242
236
221
104
98
34
223
153
10
14
13
34
172
253
24
83
83
13
170
115
130
167
187
139
228
194
15
101
17
35
32
135
249
102
192
124
5
145
240
105
210
13
43
14
13
57
216
46
57
64
216
174
112
13
27
14
229
93
201
200
235
200
35
253
111
28
45
106
42
28
254
104
102
249
83
228
234
120
218
111
242
14
158
103
238
174
57
93
200
187
80
211
11
218
13
100
153
244
27
195
1
174
81
11
100
112
145
216
97
237
220
216
153
216
170
135
94
91
170
220
252
71
15
200
15
17
56
74
124
216
158
247
106
35
216
60
238
74
13
13
133
13
15
39
35
34
154
156
106
189
5
158
247
10
82
134
209
83
104
220
228
73
196
244
228
13
50
172
31
78
237
216
250
5
26
93
168
104
89
216
245
103
74
116
112
49
121
95
19
149
98
64
216
154
108
153
228
134
78
104
174
37
236
193
110
229
79
5
134
248
237
135
5
226
164
91
158
37
186
249
104
196
186
13
251
67
240
140
93
134
221
117
134
34
31
90
26
185
27
133
18
82
134
164
104
25
189
178
103
11
57
97
135
89
225
13
64
209
34
155
216
104
139
216
16
95
139
57
64
41
216
211
133
157
120
88
255
34
103
243
213
13
121
15
121
216
43
128
83
247
218
189
254
185
201
217
39
76
104
25
139
79
63
12
216
89
57
201
91
242
91
70
188
200
133
120
115
11
76
192
159
237
57
255
144
91
74
94
136
64
3
172
79
189
57
74
231
238
228
97
5
167
232
84
137
104
226
37
106
31
240
33
219
71
25
223
67
255
247
250
238
228
210
137
47
216
13
103
159
89
134
236
26
220
117
89
189
225
256
21
210
22
57
73
213
247
196
43
119
203
128
94
63
14
158
103
148
37
30
201
54
145
195
86
193
220
15
210
71
106
216
39
81
105
32
244
158
216
158
139
210
46
201
31
220
17
71
235
88
31
8
237
243
181
170
238
15
256
254
225
34
196
201
201
13
71
34
228
148
97
193
42
248
41
201
15
210
74
153
31
34
24
204
101
27
238
88
106
39
210
57
243
247
28
155
134
243
139
154
39
15
98
136
169
163
232
120
87
164
144
237
220
190
158
221
134
240
108
170
103
8
254
63
54
139
200
254
49
104
3
221
13
245
35
121
221
104
5
79
69
121
10
170
115
79
90
195
170
163
64
34
94
134
147
25
201
223
13
235
15
47
32
1
94
193
217
17
247
139
255
14
10
158
215
26
124
35
195
106
107
190
3
238
102
102
112
25
255
207
50
230
146
193
187
158
15
149
145
192
201
240
201
170
93
247
6
139
193
170
90
81
146
111
148
28
159
139
124
220
163
16
75
148
88
110
254
99
170
139
106
57
193
93
93
158
120
3
15
235
52
173
158
193
69
15
193
133
203
214
22
194
218
134
158
46
158
158
190
179
15
214
196
63
167
159
169
159
214
12
39
158
114
201
97
33
134
59
247
25
214
139
26
179
15
178
149
149
149
82
