211
128
196
33
196
128
7
97
7
236
71
97
153
32
236
50
88
111
71
153
16
59
114
240
121
97
106
114
97
16
178
250
153
236
63
128
205
50
27
123
18
84
75
97
121
178
27
250
108
15
15
16
134
228
110
162
95
111
59
236
208
102
7
108
18
75
97
204
15
208
27
242
57
206
13
128
236
125
204
156
50
67
230
242
6
71
162
143
162
208
136
206
67
222
135
176
28
135
55
146
135
67
67
176
136
15
178
208
95
28
176
222
256
250
171
33
31
171
128
168
114
6
67
136
222
222
141
208
42
190
250
235
166
38
235
171
3
230
165
143
97
33
80
54
182
115
28
228
135
55
165
67
143
28
55
108
77
222
167
77
222
211
22
243
55
250
136
67
42
128
143
17
75
168
20
176
115
54
75
97
211
39
206
75
199
136
5
91
71
211
143
165
66
222
176
66
15
208
114
172
218
199
150
231
112
178
72
222
66
208
28
208
141
175
16
236
32
42
77
209
162
42
182
154
138
80
97
28
175
91
39
31
206
222
40
31
42
28
148
109
78
128
28
9
55
114
31
3
141
91
28
204
162
63
28
91
31
109
154
141
165
183
19
28
256
199
218
68
39
222
71
168
141
91
124
177
65
42
230
16
123
231
39
141
42
17
67
42
226
75
181
131
154
114
176
241
132
222
162
33
171
25
181
114
184
211
52
118
120
55
3
136
77
141
97
33
72
105
172
228
182
136
215
174
94
136
44
162
9
114
172
72
94
228
181
168
154
114
144
3
27
5
222
206
171
230
162
241
165
71
53
131
174
17
144
42
105
102
122
154
176
200
150
230
110
204
213
13
54
24
154
132
256
110
122
102
173
15
168
222
122
128
222
33
173
94
241
233
141
136
13
66
136
144
71
222
9
73
65
138
183
22
89
141
204
46
65
71
73
27
123
176
5
71
27
222
94
24
138
193
39
9
135
168
42
225
232
77
75
225
199
182
171
102
89
39
233
47
28
24
47
90
42
80
63
141
42
103
13
141
141
151
195
256
135
38
82
184
198
67
228
256
171
94
75
198
200
39
9
178
193
156
234
17
17
171
181
241
141
10
42
136
38
174
222
27
193
156
129
200
28
152
208
200
69
227
228
47
9
178
99
94
141
71
24
37
222
109
97
222
138
244
222
71
204
41
182
182
100
13
182
184
41
171
80
109
244
207
42
89
65
70
110
31
61
15
75
5
99
136
207
174
5
171
39
99
141
131
92
222
140
9
176
141
54
114
63
168
78
99
166
208
131
146
184
108
108
180
142
229
19
211
168
237
207
55
122
107
79
107
37
249
115
175
17
191
207
119
9
3
3
146
182
171
79
65
13
152
124
160
207
37
202
31
78
34
226
37
237
207
141
212
108
170
17
231
182
249
73
241
17
241
14
93
124
238
75
249
91
197
42
174
42
197
126
256
9
3
117
170
207
197
184
71
52
150
231
13
1
198
124
237
85
120
193
83
101
256
153
207
207
9
99
162
193
203
150
4
37
77
26
117
2
248
228
117
71
9
193
205
162
220
117
73
9
207
60
226
86
220
114
9
68
193
80
39
44
120
186
178
19
146
110
31
207
54
9
48
227
153
90
177
74
76
154
207
207
68
124
215
253
215
136
98
235
73
132
237
238
95
207
124
193
146
169
42
136
98
152
232
174
62
133
19
65
27
14
95
249
134
77
158
184
150
249
142
114
6
249
126
205
157
207
132
135
217
169
178
6
171
73
178
196
256
161
115
38
119
207
85
120
204
134
95
114
42
56
215
232
88
88
176
193
88
97
227
207
226
12
42
76
232
157
25
102
86
248
88
207
84
157
150
35
214
203
110
230
42
34
25
197
52
42
135
226
73
31
170
202
73
161
12
241
9
137
53
32
73
114
38
132
155
159
219
170
226
12
207
207
82
238
237
77
197
52
136
201
250
9
113
256
158
64
230
189
64
256
64
77
196
207
241
88
179
192
256
111
114
178
189
101
112
13
146
171
86
226
249
219
25
157
186
44
153
97
124
184
117
176
159
104
12
249
245
48
111
256
242
193
48
195
76
238
133
202
100
13
184
186
137
57
228
73
192
217
99
52
256
192
157
115
178
35
137
52
157
114
170
52
192
189
42
256
73
35
85
13
175
104
86
240
178
230
13
237
35
249
203
108
82
85
13
43
245
32
170
189
241
53
202
59
230
186
82
169
73
35
228
115
248
256
161
111
117
220
201
111
202
192
111
159
124
93
35
149
196
110
189
163
88
