80
80
166
7
166
231
256
194
80
164
59
146
40
211
162
97
59
75
205
150
80
150
162
121
205
206
203
138
165
121
205
162
7
80
231
166
80
97
166
7
97
121
75
95
31
31
33
95
205
194
95
126
165
146
50
121
166
87
231
97
164
40
59
80
212
147
62
244
205
209
80
146
146
222
205
206
253
180
95
106
160
71
165
107
205
229
138
160
59
95
112
45
147
112
253
87
87
205
189
195
146
166
160
230
87
80
29
214
98
205
231
34
80
5
206
209
59
230
204
29
214
221
84
29
43
194
80
97
50
50
230
27
147
209
163
156
5
25
62
87
166
205
169
29
214
107
231
138
250
171
61
50
208
256
136
73
205
3
112
88
62
221
231
134
250
61
88
50
140
151
253
211
204
104
221
134
42
69
221
256
164
80
112
25
138
121
185
71
205
198
195
251
144
165
182
97
94
112
196
231
36
230
177
107
97
25
130
50
157
31
71
214
95
196
112
209
228
251
176
144
80
97
172
205
47
164
203
212
97
231
141
5
15
81
69
84
51
86
194
51
172
212
36
104
228
139
209
170
238
205
144
98
113
110
22
98
177
12
29
250
96
136
121
81
194
251
88
250
29
114
256
34
172
176
240
183
77
162
203
15
194
21
98
159
97
80
162
165
208
162
58
88
51
250
164
14
212
144
29
113
36
139
80
250
160
171
97
84
190
195
140
59
205
71
128
67
244
203
98
116
243
97
144
66
27
90
125
134
252
173
76
80
102
80
31
195
18
213
112
229
14
150
138
173
15
77
213
250
235
16
88
165
249
204
135
75
209
20
151
209
128
236
148
165
144
204
243
74
88
80
66
231
113
206
225
250
172
209
164
236
47
213
148
26
177
118
118
225
125
88
150
5
74
28
235
184
224
256
38
17
248
118
115
134
46
172
236
222
140
66
140
156
245
141
80
66
109
80
18
203
14
84
204
252
41
26
1
128
24
194
106
24
211
26
64
67
59
122
66
107
136
132
145
61
94
250
206
252
94
177
169
66
181
24
243
116
141
224
165
26
206
119
65
245
194
126
146
177
141
156
256
205
222
169
212
198
74
195
140
243
236
96
113
230
181
184
168
165
214
166
113
141
194
172
194
194
194
195
236
36
126
113
118
241
55
74
180
8
174
163
125
177
5
199
161
6
33
186
222
8
21
125
142
194
55
106
87
248
67
212
66
249
226
212
119
16
189
206
71
76
224
87
216
32
86
16
158
20
36
26
234
184
182
181
37
139
12
248
112
122
249
191
55
252
191
227
77
238
172
24
141
74
31
144
193
79
221
73
62
238
143
235
94
57
40
35
174
87
155
13
66
249
118
28
72
157
194
155
20
66
68
249
251
208
8
28
145
163
80
181
219
20
50
76
145
59
170
155
244
175
144
219
31
128
101
95
88
215
191
36
125
118
249
94
62
110
129
2
182
50
29
207
221
191
45
165
193
166
40
40
106
121
163
145
7
244
251
11
105
62
177
213
75
168
15
95
215
55
240
181
119
12
206
17
188
189
219
34
4
249
234
141
174
210
199
222
99
191
238
155
252
140
55
73
74
92
163
74
93
67
144
138
193
221
118
153
252
50
47
210
148
115
163
132
154
29
74
9
155
182
7
189
146
235
106
69
23
199
217
45
124
125
250
222
133
103
67
118
26
181
163
205
94
65
116
181
217
45
43
185
223
207
205
199
234
122
141
195
238
94
230
234
227
139
186
182
227
172
20
12
74
128
199
134
217
67
90
109
67
185
200
67
235
129
20
59
255
114
62
112
105
132
111
36
191
186
10
18
67
10
190
237
95
230
155
90
63
95
115
76
67
21
182
206
246
125
242
192
67
138
122
67
248
10
217
8
4
163
8
145
119
228
21
69
85
58
161
21
74
98
244
61
31
182
97
154
116
148
62
54
176
15
69
145
152
52
21
247
254
139
40
163
227
58
248
122
82
31
90
116
218
108
224
129
206
155
86
45
102
133
112
35
69
220
22
155
15
27
26
12
45
157
163
88
80
230
4
218
74
89
179
229
170
21
219
62
9
191
75
161
163
247
198
40
16
94
43
154
118
247
215
10
155
158
155
22
49
155
66
37
18
69
210
193
21
252
202
62
83
252
247
224
207
170
161
163
174
163
192
195
3
186
148
3
163
133
227
186
217
26
161
199
102
215
232
124
117
163
122
199
12
217
34
15
83
173
242
217
163
81
174
75
161
95
170
141
88
152
217
224
9
63
58
107
180
243
161
43
76
7
217
211
11
163
189
206
155
75
255
85
120
227
190
17
218
164
107
153
170
159
182
8
40
198
56
159
99
86
4
159
102
193
118
139
23
232
247
9
180
146
72
103
134
199
155
40
146
117
118
189
125
122
87
32
121
185
145
163
140
74
37
125
23
161
204
134
163
40
94
61
217
250
246
216
24
86
163
155
106
111
133
243
161
161
71
73
177
159
157
180
133
220
145
16
148
144
42
97
122
83
142
48
68
223
230
59
180
95
161
236
163
156
185
191
195
91
76
53
146
148
77
139
185
49
21
169
227
12
88
247
15
7
145
35
238
224
199
185
243
107
213
3
196
206
19
141
60
67
229
132
224
217
155
49
148
185
4
91
88
122
191
163
135
60
220
185
61
215
92
166
84
217
41
35
191
86
237
119
107
218
83
247
159
220
191
86
43
193
56
19
146
224
161
136
138
34
148
243
133
242
231
191
202
207
195
24
165
246
113
118
182
118
75
60
20
243
163
108
148
26
170
139
137
146
139
148
88
92
243
201
207
159
132
217
146
185
29
64
140
29
182
122
242
133
239
217
146
27
20
152
60
124
140
141
5
222
21
222
206
203
152
191
120
203
103
232
246
142
237
132
135
86
207
1
240
224
119
222
1
221
152
164
161
217
49
139
240
152
237
139
253
232
185
133
163
32
185
119
185
132
110
129
91
65
117
204
206
191
152
26
191
84
254
154
129
132
217
106
132
145
137
218
46
202
110
144
217
211
120
64
185
247
232
235
199
197
63
217
152
150
203
185
186
217
232
121
185
152
252
217
131
213
181
21
55
225
120
152
191
119
191
170
148
122
231
253
247
105
19
88
55
20
227
185
27
66
165
133
23
59
255
232
205
120
250
60
232
213
103
141
146
132
133
152
131
217
199
73
37
193
191
21
20
175
58
132
178
190
132
165
27
152
118
184
146
118
217
113
203
197
162
216
161
73
161
49
44
84
253
26
3
156
58
67
32
155
203
255
193
100
132
185
193
45
193
132
256
65
205
78
77
35
185
63
119
152
121
31
88
122
19
142
256
19
28
125
156
156
157
205
195
91
166
169
125
120
115
119
152
106
89
180
10
29
191
232
21
89
33
182
191
152
141
152
180
217
171
217
119
27
253
58
125
221
34
19
240
132
156
125
152
61
79
119
91
87
56
79
254
113
169
231
82
10
32
217
246
222
61
132
80
203
152
83
87
251
106
75
58
219
123
14
86
75
156
240
244
115
251
132
43
56
248
116
152
180
113
244
125
115
88
7
152
107
250
194
107
58
152
185
8
87
132
250
170
75
190
241
152
64
22
236
122
173
109
194
193
107
246
7
156
107
217
156
40
138
65
166
108
36
142
170
246
106
152
170
246
89
181
244
37
142
218
7
150
58
247
199
90
135
116
184
107
7
34
169
65
186
186
46
194
180
240
231
180
152
142
256
205
205
173
65
142
80
152
228
183
203
7
78
141
256
223
107
18
233
160
233
46
212
25
104
156
180
