142
128
31
174
97
202
135
11
38
129
73
174
129
66
94
11
129
174
79
94
11
11
202
98
128
11
94
71
203
147
66
128
242
73
105
220
33
11
147
138
195
222
52
105
202
52
135
202
222
160
126
129
52
107
96
126
94
150
104
157
123
71
61
5
116
195
34
16
90
116
79
72
150
243
160
115
174
71
72
16
89
27
175
25
88
75
104
94
56
174
213
25
83
202
51
80
159
160
157
147
86
72
69
34
243
174
150
207
163
145
250
253
243
75
90
208
34
150
104
5
213
94
96
148
104
249
34
13
44
34
253
71
96
90
157
174
94
178
228
104
174
90
227
32
13
90
80
163
51
27
230
96
160
69
34
90
73
51
90
126
85
175
94
205
27
242
157
82
28
82
50
66
50
163
86
51
230
94
66
159
84
85
111
151
97
222
178
12
9
222
140
164
141
56
69
222
102
140
177
178
94
82
163
94
178
242
148
172
202
178
177
75
131
157
59
254
184
241
94
178
41
163
85
169
136
200
178
138
163
85
189
230
253
41
51
157
235
178
58
148
110
114
110
244
204
80
94
73
77
150
133
169
186
91
159
57
15
85
154
184
122
141
237
207
13
110
99
102
163
82
131
235
99
91
85
162
89
99
161
129
218
215
249
56
148
133
163
116
131
151
32
99
149
241
53
85
247
13
85
82
235
163
56
148
148
72
51
148
82
157
122
220
184
72
99
48
15
99
51
165
215
122
129
138
133
174
163
88
199
253
172
133
85
49
51
86
154
172
165
53
69
51
133
174
215
86
122
82
150
45
251
133
133
104
218
153
85
52
45
23
142
174
148
235
172
53
94
26
216
15
214
161
215
125
61
216
94
129
218
254
161
51
157
215
62
178
218
102
94
174
12
174
205
178
154
141
245
255
218
23
230
59
215
94
154
49
74
115
199
172
176
94
99
144
141
94
216
53
50
215
19
226
82
154
154
218
230
162
181
56
215
122
154
249
72
50
214
85
172
154
107
23
46
229
129
183
23
46
85
188
23
15
28
148
150
95
63
145
215
40
122
28
82
48
129
45
94
59
28
154
219
215
253
94
41
99
82
215
118
197
23
19
222
48
51
129
95
145
23
99
121
161
145
78
161
48
125
232
180
224
215
26
23
154
150
78
218
119
72
232
218
99
214
62
161
218
118
23
46
137
215
255
85
117
3
78
197
101
15
72
118
209
199
122
125
111
247
23
148
232
232
129
99
112
105
218
215
232
232
209
48
23
23
232
232
134
23
254
54
23
232
232
94
23
254
23
45
10
148
23
232
23
122
23
23
