205
153
47
47
208
7
165
144
205
194
166
208
54
231
231
225
225
153
205
225
225
58
87
7
144
54
194
58
203
80
205
74
164
58
84
186
153
194
87
239
74
239
121
164
251
225
225
95
87
87
138
251
135
251
87
239
59
251
208
205
239
87
144
140
149
8
205
87
95
54
74
140
251
164
140
251
144
164
121
239
134
230
205
251
214
140
36
176
251
251
140
149
95
208
140
80
37
230
76
61
164
205
165
184
205
153
205
225
74
184
140
175
113
138
230
143
143
74
126
59
25
237
54
251
58
35
209
223
208
205
209
251
208
75
61
209
76
209
86
29
175
165
73
140
251
208
165
133
74
225
165
209
238
205
140
8
95
138
165
165
32
231
87
208
191
175
141
165
165
164
58
86
126
225
80
165
143
140
80
10
40
184
143
209
251
25
214
208
37
74
145
211
208
142
143
194
239
170
47
248
182
106
165
64
75
140
103
236
10
235
209
40
208
37
138
251
15
233
7
185
29
182
225
46
169
56
88
47
38
201
58
143
136
143
34
143
201
225
191
236
189
182
220
124
58
227
201
110
175
140
184
219
249
184
88
123
244
175
132
142
63
165
32
222
184
106
178
75
123
103
242
203
40
126
225
51
244
143
250
170
124
29
178
139
52
238
228
175
20
20
175
236
88
63
235
10
103
248
196
111
235
86
145
34
175
253
196
95
52
38
151
236
239
24
1
184
64
51
170
34
65
239
45
248
250
64
106
145
15
174
248
196
250
235
103
236
219
34
237
45
191
140
134
56
159
248
32
185
64
88
175
232
110
249
236
7
220
195
64
64
85
181
201
111
16
228
228
248
201
233
235
184
213
76
32
184
235
97
88
85
86
125
56
138
88
170
248
228
45
96
75
196
111
159
9
110
230
146
16
34
184
125
111
34
124
85
184
123
174
76
238
121
192
178
59
23
82
46
184
201
189
64
175
184
85
40
203
178
235
235
32
201
190
235
125
192
236
184
125
175
97
184
178
107
53
110
111
85
85
34
184
136
178
240
73
233
148
125
113
159
235
215
235
106
15
64
122
230
71
36
228
85
57
88
15
111
18
152
88
88
19
26
155
237
145
191
125
111
158
157
106
237
133
220
125
144
125
133
236
250
219
122
184
56
192
111
15
235
121
64
12
88
189
238
18
26
145
236
140
235
85
34
155
81
166
56
89
235
63
238
198
88
27
235
219
85
72
133
144
192
15
126
15
44
236
67
104
15
194
250
65
249
207
110
125
56
85
85
192
199
236
150
238
86
235
64
88
221
88
44
87
22
94
256
242
76
235
159
125
236
106
63
187
144
235
63
144
63
85
240
249
58
237
111
190
81
196
151
144
219
52
85
133
40
159
130
76
175
184
85
13
235
147
249
88
88
12
75
250
168
147
90
12
193
85
235
169
73
242
110
88
85
121
102
175
232
85
184
240
111
25
147
85
220
189
95
14
15
104
256
63
88
201
46
240
228
250
41
13
111
71
133
125
256
4
95
235
183
63
94
25
169
32
184
203
85
201
10
88
35
175
31
235
34
231
178
184
235
113
230
85
22
35
235
50
88
238
160
170
85
229
74
95
76
91
196
31
73
85
139
196
35
40
32
8
85
191
204
182
225
201
146
32
238
79
103
238
228
159
235
64
20
133
1
133
235
74
178
64
183
76
161
201
183
110
186
88
170
121
178
192
235
178
76
242
63
96
201
235
60
168
191
249
196
94
139
26
218
40
163
145
240
85
22
234
5
184
201
158
121
81
35
157
190
183
238
45
134
184
45
240
15
47
82
74
13
219
256
215
88
238
234
133
155
240
229
63
238
46
184
190
34
149
134
158
157
248
121
215
82
32
228
247
103
27
158
221
10
230
85
25
113
174
146
126
157
144
240
133
54
159
151
73
254
133
102
228
82
240
44
203
82
133
160
228
201
228
85
240
230
196
88
85
228
85
252
242
88
215
149
86
214
110
145
246
125
93
238
238
196
246
134
170
203
159
199
214
85
144
85
215
85
44
174
130
86
230
182
203
40
163
81
88
82
47
10
219
170
26
82
238
113
88
169
256
40
85
169
25
62
220
221
88
110
158
82
66
234
76
24
247
193
145
223
64
178
134
63
82
216
13
73
133
201
63
88
248
133
85
45
232
88
81
34
201
169
98
85
133
85
228
251
52
59
14
183
230
139
213
159
236
242
88
163
169
111
159
191
193
144
86
65
64
205
52
238
184
203
89
238
236
82
135
157
86
11
26
56
124
80
237
236
163
198
133
242
32
242
86
86
149
128
246
103
246
219
146
144
56
32
182
76
157
237
167
10
158
170
252
246
113
35
108
102
133
133
242
238
59
36
238
205
86
203
53
221
80
190
34
21
53
144
88
82
21
203
72
229
244
246
121
113
108
41
229
192
196
223
72
175
170
28
237
73
237
229
86
149
212
106
71
224
25
65
72
191
37
80
64
127
14
20
113
169
107
82
98
104
229
197
35
134
128
127
108
133
37
107
242
34
28
107
113
47
169
133
197
158
244
47
55
67
187
74
221
29
107
64
191
188
38
115
113
186
47
221
196
186
96
119
49
185
55
237
189
47
113
83
242
243
171
36
25
34
76
92
255
193
231
35
166
175
5
34
89
73
6
47
127
188
158
37
238
203
218
96
53
34
113
113
244
10
162
236
248
61
206
72
30
170
256
152
57
238
159
227
206
224
224
81
228
71
222
49
39
200
130
34
111
174
220
90
219
171
161
197
36
221
248
65
100
231
25
139
191
19
186
72
34
102
170
120
62
138
147
12
69
125
94
91
31
238
224
34
217
159
212
119
52
111
163
163
48
72
158
148
231
255
148
96
61
224
201
89
203
103
61
108
18
243
212
174
76
121
220
189
25
88
92
148
175
175
252
240
173
109
111
207
25
169
216
83
111
56
238
31
237
10
228
230
206
224
91
256
166
240
201
10
238
110
92
69
228
169
188
201
201
228
88
201
35
88
144
10
83
212
187
64
8
82
27
111
186
103
134
228
139
256
13
42
124
111
34
49
228
240
87
