162
50
36
106
101
107
106
73
42
42
157
46
36
75
73
162
249
52
205
107
86
162
52
52
56
59
112
228
29
256
113
231
77
157
162
230
202
157
113
106
162
179
52
165
194
124
256
242
67
5
163
30
165
172
166
249
205
40
88
31
209
165
2
42
202
86
165
114
133
168
201
165
75
17
106
97
162
15
2
73
165
113
230
238
187
165
86
54
157
73
208
2
35
242
43
37
221
21
249
115
194
143
29
73
66
27
98
23
85
193
144
147
56
176
249
27
23
74
58
73
84
73
184
17
73
75
55
242
66
98
249
17
159
77
248
23
249
105
66
163
243
66
140
240
74
27
139
17
33
242
98
249
25
87
228
142
13
242
11
23
83
73
85
228
72
150
252
54
119
107
17
130
43
201
37
150
164
83
23
174
244
211
243
128
128
202
27
133
238
85
174
124
222
143
135
174
80
38
199
243
175
77
23
167
23
133
23
83
160
73
80
75
104
138
108
101
124
77
179
61
242
191
248
128
128
72
127
116
165
118
215
73
81
205
174
94
52
140
84
23
133
85
94
150
42
9
72
169
236
207
133
227
39
94
174
126
174
140
199
202
196
147
94
52
140
126
133
6
133
27
243
60
33
13
61
180
248
251
85
80
144
105
210
99
127
123
133
133
174
128
52
179
72
249
85
167
72
55
72
23
160
133
104
86
187
252
162
232
251
52
205
76
185
232
104
84
243
83
21
6
75
43
61
153
216
155
52
26
45
42
192
231
214
94
56
178
196
232
144
45
207
57
43
162
174
115
122
103
174
61
9
81
229
222
101
64
155
205
120
166
157
26
243
119
106
99
75
200
213
99
74
62
242
58
205
96
23
76
83
196
61
84
186
160
200
89
52
38
176
249
197
202
251
94
94
192
227
79
139
63
34
167
222
178
32
56
63
23
243
129
94
102
133
16
204
79
16
161
31
11
3
149
84
106
175
133
191
192
23
140
15
210
26
99
248
210
196
200
99
73
189
206
129
179
170
116
192
134
120
179
158
174
116
210
66
256
116
248
216
197
199
216
189
113
155
210
110
42
194
215
191
147
199
71
167
243
132
62
243
248
15
66
94
115
103
116
52
164
232
196
157
256
199
5
31
84
44
129
63
73
139
174
22
36
186
99
40
240
216
112
30
146
176
156
199
220
220
14
72
232
45
26
20
248
27
26
23
217
115
59
116
252
57
137
125
248
116
50
179
56
23
210
145
206
36
179
160
165
210
116
155
115
141
94
255
84
32
82
140
29
220
53
157
153
30
218
159
106
174
91
155
214
53
216
241
91
80
197
45
23
115
17
197
213
241
158
49
185
30
213
97
159
174
49
152
119
193
157
235
29
52
98
193
210
23
164
157
81
241
244
251
232
120
50
27
30
217
61
134
70
221
207
217
63
70
66
234
116
152
153
197
17
167
157
17
48
141
240
15
157
215
189
148
5
42
52
247
133
221
158
174
139
216
216
176
61
82
184
185
35
36
191
161
202
210
218
167
25
99
62
180
168
230
70
213
213
34
140
160
194
184
154
42
86
45
44
161
13
6
205
159
214
141
48
191
180
162
9
9
114
215
148
235
63
116
82
26
210
129
36
181
94
9
100
168
17
165
15
97
123
69
230
52
115
83
117
172
197
135
234
29
144
6
17
94
193
116
70
217
218
213
221
76
117
233
29
60
17
52
133
213
161
155
216
224
29
213
33
221
169
72
39
205
17
197
204
214
255
135
9
179
91
12
120
199
211
205
4
33
204
172
161
9
216
15
124
205
155
61
190
127
199
176
252
213
202
219
202
199
29
31
150
32
246
202
33
1
192
36
50
189
45
94
82
55
70
156
247
9
155
199
115
210
214
218
136
221
136
12
42
70
60
64
116
174
232
218
148
99
54
199
156
35
8
87
120
82
70
253
159
83
99
61
223
165
36
132
108
148
99
1
70
99
111
87
155
78
199
125
