162
162
91
55
80
62
62
162
115
123
146
123
84
66
165
210
66
55
17
186
110
146
158
66
115
55
84
50
112
123
74
110
112
45
143
45
146
158
146
65
52
29
112
50
110
74
153
162
251
13
74
251
65
176
84
242
110
146
67
202
84
176
55
162
84
110
202
55
84
164
52
164
74
170
251
84
164
166
140
162
52
29
38
110
140
139
29
202
55
140
115
25
164
67
153
80
84
115
55
204
110
110
210
225
55
202
252
74
190
153
29
38
146
210
145
166
242
249
84
108
129
42
74
123
248
69
250
31
111
190
248
110
162
181
73
110
150
228
27
189
248
145
228
111
112
253
150
74
204
127
146
197
38
111
67
97
74
111
228
111
150
127
248
145
111
29
29
238
116
110
38
139
25
232
205
111
127
238
192
150
111
38
248
74
184
65
13
184
34
133
73
252
111
73
111
140
184
192
222
177
208
110
29
3
228
56
238
28
127
38
6
153
106
86
249
111
111
101
228
177
74
94
139
252
236
114
3
46
111
184
34
243
66
177
184
184
140
3
26
171
77
184
94
48
66
75
48
236
3
111
84
95
84
26
204
227
177
55
114
86
184
184
84
94
115
226
3
226
115
184
139
63
179
222
42
184
148
210
179
102
115
63
247
140
29
84
220
129
136
204
235
122
104
76
111
133
189
202
164
210
189
22
123
111
29
186
217
62
235
235
183
168
194
123
228
121
111
17
85
249
111
177
197
111
63
120
123
136
194
140
218
134
111
111
32
32
104
49
155
122
157
102
63
51
106
82
183
127
87
133
133
133
176
82
210
82
122
82
78
90
93
197
99
129
122
197
147
220
53
133
218
173
26
193
57
