103
103
10
208
236
10
196
208
236
11
106
187
150
208
11
103
208
187
204
10
220
105
11
112
208
105
187
103
255
150
220
204
112
10
25
145
220
105
201
199
255
112
151
208
95
195
33
131
55
223
106
55
174
199
73
219
131
33
55
39
178
208
116
95
79
220
204
101
153
249
75
93
116
140
55
55
29
116
225
79
190
101
216
151
146
153
95
220
252
112
252
39
70
9
84
174
153
73
55
158
29
75
172
106
17
101
108
237
128
101
215
178
140
192
87
215
95
144
116
144
74
238
88
59
55
226
237
121
39
162
219
79
211
51
136
35
112
9
172
215
153
17
73
215
44
32
189
87
216
83
162
235
250
93
101
59
88
189
215
130
190
65
238
249
151
66
178
178
178
87
189
42
183
178
184
208
136
11
197
99
112
199
16
66
190
243
102
216
130
172
226
237
31
74
127
171
12
249
17
55
250
29
73
66
17
143
208
75
174
112
56
116
228
189
28
178
55
171
189
242
178
35
211
162
77
14
250
177
182
25
54
182
94
29
215
219
162
178
70
103
112
174
43
11
81
115
98
204
116
25
178
112
46
178
17
2
88
66
182
17
130
25
171
204
206
55
25
66
101
98
11
37
214
3
38
89
92
223
197
27
11
176
27
216
9
92
106
112
162
31
208
14
66
242
9
57
178
189
190
88
97
210
245
127
252
75
160
129
38
25
242
206
135
247
11
56
195
237
204
25
41
247
87
62
192
53
157
182
170
88
178
189
206
151
238
57
99
220
211
247
75
166
170
17
219
136
96
82
135
29
27
247
211
205
120
192
206
176
197
96
204
206
162
210
114
242
212
157
144
27
62
210
102
59
108
28
160
115
14
25
255
230
174
84
97
84
79
53
249
56
211
136
199
111
223
167
253
75
123
27
41
217
75
170
14
206
121
167
255
64
16
124
85
27
130
216
59
137
192
84
192
134
242
59
250
37
14
192
28
252
84
70
14
111
170
99
128
139
46
138
181
53
249
14
208
2
206
183
14
210
55
123
55
25
207
222
89
142
171
192
255
243
240
228
256
171
211
16
222
251
123
112
131
217
25
75
63
57
70
22
25
84
178
66
33
252
53
134
184
59
83
242
92
184
138
74
53
235
137
4
137
241
242
33
59
118
159
171
220
27
70
143
142
85
22
28
197
37
108
114
204
91
252
76
171
105
187
14
216
181
55
30
112
28
136
45
210
252
66
184
190
230
230
195
33
82
132
62
255
255
41
109
10
230
247
91
215
247
160
135
59
14
170
92
54
85
75
195
190
255
39
215
161
249
107
232
96
174
115
204
233
103
179
211
114
216
69
206
104
17
138
215
4
135
192
249
189
53
234
66
160
176
104
208
70
159
115
59
69
114
50
82
9
139
211
167
71
84
38
55
30
193
110
37
184
70
91
41
209
27
25
122
229
91
115
109
114
179
11
39
3
212
22
116
181
116
102
78
100
230
72
207
249
33
154
223
187
11
228
115
11
95
130
129
85
230
111
244
218
10
42
25
78
163
39
70
37
87
86
136
237
249
252
252
50
9
114
127
172
166
91
187
99
5
240
37
65
233
190
212
29
170
69
39
249
202
64
34
171
33
102
235
202
22
104
149
242
134
187
165
204
50
245
103
102
64
30
207
187
131
176
193
146
39
230
79
30
37
146
200
17
156
116
190
214
56
32
185
34
9
24
94
243
232
39
34
149
4
77
86
59
142
63
113
82
22
61
34
147
22
142
176
222
217
77
3
174
213
13
221
149
91
256
172
11
198
161
73
42
112
228
121
125
4
256
198
137
200
77
97
212
160
142
247
167
35
139
25
165
83
2
142
142
124
178
200
240
14
139
25
142
188
175
107
93
221
34
93
77
207
156
19
163
69
214
175
218
137
203
68
121
165
218
77
86
210
247
161
53
92
93
163
218
86
207
207
