38
38
38
174
105
198
164
252
151
167
97
206
31
238
94
86
38
97
170
170
13
142
169
250
57
12
142
106
12
243
128
192
105
164
154
58
152
195
31
192
149
186
216
105
168
105
46
145
219
145
53
64
62
128
62
219
244
238
108
243
50
38
97
169
57
46
96
220
134
12
228
189
238
121
116
31
147
22
106
110
154
221
196
175
81
105
219
180
220
256
250
10
115
145
21
178
219
169
37
38
52
146
229
116
103
169
21
79
248
186
111
38
203
118
116
242
149
194
119
178
116
190
229
240
240
220
69
248
145
13
248
67
220
250
245
91
105
103
11
250
35
34
103
46
57
170
243
10
22
109
38
109
46
46
46
243
200
248
203
146
243
169
250
256
140
46
166
240
14
164
212
99
153
41
146
154
105
153
56
194
31
109
109
103
25
70
116
91
154
242
105
157
153
164
15
243
68
167
250
46
175
164
122
38
170
87
194
146
113
28
58
105
142
11
243
222
83
221
105
175
253
28
134
93
244
35
70
128
212
200
96
223
122
87
122
237
245
178
189
183
46
55
146
28
46
75
145
142
250
76
189
194
61
166
105
122
252
91
125
31
81
221
174
34
3
201
213
170
120
221
203
105
192
44
10
150
105
250
113
105
244
16
169
221
149
221
153
105
104
93
181
94
248
83
218
174
248
178
39
120
55
174
55
120
169
248
220
247
128
35
241
247
145
31
178
99
170
242
22
115
222
38
94
31
148
212
55
99
105
248
200
50
145
166
178
222
194
221
163
154
6
223
203
166
229
253
237
249
95
25
56
43
180
219
122
122
62
50
43
241
44
93
181
178
50
219
174
31
238
77
35
13
220
145
57
50
241
73
147
83
13
11
200
25
144
180
66
99
238
201
134
50
79
220
208
104
214
201
147
113
139
104
211
136
96
120
167
122
68
208
169
107
21
217
171
254
16
55
55
103
104
249
151
222
101
229
144
24
171
236
237
25
87
33
29
91
141
38
210
175
29
14
214
112
248
146
28
143
220
144
153
240
65
171
150
179
254
219
189
128
185
253
169
13
169
115
111
14
193
29
252
235
90
102
80
102
104
158
84
256
87
65
212
206
215
116
78
154
31
208
28
96
216
174
206
141
44
14
164
211
210
147
200
138
166
38
107
201
34
94
15
250
31
170
165
136
109
133
55
168
118
104
175
254
210
107
135
174
206
21
237
150
214
5
116
29
169
38
231
163
194
134
29
38
69
175
230
84
8
31
238
240
212
249
138
217
105
179
97
146
253
168
57
154
151
61
75
249
256
206
83
222
134
50
101
182
212
134
69
219
55
164
13
219
52
174
167
179
135
59
27
169
99
113
29
95
37
29
139
37
229
208
203
95
229
106
246
122
134
171
122
236
218
246
11
2
238
154
101
81
167
33
138
91
139
115
104
138
171
196
170
22
157
34
174
222
79
238
129
116
174
101
218
118
233
253
52
39
222
101
144
171
179
213
228
99
135
44
233
84
219
84
144
145
245
139
203
167
228
37
188
116
171
252
75
104
61
58
37
43
167
226
205
139
145
158
240
233
37
38
89
237
256
181
54
171
101
95
9
216
190
255
216
82
113
248
151
6
183
204
41
107
61
162
130
171
58
141
184
122
237
250
179
171
203
164
24
99
116
44
127
233
145
167
55
157
184
126
144
170
180
113
139
241
56
219
138
246
182
83
203
227
38
104
36
102
181
38
40
141
63
64
101
171
95
42
130
138
124
88
67
159
38
75
245
5
91
95
170
167
124
180
149
230
222
139
83
180
97
190
196
101
68
116
171
233
236
210
145
30
57
252
201
43
129
63
256
182
105
194
102
42
59
167
205
227
66
35
212
205
138
249
184
237
126
8
64
239
126
219
65
233
14
240
146
249
122
203
184
5
168
239
16
112
253
204
108
150
136
171
255
146
204
95
196
86
93
171
216
167
202
167
101
224
171
250
201
95
246
242
95
200
158
46
132
76
95
46
158
226
235
75
49
93
202
141
235
231
217
256
237
164
101
64
137
114
113
84
34
228
130
168
63
96
100
167
233
81
75
201
241
170
115
179
102
75
57
168
13
241
147
231
27
11
75
43
90
105
179
116
150
10
77
49
73
53
233
28
116
75
61
38
139
213
112
58
46
183
190
116
39
88
101
132
46
34
180
28
41
235
28
240
42
64
108
222
235
116
168
236
118
230
237
233
31
88
196
54
205
37
97
132
124
253
63
116
233
91
226
8
252
14
1
132
184
119
65
49
108
73
233
69
81
15
88
245
204
247
59
30
233
205
58
116
150
248
216
139
124
110
233
245
222
230
233
9
254
248
104
230
115
174
219
150
247
88
171
167
95
1
14
235
15
14
26
93
76
138
37
43
228
90
183
220
144
147
147
226
138
109
187
178
26
248
98
89
199
176
184
84
179
136
157
58
154
210
233
190
15
235
116
65
71
154
159
77
219
116
113
150
38
40
14
236
214
170
65
97
190
193
141
58
33
57
52
43
43
199
198
144
33
136
131
39
230
235
157
28
218
139
241
37
132
109
68
235
122
214
199
139
76
203
189
114
178
136
233
248
104
179
230
70
235
15
154
14
159
48
146
77
116
38
227
178
27
168
128
81
22
103
171
168
171
16
101
245
198
233
181
132
37
184
31
115
108
215
10
228
193
188
37
66
243
216
1
44
45
178
167
38
136
193
164
54
109
167
4
34
233
206
136
182
184
109
126
38
170
194
19
167
48
226
183
56
193
158
66
38
252
46
4
176
179
37
134
132
210
93
233
146
38
93
185
57
167
228
233
38
196
164
38
206
104
44
38
248
66
63
205
247
61
91
22
235
250
146
147
132
37
181
232
169
235
203
198
122
189
228
173
37
70
214
162
195
228
66
127
155
206
198
183
19
164
180
167
139
83
18
76
116
91
226
43
71
230
146
2
46
145
254
108
207
49
116
249
228
116
192
169
248
223
161
187
241
4
186
21
199
91
182
168
228
30
139
64
9
42
248
189
248
184
61
91
46
52
168
211
93
230
55
63
82
217
204
210
195
131
248
46
54
128
230
189
34
9
27
65
81
196
124
43
28
135
184
169
15
195
222
134
230
132
91
191
181
136
110
253
167
4
192
14
170
38
124
38
15
216
30
211
116
79
38
88
27
145
37
250
3
196
147
231
192
179
88
140
201
4
22
170
167
228
252
119
142
218
245
246
228
203
32
161
124
176
88
196
252
39
68
86
214
2
237
121
38
156
256
167
200
33
4
68
217
256
114
6
43
4
