29
29
29
220
204
204
29
176
29
205
59
29
59
220
204
160
14
208
160
176
166
59
176
164
37
93
212
162
29
93
151
162
14
58
58
209
162
5
79
208
222
96
194
37
115
162
112
58
170
164
58
84
30
75
164
199
250
75
230
199
112
143
252
55
252
230
212
243
176
38
102
132
84
102
166
252
230
59
164
112
253
243
51
38
138
248
55
244
185
55
166
248
170
256
109
230
114
128
208
248
136
128
243
182
250
69
102
185
95
37
11
96
37
38
222
222
74
252
58
46
109
248
248
77
230
138
180
138
128
209
6
248
114
73
180
129
142
114
181
243
165
198
128
95
51
95
62
203
50
136
38
59
11
222
168
65
59
104
75
112
180
104
18
248
220
198
65
195
168
37
87
154
77
110
114
92
104
78
141
168
164
62
77
27
212
212
192
29
70
141
20
122
254
192
96
248
254
79
78
96
165
24
189
138
126
182
154
65
96
95
128
95
254
220
102
235
128
15
164
171
137
124
1
240
37
54
40
51
235
206
190
254
79
218
110
227
202
212
122
190
116
92
247
92
227
41
187
114
164
37
6
24
222
1
111
23
104
138
11
54
243
206
171
196
157
181
160
6
128
62
210
123
4
98
102
6
178
136
19
161
71
189
22
220
207
4
145
77
187
95
181
222
37
169
4
125
120
28
227
17
134
37
142
116
134
254
27
70
180
210
1
187
40
95
212
37
3
77
247
63
253
171
95
54
165
44
137
168
89
169
133
50
125
109
37
69
181
218
144
84
157
247
14
147
8
34
137
142
17
244
159
145
212
220
79
104
11
210
189
128
102
168
194
214
132
134
70
6
95
95
214
4
160
190
187
202
248
9
115
208
218
207
216
135
248
11
157
118
70
102
95
220
168
243
44
109
111
98
67
11
79
168
109
111
114
247
144
6
116
63
250
79
180
181
9
65
109
244
164
64
218
190
137
95
137
98
104
47
137
12
122
4
138
61
136
89
248
144
137
37
244
216
111
131
66
122
248
147
156
181
105
248
168
69
40
99
111
56
30
78
79
157
212
173
205
122
71
143
37
182
87
109
123
204
138
138
70
130
79
243
136
89
180
167
255
44
77
129
131
138
34
255
102
104
190
233
47
11
102
9
247
248
180
69
137
169
105
104
178
158
216
47
114
104
63
11
116
122
137
210
16
23
105
221
137
187
66
130
69
187
89
26
207
111
47
9
79
147
28
137
164
248
89
139
86
111
101
102
109
5
141
136
79
107
101
108
165
44
140
180
83
221
71
104
45
113
116
116
79
137
75
199
244
138
175
70
102
221
207
79
16
11
180
252
104
137
72
230
19
137
142
2
184
182
226
111
176
238
45
37
104
124
79
197
226
178
197
224
135
139
63
65
137
199
131
61
99
47
218
114
246
137
101
61
137
35
113
102
12
37
165
184
79
206
176
180
207
75
109
79
158
171
138
122
247
77
112
92
150
75
46
168
142
71
142
184
192
206
210
207
199
108
163
165
154
70
62
37
168
247
162
23
116
122
9
70
39
89
165
168
215
11
205
109
63
102
49
70
182
171
232
163
122
6
61
126
189
105
34
181
247
70
77
79
46
57
37
95
184
235
37
89
135
39
139
132
38
182
70
6
222
154
123
52
160
244
52
91
207
137
75
182
207
142
44
182
199
12
11
112
142
172
131
86
103
26
141
181
173
88
252
227
124
182
137
232
182
44
179
229
135
77
137
104
37
34
182
163
70
197
46
57
247
89
140
230
82
126
109
138
247
142
219
4
83
67
230
189
167
229
83
252
101
116
138
74
247
26
91
176
248
207
120
168
104
180
219
104
198
141
37
222
53
132
42
123
248
141
101
198
34
70
140
218
135
114
182
111
132
38
132
83
170
104
30
243
122
205
102
230
53
161
175
178
122
146
147
158
114
23
230
65
11
218
114
91
120
50
110
176
226
138
11
119
205
211
103
9
104
67
46
8
46
131
52
124
131
226
142
198
124
192
104
132
24
158
222
246
247
124
53
60
101
136
2
70
249
238
124
26
38
30
222
116
206
202
43
137
168
171
37
137
241
9
241
124
221
28
207
11
227
114
182
241
132
49
171
70
137
247
104
137
11
181
46
25
184
132
197
193
11
109
123
124
216
144
39
26
109
254
70
142
13
183
25
69
207
115
247
74
248
207
205
171
102
109
240
145
216
227
137
205
99
216
142
9
124
120
78
11
77
197
43
218
227
168
199
23
132
218
187
77
230
188
227
37
255
61
111
194
69
70
100
145
4
37
107
131
124
78
187
211
78
170
101
13
77
210
138
137
227
228
198
226
171
43
79
9
52
233
29
197
111
132
198
141
231
16
122
120
180
72
226
170
200
101
161
78
44
104
124
24
49
19
184
110
38
181
147
155
100
111
154
176
247
24
111
58
168
161
78
188
161
82
247
198
226
193
198
197
198
23
12
101
185
