123
123
123
123
177
177
177
251
177
177
177
251
251
123
123
54
54
106
251
94
113
177
216
12
54
54
54
54
177
54
172
174
85
222
92
12
220
85
220
220
26
92
12
222
92
92
99
181
99
92
92
51
92
92
92
51
51
54
99
85
99
126
246
92
16
85
204
16
99
204
51
51
26
155
74
189
54
12
99
116
181
5
136
69
14
92
3
183
51
127
64
109
81
85
126
51
99
90
51
151
74
3
55
99
136
206
34
99
99
176
71
38
204
189
115
171
126
92
69
246
176
68
149
248
94
3
205
125
123
105
99
236
181
4
94
109
22
15
246
246
189
123
38
89
190
192
178
73
237
189
154
205
123
76
210
63
99
92
236
94
85
121
179
155
54
65
190
38
51
46
192
248
128
241
69
89
73
107
89
93
151
15
163
142
50
142
125
51
171
248
237
190
179
134
50
105
236
105
28
111
60
149
85
181
74
108
118
242
123
154
91
246
116
65
28
206
222
175
127
114
51
60
91
20
99
102
105
192
58
101
150
96
36
204
109
147
141
142
92
238
114
34
47
168
99
171
128
142
97
114
85
106
99
99
5
108
99
24
222
10
61
37
222
50
93
13
94
61
141
144
74
92
246
61
90
212
38
177
251
54
5
90
153
160
142
112
136
230
211
36
90
89
167
168
38
216
4
13
85
233
154
128
196
77
219
63
29
95
99
112
254
69
89
208
50
248
246
93
85
138
99
10
58
37
168
242
82
114
96
247
10
4
233
115
163
248
65
239
23
246
99
226
132
178
39
147
121
250
20
151
5
248
96
154
65
38
65
55
8
32
89
154
68
4
4
16
175
19
99
90
219
99
118
167
128
5
99
171
183
254
61
86
96
114
222
181
85
27
38
156
219
86
237
195
74
57
61
211
222
78
75
238
96
90
155
233
236
190
38
179
93
136
92
85
14
79
50
245
90
47
167
252
238
152
227
111
115
69
131
238
139
179
102
137
213
69
130
169
141
246
168
233
57
91
92
38
219
230
28
217
38
96
253
164
37
178
155
161
220
114
38
190
212
122
170
197
34
108
195
245
125
63
32
109
89
222
238
242
134
82
43
249
254
38
63
93
134
96
155
149
37
83
85
219
242
16
154
192
5
114
114
42
142
193
114
90
163
91
57
255
236
217
93
246
217
4
158
148
237
220
64
195
169
190
145
89
207
93
65
6
145
4
61
141
65
92
134
201
220
230
213
69
90
116
90
234
216
217
168
139
248
118
139
78
219
192
166
24
199
167
38
246
141
134
227
89
116
70
154
57
240
8
118
90
82
38
164
38
216
142
48
34
92
47
245
158
141
75
93
50
86
252
63
252
190
66
42
78
85
219
90
58
103
10
206
173
17
195
42
197
139
82
230
248
13
168
197
146
105
91
112
245
48
219
99
217
195
230
18
196
108
204
197
7
105
99
247
47
57
108
187
61
99
203
62
8
228
8
180
31
195
105
248
147
58
222
38
168
34
61
89
199
221
189
159
15
235
78
82
77
99
64
112
25
242
62
17
204
244
194
206
92
99
253
82
116
196
81
81
147
127
156
127
245
5
245
237
43
92
102
173
219
168
24
96
122
184
38
83
50
64
180
163
126
163
235
163
69
168
81
34
173
196
177
250
189
219
114
8
118
101
41
167
28
64
47
245
255
163
67
82
242
145
61
179
158
109
169
245
69
247
192
217
255
106
34
14
206
163
104
26
103
190
82
204
182
231
93
242
196
19
167
194
101
240
203
121
50
214
219
65
64
223
145
31
38
23
233
158
226
50
42
238
245
127
49
89
219
249
35
99
223
5
235
24
50
161
25
108
24
169
102
173
149
34
206
145
28
195
102
26
66
132
97
24
186
63
251
198
167
75
92
238
236
216
198
196
131
126
58
71
24
214
5
167
234
106
104
17
235
164
50
82
210
34
145
1
134
82
78
51
94
129
89
55
227
173
171
236
157
199
33
238
201
79
103
108
253
103
238
153
147
38
140
174
139
181
144
82
66
82
82
37
197
213
131
32
96
153
108
139
210
228
82
86
145
193
131
46
137
5
31
55
167
248
149
212
187
145
247
61
75
75
3
62
241
112
140
26
157
245
240
238
2
81
181
112
34
5
163
156
212
140
82
46
219
4
14
103
233
37
44
139
61
169
108
75
148
147
70
223
245
187
35
128
35
25
57
50
212
128
173
60
62
51
53
187
82
34
11
134
230
253
141
121
58
82
81
70
182
247
24
168
184
241
168
38
201
255
163
236
136
28
213
202
233
154
174
58
245
187
142
59
35
15
103
241
149
132
237
22
114
149
116
227
250
110
103
98
171
103
97
246
130
214
135
31
139
98
180
22
122
34
67
192
145
248
24
196
61
129
116
89
167
197
222
237
128
145
120
11
13
34
82
239
219
104
129
229
102
164
20
44
175
252
167
237
217
235
12
25
172
163
230
81
147
136
82
26
141
61
5
240
37
220
219
109
82
210
241
175
198
26
184
163
60
69
24
128
228
102
140
208
247
173
46
34
34
90
255
230
219
195
6
240
43
192
120
169
109
41
118
211
96
129
201
53
5
139
198
237
61
245
83
108
163
139
31
192
101
83
241
230
129
55
15
13
219
230
163
243
87
221
118
173
153
105
83
70
232
107
124
34
122
198
89
62
127
256
160
103
26
61
83
61
95
163
131
127
167
19
184
34
104
104
212
171
223
35
187
136
253
207
201
32
219
137
4
144
247
53
184
237
77
131
139
115
241
26
136
37
94
47
193
69
251
210
238
61
131
226
245
182
49
241
241
5
69
38
173
247
173
253
63
62
170
110
255
75
212
26
64
191
136
207
256
236
248
82
9
118
220
130
62
178
197
174
53
106
13
50
255
210
200
228
223
60
189
178
149
170
207
38
134
112
244
61
129
96
131
64
124
201
131
199
220
82
116
112
36
97
203
236
58
69
18
33
207
178
62
36
3
128
69
96
71
43
169
81
82
219
155
83
93
53
223
104
11
97
212
34
238
91
31
253
139
63
42
65
94
61
50
10
238
217
103
61
187
235
184
63
4
244
241
142
217
180
192
22
168
236
132
253
154
81
31
165
96
114
201
235
137
83
18
100
30
79
136
222
236
187
199
83
62
64
49
147
6
69
11
63
144
164
103
136
228
149
12
61
181
78
61
246
170
42
240
136
129
197
76
61
25
50
218
102
63
102
136
88
116
138
221
185
223
238
238
102
176
79
79
201
253
216
154
91
66
62
198
101
74
219
135
254
236
255
83
49
241
243
240
108
168
82
35
149
182
14
193
132
181
240
237
63
252
102
129
221
87
199
139
132
142
252
83
127
61
195
187
63
207
207
131
222
115
74
219
154
31
233
63
27
211
255
104
113
12
120
83
212
12
165
192
31
79
64
61
115
153
103
59
229
61
61
15
64
89
203
115
31
223
22
233
199
60
246
181
235
181
173
131
76
94
61
226
207
61
173
160
70
111
228
91
201
199
14
219
249
82
210
201
237
197
107
145
25
99
6
61
103
76
132
248
69
187
201
26
216
142
226
255
197
178
8
18
238
150
87
175
10
221
136
44
53
219
4
237
6
87
240
199
5
228
70
82
113
18
11
63
33
8
11
131
207
131
122
94
180
236
255
182
199
167
223
16
135
48
50
147
175
108
121
139
174
44
207
240
61
248
131
72
101
223
20
145
210
28
97
169
22
102
182
252
240
83
192
148
11
4
134
236
180
180
167
173
102
82
130
237
83
255
83
238
18
94
107
82
240
169
241
201
94
83
61
216
253
49
216
108
17
82
74
236
237
255
221
153
241
70
255
34
224
169
50
229
223
9
255
129
145
34
207
61
213
233
55
181
76
250
196
25
13
27
102
17
180
131
83
207
102
136
102
198
185
113
51
236
103
148
174
30
19
13
240
154
222
237
139
91
85
154
174
83
5
69
144
64
64
211
67
230
214
247
223
139
89
207
200
236
199
131
61
236
255
73
203
256
124
26
179
39
184
61
255
138
254
130
242
105
79
97
18
163
133
89
12
65
154
1
190
251
135
197
174
63
122
247
82
192
24
11
191
33
37
8
221
221
11
83
127
108
8
168
15
17
52
179
100
66
247
99
226
117
148
99
197
221
207
107
83
97
116
69
215
103
1
77
148
34
87
135
77
76
14
172
211
131
15
83
109
61
31
8
83
243
200
199
244
255
108
247
140
158
116
38
223
219
144
237
228
198
3
119
134
147
65
83
63
154
242
158
193
210
87
188
229
199
69
103
61
195
159
195
133
124
198
109
212
102
34
219
174
223
174
49
63
98
25
64
35
129
234
249
82
21
25
3
241
207
206
211
50
115
239
129
214
107
10
148
228
163
83
200
37
38
168
47
103
110
168
48
81
3
11
203
101
196
34
37
172
216
94
158
247
102
172
120
100
236
38
244
205
140
163
14
187
91
64
39
139
123
91
172
48
216
39
55
240
174
172
83
31
152
255
153
149
213
253
123
67
178
1
67
172
91
109
237
61
204
150
130
64
247
207
34
33
26
67
153
4
3
159
208
25
28
172
18
28
221
81
211
224
82
18
97
15
137
53
44
48
207
172
176
124
184
67
69
129
10
34
163
148
187
232
10
38
101
69
184
153
57
179
48
98
219
232
69
174
160
105
256
103
174
93
31
22
250
197
132
132
10
221
213
131
131
142
112
19
153
63
102
172
237
64
48
10
245
149
193
187
49
132
168
237
197
48
223
69
158
207
175
33
70
172
48
153
131
53
53
155
207
218
228
249
26
178
49
244
207
210
158
15
102
33
2
134
233
15
200
182
124
94
1
11
19
187
97
105
70
207
88
252
2
203
171
1
105
43
120
4
9
26
48
9
232
39
120
43
233
164
48
205
208
221
104
187
134
61
120
9
2
247
120
204
31
116
123
2
104
217
238
156
38
228
148
247
81
71
38
247
133
134
15
70
91
122
79
229
158
179
25
16
164
94
201
218
158
254
248
