153
251
50
128
44
99
192
84
62
165
138
84
176
129
55
150
138
170
213
115
84
150
84
106
48
146
84
176
131
174
79
79
131
79
35
22
147
79
139
155
147
44
22
150
150
18
84
123
147
155
174
105
220
166
65
22
149
214
32
3
139
1
204
170
155
220
132
138
66
214
155
220
157
102
162
62
160
157
253
48
203
62
23
65
212
44
172
32
17
76
225
32
161
102
66
53
87
148
55
66
160
220
153
225
153
143
160
102
169
115
26
48
153
157
140
131
58
58
115
225
220
48
48
162
128
225
171
51
162
62
86
220
54
178
165
176
1
178
160
28
214
147
29
161
165
115
163
155
53
160
87
109
213
202
148
140
72
163
74
176
47
84
244
51
141
131
142
155
212
228
117
140
93
215
163
38
244
48
189
49
19
82
229
72
163
244
203
42
72
229
198
76
169
215
23
8
230
58
231
75
48
5
232
197
9
117
97
155
200
30
72
249
243
197
229
12
189
249
230
42
48
44
174
215
183
237
14
117
151
230
219
192
112
163
58
48
163
3
164
189
192
124
187
51
219
189
214
228
72
55
161
148
232
229
72
161
244
155
154
163
219
66
174
151
108
48
242
82
56
244
189
178
164
16
106
160
23
153
189
159
14
199
242
19
24
202
30
74
83
49
155
163
174
233
121
174
13
178
202
1
154
16
202
42
193
200
141
163
187
72
163
219
42
228
72
199
202
148
154
122
91
134
199
120
199
9
131
28
140
99
99
13
70
12
144
129
122
249
141
117
203
242
105
165
105
26
48
249
197
85
29
129
178
29
241
131
88
237
249
237
215
192
40
190
94
174
103
111
69
174
163
167
218
17
23
174
189
31
105
174
131
53
174
174
38
97
154
241
242
94
203
174
237
23
62
94
48
46
94
115
230
201
178
239
26
216
155
97
13
55
53
105
182
112
255
204
91
31
54
190
221
129
162
111
91
55
31
199
168
55
253
91
189
31
99
97
170
105
154
122
14
116
192
53
122
174
162
31
255
239
94
174
116
249
23
190
55
178
242
104
243
116
249
23
97
190
174
136
207
190
174
94
168
9
243
99
55
190
91
174
197
91
184
105
104
218
145
56
72
184
190
104
8
190
55
230
186
95
150
64
91
210
199
10
164
190
197
174
48
72
192
203
144
155
238
32
178
217
146
192
250
108
199
197
71
170
64
170
144
116
83
12
190
235
122
64
189
204
129
116
238
71
174
189
122
9
216
174
91
38
15
64
218
43
35
52
174
64
52
55
235
128
181
162
32
250
230
216
64
35
189
216
178
192
170
250
190
195
197
170
206
196
78
99
170
91
192
9
210
146
190
57
178
196
189
23
81
247
102
170
184
204
61
184
31
189
176
12
120
149
91
142
250
133
190
239
82
210
43
170
195
99
184
120
9
178
32
9
94
250
190
104
199
255
196
94
190
250
12
190
218
32
69
64
210
225
222
150
26
247
181
83
64
218
82
53
69
174
9
73
9
32
215
26
52
221
95
250
210
97
120
168
35
204
23
155
163
35
72
63
108
23
41
224
189
85
64
122
73
215
5
101
112
61
82
31
197
12
159
154
189
144
240
112
83
90
73
162
73
62
213
97
48
238
241
162
91
215
10
91
64
202
102
218
199
94
12
54
174
38
169
25
137
121
89
53
190
218
136
121
180
94
13
16
31
237
25
127
56
250
174
94
128
136
256
189
88
250
76
150
207
61
150
115
239
86
196
235
210
81
178
108
108
247
8
139
64
176
99
99
31
99
204
11
210
84
32
240
153
43
81
237
55
216
102
190
139
12
57
149
116
73
229
76
94
144
219
199
19
255
32
99
83
53
5
192
135
56
186
16
55
12
129
153
221
252
5
220
72
203
116
102
50
138
24
94
218
74
134
255
210
115
238
197
108
235
44
189
203
178
247
199
108
57
228
109
94
12
207
9
217
149
215
159
12
223
61
76
238
97
174
10
91
35
43
116
25
12
197
104
221
39
247
37
53
199
139
97
141
218
115
12
189
84
139
11
44
134
170
256
214
149
229
189
9
227
216
192
155
133
129
255
104
182
250
159
99
219
120
117
176
133
161
12
25
32
238
53
250
116
247
57
174
61
255
12
174
116
67
26
214
149
190
189
178
64
9
243
147
5
33
117
91
189
44
12
178
161
129
138
139
101
72
33
12
8
9
9
161
189
93
122
163
76
98
9
189
155
77
104
219
120
25
12
57
13
243
42
178
163
159
214
57
16
172
189
19
139
149
122
155
199
72
12
61
139
57
114
9
56
174
155
176
182
86
9
12
91
122
45
94
178
19
199
12
112
11
247
249
52
9
101
171
149
159
12
142
215
161
238
137
247
230
186
238
130
56
108
103
218
221
114
26
178
12
21
57
161
108
72
247
25
189
255
85
94
139
190
4
163
13
53
176
99
103
115
221
9
215
56
56
255
149
197
155
197
52
26
252
44
218
39
53
130
232
53
69
12
196
149
50
81
56
148
207
220
9
48
85
12
72
56
189
9
57
39
45
94
72
12
255
30
232
9
25
178
94
149
26
94
120
56
255
45
190
35
248
19
72
149
256
56
140
64
94
35
48
99
26
155
232
44
72
218
23
44
149
72
197
44
56
210
45
120
202
72
232
133
23
157
82
45
159
178
45
23
45
72
42
159
23
56
100
56
159
57
72
