19
80
165
165
19
83
244
129
199
141
199
174
242
80
126
242
38
212
18
121
174
26
184
174
147
126
66
174
242
50
2
127
38
19
243
182
242
237
129
145
174
89
212
174
181
98
174
129
174
66
145
94
238
138
94
214
94
204
181
174
94
181
9
99
243
165
87
174
213
15
66
66
17
61
98
148
204
187
245
251
99
181
245
226
40
92
174
5
94
182
231
90
203
92
199
94
62
232
199
231
5
99
32
94
40
243
211
48
231
94
253
243
72
237
66
8
213
236
40
99
118
99
166
99
207
36
9
9
155
213
182
240
165
251
98
174
143
94
127
23
239
153
76
197
92
50
17
159
197
94
141
18
218
28
113
204
9
94
174
245
86
118
148
127
242
61
231
254
44
137
56
61
140
243
231
231
147
58
143
148
118
94
36
217
72
157
184
72
143
122
148
148
44
141
122
85
61
159
99
82
210
240
21
213
141
89
89
120
5
155
89
213
216
16
44
9
244
237
143
9
199
143
198
143
19
57
76
88
150
143
134
122
219
90
99
92
130
74
90
86
102
246
237
9
134
91
141
246
245
232
76
185
118
243
72
61
163
141
243
241
14
231
169
99
94
61
197
243
210
14
252
3
35
94
9
90
128
132
189
76
44
90
99
149
204
44
120
99
114
191
26
28
226
11
94
111
19
218
87
207
141
34
89
72
104
180
19
90
28
111
75
174
89
58
243
143
62
45
111
79
55
26
87
120
183
228
58
243
27
56
105
82
246
9
202
148
94
224
154
149
207
14
157
128
18
28
129
141
76
215
116
94
96
219
76
91
143
120
237
72
250
189
118
224
96
2
246
128
129
140
141
99
25
69
245
44
189
91
228
91
95
151
95
237
18
118
28
98
219
2
141
76
99
197
132
154
210
216
199
95
106
220
40
237
151
118
105
217
9
132
3
231
182
120
57
250
112
60
35
94
72
35
28
168
237
9
62
238
76
189
200
197
219
163
182
191
44
115
106
159
181
217
40
26
74
237
212
139
60
171
89
76
111
57
31
111
237
102
238
92
102
187
141
81
27
207
189
12
8
219
10
171
9
12
86
36
106
94
105
157
147
85
254
96
196
50
192
196
99
192
16
223
62
10
197
189
140
154
10
169
56
18
63
196
89
132
238
83
63
10
46
101
57
91
108
30
10
238
96
151
46
196
76
208
5
157
10
192
48
197
63
174
115
125
81
120
122
11
50
241
171
89
76
217
30
115
29
198
99
226
26
59
148
192
103
111
217
76
38
98
238
89
130
93
202
130
158
94
94
64
237
207
89
85
76
186
89
25
83
21
61
247
132
147
101
3
242
224
141
126
57
26
111
246
141
14
10
211
107
238
132
198
86
198
10
240
69
207
106
89
134
207
99
76
86
111
220
39
95
171
72
137
151
143
130
56
217
213
187
196
214
118
38
143
86
206
132
89
12
2
130
199
5
168
12
159
155
69
59
8
130
219
92
224
198
175
56
182
242
59
245
39
157
56
115
111
60
219
130
213
132
197
207
172
107
86
237
10
201
79
35
189
155
139
132
181
185
199
145
133
64
174
57
221
59
86
157
88
25
109
219
103
107
65
194
78
60
145
200
26
141
192
76
10
111
181
196
196
26
217
47
163
177
210
25
243
236
5
111
18
57
189
219
85
157
86
192
60
142
248
44
145
34
195
196
219
63
160
206
86
104
12
157
46
12
73
132
45
219
123
205
2
202
46
72
132
48
199
189
130
241
44
220
106
196
1
10
190
201
211
222
149
40
232
185
52
76
181
238
9
14
219
26
118
198
12
47
74
64
194
137
215
253
132
157
147
81
10
12
241
26
15
232
196
50
189
187
132
137
236
106
146
5
69
12
60
192
111
242
85
209
106
73
192
60
154
136
60
178
19
148
2
219
132
30
67
158
57
60
139
238
82
201
159
241
182
47
199
42
179
2
86
198
142
111
145
56
157
256
238
211
26
186
10
115
202
11
58
187
76
159
152
245
69
111
155
94
192
189
44
118
220
182
252
238
56
202
201
39
125
234
198
101
196
254
137
219
83
91
142
26
199
190
237
83
233
23
159
76
189
129
198
245
55
138
132
113
159
59
111
202
116
158
72
101
172
1
19
26
152
37
26
219
30
8
26
109
197
102
152
48
190
47
151
41
217
110
201
106
230
15
26
241
2
93
124
91
12
195
8
2
199
230
204
134
189
72
25
111
133
97
48
47
38
221
147
251
86
192
12
143
200
153
109
185
243
83
114
26
190
56
223
219
242
248
12
131
207
158
133
26
189
72
2
34
61
42
197
118
76
64
187
122
35
196
197
50
96
242
57
214
30
44
101
221
199
108
47
157
2
96
56
187
56
25
204
108
139
134
156
9
103
2
187
113
106
56
73
245
23
69
111
26
132
195
245
144
56
49
25
236
237
176
76
226
240
240
186
197
110
155
232
46
10
43
170
152
71
252
135
110
195
254
180
132
221
86
108
72
205
144
104
44
2
200
155
169
237
10
185
42
250
238
50
169
39
72
142
204
120
109
138
189
57
199
64
12
83
139
242
254
189
158
196
60
52
137
2
238
12
238
121
152
105
69
141
10
252
155
106
8
174
52
237
69
254
5
201
224
238
254
157
199
238
45
248
30
136
57
221
115
199
83
218
76
158
129
163
245
129
161
30
247
61
152
199
252
132
200
86
110
73
117
86
135
163
181
120
2
2
179
30
255
133
201
10
242
81
44
44
222
171
239
2
13
79
134
64
161
56
254
50
25
22
139
196
4
244
201
135
193
138
196
3
256
157
52
222
199
236
170
153
14
204
12
158
49
254
145
189
55
156
69
66
85
110
137
113
64
190
220
243
156
252
159
192
10
149
26
116
130
86
149
189
159
212
197
106
64
207
70
56
112
130
181
56
17
86
199
72
238
163
34
252
90
39
197
111
109
72
137
206
110
72
35
91
69
256
57
243
45
45
238
156
135
39
105
26
186
41
73
143
176
157
158
83
217
12
110
190
11
253
256
21
30
58
142
41
149
248
94
111
9
161
158
196
158
21
252
247
221
154
26
134
142
102
157
53
219
158
172
101
213
56
134
224
64
30
196
111
197
197
118
172
6
79
21
170
164
230
16
196
60
26
22
203
126
159
23
37
221
86
158
30
156
187
21
183
199
189
35
217
212
2
230
132
111
103
52
25
219
237
221
199
179
245
56
86
135
52
214
2
245
11
238
159
202
35
170
115
30
107
121
226
43
82
245
56
238
2
161
13
36
156
219
21
52
153
219
110
61
117
115
133
42
22
189
194
80
17
69
219
86
192
218
199
158
135
196
186
219
57
42
129
190
12
106
137
26
232
163
72
218
106
196
227
16
65
204
206
65
217
125
247
149
65
139
163
76
56
203
27
2
56
35
157
157
52
75
60
2
134
154
242
242
180
229
190
44
25
86
64
26
218
189
137
210
86
115
84
178
214
12
12
103
27
52
120
102
64
256
25
56
238
70
218
207
19
141
250
252
207
229
218
64
108
12
19
12
53
97
226
161
27
111
219
65
53
221
130
10
69
241
84
173
201
163
42
86
252
230
218
157
129
200
220
131
158
52
135
145
207
70
44
248
97
110
35
26
219
12
110
197
17
25
230
173
44
96
153
133
10
42
44
12
196
133
196
142
42
218
240
86
134
69
149
214
42
196
252
102
56
60
35
199
60
56
42
12
157
8
34
242
145
76
19
238
65
31
121
250
52
26
25
124
256
44
103
169
139
86
199
157
77
96
148
201
155
52
57
240
213
219
219
218
56
135
251
96
157
139
170
86
49
241
115
8
56
29
55
76
218
189
26
200
213
103
230
32
42
30
228
55
9
256
99
56
134
218
240
52
218
238
103
155
106
218
199
79
26
79
199
242
184
157
249
133
170
30
196
214
145
155
73
179
99
73
86
230
34
179
86
240
155
72
10
69
245
202
157
256
82
157
202
132
154
133
81
218
228
230
186
42
196
256
157
23
73
197
124
9
45
