220
38
220
38
21
127
220
147
127
147
248
147
251
147
248
111
67
28
67
29
8
248
147
29
96
8
106
177
38
106
220
165
3
90
127
90
182
61
27
3
138
150
106
123
123
12
150
51
238
38
3
94
115
83
244
18
182
90
102
83
154
90
138
154
3
111
182
8
16
177
182
126
3
221
147
3
3
123
174
220
252
91
18
141
18
69
140
228
51
140
91
154
245
138
12
51
248
196
154
83
126
3
12
216
61
12
195
223
143
111
90
252
27
138
3
38
103
181
54
174
76
59
194
67
176
98
221
54
124
183
59
174
196
223
220
103
224
174
195
154
189
102
51
1
22
135
15
183
67
115
67
83
14
235
66
103
10
164
3
46
222
34
88
135
174
109
248
18
208
236
65
138
89
182
92
34
136
138
174
92
51
224
238
129
175
103
111
1
209
228
222
74
169
236
245
236
111
64
248
159
60
12
66
242
226
139
184
57
240
111
222
121
117
81
219
174
235
108
236
222
42
14
9
137
219
238
51
184
95
18
189
236
229
83
59
239
61
220
8
126
134
135
108
174
63
100
248
90
193
100
91
153
233
179
1
61
57
187
138
9
118
64
92
225
33
242
20
183
145
164
79
170
14
64
92
54
38
117
223
174
114
139
242
39
106
3
74
64
235
174
225
245
229
252
204
159
32
61
64
250
3
63
237
145
88
222
74
210
154
181
35
10
225
225
147
13
60
251
167
69
61
164
33
181
206
170
61
67
92
220
111
225
199
39
15
47
206
49
93
108
57
222
238
14
248
109
168
181
199
58
10
111
67
248
228
34
219
10
116
221
190
89
235
145
51
219
26
59
60
10
73
57
109
69
51
5
190
181
46
64
18
169
14
235
134
233
61
69
174
236
96
212
15
12
179
222
18
116
145
194
111
168
22
100
219
220
195
171
134
219
184
138
73
95
220
74
174
194
64
212
3
248
110
145
247
236
41
28
96
47
196
169
249
45
21
245
74
168
35
63
8
99
236
30
26
3
103
183
105
34
155
64
1
212
147
240
229
8
38
186
222
217
199
84
71
57
105
196
233
16
174
134
169
64
103
178
221
225
235
230
242
189
210
189
189
35
18
142
193
94
83
154
64
248
229
94
13
35
8
208
110
253
1
108
10
37
125
83
174
125
24
86
83
248
186
3
62
116
186
74
169
88
34
219
240
32
170
65
140
242
142
103
108
212
10
233
89
21
221
203
32
5
160
236
126
100
187
37
31
21
16
69
102
110
236
235
248
238
248
167
93
34
252
201
83
139
18
83
35
123
139
178
126
140
238
181
171
238
117
8
16
51
132
76
178
236
198
156
171
18
85
145
167
236
27
13
181
110
253
57
221
248
238
137
60
245
64
18
8
240
156
238
83
179
37
9
24
149
51
103
34
238
169
60
231
147
91
145
59
183
145
76
229
134
38
179
69
88
34
199
5
61
231
167
228
179
211
37
90
10
73
65
105
1
233
63
64
201
93
15
50
229
46
240
238
196
183
201
174
61
103
237
32
1
38
175
223
134
29
32
220
135
179
24
111
190
16
13
139
46
94
10
183
108
189
145
139
127
76
83
245
160
199
64
57
242
69
134
238
210
69
252
97
220
11
34
22
237
117
181
170
140
235
126
13
83
139
109
189
210
158
4
189
229
167
11
83
8
101
38
34
27
172
238
169
44
219
246
153
164
231
201
37
9
108
49
195
233
233
171
253
108
180
233
236
210
167
248
167
65
245
177
196
236
83
244
6
179
242
245
61
210
184
245
171
134
195
47
149
28
135
248
216
139
76
30
24
85
245
229
201
167
238
139
73
52
170
169
67
228
175
193
252
236
217
91
100
169
248
110
238
129
110
63
1
5
96
240
227
236
219
199
170
103
26
210
252
179
42
167
121
194
154
145
212
247
116
241
88
34
16
210
61
219
154
200
64
210
242
103
11
149
229
222
78
49
210
144
245
240
31
167
219
31
8
34
49
192
69
20
247
30
11
63
222
182
35
134
158
236
61
238
197
34
229
219
237
101
14
182
117
242
147
189
175
94
169
110
223
3
123
106
171
229
103
1
219
247
252
106
217
139
238
172
219
28
13
103
167
15
174
195
223
248
5
32
167
79
133
11
109
28
248
110
83
9
245
52
238
139
116
106
110
94
65
96
38
69
9
240
215
8
248
252
187
139
238
238
244
238
247
232
99
221
139
145
238
229
242
210
129
236
22
199
11
137
238
111
78
109
1
21
64
238
2
222
147
108
64
91
22
170
109
245
238
221
14
87
186
127
228
134
101
245
223
212
36
240
10
120
145
201
38
83
145
239
229
179
93
108
167
223
212
248
115
202
171
247
104
108
181
103
19
88
123
172
219
25
64
179
167
52
233
254
64
63
102
140
134
139
93
256
83
219
31
120
139
26
248
203
204
117
6
139
238
221
125
249
219
216
223
236
212
142
190
49
238
201
33
121
96
155
129
207
238
123
88
117
177
31
190
223
2
168
238
35
236
47
233
167
207
137
138
250
88
64
43
95
172
210
124
78
28
172
1
18
34
57
21
89
171
252
94
210
134
30
118
35
252
220
171
88
46
245
182
35
76
139
154
139
248
147
180
22
61
194
57
60
210
34
134
135
108
181
174
249
84
245
83
47
32
243
113
183
256
38
174
117
228
184
182
219
102
205
138
139
61
110
10
116
236
183
167
248
64
1
255
169
6
145
242
182
25
93
26
41
130
201
46
4
10
139
239
134
196
111
30
13
86
174
15
10
19
144
147
248
35
189
163
76
219
115
248
248
34
193
97
25
206
69
110
36
94
229
149
124
61
149
179
108
21
94
91
110
199
219
64
222
178
223
174
236
139
189
134
237
208
37
21
158
167
2
121
118
249
238
17
228
91
109
206
5
220
195
212
104
26
216
40
233
97
231
31
245
116
134
196
179
5
6
224
236
168
108
245
248
179
109
110
57
252
240
134
223
170
219
154
245
238
179
233
247
172
88
210
32
65
32
18
178
28
191
238
236
233
155
202
13
76
196
221
204
135
145
154
129
56
222
189
248
38
94
102
221
120
117
93
90
238
64
182
28
196
110
242
141
169
193
53
168
147
201
169
38
90
236
93
1
32
34
228
170
89
139
102
10
183
170
114
251
19
253
51
116
83
99
237
105
114
236
238
190
94
168
81
50
236
110
101
76
38
25
123
233
255
201
221
154
249
61
11
36
189
110
248
31
96
192
183
236
110
95
116
145
174
110
122
109
94
12
248
242
137
226
204
201
105
201
255
60
67
167
69
170
61
117
185
34
228
117
59
31
22
216
62
64
174
205
1
105
19
73
189
54
180
8
167
94
236
95
175
88
46
238
43
192
5
221
54
170
22
201
236
236
169
116
153
59
86
26
59
138
167
35
64
106
187
117
179
5
245
216
73
83
244
32
171
147
5
225
243
38
108
192
181
236
8
228
236
19
216
26
248
38
57
76
34
32
129
105
111
252
10
238
217
74
110
61
238
38
245
212
67
245
219
237
102
155
210
207
156
102
205
13
24
248
88
57
158
59
248
172
216
61
158
108
201
93
221
118
199
161
147
199
248
34
245
11
238
174
237
228
38
32
53
69
96
229
245
101
216
216
129
76
94
24
94
96
25
64
11
245
104
74
13
81
144
64
247
61
38
61
236
247
249
179
240
39
5
241
117
34
238
167
38
21
15
102
238
94
16
37
237
221
18
153
61
43
130
248
1
228
69
135
187
238
238
179
60
221
61
199
13
69
69
76
4
136
187
52
5
58
86
32
136
241
154
114
110
3
203
196
131
139
193
250
181
62
13
190
30
19
252
61
54
76
179
205
169
65
210
104
64
223
86
93
116
251
147
117
180
34
2
62
102
35
34
13
42
238
50
219
241
64
186
196
59
219
57
110
58
130
112
127
32
89
170
69
64
147
1
199
149
59
105
52
109
145
135
154
89
196
203
93
64
248
25
79
201
149
111
248
210
114
1
140
61
52
61
146
116
169
69
238
158
91
238
94
52
180
57
145
42
59
203
39
109
125
59
203
162
196
27
223
9
145
12
192
31
240
145
248
51
179
37
180
129
34
43
177
101
115
108
28
25
137
46
134
11
179
5
222
2
44
216
245
52
145
145
41
228
83
10
60
219
22
195
248
238
228
247
210
253
199
85
14
188
247
28
221
248
222
210
4
223
107
73
91
119
192
46
248
248
41
133
178
32
4
91
32
147
116
103
31
256
13
239
88
238
76
247
129
107
179
169
32
147
34
233
199
223
221
229
21
243
133
76
170
135
83
248
102
252
116
1
236
32
10
122
224
195
134
52
25
32
169
81
61
220
8
117
35
195
1
110
117
69
200
110
134
247
233
89
154
181
161
70
240
92
57
39
38
198
175
201
217
13
248
30
219
240
25
34
236
221
210
64
69
135
94
256
219
229
240
150
120
129
88
11
192
22
42
35
221
34
248
139
104
168
202
61
34
174
223
41
69
243
219
31
236
240
3
94
139
181
201
74
10
248
185
245
105
252
91
256
26
238
41
199
134
25
246
83
4
196
149
212
206
192
44
152
151
256
12
4
218
64
210
202
182
193
124
238
238
2
18
139
10
78
224
145
5
111
109
69
221
60
230
238
256
248
186
183
164
218
18
33
74
9
18
199
170
201
139
183
27
109
133
157
237
175
100
25
91
83
89
34
203
237
104
65
221
15
32
183
158
25
91
34
153
158
190
222
94
91
64
199
193
224
214
188
240
134
146
201
248
10
121
43
224
104
140
64
94
188
246
109
12
197
247
32
110
223
247
37
102
138
122
86
221
216
101
141
141
35
193
129
196
216
175
116
44
10
169
145
158
8
216
201
120
115
236
96
18
203
235
246
174
196
170
154
24
137
255
236
96
140
223
100
184
182
134
55
69
238
154
242
161
154
198
24
52
199
199
76
61
256
124
4
44
134
115
228
174
172
229
218
163
101
116
64
252
79
154
179
10
64
167
253
49
64
74
34
158
102
189
101
12
255
64
203
38
247
252
126
44
105
238
73
200
123
247
186
30
163
196
203
110
91
10
111
145
61
94
203
97
158
219
210
145
104
247
1
203
116
76
219
58
233
44
142
31
247
168
142
111
131
13
57
164
104
49
129
235
111
