172
204
160
189
102
41
223
177
46
76
183
76
223
149
46
189
136
114
114
114
189
189
111
47
102
69
189
189
203
242
111
189
166
163
189
33
136
111
181
143
220
194
80
102
80
222
180
102
104
69
189
189
106
74
111
136
12
67
180
70
47
132
77
47
128
136
7
172
111
114
117
187
207
132
114
131
111
114
165
62
80
111
189
111
180
192
145
191
128
177
222
102
100
41
219
111
111
131
111
115
128
102
33
44
160
102
111
242
208
185
43
208
109
208
172
160
30
254
111
163
163
187
158
104
148
55
111
173
135
187
160
226
126
187
196
208
70
126
100
5
136
77
147
2
132
192
136
22
77
136
77
118
126
130
174
195
2
118
184
163
204
98
55
148
141
62
100
70
36
94
187
111
67
77
204
26
254
77
5
85
154
200
136
173
245
206
123
60
177
124
187
160
67
111
5
212
51
189
130
130
154
208
163
5
97
189
94
109
224
187
140
66
154
25
191
21
26
154
60
77
98
161
17
182
30
200
120
255
1
99
120
185
70
77
189
2
2
195
154
123
229
148
135
85
239
148
1
156
148
133
245
131
77
229
143
131
50
17
140
131
176
118
124
254
94
163
183
70
94
137
135
254
224
124
100
226
39
187
60
94
94
177
34
102
1
42
114
187
30
79
100
33
123
2
94
130
67
120
1
163
100
102
135
156
242
163
123
254
18
120
39
200
188
118
207
187
69
136
216
213
61
9
94
254
254
254
68
1
2
120
21
11
163
9
187
2
30
1
239
83
224
213
255
120
24
5
181
94
173
148
187
98
181
15
60
123
207
30
156
111
24
118
197
71
9
99
83
51
142
33
84
163
147
61
100
148
137
9
120
131
156
254
6
187
187
96
199
197
197
218
118
24
156
173
195
61
213
254
161
9
30
136
98
106
66
197
148
68
50
120
91
241
96
159
135
213
88
186
206
120
190
206
160
159
106
213
242
106
200
148
148
43
213
157
163
100
162
1
163
204
200
254
254
213
9
79
254
147
148
24
149
4
147
45
49
102
179
163
113
171
255
254
142
25
135
200
62
190
97
213
195
148
255
254
64
19
145
200
187
215
206
163
223
206
248
149
157
204
223
91
163
49
189
190
105
148
65
39
145
131
204
148
200
11
176
114
254
195
254
38
148
148
163
219
105
76
148
255
32
115
187
187
48
254
12
135
49
148
136
200
180
226
89
169
148
163
61
214
254
197
187
99
148
174
197
167
61
135
91
213
174
36
104
254
105
168
138
38
236
36
105
10
79
34
255
64
49
83
237
117
174
254
237
49
44
73
120
61
205
176
13
142
216
194
160
200
187
19
187
188
13
83
62
48
70
148
180
200
44
91
120
45
163
197
256
4
142
68
197
254
148
91
187
254
205
256
83
55
203
4
160
67
121
49
199
160
252
169
78
148
23
169
130
254
78
254
147
69
180
229
130
201
218
35
142
246
200
248
64
49
236
148
163
44
163
105
78
204
221
91
197
169
228
135
11
187
238
88
254
200
8
197
226
195
163
146
186
83
130
114
29
107
144
170
198
148
1
163
126
2
224
83
254
78
