89
135
140
253
36
121
19
230
89
77
74
8
75
172
86
18
108
203
117
203
249
130
35
108
59
187
2
89
206
100
121
32
117
187
146
121
240
64
130
57
146
100
195
108
19
35
223
27
205
195
3
89
35
24
89
184
154
65
35
159
248
43
237
42
121
160
185
166
203
96
108
235
65
195
28
42
35
35
20
244
1
65
5
240
118
10
146
98
223
75
185
113
229
36
97
41
34
130
61
90
27
34
144
13
159
187
135
164
147
108
229
41
185
64
121
240
230
7
87
35
114
238
87
47
103
110
89
240
98
13
144
97
244
73
232
96
69
34
33
33
127
146
256
11
219
59
35
96
164
135
6
91
130
63
30
76
253
15
61
223
240
100
238
194
105
87
190
180
222
240
110
186
150
249
107
96
11
1
149
61
195
108
120
43
18
64
135
2
145
152
121
113
35
160
190
160
94
90
44
191
96
61
144
16
251
102
13
61
19
250
21
119
88
192
106
228
106
107
89
156
73
229
183
83
76
256
194
130
126
135
113
46
192
76
88
244
71
82
156
245
242
18
83
50
7
43
41
96
41
30
12
201
184
110
229
195
181
130
170
108
157
164
59
35
179
160
123
1
201
20
81
89
33
254
147
145
71
211
145
83
89
102
199
57
170
129
223
119
165
87
229
194
241
96
16
203
76
184
212
175
240
103
199
34
83
94
147
186
43
160
107
113
61
211
73
108
240
194
119
62
160
103
61
145
121
242
31
3
160
209
106
163
132
160
168
247
66
191
98
249
203
107
59
62
149
21
145
64
119
244
156
107
223
165
87
56
126
130
191
229
138
235
121
236
83
192
76
62
11
165
175
98
209
234
103
36
222
3
18
105
228
196
145
111
79
63
160
98
116
251
170
78
3
138
103
63
189
228
111
130
107
69
83
3
83
162
130
38
212
89
5
183
175
98
130
17
220
35
165
114
96
219
9
166
36
12
28
235
154
47
253
117
165
105
212
35
130
194
4
96
54
18
111
194
21
160
83
2
169
106
63
106
12
28
60
237
8
43
238
121
61
195
165
138
140
65
21
194
248
206
13
94
83
10
96
235
229
119
145
149
43
201
79
76
219
236
56
191
146
31
129
100
180
83
191
212
170
108
6
181
67
165
156
141
113
99
83
165
116
88
182
180
189
127
178
108
180
59
61
26
175
83
3
13
43
10
25
3
46
57
98
239
35
189
69
102
106
121
254
5
156
30
3
229
251
240
184
248
249
25
180
59
121
43
113
35
97
180
228
18
172
219
231
84
108
194
124
76
201
25
83
22
97
13
102
142
69
142
154
220
185
256
178
101
199
128
18
66
235
194
107
164
94
170
71
251
223
217
225
36
227
185
227
220
12
108
244
67
21
41
151
34
189
199
195
43
76
107
76
47
160
113
203
31
106
107
187
134
225
189
183
8
49
22
89
170
41
89
251
19
8
121
192
97
113
121
199
191
107
154
39
140
152
212
235
114
71
152
111
83
172
18
245
21
14
241
248
194
67
122
241
244
83
172
40
65
35
83
172
61
12
235
113
142
195
224
3
185
97
235
40
149
250
35
220
111
2
225
135
90
189
183
16
142
201
220
164
212
225
36
14
195
51
144
184
47
90
102
180
88
165
142
113
79
34
111
141
83
201
7
178
219
35
113
180
135
121
194
235
3
18
242
195
201
195
60
234
245
97
113
135
69
251
145
206
107
56
229
94
238
126
100
114
146
56
95
191
195
50
94
57
205
189
183
18
189
183
63
149
209
193
240
154
230
183
1
86
164
240
146
105
22
5
16
14
89
45
61
88
174
245
113
87
98
111
108
248
86
13
91
116
95
61
6
12
220
25
91
172
209
57
186
94
223
113
76
240
156
6
234
2
69
191
17
234
3
5
168
107
241
84
169
243
234
240
113
200
110
160
225
146
130
203
89
59
236
169
61
174
47
256
228
63
145
20
94
36
76
12
222
189
160
90
120
235
235
248
96
111
57
1
1
83
239
156
243
250
151
203
172
61
45
222
50
230
169
93
219
100
189
146
206
145
130
203
243
211
107
178
184
121
8
149
175
156
134
168
226
216
107
250
80
248
185
235
94
5
60
64
171
33
219
52
78
66
57
219
191
147
5
253
209
31
157
22
5
219
111
121
170
203
189
83
14
14
28
130
178
15
1
177
7
229
36
41
234
184
30
83
97
255
238
83
38
222
6
229
94
236
17
254
12
91
242
107
95
113
178
105
113
63
83
5
190
168
149
203
239
158
111
187
156
156
76
206
122
242
93
111
187
65
61
8
219
210
76
102
127
61
245
199
248
36
100
141
225
95
71
12
226
226
225
43
78
104
97
195
89
72
41
172
15
35
80
145
240
195
111
31
64
70
3
149
237
149
206
8
135
181
232
239
228
238
223
79
216
252
209
64
101
240
31
34
29
109
123
195
106
201
169
220
219
231
223
256
180
102
203
244
194
203
149
62
39
244
149
145
199
238
206
86
38
104
250
76
158
189
1
30
35
187
71
195
98
210
71
61
152
45
147
250
16
238
90
3
208
111
14
175
119
185
21
129
10
223
104
146
108
117
145
201
201
139
254
44
130
240
149
238
18
107
43
149
185
59
108
107
187
250
90
65
185
187
1
121
199
35
121
189
31
89
3
83
168
106
69
107
132
79
61
226
191
46
54
96
192
53
223
34
35
162
80
30
1
107
180
84
6
64
15
174
83
219
72
148
83
145
244
203
111
85
223
1
219
208
126
107
100
242
212
85
238
113
135
57
142
21
51
121
107
169
224
3
191
84
253
139
156
147
56
156
223
186
253
119
181
76
160
113
215
234
76
41
36
35
59
13
156
201
145
248
252
199
236
31
34
52
169
209
229
170
121
251
77
229
196
235
194
190
12
231
63
14
236
3
5
191
221
234
235
223
231
15
89
244
160
16
31
168
34
86
22
252
241
13
98
203
203
244
139
60
64
220
21
10
239
65
76
168
149
186
17
149
122
113
203
219
15
234
93
34
238
5
69
28
76
2
156
126
203
119
156
96
189
186
185
248
28
178
171
223
201
235
16
152
10
28
185
201
121
205
191
238
64
169
244
134
100
36
107
248
198
119
135
64
234
134
86
118
203
130
134
96
3
76
113
185
166
156
19
149
15
244
207
26
253
12
2
145
212
109
147
242
47
76
149
41
247
216
132
238
34
144
36
168
149
248
90
210
189
245
170
223
113
236
234
141
113
54
86
248
141
200
250
237
2
36
6
64
43
242
81
110
190
36
145
166
113
191
248
201
229
11
146
33
90
169
195
69
104
113
201
1
61
136
26
218
104
144
189
12
3
245
52
15
167
30
5
19
53
200
6
107
223
253
111
108
195
152
241
24
228
104
156
60
220
96
89
169
108
36
47
80
34
57
103
139
237
56
193
248
27
119
227
108
114
58
206
100
149
102
191
187
169
41
41
212
238
53
227
154
142
149
1
114
3
113
136
38
50
105
149
121
152
253
86
241
167
147
111
8
121
69
141
15
43
149
248
154
247
96
91
201
169
34
194
244
10
141
150
234
1
83
248
61
240
202
30
76
111
43
134
247
252
76
191
5
111
63
154
141
9
113
149
47
61
5
117
8
85
130
61
227
251
31
64
121
36
118
30
242
117
219
69
247
169
114
191
104
220
156
69
96
154
36
102
88
100
64
195
91
236
169
145
151
60
13
169
167
203
248
206
42
158
111
145
124
119
46
15
152
35
60
89
175
191
106
223
134
89
169
1
36
168
60
5
52
19
121
121
33
147
37
184
241
89
27
185
118
168
188
12
6
57
130
189
47
223
203
134
212
106
119
83
47
6
147
96
78
170
60
252
195
5
240
224
189
236
244
21
219
64
111
158
252
25
51
219
135
83
119
110
190
220
227
149
37
235
1
154
79
43
191
34
5
19
113
223
210
147
5
34
19
185
10
118
201
85
238
54
119
186
152
166
47
234
83
244
61
107
15
146
231
80
134
43
253
61
223
240
139
147
200
236
5
59
81
8
107
242
216
111
42
28
236
180
35
19
81
13
215
96
141
19
238
30
47
2
108
27
238
79
160
203
156
96
254
105
107
201
6
6
83
129
107
242
111
219
19
100
241
15
106
145
65
11
244
227
173
163
35
255
89
118
83
242
89
85
198
214
203
228
64
83
86
248
78
15
96
39
36
149
111
83
146
169
26
232
38
238
149
210
134
201
241
96
83
139
107
30
10
83
83
32
34
201
83
240
57
201
118
149
189
96
178
61
117
203
102
102
219
36
76
151
76
244
121
111
8
205
134
3
19
104
193
73
201
107
31
98
24
26
140
219
60
46
119
144
57
223
47
169
57
76
252
158
198
117
119
149
119
134
147
182
214
252
248
76
144
5
10
223
169
255
147
119
189
195
10
38
98
246
64
224
230
236
141
203
107
26
169
134
57
256
182
238
25
76
26
219
173
6
201
228
8
108
5
246
69
45
242
57
5
15
25
41
238
60
86
16
219
154
60
85
158
60
2
141
25
15
134
231
96
223
185
201
183
103
47
195
236
135
11
5
108
116
12
186
11
26
169
184
247
57
246
130
156
76
106
194
51
229
190
205
110
149
100
26
61
256
189
60
196
201
180
195
30
63
45
178
178
111
61
253
25
6
232
227
130
201
198
201
242
126
134
18
18
223
15
12
16
57
228
182
61
154
5
244
41
244
85
19
75
120
61
246
236
52
175
196
35
207
108
61
181
254
4
119
158
182
57
70
156
156
47
77
158
215
2
213
144
223
119
237
12
149
238
145
57
198
251
111
56
82
34
135
219
11
174
190
78
163
86
167
106
236
83
86
108
25
11
79
86
133
190
196
195
102
49
238
67
46
61
60
89
246
154
173
83
214
34
153
26
47
111
236
118
163
51
26
89
138
76
91
229
239
182
26
76
249
98
101
78
238
191
25
189
227
238
61
214
8
169
116
118
14
145
230
130
201
215
100
108
119
83
196
5
104
16
18
242
237
93
10
47
130
61
227
238
178
110
64
192
170
201
195
253
228
228
88
131
170
101
83
116
60
108
241
210
53
242
42
22
227
219
248
236
201
83
158
163
6
200
53
200
111
169
229
100
45
196
35
6
170
133
103
142
11
156
221
248
255
36
88
193
47
149
248
36
6
18
200
6
23
239
61
238
34
242
199
199
60
96
96
203
10
127
12
219
34
1
117
83
193
12
224
212
134
86
212
230
4
170
222
195
6
247
32
113
115
219
198
121
225
10
196
122
196
142
60
221
195
82
60
134
189
230
52
23
140
64
146
10
134
15
134
145
35
64
39
53
158
36
82
253
158
83
57
199
240
57
130
10
170
46
200
196
210
203
163
39
53
86
32
122
193
180
133
32
15
191
167
159
238
220
152
190
108
238
60
68
64
255
43
238
215
142
201
60
238
248
13
81
210
77
14
193
210
64
195
210
15
199
16
65
199
190
238
64
228
134
124
189
227
201
35
193
219
248
117
196
49
10
116
108
56
248
227
115
134
32
235
10
201
