162
84
45
34
50
96
232
51
182
232
232
164
252
123
84
80
232
162
29
162
185
69
73
146
162
162
121
219
146
166
121
186
162
230
76
249
51
121
123
218
184
249
230
144
84
249
7
249
73
67
185
84
223
115
55
240
7
230
75
146
140
162
22
106
123
73
249
27
80
162
7
184
162
162
235
16
29
67
172
62
7
194
7
15
242
29
209
7
184
172
205
165
235
231
84
249
84
215
232
29
17
178
115
202
84
256
153
68
230
32
80
210
138
191
215
62
72
235
215
230
199
29
193
84
80
179
249
29
202
252
193
228
42
170
72
42
73
210
62
62
84
249
42
55
215
231
129
230
193
193
235
77
231
202
80
73
146
65
235
40
169
84
32
15
207
174
176
88
58
231
42
193
230
253
215
75
133
176
23
224
139
202
29
9
84
215
230
111
162
67
9
208
228
205
232
179
80
215
136
202
249
91
139
202
143
203
207
235
184
146
243
249
104
84
205
77
249
84
205
204
117
42
91
209
213
140
176
42
9
125
243
42
146
162
165
40
251
202
42
85
29
179
115
42
51
59
215
202
162
82
193
256
210
103
117
84
197
162
209
202
84
115
125
66
84
85
63
165
165
162
25
251
117
103
157
178
117
26
77
179
170
203
251
82
84
256
186
74
230
205
65
251
144
202
125
185
231
165
117
252
42
138
139
139
29
117
26
82
211
37
218
161
7
131
198
166
21
80
84
209
215
139
211
209
25
209
82
58
29
115
130
209
243
82
21
160
21
55
84
209
236
230
133
243
68
26
143
143
10
220
232
99
218
160
143
163
26
42
30
86
72
197
207
209
198
143
94
160
198
26
231
26
150
161
150
253
71
151
1
151
231
253
94
213
209
150
198
197
197
59
120
71
218
143
194
143
216
194
205
59
98
209
147
72
36
23
55
140
244
72
55
231
140
239
166
4
253
215
147
78
72
7
42
99
151
160
255
71
160
103
82
75
68
181
36
120
42
78
222
36
255
202
47
255
197
162
162
157
162
162
215
162
72
211
98
165
197
29
27
80
162
9
53
80
101
138
140
177
162
84
42
82
80
84
82
210
72
84
162
82
42
177
10
115
61
84
255
202
42
