150
162
207
123
208
79
121
14
14
93
75
162
79
243
31
59
14
41
89
59
29
211
113
150
146
55
59
206
179
253
107
166
256
146
40
225
13
169
191
231
21
66
30
66
170
47
253
166
166
43
6
95
121
162
256
191
256
207
211
144
66
169
41
208
121
208
59
211
146
211
195
61
243
199
208
3
113
179
221
21
138
169
151
87
205
31
243
165
146
66
146
231
89
51
46
205
146
175
253
17
7
84
90
84
55
87
47
36
31
186
107
87
8
240
3
73
168
35
201
160
11
221
205
88
17
31
251
231
36
121
40
244
18
31
51
7
205
169
216
229
8
205
89
164
162
121
97
36
37
121
159
227
178
35
59
205
146
195
95
21
186
241
144
178
221
256
14
84
141
230
253
127
108
84
205
144
236
30
1
1
90
21
146
97
1
144
71
234
80
162
239
84
191
97
190
14
2
137
205
253
202
40
135
31
61
177
151
50
18
231
153
216
7
184
146
18
253
180
177
88
6
84
115
253
205
212
19
235
73
59
237
215
256
18
18
153
146
184
225
164
212
14
128
184
211
1
58
256
153
231
223
198
25
97
174
208
212
166
208
31
203
135
191
131
249
203
168
106
191
146
89
205
225
153
89
225
60
138
191
202
194
231
219
54
122
169
212
153
250
79
256
114
138
24
239
94
113
241
107
183
230
49
76
203
79
138
106
135
18
225
184
177
87
18
175
177
80
229
144
135
182
58
51
191
50
58
51
140
194
168
123
179
7
89
3
153
19
211
231
253
21
92
121
66
90
18
177
73
121
211
226
7
66
115
3
184
5
205
31
148
32
119
244
214
31
219
91
234
239
79
18
249
256
29
182
74
183
225
73
166
114
58
81
153
7
187
168
27
152
146
194
81
239
144
35
162
105
153
209
250
171
157
29
47
239
215
67
46
165
177
125
140
84
93
16
177
85
25
70
153
157
178
85
88
83
205
126
74
157
3
215
176
67
18
230
182
151
166
37
84
65
46
225
239
225
59
239
239
252
102
176
169
125
252
254
78
182
251
86
160
45
93
211
60
21
212
254
115
61
96
105
237
58
115
231
187
84
22
74
239
210
191
135
239
223
12
107
178
177
225
194
29
115
45
153
208
25
234
66
46
123
119
31
74
177
81
65
88
231
122
74
157
244
66
221
242
225
184
138
143
178
124
185
58
23
254
20
123
194
8
194
52
192
16
36
153
243
125
180
75
125
194
211
229
60
253
119
16
244
236
168
100
176
27
42
185
16
192
86
98
98
223
24
58
153
239
138
23
76
90
45
225
30
194
138
254
251
169
86
66
107
223
191
114
125
182
42
242
61
105
66
185
176
5
235
105
58
89
148
251
165
18
175
165
115
244
83
75
81
251
6
14
220
252
160
165
120
130
231
157
106
162
176
171
31
244
40
206
142
142
76
191
86
251
98
127
74
189
89
98
119
251
241
231
251
104
234
82
217
135
165
6
92
60
34
115
105
239
157
50
50
181
98
225
225
28
114
239
109
250
77
251
157
223
71
231
79
206
205
41
250
59
250
28
151
72
135
126
185
76
86
107
1
221
171
82
160
56
149
160
240
119
20
127
72
241
125
210
180
148
195
215
125
117
125
144
89
231
195
136
33
229
214
95
136
98
107
89
77
76
89
242
108
221
253
164
21
251
28
51
225
77
171
114
125
86
136
86
168
47
197
250
98
239
73
234
162
47
106
76
7
1
28
130
109
208
220
63
121
77
118
133
127
123
251
85
125
98
249
161
239
213
23
95
76
222
175
123
63
36
1
125
72
76
185
1
191
223
11
25
25
206
185
185
191
213
255
112
153
146
239
58
241
40
232
139
234
95
166
107
123
89
20
116
190
119
23
113
85
107
1
24
123
126
205
251
251
128
154
75
217
225
46
85
5
197
51
23
215
125
221
60
126
256
239
24
194
63
255
58
241
86
25
88
119
126
46
153
193
146
125
4
119
29
224
38
85
230
103
166
59
82
239
118
251
85
78
229
44
243
95
210
195
20
20
91
72
60
14
197
60
119
4
30
219
28
86
107
136
95
40
85
193
126
251
122
187
125
205
123
69
60
98
160
69
85
25
229
63
246
159
191
121
224
76
239
20
217
234
1
166
189
191
252
245
214
212
255
76
214
215
135
65
4
225
168
214
214
125
89
1
107
39
210
123
95
1
38
6
56
205
240
6
6
1
191
136
191
250
63
239
241
245
238
230
144
128
219
195
251
115
217
97
212
60
191
113
168
85
133
8
151
221
97
225
27
49
142
125
5
20
17
251
85
234
110
212
85
187
71
72
241
129
40
75
152
113
20
125
66
244
48
155
219
113
204
255
219
33
4
101
125
87
76
254
105
47
155
72
49
92
193
131
23
191
129
251
159
40
71
120
37
69
176
40
72
4
107
22
163
24
101
119
85
6
99
248
87
113
167
107
243
139
5
210
191
192
204
225
36
246
88
63
164
229
94
7
178
155
3
77
161
148
125
140
144
221
230
202
1
24
248
197
170
40
87
32
214
197
235
23
245
101
85
127
206
148
107
65
178
254
172
132
72
102
214
101
197
72
168
22
23
123
178
92
139
254
125
20
157
23
153
113
139
225
178
82
114
101
20
86
107
224
21
234
151
113
140
85
185
92
148
245
234
43
119
239
239
245
78
88
191
20
248
225
251
224
25
197
18
23
254
224
221
92
92
163
161
119
78
221
19
57
228
125
72
225
23
127
37
125
218
59
191
72
23
88
153
28
113
191
71
161
10
217
104
15
3
148
85
88
15
168
20
71
100
124
48
15
20
248
148
23
171
136
59
23
20
92
3
132
60
20
255
116
118
152
132
65
82
123
33
239
104
125
185
138
148
15
218
20
185
119
82
125
136
104
67
213
118
29
218
189
220
82
240
210
234
106
36
46
221
194
89
189
142
234
16
244
159
15
252
218
156
82
15
85
152
197
163
132
211
102
89
201
125
109
85
164
200
179
15
171
219
46
92
91
24
125
256
92
34
167
115
82
125
149
32
168
152
218
203
187
85
201
1
234
51
113
158
158
28
170
223
171
101
230
53
52
130
28
132
218
125
169
123
252
255
142
189
23
217
23
125
106
83
85
189
167
185
115
163
12
192
219
192
24
158
25
73
169
224
161
30
142
231
28
194
152
34
4
104
110
15
219
76
39
188
203
91
34
218
15
246
241
168
238
27
64
253
1
26
115
134
237
159
252
64
123
197
37
54
35
45
163
185
195
72
15
148
142
15
242
184
146
149
108
232
220
248
190
78
53
157
19
88
233
15
149
15
233
12
219
149
249
17
120
119
240
12
109
212
123
253
200
152
4
31
10
125
246
236
152
221
178
115
186
34
35
186
12
118
56
48
155
193
219
136
190
65
197
167
12
167
163
188
189
163
81
11
39
220
34
76
252
219
196
110
76
72
31
157
218
247
256
166
118
149
208
15
106
39
19
125
26
201
52
190
86
139
228
213
133
86
73
116
60
34
163
56
86
76
64
89
60
10
219
195
52
45
167
8
57
10
28
81
238
49
161
210
166
160
146
239
86
4
101
149
38
167
69
221
115
89
249
112
192
175
213
116
10
12
31
52
101
238
23
64
48
26
189
117
247
64
232
76
256
201
201
48
233
4
197
23
10
48
150
235
189
148
133
175
134
104
163
137
42
228
110
38
88
218
167
56
23
146
119
116
169
33
61
163
72
242
44
173
110
170
76
133
133
193
159
201
11
49
1
102
201
241
4
