123
172
17
17
26
123
127
172
17
127
129
95
51
146
180
129
180
123
94
172
180
146
123
128
143
208
204
128
94
243
29
126
199
99
29
129
17
94
123
194
55
182
182
102
231
182
206
182
194
180
94
128
17
44
28
17
3
209
55
112
209
54
92
102
160
129
94
204
164
204
54
205
106
106
154
209
3
204
33
180
106
242
5
180
206
164
11
204
242
120
92
252
11
41
33
243
174
106
30
98
17
243
98
87
162
87
160
122
42
115
98
66
160
92
79
203
160
28
174
79
30
26
66
171
206
115
122
75
79
91
92
216
154
28
91
91
230
249
148
91
28
48
220
148
70
249
104
230
42
83
91
60
230
231
241
60
161
60
44
115
42
155
42
115
28
18
35
84
222
114
75
66
253
91
226
102
42
197
84
79
116
213
184
66
148
115
26
237
148
154
203
91
207
92
163
146
225
26
105
155
155
182
240
26
44
5
197
14
150
244
121
3
195
83
98
83
137
122
128
225
231
191
48
3
143
14
62
137
14
107
180
98
199
94
175
177
168
225
146
78
95
94
231
94
153
69
9
110
33
69
97
112
14
177
175
160
14
148
105
174
71
180
204
112
97
218
120
14
38
90
174
101
5
252
54
236
107
240
203
160
236
132
74
98
182
97
71
174
213
244
71
69
98
45
256
30
5
129
25
89
57
129
159
122
38
94
231
98
184
47
243
16
133
120
213
206
75
66
137
204
189
206
161
181
98
163
82
181
114
175
14
201
132
116
182
179
247
14
50
28
159
19
166
76
115
200
38
50
82
175
118
116
56
92
237
189
85
26
50
254
3
168
163
192
163
148
145
230
240
183
132
142
160
149
45
161
94
175
243
230
145
163
57
155
254
48
138
128
74
228
160
227
210
57
178
148
86
147
160
69
186
207
160
255
183
26
101
148
160
115
160
29
160
146
150
73
202
148
30
197
178
115
155
194
131
148
159
15
98
255
32
42
195
27
45
207
29
161
94
140
250
44
216
248
115
15
207
12
200
115
155
115
44
254
12
149
220
56
78
216
145
104
54
54
122
39
207
150
159
145
155
99
48
134
9
199
155
248
49
99
32
207
63
29
31
254
45
207
26
72
189
45
3
220
243
159
232
102
145
202
25
111
145
218
230
255
134
163
141
202
150
199
207
205
106
189
201
85
106
72
62
237
154
77
133
150
76
218
227
214
235
219
161
52
148
148
33
133
94
45
188
163
246
10
189
148
86
157
104
15
12
213
197
116
45
142
184
254
106
43
255
128
155
133
106
48
48
8
133
163
9
26
78
80
213
200
52
86
64
44
116
113
48
204
219
35
159
247
154
211
64
48
94
78
214
48
213
85
56
48
145
48
57
38
52
52
104
12
56
150
82
62
213
69
99
163
72
256
256
12
56
133
82
78
214
187
15
15
110
10
111
218
45
237
68
157
232
133
31
76
22
203
99
196
161
238
133
86
157
163
203
12
155
13
64
58
142
201
148
56
239
140
203
201
174
204
192
73
232
142
101
26
35
133
142
134
30
203
249
48
85
39
106
111
236
235
39
2
189
249
133
22
56
108
64
207
12
166
117
197
214
192
201
96
249
56
76
154
162
202
157
148
42
218
190
35
155
202
196
82
101
56
94
207
56
61
86
65
120
157
99
207
34
227
19
220
64
249
111
10
111
201
163
158
253
52
12
192
207
240
108
86
104
207
15
201
12
166
159
111
96
15
201
76
116
249
48
64
57
35
68
120
162
201
15
249
192
76
82
86
201
238
12
154
44
146
157
44
157
238
196
42
101
214
241
26
202
115
221
242
9
26
148
163
111
157
196
201
241
186
240
240
133
116
133
256
245
232
142
19
8
163
201
162
216
56
256
35
34
10
161
196
12
236
159
12
