212
51
165
165
165
51
165
206
206
165
153
106
206
66
153
105
66
66
66
66
165
206
3
205
31
3
135
151
88
66
182
246
138
175
177
29
128
236
182
38
38
139
51
139
182
151
66
128
105
250
236
128
162
65
95
165
246
54
246
38
122
177
10
104
29
10
111
176
54
104
211
54
5
177
250
29
182
176
177
71
246
138
222
28
3
95
17
75
75
177
105
60
92
140
26
206
65
151
181
69
28
193
222
3
177
151
3
76
60
3
217
13
73
176
87
60
3
65
246
14
75
193
190
104
248
87
112
95
60
177
255
99
149
26
105
237
97
3
190
67
33
33
25
149
13
220
94
246
33
237
70
225
123
26
217
121
203
97
87
211
250
95
253
177
175
168
240
62
62
151
110
76
236
236
74
17
151
115
216
204
108
74
188
28
105
175
143
63
150
60
110
191
241
28
236
239
92
63
123
203
114
211
8
87
95
64
92
28
140
28
151
8
255
115
225
208
34
217
82
168
234
212
34
216
126
74
200
60
217
87
34
95
60
208
63
239
31
191
189
175
235
205
253
76
191
245
63
25
14
156
239
224
236
208
208
156
66
147
8
98
168
131
124
156
63
5
15
54
66
28
60
87
200
131
136
60
136
251
245
171
239
174
12
190
135
52
98
26
105
160
204
144
7
92
60
93
240
82
131
211
64
206
217
191
54
250
93
145
2
211
96
230
56
217
63
27
50
53
240
205
38
145
238
105
43
54
67
230
134
200
211
208
8
131
96
60
172
171
168
203
175
15
53
147
97
3
214
203
57
5
174
168
159
189
42
206
217
54
118
214
250
108
243
134
106
13
63
213
43
5
93
98
102
214
117
26
54
97
4
147
134
14
193
32
52
38
26
227
139
175
27
245
217
181
206
67
230
171
175
249
53
74
118
217
93
15
106
217
145
88
132
7
168
14
43
245
3
28
97
245
117
168
200
33
247
216
154
56
56
252
168
237
100
249
50
3
248
13
97
74
171
77
213
172
5
60
208
248
77
241
66
210
134
106
212
70
19
60
238
50
96
200
235
52
227
5
19
230
105
56
139
132
192
111
15
93
245
68
192
159
105
108
252
37
193
53
206
106
38
252
100
37
249
30
27
15
123
48
74
37
108
56
157
204
168
157
135
4
111
179
110
37
105
217
106
105
83
168
66
252
192
110
22
63
217
34
60
168
183
93
90
212
37
37
26
56
238
139
164
134
7
60
235
251
55
43
207
216
210
110
26
14
38
229
154
103
179
247
28
60
91
60
210
198
15
32
91
13
14
214
207
37
245
228
222
240
214
25
79
28
124
235
134
210
168
88
30
189
158
13
190
135
118
26
74
211
96
56
110
170
89
60
14
128
179
157
101
110
106
214
56
178
56
200
134
226
179
110
252
14
249
107
118
102
102
214
47
37
108
171
224
230
53
157
224
128
109
226
34
30
224
60
201
96
102
157
245
128
124
12
134
217
37
201
43
245
201
2
43
35
254
217
254
189
245
119
214
161
134
52
193
