47
111
251
51
34
111
51
8
8
105
10
8
181
76
181
111
83
195
14
51
251
212
174
250
183
105
235
237
147
47
150
66
226
206
183
18
250
126
63
150
235
226
172
110
147
199
183
95
149
183
9
129
54
250
129
154
115
209
28
150
183
250
105
83
28
255
183
28
142
31
189
5
183
177
229
5
147
74
142
95
189
162
199
129
17
108
226
93
178
9
93
79
54
245
183
3
38
17
150
147
40
97
109
26
93
5
168
144
40
162
162
129
126
9
63
105
154
13
143
168
156
123
245
13
108
13
250
211
15
13
95
236
156
46
168
26
42
183
18
15
108
42
3
40
128
3
168
61
19
44
246
183
192
109
9
143
77
60
236
46
150
226
180
26
113
236
239
158
156
95
142
21
250
103
250
31
15
76
199
128
93
100
158
175
150
95
59
239
31
13
18
18
101
142
21
168
250
63
193
15
162
105
169
26
97
60
205
95
24
39
44
236
177
235
83
162
235
147
144
55
168
226
183
4
204
126
46
42
47
24
61
64
140
220
169
183
1
24
253
168
235
245
245
198
61
73
192
40
240
97
113
250
39
226
168
61
90
16
15
135
67
126
244
4
113
4
167
3
93
162
24
9
61
205
1
198
37
199
59
83
9
150
212
20
64
250
141
183
84
9
72
154
40
16
205
132
143
132
205
141
8
64
3
37
14
217
20
234
20
231
172
233
221
110
199
172
126
109
119
122
16
126
222
83
14
114
158
231
231
67
231
90
212
250
43
184
181
243
132
245
123
54
140
212
147
119
21
94
42
175
243
147
94
229
191
253
168
184
119
132
147
245
29
147
127
123
33
21
83
114
114
147
229
3
109
83
55
179
168
182
217
114
24
8
205
241
68
9
61
233
126
234
83
4
15
123
36
1
119
49
223
12
244
37
158
175
233
150
12
37
52
92
168
139
71
94
154
158
149
100
122
118
190
42
132
223
250
207
199
119
84
255
174
61
147
15
22
147
223
100
60
190
168
147
207
212
130
172
96
66
54
61
94
100
24
114
6
20
22
4
109
123
1
94
120
161
3
1
36
174
1
227
128
47
54
250
17
254
90
225
154
161
66
11
9
94
175
234
227
37
71
90
83
207
13
83
150
109
170
21
184
145
106
92
205
61
119
17
6
245
66
1
217
223
33
140
149
144
199
120
65
83
24
132
83
221
172
244
135
225
81
68
44
90
198
161
132
120
226
228
6
108
93
246
111
111
147
109
55
191
105
105
245
246
177
109
174
16
46
232
29
126
120
199
125
126
228
240
92
14
43
119
108
8
212
128
188
244
94
14
161
142
110
83
127
149
129
119
120
223
83
5
149
181
105
21
142
221
135
14
199
1
174
125
68
135
47
18
210
111
254
61
47
139
244
120
225
5
188
90
119
221
14
210
172
119
28
11
222
253
198
92
141
129
227
119
83
134
109
22
212
135
212
144
253
156
25
210
13
26
10
245
103
207
156
47
26
169
182
79
66
83
231
221
46
23
10
55
152
181
89
83
227
212
199
187
119
237
61
195
212
192
130
120
187
14
61
173
90
46
244
58
83
156
109
13
79
187
41
119
198
58
187
154
195
70
90
66
187
135
167
53
187
188
152
4
93
14
246
217
192
43
19
21
35
149
109
139
48
168
172
212
6
212
212
106
5
26
191
187
13
200
187
130
32
244
109
5
58
55
199
14
124
120
61
5
168
67
172
45
191
60
235
199
189
78
78
83
6
32
192
175
120
11
119
198
198
109
43
176
154
200
84
14
14
14
118
125
187
173
100
132
109
198
135
229
56
109
130
247
78
43
79
212
38
14
73
119
125
135
135
152
125
147
122
43
244
119
14
94
61
245
130
130
130
122
142
26
135
1
224
125
38
67
63
113
192
135
156
187
1
60
132
79
231
109
43
187
79
142
239
24
70
119
115
226
130
132
135
83
83
100
147
78
173
1
142
60
60
100
1
132
135
187
153
224
30
30
70
130
137
60
1
14
67
4
255
135
46
130
187
100
60
187
191
1
99
130
187
83
22
11
135
82
187
