59
59
59
184
88
59
32
184
97
250
59
59
59
114
150
114
54
140
54
3
220
3
114
3
3
140
3
54
40
235
220
111
85
13
59
24
220
111
135
128
3
37
115
235
128
184
128
208
217
235
184
249
95
135
135
128
85
150
59
95
7
146
208
150
249
63
85
95
37
97
95
115
184
146
217
7
95
150
97
128
231
217
135
217
184
249
95
109
97
228
217
114
235
220
139
256
158
164
93
220
37
231
250
111
169
251
183
135
250
54
150
20
164
220
54
251
235
184
228
146
131
217
3
54
64
250
129
33
35
95
111
219
58
139
25
25
37
64
219
239
256
31
256
228
88
229
146
88
217
139
146
205
219
37
24
133
229
183
131
166
88
132
140
54
139
84
125
26
184
175
15
203
251
31
71
184
158
42
250
75
27
197
183
235
27
144
108
37
139
73
197
60
183
205
168
108
150
140
219
114
253
169
175
112
237
54
233
55
90
90
22
32
15
233
27
205
208
22
134
171
169
250
32
176
88
158
90
220
236
195
37
114
250
186
169
77
252
90
112
103
77
235
135
27
132
129
145
37
85
194
253
31
185
114
228
252
37
171
158
235
114
183
124
103
250
96
208
77
235
27
33
112
225
132
88
186
201
96
158
222
206
28
235
177
132
77
15
102
43
136
124
37
77
154
185
37
136
43
149
171
60
252
114
84
123
49
183
222
216
76
77
30
222
22
93
88
14
145
96
108
96
35
181
91
124
27
77
91
37
6
183
168
214
187
235
205
68
110
195
194
35
114
245
139
250
250
13
203
250
222
219
33
171
201
3
64
252
183
223
245
77
171
135
102
77
170
108
222
183
176
95
137
31
175
182
228
76
187
182
24
194
240
244
67
114
186
219
133
80
181
181
217
217
184
90
250
108
82
63
236
247
245
217
168
29
204
184
5
116
35
222
108
107
14
201
236
124
168
201
108
54
136
235
63
190
250
64
242
92
89
117
51
196
216
24
236
204
64
232
171
102
3
175
114
79
187
182
133
64
71
20
14
13
147
64
37
67
60
222
229
76
113
74
253
13
128
132
133
40
229
158
77
83
110
245
14
197
37
20
90
14
114
64
95
77
171
109
223
24
96
184
3
88
89
58
253
75
123
3
102
108
132
240
69
190
204
100
147
169
236
102
12
43
19
91
14
61
145
16
38
32
230
8
77
246
91
83
132
193
81
208
229
233
19
121
215
114
16
194
11
153
108
63
206
15
71
10
193
121
238
159
3
88
27
81
18
24
181
113
147
190
169
145
146
113
167
15
239
79
64
158
183
15
103
174
219
81
33
37
181
151
19
91
14
34
108
5
136
203
64
26
169
35
114
168
21
150
190
201
132
135
253
181
229
166
239
31
180
235
24
223
71
85
137
78
169
41
145
238
61
183
65
188
181
114
222
240
108
167
196
169
158
225
238
88
77
114
235
4
3
5
24
37
55
169
137
198
76
228
203
64
146
91
236
58
61
108
77
96
236
203
108
6
130
194
27
184
114
188
11
168
240
190
87
16
233
5
40
181
29
102
31
166
160
103
102
242
15
31
236
83
76
132
83
34
75
6
248
185
47
65
190
235
139
96
10
77
117
147
184
174
201
24
31
169
90
149
25
221
90
59
37
88
236
8
236
37
235
121
14
11
49
183
26
35
43
121
167
89
100
250
203
65
248
170
175
203
108
243
204
223
34
169
58
139
181
13
71
120
253
132
5
114
256
101
140
40
217
175
229
198
136
114
40
195
100
236
1
211
11
120
168
83
204
121
168
96
74
35
79
104
204
3
250
106
6
175
83
243
140
108
144
108
11
238
108
62
120
104
169
89
170
41
79
238
229
136
76
248
4
83
18
240
91
250
167
158
194
14
94
147
35
231
117
190
135
229
223
96
42
116
21
65
135
229
78
203
198
35
75
183
27
168
224
65
8
181
124
41
10
130
19
80
191
25
58
96
125
256
141
106
129
27
201
154
137
25
60
83
250
88
203
201
250
186
245
170
65
158
190
242
123
166
233
38
219
108
223
204
94
34
185
186
33
121
91
35
13
172
140
35
103
42
5
151
109
242
195
236
10
146
159
128
171
137
126
41
55
158
169
179
16
21
90
168
238
29
37
2
22
20
183
3
167
201
141
89
5
89
59
101
221
38
238
88
256
60
146
116
229
169
233
195
8
236
124
83
73
195
194
110
187
91
139
101
256
147
137
33
114
116
38
158
256
18
91
205
33
195
194
3
233
246
250
135
14
25
96
242
1
5
196
201
1
59
166
13
91
28
221
106
38
31
41
73
89
60
240
2
41
190
58
245
203
98
35
206
14
187
89
135
158
3
37
64
6
30
151
135
225
37
94
228
5
243
88
240
249
37
203
124
14
145
230
76
140
102
20
242
246
136
130
83
13
59
236
93
108
13
256
140
69
96
33
151
139
25
38
114
250
230
79
5
147
90
256
180
203
228
29
107
65
14
203
122
5
209
74
34
124
34
213
14
126
64
247
121
40
121
124
29
124
195
240
68
75
192
229
5
81
191
145
216
29
127
43
76
39
193
35
194
130
147
81
38
218
190
130
65
59
84
199
196
196
251
2
174
76
223
107
125
83
253
15
116
3
89
65
190
88
6
79
150
95
193
253
171
228
110
234
96
88
142
248
21
38
90
108
88
41
223
121
65
93
192
201
105
24
31
10
32
108
83
252
95
2
190
96
114
244
42
65
35
241
13
190
194
166
22
60
27
35
73
65
201
185
19
229
116
89
18
61
224
132
239
183
220
186
24
100
33
187
245
114
91
234
64
108
187
121
58
65
175
94
158
38
223
51
78
241
64
61
7
226
191
22
169
236
25
178
20
179
196
224
240
116
37
240
4
203
136
103
35
220
64
1
126
248
187
135
39
76
211
47
61
49
119
35
201
248
181
191
19
201
238
190
169
90
230
55
6
33
221
187
1
138
144
25
156
15
35
64
230
179
91
91
136
186
43
158
180
108
199
29
245
102
34
204
46
212
122
147
69
121
90
223
60
245
78
46
6
13
227
10
223
72
121
142
68
117
164
218
236
78
40
11
90
186
129
89
52
256
16
214
169
141
103
223
33
242
191
105
33
132
14
58
5
139
248
88
141
20
5
49
238
198
21
19
158
124
169
55
91
181
169
20
195
212
125
2
181
170
33
182
139
37
224
4
49
40
20
211
40
217
247
190
251
149
158
61
19
246
1
247
142
146
191
125
234
20
195
211
170
20
170
41
174
20
31
181
228
1
220
61
133
10
113
135
18
187
107
72
238
216
240
91
124
33
88
196
59
240
113
124
90
6
191
219
35
238
216
5
210
211
248
10
168
61
125
89
130
81
223
21
31
229
20
114
140
43
49
125
199
217
35
241
241
24
2
89
124
33
105
207
135
225
35
172
227
223
246
40
211
191
151
64
138
169
235
11
83
43
58
20
64
116
207
30
55
83
91
232
33
191
35
33
176
46
169
93
83
30
93
83
34
211
4
241
119
58
176
179
24
108
43
4
64
125
91
30
96
89
246
93
229
49
130
196
246
78
47
187
24
182
138
14
78
149
241
1
124
111
24
191
24
6
20
188
182
31
245
67
58
78
170
30
191
89
240
43
141
93
29
246
198
191
200
20
108
33
191
78
63
176
2
28
30
119
171
119
219
91
30
226
195
22
245
104
83
10
49
100
218
35
125
113
28
198
53
193
193
14
20
20
241
49
135
245
109
132
217
119
43
234
104
49
187
104
21
203
193
253
60
20
191
217
60
245
217
107
137
