150
150
59
150
18
18
51
11
51
59
51
51
59
135
250
45
186
135
126
84
231
89
135
126
11
33
146
136
137
54
250
84
95
205
211
251
208
131
170
97
60
118
205
151
237
205
43
185
193
202
175
231
126
74
256
208
17
154
83
73
229
237
67
35
162
195
229
98
126
84
202
162
35
177
204
43
237
251
240
62
18
239
249
165
151
70
43
236
249
231
136
135
62
231
54
36
130
151
84
143
70
144
50
256
33
190
204
62
83
123
225
16
126
195
34
54
92
204
70
110
188
143
36
8
199
26
70
107
153
91
144
191
92
239
14
54
115
250
59
90
16
205
21
67
36
162
54
123
185
146
179
190
47
29
205
181
205
90
242
185
144
33
175
50
19
25
140
208
8
231
69
199
126
188
175
119
177
252
256
35
14
90
190
162
200
217
177
199
175
231
18
121
251
50
212
36
143
177
29
21
123
231
54
169
66
16
90
221
59
177
143
44
188
181
36
62
144
174
231
50
209
136
82
90
143
256
113
175
164
197
183
90
35
54
101
104
211
84
197
130
136
192
237
96
162
69
190
165
123
243
243
165
52
197
90
41
212
154
251
110
126
25
72
126
66
245
208
243
177
84
127
201
214
151
110
36
68
197
214
135
90
94
191
256
127
184
175
195
61
8
109
143
75
182
181
115
199
218
21
27
233
58
205
16
200
61
209
154
208
110
83
182
220
138
118
229
115
8
147
229
165
195
108
7
123
177
202
214
209
154
33
108
62
214
231
147
119
135
234
108
119
16
143
185
177
105
144
157
105
15
7
16
174
88
208
1
177
16
1
58
199
140
27
135
169
16
17
90
110
51
213
191
118
164
229
223
22
229
251
177
90
41
7
26
112
31
251
141
26
71
184
244
95
209
252
137
206
182
188
223
4
147
208
165
212
207
153
239
220
242
135
244
34
125
183
187
177
33
151
104
26
81
214
231
184
217
36
110
194
100
51
234
62
36
138
150
200
252
229
116
108
58
7
256
36
28
68
119
181
64
84
135
16
54
135
51
165
177
223
104
223
28
54
238
234
131
97
199
156
123
28
47
21
100
207
17
229
208
187
47
165
80
90
94
231
34
231
171
92
67
231
172
125
147
144
87
170
36
130
87
135
74
92
84
174
51
37
81
89
149
154
43
204
4
190
21
135
200
165
68
113
165
129
153
58
16
112
93
84
119
187
27
149
155
51
74
203
113
198
46
207
213
4
7
40
125
200
10
34
65
220
21
244
60
188
112
86
18
166
112
119
36
162
204
200
143
184
50
207
1
234
249
61
245
22
145
89
243
154
125
245
55
128
93
89
186
244
38
247
125
51
151
125
252
185
205
34
141
54
61
59
28
170
20
36
243
208
161
239
173
211
65
233
60
80
29
212
122
113
112
256
46
51
100
219
5
102
218
21
156
82
185
185
146
242
112
37
125
177
239
59
34
93
188
103
244
246
242
1
50
54
243
80
62
122
46
129
246
119
26
102
149
22
171
237
92
211
214
244
73
222
223
68
110
76
180
155
175
228
239
116
4
243
235
87
90
146
246
88
71
4
172
46
21
5
236
14
127
188
35
119
119
21
68
23
142
182
100
243
21
89
21
46
233
107
245
246
98
119
119
90
18
106
54
126
198
154
51
154
123
233
123
234
237
152
206
229
139
128
246
150
46
64
225
112
219
126
234
99
47
68
83
184
234
18
245
222
61
210
4
150
14
15
68
190
152
54
15
245
63
107
130
19
251
204
151
175
4
143
80
81
163
235
211
87
151
51
155
168
112
144
204
185
245
96
149
216
218
218
28
4
206
78
7
198
152
212
107
148
194
180
210
147
148
148
209
73
192
4
68
101
206
219
229
142
128
116
200
203
218
28
222
251
119
113
23
179
54
8
205
20
176
107
44
107
107
146
29
197
24
119
85
67
153
64
225
191
3
243
129
107
157
125
162
112
74
236
93
182
236
174
90
149
92
141
136
19
58
36
128
222
11
70
231
246
3
68
21
204
24
221
116
102
40
58
76
218
115
206
27
44
76
188
145
205
185
173
156
104
243
21
171
110
198
27
212
104
183
129
102
83
152
147
119
229
128
5
148
87
205
97
198
251
128
221
163
29
1
143
128
165
19
76
219
170
148
40
123
102
182
164
182
101
150
245
18
152
151
233
194
182
211
243
225
13
65
146
18
217
4
174
142
80
109
175
243
122
20
123
138
189
51
253
75
221
152
221
211
166
8
2
135
190
237
190
83
49
74
36
191
37
28
118
191
118
113
227
200
147
81
229
204
198
81
206
97
174
56
4
119
125
128
144
106
77
57
113
211
104
240
116
89
55
138
3
151
165
150
17
52
222
41
148
233
42
54
164
119
87
233
98
109
169
87
97
166
115
229
118
54
8
155
204
128
199
28
251
236
198
93
219
92
75
27
113
47
144
198
81
125
198
212
57
11
191
8
128
11
240
20
255
27
151
54
36
134
219
225
179
195
107
23
245
66
154
49
164
103
101
242
61
219
125
152
77
36
145
229
36
213
139
218
180
8
76
49
10
8
27
42
4
1
101
198
160
93
37
76
102
115
58
181
218
95
150
197
237
1
160
70
166
84
30
221
10
240
191
98
5
76
101
58
11
26
238
129
107
153
225
197
107
1
253
61
237
153
10
28
225
74
170
60
180
66
103
105
81
98
27
88
148
237
104
3
233
66
5
222
144
159
100
50
198
28
75
167
55
153
253
212
92
34
157
190
224
23
21
191
57
239
8
240
211
163
5
149
161
22
116
101
86
130
12
90
107
219
245
143
132
10
58
245
21
98
207
62
172
117
198
13
112
245
40
191
143
119
225
1
182
7
170
158
1
233
255
181
81
77
212
27
238
217
109
54
217
53
58
49
232
217
57
79
53
3
237
101
198
238
230
96
237
151
206
57
15
237
152
116
75
191
204
196
239
45
77
116
60
214
218
41
70
11
13
77
107
225
11
30
30
13
159
191
183
38
161
182
147
170
248
135
26
4
81
128
159
114
66
211
101
231
135
255
227
113
75
179
113
190
55
173
107
25
197
87
131
4
94
62
62
149
62
125
197
100
109
172
66
66
103
56
116
181
107
23
58
11
231
227
237
192
249
192
189
191
67
28
213
37
26
185
25
222
75
182
95
136
63
38
175
37
107
11
234
230
245
61
242
90
125
230
8
116
199
67
239
130
191
131
135
138
160
9
151
4
184
70
2
28
14
211
11
2
34
216
242
225
102
116
86
106
9
102
160
176
203
184
182
43
70
79
70
224
227
148
196
11
90
187
58
226
135
109
159
203
195
114
137
243
213
134
219
192
86
77
153
137
20
185
185
153
46
220
171
11
78
79
186
61
70
28
30
196
90
200
187
123
226
66
70
30
76
116
22
11
100
70
198
158
66
242
194
245
79
187
61
154
206
132
20
78
157
211
184
137
206
65
173
65
166
2
28
137
37
148
153
131
191
152
153
23
157
125
187
134
114
256
255
97
100
20
90
76
31
28
157
133
100
2
185
256
224
95
192
135
96
44
204
247
101
131
30
90
78
163
191
223
27
142
73
193
69
166
30
48
31
11
196
228
114
221
100
206
125
204
132
67
198
196
122
226
77
77
47
203
78
106
249
223
192
43
107
11
11
139
79
2
70
193
137
254
39
137
60
23
11
151
173
98
27
28
250
31
151
122
254
142
208
100
137
11
100
124
68
77
20
200
125
77
57
131
196
191
218
132
196
251
100
226
228
187
86
16
10
148
122
37
60
219
89
208
124
131
49
33
185
98
100
150
240
100
118
253
68
100
199
10
109
130
150
202
187
234
114
18
187
200
196
2
58
192
98
188
247
195
207
230
60
26
68
137
43
191
70
30
211
77
249
60
70
148
239
131
195
151
74
137
124
198
198
63
250
60
100
220
193
60
237
223
100
49
135
2
137
27
159
185
215
188
179
100
248
124
77
107
227
197
60
187
247
77
79
246
20
254
227
119
60
174
125
224
2
77
178
187
131
187
241
114
40
166
49
77
100
24
55
190
72
26
111
173
6
22
174
15
188
77
5
137
79
122
100
230
35
173
109
200
239
77
215
35
108
39
79
173
173
125
146
203
171
100
256
200
24
129
172
224
133
99
203
114
156
173
193
33
114
215
215
42
156
76
178
33
198
182
198
49
187
30
