67
67
36
67
71
67
67
67
195
46
71
46
59
126
195
71
6
126
127
126
6
212
51
127
67
183
95
127
147
126
129
46
189
127
220
183
5
59
126
240
51
220
95
248
105
183
254
106
106
147
105
127
59
225
64
222
31
129
56
118
189
105
120
94
132
222
220
105
14
94
244
132
14
181
208
106
48
250
105
190
90
161
132
64
182
149
41
51
127
186
129
147
222
51
222
177
203
225
136
204
127
106
180
33
95
90
220
243
183
195
180
118
64
51
16
160
190
182
212
136
90
181
14
231
180
2
97
145
149
231
129
9
16
181
9
22
212
200
200
111
177
33
94
136
127
127
3
40
29
231
222
168
129
182
9
181
106
22
105
141
188
168
106
120
114
188
9
230
180
118
177
95
118
182
9
112
222
104
171
129
118
246
141
180
208
181
171
177
231
118
54
118
136
15
149
40
227
21
163
246
63
141
79
141
16
182
94
141
251
28
112
181
154
227
231
243
37
132
38
163
39
112
188
63
235
21
62
102
181
192
154
147
114
122
171
77
38
136
231
181
208
224
228
102
220
63
129
246
149
224
120
66
38
189
246
106
141
251
189
38
90
141
214
243
227
46
181
224
248
217
106
222
122
38
106
189
224
38
120
235
222
21
188
181
171
56
118
141
38
254
254
224
149
38
95
26
183
24
109
65
137
181
112
192
114
116
37
46
248
118
85
141
109
79
149
187
141
235
38
187
181
149
192
228
149
171
145
149
180
158
193
171
171
63
79
188
106
167
101
12
12
118
86
216
49
164
148
79
43
171
79
167
79
128
38
12
227
79
56
254
65
244
187
48
145
1
79
82
69
14
216
237
21
246
187
171
246
189
14
9
30
232
43
188
198
69
148
198
49
227
217
12
43
149
216
246
173
117
117
1
148
227
124
244
244
44
124
227
7
24
7
119
101
135
241
147
148
100
132
173
198
224
124
205
30
99
165
1
20
156
1
100
191
122
254
106
6
149
185
192
109
126
68
155
119
149
187
224
217
6
60
246
188
139
231
217
14
241
109
68
132
152
144
188
241
191
58
43
231
142
109
131
30
217
231
245
109
245
247
20
20
30
79
5
191
244
60
92
125
171
244
114
224
21
241
152
49
191
142
68
191
191
174
136
107
185
156
107
200
132
37
217
78
244
188
171
241
241
142
152
135
142
4
198
107
185
200
226
100
245
7
152
37
241
36
119
142
152
174
68
119
142
58
191
152
152
49
58
58
38
142
241
4
30
37
4
4
107
20
148
20
198
37
241
193
245
14
141
78
142
188
14
224
58
254
152
171
109
245
245
107
200
156
53
245
142
191
92
119
152
125
20
4
198
70
38
245
152
234
200
119
119
171
