90
228
160
90
128
74
208
95
126
222
74
81
25
175
51
81
81
81
126
183
6
94
126
127
81
6
44
16
150
79
228
209
127
114
151
61
34
232
235
69
44
145
71
204
209
219
232
136
88
145
204
208
109
99
220
192
79
86
192
235
127
212
220
220
177
222
97
29
183
136
145
240
57
23
86
177
6
220
117
183
212
183
235
137
226
127
226
250
228
9
228
219
98
126
51
48
219
62
149
74
177
182
95
99
14
50
178
51
3
99
207
9
98
62
51
192
12
36
147
23
207
163
192
16
228
226
106
137
48
94
192
42
42
172
26
192
99
218
42
172
181
44
237
172
106
237
99
44
26
56
192
9
9
254
42
44
184
126
254
85
106
163
189
161
197
207
82
163
12
12
148
163
190
192
137
126
12
157
12
56
106
9
212
82
137
161
44
53
78
163
48
120
44
111
154
161
238
212
133
163
44
59
31
95
44
60
