244
186
24
8
164
61
75
11
1
222
69
222
7
109
222
146
181
185
199
164
154
145
222
154
93
128
14
145
14
141
26
135
154
26
154
147
128
147
28
217
244
147
201
212
135
145
226
199
154
121
229
106
11
24
185
132
57
24
187
94
226
220
250
127
147
20
219
28
20
51
212
181
181
127
10
244
69
35
35
181
181
181
17
129
103
39
53
121
98
109
154
220
248
28
187
109
238
229
26
107
217
40
103
174
151
135
86
212
199
126
35
26
221
83
164
174
220
109
154
244
210
39
14
135
60
225
38
98
185
39
10
26
135
7
50
210
58
181
129
24
69
210
2
144
256
222
132
247
222
130
248
221
185
220
127
52
56
121
135
39
83
14
69
172
11
176
145
212
135
51
24
181
2
61
60
160
36
195
189
11
248
247
113
201
154
70
174
240
160
247
218
127
195
122
191
210
169
113
185
194
67
19
185
185
174
191
135
103
240
11
85
100
81
14
247
169
174
40
61
135
238
60
60
1
244
160
187
222
121
105
226
181
191
213
160
202
65
150
135
76
20
28
67
247
143
24
94
172
203
24
20
20
218
199
191
47
191
229
60
256
203
47
35
94
70
24
135
78
60
60
181
212
39
94
191
191
141
81
231
194
94
189
185
135
2
135
35
39
59
178
20
142
123
185
100
153
174
3
202
81
49
176
43
35
1
162
130
58
222
135
197
76
195
156
191
135
254
137
47
113
135
35
169
141
216
178
20
20
198
77
185
74
26
187
103
229
210
21
20
1
125
187
76
213
60
219
60
100
242
213
229
231
1
213
191
195
89
100
218
60
2
18
100
35
174
169
42
78
18
37
14
169
203
14
3
85
116
43
147
153
42
135
244
60
216
37
247
81
92
135
131
135
135
2
35
60
60
104
60
94
213
65
1
245
58
58
195
231
81
42
256
140
94
135
169
121
196
120
86
20
122
126
1
135
91
191
85
244
70
135
117
53
28
191
25
33
58
191
141
185
109
210
130
20
20
20
47
100
135
241
60
33
140
39
19
130
254
42
33
60
135
125
1
135
196
60
35
108
22
60
100
203
174
216
1
172
174
229
196
91
246
85
5
191
245
37
91
100
215
187
117
20
58
167
1
169
33
204
97
52
21
174
60
128
20
33
229
35
185
135
85
187
2
26
60
10
185
199
25
174
256
5
108
202
254
24
147
33
31
131
93
58
152
49
10
85
20
108
64
122
78
81
244
120
137
1
191
234
20
191
78
185
229
20
161
103
20
244
20
140
211
216
144
60
191
60
20
100
19
36
89
100
247
4
20
254
33
187
21
20
9
135
197
185
35
185
1
185
26
255
245
53
216
180
141
1
226
118
5
215
59
105
99
254
182
139
147
187
59
185
218
125
131
254
187
226
37
83
83
20
245
28
60
42
108
57
1
20
248
185
117
35
37
139
94
161
133
215
166
183
226
216
174
70
224
60
187
20
20
20
187
36
241
5
215
113
118
231
49
5
192
70
1
58
226
226
11
57
191
1
35
33
198
57
135
68
226
35
1
40
91
93
191
58
93
100
20
10
140
79
174
240
247
86
19
238
1
229
109
60
20
60
107
35
64
130
59
174
135
35
122
100
156
248
72
205
256
61
216
174
160
250
35
100
156
30
136
217
244
76
36
255
99
152
199
43
9
196
191
35
205
185
122
173
226
191
185
64
203
248
108
255
125
169
195
222
256
5
185
240
100
248
125
96
24
239
20
99
47
30
20
245
1
125
100
187
83
94
1
95
210
17
223
223
119
231
4
60
43
254
33
100
135
119
177
182
10
191
113
35
120
35
74
216
195
40
20
125
21
100
20
197
216
221
187
1
5
60
92
85
81
68
36
154
60
60
78
13
146
191
8
14
137
91
20
108
116
60
57
151
35
135
74
10
120
234
3
254
78
90
191
221
232
135
5
223
33
24
14
248
93
14
20
34
83
222
35
214
20
108
72
96
242
215
1
125
112
246
240
245
100
195
226
117
197
223
167
55
130
24
33
135
240
35
135
19
241
133
120
14
216
191
78
75
227
1
61
9
28
227
86
14
33
6
195
126
76
226
37
156
35
60
110
122
161
130
245
13
78
28
156
191
120
191
41
191
89
223
181
232
20
26
191
198
33
166
35
245
120
135
122
93
33
33
49
64
6
125
37
53
91
61
35
100
120
60
29
120
49
100
39
78
83
135
205
61
11
198
94
254
130
120
211
108
35
100
121
174
212
4
49
20
78
117
203
59
186
212
247
1
61
229
20
11
78
216
20
1
47
34
76
60
58
229
60
121
83
61
154
195
43
196
187
193
10
5
125
238
142
242
203
3
72
121
156
61
39
238
19
197
64
218
83
85
20
221
247
28
20
203
35
238
34
252
49
194
38
119
108
234
221
125
103
30
187
60
2
135
130
14
222
195
212
10
198
120
70
191
108
222
58
125
68
39
91
100
33
68
150
169
49
61
32
197
46
2
255
130
137
234
240
39
125
60
107
226
11
244
72
89
120
115
69
47
135
61
135
122
197
197
42
135
135
18
125
156
229
72
20
1
111
35
64
78
68
245
212
61
108
90
94
107
6
151
245
88
1
67
253
49
185
61
30
178
14
2
35
107
14
167
197
11
102
120
10
187
244
24
64
125
200
176
68
94
96
110
36
125
72
100
130
135
53
212
47
212
146
203
72
30
244
236
186
212
234
217
125
191
28
140
35
64
187
10
187
197
35
245
212
151
76
244
187
105
240
216
60
20
40
218
154
60
171
152
142
49
187
187
174
134
197
9
119
122
191
33
119
96
36
78
254
125
88
1
195
24
60
25
68
104
135
150
191
123
245
34
32
238
256
172
28
47
90
90
135
36
242
11
34
59
90
91
65
223
201
2
19
255
142
43
4
11
138
100
234
120
125
35
100
36
32
83
18
108
43
91
244
198
9
1
61
201
26
96
130
191
49
103
100
49
8
61
3
195
123
244
126
66
120
89
39
120
245
6
244
227
64
49
172
61
38
116
1
18
135
33
120
116
135
1
175
212
18
83
59
60
34
14
248
96
83
9
231
231
238
79
117
61
187
59
59
147
167
135
37
234
185
49
227
144
49
207
142
212
14
196
122
200
207
100
1
134
24
234
120
21
130
251
25
61
169
70
24
187
186
245
118
187
26
122
91
24
134
1
78
217
217
19
120
229
61
232
78
198
220
236
135
30
135
67
14
169
125
119
195
212
135
223
37
39
72
99
255
187
192
83
255
10
166
256
198
10
28
223
11
8
70
102
174
185
61
49
126
212
61
169
186
234
244
35
247
255
173
79
211
242
1
109
19
221
222
195
61
49
100
1
156
72
100
64
188
234
43
9
53
48
169
72
61
76
229
125
119
44
61
91
61
116
256
96
138
201
117
72
22
69
238
234
49
35
224
37
166
147
214
60
185
1
174
199
34
1
61
66
207
35
130
253
34
135
130
34
78
24
70
49
25
198
1
201
102
5
123
61
83
216
35
83
169
61
101
201
