186
146
80
80
80
94
29
94
127
127
123
123
94
84
80
127
146
84
94
127
186
143
197
94
122
221
216
237
184
207
83
216
253
216
9
99
207
216
94
72
128
232
9
99
128
26
9
189
184
128
129
26
189
237
255
155
243
243
159
99
99
26
159
171
155
94
99
128
155
128
57
155
26
154
143
155
110
155
155
94
69
155
110
12
155
26
213
247
143
189
72
48
94
143
171
72
155
155
110
26
154
155
171
105
148
56
133
197
12
82
12
44
155
155
148
237
171
216
26
155
256
247
163
218
218
218
232
232
72
155
214
232
23
202
76
52
120
197
155
157
163
218
115
162
213
9
9
115
247
44
115
72
72
76
218
202
232
139
202
99
176
72
202
210
110
155
146
218
9
218
155
99
155
148
52
218
218
99
50
159
216
99
155
23
15
171
218
110
247
197
148
76
199
218
12
232
199
50
55
202
44
184
155
197
115
99
197
218
139
23
189
197
202
148
139
115
26
155
155
232
44
158
44
55
48
82
218
197
155
82
202
72
52
213
155
189
197
115
232
197
155
243
72
247
139
197
255
243
72
197
72
171
72
139
139
52
197
139
202
82
202
82
72
