95
164
95
182
97
195
95
190
205
150
95
2
75
169
231
181
138
231
63
2
97
150
104
205
15
150
256
169
256
208
249
55
237
169
128
146
237
58
179
231
195
150
50
153
169
231
97
176
208
7
186
14
49
95
179
144
10
170
33
55
7
103
210
8
237
33
73
158
31
121
121
132
42
158
170
40
104
236
231
146
25
97
150
58
113
115
205
194
40
19
118
45
137
18
237
84
195
74
169
162
139
115
138
237
210
83
217
150
97
31
30
226
97
59
190
91
246
73
150
86
31
66
31
150
31
220
10
220
236
162
203
65
104
121
230
42
7
138
146
65
203
174
204
170
249
74
229
170
75
246
97
138
181
179
27
31
103
168
179
31
211
165
104
25
237
115
8
169
253
186
252
185
230
232
93
144
50
58
214
25
115
154
100
202
231
164
64
113
203
5
150
230
95
55
146
24
237
84
80
138
237
253
40
74
24
21
72
35
25
88
102
52
256
73
165
11
29
221
221
130
138
203
84
203
116
93
149
136
146
7
88
169
103
139
238
203
88
195
130
27
52
246
150
179
108
150
230
3
214
162
221
231
144
31
139
136
67
169
2
42
235
237
135
165
110
174
76
42
168
170
249
237
217
73
102
223
250
190
27
84
210
52
146
26
115
146
170
121
25
190
237
77
185
30
256
102
243
26
75
52
50
229
138
235
203
237
35
185
117
16
150
203
222
150
150
146
211
252
97
71
205
84
52
231
52
194
86
31
25
24
29
3
70
221
13
11
112
186
138
205
121
249
256
52
219
95
204
27
116
149
252
77
168
104
223
71
80
100
169
142
247
186
252
150
161
170
150
95
170
9
38
25
163
235
174
31
221
66
83
179
114
132
122
237
132
247
131
43
150
139
255
102
102
55
246
72
108
231
56
2
49
7
110
205
194
108
247
16
7
205
170
73
17
73
169
203
40
140
170
214
164
43
174
95
160
110
217
247
180
185
158
194
31
65
191
113
150
71
170
190
230
244
136
15
249
36
161
85
88
65
242
27
7
159
157
154
25
252
185
181
88
237
13
217
249
256
115
253
104
65
170
199
244
42
252
42
84
165
88
73
232
2
115
115
42
150
190
154
203
115
186
2
174
184
21
256
168
203
196
240
219
42
150
179
25
116
181
13
25
40
242
249
194
157
179
90
73
31
19
107
135
74
253
210
164
115
13
132
93
135
206
73
95
146
59
61
191
75
150
212
248
55
196
138
168
185
221
31
121
25
237
249
110
252
229
128
69
19
83
215
88
73
170
228
117
256
25
208
52
239
31
40
202
230
22
249
157
34
88
39
191
75
150
114
42
176
55
219
94
179
27
69
15
121
205
55
13
164
55
81
59
17
88
42
166
203
195
170
104
139
249
84
102
122
138
158
194
25
91
141
202
235
214
35
73
159
80
146
31
214
80
249
45
31
194
174
184
215
213
45
150
209
91
121
63
61
214
235
80
199
190
190
214
67
77
185
129
197
73
21
146
199
230
209
142
84
210
253
144
169
193
178
214
84
235
185
49
84
248
84
190
253
162
86
87
134
161
184
249
80
169
209
31
221
249
235
243
184
116
25
75
81
164
73
73
18
244
190
73
134
242
98
48
184
146
199
214
171
150
58
233
164
63
237
42
194
42
159
146
214
112
158
48
124
223
129
237
157
158
140
57
121
184
102
165
33
215
238
203
162
62
157
115
133
110
135
203
252
132
73
31
236
171
103
73
144
88
206
32
151
52
146
131
45
63
1
61
21
25
87
45
102
102
237
170
84
171
25
195
203
136
188
163
224
10
31
169
170
238
178
240
203
51
170
221
60
21
128
202
75
194
97
29
151
256
150
114
196
1
31
144
146
199
199
19
22
228
115
199
91
150
186
208
138
62
146
35
132
52
189
137
22
159
40
150
224
13
211
151
99
235
169
24
142
203
169
103
144
128
235
109
75
186
73
21
62
45
194
102
249
206
52
149
21
205
232
101
87
214
203
193
66
42
163
39
221
54
21
60
202
176
11
151
176
55
35
200
202
87
143
87
176
240
109
135
157
194
135
184
136
195
253
164
72
171
115
52
35
115
59
193
205
31
101
203
83
213
159
97
25
1
221
65
91
146
80
121
206
163
144
151
33
153
240
42
50
52
64
240
101
213
214
170
13
174
170
21
168
21
174
42
78
151
146
148
171
37
32
52
230
83
228
151
240
214
193
13
82
221
164
143
161
73
253
128
146
193
254
163
25
39
22
102
63
210
203
242
170
204
164
13
102
256
72
169
162
52
41
25
151
161
214
45
115
155
158
235
194
48
55
254
210
21
170
217
73
63
23
75
157
21
88
204
124
88
176
116
199
27
161
124
205
143
121
11
193
102
48
169
171
176
132
209
73
62
146
135
87
205
231
22
27
73
256
242
237
94
115
158
121
108
36
42
25
176
77
117
73
194
250
256
217
185
232
157
181
117
83
25
186
236
176
55
52
230
203
200
125
176
159
13
67
204
52
115
29
84
52
240
55
170
241
73
157
243
23
10
174
67
213
29
88
244
256
151
240
213
52
176
52
54
206
66
133
164
54
37
205
29
13
231
252
28
52
210
231
214
65
179
65
239
188
191
95
115
164
104
13
249
214
25
237
121
206
66
42
139
118
176
147
143
65
77
193
168
214
89
110
214
214
110
95
27
150
84
148
206
186
102
54
219
232
29
243
74
83
151
15
217
19
239
217
91
31
97
255
98
217
55
164
124
67
88
55
135
155
25
183
67
48
146
155
241
27
91
67
198
27
164
115
176
75
99
37
240
55
102
164
202
230
61
202
138
75
62
159
73
256
188
157
29
226
218
37
63
204
231
146
186
164
26
99
253
77
12
74
162
180
133
75
181
44
73
88
21
222
54
115
176
27
176
199
256
89
211
239
150
15
19
188
168
256
240
73
162
63
190
161
226
158
115
175
158
84
252
234
88
224
84
55
21
87
123
87
256
88
130
191
44
84
97
85
212
133
55
15
139
161
202
217
55
115
247
29
113
145
54
21
63
67
102
240
166
157
42
255
27
88
247
148
115
84
95
73
252
119
75
73
66
205
159
143
121
73
171
15
231
19
18
252
95
117
244
146
199
8
44
143
171
136
115
202
13
145
143
183
25
232
217
115
73
230
252
253
237
158
74
175
200
52
230
77
88
136
199
224
15
150
45
52
146
90
215
237
154
252
42
73
224
141
19
252
19
215
185
213
37
184
141
185
55
189
104
88
205
243
205
146
107
55
206
119
25
58
256
138
235
202
213
205
159
237
214
174
3
199
237
224
218
217
213
34
198
232
52
229
22
224
115
171
203
56
31
189
247
138
68
169
212
86
141
10
80
114
130
175
215
7
33
8
7
128
37
193
115
232
210
139
244
29
224
42
150
95
247
97
158
18
23
158
42
2
237
202
237
68
171
52
104
139
65
101
31
225
102
163
239
157
52
73
196
24
22
204
114
205
194
204
161
221
213
110
146
43
128
73
19
232
52
168
240
229
195
19
235
117
52
174
37
228
32
67
48
37
37
193
15
203
86
67
218
249
197
74
115
231
205
24
26
203
213
161
113
160
75
232
8
171
219
169
89
168
115
83
202
133
193
179
40
171
213
163
157
249
144
224
15
28
216
68
2
157
115
26
213
199
155
217
78
169
223
195
133
175
48
221
203
237
120
252
203
250
202
210
64
163
168
213
115
89
54
162
65
37
161
237
54
148
157
128
184
121
208
202
244
8
94
23
130
237
168
147
26
97
139
109
239
25
218
223
154
113
105
39
101
27
17
37
115
102
94
105
110
194
110
242
64
28
247
177
21
193
217
102
149
52
247
91
221
150
42
155
217
84
13
213
163
144
133
223
244
84
69
67
236
216
83
115
237
72
135
54
155
205
194
194
202
103
224
150
168
69
252
121
178
186
159
95
73
234
206
161
11
161
15
10
213
206
205
113
161
4
11
119
87
55
55
198
158
216
133
4
212
230
176
119
174
161
115
256
197
31
32
115
40
42
203
45
202
252
43
144
52
122
52
76
202
186
255
249
150
213
249
216
67
44
76
118
171
103
115
132
159
208
25
237
25
253
57
138
190
171
161
163
139
15
136
135
231
197
197
42
155
30
163
224
216
230
197
40
90
125
69
76
89
88
249
182
224
138
125
189
186
25
78
213
206
97
249
232
115
150
9
27
115
196
69
250
13
203
241
72
32
176
41
171
45
121
173
69
28
43
146
115
57
194
96
91
199
203
15
123
42
88
38
83
221
196
69
200
91
42
91
15
217
202
193
130
118
211
255
199
238
52
247
176
104
228
55
151
84
237
115
219
242
193
88
63
217
91
230
249
38
50
136
102
219
215
197
217
102
88
199
140
230
13
65
176
84
206
102
216
180
102
234
104
89
146
184
163
4
115
249
91
76
151
238
91
211
228
213
104
104
249
197
195
101
77
88
251
56
31
115
216
244
140
161
65
157
109
179
171
221
63
78
55
84
102
15
31
94
249
135
232
49
33
144
52
87
211
146
52
176
73
189
240
186
31
10
80
33
217
249
237
13
157
159
170
116
31
217
247
104
236
211
149
204
88
61
249
196
52
255
217
196
52
115
202
91
45
88
107
249
75
113
82
136
149
230
52
220
230
208
73
213
29
89
10
114
84
39
35
237
202
59
163
76
158
203
88
136
88
107
52
195
193
179
218
27
4
251
230
146
184
52
138
207
25
74
73
25
65
197
107
190
56
204
130
230
59
11
65
174
133
230
65
208
63
97
171
202
84
72
202
249
59
151
29
107
59
176
102
121
135
84
221
213
26
251
194
88
193
48
91
135
65
42
34
15
159
252
247
7
213
134
159
157
115
189
230
107
91
256
215
107
194
213
138
232
199
54
213
161
193
73
218
73
256
115
39
77
59
115
65
157
52
52
86
99
213
232
36
256
124
148
115
115
132
213
138
221
162
255
115
213
144
45
86
115
48
42
164
255
82
213
