174
15
174
86
231
231
174
138
3
209
250
209
181
94
153
209
165
231
244
121
94
165
153
209
169
94
89
186
231
64
181
191
138
231
165
113
231
18
153
174
209
223
174
244
94
177
221
231
143
94
69
18
222
209
97
153
7
177
231
7
94
194
174
129
87
79
221
87
31
177
209
87
163
93
29
129
113
79
66
147
206
231
165
229
203
177
127
181
7
138
94
18
209
31
202
32
153
132
174
148
39
99
190
223
148
84
102
114
39
66
18
145
162
86
135
94
135
182
62
40
85
185
108
215
73
136
220
127
84
243
154
14
177
174
112
87
250
123
80
154
178
216
157
221
63
253
165
136
222
50
54
166
202
174
97
199
243
109
247
216
176
94
202
51
72
5
216
62
107
86
9
27
220
121
183
88
23
235
186
93
5
69
178
174
121
74
181
67
229
205
122
218
234
243
135
63
186
144
107
186
67
253
186
127
136
31
82
208
115
74
154
178
99
230
117
186
202
127
221
234
183
41
127
175
83
229
181
114
26
97
184
104
95
230
199
181
160
204
113
117
74
136
115
164
215
59
113
256
220
114
243
174
221
112
221
199
178
220
175
113
138
204
209
30
112
186
97
78
148
219
99
127
215
155
89
249
114
222
64
114
174
251
180
185
253
243
178
199
95
222
221
186
112
164
215
8
139
170
3
74
205
153
153
121
3
205
150
219
150
139
240
243
236
97
9
245
165
170
123
89
112
243
147
253
164
49
245
66
140
135
109
115
104
153
52
162
163
145
204
49
5
32
45
256
62
236
89
136
63
12
140
170
112
45
164
123
199
210
63
111
57
185
172
178
174
250
164
139
104
177
115
29
18
23
181
184
221
3
3
99
13
133
220
114
207
112
13
186
216
72
194
141
205
129
164
193
35
52
9
174
213
13
203
62
205
13
187
226
129
212
181
22
133
194
22
94
86
12
94
3
129
138
62
135
123
76
50
94
114
244
163
18
210
231
128
64
202
153
170
177
145
148
191
108
255
230
114
108
199
128
204
110
159
255
182
163
32
88
226
216
57
115
25
214
216
115
70
212
215
198
153
204
108
178
158
140
52
139
139
18
197
86
74
51
149
62
216
220
27
74
102
240
96
157
116
91
120
249
202
194
25
63
99
129
197
95
86
99
27
28
161
133
189
29
150
27
99
229
220
197
193
115
251
74
74
117
133
45
184
94
204
94
88
62
94
190
64
220
54
23
94
214
80
149
125
139
94
231
208
154
203
219
39
161
217
248
23
99
221
129
96
204
38
59
82
194
170
189
54
222
212
215
91
221
99
104
109
74
176
174
133
153
210
195
176
197
184
9
45
73
115
28
104
150
237
140
42
156
63
150
41
115
115
58
94
132
171
139
141
222
38
40
109
85
204
65
86
132
215
127
10
174
149
25
60
174
50
63
186
237
237
231
253
189
109
193
26
94
153
139
174
40
219
94
189
63
189
28
133
185
94
72
91
104
132
210
164
74
189
26
103
63
133
88
178
86
72
88
213
168
112
133
232
72
197
183
202
170
196
196
157
184
218
106
58
59
60
197
40
149
63
32
99
105
177
70
221
197
54
220
131
84
114
245
153
94
48
245
39
210
176
9
215
171
101
66
192
18
2
149
184
131
85
32
86
222
139
55
48
38
134
88
155
99
218
99
218
156
245
174
135
215
5
54
117
223
34
215
32
94
215
26
109
222
139
9
191
158
215
84
99
45
219
54
163
207
73
131
215
27
73
73
32
148
26
63
210
226
134
26
147
216
221
28
153
113
163
23
235
76
189
132
132
162
72
120
133
104
34
9
178
197
171
39
183
73
127
252
2
139
99
79
55
161
159
139
26
158
64
215
157
207
118
149
161
23
63
210
255
114
217
249
146
175
147
72
28
160
63
13
25
161
159
174
21
60
237
117
210
18
96
92
109
104
60
95
191
176
199
85
133
100
210
170
54
175
171
189
129
240
215
174
155
193
63
118
99
40
161
171
116
171
9
109
39
216
26
158
121
87
25
18
32
13
148
218
64
148
112
178
60
99
190
253
161
60
118
48
164
219
249
131
215
63
171
27
87
129
49
94
26
173
77
245
183
176
127
157
219
179
54
85
132
253
109
213
137
58
132
50
196
213
60
67
12
155
214
147
25
145
183
155
94
238
109
193
99
118
3
235
60
36
204
171
65
239
245
72
64
49
76
149
210
199
72
197
41
190
39
116
109
39
250
13
42
229
224
32
15
114
164
242
139
26
134
218
155
184
9
66
15
50
136
97
172
27
192
206
211
147
148
240
50
232
53
149
109
3
119
170
109
88
60
132
99
219
216
171
184
245
52
14
249
212
163
33
162
60
50
86
78
145
155
44
25
136
235
221
171
237
53
82
174
215
213
223
212
102
5
53
218
34
50
85
115
184
4
104
69
132
82
197
164
59
82
195
82
215
218
256
142
159
110
70
100
82
247
44
163
164
149
235
193
63
54
111
84
104
244
245
197
134
171
238
56
76
149
42
243
234
15
74
186
235
155
245
1
189
72
232
242
55
60
157
137
239
169
57
197
197
205
177
47
256
28
246
47
84
67
158
72
72
131
96
197
99
164
105
251
25
88
82
23
52
10
184
236
190
108
96
47
15
196
172
82
89
223
77
60
218
171
239
149
10
64
133
187
161
235
196
238
162
99
242
82
1
133
172
164
26
213
176
177
16
136
155
197
210
91
245
137
155
120
148
187
34
50
228
168
88
178
196
110
23
1
49
37
105
9
50
240
60
127
190
48
50
60
97
223
134
23
37
255
50
161
236
235
218
63
159
127
237
251
64
37
56
91
236
239
15
161
60
12
96
252
13
219
143
137
43
255
190
91
20
155
221
166
1
196
90
37
30
35
235
163
215
81
39
155
13
212
88
49
83
183
190
35
105
197
237
17
84
253
5
106
159
39
255
88
232
43
143
84
197
58
114
155
155
63
249
9
210
82
210
56
196
223
82
82
207
170
190
144
81
33
60
150
171
220
1
158
63
191
35
108
5
218
212
129
215
228
174
10
242
49
37
250
39
157
109
240
197
120
82
144
14
26
83
39
158
203
91
98
88
12
10
19
1
129
76
238
19
120
178
197
214
130
85
232
212
212
70
32
157
86
222
15
110
155
212
197
159
21
99
199
60
196
89
135
120
110
219
210
110
6
219
242
110
52
117
60
155
106
33
82
210
147
10
201
235
183
220
204
198
61
159
197
155
174
141
184
213
135
163
249
19
145
52
76
188
151
157
129
72
172
99
133
53
210
6
18
236
52
195
68
5
238
195
164
133
53
73
215
219
60
127
90
249
174
69
124
17
212
34
73
123
90
104
102
34
158
174
228
158
197
207
232
77
76
99
213
52
69
111
202
190
197
174
6
94
214
5
215
19
142
240
207
157
85
134
97
168
1
252
35
61
10
190
96
162
52
23
238
197
131
61
95
33
82
31
34
218
53
69
112
211
24
53
76
215
196
213
75
249
96
143
60
235
195
99
237
37
66
133
214
88
238
223
64
232
174
145
163
54
197
38
141
169
17
108
197
121
255
52
39
89
52
155
26
38
236
23
134
61
196
223
52
102
197
81
110
134
55
219
188
157
110
39
170
184
170
86
23
204
174
252
149
168
215
82
226
74
197
66
31
240
135
55
72
78
34
174
212
173
152
14
14
110
72
232
167
46
204
248
1
157
3
120
212
217
72
189
69
148
242
85
46
23
13
238
81
218
162
249
69
117
94
197
64
192
14
196
64
16
120
187
196
110
237
5
210
16
188
48
148
169
35
235
105
169
72
228
59
115
1
35
249
53
135
66
18
86
222
13
14
158
52
126
255
197
110
203
195
34
197
163
197
196
182
197
57
43
10
91
94
45
99
133
15
50
89
105
60
163
197
212
116
223
19
218
190
155
157
158
60
169
55
106
242
219
102
193
196
42
162
139
35
55
22
15
82
72
96
108
56
108
248
61
78
131
199
64
161
34
199
112
155
182
82
85
179
219
32
210
26
22
5
235
93
197
9
81
228
64
242
228
139
238
108
112
173
69
117
81
19
74
133
156
105
34
19
44
181
148
108
253
72
5
256
249
52
24
197
25
161
134
133
187
72
230
69
75
88
23
199
1
1
133
59
218
58
124
32
133
218
232
199
81
2
174
110
79
69
218
120
249
256
20
238
236
69
23
169
135
158
46
238
193
149
146
193
52
83
19
242
204
112
207
69
124
239
103
86
120
156
155
91
124
157
196
69
186
1
167
61
1
48
82
235
174
124
157
83
127
127
85
69
72
133
83
39
69
187
30
229
231
78
10
248
120
35
169
163
63
133
25
21
31
256
74
150
172
230
19
39
158
135
120
105
22
156
201
11
181
105
186
193
108
35
255
52
158
69
1
35
64
158
135
197
133
18
237
49
168
49
150
181
74
42
115
83
249
94
207
103
30
149
217
23
216
159
84
4
5
60
73
236
103
196
69
127
179
160
25
248
190
34
42
249
131
96
201
155
51
96
147
105
199
12
48
34
171
14
155
199
116
135
158
159
22
2
203
116
158
139
255
232
236
78
216
83
53
48
248
105
1
201
242
139
100
15
147
4
192
154
144
223
238
201
53
15
133
115
73
124
108
39
158
201
145
216
223
46
185
60
44
39
159
243
192
100
116
223
56
240
8
133
19
12
249
158
23
61
52
10
12
190
15
197
243
190
113
238
193
218
193
82
156
46
142
139
113
191
119
46
197
