101
48
252
26
98
98
106
106
244
48
98
106
220
244
19
166
244
220
177
220
147
3
96
214
65
14
145
177
182
193
250
98
177
55
7
177
7
61
126
48
126
182
187
212
11
51
241
18
113
11
94
83
135
220
24
138
126
180
51
204
138
208
18
11
250
87
154
248
175
106
19
182
145
46
61
51
248
248
244
220
138
69
34
8
212
87
126
95
55
177
14
167
14
253
14
61
126
95
46
181
14
132
253
55
83
138
89
248
108
242
129
138
122
126
143
181
138
98
150
106
180
187
55
150
14
180
46
29
181
208
167
150
96
28
180
93
138
129
93
46
95
219
108
250
115
95
7
14
138
66
209
127
118
147
58
167
164
14
19
76
127
219
51
150
233
74
113
181
181
163
48
112
127
253
155
96
78
230
128
245
101
147
71
164
219
150
204
24
129
36
134
138
69
55
138
222
126
195
129
170
180
182
47
66
164
141
129
222
48
212
165
127
90
66
150
150
94
217
243
241
145
147
3
105
105
164
134
5
141
204
175
5
66
236
216
180
141
114
114
145
241
164
171
174
198
40
113
198
163
130
128
163
48
250
189
216
150
62
134
244
104
175
134
74
167
122
45
115
98
164
58
217
68
28
142
50
191
174
219
175
37
199
104
57
29
227
62
244
29
138
164
217
55
217
245
168
121
142
28
87
200
123
28
68
24
174
199
2
113
53
244
28
83
122
186
222
243
156
55
92
74
37
122
165
22
87
87
254
243
128
254
50
130
227
154
154
217
174
30
105
101
241
66
37
245
22
101
101
131
151
104
163
101
77
48
83
94
58
172
78
70
77
116
61
12
104
56
200
7
12
200
241
85
226
243
77
171
104
78
132
191
66
180
104
4
139
122
122
174
96
241
22
109
120
243
152
167
20
191
48
142
250
157
229
21
104
250
2
38
104
243
103
248
182
83
130
24
149
104
104
43
2
241
241
186
254
243
68
226
200
63
245
77
15
165
241
205
250
254
99
171
165
232
163
245
205
30
120
229
142
243
182
137
205
254
2
21
2
41
192
243
137
2
104
124
205
163
42
200
113
200
156
120
191
116
241
165
37
81
40
202
149
163
139
179
202
142
253
185
241
86
158
190
116
101
142
200
195
89
104
78
247
163
241
241
116
113
116
213
132
2
116
98
245
78
200
124
124
162
187
234
183
4
131
78
247
96
195
175
142
48
175
210
247
81
210
142
192
213
210
44
167
181
214
202
92
112
120
238
170
43
2
213
191
167
39
37
24
124
192
23
30
155
216
24
156
167
256
256
87
189
117
254
100
15
11
52
166
252
148
88
137
44
148
49
167
256
70
91
152
31
48
247
101
256
123
249
148
88
138
52
237
33
252
48
256
134
134
148
73
203
221
252
197
169
256
66
169
88
124
197
224
