231
16
6
231
16
164
54
81
6
235
164
231
235
220
54
29
52
75
147
75
6
183
36
126
29
147
87
126
29
239
28
47
146
126
64
146
192
126
18
220
208
175
96
212
156
75
192
29
14
90
252
3
177
147
175
150
6
47
177
147
54
65
151
250
46
11
220
177
150
29
151
11
28
38
13
8
160
94
76
176
103
177
65
38
193
94
250
90
151
66
80
250
17
113
212
147
227
177
90
146
44
219
220
177
96
164
192
88
221
175
153
87
54
113
22
164
13
97
181
102
235
146
209
90
242
90
146
242
102
51
231
145
14
212
94
98
129
65
209
246
28
83
69
175
113
149
237
89
170
196
43
89
46
127
79
62
26
150
105
43
13
90
231
90
113
26
217
134
83
71
28
253
148
88
105
38
129
113
79
8
128
71
83
209
97
116
177
18
113
22
3
90
175
14
16
236
123
175
83
205
67
205
103
205
242
205
69
174
79
242
26
90
90
175
250
181
14
16
16
153
61
212
96
182
14
192
83
104
153
212
201
81
10
250
212
94
192
94
26
79
90
148
97
169
217
149
212
94
106
146
145
75
105
209
149
90
194
183
46
212
28
212
65
179
4
146
21
98
177
226
156
5
34
91
175
212
145
208
211
149
227
156
106
92
212
61
62
46
21
126
229
50
51
102
28
70
153
51
6
252
155
192
211
46
183
3
98
94
212
205
83
217
221
16
81
46
169
26
231
169
79
31
155
115
201
34
178
16
129
134
104
126
195
34
154
212
112
211
237
37
83
118
26
181
135
66
128
187
143
198
34
16
80
104
147
243
246
178
242
212
41
250
204
38
252
147
183
147
227
141
83
61
206
91
135
154
246
114
34
187
174
54
174
194
248
183
153
143
237
90
96
98
143
14
83
226
50
96
174
217
240
3
83
18
166
174
178
62
226
65
77
118
30
81
136
40
114
6
154
127
182
145
177
211
206
222
192
18
52
18
169
61
212
10
112
154
3
154
106
243
61
96
37
4
198
237
98
96
212
188
54
94
190
173
123
217
216
50
222
126
195
62
118
121
154
176
104
181
246
118
222
219
169
122
162
136
222
138
153
97
121
172
118
114
40
136
104
165
165
123
121
122
185
152
108
222
81
76
245
76
217
225
174
75
129
44
229
248
174
217
10
176
95
221
199
219
3
130
222
171
47
69
138
165
195
199
152
219
246
112
118
5
47
11
61
227
63
141
168
199
111
190
122
229
165
67
222
217
172
170
206
17
195
28
30
83
198
141
43
28
168
227
221
216
192
3
244
131
90
81
243
244
182
229
212
118
199
150
231
5
92
49
68
172
118
92
147
75
122
118
131
28
94
20
152
223
81
14
254
118
92
182
90
118
128
242
110
81
128
112
171
118
164
62
193
212
168
49
224
68
54
129
182
51
118
246
224
129
242
102
118
226
118
126
55
219
183
130
118
154
10
68
243
168
227
141
8
186
122
172
200
28
246
241
196
107
61
63
182
141
131
97
222
243
243
75
122
125
227
141
97
121
118
126
184
83
35
182
90
118
92
217
141
246
151
212
165
120
68
49
6
151
35
235
10
84
128
254
243
118
153
182
105
8
190
246
141
26
195
147
118
138
64
169
235
150
36
60
207
139
118
82
78
59
184
205
243
109
68
256
97
14
201
58
102
97
118
6
97
254
118
200
164
174
205
246
109
5
5
198
89
244
95
36
125
59
254
154
58
227
222
34
36
165
35
252
53
195
41
4
156
244
118
107
118
63
205
188
198
224
97
154
21
96
6
182
195
93
97
223
184
206
103
36
114
136
150
1
237
118
206
222
237
126
94
147
41
156
28
1
154
234
207
37
200
118
109
109
136
99
37
60
147
223
4
216
152
254
154
254
79
136
32
254
222
4
197
217
34
99
136
184
206
178
1
141
53
25
254
234
19
37
5
113
178
246
75
37
132
6
41
220
49
178
29
236
113
223
68
203
37
190
40
178
3
65
206
200
46
190
178
175
53
198
167
127
19
38
37
37
114
178
198
255
116
74
191
63
21
33
254
21
168
247
197
8
191
131
28
74
37
108
4
37
93
198
237
228
171
182
37
154
228
21
19
123
37
40
171
105
228
182
171
184
229
109
171
63
63
216
