98
98
143
165
84
98
143
209
87
143
165
84
209
143
222
98
165
143
98
153
160
208
143
225
208
209
165
165
143
143
128
209
208
209
160
89
208
208
165
143
209
208
143
54
209
209
209
143
165
165
208
209
208
33
160
209
165
165
143
51
52
208
209
33
165
209
209
165
251
143
209
143
151
209
40
54
251
151
208
208
160
112
165
33
67
50
209
29
81
143
165
165
98
160
209
209
29
209
209
112
160
165
98
143
209
165
209
208
95
95
112
209
81
208
209
208
208
18
175
138
71
253
79
209
165
95
16
160
71
127
203
208
204
50
251
160
199
143
143
208
151
165
225
54
225
49
33
175
225
112
112
165
62
71
208
95
138
126
251
208
74
251
177
253
123
7
160
151
52
54
140
208
98
18
125
150
18
204
71
8
225
251
54
31
42
192
143
90
207
160
71
177
251
112
28
112
74
105
204
98
225
172
151
74
239
31
62
221
251
209
98
93
3
58
204
51
190
225
54
87
36
225
230
162
199
16
182
209
196
164
102
36
125
177
54
125
74
209
150
28
29
92
151
18
165
231
256
194
42
71
47
160
50
165
239
175
164
18
130
144
36
251
177
58
82
46
7
122
150
62
164
153
253
54
251
153
55
54
219
7
62
95
160
75
194
165
129
22
175
74
253
150
51
19
59
113
164
165
54
122
22
165
162
177
127
251
165
253
59
118
172
177
211
144
97
8
221
251
251
11
54
29
127
7
143
46
251
253
196
239
143
54
221
190
143
242
172
31
243
162
182
12
55
31
160
32
30
51
16
208
177
113
184
195
230
14
14
105
204
177
253
3
196
183
225
123
3
179
30
54
121
191
18
64
92
99
204
245
239
41
203
3
239
17
179
172
207
215
206
74
30
178
225
175
88
30
203
35
5
78
118
46
254
160
34
150
190
177
177
175
162
17
3
179
175
8
69
225
190
232
225
190
154
55
183
54
222
92
16
175
86
205
223
151
127
81
136
86
113
105
183
55
23
216
206
75
239
8
86
56
190
92
177
104
61
191
7
143
231
103
18
64
250
250
246
249
3
71
185
165
192
75
189
143
90
72
85
81
113
54
7
231
208
209
89
165
86
123
94
177
71
208
228
54
173
99
239
191
142
85
25
245
73
178
15
36
183
73
177
92
74
246
17
37
54
202
225
225
123
208
206
55
225
27
139
182
37
14
192
27
190
73
128
139
190
202
190
17
3
205
1
228
139
202
239
21
19
46
206
127
21
88
62
37
190
205
220
158
127
58
158
110
127
229
127
225
225
168
171
20
22
76
92
54
88
74
231
25
182
225
247
139
11
171
3
92
173
29
177
3
247
67
172
215
43
32
231
3
216
242
181
49
157
157
97
153
229
250
136
208
181
188
190
202
109
55
245
36
188
181
87
208
29
227
208
127
225
154
249
13
67
3
171
3
215
153
89
227
9
79
36
184
79
158
81
182
92
29
17
36
40
171
195
154
144
110
200
94
192
153
15
163
85
131
63
152
246
143
179
110
92
28
168
190
140
55
172
172
227
63
109
131
99
163
133
99
32
187
81
174
98
42
202
29
98
99
36
171
94
108
54
163
184
144
252
27
147
23
195
163
66
15
123
110
127
123
181
139
173
215
29
9
229
204
77
167
171
133
171
167
122
132
227
9
77
122
62
160
92
44
18
100
193
122
181
77
28
189
189
92
206
92
25
115
206
102
160
206
217
11
239
6
109
32
133
243
163
171
208
154
69
118
42
215
150
181
95
42
43
49
4
164
66
181
42
43
224
199
217
244
118
92
3
224
224
234
90
152
160
54
245
122
223
103
153
61
133
81
210
54
171
252
219
118
244
98
165
251
200
252
110
188
92
109
224
116
166
182
32
190
11
47
224
211
113
124
224
234
74
124
219
3
66
48
10
92
30
25
124
139
224
200
244
95
124
70
61
244
95
103
227
179
141
113
112
246
201
5
108
4
4
16
60
164
119
240
60
194
181
46
116
217
217
61
245
11
247
224
96
76
224
199
100
30
136
164
30
227
60
227
22
221
224
246
217
187
196
200
238
87
124
226
43
224
25
188
72
124
30
118
224
14
24
59
185
224
198
118
76
81
127
223
83
60
60
92
6
199
60
115
60
179
200
188
25
71
140
239
49
187
82
43
36
10
52
20
137
21
239
187
120
192
92
229
43
137
92
142
254
102
94
49
188
4
125
61
14
158
135
245
224
226
83
43
79
243
101
254
36
187
70
24
102
226
147
37
188
13
147
120
24
136
4
68
82
