29
7
166
58
166
66
172
66
21
205
66
217
66
172
124
166
226
84
177
86
10
151
86
80
36
151
145
177
67
81
42
66
165
201
165
81
84
93
36
24
71
27
90
160
165
225
165
93
195
7
158
225
42
112
171
174
8
54
206
94
55
225
84
94
47
251
140
55
98
17
229
145
162
91
232
74
39
126
90
54
84
242
88
84
74
164
30
146
164
16
55
160
129
160
55
98
211
209
239
183
150
103
143
160
140
158
71
188
3
167
125
174
55
115
47
140
94
165
62
251
98
209
143
223
150
91
210
224
71
141
191
222
74
36
55
29
208
30
140
143
62
127
128
129
174
234
136
161
210
165
94
128
166
176
162
165
189
209
139
84
164
215
200
71
4
251
204
210
127
165
102
209
84
84
208
129
67
84
128
161
81
191
172
199
239
136
16
151
108
142
143
17
139
171
5
98
165
17
112
140
177
68
84
143
255
73
129
158
81
146
18
74
164
140
44
140
176
66
197
71
143
169
132
80
138
174
51
88
47
174
244
127
165
98
126
94
210
12
162
46
212
215
98
197
210
231
143
217
63
146
98
143
139
127
46
21
237
165
165
210
239
89
76
256
29
176
18
28
91
171
253
132
167
217
252
237
162
231
29
128
126
73
197
98
36
170
231
149
62
51
252
44
85
162
57
22
62
52
134
226
244
115
176
177
163
190
193
231
130
151
7
206
106
162
243
105
143
167
23
126
105
94
28
237
230
231
84
50
18
43
127
164
215
159
238
176
98
106
174
16
134
84
165
18
162
127
64
20
128
230
143
219
193
208
103
252
238
26
230
150
76
155
98
218
94
183
105
43
150
226
205
112
84
25
30
50
112
43
50
197
165
205
64
154
150
170
154
127
156
188
174
112
175
105
164
74
105
162
17
210
175
17
115
249
65
169
190
231
48
176
23
103
160
215
54
110
101
169
218
231
56
225
135
248
174
75
206
129
23
222
98
104
230
71
191
165
106
147
127
210
84
66
256
219
127
155
106
249
112
170
94
176
251
244
143
5
143
170
155
20
177
84
127
199
113
193
17
17
128
244
245
144
139
105
130
219
244
22
64
42
42
29
142
217
69
94
7
195
170
225
148
164
57
143
42
84
214
23
49
75
133
29
81
104
13
73
110
143
101
112
225
94
69
112
22
145
84
213
252
193
34
71
204
74
157
63
219
202
80
151
95
102
138
153
106
54
74
102
74
75
103
193
112
133
209
150
153
216
62
230
28
239
23
127
144
69
71
145
105
4
151
92
170
225
50
213
193
71
63
210
218
194
218
44
127
105
81
186
160
112
165
19
191
22
62
31
208
13
133
51
150
29
118
199
141
161
181
103
51
98
243
217
112
32
95
122
254
215
94
25
24
166
34
171
71
97
68
239
146
160
38
88
108
138
210
106
19
244
220
210
130
244
22
209
181
140
166
123
204
28
243
56
210
244
127
49
244
113
17
38
224
98
172
230
59
31
224
25
63
204
54
242
147
66
68
7
128
185
176
244
190
149
22
141
220
254
224
29
157
129
29
181
169
62
141
207
73
36
140
76
174
97
97
94
244
56
169
176
244
144
141
88
108
98
254
214
33
141
106
4
230
54
127
205
210
193
121
118
230
63
34
165
170
253
175
69
24
127
170
155
162
83
169
202
170
241
74
230
243
18
127
143
162
50
167
83
163
152
210
36
169
232
7
205
255
117
106
37
10
128
81
66
161
140
256
74
164
127
49
160
65
42
123
63
36
220
118
220
127
38
10
99
66
95
154
224
244
245
208
112
34
253
66
8
98
113
162
256
210
86
69
9
127
136
204
253
64
104
72
256
227
14
18
89
81
128
7
82
87
44
75
47
76
103
245
200
69
160
210
154
50
69
198
52
18
238
112
175
249
67
22
197
155
208
197
153
169
50
165
218
220
174
74
152
35
143
74
61
172
25
180
19
200
180
154
114
250
86
213
156
72
44
20
129
74
123
74
30
178
186
148
86
49
174
160
154
208
243
133
61
247
58
17
71
189
247
58
4
83
253
165
146
69
124
49
108
6
17
175
65
141
65
197
186
147
104
177
69
49
157
140
99
218
134
165
66
237
16
104
32
38
143
8
177
132
188
238
160
215
74
56
24
6
55
145
94
61
50
252
179
103
74
213
103
102
252
128
189
74
153
194
175
102
182
71
150
94
6
180
129
74
210
155
252
27
71
165
218
180
124
57
8
221
247
92
121
241
170
134
71
218
18
87
142
117
180
157
210
236
95
89
204
249
145
220
58
140
48
64
202
95
161
21
221
58
180
38
194
65
38
251
216
48
180
254
157
86
54
197
255
56
173
214
38
204
48
253
115
145
107
165
206
180
193
124
107
170
157
136
184
177
241
163
76
220
180
210
191
63
115
98
205
50
248
43
151
82
173
149
157
160
133
50
157
17
26
54
82
157
160
38
142
239
99
245
24
160
148
181
231
96
246
6
209
5
202
224
25
76
213
247
246
172
244
147
25
209
74
148
133
216
34
115
161
222
5
71
210
182
21
157
213
159
107
64
189
173
102
19
72
164
82
208
86
15
247
167
45
161
165
57
40
224
227
180
17
99
168
182
229
98
169
58
38
166
227
160
87
102
102
48
220
161
122
69
188
89
244
113
163
99
152
255
213
86
15
77
173
189
149
5
6
157
230
46
24
53
122
116
169
213
47
107
98
255
159
138
10
133
161
234
213
232
72
161
152
48
61
225
94
97
134
141
180
224
44
198
170
82
133
46
124
79
87
45
214
15
230
168
130
249
5
5
244
243
87
210
216
152
72
157
58
215
87
166
215
118
148
82
128
157
45
152
216
148
215
82
48
148
107
198
5
243
126
214
249
141
107
58
215
157
237
156
157
243
245
243
157
83
166
159
157
217
152
214
218
56
234
198
244
106
94
256
156
157
193
161
156
71
163
127
246
101
218
160
244
77
133
99
72
37
218
214
157
12
221
197
224
174
124
197
232
191
211
133
255
174
197
214
148
214
27
219
159
234
57
197
48
149
72
197
48
148
197
82
50
161
163
191
213
11
23
157
45
74
256
197
157
