242
242
162
242
205
31
84
242
162
107
146
55
29
256
176
99
77
97
177
162
87
231
86
242
75
146
87
97
106
84
95
75
26
101
84
62
177
77
6
104
87
84
87
97
101
72
176
256
105
165
29
179
88
101
101
26
220
146
95
256
174
176
165
143
164
123
62
176
199
244
205
45
80
160
62
80
97
251
170
25
151
80
86
87
84
129
140
143
181
177
123
190
204
146
165
140
230
162
26
84
13
13
251
140
95
187
95
143
121
252
177
205
80
73
160
206
244
111
176
95
177
256
230
249
206
235
115
10
251
183
145
194
251
162
211
205
251
140
235
252
220
92
72
140
205
177
256
158
67
45
174
97
228
25
251
251
45
14
19
206
176
42
231
104
249
251
99
189
14
55
26
33
137
253
196
145
166
99
140
213
203
3
92
59
91
176
67
150
225
165
33
135
176
144
213
55
158
135
254
42
33
121
144
225
63
242
253
253
196
72
126
79
79
213
199
3
180
167
39
192
222
88
162
160
192
162
189
91
84
140
55
29
23
72
81
153
230
212
212
256
174
249
120
42
115
206
97
72
99
144
112
206
93
56
87
72
33
112
254
79
196
170
236
196
115
135
240
128
98
73
42
64
87
252
33
190
79
84
254
204
140
50
10
18
94
225
161
165
44
79
230
156
75
9
91
204
92
13
44
167
221
42
79
176
94
94
94
121
20
221
81
44
208
27
97
42
206
125
249
84
25
39
72
212
50
70
3
120
55
64
126
254
19
125
20
208
225
187
44
160
11
71
174
123
208
25
90
246
158
207
112
221
203
146
42
98
42
159
187
90
226
159
161
210
79
131
159
174
244
213
65
71
136
81
181
209
84
210
69
70
168
151
71
40
179
256
176
80
99
85
256
189
221
179
89
189
249
225
80
214
214
26
122
252
173
165
230
225
208
62
144
176
40
208
125
225
126
67
156
213
109
18
164
72
225
127
184
176
205
135
135
220
192
93
86
225
39
253
225
249
18
31
242
211
82
66
179
37
29
172
15
168
99
101
15
216
219
66
122
174
72
18
125
135
80
2
80
249
209
72
165
15
39
225
31
197
233
105
97
213
94
99
2
136
122
127
72
72
125
51
99
161
220
224
52
137
247
123
101
231
51
167
15
51
107
7
70
30
99
18
198
30
133
98
157
54
233
26
197
99
167
99
242
114
168
193
197
153
179
161
194
126
191
100
179
44
115
131
111
60
99
99
9
197
197
161
20
179
62
164
116
86
117
213
214
197
98
102
164
44
104
79
66
213
254
51
251
10
144
45
42
52
221
55
65
252
166
233
45
55
107
8
179
251
26
26
48
233
159
189
72
127
99
170
176
178
214
233
233
80
232
70
179
94
158
117
11
199
19
101
199
148
71
128
251
156
100
127
162
125
4
251
55
99
132
156
72
104
7
219
233
146
191
7
4
149
123
98
112
244
81
45
74
123
15
54
115
231
244
213
72
109
119
88
232
72
213
131
203
72
244
129
250
13
224
72
159
49
156
213
127
200
81
233
25
193
61
29
111
125
133
56
162
218
179
232
89
231
214
174
41
255
116
232
218
47
167
21
48
98
178
142
214
119
89
37
52
107
193
167
197
186
117
67
202
133
139
48
148
251
82
165
84
165
76
73
119
25
214
139
162
232
66
89
70
193
149
199
218
72
239
75
233
42
104
197
175
5
48
233
99
199
84
197
224
171
9
61
76
202
22
224
91
210
109
51
118
184
167
119
30
48
145
214
99
167
116
230
115
193
249
253
48
139
171
197
95
157
53
193
63
167
34
18
95
199
4
203
185
230
105
213
244
249
34
49
213
219
133
256
140
219
20
53
37
197
72
142
203
98
82
219
234
197
115
18
49
91
19
34
57
240
82
207
249
149
242
20
255
193
115
76
150
19
9
151
29
121
71
127
9
25
28
72
102
19
255
157
9
213
214
202
9
17
37
224
120
186
9
229
19
105
139
76
120
102
167
18
72
53
254
120
6
18
51
52
177
116
68
9
42
72
102
6
53
179
149
238
202
246
12
127
104
129
220
134
218
149
101
224
4
234
202
248
45
12
37
65
189
53
168
252
4
172
59
242
53
142
35
246
91
53
191
218
102
19
234
28
233
254
6
53
72
124
185
53
141
171
13
53
99
214
234
246
72
218
118
99
246
218
192
23
70
197
141
173
72
224
197
