21
80
40
135
40
21
80
128
80
75
182
136
135
136
230
87
209
230
209
31
128
97
87
21
112
164
143
222
164
165
165
166
146
143
182
75
209
222
141
97
230
87
194
128
184
8
184
232
209
185
58
165
112
138
97
231
164
154
256
51
138
205
84
195
84
209
84
89
91
84
87
8
177
194
91
21
35
209
114
138
170
80
112
21
146
209
91
177
80
7
146
58
180
112
84
222
166
195
209
51
58
165
115
208
97
112
135
212
205
69
239
209
185
165
75
138
195
59
185
185
97
137
97
243
135
184
67
3
194
136
69
205
205
243
97
97
205
71
128
7
225
135
97
172
154
107
181
136
154
55
28
59
115
84
84
128
123
65
224
65
209
40
121
226
143
141
91
236
55
182
69
172
139
248
195
168
141
153
222
141
17
40
97
121
11
208
21
128
256
32
174
168
217
97
128
42
209
11
231
105
138
95
162
40
141
236
217
84
88
241
150
37
11
164
128
208
18
18
40
91
138
104
84
94
29
33
208
209
141
144
107
250
31
83
138
25
146
217
206
141
50
217
68
58
59
42
66
180
18
206
231
106
57
239
77
42
168
128
138
172
191
181
62
135
20
165
222
91
105
206
31
181
138
91
181
205
208
164
251
185
136
172
58
168
150
11
127
29
209
217
130
81
174
146
117
107
47
205
54
32
217
128
128
123
115
94
125
143
217
93
174
81
255
150
205
30
138
150
242
194
199
150
206
141
80
199
154
121
203
231
129
119
162
42
62
191
107
120
28
33
233
185
162
194
177
20
40
132
77
30
27
46
95
194
66
52
25
176
208
30
191
150
242
194
247
42
181
132
206
185
127
162
141
33
223
179
7
166
79
58
32
141
150
80
80
75
130
66
222
224
103
154
84
8
26
123
29
217
32
67
96
231
217
58
122
29
121
29
129
60
185
21
112
205
59
128
115
256
62
123
137
42
224
217
203
80
141
184
24
231
137
182
127
87
141
52
118
182
32
198
183
60
182
250
217
17
226
94
150
66
9
2
122
42
32
211
121
241
30
30
25
37
255
42
21
222
114
95
21
144
14
41
27
33
107
231
150
129
171
10
207
174
217
100
165
205
143
254
87
96
130
205
106
17
71
174
98
106
120
91
206
151
226
141
165
188
165
228
150
142
101
66
75
92
79
89
70
242
1
150
54
17
14
166
59
29
143
42
96
59
58
187
51
54
101
21
42
42
132
160
21
76
135
36
142
141
68
211
185
29
75
188
79
37
7
99
107
75
21
47
247
11
75
58
80
179
66
165
109
208
205
51
179
59
141
144
200
207
95
2
146
123
205
26
141
203
211
217
201
21
21
160
96
203
59
17
208
140
123
21
59
33
171
141
158
155
192
191
229
171
9
121
75
194
95
9
229
79
154
17
17
78
87
243
11
49
93
150
104
176
217
20
29
188
141
182
2
54
192
194
70
60
219
226
127
2
214
70
128
120
171
84
24
204
87
223
187
107
101
164
21
31
136
236
223
176
16
123
122
185
28
95
167
165
208
32
113
190
75
142
67
123
211
9
194
198
61
208
2
231
120
125
84
144
207
243
21
67
174
196
188
165
32
168
13
137
141
188
94
246
84
95
192
208
66
65
78
65
229
28
205
24
169
65
196
33
200
100
256
29
69
214
59
174
244
101
95
217
182
112
220
226
101
42
94
165
180
2
251
188
249
208
185
205
132
247
122
26
58
176
180
188
128
135
138
236
169
120
142
194
172
91
94
42
179
182
143
59
199
67
223
135
66
186
139
159
237
185
68
29
206
186
164
228
164
17
26
37
96
70
129
172
128
3
91
139
17
122
182
194
218
188
218
154
166
233
100
51
125
226
244
169
98
68
105
206
231
255
174
249
36
36
150
128
9
79
87
210
35
234
9
182
168
75
128
203
136
245
39
143
128
142
205
24
220
180
227
28
80
144
205
29
211
55
243
136
186
172
85
63
208
188
169
120
237
182
226
204
28
210
11
207
150
171
138
122
70
13
245
133
218
80
50
120
50
231
85
120
217
179
16
91
136
13
179
38
91
168
84
138
226
123
148
52
95
174
210
249
73
139
174
66
13
62
252
194
101
144
13
59
205
85
248
224
251
205
182
140
192
182
8
62
108
203
166
75
112
135
253
108
207
233
42
13
95
59
128
180
134
29
233
160
75
135
165
220
190
87
95
224
171
113
63
220
149
3
252
168
43
109
239
88
150
57
204
231
9
154
57
49
17
135
171
42
91
191
128
191
63
194
55
29
87
231
147
256
50
125
37
42
233
226
224
171
46
227
118
176
245
148
102
4
50
111
174
56
72
168
205
75
195
4
154
217
144
140
207
215
50
121
113
39
69
27
240
91
17
95
54
88
217
25
36
165
87
230
150
108
182
137
207
221
79
243
123
16
87
184
86
164
82
87
21
226
191
51
171
10
31
18
138
185
66
216
5
230
68
11
154
184
166
256
182
205
25
239
229
108
36
140
43
63
20
106
56
13
113
165
36
229
78
63
191
169
1
17
256
63
235
63
227
160
217
217
58
40
164
112
172
237
211
27
180
217
5
72
10
17
50
140
9
59
154
20
97
247
243
72
164
221
191
116
230
203
89
15
87
39
17
208
17
104
7
40
247
217
180
106
25
49
91
217
75
230
245
165
217
223
121
178
217
21
31
114
22
94
65
24
11
80
108
56
36
5
195
87
108
135
251
18
150
17
166
24
49
247
91
144
20
54
139
43
10
95
103
190
57
158
245
231
168
118
14
122
247
166
24
240
60
206
52
8
89
193
49
20
191
194
235
132
150
7
68
245
42
19
171
194
179
4
125
168
204
217
211
50
72
75
146
3
150
4
37
60
144
95
240
222
24
50
256
84
152
191
20
7
198
151
18
189
84
187
217
255
182
187
11
226
18
209
4
1
152
66
4
4
208
21
125
18
118
115
36
194
59
125
55
211
17
185
104
76
138
88
182
17
123
117
253
139
185
119
152
194
9
4
8
18
4
221
158
115
67
196
28
58
5
21
21
166
60
58
59
140
15
95
144
243
191
64
95
165
58
95
183
83
175
152
113
119
212
160
89
185
129
4
106
152
125
17
212
217
155
120
190
122
125
53
4
139
24
218
152
80
68
131
18
67
217
87
135
195
140
53
136
113
173
113
216
90
20
173
24
20
148
34
136
256
240
84
95
217
113
95
63
254
194
36
97
240
225
34
1
21
163
191
181
169
24
143
121
38
75
36
5
37
47
8
216
7
55
113
65
51
144
8
47
166
52
251
194
89
113
251
4
125
123
4
256
87
191
125
20
128
1
87
35
234
135
20
173
1
125
146
205
42
11
52
11
44
57
154
8
234
4
26
66
120
1
169
240
152
90
4
55
93
174
87
35
30
24
132
57
99
4
128
79
94
20
256
59
5
36
171
255
160
155
18
57
241
254
160
163
11
4
188
180
6
89
204
152
234
57
191
152
62
255
171
1
49
191
122
152
146
255
99
107
23
139
237
128
22
179
194
139
20
98
160
186
79
21
31
154
62
129
142
125
16
36
219
67
191
245
136
154
36
199
122
78
65
133
171
254
122
78
89
177
198
145
91
22
225
245
245
9
32
100
229
132
191
91
113
120
109
59
79
191
20
174
189
56
68
136
199
179
73
104
141
220
20
11
121
102
46
4
243
218
230
2
199
211
4
224
33
46
231
223
246
152
255
20
33
17
20
186
107
30
9
237
211
40
196
191
68
68
30
98
224
176
27
113
144
44
1
82
234
68
204
252
139
152
81
173
38
2
22
9
181
103
109
55
26
173
251
176
68
68
244
139
205
191
87
107
162
116
244
17
113
246
29
138
219
111
219
234
68
227
180
222
132
3
40
57
205
141
107
17
135
242
36
89
44
142
33
138
52
125
144
149
64
69
162
68
254
242
233
100
181
171
59
135
242
254
132
203
254
47
86
223
60
220
139
191
173
46
223
26
48
43
255
198
129
246
19
101
20
123
3
191
194
149
11
14
132
239
198
94
168
78
47
234
245
33
60
2
52
191
20
180
137
191
167
229
113
195
125
19
30
133
216
34
191
56
89
107
26
111
198
46
54
241
154
227
173
238
53
152
180
167
156
76
191
203
152
254
34
179
154
40
169
254
241
195
30
200
111
247
125
132
233
23
155
133
125
30
120
252
22
110
185
180
254
188
180
222
191
173
72
96
241
226
241
200
137
