113
36
176
98
98
55
147
172
237
98
165
138
237
126
172
27
55
126
168
36
143
145
3
51
51
126
172
40
69
51
62
168
143
143
208
36
199
62
69
204
30
212
86
26
84
172
63
10
212
74
17
74
31
79
84
145
237
112
244
73
61
156
162
199
222
123
3
211
177
79
63
79
13
64
115
177
13
145
123
123
111
138
16
55
177
111
190
122
51
74
196
28
228
87
126
28
85
102
63
87
211
231
62
79
28
98
87
69
172
222
111
50
177
153
63
106
28
15
105
102
26
113
42
19
25
160
143
222
67
178
106
76
109
79
222
123
86
63
63
186
105
245
98
63
162
61
79
123
147
191
178
196
177
112
106
50
112
105
78
44
105
62
59
9
36
113
10
102
103
91
230
55
163
105
243
102
111
105
168
92
106
28
140
112
177
76
182
248
86
110
160
246
112
256
90
106
140
18
237
194
149
174
63
3
10
76
92
110
92
17
178
122
54
255
36
14
228
113
79
150
36
245
22
218
190
122
245
105
4
157
110
86
216
26
63
79
140
4
151
54
156
62
62
8
148
106
196
51
18
244
204
41
83
140
126
210
228
153
62
85
154
88
163
106
149
86
172
61
204
140
30
104
240
94
192
44
181
154
169
214
54
126
148
140
196
166
205
85
107
241
165
31
61
14
149
215
105
85
63
58
34
122
98
111
112
231
110
196
104
79
181
63
62
218
15
74
191
63
219
204
214
245
244
81
26
185
26
138
161
27
63
34
147
119
240
112
229
219
220
65
149
191
51
217
245
256
94
28
119
27
194
104
54
61
76
125
15
164
23
85
214
56
192
136
23
239
28
255
163
256
82
27
194
19
40
163
149
75
12
27
72
193
48
76
111
243
66
112
18
218
125
229
48
254
48
213
143
196
143
241
197
141
75
55
62
241
54
163
161
186
163
149
253
62
192
147
37
12
157
15
229
60
23
163
66
143
56
198
213
143
66
112
253
119
107
111
92
240
255
86
23
112
139
63
72
157
216
247
26
219
15
34
62
23
106
116
23
235
104
92
149
163
95
38
17
247
82
66
199
218
23
204
189
116
242
129
46
26
223
105
40
15
15
94
163
191
163
157
149
94
23
149
49
235
213
86
144
6
149
149
221
157
199
82
216
64
246
241
45
241
213
247
163
43
82
15
82
95
76
149
104
124
22
43
115
57
12
174
213
255
49
163
111
140
160
163
225
215
158
140
15
197
215
14
157
255
86
210
76
81
189
102
60
157
23
189
186
72
13
255
110
12
236
131
215
82
12
10
187
52
148
80
43
94
14
81
161
105
56
29
127
110
127
23
53
113
57
133
219
107
198
199
219
158
151
82
139
182
74
163
26
15
189
15
220
252
142
23
82
215
119
23
238
163
196
139
49
232
232
164
163
82
213
174
163
242
232
155
225
210
193
15
10
72
232
119
187
139
160
116
110
49
39
170
152
181
225
155
236
81
86
220
52
128
137
159
116
60
193
163
179
72
157
105
186
158
117
198
49
213
200
236
145
156
163
145
52
57
149
139
148
47
94
45
26
35
33
85
145
23
178
52
156
163
29
148
70
70
115
136
133
29
25
220
86
29
147
56
215
237
232
215
219
163
69
215
157
189
178
255
161
99
48
157
255
25
159
189
77
163
104
163
157
23
210
158
23
117
190
197
215
12
219
102
197
182
127
210
129
34
181
87
77
94
170
104
148
82
178
50
70
115
232
178
12
157
214
86
48
213
72
9
48
76
213
157
53
216
94
120
100
50
114
115
210
12
199
159
45
218
178
100
210
50
117
23
39
192
82
82
68
133
124
134
215
157
163
218
78
110
57
72
100
213
159
100
134
178
25
163
114
23
74
55
157
23
215
23
106
131
42
83
188
57
148
10
135
42
85
210
61
228
146
255
49
114
117
59
10
35
157
247
237
83
85
82
256
198
197
198
187
247
236
104
180
77
186
117
100
117
190
159
104
159
48
161
76
117
35
149
249
97
232
82
218
137
228
251
25
72
133
163
228
149
26
163
111
148
237
76
22
117
161
193
161
82
72
23
72
227
218
218
159
170
111
119
219
189
99
189
48
158
189
111
