80
80
80
146
80
209
209
84
84
62
80
121
75
209
80
231
253
146
121
29
29
91
203
177
36
256
256
203
21
186
205
29
74
91
88
164
58
91
87
32
177
51
58
174
216
11
172
154
190
74
177
42
63
181
36
42
177
63
15
31
29
93
216
63
256
129
67
253
209
42
194
235
174
209
237
58
199
209
187
166
42
35
209
33
172
69
177
147
58
63
177
165
42
29
141
237
74
253
193
29
209
33
153
176
149
190
240
146
91
42
63
121
80
203
169
75
199
186
160
67
65
121
9
147
94
193
33
139
162
177
128
243
251
29
55
253
202
9
25
7
237
28
206
42
130
42
128
75
67
193
135
117
42
243
165
155
82
170
135
202
147
82
239
202
82
94
126
63
161
202
10
115
202
69
25
33
17
252
157
157
177
215
33
256
33
206
186
137
177
69
157
96
252
177
54
82
126
117
54
69
256
33
42
74
177
25
176
115
252
206
48
9
115
92
144
237
153
92
33
122
128
54
230
213
240
9
16
243
177
115
115
97
99
9
145
256
206
42
40
50
194
117
16
256
91
82
60
66
107
240
72
40
117
66
135
222
206
207
162
177
157
213
6
250
72
117
72
79
9
129
73
92
42
19
153
9
99
14
42
82
202
129
213
91
214
99
72
174
85
147
82
231
177
48
66
10
82
70
47
180
31
72
213
26
33
85
70
137
174
105
19
98
51
176
218
188
131
33
40
220
70
40
224
121
82
203
33
82
85
162
243
9
192
207
232
45
159
206
80
195
36
42
155
207
186
221
206
174
82
155
207
48
153
72
42
56
115
115
157
157
120
161
36
207
56
140
7
64
121
48
26
131
45
42
45
120
48
45
45
42
105
255
219
26
48
177
9
117
157
73
221
33
232
39
25
40
9
256
230
70
160
99
42
42
55
79
99
230
72
82
75
249
84
213
107
76
219
147
40
206
115
130
42
120
230
96
45
157
210
21
42
213
214
176
232
199
172
219
117
207
130
213
153
96
115
249
42
44
82
150
139
121
9
165
174
182
73
219
117
11
9
197
120
148
226
26
253
48
253
60
122
117
171
67
210
48
213
204
202
207
99
14
25
162
192
66
157
60
160
230
87
70
39
211
82
142
117
192
161
182
26
33
73
135
157
120
9
179
155
66
226
82
59
120
161
211
120
66
9
45
23
157
115
139
193
213
33
159
4
213
82
157
194
94
213
42
214
45
42
99
82
47
157
17
99
176
23
115
50
2
90
74
111
196
186
11
17
72
157
9
9
83
74
193
100
151
44
100
203
157
82
166
99
117
42
213
67
157
92
42
214
142
35
52
66
70
33
91
159
9
197
99
135
161
64
210
40
173
48
45
200
213
120
33
36
49
195
131
111
37
139
196
6
92
91
92
70
60
200
127
66
82
218
207
37
202
42
193
4
192
139
93
53
139
99
42
151
127
139
9
173
255
40
207
163
1
63
14
202
82
159
24
72
66
139
72
24
200
214
139
164
70
77
207
4
85
113
20
207
227
52
23
139
43
138
33
33
192
72
157
98
77
56
53
198
20
207
207
255
23
23
219
161
188
157
77
29
213
20
137
249
23
82
20
20
203
70
133
173
92
33
139
176
214
157
119
23
23
246
224
213
200
161
72
158
119
