166
166
121
221
58
25
176
84
121
17
162
205
146
146
138
80
25
176
80
80
80
20
122
169
121
205
144
191
162
138
162
138
47
176
126
221
240
52
42
35
42
80
244
29
170
256
25
191
208
256
29
162
146
162
146
33
22
176
84
122
146
187
90
229
211
116
81
107
7
130
211
14
47
80
80
119
55
130
87
66
210
165
226
256
135
146
87
176
67
148
221
11
65
117
80
130
7
118
166
187
208
93
130
206
107
5
148
164
231
242
205
175
242
247
136
166
231
118
39
160
87
29
233
202
208
119
221
46
191
79
249
84
138
117
256
80
256
33
25
218
6
202
118
165
87
217
67
87
93
87
247
204
176
39
208
39
147
65
160
124
93
225
65
115
84
212
212
118
87
115
240
146
7
81
87
227
224
108
191
33
226
80
6
199
150
118
231
135
25
33
117
124
19
52
33
24
138
222
28
135
115
75
84
165
242
116
33
253
118
107
117
80
65
14
256
33
115
90
205
96
242
66
240
208
33
17
245
247
58
213
166
92
115
67
226
17
93
67
218
186
231
69
184
138
143
221
77
225
236
55
213
112
205
107
136
166
43
107
50
164
89
43
138
153
39
100
117
80
256
164
80
50
109
140
194
33
6
129
171
156
153
225
211
129
77
164
219
117
80
184
185
54
25
135
14
214
1
118
100
147
256
33
77
147
33
168
28
37
208
100
224
176
7
101
135
16
256
97
165
122
89
49
217
28
30
165
229
176
7
219
222
80
4
54
185
107
39
143
224
182
17
17
118
17
85
28
25
24
84
232
69
205
93
16
54
153
127
138
25
106
171
129
145
113
29
21
30
43
25
25
91
201
165
115
80
117
118
28
98
77
81
54
97
33
77
157
1
66
52
122
70
249
171
18
24
145
180
231
77
143
70
71
176
135
202
109
239
5
37
129
210
231
219
80
52
64
182
59
124
147
256
3
115
7
32
206
114
137
47
158
254
41
37
14
43
64
199
181
245
164
140
91
21
217
181
242
144
25
162
49
147
162
222
52
47
245
39
39
186
29
214
117
102
256
148
72
196
47
115
73
149
182
165
253
27
25
25
126
34
160
64
50
164
47
10
51
117
171
239
39
231
160
211
74
19
25
42
154
253
202
77
76
244
254
131
50
176
60
86
98
45
253
93
52
117
208
131
74
80
218
121
124
115
241
25
97
55
244
117
115
145
37
28
245
77
176
240
77
117
162
249
107
108
213
126
223
240
21
240
231
33
252
154
28
196
216
241
213
75
96
221
69
60
180
231
91
132
211
118
39
28
77
256
53
103
133
207
73
93
43
191
10
243
87
15
60
7
117
28
9
30
34
253
121
231
91
132
252
67
202
171
73
53
108
5
249
133
80
36
153
1
89
81
34
244
182
11
8
91
170
218
73
256
249
207
109
129
148
133
122
34
88
42
36
50
160
74
8
247
160
126
115
202
33
170
77
124
60
5
213
169
110
39
87
52
55
55
246
8
3
117
166
171
70
170
89
79
249
104
115
51
126
165
168
240
53
203
146
26
249
88
239
180
77
214
131
42
61
153
237
218
89
116
56
240
201
225
81
222
256
55
254
37
224
53
61
52
117
100
241
100
96
237
28
75
96
209
240
61
240
61
211
13
5
208
33
153
204
117
18
39
186
109
58
166
165
254
104
225
210
160
10
215
60
21
118
52
60
170
21
113
77
210
176
234
29
254
104
131
168
52
221
87
84
118
140
89
218
237
233
32
194
37
153
37
135
218
224
202
162
133
81
139
91
13
117
80
151
153
231
186
52
146
176
89
221
81
80
184
107
110
60
107
210
107
42
221
117
117
100
221
25
221
73
249
84
32
20
203
60
115
37
18
52
100
202
210
167
115
181
84
186
110
96
21
59
148
37
178
202
55
153
100
193
211
159
115
103
74
81
80
33
81
195
113
42
221
138
2
54
193
105
74
213
256
81
244
54
110
29
243
127
107
98
107
100
223
150
150
197
96
100
221
71
197
197
253
81
53
195
53
53
84
28
150
78
81
107
220
160
236
60
120
42
92
18
160
195
25
223
127
256
33
200
196
193
139
226
213
31
15
4
210
67
39
31
62
118
15
171
27
18
13
18
31
49
53
136
234
171
89
49
36
20
82
218
226
42
237
119
160
119
117
170
82
230
166
130
210
173
59
9
226
170
4
91
171
74
237
156
86
215
73
25
35
232
203
178
172
176
82
213
146
168
115
80
237
183
50
86
116
50
191
246
25
140
131
83
63
96
25
53
130
35
133
44
186
148
243
168
255
35
120
17
110
232
54
17
100
26
256
70
80
121
231
115
100
54
14
75
249
89
111
53
54
6
4
115
224
105
116
191
60
6
106
214
181
160
226
33
196
107
115
181
135
213
77
53
100
115
244
101
202
224
53
63
88
124
256
69
22
98
148
73
87
197
75
122
131
115
117
98
199
256
122
224
46
174
195
25
56
105
49
66
34
181
111
5
115
168
53
202
109
231
116
53
42
111
104
96
150
42
39
53
150
87
100
82
199
114
19
76
137
1
120
236
183
242
34
191
132
56
159
27
162
118
120
230
231
213
70
179
163
160
237
134
157
132
168
207
33
160
131
231
241
181
8
131
66
56
82
53
199
22
53
60
49
109
192
109
186
133
159
