129
129
75
129
230
77
145
19
242
45
230
183
178
29
127
199
230
161
72
201
248
57
57
129
229
228
96
204
79
57
72
209
229
251
22
237
248
76
19
166
76
209
189
29
29
204
237
220
134
137
177
8
134
195
129
163
214
59
161
51
79
44
161
181
214
3
51
37
213
153
11
239
72
11
128
145
137
146
150
150
22
149
8
145
56
161
112
135
135
174
34
213
147
11
199
135
19
174
147
134
219
64
214
143
19
229
19
115
174
99
161
96
84
174
213
172
96
75
73
120
147
9
115
10
9
96
76
96
161
215
161
115
120
76
70
94
231
162
86
73
207
124
112
165
115
112
112
255
105
162
128
138
57
110
76
115
197
145
162
112
93
215
26
62
99
84
213
62
202
143
115
134
72
86
213
150
115
202
34
213
251
114
96
94
161
122
13
23
84
162
213
84
96
72
162
161
240
202
71
106
205
55
96
165
115
204
249
189
124
162
89
190
23
219
189
110
213
84
213
255
128
112
202
3
197
101
13
220
84
214
248
115
38
204
248
84
38
155
213
249
23
97
204
248
145
251
202
213
38
124
176
112
99
232
255
151
172
8
138
172
38
204
132
202
221
161
214
122
189
84
214
204
215
99
96
248
202
31
94
154
162
52
248
89
26
105
177
74
157
112
38
218
192
243
52
216
214
123
99
214
110
16
251
213
22
153
134
148
57
232
45
192
26
74
106
213
52
13
72
232
218
213
112
121
112
159
159
115
121
165
253
99
148
216
162
99
94
160
157
17
214
17
99
232
236
218
116
162
148
112
222
202
10
51
176
159
177
24
94
144
17
121
146
188
159
232
255
159
163
74
197
86
255
213
197
157
203
86
256
181
209
232
26
50
256
216
123
116
159
213
94
172
155
34
94
216
74
213
75
53
157
146
247
221
213
105
44
44
72
26
210
148
108
247
44
74
232
230
204
73
192
161
155
232
161
196
23
153
148
23
250
26
161
213
159
210
161
163
213
247
197
237
247
197
12
157
213
159
161
158
56
213
161
221
242
94
197
215
44
164
247
197
161
213
12
213
12
158
72
56
159
189
56
218
155
48
48
72
23
189
232
157
213
72
232
56
45
72
155
124
213
159
74
213
106
56
213
155
56
56
197
255
72
196
56
197
31
72
213
12
116
159
72
197
196
213
148
99
