175
16
126
126
143
143
127
175
69
143
143
21
209
209
21
244
99
99
244
251
51
251
251
174
76
251
140
208
174
251
51
69
94
118
51
251
92
74
123
92
181
74
123
123
92
118
204
175
123
92
110
225
175
56
84
31
82
84
128
82
230
84
243
254
123
243
51
74
80
243
90
110
195
126
28
243
243
59
175
254
209
58
209
14
195
69
71
20
231
92
225
246
110
115
163
92
20
128
71
153
153
54
205
92
129
69
41
50
201
84
92
118
143
41
150
92
52
181
209
220
92
143
74
175
52
143
5
80
194
143
181
146
20
6
194
129
17
84
49
111
118
173
251
118
125
212
92
251
254
209
118
92
55
151
246
92
250
123
118
92
194
41
166
175
254
123
186
20
254
194
92
82
175
151
7
246
239
251
222
151
4
166
54
123
18
225
4
129
92
51
129
82
246
20
22
179
222
82
55
82
246
119
37
143
125
160
118
55
7
75
6
245
123
182
243
151
46
251
211
20
125
92
24
145
245
36
99
20
160
67
200
82
80
118
160
75
20
205
218
253
209
24
162
223
109
87
244
217
18
71
205
151
98
36
125
245
209
251
109
118
46
147
76
185
129
91
71
111
162
161
239
20
243
31
55
118
123
162
231
239
163
154
164
118
152
80
4
118
156
225
215
20
118
152
98
35
87
156
254
147
213
234
36
81
58
20
239
58
221
87
251
58
222
54
140
160
18
36
61
234
55
161
165
20
244
140
205
251
208
198
128
181
62
181
123
244
143
24
118
173
245
239
173
114
114
160
118
254
73
208
165
173
25
151
90
140
194
20
181
172
173
164
61
143
235
15
27
122
119
244
111
165
20
152
107
107
226
234
251
56
251
251
82
215
15
208
123
165
245
170
107
104
255
128
123
231
185
27
123
231
90
104
243
3
133
48
173
254
122
245
104
198
17
200
244
235
213
152
235
21
249
49
174
232
156
99
152
244
123
245
175
104
232
244
99
125
245
87
4
4
29
154
43
244
98
90
216
4
173
173
243
90
85
224
67
216
224
255
79
137
173
99
152
