138
138
138
138
181
138
138
220
220
138
138
220
62
51
138
220
141
199
165
147
147
147
182
165
95
138
138
145
165
195
95
138
147
75
74
74
195
14
14
79
177
75
95
14
177
79
181
97
182
14
95
177
75
182
14
177
3
177
183
95
181
97
212
15
208
212
38
208
129
28
38
143
181
129
177
28
143
3
143
206
211
91
18
7
206
147
171
109
91
235
147
143
95
109
206
129
206
9
31
128
147
28
171
79
19
129
166
222
10
51
147
114
147
171
7
63
55
34
147
206
171
106
38
97
19
109
123
123
146
123
211
144
84
171
123
143
67
38
28
220
123
10
206
90
174
172
183
84
129
10
206
6
66
14
165
66
220
10
123
67
66
1
223
55
220
77
5
206
206
90
174
120
122
28
10
127
95
79
171
121
106
123
90
40
143
160
90
212
162
79
15
225
187
188
61
90
223
33
122
44
240
77
83
108
171
79
166
67
95
39
33
83
123
111
24
162
84
79
90
171
121
120
159
249
128
132
147
206
130
55
206
104
50
143
71
151
106
122
14
108
90
256
49
171
90
33
151
196
21
249
83
114
79
171
71
163
250
223
102
10
121
256
22
124
84
25
56
171
171
14
125
90
106
66
146
25
9
104
76
14
102
43
170
28
143
109
104
255
28
122
97
237
118
84
256
104
104
106
196
203
170
67
102
212
188
141
122
28
182
28
163
216
248
237
255
161
230
163
97
19
176
50
84
169
66
22
226
196
159
67
225
122
176
171
37
253
44
143
113
208
17
93
52
75
64
9
208
140
174
50
17
25
6
197
6
59
224
99
104
23
221
79
66
241
6
142
125
141
122
246
91
165
129
171
246
114
6
99
227
122
241
6
6
17
166
238
110
246
92
11
36
190
187
187
137
122
146
4
246
139
155
9
122
182
169
154
182
11
224
122
185
137
139
226
227
146
207
85
122
238
144
188
227
254
122
77
135
144
199
51
170
9
1
190
9
107
11
120
104
247
234
207
166
117
246
221
44
103
119
94
255
207
241
154
149
216
221
17
120
44
35
1
29
167
