90
75
138
138
90
176
107
162
111
151
67
176
165
136
138
106
36
165
153
106
84
176
36
153
138
47
106
8
143
11
42
84
138
143
253
143
153
95
95
143
42
256
138
143
42
221
67
71
140
47
162
105
231
87
153
95
150
67
156
81
136
87
160
251
97
174
15
66
204
15
21
71
208
8
73
61
127
138
209
166
204
208
42
47
172
220
51
112
127
243
163
95
160
112
200
17
138
96
243
135
127
231
8
239
84
32
208
114
182
204
64
178
174
209
88
166
244
204
178
228
127
243
73
127
51
204
50
230
153
123
105
213
51
151
174
254
55
109
230
172
140
194
176
125
151
119
10
42
44
209
150
96
27
61
64
220
127
32
109
153
216
250
165
190
204
128
127
17
174
250
191
76
104
15
54
95
153
64
108
75
10
75
95
150
42
174
51
178
50
75
157
153
191
230
127
94
186
47
126
75
172
227
184
171
120
209
91
32
150
150
210
123
213
23
154
104
15
15
150
75
157
51
75
7
174
72
28
186
194
15
214
219
162
7
104
216
154
138
76
11
170
89
184
207
236
38
54
122
127
237
150
121
61
186
123
108
28
66
80
139
46
174
29
92
125
7
52
132
32
3
223
84
138
26
182
52
76
209
228
157
163
181
154
200
209
135
13
172
143
3
129
177
94
245
10
154
184
44
125
165
127
50
26
73
98
177
74
131
165
189
8
51
143
51
162
122
150
85
236
69
47
47
87
242
165
186
242
164
222
52
189
158
165
212
239
177
15
154
213
27
164
181
256
174
123
239
227
44
72
128
94
13
92
208
9
145
71
42
26
244
94
182
196
3
150
82
153
115
199
184
27
14
23
105
177
147
73
22
69
59
47
165
210
212
244
131
145
169
136
51
106
51
121
30
222
121
191
244
222
122
242
92
214
256
121
40
244
87
214
54
6
142
54
246
154
87
215
189
123
251
26
232
47
215
112
23
40
35
157
10
246
17
74
110
61
110
46
228
42
27
147
26
109
151
17
96
172
94
249
145
140
71
23
18
112
177
67
8
118
76
140
56
186
225
93
121
3
145
112
105
108
222
153
18
225
236
238
89
153
63
75
204
74
91
198
3
153
74
73
250
248
212
18
87
164
105
178
121
121
76
98
112
219
15
184
71
61
239
74
27
225
218
156
19
159
221
4
26
178
67
108
177
239
251
46
221
140
51
16
153
112
151
136
163
178
72
9
99
199
103
178
178
126
122
195
99
237
216
180
242
99
177
98
239
51
39
112
225
71
9
222
92
209
157
166
213
25
246
87
239
24
61
239
142
112
87
199
83
179
115
218
204
118
151
140
250
23
153
232
87
123
208
47
107
72
24
73
181
182
122
54
157
227
246
140
46
112
237
140
199
181
4
251
222
214
177
122
92
123
194
101
140
5
246
115
255
255
231
112
71
145
119
204
136
203
221
126
110
209
75
95
69
20
161
251
151
145
62
199
123
105
169
243
165
140
76
44
17
153
208
136
47
116
255
69
184
87
165
123
170
9
99
161
242
61
71
98
138
39
153
106
99
204
11
62
83
148
122
218
165
93
181
141
140
251
98
140
251
225
237
232
172
151
67
42
20
116
162
140
53
165
140
20
8
249
42
251
95
75
50
116
69
34
129
140
73
194
190
25
143
101
197
207
92
4
123
186
39
50
25
245
143
140
243
115
5
15
49
99
194
249
95
20
23
47
214
64
225
115
106
95
151
74
23
72
140
119
92
185
80
227
140
242
196
123
178
51
4
81
145
10
165
66
32
70
178
141
84
72
242
169
61
44
232
125
220
96
95
62
151
251
215
62
256
145
141
95
43
2
153
92
225
140
153
218
203
246
153
220
173
49
72
225
239
110
62
73
225
130
218
215
174
54
150
255
72
214
84
94
207
46
175
140
242
181
235
186
111
247
156
74
54
197
174
82
213
71
145
246
213
150
244
150
19
74
49
5
72
151
175
88
28
248
251
23
112
229
26
42
114
140
161
118
139
110
46
96
247
47
229
25
183
34
112
130
237
114
84
116
44
253
133
163
130
148
162
207
66
94
110
82
20
160
249
85
255
15
204
19
189
133
19
50
198
74
155
190
254
44
218
202
159
215
220
110
204
20
244
181
13
145
247
110
219
116
32
210
114
215
247
126
50
16
235
6
204
19
138
120
215
240
232
225
198
141
215
202
81
181
111
136
141
141
138
252
94
232
120
215
47
155
247
204
210
224
94
81
204
198
104
216
14
12
215
157
81
187
37
251
140
88
120
64
72
72
228
146
157
56
72
219
230
72
126
149
102
117
219
196
63
116
200
25
38
72
26
242
56
74
243
32
228
247
133
126
37
23
124
53
155
210
10
153
250
155
48
159
183
10
210
230
85
44
187
24
106
82
53
44
170
141
52
256
117
94
189
19
15
72
196
22
228
62
51
141
197
159
28
183
181
102
159
69
228
215
96
160
62
8
197
62
159
149
133
165
219
225
8
82
72
210
35
243
64
165
64
174
161
165
166
56
38
216
187
54
76
173
185
235
128
104
82
128
161
255
196
231
246
94
255
53
85
103
181
117
23
118
57
218
37
12
256
222
210
118
133
19
82
174
196
78
118
57
255
255
10
122
73
210
104
160
118
82
181
216
204
123
99
44
255
222
120
55
148
255
156
19
118
157
3
127
210
159
180
118
10
62
185
122
210
145
50
18
246
234
71
115
97
168
112
55
139
238
130
48
228
88
53
66
118
115
8
145
161
180
81
82
154
43
210
243
67
139
173
216
125
189
189
125
108
156
