186
112
209
69
128
128
107
22
204
204
8
92
209
98
208
208
107
151
8
143
143
236
143
208
246
209
71
29
22
204
112
27
71
94
156
22
71
75
107
186
71
221
204
253
27
118
71
111
128
99
224
222
188
177
203
9
242
242
73
160
178
140
84
160
128
204
253
121
98
73
8
128
45
206
71
47
128
213
181
19
151
31
203
156
157
22
221
22
204
151
118
221
87
96
182
223
156
256
181
239
89
33
184
62
160
160
157
177
204
211
5
222
160
98
63
40
75
201
89
112
164
98
73
44
84
164
177
107
181
234
205
141
239
205
209
162
147
115
73
25
203
160
235
256
237
156
105
45
153
66
251
209
64
250
128
151
242
221
227
86
66
13
62
164
35
160
204
208
52
61
165
194
223
153
98
243
123
191
191
160
25
251
146
50
243
156
237
120
55
253
191
66
166
160
18
62
161
8
256
62
245
237
221
224
213
238
184
42
168
52
42
221
71
115
163
111
115
73
227
74
256
213
62
50
8
222
251
48
74
243
239
227
111
221
227
25
10
112
163
123
66
218
94
203
245
164
44
204
90
44
44
62
90
142
84
191
35
129
113
98
104
98
168
223
42
87
105
69
34
156
174
186
28
203
212
195
36
213
245
73
199
90
153
55
212
215
6
172
22
116
204
172
54
207
72
205
162
204
99
141
174
63
62
144
213
31
232
98
61
44
99
119
105
106
85
115
47
184
99
225
99
129
129
162
218
42
46
204
149
99
207
99
194
168
169
25
213
238
212
102
35
238
111
61
128
251
165
176
99
165
156
186
111
178
98
204
106
208
129
237
172
141
221
213
232
160
227
94
204
63
252
99
67
150
18
126
230
204
120
157
238
229
99
69
162
115
123
110
243
205
221
246
44
252
44
50
42
150
241
25
236
162
232
236
165
101
62
204
74
87
9
76
48
94
126
70
96
225
141
61
208
214
25
81
217
62
242
204
99
199
99
127
99
36
99
218
92
213
50
218
243
130
207
144
113
115
227
175
148
202
61
156
44
148
48
148
112
225
251
35
63
218
254
22
76
9
165
69
162
172
99
120
177
63
147
150
188
250
127
15
141
81
218
92
197
115
128
99
87
256
242
254
110
190
220
149
129
218
149
46
74
88
72
43
250
69
163
136
204
25
8
218
197
156
191
58
42
123
242
148
111
93
214
151
84
220
98
15
98
65
218
197
204
119
114
103
218
123
29
198
127
149
254
3
15
182
4
254
114
75
237
75
227
64
213
104
74
165
114
218
177
156
237
70
213
159
99
112
197
178
163
148
242
200
232
99
156
249
92
28
15
112
149
198
139
140
92
114
94
232
2
91
127
4
246
28
32
245
63
84
148
224
191
190
207
109
207
207
69
218
44
178
190
165
84
216
79
250
225
81
210
161
247
109
213
215
115
137
227
251
247
173
246
156
215
247
68
169
25
218
191
98
189
239
149
199
99
254
81
219
200
99
149
67
145
136
241
229
99
240
120
161
70
162
161
107
218
119
164
120
198
222
247
246
15
254
210
194
242
199
120
218
109
168
117
215
77
218
156
218
216
46
164
113
7
254
76
12
67
233
15
109
233
16
120
163
144
42
62
70
21
154
204
200
223
19
119
108
198
158
174
84
57
213
99
99
222
227
87
115
8
213
2
218
174
156
156
245
26
213
129
126
124
247
122
81
200
86
120
77
154
156
115
175
119
234
42
197
157
110
115
137
198
140
175
213
159
118
156
154
112
248
197
173
158
154
180
26
102
62
162
16
36
82
159
54
254
8
232
77
124
62
218
213
238
15
74
225
225
99
18
76
180
197
198
12
81
161
159
232
45
12
144
29
129
160
173
39
91
254
56
161
98
230
83
239
62
154
218
213
224
36
163
112
45
86
86
124
12
141
48
4
48
213
146
224
39
164
75
213
251
163
120
84
189
116
9
241
48
62
163
232
197
92
246
120
99
197
39
157
11
98
241
105
197
133
156
123
176
62
214
243
45
71
116
234
190
142
62
86
227
26
42
116
122
213
156
206
3
234
167
48
224
213
122
230
254
85
131
44
213
56
14
133
193
213
6
122
161
154
133
190
120
193
209
9
167
197
98
48
39
72
161
139
146
189
163
213
154
48
126
126
222
210
138
139
176
48
45
22
161
212
45
197
39
167
136
175
31
152
159
24
52
72
156
131
197
138
3
46
12
124
15
54
254
152
98
98
233
247
156
49
247
119
138
119
224
183
245
49
161
161
109
98
194
156
119
254
202
151
72
197
229
188
68
119
200
156
99
98
52
227
254
64
200
124
53
156
156
151
254
249
118
64
200
163
213
200
113
193
234
149
37
254
119
254
30
152
119
152
119
232
152
119
45
254
119
234
197
200
152
42
145
114
156
31
234
234
254
152
