70
36
80
231
126
231
7
183
83
126
176
231
49
140
35
33
183
172
83
126
126
251
222
212
17
89
242
73
80
140
146
64
151
138
5
143
66
25
80
123
256
183
1
51
2
58
34
51
183
187
80
147
42
144
147
2
88
18
194
256
73
59
67
75
138
194
136
182
33
103
55
182
121
33
66
242
51
169
64
142
217
42
65
14
95
92
84
66
34
176
187
40
22
203
219
212
66
89
16
108
190
144
153
87
147
51
66
243
181
126
169
87
65
137
33
141
221
18
238
42
42
31
138
51
64
240
81
236
243
223
158
209
166
166
108
28
147
94
146
141
67
172
66
176
203
231
18
169
149
121
229
88
5
144
102
221
170
88
147
90
58
138
190
243
90
144
22
88
144
138
131
121
81
176
119
46
50
237
256
205
38
51
64
186
211
2
35
39
203
185
203
146
182
256
27
231
89
236
25
201
167
221
98
22
150
46
245
59
146
11
205
11
111
143
229
147
80
153
243
164
35
96
221
141
256
135
190
89
138
73
213
194
81
59
168
221
33
89
47
4
222
15
205
144
237
67
131
40
126
126
138
230
73
135
228
144
88
252
36
221
33
256
88
121
181
5
73
162
29
166
222
165
237
13
31
90
91
135
184
31
87
25
256
66
166
138
125
222
203
205
65
40
176
8
39
65
62
222
181
64
169
220
16
256
223
81
80
222
180
144
246
60
115
203
88
241
186
244
212
249
153
252
222
88
114
35
244
146
10
202
108
195
114
142
95
92
190
212
8
210
29
35
49
203
250
236
83
164
8
170
55
78
25
73
170
80
59
213
222
221
31
222
9
81
84
31
181
25
64
203
223
236
96
169
93
205
11
169
113
165
12
241
8
227
169
121
105
144
113
104
29
186
24
75
36
244
222
22
144
126
74
121
100
129
25
240
59
252
194
240
162
222
243
39
117
205
91
236
70
105
176
210
250
194
13
15
25
232
153
34
47
88
52
135
130
65
130
21
244
25
203
242
174
147
94
88
35
240
203
21
33
184
203
244
187
196
244
176
253
169
13
195
180
42
52
141
32
195
204
176
104
187
7
53
212
203
35
186
190
174
33
208
206
9
236
129
33
25
244
179
88
90
65
162
42
196
52
99
245
147
199
7
109
109
109
26
249
145
146
59
61
166
64
166
186
31
73
32
164
5
49
230
8
222
5
240
113
221
138
194
89
89
42
59
121
31
250
108
205
179
211
194
67
166
235
212
110
203
150
233
179
168
208
65
105
93
205
233
116
164
190
32
208
203
110
172
13
40
136
135
69
49
60
121
241
128
209
253
73
88
29
108
182
229
138
242
136
88
203
69
216
240
61
61
99
97
62
35
124
40
59
203
108
211
223
32
235
158
64
240
60
117
191
209
198
67
228
223
168
147
178
138
248
135
115
2
169
25
221
123
196
52
11
176
47
80
69
84
104
215
146
67
81
121
195
15
222
179
29
64
22
88
65
69
89
34
108
11
212
73
223
73
199
52
221
130
247
242
109
31
158
74
78
219
144
76
103
80
227
130
104
27
164
83
169
62
205
147
180
223
233
146
121
103
8
256
62
244
94
121
210
24
237
154
52
115
31
75
135
219
7
136
207
169
244
166
44
237
140
184
181
34
146
10
202
164
243
14
186
238
174
210
86
256
35
221
256
83
25
203
209
197
170
221
236
34
109
249
179
73
235
41
75
103
103
203
207
88
27
190
186
10
91
113
154
190
42
154
252
5
256
16
242
166
169
237
5
80
162
91
9
116
52
84
183
217
203
205
73
230
256
179
25
36
253
136
170
102
214
170
176
202
114
237
75
142
85
88
98
153
164
184
203
91
52
249
88
221
52
196
73
17
54
199
29
256
184
73
24
121
174
138
33
75
215
164
176
31
252
190
138
223
35
145
88
196
78
74
186
29
210
139
39
91
196
179
256
157
41
45
245
170
74
169
64
176
10
184
64
91
180
170
139
31
135
104
73
29
73
215
73
107
8
93
174
169
84
252
169
97
34
42
164
154
199
249
10
213
104
162
194
88
218
184
115
42
166
190
28
65
252
91
11
169
23
196
87
104
179
169
136
170
25
25
122
180
145
104
184
231
8
197
72
202
138
182
203
73
65
201
213
182
14
253
55
170
65
73
210
146
87
55
121
170
73
124
80
164
203
99
146
166
3
140
30
242
65
52
144
88
162
41
7
9
138
52
236
252
121
22
186
94
228
244
77
73
60
164
13
213
94
249
89
92
42
169
249
88
211
72
179
98
146
169
50
203
64
180
203
201
223
64
96
11
44
66
176
250
240
64
201
15
108
61
42
124
136
179
249
64
207
256
25
230
29
223
179
91
230
248
70
186
186
242
76
138
91
179
104
228
203
157
8
157
190
240
53
50
232
180
138
75
115
30
101
240
45
35
84
42
35
146
24
139
121
179
52
139
146
186
160
184
210
130
176
174
145
236
73
116
90
80
241
207
210
9
203
180
142
166
178
210
244
182
32
256
180
17
15
138
189
128
61
88
105
164
140
29
35
13
15
166
213
47
66
210
147
128
73
222
8
164
134
89
101
62
190
240
23
138
102
103
64
147
169
132
11
80
166
256
231
115
72
67
77
135
236
183
89
180
236
184
100
117
18
210
186
137
238
221
223
186
124
232
256
162
201
203
170
210
104
34
64
91
205
203
73
190
139
146
52
201
8
186
256
116
134
169
253
170
99
114
248
136
142
64
235
63
154
169
203
15
169
179
108
202
61
230
65
146
144
166
256
73
180
31
35
146
199
67
252
256
252
191
81
61
179
110
153
235
252
112
249
235
45
190
146
75
135
29
31
202
138
246
35
169
30
117
53
195
220
203
88
193
164
117
253
240
10
226
252
96
30
38
223
170
146
89
180
8
170
252
238
61
145
116
210
125
52
150
170
213
135
6
14
116
108
70
59
59
256
26
62
202
18
50
94
221
210
115
138
35
44
210
9
7
124
228
62
21
35
139
213
238
221
45
211
170
101
61
116
35
133
44
115
52
139
102
230
256
83
83
249
223
100
120
157
179
77
11
34
214
199
186
179
253
108
64
210
235
52
219
41
144
101
124
29
139
190
184
33
52
42
203
117
32
179
15
140
166
104
102
112
186
187
11
240
7
221
147
83
150
122
52
87
35
253
91
256
256
219
89
50
186
213
77
35
138
65
169
210
101
252
256
198
62
32
120
130
134
201
11
194
136
246
120
240
240
170
135
164
235
140
33
96
9
120
117
31
213
196
135
16
186
164
240
236
107
19
203
112
145
11
179
15
239
240
35
77
164
169
169
35
256
29
11
213
223
42
235
255
219
87
230
99
63
164
117
117
236
204
205
170
186
210
82
94
199
122
201
116
100
145
195
77
53
221
107
252
99
71
169
10
198
145
45
74
194
135
237
184
159
102
242
154
223
169
94
35
89
94
69
151
219
91
10
256
85
249
88
26
157
116
23
240
7
89
31
47
34
179
137
196
19
10
187
61
31
199
238
174
11
120
77
132
64
88
35
235
83
102
151
256
256
236
113
73
161
197
193
244
114
64
202
94
147
17
83
9
83
223
19
194
94
115
48
47
83
102
44
145
115
241
169
124
138
25
120
102
133
79
42
215
69
66
88
129
121
5
213
255
87
89
235
133
151
41
94
19
79
88
61
216
256
136
25
193
88
210
91
238
216
181
65
160
79
198
203
35
67
197
69
129
87
205
117
222
10
194
146
256
255
151
255
237
138
252
169
239
163
42
255
95
69
136
157
243
61
244
79
219
64
179
221
176
35
141
42
256
83
139
244
139
64
88
170
96
35
33
174
201
72
11
5
145
39
190
39
53
236
161
83
174
41
240
5
169
166
53
82
244
32
190
253
122
77
253
163
133
53
201
221
34
197
115
237
64
53
62
51
164
253
39
122
222
247
10
96
18
204
163
44
150
80
166
35
247
91
69
62
224
51
69
247
91
198
213
148
132
108
199
138
35
222
202
138
193
148
174
53
193
230
27
199
19
74
186
168
53
122
237
170
181
182
182
19
39
203
49
75
148
202
108
230
133
93
193
10
82
115
108
213
120
252
240
240
81
83
150
70
138
109
124
44
39
255
148
204
202
168
163
11
216
170
99
124
228
29
99
199
72
207
163
120
191
104
