29
29
174
138
55
162
74
162
40
177
174
191
29
40
191
95
164
88
81
25
74
162
174
74
81
190
84
97
230
230
230
29
29
182
40
230
84
29
190
209
177
236
183
25
29
95
1
89
136
136
230
60
47
84
6
1
151
7
60
29
177
75
69
6
60
7
84
29
230
74
95
229
209
190
230
129
167
1
7
119
72
178
183
100
150
123
208
236
33
182
138
250
62
40
132
29
175
95
177
167
74
239
11
135
125
122
59
181
95
95
14
100
225
7
144
74
25
125
195
146
209
225
11
1
127
88
47
14
225
250
117
125
127
119
132
222
32
195
31
106
144
181
147
205
109
97
127
122
205
151
92
122
164
84
164
138
248
125
29
109
153
35
135
165
145
239
194
135
188
84
225
215
27
84
113
117
168
101
29
119
74
164
167
147
113
165
172
83
138
115
222
11
221
66
141
144
103
205
153
11
138
75
98
17
221
109
114
153
75
84
195
89
165
184
234
59
98
84
36
36
146
13
84
218
135
225
242
141
92
18
135
215
224
250
138
50
221
128
128
153
222
215
114
206
89
225
50
147
162
74
147
84
106
131
117
235
178
28
162
67
108
144
59
122
114
229
40
26
41
240
206
113
235
208
250
99
128
64
235
181
97
74
143
28
18
157
154
224
162
250
81
173
135
145
22
67
188
102
237
109
206
214
114
50
215
14
183
22
138
106
42
107
136
86
121
28
22
5
24
164
178
237
79
181
240
75
97
118
237
101
128
42
95
128
194
154
235
118
112
225
220
98
14
235
154
75
55
147
79
68
63
135
144
206
92
250
154
107
183
99
99
108
67
154
143
39
143
48
28
79
42
75
215
190
112
50
153
77
209
94
106
46
26
92
106
189
239
26
218
204
209
3
55
218
250
131
135
33
112
190
246
218
118
178
99
92
72
92
37
108
112
143
183
28
237
60
147
104
204
72
210
42
143
95
118
154
67
46
77
224
254
153
77
136
213
108
113
143
118
3
143
230
209
171
118
168
82
23
252
52
143
101
131
72
183
147
153
248
182
183
154
209
219
64
14
128
139
247
124
107
179
106
204
224
74
130
32
92
99
192
118
135
37
92
39
3
235
37
118
171
106
27
246
37
176
250
224
116
55
52
167
155
110
250
79
92
232
38
116
76
227
233
43
24
143
235
100
252
128
243
37
183
122
204
37
116
100
37
181
134
167
138
173
109
125
10
3
131
233
113
18
118
209
138
63
174
167
131
60
109
176
233
54
141
141
2
141
208
33
252
37
208
154
137
37
238
174
37
113
185
235
97
24
24
215
227
38
9
154
54
250
198
252
137
158
47
135
187
226
198
254
135
167
220
44
1
24
54
154
9
15
154
154
30
116
47
102
141
77
167
192
5
50
11
37
42
190
204
235
9
198
226
118
189
100
204
215
60
204
60
4
233
187
112
100
63
9
253
164
216
134
216
79
5
9
184
60
127
102
33
202
122
192
114
187
220
14
140
187
253
51
255
233
19
226
187
131
14
4
113
140
215
226
113
184
92
179
253
216
9
173
14
113
14
150
126
207
60
122
164
83
160
94
113
53
42
101
94
187
2
154
100
99
154
192
132
200
136
150
58
141
70
101
60
235
154
167
179
2
11
21
108
207
4
44
4
76
176
117
154
99
222
86
134
173
38
129
56
190
129
26
157
247
87
200
222
78
130
247
99
72
81
109
89
174
247
70
222
44
4
174
38
9
224
243
133
99
10
78
100
65
47
244
2
5
37
79
233
244
2
131
109
157
116
247
234
252
247
244
97
2
193
133
174
256
119
151
179
212
39
189
248
213
70
53
193
70
213
182
242
132
70
45
248
60
167
122
247
45
247
198
161
131
45
213
198
117
247
49
115
60
77
139
132
15
44
247
30
193
