146
59
59
162
110
7
80
39
110
110
59
33
143
3
229
208
25
208
76
80
135
33
35
3
187
205
76
204
143
208
110
40
32
79
3
79
80
26
105
135
64
120
168
90
111
59
24
105
24
10
118
10
105
151
126
26
105
111
96
208
172
212
195
6
212
105
23
90
66
10
151
220
105
64
143
76
143
90
111
180
111
66
10
64
79
92
143
181
171
177
64
149
90
5
68
201
6
201
111
28
92
220
188
220
22
5
129
229
250
102
47
87
238
105
64
189
120
74
143
5
111
226
110
69
135
241
181
74
64
81
66
181
105
129
26
145
22
113
172
123
201
201
177
205
181
67
216
106
100
62
192
206
154
225
151
120
90
113
111
138
129
220
44
114
100
238
236
113
192
154
88
60
212
94
155
44
96
149
136
28
104
64
129
12
222
129
112
99
220
5
44
103
136
229
145
111
9
201
248
12
123
107
44
92
194
183
102
47
100
128
22
204
183
181
147
79
139
186
38
11
40
201
163
82
150
12
47
129
94
64
171
129
34
109
154
75
112
8
147
154
41
75
138
142
114
64
30
123
190
94
68
100
96
247
131
204
177
201
220
3
201
199
149
235
66
127
143
114
129
100
103
88
97
13
102
114
199
100
181
149
201
104
42
114
219
49
112
74
183
103
8
222
100
28
163
154
12
8
239
226
69
178
245
82
13
154
12
154
147
13
41
220
173
147
178
42
235
147
114
189
127
127
244
183
246
135
77
221
90
183
235
5
163
129
100
68
226
135
23
29
149
147
147
28
189
169
226
147
178
147
41
245
8
73
211
74
21
65
194
96
43
112
209
245
78
147
42
226
174
193
69
184
129
211
175
43
194
175
122
133
209
222
28
64
147
154
33
33
193
102
215
238
156
141
154
1
25
122
22
235
122
8
71
22
117
63
139
28
27
59
114
145
43
147
225
12
193
22
43
12
226
63
111
71
120
147
124
156
126
216
190
85
115
181
240
172
184
178
211
28
226
15
42
209
43
154
247
120
39
83
147
171
218
127
220
43
215
219
128
178
235
221
207
62
39
8
245
175
22
22
245
30
100
68
53
122
204
52
128
127
13
250
102
98
104
147
178
162
176
204
53
116
1
125
84
4
219
219
154
112
100
42
154
184
145
8
63
156
92
53
124
85
211
148
1
63
245
211
207
112
248
76
43
12
224
226
223
189
82
8
172
188
162
178
105
212
192
61
133
154
223
17
15
178
114
154
85
57
19
147
94
192
12
133
242
122
189
241
160
4
112
43
69
178
120
224
30
67
22
212
248
246
132
188
82
156
156
226
53
122
172
97
222
53
212
109
123
13
43
53
212
112
83
28
212
212
184
127
43
13
61
246
98
61
62
21
207
26
226
82
133
43
235
4
193
53
22
79
154
105
154
237
221
237
154
98
227
122
96
76
62
61
62
212
8
198
156
172
194
62
196
112
12
154
66
126
227
111
212
7
12
113
227
109
72
154
62
12
49
83
43
46
210
13
139
247
194
181
163
182
239
163
95
44
200
217
12
84
255
24
102
124
17
28
44
150
244
12
235
253
36
182
113
112
200
76
141
163
141
53
113
196
135
148
56
184
169
44
39
98
61
124
253
217
89
125
12
38
248
182
39
84
139
242
13
122
188
53
198
112
34
118
8
212
81
146
78
156
109
129
204
16
145
86
131
184
189
137
53
171
109
2
134
207
190
242
246
112
27
118
81
151
47
127
227
20
102
207
227
182
133
151
74
207
120
122
86
242
42
126
176
17
227
12
182
118
43
247
74
148
14
210
122
117
227
134
156
242
188
96
82
202
10
4
61
74
109
141
117
252
156
156
10
221
198
246
156
156
101
242
226
132
255
69
43
3
207
190
241
163
50
66
227
47
151
151
152
156
96
156
34
113
210
72
210
61
171
81
117
135
240
238
152
158
96
78
38
155
226
90
156
89
18
25
216
47
117
32
255
163
122
156
53
155
200
198
89
144
74
142
169
156
154
242
91
152
156
117
216
219
113
139
96
122
158
41
134
247
219
156
170
83
42
188
254
33
220
156
5
156
42
213
188
242
180
154
248
155
66
79
5
186
255
4
43
170
20
181
156
247
252
232
226
148
176
189
164
4
211
156
133
148
210
232
4
35
42
156
210
117
91
156
202
230
156
153
156
247
119
19
188
202
156
72
