106
150
106
150
208
62
62
208
165
62
52
13
164
210
28
62
106
164
164
165
160
252
243
165
165
5
128
242
51
13
222
138
122
222
51
112
195
242
40
112
222
138
225
29
111
162
130
222
214
252
50
84
209
205
128
67
165
138
50
18
255
177
209
29
98
231
67
18
87
67
208
209
209
67
165
177
87
38
62
87
209
16
242
157
164
220
143
165
209
66
127
126
67
15
252
209
224
66
143
212
47
54
212
220
36
38
165
211
67
209
28
220
143
28
19
67
208
154
165
71
211
212
143
88
220
165
182
66
73
54
36
90
225
160
28
151
235
107
169
47
18
126
114
181
90
126
245
71
141
88
126
212
6
126
234
73
51
190
138
76
154
90
240
40
18
36
3
90
181
165
209
152
222
16
138
160
71
181
40
40
225
71
112
3
118
251
88
126
151
40
5
143
6
47
36
126
40
68
245
36
3
222
126
152
152
212
3
220
90
3
126
181
212
16
154
220
212
118
1
150
132
126
40
197
3
126
90
16
160
209
251
62
90
212
16
104
212
90
126
16
33
3
143
129
51
126
126
181
51
154
182
107
97
16
114
152
189
132
88
182
205
147
175
253
217
40
240
152
173
19
212
152
3
105
104
187
90
14
81
254
176
165
129
173
139
181
104
101
2
75
217
162
15
90
36
175
105
181
162
136
212
14
5
126
232
254
4
109
64
8
3
154
126
224
217
51
162
71
6
156
191
106
173
212
104
105
151
176
113
175
20
89
192
254
14
131
192
154
145
150
137
32
107
14
75
191
107
105
4
245
97
253
52
152
56
94
150
75
173
118
111
111
177
143
79
163
177
254
104
89
33
64
150
118
222
173
212
154
71
212
147
104
111
129
50
153
251
254
252
105
59
222
152
157
94
244
105
29
253
151
255
235
154
150
222
63
235
5
46
104
11
147
13
176
15
222
177
185
245
214
141
181
141
105
51
43
222
154
11
153
125
32
30
54
246
234
154
244
145
4
33
183
177
253
181
247
250
6
181
94
248
33
154
145
4
54
154
188
33
99
241
244
141
150
175
212
149
254
143
78
118
60
168
150
212
181
200
107
250
13
76
217
109
40
118
150
239
220
181
111
87
253
228
173
154
156
154
105
244
51
79
76
38
78
173
246
166
149
50
220
89
142
214
158
79
147
114
171
2
151
51
4
69
33
173
122
251
220
96
107
132
149
216
222
255
185
37
53
5
170
187
111
114
173
110
32
102
122
121
13
102
152
22
246
46
250
213
114
46
214
224
6
107
187
255
171
37
188
188
235
129
188
127
235
91
53
225
12
152
250
226
132
128
129
6
94
226
154
217
154
204
107
111
216
99
120
37
207
255
35
104
35
77
249
79
176
53
144
105
246
168
254
163
145
250
152
235
57
77
35
171
136
122
1
105
107
19
157
224
118
79
197
193
53
122
60
49
138
63
60
44
24
31
135
125
181
136
224
63
68
211
11
145
91
3
30
234
254
195
227
118
191
243
152
28
85
114
248
152
163
131
94
181
142
218
218
20
232
83
188
254
35
92
152
132
43
1
37
154
114
250
125
114
198
241
2
24
254
122
246
224
134
89
102
62
208
226
198
30
180
224
232
157
142
226
131
112
168
224
130
6
30
59
56
37
17
149
227
245
192
195
121
141
150
114
4
145
6
1
185
95
224
217
198
230
232
217
111
47
161
180
171
38
70
181
91
166
37
5
142
168
43
46
246
9
226
2
154
26
75
134
135
134
227
43
239
98
135
30
184
192
90
134
116
226
247
46
46
112
39
227
57
37
145
247
95
213
38
77
161
226
180
89
79
111
52
178
218
50
224
4
89
4
142
62
100
139
193
4
161
46
68
1
121
152
241
154
226
214
228
6
157
6
135
20
227
241
241
149
241
151
11
77
143
17
184
254
46
89
102
8
142
204
5
226
100
21
62
187
155
231
213
234
246
168
99
45
200
130
148
33
224
226
101
197
43
2
247
77
226
134
217
35
121
134
91
72
157
224
229
33
118
208
208
254
61
50
171
171
46
207
248
6
30
188
79
193
192
100
198
184
126
79
220
157
244
224
222
248
200
224
191
70
248
11
187
106
188
156
102
173
156
213
226
152
15
141
134
251
245
115
205
226
38
115
186
27
36
226
68
187
79
142
124
155
179
79
224
169
33
156
233
136
1
226
248
151
248
157
44
169
128
43
142
111
157
241
101
33
63
202
142
152
200
105
224
22
152
46
193
152
44
159
255
157
79
27
36
53
142
38
38
4
134
196
236
157
241
1
214
155
35
152
27
142
210
33
49
203
135
162
198
38
213
200
247
245
101
152
2
191
134
171
43
217
187
229
142
113
56
173
26
69
12
12
73
134
157
22
224
119
226
241
186
163
241
241
191
81
