2
109
14
51
109
51
14
95
71
90
90
151
156
151
212
96
212
95
208
212
219
219
156
57
212
208
138
107
212
107
6
226
142
109
94
212
208
226
57
90
244
14
2
44
98
44
226
138
181
66
111
129
208
192
38
109
94
142
206
212
9
134
2
6
156
5
66
134
9
107
162
145
38
206
142
248
95
2
200
2
248
206
114
2
177
14
160
235
89
79
230
2
208
235
250
90
95
69
2
126
92
48
5
126
171
145
90
76
143
5
98
5
228
47
126
4
241
121
149
105
38
162
131
132
5
115
211
90
229
2
126
245
109
92
206
126
160
214
98
128
142
132
30
84
95
98
75
44
99
134
92
217
211
192
147
114
105
44
148
6
238
90
160
46
132
213
12
121
192
91
97
211
132
70
181
217
19
5
245
145
96
136
132
197
206
206
6
90
197
91
19
109
91
132
68
97
145
181
250
44
17
126
226
10
44
79
226
211
37
123
128
65
44
128
132
137
207
90
136
19
14
171
16
126
61
26
109
92
209
197
17
211
213
105
245
12
143
114
115
245
6
5
105
207
66
165
213
61
214
6
5
128
28
181
186
83
220
216
57
132
6
171
75
224
188
160
147
168
211
93
217
207
216
136
174
93
68
105
70
120
44
52
182
5
120
151
174
83
25
91
120
91
211
105
171
246
120
44
245
126
115
120
131
123
181
22
197
226
256
181
174
84
220
189
118
54
216
199
168
2
130
198
35
174
136
101
216
44
126
6
46
174
131
9
181
255
102
15
168
4
136
217
183
211
174
216
106
91
180
174
212
102
181
123
140
168
244
136
206
131
198
155
252
245
114
54
216
216
244
128
83
132
203
28
44
46
216
46
120
16
57
114
217
217
206
121
172
132
137
2
195
19
92
171
156
30
231
246
197
136
174
92
145
57
136
11
237
108
46
217
6
197
46
10
91
205
207
178
216
136
241
211
11
142
21
2
205
132
9
92
137
102
44
83
10
224
131
6
201
75
212
183
181
136
182
197
58
181
131
217
201
129
197
216
226
43
175
34
247
53
203
95
223
25
212
44
217
122
8
110
88
11
28
246
58
122
132
131
212
102
46
11
131
114
140
114
226
6
174
250
226
47
250
68
241
131
96
95
84
246
14
190
13
43
114
154
226
95
105
102
131
2
122
46
131
66
153
131
231
94
9
13
122
69
54
105
102
43
92
211
74
141
223
94
114
172
118
131
188
246
220
122
136
212
21
212
183
212
241
247
235
224
30
102
184
193
66
2
242
226
97
131
149
190
235
28
14
94
136
2
129
95
57
77
132
207
206
187
149
172
182
95
24
66
22
76
85
43
109
197
227
137
199
149
130
172
114
2
74
114
110
226
70
224
47
131
17
171
198
76
4
10
78
131
189
190
126
94
102
172
95
197
132
114
179
254
255
183
142
174
66
209
172
114
92
83
32
2
251
5
249
45
22
245
83
183
11
122
235
122
206
132
207
154
4
155
179
109
66
246
220
238
178
126
179
235
226
187
9
142
123
183
149
243
249
147
232
196
238
63
129
45
131
69
18
109
198
187
81
172
51
11
128
83
13
180
220
30
177
129
129
13
90
241
56
96
227
24
198
197
185
24
193
190
211
11
212
206
190
14
137
40
175
183
66
231
199
64
149
79
238
110
64
122
216
94
152
5
189
26
183
13
216
168
206
64
235
246
229
197
219
189
187
129
49
153
13
228
26
61
185
102
229
229
26
8
197
120
149
64
256
118
64
251
190
149
163
154
56
91
47
193
8
222
213
141
14
193
52
220
228
78
241
130
24
38
192
54
92
175
144
87
69
116
24
220
88
94
6
171
235
189
216
123
180
217
123
181
153
145
238
61
102
6
116
67
220
117
218
210
234
145
94
132
219
37
11
109
174
224
69
246
174
19
185
105
11
246
46
238
96
171
158
49
219
14
56
38
193
56
154
119
46
78
188
167
96
69
79
102
229
3
171
69
24
14
187
227
187
41
233
24
19
69
254
197
6
193
38
58
