42
149
42
56
140
110
140
110
51
110
76
110
106
248
42
140
54
72
76
56
106
201
105
72
105
248
140
149
106
63
51
105
181
96
72
248
3
242
63
27
56
3
248
201
114
106
205
149
86
175
177
56
17
56
238
56
25
149
105
3
96
54
248
208
123
175
63
248
145
233
86
76
86
12
187
175
177
15
3
105
86
63
187
121
248
15
84
248
165
34
143
241
250
163
105
108
26
208
84
56
172
12
175
26
86
106
84
91
13
42
93
3
202
77
149
72
149
250
51
15
235
163
179
114
26
101
91
228
72
91
52
172
233
15
177
201
132
178
86
63
12
99
84
106
172
85
179
149
202
209
132
3
105
208
183
172
114
90
105
235
105
63
235
252
13
163
78
187
211
13
123
204
15
172
12
13
90
105
90
15
135
114
3
63
252
101
69
215
246
91
15
116
215
187
19
46
128
106
220
136
15
215
15
220
220
163
208
110
220
108
87
13
63
132
239
131
63
110
232
50
110
15
233
66
3
22
187
215
176
10
19
72
196
215
19
133
198
187
243
214
178
96
168
105
135
37
230
196
233
133
15
168
9
85
147
250
63
147
239
57
9
249
99
15
126
110
44
88
83
220
11
27
15
9
220
202
106
114
233
133
114
46
49
189
15
220
123
6
88
228
250
37
202
168
69
109
83
124
201
3
230
11
255
108
28
79
218
133
193
154
127
9
219
201
102
120
139
64
243
47
88
238
64
102
79
219
39
58
85
63
148
54
253
110
177
252
54
167
169
255
233
1
6
131
250
79
213
25
250
252
242
198
89
133
133
189
129
120
134
127
17
123
235
110
232
79
44
138
47
85
181
133
26
5
171
137
214
169
235
171
42
54
184
250
169
131
6
47
138
109
133
54
94
53
109
82
120
198
192
69
131
64
122
184
187
25
69
42
190
193
216
110
108
248
129
54
154
127
178
94
37
255
9
105
131
120
232
147
236
204
37
79
114
67
202
165
58
235
248
93
109
221
164
89
14
214
70
177
242
193
139
139
154
65
139
242
6
67
187
91
185
228
46
106
181
231
168
232
95
6
220
132
220
163
216
105
67
106
67
242
17
105
15
34
65
52
184
183
28
65
94
26
172
222
79
183
5
222
53
22
51
189
228
34
129
95
221
109
226
156
38
177
207
38
233
132
229
120
139
181
83
109
73
89
202
165
131
246
76
91
137
73
174
83
122
221
37
184
236
182
109
128
107
156
28
251
69
90
222
86
246
246
153
174
147
127
222
9
133
154
178
223
65
120
147
37
129
221
248
76
131
122
79
168
130
69
55
110
67
120
24
26
90
120
26
133
218
197
174
18
224
82
248
115
67
226
154
132
134
122
174
244
242
96
85
14
171
91
228
33
236
76
91
83
207
114
139
65
255
174
218
94
236
9
163
101
82
192
221
238
107
110
39
47
16
132
28
47
246
129
255
3
79
131
9
134
235
38
105
117
57
154
10
231
93
85
82
109
10
174
158
14
145
57
18
137
133
1
154
142
153
154
122
154
114
135
14
139
141
5
47
147
30
184
37
207
182
207
178
140
69
10
102
141
94
18
246
232
86
26
131
24
112
147
207
125
248
46
67
79
153
134
184
207
141
13
131
102
220
114
154
112
243
243
108
197
124
132
174
82
120
122
182
67
211
224
100
90
64
247
197
199
199
101
105
105
63
1
145
243
184
174
122
244
220
246
67
135
102
160
174
105
69
168
98
37
122
37
159
246
181
243
94
139
56
139
226
53
117
158
24
178
97
220
91
224
135
233
141
46
32
37
61
221
57
28
131
221
244
243
83
172
120
120
218
174
19
139
107
221
103
57
135
61
152
6
212
216
79
147
104
37
120
28
207
90
38
160
125
181
218
129
67
221
130
212
154
125
109
24
69
25
217
100
242
61
218
252
182
26
134
247
156
5
6
168
61
69
93
175
66
164
120
86
235
19
174
145
3
57
25
94
141
138
199
90
43
207
45
147
117
57
238
19
52
220
38
9
172
120
61
58
97
11
132
226
218
104
32
82
57
216
248
142
163
120
255
164
161
38
154
221
218
115
243
24
8
138
217
77
250
191
145
31
109
37
63
212
94
236
24
61
246
133
109
83
68
133
170
91
141
91
83
57
61
163
147
6
69
187
160
66
216
61
138
172
228
141
247
243
102
239
174
252
4
187
187
218
90
130
185
120
135
176
129
133
199
248
172
4
8
181
232
157
120
154
167
81
14
107
83
187
54
250
198
1
190
196
227
187
135
172
247
79
106
105
81
31
192
74
62
192
154
207
130
91
192
120
165
1
120
145
187
171
248
90
140
67
132
247
58
172
69
246
94
174
47
220
235
192
188
187
69
64
234
188
235
226
199
187
183
207
91
86
18
207
141
187
239
86
187
192
120
30
187
107
212
237
222
1
1
140
207
120
24
207
68
30
120
145
9
94
193
105
94
91
232
9
122
196
237
216
247
114
64
218
18
158
49
107
212
120
17
147
145
124
207
226
44
171
232
109
2
183
246
207
127
195
44
247
78
85
9
137
147
2
227
167
193
142
124
54
199
138
181
120
83
187
128
12
61
40
53
39
64
255
218
172
152
246
49
43
247
114
227
187
120
90
226
107
38
199
141
184
91
187
167
154
77
247
40
57
19
171
18
174
18
104
120
9
133
39
142
247
191
234
94
9
122
113
33
199
18
128
96
199
70
133
124
139
168
113
224
227
199
39
83
227
66
5
51
223
53
227
187
154
58
94
218
105
227
216
130
9
120
72
250
174
215
9
82
127
233
237
250
226
9
218
95
120
167
222
61
207
108
63
104
235
223
237
233
124
12
120
227
9
223
120
29
227
105
222
60
220
141
226
49
48
195
105
189
9
255
180
17
14
116
96
113
223
158
38
38
1
212
47
28
100
253
226
38
142
9
227
227
69
110
220
187
60
226
199
216
140
247
67
235
25
207
226
207
120
39
226
99
25
39
124
145
94
79
148
50
158
138
167
227
122
187
132
224
91
207
135
18
230
221
212
188
49
110
212
226
226
128
167
79
230
187
226
9
163
207
105
187
109
218
207
66
107
38
100
49
226
37
85
105
222
94
227
149
207
42
79
67
70
69
248
145
142
166
37
43
248
226
142
143
64
228
1
135
78
124
226
158
131
225
77
24
122
250
47
120
153
94
120
110
145
167
13
122
69
43
216
109
247
129
207
187
135
158
236
218
139
135
105
120
226
46
61
22
142
29
60
43
83
216
90
227
135
75
145
161
187
226
69
90
233
244
29
124
212
101
254
245
1
195
187
100
49
149
218
100
218
129
247
6
1
226
226
149
