36
160
36
160
98
79
98
36
160
165
67
138
36
160
98
160
160
98
160
182
165
98
160
36
181
182
36
98
160
231
113
160
98
79
160
243
98
234
243
98
154
244
160
194
160
36
84
98
18
160
98
182
166
122
21
21
36
18
47
188
165
205
102
143
194
166
154
147
21
25
143
69
222
170
186
231
199
98
160
186
7
160
55
151
194
146
165
185
231
220
98
256
256
199
166
98
138
160
256
186
166
224
98
7
75
231
141
84
143
143
55
146
165
181
160
141
136
165
160
80
165
186
160
170
223
231
162
98
208
191
98
162
146
80
42
117
98
121
227
98
26
160
118
227
98
115
138
97
98
150
26
160
186
141
135
243
231
160
84
36
98
105
109
97
160
112
141
121
7
254
212
98
143
98
160
51
112
222
130
84
231
26
212
84
143
141
98
11
250
181
244
21
116
84
56
146
171
177
150
17
231
172
80
138
65
98
231
143
112
98
160
141
181
84
42
98
128
256
231
231
160
139
80
84
243
160
250
51
141
181
79
128
99
105
181
234
29
129
160
194
202
252
160
153
172
237
238
186
138
222
160
128
153
169
69
88
253
99
238
139
200
244
74
162
123
203
165
98
75
153
99
29
25
174
105
243
25
230
160
256
127
202
9
123
8
179
194
74
221
141
128
202
186
87
128
194
254
24
239
240
172
212
165
143
38
228
55
170
105
135
146
98
54
75
160
94
254
66
199
231
84
206
87
61
228
201
144
52
67
135
153
70
123
181
254
224
200
203
75
242
3
79
231
174
84
141
122
166
174
84
194
203
9
229
202
146
84
47
58
162
227
230
184
94
169
221
50
238
254
181
158
14
84
139
165
223
223
222
78
17
16
208
239
69
242
114
228
86
29
74
160
86
86
178
174
89
230
157
157
136
74
88
170
16
157
32
160
249
94
27
225
17
234
84
143
88
202
249
32
230
228
223
207
204
74
200
5
212
72
162
178
36
86
133
197
80
209
77
35
200
86
84
249
201
248
174
97
188
223
199
87
98
81
200
165
77
203
139
32
17
75
98
225
99
136
256
177
198
56
249
183
163
208
150
86
194
188
88
174
56
146
169
200
14
133
151
122
86
12
84
162
129
66
112
52
150
234
159
231
200
88
164
184
200
52
244
46
122
253
234
157
88
252
239
152
157
165
59
144
250
249
249
88
33
174
178
162
197
84
56
86
244
149
14
146
152
80
56
33
200
157
217
56
150
63
194
141
52
250
36
97
178
152
194
175
256
195
254
66
254
175
143
252
124
27
157
96
234
251
143
108
157
228
203
80
234
160
72
113
49
178
254
107
189
150
127
184
147
199
124
52
236
74
25
215
208
254
225
250
178
88
59
123
160
63
252
114
160
243
31
111
89
150
81
191
185
234
98
159
249
77
177
56
136
29
143
157
150
23
217
150
117
157
84
186
176
255
242
190
219
65
212
176
45
66
66
175
86
165
140
43
63
23
186
249
249
176
136
228
84
84
254
66
234
33
86
243
98
123
91
200
230
254
81
32
254
17
200
157
64
18
15
235
181
256
176
152
58
215
212
93
210
88
234
176
226
9
107
90
47
205
217
99
84
77
176
84
84
33
56
32
230
219
165
56
23
234
105
215
152
159
215
233
157
185
94
25
229
39
81
149
82
22
107
90
235
53
84
215
207
249
91
252
143
34
163
82
254
212
24
67
254
210
230
67
157
176
65
80
8
45
81
33
207
210
215
49
45
56
250
93
32
143
32
75
182
252
75
223
174
195
107
228
88
82
228
140
174
98
195
52
31
203
194
12
229
215
249
215
175
12
174
81
230
256
92
215
215
172
82
242
183
84
249
230
32
143
79
25
202
224
232
94
199
182
120
217
172
120
91
52
205
152
162
143
52
72
216
176
95
218
40
247
12
230
215
143
191
45
230
118
143
232
247
90
66
204
132
16
233
50
227
254
91
206
85
71
160
200
157
116
177
57
224
175
233
151
151
109
119
56
30
143
188
11
19
255
139
233
139
88
191
72
61
151
151
50
90
210
49
109
77
239
214
199
45
72
59
56
199
229
193
191
215
133
133
29
175
73
234
156
84
36
53
82
175
184
29
190
210
244
177
202
243
253
71
29
206
151
118
160
166
254
229
99
50
254
209
194
21
23
208
118
71
185
62
95
235
25
115
107
72
140
62
136
61
118
133
224
232
204
213
89
21
203
185
92
49
115
167
77
84
143
37
200
188
77
115
170
45
21
199
202
200
119
53
92
186
31
167
256
234
200
115
157
131
139
142
217
67
188
232
224
188
247
117
224
