191
231
146
231
51
51
251
251
31
191
17
251
51
211
17
191
191
195
88
17
103
231
58
17
61
191
66
17
106
17
66
117
58
231
211
231
66
123
9
50
64
147
215
7
50
66
102
172
57
58
251
170
105
128
194
215
80
222
169
170
216
67
65
170
67
248
225
67
67
248
147
17
57
231
172
67
238
215
87
172
201
77
82
191
177
84
150
86
121
215
27
220
108
230
67
102
71
86
238
172
186
177
31
195
248
251
128
248
87
174
20
38
191
18
74
216
145
216
21
137
20
52
191
57
72
128
59
169
76
209
86
167
184
91
135
177
191
172
160
211
21
67
85
47
160
243
21
63
128
119
89
67
65
251
6
5
122
184
164
104
20
15
167
238
216
253
235
15
201
107
47
154
230
34
153
240
8
15
21
235
154
26
236
116
63
164
104
211
63
45
177
244
167
197
246
172
63
247
63
98
14
167
167
191
98
51
37
177
177
129
93
185
250
160
189
127
130
220
25
246
249
248
106
37
37
54
187
239
21
220
235
32
176
255
167
83
132
127
21
244
239
235
233
87
63
21
248
174
247
247
15
67
127
191
221
61
247
151
154
64
146
212
255
64
216
172
32
118
58
195
38
140
190
129
215
195
255
225
191
191
134
225
233
187
177
47
181
212
138
118
191
181
128
58
77
77
125
56
173
203
212
212
1
225
54
168
18
83
239
212
252
212
112
165
58
127
61
212
240
35
128
120
191
182
240
38
251
154
231
141
166
252
194
145
236
173
167
201
17
193
19
141
195
223
54
16
158
87
54
108
222
248
248
188
246
63
189
24
135
122
182
190
247
6
24
65
125
118
21
149
183
106
19
131
127
220
77
66
158
45
247
200
125
165
136
200
165
122
20
250
201
144
107
64
135
83
127
167
239
131
64
171
136
55
181
6
176
6
233
55
131
235
138
138
153
77
165
177
187
61
185
220
215
174
177
191
191
118
75
185
188
137
239
20
177
113
83
131
46
63
66
251
97
212
32
24
118
216
39
173
225
69
137
32
98
235
189
10
131
8
154
63
150
85
24
65
83
193
127
143
64
199
168
36
182
205
163
223
235
223
55
223
192
110
201
103
136
224
200
77
113
207
205
252
150
183
173
74
204
171
136
79
165
146
74
119
77
212
118
11
234
77
132
190
245
184
43
10
99
149
59
20
223
93
85
138
145
151
77
137
135
41
63
144
156
45
118
230
35
125
145
57
24
62
63
15
13
63
118
54
225
74
114
199
31
123
207
94
181
60
118
149
234
158
28
49
45
11
164
234
171
167
233
90
12
126
135
6
172
111
223
248
66
66
160
66
119
102
156
100
20
69
131
139
93
131
118
16
224
178
64
102
89
21
85
224
238
27
171
206
145
136
126
125
37
75
254
193
118
6
74
58
238
163
175
38
11
167
12
191
68
28
183
165
135
100
189
8
53
97
171
210
21
15
114
147
119
27
192
215
94
6
94
145
51
227
28
119
10
114
198
110
163
15
12
125
119
125
154
134
158
139
47
126
44
20
122
183
204
129
174
251
119
165
6
5
182
247
155
126
155
188
40
197
216
122
47
27
233
127
6
135
30
36
221
77
125
63
216
5
198
212
247
152
101
23
200
156
233
49
125
6
144
247
147
197
149
224
7
156
125
156
168
244
49
178
119
223
215
85
204
179
8
173
156
56
67
128
242
246
254
122
38
92
99
152
63
15
164
119
152
191
248
45
169
44
138
191
197
115
67
241
77
147
12
8
212
254
60
171
20
51
171
79
234
132
230
122
66
74
135
218
200
125
224
155
24
6
193
125
15
197
148
132
74
204
122
46
232
144
138
6
122
119
5
254
67
79
21
46
245
47
254
118
68
229
165
74
63
191
158
168
147
133
247
144
156
4
100
6
229
112
6
234
49
148
36
72
138
36
191
135
60
213
254
233
168
156
193
119
233
37
150
135
60
137
90
47
79
133
152
233
119
241
143
226
72
124
24
58
197
127
119
234
184
245
247
69
45
8
45
152
37
216
171
152
38
234
119
119
74
156
144
36
241
218
227
210
24
104
56
148
53
233
138
171
163
227
47
238
148
33
30
32
14
133
246
171
152
226
254
142
234
101
68
86
19
49
125
119
152
191
246
37
152
161
152
224
247
178
234
71
46
104
197
56
236
134
135
200
245
49
26
125
214
156
126
141
122
224
89
152
233
140
241
125
99
234
152
254
98
6
217
152
247
161
154
229
246
119
254
149
216
46
188
185
48
150
86
68
207
58
236
198
83
125
168
152
2
15
2
48
254
149
73
48
250
126
191
109
58
254
149
191
26
234
254
47
224
139
189
227
152
216
254
91
125
132
47
23
152
197
103
135
242
114
234
45
212
50
125
57
191
122
77
24
24
224
45
26
52
152
152
188
188
20
152
119
6
125
6
56
207
134
255
142
58
229
252
18
238
234
187
119
45
125
234
152
119
119
113
8
227
185
191
148
234
159
125
246
86
167
68
234
245
191
173
100
59
83
21
156
119
63
191
1
92
218
135
90
197
187
246
195
142
205
37
197
205
207
200
200
68
168
191
125
104
24
156
135
46
12
156
246
58
234
218
234
33
156
241
199
179
189
254
191
148
193
52
135
119
191
63
110
28
171
36
103
119
48
152
171
187
152
200
236
119
155
19
171
133
119
167
119
252
28
125
246
17
173
152
6
234
246
197
148
38
188
207
234
59
20
200
29
20
200
133
191
113
188
68
200
241
191
234
187
99
75
108
188
200
254
1
231
242
119
119
156
47
234
135
119
141
152
68
26
246
135
163
35
14
73
168
171
125
152
68
119
45
179
152
191
156
4
119
246
107
72
191
119
254
234
148
119
191
191
212
70
152
152
152
116
125
12
69
173
36
200
189
152
152
20
191
119
133
93
198
47
24
254
119
119
191
49
116
130
179
46
58
200
30
152
152
173
152
203
20
232
23
195
4
92
119
191
68
156
104
124
206
142
200
234
192
135
171
234
188
156
152
200
234
227
191
198
246
171
185
200
244
191
100
200
185
241
12
191
36
218
133
224
152
119
234
152
234
148
38
152
191
133
224
113
171
234
20
4
45
130
152
2
187
119
234
156
156
152
100
93
246
119
68
187
167
234
119
234
234
167
20
60
246
234
139
141
119
156
191
86
191
185
202
20
224
200
20
191
244
202
167
152
79
188
152
191
232
191
244
159
191
152
63
