253
14
223
108
98
153
14
153
108
108
251
98
65
8
31
98
90
59
74
150
47
143
65
150
136
108
98
87
84
140
160
31
75
62
121
98
98
231
150
251
136
177
18
32
138
98
242
164
108
229
236
220
47
39
62
34
138
62
145
143
98
62
84
162
140
29
140
96
186
251
223
140
84
98
138
251
236
251
236
182
12
54
177
140
221
138
105
74
146
87
73
239
108
145
74
18
138
179
81
177
12
114
237
98
87
165
96
138
98
225
153
69
165
31
165
113
84
193
62
220
222
182
50
165
179
140
62
191
200
66
74
104
244
109
109
54
162
104
181
121
18
184
7
62
225
225
184
13
13
98
115
239
221
128
74
109
3
153
219
164
236
14
146
253
110
79
177
29
236
54
153
12
204
213
249
63
249
208
96
153
7
253
35
104
177
144
62
252
143
138
236
140
189
151
217
208
62
178
109
23
142
215
222
25
64
26
66
74
208
206
215
254
78
64
50
115
200
112
153
140
87
50
253
125
74
89
177
204
230
144
26
63
136
49
129
143
136
151
221
225
165
220
225
251
51
29
54
198
84
78
11
225
63
127
249
187
90
151
149
186
178
90
145
144
89
218
59
54
178
26
26
79
215
72
62
90
232
66
208
89
74
176
62
170
129
160
180
187
90
72
204
56
105
191
244
146
26
207
11
98
89
232
129
251
64
62
83
8
140
18
36
145
138
209
62
218
18
103
7
140
145
54
55
183
62
209
242
25
177
144
204
55
186
254
140
129
151
38
62
221
79
230
230
116
157
127
18
183
117
221
195
251
180
56
38
195
212
76
151
151
18
18
251
59
22
98
48
116
220
79
64
62
143
15
23
11
127
151
11
227
204
202
122
153
220
15
180
153
160
190
251
105
143
162
170
48
52
205
74
240
198
57
189
87
189
72
209
144
23
38
89
220
23
153
20
112
62
23
38
110
90
23
57
221
95
51
165
52
149
150
140
69
220
237
110
53
140
122
69
127
220
220
38
15
129
208
240
191
239
84
106
23
23
140
222
44
50
72
94
116
242
153
69
242
251
94
221
191
231
22
34
89
84
15
243
72
81
7
12
38
140
35
67
52
140
153
10
237
195
155
202
208
27
41
225
165
122
140
62
111
254
23
71
155
143
19
84
98
113
244
81
151
209
214
23
7
253
51
214
204
186
232
204
127
50
220
72
74
29
214
133
252
198
170
94
42
215
10
29
54
181
208
71
175
203
152
138
131
194
202
171
251
151
163
153
99
212
89
98
200
30
94
153
73
42
74
209
64
84
239
116
55
231
241
215
214
141
50
204
72
31
116
153
161
197
251
148
219
62
215
109
74
54
174
175
89
238
71
251
204
62
96
170
92
221
50
155
215
42
72
23
124
50
86
27
167
212
15
123
19
242
71
50
51
112
71
218
157
84
205
76
230
112
10
223
98
64
71
188
4
118
127
127
45
135
157
75
218
81
72
62
116
221
72
155
118
87
132
156
99
72
23
218
130
118
62
153
3
116
250
42
93
111
85
151
213
70
47
184
188
180
217
221
12
178
197
23
78
178
72
74
4
200
230
174
148
218
177
74
140
96
12
190
98
99
67
72
62
117
132
72
212
150
120
102
162
73
255
165
73
136
75
188
39
117
172
41
72
34
212
112
175
11
216
237
150
62
23
137
11
162
23
197
112
23
118
96
197
204
133
78
55
177
128
213
163
51
12
118
99
214
178
148
243
217
72
79
53
152
186
225
188
56
78
189
29
212
230
143
11
79
141
158
72
188
225
45
215
72
151
50
174
214
115
192
253
170
53
73
174
246
197
225
84
4
72
146
150
224
240
53
11
180
197
192
2
214
163
26
52
209
215
43
163
89
48
160
89
246
143
89
72
182
72
150
246
151
230
72
43
63
55
254
77
101
220
27
174
230
197
197
77
52
22
13
39
204
204
157
246
152
120
106
223
200
215
132
163
83
89
26
66
243
193
192
89
17
98
147
23
162
152
125
197
70
98
72
239
13
215
70
150
89
173
73
122
203
237
232
72
98
246
163
133
188
26
31
84
153
176
207
95
129
31
150
214
195
251
202
208
25
207
33
246
224
246
204
224
246
70
137
151
33
84
148
4
160
11
214
72
161
215
224
162
101
162
82
77
218
91
34
170
195
1
153
87
47
23
23
196
242
196
254
52
174
67
246
151
159
89
98
11
70
150
133
172
192
254
52
139
177
70
72
33
242
98
101
159
11
174
10
70
225
116
156
153
252
134
224
162
23
215
11
55
94
230
35
237
218
31
162
249
115
169
170
23
209
106
56
11
2
4
69
256
242
157
70
62
89
137
252
195
74
72
94
84
242
176
52
49
170
84
84
5
237
142
83
192
35
4
154
71
13
88
31
189
160
140
170
104
203
192
187
214
221
82
157
86
115
72
246
51
11
102
15
31
196
91
130
151
31
27
120
157
57
56
16
25
62
146
72
192
52
213
2
196
163
70
29
256
77
20
184
52
116
230
98
178
156
240
72
157
148
205
98
99
256
62
13
120
230
55
73
204
192
53
11
176
137
158
104
88
137
214
202
64
159
30
238
33
23
137
215
170
124
33
14
164
52
146
39
137
64
23
114
32
133
39
157
240
201
96
127
84
252
135
68
164
196
81
25
253
65
13
133
197
73
74
23
242
95
239
14
162
102
10
11
72
133
52
72
22
131
13
159
14
119
232
178
84
139
74
72
134
102
242
168
69
97
168
34
157
50
56
84
78
54
137
219
252
158
74
25
242
32
32
70
82
153
32
53
252
153
161
202
11
32
29
70
192
214
228
53
192
153
139
161
242
77
253
157
252
203
242
137
178
82
192
193
52
53
14
23
133
252
146
86
148
12
133
158
117
35
201
31
213
252
249
238
107
64
35
194
137
135
25
5
23
175
192
134
242
79
11
162
178
93
86
192
228
35
34
17
4
252
117
72
16
116
228
133
74
253
14
252
73
29
159
64
74
84
13
31
137
32
176
196
253
78
52
52
256
133
103
173
207
140
23
139
230
2
202
237
228
13
82
72
230
117
186
43
124
190
84
31
101
238
197
79
2
170
133
16
23
228
38
219
230
70
161
137
164
228
133
221
73
187
73
14
53
104
249
10
196
242
3
150
204
207
64
64
150
163
81
192
23
178
253
76
249
196
207
228
133
196
180
73
186
242
57
84
39
242
35
72
133
133
134
61
196
31
212
230
196
196
10
35
117
71
202
73
238
170
253
72
213
45
133
206
133
64
170
190
115
102
230
10
196
34
147
140
27
163
82
137
23
238
133
52
210
10
71
35
32
148
201
124
210
16
25
216
215
133
196
134
196
137
251
173
9
242
13
16
117
86
236
153
107
27
218
88
199
62
88
214
31
196
91
230
214
252
178
88
119
35
110
53
192
249
188
114
168
166
249
228
86
88
133
232
115
196
9
228
117
133
52
186
215
253
115
255
133
57
207
55
60
249
242
226
35
249
20
64
173
133
57
133
91
162
137
173
82
125
27
236
133
184
112
197
194
52
35
48
161
221
10
158
253
34
256
42
120
148
226
82
139
87
163
55
25
230
72
201
37
102
133
79
240
50
253
36
133
197
169
34
237
29
70
178
30
192
8
163
170
32
207
196
187
16
56
124
42
256
79
52
133
207
108
42
34
190
120
39
133
39
220
139
201
196
76
77
101
139
234
187
10
86
55
14
26
120
234
42
184
25
82
161
41
57
197
256
255
255
161
124
9
252
230
223
86
202
107
157
115
249
83
202
133
139
52
88
186
35
232
157
45
60
134
72
