47
147
204
74
147
109
204
151
62
114
114
110
208
222
204
98
98
110
62
87
98
98
65
208
28
83
177
106
87
51
208
177
129
65
114
129
200
177
212
98
94
62
208
209
87
98
106
110
79
106
79
187
54
106
114
54
79
98
129
200
143
143
204
79
83
216
17
183
168
177
183
143
182
87
176
209
148
106
147
54
31
183
208
98
90
177
204
118
22
182
143
204
98
129
168
106
143
22
126
208
90
106
156
90
22
114
184
127
54
243
209
37
208
126
208
70
189
90
83
200
126
181
182
216
206
206
206
177
118
211
12
189
171
22
208
207
209
118
206
243
156
208
206
92
90
90
232
37
189
37
90
156
200
206
243
187
37
56
138
78
126
12
245
3
126
182
171
123
123
90
204
177
207
3
209
90
37
251
187
64
16
206
147
138
125
225
54
9
251
123
118
127
56
17
118
56
66
3
22
64
127
163
225
225
12
225
125
239
110
149
177
185
22
239
239
198
141
47
222
163
171
118
63
29
63
185
183
125
208
22
63
243
163
198
98
69
243
177
140
181
225
22
54
240
86
224
125
225
217
109
90
47
29
217
148
90
171
216
240
78
30
90
132
243
243
243
38
193
65
224
74
224
142
122
39
142
26
239
182
26
141
128
130
18
90
79
237
189
205
29
20
96
20
220
224
90
197
75
21
7
29
103
218
29
4
76
65
49
150
218
175
78
138
121
224
29
29
37
107
45
168
131
33
68
225
150
173
168
20
107
109
20
20
29
4
33
249
180
234
68
88
68
244
125
68
96
6
230
159
198
185
125
107
205
107
11
90
191
246
5
230
120
186
4
40
33
91
86
234
33
60
131
139
107
88
29
180
254
80
118
60
31
180
242
61
246
68
134
91
119
241
232
20
107
158
4
81
125
