186
166
186
7
7
50
113
7
88
166
162
143
83
143
96
7
162
143
16
76
253
239
91
251
110
204
242
160
190
81
174
251
208
219
175
81
238
127
204
75
143
199
62
250
251
112
7
172
16
123
75
62
145
17
143
123
19
205
175
19
164
191
229
175
243
230
242
46
54
48
48
91
18
244
54
149
113
243
74
7
74
6
164
129
129
17
123
74
178
218
62
202
251
243
86
225
108
54
54
48
251
165
244
165
218
161
60
113
8
165
239
165
165
50
190
111
149
36
97
225
197
159
160
251
225
129
107
54
234
84
51
147
175
143
177
238
149
175
74
97
93
57
22
10
74
242
143
177
242
62
51
147
243
106
18
242
6
148
177
126
249
242
202
244
36
16
251
147
81
255
51
147
202
138
242
123
16
62
74
74
123
128
177
234
54
82
113
126
22
147
255
75
178
74
146
74
54
189
177
12
98
73
98
56
76
225
54
208
51
57
157
140
62
48
24
140
194
242
66
175
251
97
16
93
62
147
62
244
8
192
82
155
90
8
51
242
126
208
36
143
71
8
149
208
12
175
18
177
128
243
231
75
161
225
12
74
131
251
81
81
189
175
222
45
251
255
178
177
16
165
178
160
71
207
82
159
82
163
208
71
56
82
69
107
177
190
140
203
51
123
82
208
6
145
71
54
221
12
168
15
177
18
20
160
122
151
84
194
113
108
50
177
253
81
177
147
153
175
8
199
242
129
76
12
16
254
48
248
216
50
208
225
160
203
178
165
155
251
63
225
62
74
67
74
54
254
165
123
147
202
184
242
143
177
162
113
238
62
64
157
71
160
148
251
222
111
209
98
82
82
192
239
16
242
189
177
114
98
45
36
200
51
79
76
51
51
161
251
126
76
253
59
98
253
12
98
239
145
225
12
127
107
161
84
18
54
31
162
204
143
160
126
38
144
45
32
127
76
114
244
172
221
153
62
67
161
44
153
74
8
45
22
151
82
64
165
18
215
189
98
129
202
74
149
153
204
82
204
82
153
4
31
162
149
86
45
84
153
51
213
211
215
211
84
74
253
108
162
127
71
242
149
172
51
111
71
45
86
253
51
161
199
206
128
48
95
208
82
200
204
155
74
74
204
32
162
219
29
54
129
190
209
102
196
165
77
102
50
208
238
86
172
155
88
147
199
82
149
151
202
56
41
74
225
220
54
54
50
81
155
209
76
162
71
7
45
225
57
77
148
254
239
192
45
149
160
130
98
74
54
163
204
151
45
76
251
155
73
8
213
54
246
251
110
211
127
107
134
160
243
149
45
181
26
208
217
18
228
155
208
200
45
205
239
125
213
86
177
186
54
125
196
214
29
211
36
219
98
213
159
209
160
102
44
151
19
211
125
209
225
130
134
214
74
155
147
125
62
155
186
39
36
50
25
239
225
77
220
215
151
86
170
161
194
73
254
210
36
4
104
84
206
140
134
155
232
229
56
92
139
157
236
125
194
251
26
237
92
225
239
209
153
115
208
106
194
239
54
155
17
72
153
155
4
98
161
123
174
212
178
209
12
17
41
242
4
124
39
148
81
214
196
141
85
227
45
45
53
224
85
155
148
130
21
159
84
197
200
12
72
18
200
206
148
18
125
23
165
71
155
45
20
176
140
223
18
220
214
129
254
209
41
203
163
254
139
72
165
99
247
72
133
57
161
98
141
44
202
234
177
155
133
117
218
17
197
66
45
113
20
189
203
162
20
229
202
242
218
82
196
12
12
232
82
72
178
202
159
213
163
254
97
56
50
89
125
234
215
20
213
12
243
42
62
20
197
202
218
86
44
123
28
208
72
45
86
72
112
15
85
7
133
202
193
176
148
214
213
92
50
161
225
218
163
107
215
220
254
20
224
197
4
71
99
133
152
213
45
159
48
215
155
44
148
218
213
254
115
53
129
234
133
254
15
26
247
207
44
209
149
152
161
152
57
25
148
82
214
72
4
133
20
99
148
160
128
125
254
148
164
254
160
133
107
213
155
200
81
148
203
218
218
204
39
45
173
218
140
239
34
178
72
200
218
148
148
98
48
44
147
218
148
21
148
200
255
115
149
71
140
207
125
234
254
148
234
42
85
71
137
218
247
50
44
15
62
56
43
213
9
200
155
148
215
200
173
232
204
254
218
27
74
99
97
254
45
51
163
99
155
155
161
209
218
155
176
212
78
148
163
254
163
72
141
205
218
148
85
215
169
148
163
247
198
85
224
207
120
188
110
34
142
169
254
94
98
99
204
197
34
86
214
161
218
4
12
12
117
240
232
44
85
218
163
153
163
67
200
85
207
153
148
252
200
72
45
133
79
72
200
148
200
148
148
74
162
45
12
207
2
85
120
155
99
48
148
9
237
200
224
72
170
254
192
230
163
247
199
166
56
217
9
214
200
148
56
112
198
197
86
232
203
91
25
196
169
120
99
3
56
254
12
48
254
254
134
211
201
240
239
148
124
37
163
218
254
120
148
157
197
44
218
120
120
200
199
48
82
254
89
69
119
39
48
175
218
199
170
133
85
96
115
48
163
156
218
85
91
48
69
115
48
213
204
186
84
228
73
77
71
86
163
21
65
163
120
48
80
57
64
163
188
67
133
117
188
161
234
161
12
9
44
185
199
218
234
148
69
99
197
200
113
254
163
32
133
48
216
85
10
203
197
163
79
72
133
117
48
117
120
44
125
101
248
253
186
150
156
10
133
45
232
124
200
159
198
48
236
43
69
207
120
230
117
44
163
200
48
166
186
148
93
234
163
69
42
155
45
91
215
45
210
236
207
174
108
204
193
48
256
228
48
42
69
31
240
163
254
163
186
53
111
48
69
23
81
48
107
35
218
48
10
35
44
200
200
133
133
242
44
232
48
169
69
197
