203
4
203
244
240
77
7
4
170
194
143
27
143
50
7
143
59
143
143
143
143
73
151
50
7
151
208
92
151
92
143
177
143
239
202
143
140
240
67
143
190
177
21
128
231
140
239
239
21
239
140
239
143
87
194
121
111
92
40
89
143
84
75
212
75
67
84
84
239
75
106
187
128
89
231
71
253
244
136
114
229
31
239
234
243
71
231
14
165
84
106
165
181
242
225
71
40
235
71
225
208
188
145
3
95
136
229
229
66
40
45
18
181
66
18
128
239
71
151
20
59
71
160
243
67
165
96
235
151
71
125
225
209
5
251
231
147
165
202
165
88
18
225
209
234
51
234
184
242
181
209
251
3
71
243
242
18
151
31
209
183
16
209
209
75
209
66
62
92
16
231
34
18
225
235
243
190
165
114
248
14
123
165
28
225
165
151
123
16
138
54
28
209
65
151
75
18
234
66
209
165
165
14
144
71
225
28
16
171
154
235
28
175
18
239
83
235
229
209
125
239
208
28
209
177
225
177
251
82
239
209
208
34
175
125
209
166
28
81
84
225
209
239
44
158
239
113
76
123
62
209
149
90
209
225
18
239
89
27
229
153
170
14
175
165
75
35
118
102
12
28
20
225
48
201
67
114
12
118
2
243
175
209
185
253
2
3
62
175
184
189
225
242
237
185
243
165
184
209
235
28
90
16
198
243
81
62
239
143
56
182
105
243
76
109
125
228
62
243
12
14
242
118
48
161
151
237
243
206
194
218
185
249
126
14
235
44
67
62
2
236
239
12
109
234
127
239
149
189
235
239
215
225
207
84
114
30
141
18
40
239
196
165
171
172
61
62
71
67
200
185
140
87
209
62
44
225
253
108
217
166
224
242
76
18
225
53
168
184
94
211
127
90
196
160
102
28
98
230
88
41
95
172
238
178
105
98
191
40
72
123
78
189
82
234
217
154
155
200
54
243
12
245
136
181
238
64
184
225
190
8
177
75
228
209
225
107
166
53
184
200
12
209
115
35
109
134
108
140
54
235
184
88
239
148
217
90
16
25
185
35
254
245
28
40
77
251
165
239
178
76
224
119
155
220
41
10
236
136
56
40
209
90
185
44
9
256
248
201
225
95
32
148
194
41
213
35
149
50
109
242
245
227
114
131
119
2
151
220
217
236
25
212
219
225
20
248
114
10
216
254
88
119
111
30
131
43
192
169
13
184
212
94
71
96
233
149
15
90
93
10
71
35
209
168
140
174
148
130
170
149
27
87
252
124
76
171
40
186
195
207
125
145
10
171
121
254
20
149
220
237
99
243
186
238
105
208
195
26
254
169
246
178
114
4
146
196
5
82
215
239
124
26
64
222
54
9
68
39
99
238
243
165
159
254
118
106
137
88
146
82
77
219
189
184
209
52
240
26
238
194
124
200
57
144
212
34
189
220
107
137
64
75
234
246
67
235
246
184
41
107
235
245
19
195
99
83
38
193
225
186
207
135
64
23
31
235
220
191
121
41
7
26
238
169
189
52
15
102
69
235
101
33
32
238
204
44
148
133
51
218
5
121
23
179
5
54
54
187
77
186
83
153
6
153
229
111
227
77
248
32
217
107
235
62
192
85
9
220
118
253
208
64
170
107
235
26
230
54
102
9
250
235
163
103
19
22
99
71
249
235
121
165
237
32
88
35
246
241
115
206
118
171
250
204
201
236
39
134
20
229
235
26
102
106
251
53
116
99
199
35
10
146
86
176
20
240
44
187
82
57
64
26
8
218
200
114
24
7
177
77
111
50
192
183
34
147
124
85
3
191
225
145
48
99
104
34
197
103
165
235
110
140
236
11
15
98
19
76
23
189
20
93
235
21
76
244
68
140
192
34
201
35
9
224
235
82
201
211
135
204
239
201
98
81
44
185
27
160
186
108
16
174
149
81
190
186
121
27
246
93
20
116
197
240
221
190
50
38
190
141
186
91
10
239
180
190
219
10
64
197
83
9
221
38
251
224
94
9
144
125
194
237
254
69
103
221
54
114
90
103
217
216
223
116
170
111
57
242
222
195
20
190
238
205
110
191
254
226
118
194
153
238
99
253
88
219
189
24
31
140
85
67
20
94
220
25
134
201
124
98
76
103
118
236
254
88
176
163
252
175
170
149
145
226
201
109
18
85
175
189
190
190
169
207
170
69
12
96
118
76
200
44
220
240
254
10
207
253
64
9
237
108
134
84
26
65
25
226
219
94
30
52
5
231
163
32
210
242
148
73
76
158
115
66
224
42
63
134
105
76
201
34
192
95
196
12
138
68
169
105
134
20
62
190
20
242
170
190
32
224
201
99
84
159
237
237
12
78
125
110
189
219
248
256
149
149
235
245
76
94
237
242
62
20
143
125
248
10
34
116
186
231
70
35
203
252
189
252
37
170
9
14
216
188
230
20
149
10
230
64
64
20
12
84
79
66
75
117
71
189
222
201
88
131
60
85
186
17
140
228
131
254
228
189
86
203
144
251
188
206
87
170
236
35
187
242
134
244
35
238
69
190
105
35
192
190
62
237
4
248
117
132
12
132
169
85
94
76
252
108
20
201
42
203
17
221
212
256
229
88
13
115
221
104
20
160
256
94
35
18
232
79
203
242
219
111
86
149
73
192
240
26
246
254
96
146
56
169
225
35
29
162
179
151
164
236
12
13
35
109
12
146
216
99
160
190
35
187
190
110
229
76
169
189
4
124
10
18
19
219
14
254
77
254
64
57
5
61
99
157
170
125
251
10
124
182
102
64
5
85
189
230
237
63
203
201
27
216
18
134
196
184
103
69
201
250
192
242
114
236
196
125
192
101
64
252
86
139
165
134
42
203
212
9
55
248
41
1
61
256
219
47
88
96
10
73
254
237
4
61
53
25
86
85
35
20
47
103
256
254
256
19
35
225
201
12
73
228
10
240
170
201
253
201
25
221
189
160
42
42
228
10
256
240
132
219
249
95
132
24
240
53
250
184
76
153
192
248
73
103
171
209
242
165
238
57
161
256
134
88
192
61
73
235
104
35
44
188
186
192
232
225
203
190
199
117
9
125
189
47
238
48
185
253
163
13
43
238
1
69
221
42
249
139
64
158
115
203
12
45
254
201
191
77
226
190
192
242
228
96
85
14
88
118
178
203
246
251
86
237
61
145
169
240
102
77
234
196
203
4
104
229
12
210
82
35
170
35
10
196
149
232
130
240
196
53
230
20
102
223
137
20
88
20
4
187
190
230
238
112
39
13
201
22
240
201
185
256
229
73
161
242
105
33
254
192
230
20
120
38
105
25
160
93
145
256
240
165
47
149
56
189
158
248
56
207
139
176
148
224
132
8
224
256
73
158
71
111
201
133
144
214
93
195
214
201
88
9
64
66
228
198
109
124
163
169
176
176
176
110
225
10
203
170
20
256
228
124
188
137
189
16
228
40
237
254
189
108
113
35
123
64
196
34
117
241
141
223
256
8
215
102
91
192
10
248
256
25
161
82
188
237
244
228
144
190
237
20
236
190
244
110
189
201
20
176
71
124
103
203
27
242
53
192
203
189
151
237
159
228
201
12
20
130
27
230
141
20
110
229
249
124
238
178
252
219
4
141
108
190
251
89
81
198
196
176
131
117
157
57
228
146
15
238
203
133
8
115
121
223
161
76
219
117
236
193
39
89
163
240
196
72
254
163
110
239
31
219
133
200
185
20
35
229
201
45
113
25
133
13
91
256
189
189
175
88
79
116
207
110
110
31
219
102
20
211
239
121
35
108
20
254
201
169
206
244
133
10
254
78
88
73
254
89
68
163
252
232
113
242
24
163
200
133
228
228
29
170
64
73
93
88
103
219
76
139
4
256
178
69
6
25
163
133
34
223
53
59
69
196
77
196
64
88
163
201
256
196
132
170
112
146
20
46
190
96
224
86
64
203
201
27
224
161
189
8
124
190
219
154
12
190
64
76
242
242
149
196
10
214
240
235
76
53
219
110
35
25
254
111
88
89
95
4
71
115
97
173
20
64
248
134
37
204
140
231
86
96
196
173
11
161
193
32
199
109
78
12
140
189
88
107
33
197
148
235
88
113
34
133
159
155
27
256
238
44
121
231
133
20
232
115
88
159
163
56
248
197
190
124
34
256
64
34
256
252
179
220
219
20
73
221
192
76
44
111
161
4
190
124
232
236
133
4
190
64
163
56
163
231
35
124
133
124
190
163
242
56
49
73
124
161
32
53
197
240
241
64
255
124
155
207
157
134
195
102
12
20
238
86
198
44
44
157
219
20
86
157
237
189
14
254
58
22
242
102
163
242
133
173
64
224
22
124
178
124
