182
184
7
88
133
184
27
25
184
94
184
14
80
256
215
80
243
111
80
169
153
35
94
227
253
35
225
72
146
94
7
18
94
22
146
16
33
166
202
33
223
170
45
9
232
42
137
239
239
67
176
251
194
140
85
232
251
214
85
115
73
85
35
231
22
83
130
186
251
45
45
29
250
213
80
22
31
75
146
169
221
166
104
256
72
129
221
45
251
251
94
45
141
176
99
162
185
176
174
59
86
45
146
35
225
221
45
243
225
60
27
94
66
72
239
56
65
231
56
124
66
179
169
225
52
213
128
216
243
115
243
111
91
256
130
30
140
153
124
135
221
11
66
45
94
83
203
240
17
74
151
166
203
191
66
114
203
67
201
20
243
22
56
176
34
90
35
236
203
256
202
165
107
181
244
74
85
10
213
244
124
35
240
87
66
243
2
169
182
133
186
85
133
66
35
56
10
72
191
124
249
236
75
256
36
64
182
147
145
230
204
251
64
130
243
24
77
132
211
243
90
204
166
183
165
95
130
33
203
166
52
182
243
10
256
35
182
202
11
196
240
55
238
174
163
113
213
11
121
91
40
204
122
90
164
227
195
32
169
22
71
91
219
33
140
35
149
94
9
203
249
219
190
35
256
72
70
2
102
250
96
72
237
90
230
37
27
31
77
190
182
146
45
240
72
256
203
95
239
201
204
219
137
237
29
94
35
233
72
235
169
76
169
58
47
181
192
31
145
21
187
215
196
102
215
91
83
137
196
169
72
241
189
83
29
8
31
242
185
72
119
254
52
169
186
152
190
71
242
73
25
45
196
35
162
239
78
146
242
248
62
96
220
145
38
237
161
186
35
11
89
195
221
43
70
237
242
180
222
121
35
199
2
213
55
83
250
108
39
51
170
219
221
221
65
200
95
169
62
158
79
204
223
213
88
170
135
220
240
240
198
203
31
243
135
30
79
236
43
136
94
219
53
160
186
79
195
190
65
215
242
45
62
64
238
109
170
35
117
32
38
64
243
13
73
159
99
233
95
184
238
145
239
137
199
67
240
195
195
41
102
207
221
207
218
136
235
61
95
35
44
64
235
161
35
170
73
85
160
184
28
71
93
72
62
183
240
62
39
35
21
19
70
169
221
34
161
10
172
204
30
35
88
112
76
146
32
95
129
128
114
217
192
192
240
33
242
56
88
83
102
169
113
99
158
241
64
240
55
147
42
175
91
170
243
207
199
33
194
223
181
166
14
160
201
11
174
30
91
135
144
124
111
61
201
210
98
141
64
163
147
83
256
91
96
15
50
219
184
35
42
256
106
221
203
194
31
65
181
251
156
27
114
103
236
211
219
112
79
27
240
129
76
151
256
13
241
85
83
174
178
81
42
100
117
241
177
66
196
190
70
169
235
221
14
249
34
101
35
121
83
34
154
151
196
221
107
99
250
129
103
147
41
111
35
237
201
142
10
111
236
35
106
160
201
16
230
196
169
190
71
83
112
10
93
40
77
104
220
251
10
35
62
2
64
124
64
35
219
188
105
72
103
253
93
78
151
138
196
169
10
138
83
113
248
49
46
99
130
132
243
181
221
195
106
213
135
190
66
221
33
185
250
163
227
72
250
67
43
237
95
176
219
124
34
28
197
94
88
44
64
178
64
10
176
250
165
240
35
106
110
35
174
169
33
85
14
213
35
235
13
254
89
124
131
11
237
35
103
78
100
174
31
200
195
93
83
93
35
72
197
22
201
201
138
183
146
171
74
61
69
64
186
69
19
95
28
121
77
121
228
94
171
136
227
59
102
163
212
64
216
99
251
253
220
220
104
108
22
24
239
177
135
35
42
9
81
240
223
77
217
31
82
95
9
256
28
237
215
113
196
83
203
149
207
159
196
130
35
33
148
132
139
10
149
5
245
142
72
32
170
242
85
25
106
2
215
196
155
146
201
85
40
89
70
223
104
103
201
192
204
10
238
228
16
106
56
13
34
242
79
43
27
97
79
86
221
44
98
44
169
75
86
163
41
228
149
72
151
230
91
193
252
121
15
94
196
71
203
203
149
83
222
35
237
190
201
229
203
160
42
115
95
50
34
93
65
174
252
161
248
33
228
91
167
227
244
230
103
35
190
1
35
131
56
169
236
203
65
203
159
40
8
25
12
238
190
136
83
219
253
224
256
252
139
169
83
59
34
32
102
95
250
178
86
252
186
110
240
169
201
221
145
52
223
214
240
13
65
228
89
172
42
149
70
187
52
17
190
139
189
223
161
79
240
99
27
45
119
96
169
155
83
56
11
187
34
149
94
45
56
17
72
242
162
189
64
136
222
57
136
228
123
94
86
64
149
163
131
35
126
35
248
223
115
203
44
3
35
147
22
145
189
192
163
12
9
149
121
16
22
166
147
252
10
163
237
203
148
169
211
83
94
238
172
70
240
256
242
184
102
170
85
222
163
212
221
44
77
94
79
199
86
194
170
247
64
196
163
76
240
76
86
171
104
103
79
72
145
218
25
41
170
19
35
110
100
103
34
91
94
195
86
145
211
254
244
89
44
61
230
230
124
189
70
10
191
32
91
157
248
195
201
34
175
10
35
35
154
163
198
199
196
88
214
31
156
15
79
161
197
197
130
1
194
121
229
96
21
238
203
199
124
148
103
197
10
164
25
124
190
19
256
188
232
195
240
15
14
203
82
41
201
240
94
199
201
35
103
107
196
34
64
110
203
201
89
221
115
115
61
221
13
146
146
50
28
214
69
76
207
70
221
123
25
142
123
190
25
67
238
149
157
256
76
242
240
83
10
214
46
195
72
37
155
218
193
201
64
69
64
65
35
117
96
201
148
148
10
49
83
222
170
85
34
97
201
102
21
15
223
94
189
34
99
117
88
240
104
163
196
82
9
210
35
67
5
221
13
192
199
34
81
147
198
64
189
49
99
43
82
111
43
242
113
130
22
10
32
169
82
99
35
96
89
245
196
40
35
158
241
104
124
170
14
196
187
256
137
214
103
115
207
190
69
25
169
149
223
161
147
219
41
201
169
23
139
48
45
34
169
89
169
70
83
201
90
44
8
179
10
91
163
241
71
204
96
194
233
203
256
222
4
96
184
35
5
14
169
32
207
28
124
27
35
34
203
81
160
159
77
72
148
79
238
195
51
31
102
159
201
47
238
60
17
236
256
189
252
19
77
121
195
110
153
223
240
161
13
14
55
106
203
237
239
74
203
209
93
82
240
73
15
73
96
61
245
184
8
35
181
170
99
70
34
221
229
210
5
237
215
196
112
21
2
223
33
230
102
97
73
169
78
252
229
218
140
237
219
192
42
214
220
237
33
132
121
124
117
81
39
201
10
148
86
9
10
15
175
7
10
67
35
212
189
61
185
79
61
67
13
108
25
233
111
196
228
35
179
113
34
157
209
170
31
148
140
170
24
64
159
148
15
44
160
174
35
163
64
199
35
91
158
197
94
186
31
107
256
73
99
230
11
43
238
9
256
61
64
169
82
108
31
236
81
201
196
79
75
96
236
16
195
148
197
35
88
184
169
23
163
111
82
95
205
201
99
147
21
35
89
237
256
188
96
57
187
53
238
196
8
35
93
10
77
89
211
34
96
145
2
209
236
10
219
96
169
31
182
75
35
103
108
219
223
103
9
8
142
203
207
95
238
196
220
238
169
8
26
34
159
91
111
135
223
34
220
218
42
218
196
5
78
201
88
58
242
212
64
2
89
44
35
223
64
163
133
163
64
219
255
15
240
34
160
195
176
238
108
39
33
61
10
179
209
60
219
103
35
64
248
176
230
82
184
169
35
141
65
151
175
159
46
201
67
111
256
217
121
50
247
240
121
140
196
82
134
201
201
32
247
7
196
249
168
253
203
70
201
25
175
83
238
10
103
34
148
89
123
103
64
18
184
202
34
117
223
236
41
203
201
196
91
19
82
186
99
235
137
82
213
212
21
42
199
236
134
145
223
203
14
192
135
190
19
35
249
196
33
137
21
199
11
237
25
121
169
158
252
172
194
201
248
115
35
187
10
256
61
35
192
161
130
115
64
8
10
35
239
10
121
102
34
15
102
201
103
217
17
174
220
190
237
249
5
181
23
185
35
137
44
242
140
124
79
236
105
187
218
48
194
181
15
190
235
195
196
33
170
117
153
232
35
115
229
59
228
82
187
219
202
194
161
214
26
140
201
22
82
217
19
10
10
10
212
23
236
55
200
90
230
230
76
69
85
239
201
29
242
144
61
203
56
91
245
184
32
252
215
120
145
232
43
184
89
186
25
48
91
190
23
64
10
69
76
91
139
65
212
82
124
64
255
242
184
169
219
79
223
34
225
162
86
73
163
201
201
219
23
218
215
102
187
13
116
15
219
95
15
103
190
192
3
190
43
201
76
190
157
184
43
201
218
64
223
184
95
45
124
215
35
255
70
242
214
232
55
237
23
35
43
39
215
73
256
13
48
168
10
120
172
42
115
136
19
39
256
213
169
232
161
110
86
203
179
27
43
63
15
39
23
219
35
223
3
218
24
83
140
163
153
82
214
163
195
242
72
216
218
65
103
34
196
72
215
14
215
69
82
97
83
29
223
163
5
132
35
10
44
8
232
218
204
168
82
240
168
83
61
72
199
63
96
170
240
72
157
23
163
55
170
174
23
232
242
73
97
26
209
103
232
23
235
10
215
133
82
39
82
199
79
61
159
87
79
196
133
79
12
193
172
164
232
11
232
55
69
84
229
82
103
214
45
255
237
148
161
238
103
