51
51
154
220
189
235
165
165
87
106
87
87
165
87
143
104
243
33
87
165
235
87
165
87
165
165
165
165
129
216
174
63
243
58
33
129
143
94
208
243
143
189
160
94
160
209
153
174
106
17
209
199
165
12
143
209
231
204
107
85
177
129
209
255
111
143
243
106
165
82
85
95
136
136
87
85
95
74
54
99
221
165
235
243
176
74
6
114
75
237
68
95
235
177
200
177
190
243
117
244
131
229
147
188
164
107
195
127
131
71
85
65
89
113
129
5
147
68
132
200
209
85
109
63
135
171
184
111
127
118
190
132
118
160
95
147
243
88
194
200
240
184
132
6
82
171
175
183
90
184
114
85
208
88
208
160
175
113
118
82
235
235
209
13
208
132
228
54
78
7
59
59
156
141
171
156
164
121
171
216
171
130
152
184
63
188
16
225
239
223
171
127
176
62
113
200
90
191
208
208
59
254
55
89
225
135
36
109
211
136
119
62
27
27
235
208
242
87
135
28
228
50
50
21
150
221
160
250
28
250
118
118
113
132
204
59
208
239
132
71
113
221
225
105
16
160
132
160
171
121
211
224
59
250
105
176
16
4
89
252
88
50
254
195
250
90
50
152
191
71
147
208
175
146
1
227
211
113
130
47
109
82
204
129
50
136
33
176
230
64
98
208
204
17
204
90
105
152
235
16
109
105
47
1
5
172
94
184
1
62
16
205
62
131
121
136
83
208
16
1
211
50
211
16
200
220
41
110
54
50
228
109
150
71
33
211
141
151
243
118
64
5
176
185
147
136
171
160
62
47
147
92
107
82
85
106
173
150
113
89
191
41
203
92
89
82
189
246
114
171
95
208
184
239
127
11
3
133
98
64
145
191
96
92
171
171
132
245
2
87
53
5
225
199
115
225
208
215
151
16
254
96
151
88
140
50
64
151
102
106
88
173
7
121
234
249
118
192
15
228
27
250
50
149
38
85
254
64
176
114
151
85
184
11
5
212
2
22
28
228
151
217
85
254
96
175
220
171
49
228
64
184
151
68
3
175
171
128
62
145
151
171
86
118
187
109
41
224
14
206
109
250
131
157
131
86
56
235
27
62
142
171
123
175
149
220
248
106
178
206
14
38
235
133
175
200
50
86
79
145
151
54
200
109
114
235
235
119
171
5
100
112
171
5
218
96
23
107
135
192
248
89
250
111
12
110
216
5
1
236
114
178
3
89
82
200
195
126
220
178
184
184
130
5
18
224
170
229
5
220
178
183
145
8
187
50
86
147
14
10
192
13
134
200
50
82
163
192
200
57
171
220
192
171
86
178
71
64
62
224
238
131
181
110
192
238
14
235
10
248
96
184
63
90
179
230
127
228
90
103
3
136
10
245
22
220
131
228
53
19
192
89
82
144
70
79
197
245
115
134
85
178
254
228
133
250
53
66
242
85
111
178
238
132
57
104
64
102
254
13
143
183
163
85
114
156
228
60
201
133
22
157
71
220
228
59
235
86
77
96
237
124
106
151
190
214
28
228
13
254
63
142
95
133
111
77
64
242
85
126
56
223
219
62
3
216
3
241
104
82
109
77
255
59
178
85
106
217
37
228
143
131
46
178
30
178
73
235
13
178
63
163
163
163
85
201
79
214
217
86
30
60
130
10
178
192
134
154
14
57
59
107
203
184
147
175
200
106
238
82
56
88
32
90
64
86
228
243
15
86
86
92
86
249
12
235
108
43
86
86
228
159
235
197
66
183
157
113
157
85
13
199
200
152
109
159
249
224
82
156
163
163
256
