7
143
143
143
205
205
128
75
129
205
212
205
209
129
128
212
3
16
150
177
105
150
3
89
246
143
140
105
208
246
3
129
177
83
246
205
209
177
3
208
105
89
3
16
126
140
177
14
28
208
3
6
28
151
28
54
51
177
81
177
121
230
208
90
9
177
212
14
7
106
143
140
17
221
76
127
89
168
222
208
51
143
149
246
71
105
251
28
54
54
28
100
50
177
74
54
153
199
112
40
172
36
184
50
28
146
94
123
36
112
51
123
92
235
36
74
24
177
36
184
166
92
177
175
59
54
127
40
81
245
65
231
212
107
113
54
231
127
155
135
71
50
36
7
107
123
177
130
140
50
205
222
143
127
107
244
164
174
37
104
58
74
107
195
177
177
106
222
105
123
74
135
135
54
123
35
151
138
106
221
235
46
59
138
135
33
165
138
222
36
235
127
123
42
51
42
133
109
186
206
217
78
221
56
127
147
164
50
87
41
138
123
147
15
123
78
99
160
256
59
64
8
74
244
113
183
245
240
65
140
97
60
216
42
118
17
209
118
97
144
204
126
123
123
43
140
154
166
3
47
77
172
192
8
87
154
161
94
65
244
3
239
97
194
127
123
47
96
222
63
46
3
104
217
204
217
242
46
239
84
127
200
104
54
42
248
242
104
244
224
85
127
165
104
157
107
254
246
184
54
216
15
248
144
51
177
15
154
54
200
51
118
194
54
203
111
254
145
35
42
21
123
36
168
17
167
77
236
66
183
25
3
110
204
186
213
221
3
217
144
154
123
9
232
206
28
154
206
93
203
88
179
249
217
47
254
104
119
217
217
190
240
246
81
190
199
35
143
249
217
223
87
204
33
190
28
110
5
63
217
123
28
110
95
5
199
165
222
135
15
203
181
246
71
88
96
38
38
54
127
195
183
181
249
39
247
188
188
72
38
72
155
242
48
99
200
179
217
24
213
185
68
58
77
77
154
26
90
168
92
118
195
149
156
15
16
212
129
121
204
39
15
55
121
139
156
228
205
171
153
214
15
113
109
68
89
159
90
58
226
174
197
135
104
116
247
109
59
51
99
221
231
246
72
110
249
99
53
123
55
91
120
96
177
58
95
123
201
53
190
15
229
84
15
68
94
226
117
228
68
68
112
141
162
198
109
60
205
18
44
212
229
214
50
96
219
62
31
197
125
197
207
168
15
99
54
246
15
35
141
35
68
58
201
86
133
34
116
179
96
109
91
77
15
111
14
198
32
68
96
116
15
197
96
96
15
49
250
31
206
43
116
216
3
141
68
232
48
224
188
59
124
246
43
250
4
109
186
96
4
96
43
53
74
101
19
217
96
133
197
102
105
71
245
43
110
195
246
15
250
213
190
60
96
122
206
250
43
76
61
186
124
198
96
155
120
181
245
102
131
124
181
188
221
105
123
120
197
131
67
131
171
213
141
220
19
197
113
28
201
37
133
147
220
220
17
156
28
31
92
136
131
195
131
124
162
82
109
94
109
117
174
63
197
133
131
60
212
124
25
93
247
54
171
85
101
129
200
23
42
112
204
176
117
60
140
244
245
169
155
243
57
200
170
243
188
217
215
243
69
25
171
71
82
194
188
145
138
191
131
158
255
199
244
198
124
47
68
158
4
140
145
117
117
255
42
217
119
59
33
38
91
61
249
38
36
131
255
22
38
25
19
192
222
82
49
90
229
151
48
253
215
197
60
88
82
42
188
185
53
154
245
156
44
247
71
23
51
136
119
176
115
158
158
133
217
151
176
141
23
9
82
44
41
175
131
231
193
149
49
254
152
179
117
180
78
110
117
200
119
212
173
29
117
104
218
23
150
34
133
124
253
113
4
117
120
88
52
230
107
43
197
256
241
53
173
4
4
68
4
153
173
115
131
120
124
241
253
173
152
249
29
60
41
41
197
185
136
239
58
58
4
115
4
68
168
62
144
185
99
120
255
49
185
156
156
68
