84
165
165
165
194
165
184
51
51
51
84
184
51
51
51
243
243
184
74
182
74
118
177
177
75
51
177
114
131
131
165
181
177
181
207
207
1
75
85
15
172
177
182
231
98
181
104
223
6
9
42
98
9
34
135
15
143
98
104
189
7
40
9
110
232
120
63
118
120
18
99
98
110
1
150
121
146
20
36
173
120
119
20
103
21
136
141
224
191
224
119
92
119
99
36
18
98
107
20
218
156
156
191
186
15
30
212
107
212
103
169
244
58
253
191
212
212
200
132
136
20
216
25
46
89
185
60
68
152
203
68
18
7
252
110
212
197
164
72
217
1
186
36
169
185
40
218
18
99
119
1
231
40
40
68
21
118
256
185
224
107
186
231
216
187
107
20
99
232
119
199
169
121
118
119
152
156
216
119
89
132
83
65
229
1
186
246
187
1
20
125
256
216
244
236
119
20
91
241
47
216
125
5
256
36
203
182
191
218
103
212
20
245
234
5
224
166
191
253
191
68
5
101
185
47
43
118
122
152
75
213
191
7
197
188
108
31
191
