164
164
164
87
212
212
143
129
170
164
143
170
95
230
212
106
71
64
230
95
62
230
128
18
180
13
62
230
165
225
237
240
230
180
160
128
77
230
69
52
143
174
52
180
95
15
225
62
162
240
249
230
73
174
88
164
180
128
230
180
77
18
95
55
122
184
230
240
137
180
213
132
122
231
240
214
168
205
213
104
13
205
162
160
213
235
240
42
240
44
74
249
170
144
191
35
77
131
179
101
7
180
138
236
62
101
136
129
38
167
8
62
168
153
95
208
137
91
230
168
42
24
121
132
73
7
55
153
59
162
167
74
174
167
81
62
164
89
136
131
174
204
59
138
167
62
7
213
144
21
91
186
153
81
230
222
62
205
222
230
191
95
77
15
164
114
165
19
167
140
62
97
164
136
35
136
186
179
52
136
208
153
249
18
244
91
164
7
138
168
54
153
99
97
91
55
186
230
162
74
101
208
153
249
136
160
47
131
243
165
19
136
140
138
62
15
239
138
153
138
132
131
243
186
3
91
26
153
94
81
95
179
168
40
19
131
181
54
250
101
94
93
211
58
230
249
171
180
52
9
101
125
207
251
208
230
53
52
40
210
109
15
182
209
27
74
65
3
235
122
62
91
10
222
174
136
164
168
4
249
175
52
131
228
138
78
140
138
55
131
58
114
15
226
210
253
122
125
167
203
141
114
199
91
226
176
74
63
52
225
174
99
132
138
150
208
94
71
247
133
167
254
224
159
208
122
15
95
95
160
55
206
136
33
81
58
140
242
62
184
230
184
63
77
95
178
182
9
153
217
33
235
94
207
114
65
38
224
77
63
176
184
136
150
78
176
160
98
233
15
85
206
71
243
150
81
133
217
109
235
97
165
174
111
81
55
141
243
146
176
237
153
75
108
122
93
52
144
184
96
188
235
102
224
54
131
181
33
77
99
122
168
184
15
138
82
91
77
77
99
132
215
52
174
225
235
41
138
9
149
228
233
254
134
55
157
140
54
69
139
131
215
138
75
102
77
218
231
131
234
15
67
235
77
99
197
139
15
81
246
128
33
179
85
235
1
243
216
154
15
139
15
174
167
167
235
151
154
170
197
69
207
218
188
133
119
140
63
63
167
24
134
118
15
218
181
75
41
77
15
188
15
104
184
6
119
199
228
157
15
27
50
215
184
184
174
133
163
174
52
47
15
72
151
157
96
150
120
179
26
66
165
104
235
188
158
63
95
11
176
77
63
58
62
131
51
133
143
235
148
165
188
227
184
247
160
77
180
15
147
45
15
188
153
92
50
185
154
213
228
129
82
72
247
15
139
183
15
228
210
184
114
197
158
67
163
243
77
87
247
15
255
133
167
160
210
109
161
233
188
188
224
235
148
85
24
15
244
188
247
15
104
63
15
236
63
68
250
163
247
131
53
184
81
200
104
65
216
81
128
77
133
27
104
188
153
143
15
247
104
227
247
50
99
15
213
13
63
184
72
15
53
15
191
47
133
140
184
46
216
158
52
133
61
242
174
133
185
190
143
94
183
184
128
148
184
85
191
15
197
148
215
85
15
201
250
164
94
60
216
185
68
141
215
73
188
77
163
115
184
93
88
184
114
94
77
188
102
43
163
118
200
233
13
104
82
163
5
184
163
165
118
85
65
15
247
223
238
228
182
168
77
157
133
213
15
184
63
207
133
63
243
148
246
99
15
73
122
55
163
163
251
233
133
184
224
118
159
158
85
46
163
87
15
15
135
15
217
247
17
97
149
107
179
158
228
218
185
176
250
103
135
179
235
148
223
244
149
137
160
82
41
10
133
216
94
235
15
55
199
118
205
247
45
247
216
99
156
247
109
218
255
34
247
50
98
46
253
88
128
5
57
163
133
184
138
212
201
131
148
168
15
216
255
141
37
163
247
104
147
170
89
85
82
15
63
180
156
237
52
104
185
92
104
72
57
159
17
247
158
233
24
184
65
158
97
98
84
148
163
63
218
243
139
104
216
87
118
95
200
82
89
128
82
218
147
128
133
163
218
246
168
17
148
250
218
78
158
56
158
181
181
197
247
216
161
115
238
133
15
17
188
247
81
184
227
154
174
235
119
174
122
160
167
99
154
216
255
246
163
199
99
216
168
158
216
206
118
168
216
217
158
118
197
104
81
17
246
81
67
232
255
245
235
209
255
15
246
161
158
122
8
160
95
77
93
53
98
216
163
215
216
78
235
9
159
120
255
99
161
53
104
182
168
232
174
246
189
158
109
208
141
17
95
163
61
229
19
109
218
139
98
168
132
247
163
245
66
247
163
15
89
144
232
98
247
115
173
247
118
188
212
243
63
141
181
247
131
66
210
216
72
139
210
122
98
160
72
154
89
49
136
9
72
218
133
49
156
72
172
255
94
27
111
122
149
216
160
227
50
168
75
224
174
254
158
216
158
82
98
211
254
246
68
14
168
61
230
49
67
168
244
129
30
247
132
9
139
156
218
182
42
154
254
205
98
243
235
122
94
97
232
138
17
41
208
151
168
136
154
211
42
254
232
112
160
163
39
68
98
160
246
254
159
218
122
216
141
55
136
114
54
181
247
44
246
95
230
211
98
160
5
95
42
246
26
160
168
141
182
86
41
224
254
160
83
160
97
98
161
197
108
36
120
216
98
133
102
154
160
15
45
78
144
98
254
95
200
140
98
197
95
28
5
82
139
254
17
176
156
200
98
119
120
77
197
200
207
188
141
221
98
168
81
68
98
197
254
16
44
81
14
160
200
151
254
52
125
203
193
221
254
78
193
48
192
9
114
225
104
148
48
198
22
183
247
159
174
151
254
254
160
232
228
34
182
193
5
254
152
42
207
88
193
135
42
171
133
238
35
72
44
240
254
229
218
50
178
193
219
161
156
47
195
73
150
119
16
193
22
76
145
42
148
