103
22
201
24
201
236
235
86
203
52
146
225
121
164
121
206
166
229
93
140
121
236
62
103
13
138
138
105
3
236
121
206
240
14
196
88
27
209
111
128
150
250
250
187
28
88
202
108
84
150
84
24
208
182
208
172
181
5
209
66
186
90
62
197
138
209
75
150
12
42
206
47
33
84
12
239
206
33
84
132
112
71
209
71
102
170
202
67
162
40
27
112
249
25
165
90
62
209
60
166
127
95
175
209
208
91
42
190
33
43
230
45
251
135
135
7
52
62
109
33
71
143
63
228
97
189
102
105
42
143
166
54
65
84
84
33
114
202
211
98
166
203
46
228
137
186
127
40
160
6
43
110
220
252
84
209
208
91
6
253
97
166
25
213
169
91
79
184
31
236
59
250
29
165
84
151
122
86
42
54
138
206
236
52
135
33
190
251
132
206
138
25
145
84
12
164
204
3
164
100
69
73
184
136
252
137
237
214
174
160
14
144
250
162
176
196
250
14
181
3
50
25
31
187
96
95
97
195
51
237
138
204
122
116
78
84
52
110
101
84
170
176
138
164
135
123
167
151
117
77
167
250
240
50
100
66
143
110
42
79
176
140
128
218
74
14
161
158
54
116
117
186
228
213
8
2
242
18
98
174
167
3
115
66
204
117
240
253
96
213
80
251
50
129
161
44
155
242
170
15
145
218
49
190
204
63
90
202
43
98
176
100
143
138
209
132
136
230
165
110
116
2
128
98
30
25
187
2
27
103
164
69
136
42
176
187
250
116
5
194
62
15
165
67
79
237
15
52
64
167
51
199
136
192
197
140
112
112
136
203
151
14
50
174
97
136
172
226
13
170
33
160
141
161
194
252
174
153
41
101
5
71
86
71
57
236
116
109
220
116
138
205
65
70
172
112
13
213
243
10
40
197
71
151
213
32
43
191
192
138
58
57
170
99
98
162
40
33
174
71
195
195
1
62
25
171
235
188
12
252
24
97
116
13
3
153
252
132
167
36
166
79
96
66
180
13
172
105
150
103
62
248
87
41
256
190
199
172
2
99
219
94
215
194
48
218
117
115
219
112
50
179
114
195
32
115
194
253
217
146
84
196
2
117
179
222
54
141
135
179
249
55
129
132
93
105
112
172
117
64
59
46
235
240
116
190
75
197
6
99
223
187
59
216
151
121
121
128
131
115
13
86
211
116
71
157
54
77
125
125
72
181
187
112
59
59
213
240
151
154
132
97
230
179
12
48
62
156
115
42
181
93
237
71
167
97
132
237
217
247
115
168
155
170
159
250
139
63
78
242
236
15
165
28
40
10
142
128
179
174
110
39
146
3
167
163
101
140
237
56
154
154
93
117
211
5
193
237
62
253
137
215
66
253
2
72
171
127
151
174
195
161
252
219
56
190
197
134
237
21
86
49
89
8
218
15
197
55
216
248
28
158
33
140
151
15
145
14
26
157
141
222
5
251
98
209
101
44
120
55
165
211
133
116
76
55
216
123
222
209
78
84
159
151
203
253
153
191
120
230
116
155
54
242
12
103
217
203
22
30
93
165
239
189
159
109
86
205
230
148
44
15
43
19
143
235
56
202
2
23
56
167
110
135
197
235
125
181
148
167
114
116
159
252
20
137
225
131
146
30
209
237
121
170
141
191
142
30
106
76
169
241
218
23
135
162
12
141
89
33
40
162
27
86
217
188
130
252
132
227
22
121
137
120
101
28
50
170
256
39
204
30
101
82
254
142
134
132
131
2
239
30
63
30
236
227
226
109
74
53
240
179
31
116
72
84
18
137
56
35
124
132
189
158
207
27
167
78
194
210
202
196
181
217
63
108
15
42
159
175
114
101
132
84
203
69
159
217
55
232
30
223
214
206
132
55
151
214
30
64
210
10
140
170
256
214
185
2
92
141
213
256
137
243
184
116
136
188
213
167
72
178
117
160
72
124
194
135
253
190
215
63
98
159
110
138
174
9
118
63
161
72
72
48
138
33
193
188
224
20
256
218
9
140
21
215
112
39
2
38
245
208
235
108
78
73
139
208
208
124
117
136
159
192
132
78
137
11
78
161
213
21
163
184
213
178
167
132
252
73
233
20
44
167
82
248
145
183
256
136
114
85
222
241
72
88
217
201
48
124
145
203
133
73
247
9
159
72
244
217
222
81
138
233
155
84
86
56
180
120
191
145
155
235
48
155
184
223
239
157
153
184
185
149
216
106
177
167
184
133
193
210
193
241
16
163
23
54
248
20
239
161
239
246
254
184
183
138
215
192
116
155
32
85
219
202
89
153
193
233
72
141
189
69
202
73
125
5
203
137
22
136
218
82
95
110
181
233
252
202
256
91
42
150
132
42
248
214
132
142
181
138
155
155
48
148
170
214
12
54
241
91
175
215
16
56
20
241
86
192
115
26
132
248
5
52
235
216
125
235
73
99
177
204
76
138
227
148
167
224
54
178
72
197
102
202
248
137
35
39
72
52
99
149
248
195
29
11
63
249
168
163
249
233
189
63
115
153
240
159
63
95
174
164
210
196
216
142
222
84
26
116
228
45
158
54
174
249
235
169
39
54
256
116
75
210
162
226
116
249
1
168
205
100
100
226
50
184
132
223
26
58
21
12
169
192
202
61
161
82
15
215
235
18
78
145
27
148
91
8
202
88
252
95
20
224
255
42
45
63
246
107
91
248
88
249
105
195
238
182
133
167
104
196
70
192
39
170
97
115
82
99
100
203
129
251
228
196
184
133
240
250
202
52
174
178
77
85
100
149
219
115
17
236
157
12
255
144
127
255
123
143
197
84
167
255
52
249
137
53
139
115
133
63
233
76
90
227
32
110
22
244
66
31
39
15
184
150
240
18
102
137
134
210
44
159
202
213
115
215
133
99
124
76
120
76
103
228
148
238
129
233
215
84
16
178
233
53
20
256
9
84
184
76
115
205
248
134
103
26
244
149
243
50
252
249
228
160
10
133
117
221
116
57
162
215
85
184
250
230
52
73
20
235
167
39
202
249
84
246
99
139
166
168
84
55
172
79
64
155
133
158
232
74
242
70
77
60
228
228
84
178
21
133
82
26
158
238
139
26
42
142
197
199
213
123
133
89
134
134
77
202
25
139
174
202
56
141
52
167
215
189
69
107
168
110
232
188
32
161
133
116
192
84
197
133
242
196
94
138
201
202
84
252
226
84
100
134
91
57
56
196
197
104
228
218
53
40
84
114
157
105
247
232
18
237
256
133
201
52
84
72
133
186
84
61
72
215
133
142
204
143
148
34
34
193
131
149
131
13
217
230
232
219
202
232
91
163
197
9
67
82
133
52
256
162
84
215
237
90
207
214
25
104
214
82
72
133
162
184
197
131
104
171
230
78
163
255
133
141
84
100
173
232
82
16
47
133
235
142
84
204
214
149
82
168
16
228
216
52
112
133
163
204
20
178
56
163
84
194
60
107
148
133
158
200
13
91
52
159
13
173
155
166
99
73
163
133
236
149
30
255
73
161
197
184
201
221
57
15
236
214
42
215
255
242
63
133
139
214
52
163
179
48
213
134
22
84
25
197
91
213
139
248
235
114
63
91
53
197
251
133
124
48
235
213
104
196
169
216
134
13
31
215
105
78
35
236
246
184
72
85
71
192
25
255
192
217
173
69
35
73
73
72
214
162
96
252
237
70
163
121
175
252
209
148
202
215
48
23
33
178
232
227
141
158
202
73
73
115
52
71
61
25
248
197
178
240
214
85
149
158
204
184
70
45
52
52
141
197
116
116
61
215
232
70
196
210
214
73
107
77
56
54
86
216
159
255
61
52
196
214
90
78
52
190
192
96
64
99
201
133
91
178
42
120
70
251
213
162
215
202
230
14
178
23
163
74
134
12
52
58
45
77
146
178
188
5
145
197
235
197
52
244
213
99
52
197
115
103
146
110
73
170
64
72
162
20
225
52
64
157
52
146
249
162
15
146
73
133
218
203
11
133
52
32
24
77
237
95
15
240
223
139
2
256
197
84
72
73
76
23
196
256
169
139
72
69
161
20
52
230
223
163
131
158
52
50
256
139
163
238
200
148
31
230
235
202
238
48
103
23
255
15
248
61
72
218
238
41
44
124
139
52
52
133
230
38
160
139
195
104
237
52
202
157
131
158
72
197
189
210
65
77
170
202
111
139
133
215
38
73
19
111
192
76
186
