162
88
143
42
177
239
162
177
211
42
239
150
14
36
256
239
36
36
36
80
150
239
146
21
239
73
249
211
211
192
190
140
208
136
136
115
153
54
162
176
176
225
54
151
251
54
54
160
98
208
115
225
71
150
208
160
251
204
176
84
54
54
176
106
208
152
123
54
225
215
11
123
51
204
145
225
225
160
203
128
17
36
251
151
84
18
225
239
54
18
143
162
98
182
251
54
151
239
18
18
168
148
251
18
51
143
143
143
54
51
18
143
203
220
225
7
74
251
18
106
18
88
136
143
153
229
47
244
143
195
215
60
153
18
51
98
121
153
210
51
181
84
18
18
123
146
51
251
160
25
179
181
123
160
211
18
196
71
52
162
49
160
220
32
138
202
125
18
123
18
51
18
160
91
18
123
106
251
225
215
225
74
51
96
103
31
153
125
52
251
123
163
251
153
121
51
251
245
98
125
74
93
53
225
31
143
128
223
171
74
215
135
34
7
239
143
140
80
18
150
229
51
143
175
211
225
187
128
99
143
188
170
123
176
49
81
55
92
191
49
37
194
225
59
172
162
7
51
33
32
75
92
96
103
74
115
244
146
31
33
240
131
206
62
129
217
147
243
178
96
96
93
217
165
152
84
160
239
96
161
191
92
125
213
126
109
18
215
36
36
18
125
123
127
160
29
131
156
243
57
239
147
18
135
225
55
1
120
141
225
67
165
205
176
18
69
190
20
136
188
10
165
80
253
39
165
217
125
226
20
140
217
18
211
67
188
153
87
51
39
71
92
205
167
104
135
178
18
194
99
246
160
62
226
17
16
72
195
176
20
109
92
72
173
17
92
62
119
17
26
28
176
152
35
135
185
113
133
156
85
19
135
243
92
18
107
125
117
239
17
60
200
237
203
28
240
26
191
126
25
71
211
72
104
1
92
170
92
20
251
72
59
215
119
206
20
117
234
176
105
92
135
253
162
1
239
155
162
20
140
29
161
239
52
206
165
220
252
169
251
202
68
119
239
69
89
70
20
39
20
92
73
165
72
135
51
156
192
20
7
131
243
54
119
102
243
60
5
5
62
239
222
31
32
133
121
52
74
102
53
111
140
89
72
234
51
253
114
242
163
190
204
60
157
246
75
31
237
162
134
240
214
246
74
1
16
160
50
186
107
205
179
71
50
156
102
160
198
204
71
42
253
160
82
95
253
162
44
231
168
50
222
121
40
186
32
146
191
226
89
125
133
210
175
96
243
245
97
252
18
157
169
60
204
128
243
115
60
18
219
62
1
55
167
31
166
102
253
20
35
208
221
12
207
11
67
230
159
202
249
72
192
156
202
195
103
214
230
157
62
118
229
98
23
62
18
207
214
44
231
32
1
232
125
70
160
231
8
74
252
44
4
256
203
248
204
201
173
190
238
72
10
139
224
120
248
204
89
125
244
166
107
72
75
115
19
106
238
202
196
10
201
22
117
254
208
134
117
107
79
9
103
208
35
107
157
240
252
238
20
208
196
116
112
256
70
155
34
27
111
23
140
62
117
178
151
178
230
72
8
20
17
49
23
252
214
252
151
20
115
25
111
249
103
243
235
174
52
242
192
202
160
19
91
53
161
170
77
20
120
39
240
159
14
108
111
121
240
196
236
64
25
96
186
50
187
116
134
215
238
20
238
33
223
8
140
65
163
238
212
163
236
140
238
100
156
196
26
96
166
207
177
35
85
125
100
64
227
91
208
178
219
163
108
38
102
248
13
23
125
224
74
197
186
238
137
88
242
72
151
10
102
61
98
86
103
72
201
76
50
207
35
139
134
170
43
151
197
128
251
252
114
229
192
70
50
38
192
99
137
170
27
203
52
35
53
60
112
84
46
35
69
72
196
39
170
178
44
32
185
160
70
169
242
20
81
134
256
101
230
234
77
117
170
236
64
128
218
45
112
42
169
133
8
207
79
190
107
201
86
96
166
234
170
88
118
102
196
125
10
96
201
186
46
230
96
133
51
39
92
86
252
85
38
77
230
134
210
213
226
119
10
221
153
218
100
10
186
8
254
10
252
119
43
220
13
124
201
48
256
186
27
20
35
134
108
156
82
228
151
133
196
170
201
210
27
134
228
34
189
50
72
133
121
201
10
190
190
48
35
85
207
35
32
196
18
238
220
201
189
76
170
147
203
238
196
72
150
236
190
35
240
53
133
207
133
10
201
213
220
202
224
10
196
15
246
191
134
256
102
237
252
110
39
238
92
173
72
12
71
201
256
196
132
202
242
234
72
228
199
57
72
110
64
186
236
108
35
219
235
235
196
48
110
137
223
237
192
125
121
103
35
201
53
196
240
201
242
187
103
196
96
236
32
98
23
186
204
196
151
256
119
116
35
75
65
103
256
20
240
163
236
124
148
88
248
101
133
190
31
19
222
39
173
45
124
242
26
45
155
133
60
50
201
133
91
252
106
34
242
253
49
42
228
106
5
72
64
201
202
103
152
15
219
186
10
103
82
203
201
88
11
53
102
173
82
26
192
133
70
99
141
76
102
238
77
88
228
173
50
159
53
159
10
65
201
20
64
102
228
118
159
76
252
60
252
134
159
249
88
85
242
4
200
98
39
137
39
190
16
214
133
9
170
204
186
64
117
159
88
76
133
174
89
164
133
189
10
72
228
186
236
63
186
82
64
169
73
77
196
133
19
72
150
133
156
82
199
234
95
201
53
34
204
178
223
159
98
149
169
82
223
240
152
196
10
92
23
48
222
42
77
149
186
115
240
4
88
88
159
252
89
14
39
203
215
236
173
103
236
44
203
186
34
163
85
121
159
252
72
64
35
72
10
10
137
10
228
35
82
38
137
203
86
34
155
64
35
196
35
223
33
173
240
89
183
134
35
88
213
134
233
195
85
32
34
238
169
228
148
189
116
35
77
186
53
10
35
60
125
5
35
157
133
206
196
19
146
35
10
227
169
256
20
12
77
163
196
242
152
53
35
230
56
137
86
41
228
27
224
34
36
5
184
102
82
103
10
117
73
236
178
169
186
190
212
35
238
173
47
236
148
72
34
20
133
180
249
14
228
52
148
148
72
56
228
23
85
96
144
236
164
210
82
31
236
119
182
50
85
20
224
64
203
4
201
225
134
159
201
246
238
145
173
88
169
35
48
91
235
246
88
256
88
35
169
77
124
121
234
124
124
252
108
134
256
48
10
238
161
48
53
163
230
76
133
164
221
169
201
163
249
78
210
110
173
88
81
218
221
248
