231
231
182
47
182
147
182
51
79
231
147
79
79
231
79
212
79
67
182
67
164
164
75
67
130
98
98
191
160
160
143
191
143
243
182
67
231
143
164
160
203
194
143
243
67
87
243
209
205
121
165
172
67
231
205
231
165
67
231
205
147
165
229
166
106
121
165
231
121
40
105
231
76
231
105
143
106
143
80
143
165
105
165
87
59
146
146
21
231
40
38
29
252
132
143
66
143
80
9
29
6
165
129
75
89
105
98
141
136
141
197
29
146
54
151
84
80
40
106
84
9
143
31
87
181
204
31
209
80
208
97
204
97
91
77
67
222
151
89
177
204
6
132
150
136
165
84
84
136
136
136
98
16
87
16
14
136
136
189
204
182
69
46
67
146
254
54
165
253
208
160
204
97
91
169
80
87
147
3
54
200
222
151
220
51
132
243
157
151
151
168
173
62
254
112
160
165
122
54
3
71
168
80
200
71
90
168
62
62
98
97
22
96
174
54
71
109
211
112
68
143
97
216
177
7
172
10
43
3
22
168
50
66
226
18
14
13
50
94
182
211
71
174
177
168
132
211
165
97
13
14
141
143
140
126
80
71
245
141
143
187
126
13
122
177
12
154
182
217
122
98
182
209
50
92
182
182
14
216
208
187
11
71
92
173
182
140
209
71
209
150
62
146
237
55
90
156
168
211
111
14
209
92
67
230
18
168
122
54
218
7
177
116
116
141
143
98
11
9
24
196
150
14
154
206
136
97
50
122
230
43
75
182
206
116
90
134
166
206
104
11
138
171
171
36
216
171
217
122
12
187
230
18
177
101
138
14
187
137
124
208
79
99
118
120
212
58
229
165
87
181
85
64
75
143
138
136
34
122
74
70
9
69
136
116
62
187
111
143
141
36
206
67
209
148
99
174
98
182
73
187
77
230
90
148
18
141
8
11
66
156
58
30
194
97
58
111
209
37
243
227
118
132
248
243
225
172
132
174
26
256
30
66
192
187
42
28
205
171
208
144
47
92
66
30
37
28
142
90
209
116
58
256
79
40
124
173
249
143
224
34
204
28
112
6
227
122
34
66
47
129
171
117
111
90
209
134
200
190
243
13
17
217
6
6
116
171
118
193
30
7
206
143
101
95
18
17
95
122
254
6
213
145
182
198
216
132
133
17
125
13
64
151
122
243
63
187
151
122
122
132
99
113
48
104
249
188
41
249
193
7
13
158
211
171
2
207
197
251
208
157
32
177
9
211
87
215
188
143
112
132
217
156
254
73
66
89
4
16
238
64
38
2
132
9
238
93
5
182
187
95
17
73
124
111
208
75
20
248
182
62
13
178
171
95
233
224
31
27
145
218
25
154
249
49
108
128
96
24
37
208
12
5
134
184
17
256
171
1
15
147
79
156
103
85
238
85
2
201
70
118
225
45
182
161
203
169
94
171
167
158
207
77
115
70
76
22
122
207
220
154
185
218
226
183
7
58
167
63
2
242
85
57
86
142
251
146
224
79
124
224
56
201
201
192
94
193
9
34
215
24
203
87
144
241
238
240
228
68
69
85
145
118
99
216
31
226
27
235
120
63
173
223
255
224
25
52
174
243
134
101
24
169
149
63
81
15
193
73
132
31
141
178
89
224
226
229
134
12
167
150
195
247
226
79
161
219
196
82
224
224
192
247
195
15
205
161
169
154
70
192
137
99
104
122
19
200
109
169
233
224
157
164
96
157
188
34
238
125
224
191
106
224
125
158
69
28
234
111
92
245
133
59
24
134
20
137
132
99
161
44
125
185
193
116
116
223
110
192
169
15
88
248
31
108
132
134
243
132
13
116
132
135
246
201
137
142
173
242
111
