153
153
162
162
153
128
194
153
74
143
176
153
165
74
165
194
146
74
153
165
153
185
175
74
29
75
84
74
59
251
36
209
74
25
175
74
194
183
175
209
222
152
153
208
59
222
75
230
3
153
183
74
234
8
16
185
160
222
244
204
18
177
204
143
13
81
36
185
97
186
71
164
71
98
164
71
239
71
54
209
162
151
143
54
54
54
185
54
151
143
254
186
95
175
5
8
152
71
107
74
151
253
127
95
127
95
191
8
153
95
90
140
185
143
8
95
174
95
194
144
222
113
127
54
37
162
165
115
151
160
191
95
97
89
165
165
8
95
214
234
17
165
254
89
89
8
107
234
244
36
76
92
93
76
143
62
253
119
8
208
166
98
8
165
128
89
152
144
98
71
98
12
81
209
19
12
165
208
124
143
128
98
72
164
165
16
176
17
54
71
222
41
175
78
175
235
143
54
97
235
50
127
93
125
21
183
16
50
250
209
21
98
41
206
13
50
143
182
62
253
143
250
166
242
44
251
54
25
191
92
235
169
94
235
71
62
16
31
103
17
19
119
251
31
121
239
52
116
16
172
172
143
94
15
147
200
143
54
41
172
172
127
91
57
118
119
141
138
119
113
5
114
243
47
242
213
86
44
172
110
203
18
219
54
174
52
89
66
115
235
22
87
172
129
193
152
143
238
213
143
16
229
213
229
16
143
151
129
51
54
87
129
52
159
72
127
106
193
119
156
103
3
123
123
96
17
118
72
119
15
45
229
28
52
5
157
172
56
144
47
123
200
203
123
231
168
143
121
219
182
62
78
177
46
186
84
235
153
75
194
107
166
17
175
78
51
34
253
84
41
181
208
5
52
164
31
164
80
4
181
138
244
164
177
129
46
222
144
53
229
256
222
253
243
151
194
4
177
151
89
219
194
200
138
109
171
224
109
197
182
46
250
203
136
136
178
10
118
55
188
249
138
123
222
182
206
95
34
63
181
208
134
48
151
25
228
222
151
80
146
113
51
228
119
129
146
165
208
152
84
141
129
173
104
125
183
111
113
38
184
175
51
244
254
224
214
98
51
183
94
227
51
243
96
217
214
154
110
243
243
151
51
238
227
231
111
104
235
165
162
19
243
238
235
238
228
99
13
89
125
107
227
72
132
98
174
219
111
111
22
116
138
181
201
222
99
38
66
119
183
64
246
118
216
87
191
149
217
224
10
255
194
179
104
126
87
59
245
254
72
49
181
219
252
111
241
181
188
184
98
254
192
238
245
203
110
219
245
134
178
190
34
179
64
255
122
245
89
190
178
110
186
86
133
245
196
92
181
111
201
129
220
89
96
47
183
99
170
74
193
34
149
99
239
111
111
236
188
103
219
246
216
224
248
186
216
12
235
194
133
245
253
108
33
15
102
89
223
76
91
21
111
10
96
248
196
48
249
244
88
247
188
248
243
137
5
224
237
192
13
165
34
10
96
178
29
256
170
201
134
110
64
79
36
230
124
153
238
219
22
105
111
219
5
228
195
98
110
10
4
238
146
21
91
196
248
187
238
233
69
194
47
236
182
64
52
10
64
186
133
96
173
170
173
223
169
186
88
214
224
137
116
203
175
173
76
88
34
13
62
1
222
8
103
74
236
219
145
112
83
244
196
36
10
64
208
69
16
13
10
188
147
219
17
10
43
248
222
240
240
103
229
111
145
224
228
173
86
47
196
134
162
196
35
170
188
192
68
171
225
217
157
144
69
153
252
149
81
115
201
175
69
238
208
252
193
42
114
86
194
178
81
182
4
64
35
34
111
252
96
12
221
222
252
91
61
13
76
196
242
173
201
249
242
201
131
110
201
201
196
196
49
170
201
253
241
86
200
50
211
91
199
148
163
169
96
196
133
219
228
168
67
86
64
134
199
169
74
146
88
61
196
47
178
211
111
238
110
85
236
174
201
86
27
76
139
201
169
78
249
72
81
108
86
240
192
130
133
228
201
67
103
65
223
252
194
201
202
201
61
49
8
170
77
64
49
212
237
35
219
146
149
22
228
110
183
35
242
13
76
76
15
200
22
134
163
179
163
163
176
190
35
229
201
238
8
14
120
238
26
64
129
170
190
220
14
179
200
219
91
18
124
147
157
76
34
86
34
117
238
12
220
12
85
111
93
196
67
201
74
3
201
192
188
61
187
250
69
71
144
88
86
35
31
11
144
96
238
88
201
240
48
238
47
238
124
41
49
79
201
238
225
170
9
16
146
236
81
11
81
173
96
201
108
41
154
230
79
10
13
81
219
32
56
85
222
203
86
199
203
248
145
110
27
153
154
38
15
64
88
228
204
201
203
173
248
103
242
10
136
103
175
11
237
169
212
110
138
175
190
201
74
10
118
10
199
250
35
96
64
222
236
248
124
217
27
79
183
115
76
228
253
230
85
86
79
79
88
85
240
203
109
79
85
91
238
10
227
131
65
229
88
183
187
75
201
11
201
148
130
128
207
255
201
173
253
93
34
248
10
10
237
192
91
8
256
44
256
52
91
236
192
13
229
223
201
42
196
170
102
25
201
93
196
116
122
27
240
238
175
64
81
170
53
145
83
109
252
1
222
253
240
64
86
201
201
19
201
133
184
111
103
146
187
10
115
110
86
11
238
96
100
134
79
201
10
186
64
65
148
14
238
64
201
12
56
256
19
214
170
103
105
201
201
183
196
26
35
240
228
26
175
88
65
133
110
203
196
64
13
236
228
228
35
134
111
236
86
10
93
238
228
240
86
88
57
35
