80
146
176
176
135
182
176
153
172
67
74
74
54
170
52
52
170
66
236
66
74
162
74
172
84
172
140
84
112
153
52
16
240
52
112
206
128
70
84
242
62
176
230
118
29
164
211
153
242
74
58
143
204
75
97
170
91
204
242
141
185
100
112
151
75
146
203
136
140
242
60
209
242
88
162
141
7
120
204
209
132
14
242
162
27
143
210
84
43
164
114
232
204
230
208
31
209
137
205
112
112
60
182
7
202
242
129
132
60
174
140
147
251
205
155
114
205
232
22
241
144
95
143
181
249
203
83
40
27
209
87
209
239
150
146
240
150
88
205
10
83
140
204
7
199
225
171
209
97
209
84
73
117
147
242
83
42
50
84
223
239
166
69
146
23
230
183
249
146
239
191
165
75
162
144
143
115
165
67
165
60
194
239
1
81
1
128
182
29
205
160
14
202
84
253
123
165
223
155
189
84
117
24
176
194
144
176
194
42
151
176
160
88
54
83
205
84
120
53
229
204
98
225
77
177
143
1
138
162
162
42
143
84
52
202
115
160
230
231
59
118
121
256
85
50
241
253
150
188
239
89
29
199
150
106
117
186
66
60
75
194
125
10
66
117
208
141
161
97
32
82
10
85
207
178
204
82
33
205
94
61
143
230
61
230
181
157
176
29
220
107
117
82
146
218
3
209
231
203
231
205
56
121
184
53
241
58
166
225
239
157
85
178
228
115
181
121
240
59
210
209
227
80
178
240
209
147
24
112
115
110
97
121
137
204
29
203
121
31
186
100
166
143
35
82
137
235
136
169
32
243
42
140
50
112
42
181
208
208
123
117
55
33
151
28
63
144
85
136
42
197
133
103
184
130
100
147
248
235
145
84
117
118
253
225
1
25
146
115
170
205
12
100
40
214
128
97
148
231
112
39
215
204
28
33
137
208
195
27
107
84
205
28
89
143
115
58
139
155
104
213
241
40
249
115
118
112
52
195
63
164
204
205
249
139
147
150
205
139
50
97
14
245
204
178
6
27
27
195
139
97
186
59
54
135
91
85
240
3
139
33
3
169
249
210
224
194
208
137
6
85
194
60
58
221
17
31
193
73
3
147
7
97
139
221
95
84
250
121
214
155
205
17
29
88
15
130
24
21
29
13
93
25
22
222
83
117
162
26
150
203
17
14
71
190
135
82
85
55
85
103
137
182
241
139
82
69
214
205
61
194
224
24
204
155
104
115
11
82
27
85
125
96
85
214
59
5
211
22
88
70
193
70
60
130
170
117
176
36
58
105
55
104
238
176
92
176
219
24
84
95
157
210
167
73
28
7
28
58
77
155
82
198
58
242
106
223
96
28
205
5
89
189
82
231
143
29
111
255
103
84
251
74
146
145
214
85
99
13
153
233
14
140
195
211
213
197
48
213
255
220
197
23
157
184
44
127
77
102
133
55
58
249
256
82
10
26
216
197
15
115
56
63
191
24
23
157
82
213
42
214
139
55
208
218
57
213
157
33
72
137
184
107
218
189
214
187
256
163
205
74
254
12
84
157
82
210
82
210
49
99
249
155
25
157
82
215
111
218
106
191
117
255
205
12
55
85
26
82
178
234
205
155
106
157
249
205
131
184
64
11
191
29
77
205
213
85
218
12
159
115
121
255
115
133
15
55
157
82
70
82
82
155
90
74
26
64
157
197
64
55
81
224
214
197
169
102
117
213
58
78
82
83
178
56
184
24
157
157
205
85
29
89
238
210
213
67
117
12
19
105
157
197
1
163
203
132
46
197
82
249
76
255
82
210
213
82
197
75
120
56
111
82
213
213
211
4
204
33
213
82
158
213
111
157
214
42
12
131
213
78
115
55
82
78
157
106
133
197
85
42
82
82
222
160
64
157
157
31
82
247
196
213
214
197
193
99
182
106
196
220
82
210
214
82
197
197
159
220
42
96
82
145
82
197
72
12
49
215
178
197
157
69
99
14
82
82
190
213
150
228
197
176
57
155
148
76
45
157
99
240
248
255
161
82
238
197
157
48
197
197
136
7
117
198
197
255
219
170
117
124
82
115
54
157
255
157
197
181
213
193
155
9
12
242
45
248
197
213
179
220
103
82
178
197
159
157
256
197
82
157
39
197
102
39
213
183
32
213
250
50
55
184
255
237
157
109
180
96
213
157
77
232
184
157
256
25
205
111
62
111
232
82
220
238
3
84
202
69
205
53
85
197
213
197
197
204
159
197
194
12
111
248
115
77
157
107
197
159
14
184
104
197
120
202
213
157
255
211
157
145
189
155
77
197
82
45
157
111
102
155
248
82
143
157
157
82
82
108
13
143
82
145
214
242
96
213
197
155
256
106
82
140
179
201
214
56
5
197
158
157
139
197
179
20
82
57
218
197
77
82
105
196
71
45
232
111
172
133
159
45
197
248
197
79
45
184
42
19
230
106
48
185
197
157
57
249
63
117
82
242
154
106
104
15
255
197
80
111
197
141
106
213
121
56
12
214
101
213
82
64
72
204
161
200
82
45
213
213
201
181
148
197
197
15
53
121
137
250
214
204
42
163
24
42
255
131
189
70
163
70
238
133
189
167
204
45
157
190
193
175
220
70
242
157
213
77
158
155
197
4
86
116
77
159
39
201
157
104
157
203
24
58
116
15
13
82
161
155
82
213
255
197
79
38
197
34
57
213
197
196
185
211
220
190
242
45
57
155
85
111
90
159
116
85
157
76
115
157
155
111
250
34
48
213
45
133
161
106
169
23
157
250
101
157
159
159
216
82
213
86
213
79
207
197
6
197
197
155
213
106
77
215
72
6
238
219
157
111
109
192
85
201
161
72
73
13
46
214
241
183
124
157
197
197
127
196
82
133
89
157
213
11
157
197
197
155
52
86
14
161
133
240
155
201
137
213
163
85
213
213
238
213
133
53
82
19
111
10
201
112
197
241
213
15
189
228
38
159
201
157
130
205
56
197
15
63
196
197
197
197
155
203
213
247
82
39
250
214
201
64
135
197
31
161
148
202
220
210
237
25
213
233
240
61
133
201
155
79
240
34
101
201
240
161
16
3
157
102
48
201
23
219
247
49
248
22
255
76
133
86
12
196
81
189
249
56
197
248
201
242
54
53
197
86
138
176
220
238
34
161
161
157
219
248
196
237
138
35
169
157
108
96
32
145
242
201
110
157
26
163
138
95
255
197
162
76
97
95
201
34
194
215
213
54
238
40
161
31
111
213
86
108
218
159
201
205
192
82
179
140
82
197
86
71
238
197
158
35
120
248
203
132
48
45
193
201
78
82
133
228
158
56
201
255
163
115
196
86
124
213
128
14
201
228
37
169
197
213
152
26
64
120
238
182
248
95
89
219
196
175
79
171
187
56
255
56
249
14
86
186
247
25
101
227
133
238
86
103
223
182
25
26
201
215
256
101
5
