90
90
90
90
90
90
250
37
37
78
34
168
38
38
38
126
38
126
3
192
37
219
37
126
3
187
38
37
76
38
37
126
145
76
106
211
211
106
18
248
123
65
248
65
244
119
220
168
55
123
220
51
42
64
111
119
150
38
65
211
126
106
220
187
94
38
248
76
83
18
131
241
3
248
38
246
37
244
131
101
181
34
153
110
171
131
65
181
88
224
34
83
123
176
248
110
188
131
83
147
168
147
245
65
117
95
88
226
178
212
46
120
76
147
65
217
69
105
131
61
118
147
181
246
248
117
222
38
204
38
110
172
118
63
3
93
37
182
63
168
226
129
123
178
217
93
182
131
174
118
78
118
54
93
183
245
222
118
176
105
188
38
248
63
142
129
38
136
151
54
131
90
167
114
241
83
99
217
1
51
37
147
141
131
93
129
226
122
16
222
92
171
233
101
61
52
64
108
135
37
114
118
109
153
114
105
246
15
18
24
187
52
123
222
131
233
199
122
93
93
182
247
28
94
109
32
78
245
54
171
109
118
136
9
111
222
171
245
127
3
63
122
131
131
122
222
44
182
129
119
129
199
154
19
168
216
94
172
13
141
118
171
247
216
199
118
61
131
182
129
182
123
118
222
93
89
106
154
141
19
182
220
199
114
78
78
199
78
122
9
216
106
189
141
171
118
131
204
96
94
204
248
245
58
74
93
37
78
150
236
171
190
46
145
245
177
89
248
105
96
76
147
6
129
128
93
118
153
173
226
220
109
172
207
26
125
147
109
199
217
188
5
3
245
145
11
168
153
178
69
38
5
211
122
75
38
123
255
226
207
24
61
93
84
229
44
6
189
93
245
38
58
54
8
44
127
175
139
233
168
22
49
141
34
211
181
137
145
153
106
122
85
192
238
226
154
175
72
206
171
96
220
167
171
233
122
198
111
123
3
167
14
30
96
3
175
245
42
171
72
228
224
228
181
72
4
94
21
233
167
217
120
116
56
57
49
14
224
14
110
178
245
198
245
86
37
240
123
175
93
181
152
167
206
147
24
150
198
24
197
91
168
145
227
3
44
62
108
153
28
207
109
175
13
93
178
91
46
105
147
117
179
24
145
26
38
233
198
191
122
106
182
12
145
133
52
204
233
141
72
204
33
24
198
198
38
78
123
235
13
168
154
83
12
233
158
207
139
247
233
228
139
238
130
193
116
113
9
14
61
74
45
57
157
233
90
13
24
187
184
113
117
233
233
90
26
191
5
131
179
139
158
176
168
200
171
