128
176
128
128
36
181
194
128
176
231
146
75
253
75
128
206
203
244
93
206
203
146
75
90
93
187
156
181
181
75
174
33
67
176
170
94
61
183
146
181
69
147
194
90
205
231
11
28
33
206
90
136
177
90
145
166
98
135
131
256
18
75
168
206
75
208
168
168
158
251
213
176
50
206
222
75
182
75
187
170
87
61
93
206
251
36
228
121
150
13
223
235
211
64
169
93
136
146
90
182
138
107
136
114
3
254
128
147
18
251
135
182
208
18
181
256
206
154
67
140
90
75
138
76
13
164
121
254
18
129
208
185
128
75
54
239
231
129
180
250
166
250
206
146
77
41
206
226
95
249
171
122
249
136
212
18
231
122
140
181
64
66
135
175
160
90
154
211
118
79
186
212
223
154
142
182
31
185
154
75
181
107
208
106
231
229
36
253
170
176
113
187
229
240
244
192
97
168
15
206
241
208
107
18
147
70
150
222
184
114
160
121
40
206
253
18
59
135
231
24
136
201
168
95
195
184
181
122
146
210
201
33
191
207
46
230
193
130
180
206
30
7
42
226
67
80
238
114
113
64
182
185
183
160
144
114
184
41
136
206
244
162
21
113
16
97
217
138
67
182
37
144
184
154
104
89
140
16
28
210
31
194
206
113
95
244
111
20
97
208
199
156
150
64
65
222
237
63
7
121
74
199
58
135
113
33
110
115
15
204
208
208
114
186
129
136
182
84
108
217
168
191
176
30
31
217
71
238
125
143
47
112
156
100
14
195
28
212
16
122
136
222
24
250
222
179
13
77
31
10
246
14
206
44
195
150
206
5
194
222
235
222
146
28
41
254
208
67
156
229
205
154
174
32
129
97
58
90
59
13
91
67
7
230
97
121
3
144
11
114
151
33
65
147
167
90
235
97
151
226
185
41
104
132
63
171
195
114
178
135
32
20
27
206
224
36
240
137
248
14
191
165
169
183
98
76
53
40
136
67
184
226
97
114
36
84
91
115
91
203
79
256
136
91
204
128
41
139
107
205
83
14
73
164
59
160
145
145
248
201
36
77
79
90
250
135
28
236
17
64
122
141
28
226
113
107
34
61
33
93
96
31
13
201
100
208
190
181
175
176
144
63
169
40
90
40
238
18
2
151
203
64
91
14
75
67
18
129
69
98
100
153
248
78
140
90
181
237
150
109
183
185
206
76
182
67
187
182
171
240
121
110
7
47
160
114
227
44
108
154
34
144
58
167
14
175
113
190
130
19
41
28
211
28
113
117
146
81
164
20
132
156
121
95
108
206
109
108
33
182
194
244
77
169
67
63
221
154
34
78
166
122
180
125
186
153
201
224
237
170
34
91
35
217
31
14
203
135
75
24
131
61
229
47
18
142
227
135
41
212
11
116
252
105
26
95
230
200
200
138
153
171
37
228
97
74
34
191
231
229
29
28
46
7
179
171
6
122
224
90
67
68
151
93
219
152
115
26
195
194
220
206
222
35
18
127
114
11
202
192
97
176
112
168
114
219
182
245
96
4
238
80
26
171
79
236
89
87
227
212
230
156
33
212
198
25
166
111
91
230
79
34
40
252
188
121
176
108
211
231
108
1
115
223
171
44
70
181
226
199
238
229
95
109
135
105
219
152
201
16
152
182
74
103
152
67
24
182
244
25
118
49
96
144
34
80
109
170
216
222
69
191
19
102
29
181
30
181
222
135
47
141
132
145
8
28
114
170
90
118
226
134
121
214
8
110
109
110
216
222
221
115
62
186
138
67
224
109
176
20
2
147
15
75
6
138
47
187
83
35
171
251
222
206
2
226
217
226
1
83
70
97
201
203
227
146
14
69
83
137
170
136
113
110
47
76
106
38
245
200
34
57
11
108
181
222
205
200
217
169
1
30
103
35
131
136
76
11
59
70
175
118
31
105
225
64
180
236
139
119
76
248
33
176
136
168
140
140
69
130
25
103
125
25
75
222
190
241
145
81
146
229
158
89
11
151
256
108
222
102
125
2
238
140
14
228
220
141
211
11
33
241
117
243
184
14
115
64
19
5
69
81
251
57
252
222
19
183
46
182
194
14
37
8
10
73
158
14
97
57
191
146
122
121
201
115
158
143
177
3
11
138
37
80
164
171
168
253
182
200
253
201
206
139
102
34
235
238
205
200
177
201
16
59
220
206
58
103
27
27
47
24
245
242
171
241
33
169
65
132
92
244
107
11
226
14
150
111
254
132
142
254
39
65
201
96
255
89
174
131
94
63
236
181
217
67
130
118
55
8
111
8
6
217
226
200
34
102
40
31
216
106
151
95
33
217
90
178
222
169
96
7
34
177
145
22
130
251
241
102
184
205
76
201
19
22
35
135
146
102
211
147
252
28
145
235
227
40
193
19
11
6
68
122
225
248
90
231
237
183
36
191
186
29
5
89
254
181
232
5
98
201
188
61
254
227
6
223
132
188
181
251
235
64
69
253
223
236
28
174
24
237
152
131
256
6
80
203
121
100
96
114
132
46
65
192
69
11
171
49
142
244
105
8
183
65
249
121
187
102
212
14
166
231
235
46
238
199
250
40
151
103
128
217
33
17
234
138
137
91
47
102
248
171
94
178
40
55
174
182
194
188
226
126
134
241
15
75
183
171
181
192
111
205
116
190
61
247
142
141
38
222
146
230
47
238
254
14
106
242
254
250
8
8
6
192
25
97
138
144
228
224
254
145
122
117
100
179
105
124
195
183
113
52
2
256
201
64
170
93
121
88
196
214
237
154
200
77
188
120
196
199
137
97
221
123
212
226
159
253
26
182
129
222
59
33
134
38
34
243
41
231
109
184
14
201
9
212
69
184
252
64
225
243
171
216
40
31
170
203
116
226
101
200
187
21
138
248
145
57
64
179
147
26
187
151
131
67
6
194
139
227
201
58
224
27
79
11
226
7
62
41
235
11
147
11
65
113
113
52
160
25
66
219
12
128
27
57
218
187
231
251
133
135
140
69
75
1
121
81
253
113
238
90
225
59
101
93
32
42
201
41
70
236
94
132
79
201
2
76
98
161
43
32
60
79
28
79
69
175
252
103
186
132
60
201
235
66
182
64
147
171
220
67
201
9
77
182
182
122
185
223
185
83
6
41
189
14
89
91
187
136
11
100
57
80
31
184
128
59
96
75
227
70
199
136
9
103
8
126
199
77
140
94
144
128
108
216
200
182
201
76
11
113
132
179
244
184
227
216
50
55
231
250
94
130
114
220
31
132
221
124
178
61
177
229
199
132
234
18
66
14
227
1
17
216
151
61
181
47
247
138
183
241
61
185
69
37
31
89
137
248
199
132
35
49
201
53
219
174
192
44
106
69
201
201
121
146
65
219
252
59
121
203
14
216
94
145
192
122
199
229
63
101
144
220
89
93
185
19
21
64
190
129
67
10
228
136
2
12
47
18
144
2
188
36
151
29
25
199
16
183
95
197
234
219
76
87
113
247
5
255
223
236
198
5
10
228
204
59
199
111
65
94
65
43
199
195
78
144
187
184
77
134
136
197
196
147
176
224
77
109
191
88
11
15
182
183
19
236
84
192
100
115
136
183
109
236
147
126
122
43
247
152
63
126
65
138
130
15
134
227
95
103
192
131
131
181
223
136
100
111
188
250
238
128
230
215
115
76
81
34
183
66
222
127
225
167
213
127
95
28
22
174
247
5
10
101
199
235
168
15
192
61
18
186
176
122
103
221
190
10
238
136
199
11
199
76
71
155
57
57
218
117
5
61
104
241
166
61
238
9
46
111
229
93
30
167
229
249
218
28
61
113
34
217
226
66
201
199
196
66
33
216
33
135
102
76
135
201
204
37
200
199
216
116
69
174
218
142
34
219
101
248
4
115
132
108
138
65
109
136
144
127
201
238
143
174
227
89
205
253
118
132
199
194
194
47
154
212
138
18
223
2
26
253
121
226
187
192
78
58
91
238
231
19
41
215
93
147
194
212
179
236
237
81
77
85
124
83
210
155
191
119
5
7
104
252
170
238
47
128
96
109
132
225
255
52
43
79
191
227
130
102
236
224
8
112
212
65
124
39
205
70
95
120
147
236
41
138
49
201
176
192
187
195
79
228
137
7
49
108
24
115
133
141
103
84
201
201
24
121
200
216
20
175
112
135
111
171
79
216
161
59
170
61
81
79
109
233
122
83
144
198
34
184
211
43
191
15
93
228
108
39
200
172
60
52
224
238
224
195
62
184
77
141
221
181
55
228
211
211
194
120
179
35
216
248
238
197
187
38
227
154
64
155
13
183
236
79
172
39
94
125
147
58
203
247
64
124
11
216
179
201
14
253
83
203
216
183
201
131
197
114
124
91
188
90
120
109
61
42
124
8
131
135
223
135
114
210
70
218
42
221
83
41
106
228
169
242
14
131
147
201
191
52
135
89
88
103
124
190
201
52
70
77
182
159
22
131
100
77
39
82
131
238
8
231
130
19
253
42
184
216
103
89
64
124
1
191
94
108
42
189
96
114
57
83
53
25
174
132
22
201
131
109
191
39
35
81
238
17
244
253
207
38
201
246
148
229
61
201
148
228
154
247
153
52
203
229
248
42
110
103
124
53
5
74
250
140
184
247
108
25
19
194
201
43
130
139
26
242
89
227
67
248
61
248
64
21
67
24
96
78
14
197
235
32
135
114
124
167
189
25
134
212
154
94
1
176
218
77
110
94
219
200
184
109
201
176
236
4
87
77
219
88
138
33
133
249
184
65
177
60
142
131
142
124
201
90
248
133
142
227
197
57
190
70
235
109
35
67
120
113
133
174
210
100
34
10
182
199
199
135
241
201
10
225
32
193
103
187
246
174
167
158
218
24
247
178
50
104
64
10
35
22
175
139
8
177
216
21
185
242
133
109
96
221
246
9
25
65
59
198
183
124
219
60
199
22
162
94
15
18
142
169
42
38
121
100
10
34
100
164
201
11
59
122
10
50
100
43
26
218
118
187
192
8
8
81
172
131
38
17
135
64
33
84
124
174
98
100
124
130
60
87
4
87
31
131
247
132
192
14
143
1
118
66
109
105
17
216
1
39
10
22
118
11
65
15
218
211
211
65
221
41
5
135
109
4
30
201
211
53
143
137
119
111
109
9
19
39
155
53
39
227
246
59
67
35
99
109
91
201
77
196
230
182
60
39
102
124
31
132
43
109
199
74
28
188
1
100
65
53
120
64
25
84
135
137
1
35
182
38
109
78
135
9
44
4
77
5
108
92
167
109
20
231
113
33
53
60
20
76
44
203
133
131
78
187
4
44
105
106
109
109
105
39
131
212
182
130
60
76
247
248
224
131
192
39
233
212
78
246
109
11
160
222
212
65
211
118
67
195
194
60
226
198
1
87
152
100
250
43
1
226
30
100
60
78
60
142
170
110
77
198
107
187
187
39
140
119
100
31
33
65
192
207
79
152
60
110
88
82
60
217
139
230
132
132
187
60
187
11
119
100
4
78
5
58
176
10
25
39
196
90
107
70
132
240
1
100
60
1
187
38
48
90
187
1
84
38
119
229
4
168
244
90
40
35
187
152
78
109
78
187
64
240
47
119
226
109
41
78
244
156
135
78
