150
59
144
150
256
84
10
58
75
150
75
146
29
249
205
205
150
71
75
231
205
75
164
84
29
250
29
75
146
131
209
75
31
205
33
67
27
176
33
205
146
59
25
40
208
27
75
203
33
205
58
80
84
27
128
176
58
184
188
179
101
150
29
150
233
146
80
70
95
33
150
211
209
25
146
40
233
20
128
33
176
230
153
135
33
164
95
205
124
242
211
101
27
146
33
95
228
203
40
231
182
36
117
33
205
6
184
150
176
84
18
46
176
199
107
205
67
75
41
150
256
162
150
150
67
110
126
15
164
33
105
183
164
248
208
256
211
164
167
33
31
252
205
29
168
208
138
113
55
67
196
253
95
164
208
241
166
85
117
121
164
59
176
205
109
182
209
50
41
164
59
105
7
253
58
135
182
146
249
33
209
122
150
205
209
29
209
247
209
162
15
7
256
209
165
231
65
208
182
150
97
135
10
160
176
17
208
89
209
67
150
26
68
75
67
84
29
177
180
176
206
184
77
247
36
183
9
80
59
164
192
146
253
63
55
120
77
206
38
135
216
158
58
29
33
150
222
176
205
113
13
10
164
208
25
179
33
231
249
29
47
150
176
249
184
88
209
26
209
249
184
188
124
176
256
245
169
206
36
21
150
29
245
58
243
66
59
247
209
192
184
255
172
249
212
209
33
17
230
29
209
208
7
7
7
43
241
106
24
82
58
67
141
178
136
168
25
92
222
58
135
230
33
58
150
29
58
41
122
176
66
29
66
187
188
58
211
164
66
75
80
104
109
120
209
135
249
94
63
17
116
95
122
58
124
122
58
67
202
114
73
29
34
192
33
14
255
150
203
80
78
246
25
39
230
166
80
179
158
168
15
75
176
172
124
130
66
182
181
135
122
58
75
166
226
37
13
141
135
193
184
95
147
141
166
61
3
29
80
24
144
54
118
176
124
141
146
59
182
24
142
146
136
176
21
144
197
33
26
58
179
37
122
23
249
37
135
18
255
247
139
67
55
36
80
33
125
59
141
171
122
53
157
135
179
65
87
231
193
176
83
191
171
77
151
164
147
178
179
217
92
231
17
206
61
194
125
3
184
53
59
147
168
216
244
7
82
164
80
18
166
137
58
171
58
125
68
33
164
252
174
195
255
243
246
194
139
179
33
116
247
225
61
174
184
122
210
83
184
118
7
33
171
122
44
61
52
167
157
139
154
17
179
215
139
250
191
216
78
40
37
207
77
164
165
93
216
77
122
164
168
63
109
17
58
17
179
24
39
137
176
246
85
176
164
109
246
107
78
122
247
216
58
176
7
139
58
7
7
17
32
167
7
164
179
21
188
249
87
95
122
24
95
202
176
58
24
249
170
157
179
87
55
232
35
171
144
55
48
191
80
129
7
48
193
205
205
88
139
31
58
89
205
33
58
33
97
165
116
65
205
171
235
230
48
52
85
82
2
64
193
205
84
39
101
157
202
202
10
210
131
146
21
191
58
99
207
13
233
113
58
58
168
256
95
205
65
113
139
141
221
176
48
58
128
10
167
244
248
144
52
239
73
193
176
55
146
239
82
7
65
31
255
205
94
198
128
62
13
103
113
186
66
247
216
241
173
212
100
227
205
143
95
180
97
215
137
234
4
176
113
251
167
247
80
224
136
37
167
55
191
255
231
153
153
179
255
193
241
179
179
53
128
179
234
236
233
40
95
209
179
9
255
167
63
124
233
230
184
113
247
84
216
255
176
141
251
198
24
76
53
207
124
23
20
58
76
29
233
135
93
49
106
7
227
106
80
89
30
46
207
186
23
168
179
205
164
144
226
247
57
210
191
252
37
60
256
40
20
174
101
20
181
122
7
125
210
252
210
144
64
2
124
244
140
134
243
174
155
197
231
173
255
179
255
210
120
210
202
193
202
75
193
248
122
211
157
233
169
80
202
89
4
167
193
210
255
107
116
178
162
89
202
210
244
78
218
186
210
244
241
236
193
130
210
202
31
231
255
2
232
202
155
82
203
176
120
202
179
9
202
20
122
31
56
155
210
20
210
189
252
49
255
107
247
167
191
249
157
120
247
218
27
24
57
63
198
45
231
96
179
189
23
193
194
247
189
26
219
155
249
36
179
157
249
161
176
26
101
202
210
120
52
193
218
216
139
167
203
63
191
33
56
179
15
210
86
176
134
53
158
86
247
164
158
125
164
39
213
155
216
96
49
210
198
256
161
198
252
247
191
179
210
191
