7
208
208
208
208
208
95
95
28
138
138
95
28
113
95
193
193
136
208
209
138
171
211
84
114
212
73
181
143
211
209
170
143
102
193
168
168
244
212
17
225
231
225
244
81
250
65
208
138
225
112
206
225
208
5
8
123
28
123
182
251
8
208
225
182
28
225
189
3
97
28
182
123
97
28
126
182
18
140
113
244
8
250
212
3
225
144
64
110
15
201
28
212
225
225
198
212
54
182
81
6
250
40
51
251
28
212
113
15
105
222
168
250
7
51
105
6
123
191
165
79
212
165
8
97
92
181
154
150
123
150
208
166
211
129
174
97
54
211
105
51
6
73
38
123
181
165
15
51
123
231
97
140
181
123
250
235
129
92
68
80
181
154
105
87
166
226
193
51
127
124
138
226
243
86
211
127
220
235
210
210
110
105
123
250
47
17
110
105
212
87
239
79
123
183
250
150
22
90
86
128
128
211
199
177
10
181
250
128
186
209
239
47
121
220
205
184
129
90
256
52
145
54
147
87
186
79
95
38
86
124
177
123
36
75
17
138
51
67
144
191
191
51
6
15
206
162
177
110
92
222
36
150
177
198
11
24
150
126
181
239
245
255
95
65
206
147
110
26
174
76
181
140
125
181
47
14
129
245
127
128
235
210
160
6
235
252
226
54
127
129
221
164
177
7
92
105
231
110
129
129
132
85
6
198
250
242
184
114
216
191
189
172
27
170
28
126
10
74
79
174
26
127
185
243
3
129
86
122
122
94
105
251
123
250
68
80
199
67
181
78
205
94
190
147
225
3
28
140
3
68
72
213
171
11
28
174
128
3
226
98
196
147
14
219
122
75
242
181
37
220
181
185
220
251
3
226
126
3
228
94
248
94
96
212
171
236
87
67
122
115
199
96
222
63
174
181
171
28
111
18
22
151
54
75
236
24
151
114
210
239
37
244
226
220
164
200
251
28
46
129
198
150
125
225
116
93
97
220
181
150
255
210
211
77
18
171
49
49
105
96
93
207
220
116
147
245
24
63
43
74
75
122
130
216
9
101
136
253
214
179
179
18
183
57
226
255
126
145
94
57
138
25
61
219
229
122
151
13
94
132
8
20
250
92
8
220
125
29
5
28
195
36
150
114
226
55
71
93
94
181
18
253
175
59
189
104
50
229
171
66
183
153
135
211
135
20
208
191
158
183
103
250
211
253
179
38
183
12
3
81
105
113
185
214
223
36
191
50
26
174
253
28
207
153
122
231
193
71
71
11
191
251
222
154
164
25
199
78
206
57
77
112
109
231
181
28
38
20
171
151
205
154
253
141
43
174
205
146
49
109
125
107
240
171
2
36
198
3
92
216
25
167
125
20
28
245
154
118
57
109
198
98
214
27
79
193
216
226
244
139
113
182
133
206
104
92
105
38
186
109
92
108
99
37
239
225
240
11
143
216
40
40
223
226
109
22
109
77
93
216
71
34
126
99
192
196
77
113
192
139
24
216
4
160
77
223
150
67
119
226
36
61
251
212
226
141
4
106
209
57
1
38
171
226
226
251
212
184
51
174
92
248
109
154
109
167
233
39
101
109
6
208
227
226
243
2
1
118
144
144
47
51
77
18
131
130
192
97
194
96
165
185
21
207
129
132
122
36
207
76
122
226
176
209
74
9
14
76
107
18
76
79
116
79
122
116
9
132
92
44
233
221
156
90
154
77
116
233
113
107
77
167
43
119
89
66
119
9
19
38
192
63
243
131
77
189
20
123
193
122
216
109
123
116
18
38
122
92
245
193
122
99
226
46
94
187
58
188
63
88
9
11
123
66
76
236
9
188
216
139
122
2
200
6
107
93
37
7
222
63
18
193
139
246
14
154
10
124
94
37
99
240
102
236
101
131
120
89
83
122
75
245
4
99
181
241
28
216
64
247
21
193
8
6
237
244
244
22
188
102
49
131
70
18
70
216
143
15
215
252
246
137
70
91
66
18
36
188
252
122
192
55
56
188
93
28
220
46
116
10
37
29
241
2
128
70
137
172
68
164
220
164
204
64
34
4
90
175
207
77
17
188
34
138
43
176
43
14
156
256
215
43
70
109
226
19
245
4
179
196
117
91
186
102
119
29
238
126
155
109
188
124
223
92
91
132
92
157
70
53
125
70
120
193
81
149
39
77
109
233
245
33
192
148
187
216
213
132
11
186
133
117
207
33
22
117
68
194
70
124
187
131
70
117
137
256
