162
7
214
73
194
67
21
116
176
62
113
160
7
143
7
214
36
194
95
191
150
204
151
208
115
166
51
67
151
206
7
36
135
138
160
231
135
97
252
36
113
75
209
113
151
113
143
10
95
194
135
204
162
208
150
10
17
154
89
3
143
199
165
143
143
143
17
88
162
202
87
97
220
240
75
121
29
87
113
186
88
88
191
71
175
175
31
91
106
172
123
80
67
227
151
123
87
175
202
89
80
166
172
222
160
89
87
27
128
175
123
176
27
176
113
175
27
172
84
164
253
191
87
128
205
113
165
76
190
41
150
130
73
121
33
33
62
67
175
16
135
90
146
231
220
166
122
177
95
129
123
58
2
190
240
231
205
16
7
5
27
62
87
96
21
84
27
231
104
58
90
10
166
31
41
106
169
208
190
229
29
162
97
90
89
253
69
78
71
136
106
31
209
5
138
129
95
162
256
116
150
229
136
229
65
84
166
128
55
208
253
186
71
25
95
154
90
67
71
27
253
164
67
97
42
88
170
156
31
208
222
151
176
242
31
89
176
164
166
177
26
119
11
122
203
90
191
90
88
16
177
41
80
253
95
87
84
69
213
36
250
160
123
80
113
123
194
194
71
90
202
202
208
123
206
27
41
36
150
220
67
220
175
151
41
114
128
54
194
71
190
151
170
170
89
31
157
147
213
90
80
176
183
147
249
89
87
151
59
71
87
136
206
150
59
209
181
243
240
84
136
75
128
222
27
177
128
208
211
61
202
88
42
93
151
84
176
71
253
209
54
222
151
90
135
55
184
244
71
170
177
213
160
98
113
166
165
178
228
209
13
81
64
21
71
177
3
88
209
7
212
156
41
54
208
114
122
114
29
160
88
252
90
151
41
31
222
208
146
175
150
230
208
108
211
203
114
29
41
235
41
229
128
216
253
203
89
206
209
16
154
186
36
136
88
93
147
7
151
204
62
165
194
154
244
143
98
33
244
75
14
150
200
55
75
29
209
95
18
135
95
97
138
169
197
148
26
222
209
129
98
107
184
166
197
222
154
95
88
177
174
198
84
90
197
3
138
171
184
253
41
86
54
31
113
97
209
86
175
36
17
200
3
86
164
165
129
2
62
95
71
190
224
112
25
97
7
13
141
38
147
147
150
71
80
66
71
50
235
224
256
88
151
58
250
50
108
97
152
250
205
162
114
202
102
95
54
38
114
90
151
146
138
175
90
208
92
50
205
108
121
65
62
164
16
256
84
154
208
166
95
205
144
95
14
250
235
75
165
3
209
90
209
71
96
62
112
175
186
113
216
97
177
203
93
107
147
184
63
81
14
31
95
29
14
155
211
3
90
216
54
71
144
28
129
165
204
13
237
256
172
113
243
208
140
209
172
58
90
151
31
87
41
164
95
143
254
240
90
7
94
218
41
101
250
136
107
208
160
7
135
242
248
245
147
54
81
55
71
198
204
108
98
112
236
160
87
41
242
55
90
75
77
237
77
240
250
175
254
200
87
165
62
28
224
168
75
67
170
33
243
81
27
54
112
214
249
178
147
235
88
84
74
136
17
165
154
136
142
252
228
116
9
156
27
237
237
194
146
131
112
87
190
31
103
7
208
71
86
170
153
234
228
35
62
203
230
90
206
241
86
90
144
178
177
222
218
149
62
126
97
218
66
9
185
130
126
27
181
216
251
177
89
217
93
27
181
14
81
73
126
101
240
13
177
202
210
113
230
129
252
204
103
90
247
149
126
161
71
250
211
29
88
218
142
209
197
141
31
92
224
129
209
7
16
182
182
231
208
154
171
144
96
214
200
25
252
186
210
77
90
118
239
71
89
87
4
86
250
129
206
5
84
204
115
253
142
198
136
130
230
247
151
71
116
88
185
55
185
47
41
222
254
240
71
8
65
176
235
46
121
142
208
241
36
243
46
7
214
255
72
206
224
196
107
19
25
126
219
208
72
141
162
71
15
109
172
165
222
41
25
66
141
250
240
197
171
91
254
185
206
36
208
52
230
106
206
54
25
200
127
88
238
1
222
165
106
170
16
92
254
90
74
151
254
249
247
20
79
200
116
178
24
201
1
236
241
62
244
208
235
127
23
195
51
125
22
208
182
109
200
209
42
237
141
51
185
140
225
159
47
237
224
145
151
4
53
206
127
2
180
20
165
51
252
136
66
237
171
225
92
208
232
196
256
125
165
169
62
106
118
81
120
184
23
206
25
165
197
158
50
17
57
28
197
119
180
213
75
237
46
17
104
46
182
184
196
37
189
83
178
60
200
255
141
89
74
200
27
87
149
118
228
159
197
40
224
35
165
205
197
136
246
35
182
91
110
177
19
182
228
193
143
79
244
19
180
115
84
244
141
228
71
188
86
237
228
225
17
143
214
174
224
141
238
183
89
1
22
17
110
23
118
16
54
213
48
125
184
98
54
118
66
27
197
9
222
243
153
228
118
130
19
89
118
113
106
76
138
98
83
100
140
238
20
236
53
86
162
96
161
81
230
150
25
250
212
203
204
111
92
218
189
79
153
53
27
102
119
250
150
89
151
8
189
56
208
74
184
192
173
79
13
48
15
77
86
116
69
157
89
119
79
42
120
