80
7
205
205
33
40
59
40
40
40
40
150
59
166
59
231
40
195
209
209
194
245
59
231
95
80
127
40
107
80
93
194
40
150
58
119
127
95
130
31
144
229
1
182
93
40
144
130
205
36
168
251
217
211
185
231
31
211
191
205
1
166
40
208
80
59
231
4
58
138
42
40
233
150
208
17
21
231
84
205
40
231
17
119
176
191
208
168
9
239
21
128
135
93
67
138
176
245
84
208
127
7
233
176
211
203
66
176
66
94
7
245
58
17
17
165
58
246
154
21
7
231
176
176
58
211
1
211
176
80
176
174
176
246
194
191
66
24
153
107
226
138
211
84
1
58
138
125
251
181
254
117
128
25
144
24
254
58
231
138
17
39
28
39
226
24
17
193
28
28
28
193
17
92
165
235
66
191
58
138
176
97
24
125
8
194
131
254
21
122
24
191
39
24
131
245
191
68
60
165
21
67
66
226
64
246
113
135
58
58
78
174
42
132
37
42
176
39
35
132
162
191
118
200
60
33
176
33
172
113
132
33
58
216
174
84
27
31
33
241
33
176
161
242
113
40
109
256
121
118
146
191
149
117
256
198
146
42
244
33
176
33
218
256
198
33
132
11
26
186
113
39
100
42
115
109
64
111
135
176
39
162
117
25
42
59
88
117
35
162
256
78
229
256
35
162
253
146
42
249
198
77
146
88
115
170
187
135
27
39
42
169
176
1
31
35
33
176
60
202
176
146
88
80
108
256
136
240
162
256
176
42
256
11
187
202
162
132
42
190
35
164
192
186
180
176
33
80
111
166
146
70
176
35
256
39
117
33
135
188
164
202
78
146
204
64
115
78
187
176
33
77
169
39
42
256
256
256
144
170
33
230
78
35
242
64
196
42
64
52
35
176
256
187
88
40
169
45
35
256
155
33
187
202
256
176
256
31
176
256
45
27
80
67
31
10
169
20
86
35
230
115
170
125
207
