231
231
231
231
231
8
231
231
47
245
147
61
71
28
28
125
3
245
151
231
181
211
28
168
28
245
211
17
71
181
181
206
71
20
80
71
156
113
104
151
18
151
3
83
104
123
171
246
181
132
28
181
209
181
50
123
122
5
18
181
171
181
20
141
160
151
40
160
225
18
71
160
208
37
206
206
246
206
203
80
62
206
43
217
125
47
206
246
224
225
171
160
4
208
11
188
151
125
51
132
61
121
246
181
141
90
185
144
65
40
217
121
198
118
225
102
78
200
171
206
129
68
226
208
37
143
246
49
108
227
132
109
37
217
151
171
37
130
186
160
124
246
226
206
154
217
125
222
37
107
4
182
90
92
203
68
218
171
245
231
47
37
198
37
67
108
244
89
181
92
4
168
35
246
104
243
236
29
166
144
244
51
246
36
147
21
246
98
18
206
68
47
171
118
154
47
243
59
68
146
68
78
141
111
206
24
67
37
35
246
141
132
62
194
109
151
241
80
191
130
185
107
104
143
108
156
141
37
194
221
98
21
40
35
246
246
18
8
141
185
171
68
14
67
107
165
130
118
75
68
166
125
70
78
18
68
165
206
61
246
222
191
217
217
102
67
151
206
222
154
122
118
182
243
107
156
81
21
225
68
136
68
246
141
222
68
226
206
226
125
217
182
47
47
188
14
191
154
217
118
108
30
47
209
132
154
239
132
109
118
246
217
21
118
222
142
130
92
125
132
246
246
206
118
107
71
103
234
229
132
58
156
132
83
141
118
187
125
68
165
124
68
74
222
125
182
229
181
208
222
246
246
132
118
43
107
130
166
254
246
151
113
144
203
17
118
241
132
136
68
96
68
245
208
246
245
68
83
250
132
151
143
246
229
135
98
61
212
92
132
241
200
119
244
226
96
118
234
206
43
121
80
118
246
246
62
198
244
246
71
182
151
185
41
217
241
25
208
182
217
7
102
136
130
68
36
113
222
188
78
28
158
118
68
203
37
198
59
109
41
61
234
193
124
185
5
4
184
198
229
83
241
224
227
246
171
168
199
113
224
206
29
118
171
244
60
132
98
114
4
28
160
211
107
165
168
182
136
77
141
47
182
20
174
143
113
130
255
184
14
20
224
186
138
68
118
181
227
68
77
152
91
234
104
60
53
217
188
118
169
17
224
165
246
113
184
172
141
222
82
194
185
98
182
66
136
104
88
4
184
244
83
182
173
228
105
224
90
68
98
60
247
224
224
235
235
147
243
118
166
65
146
212
122
188
165
77
207
235
118
228
4
185
77
165
113
103
141
88
138
118
124
93
66
75
9
88
109
228
182
246
184
235
61
68
209
118
174
184
132
36
174
184
83
4
87
185
127
188
228
224
184
234
109
122
68
188
247
226
118
221
222
82
113
199
95
68
165
147
174
165
133
227
246
227
4
68
224
94
174
188
109
133
246
67
234
147
246
133
251
228
228
9
119
61
77
223
130
247
36
129
165
118
218
15
184
152
68
184
80
10
79
77
131
235
121
228
109
133
109
188
188
107
218
132
133
184
244
228
79
185
21
201
187
49
49
156
94
4
198
216
83
235
174
222
223
43
88
182
131
201
118
61
256
49
24
111
87
242
53
92
99
235
94
238
20
146
36
82
238
186
246
173
21
70
218
199
207
170
9
64
37
133
227
197
224
119
172
118
79
78
133
188
136
10
99
147
107
196
152
169
26
191
236
156
227
69
93
235
11
133
41
119
114
191
235
196
134
168
69
201
235
228
78
76
188
188
49
196
103
108
68
228
78
152
26
30
77
195
192
188
107
169
49
77
211
108
49
109
36
117
69
217
179
83
117
182
68
78
30
201
201
196
68
219
108
221
34
183
111
234
118
189
