121
251
177
251
202
253
202
251
108
7
202
240
118
108
256
18
145
115
145
27
65
239
202
253
23
59
22
103
202
74
58
121
191
64
81
21
89
182
135
145
74
222
239
47
249
256
165
231
174
213
79
254
81
177
107
62
74
113
239
162
243
74
140
178
18
18
31
254
58
194
123
202
213
10
153
95
177
18
59
253
74
81
40
140
98
74
166
36
106
203
140
191
140
10
27
138
119
227
135
8
59
152
174
123
110
81
213
202
202
135
203
112
197
140
26
110
62
239
83
188
256
223
241
202
177
239
225
239
153
141
114
110
62
89
54
253
249
252
86
145
110
229
19
253
92
7
229
253
113
252
235
239
74
59
171
83
87
47
18
213
144
110
108
242
209
81
146
153
27
242
107
132
195
72
107
155
185
91
244
225
10
21
107
90
242
29
202
73
215
61
108
153
144
36
87
231
92
81
54
155
143
215
229
83
202
110
202
225
10
18
36
140
202
123
215
74
103
40
212
155
221
174
25
93
119
242
77
195
202
237
119
213
129
47
128
220
128
64
244
119
77
186
251
47
191
159
81
89
45
213
118
80
130
256
1
96
27
190
196
153
251
45
191
107
174
125
200
4
225
40
77
85
98
229
251
241
73
107
251
185
153
84
113
31
202
93
136
83
28
90
74
47
235
136
244
18
230
153
75
132
113
113
129
110
7
163
61
91
253
202
153
225
196
248
6
251
242
90
77
127
83
229
253
202
118
47
242
114
202
191
191
182
7
98
202
24
34
122
65
187
73
174
191
225
80
191
72
112
140
77
206
202
23
109
201
199
92
45
93
38
191
213
14
156
59
43
113
256
211
251
86
182
18
136
169
229
20
199
230
251
246
175
174
27
114
74
135
154
75
5
119
85
72
135
20
182
36
199
204
110
202
201
50
140
61
67
36
127
18
212
153
23
94
20
81
251
191
86
178
27
219
160
155
30
130
187
239
74
202
28
251
249
230
225
200
244
103
5
90
36
18
36
51
36
112
129
47
20
96
251
119
135
67
64
135
240
8
20
125
22
213
140
160
160
157
118
47
232
79
119
149
28
155
223
123
202
191
157
10
74
47
201
191
178
242
74
185
119
160
110
112
165
47
185
178
27
191
6
163
136
188
18
19
185
221
191
50
18
241
43
234
244
251
211
92
36
91
119
225
156
232
161
47
20
118
229
37
125
206
255
239
128
125
182
205
96
171
47
94
204
229
131
203
205
203
185
96
86
249
18
239
67
202
152
136
202
125
191
20
117
72
20
191
223
244
130
256
103
118
119
141
140
32
160
9
147
138
205
75
72
197
130
125
186
239
125
116
39
5
135
212
56
86
36
191
191
119
232
176
72
118
187
140
41
153
236
5
20
20
239
41
72
72
92
188
234
119
139
130
23
96
126
46
188
202
140
249
166
205
113
185
47
40
244
74
202
141
173
109
72
229
119
225
256
222
119
180
40
113
246
103
47
156
94
223
14
20
202
141
20
152
72
191
53
68
72
7
41
221
22
224
200
222
47
182
126
109
142
153
72
248
231
119
237
156
91
72
37
104
198
157
126
221
54
246
72
188
125
205
125
72
248
213
247
119
20
5
200
125
93
44
125
218
139
36
231
25
120
120
119
20
236
103
125
92
188
203
62
191
119
213
37
34
72
191
231
152
188
36
20
217
188
198
27
119
234
23
107
83
194
125
255
36
72
156
41
212
204
239
87
171
171
92
171
177
181
119
156
79
230
126
234
109
82
254
191
72
92
171
248
227
24
128
125
159
158
171
18
17
153
1
62
239
255
5
113
62
142
30
20
1
171
72
225
18
72
153
236
244
20
148
246
23
72
18
182
171
20
125
125
129
234
108
90
167
116
50
68
244
68
103
24
171
27
163
200
119
244
246
125
128
241
119
205
171
171
23
42
119
8
34
152
113
72
72
239
142
86
48
47
1
47
127
141
125
58
72
146
18
200
94
109
171
22
186
125
205
225
190
244
241
112
113
68
23
241
185
90
116
32
241
171
74
171
185
90
191
62
94
1
191
142
157
30
119
251
72
160
254
108
72
225
171
20
36
14
171
148
147
20
218
119
171
138
180
34
191
180
4
92
113
95
213
20
36
43
113
160
119
67
205
227
188
6
246
24
5
165
74
82
152
119
200
169
200
180
119
92
56
36
141
198
20
255
43
72
20
174
189
171
135
160
200
185
20
208
159
72
20
47
23
229
98
125
135
47
229
234
72
255
256
23
198
156
98
118
216
141
47
23
171
20
119
36
188
163
20
229
227
148
119
153
195
20
234
182
217
185
185
171
160
208
22
241
234
113
117
72
74
37
157
5
180
188
256
223
182
62
22
62
107
188
161
147
30
182
231
244
116
90
256
23
103
175
142
125
113
157
188
4
185
22
222
36
119
21
125
90
147
98
141
39
197
107
248
23
87
197
14
116
108
147
244
157
119
152
222
36
142
99
102
72
180
151
23
18
54
142
121
18
30
104
141
212
204
148
182
40
40
109
92
47
246
191
197
72
200
256
24
6
180
119
188
182
118
224
171
185
212
103
188
171
23
125
125
125
68
188
171
144
254
60
256
95
119
23
72
191
20
62
37
194
104
224
185
171
6
163
142
181
180
4
95
187
246
12
205
142
185
144
30
125
216
225
234
23
188
246
160
109
163
20
66
239
224
221
31
111
153
187
125
139
141
72
197
116
171
144
197
188
1
188
5
21
191
35
41
142
171
57
160
112
156
147
188
221
47
225
225
107
239
181
221
24
8
223
213
254
119
254
168
101
32
141
239
138
92
68
142
62
222
119
21
7
20
203
142
125
20
125
23
142
68
234
168
138
141
90
125
204
78
6
8
118
191
227
43
83
188
90
148
237
20
241
51
141
55
253
171
163
229
234
237
28
119
119
23
187
65
47
148
204
205
72
191
5
148
37
229
96
66
168
97
52
116
71
7
171
20
130
152
23
81
107
254
234
234
200
224
20
171
188
254
236
60
72
1
224
212
141
61
20
231
200
188
187
160
237
22
28
50
97
144
105
254
146
171
21
125
254
20
104
18
148
24
173
188
20
132
171
224
224
224
23
176
23
24
200
35
136
43
96
71
33
20
97
197
7
42
68
68
119
187
61
47
132
188
200
168
146
204
4
232
206
20
24
217
23
218
107
254
227
72
109
208
40
125
172
152
212
223
125
191
47
171
142
246
236
188
163
253
20
20
20
61
125
254
97
119
227
68
200
141
163
40
96
236
234
212
254
107
65
234
144
108
188
187
224
20
256
40
198
198
188
136
68
34
174
7
185
208
208
95
208
4
182
108
113
151
132
246
191
229
235
152
171
125
125
234
28
43
113
228
206
50
43
163
185
168
217
74
148
18
151
41
200
148
236
20
206
40
15
107
43
241
176
28
141
246
28
20
47
16
119
112
188
107
41
83
41
151
224
59
163
37
163
224
148
224
119
87
171
250
90
4
188
8
97
180
211
171
227
62
146
229
234
46
62
66
206
224
151
88
227
61
135
54
244
23
168
74
3
241
171
92
119
176
8
4
3
211
15
239
37
163
239
250
224
188
126
212
254
225
136
132
113
212
132
4
211
213
125
92
68
191
206
197
72
212
24
234
224
47
20
173
158
24
185
188
228
20
188
135
224
3
254
107
254
24
23
171
8
150
104
20
144
185
37
187
81
252
128
188
130
197
171
254
21
200
246
246
81
171
129
224
148
20
173
125
104
135
253
125
5
194
188
229
191
246
253
198
72
236
223
188
252
140
219
219
111
221
43
23
163
17
174
206
188
125
198
221
8
249
37
125
252
132
142
119
118
1
44
254
195
168
227
253
135
181
197
200
241
135
211
163
124
253
229
61
254
43
229
254
58
65
136
78
61
141
176
229
28
35
144
229
187
187
136
130
3
90
10
218
148
221
156
229
234
65
164
227
163
2
239
43
188
237
14
90
118
188
96
188
201
254
104
223
237
125
65
90
104
152
43
185
251
72
187
254
241
104
61
113
28
249
40
138
59
191
226
132
43
78
1
250
34
104
23
142
21
141
22
119
141
138
182
194
28
121
168
125
168
21
206
33
147
61
151
20
40
154
14
157
191
191
171
21
90
185
124
104
4
113
107
229
108
156
244
78
92
146
203
187
125
60
41
125
43
156
246
154
30
200
104
19
163
96
244
156
107
53
225
231
229
206
138
89
136
185
47
206
34
236
24
67
204
68
49
78
224
59
215
87
138
60
170
94
229
188
68
30
211
253
212
164
229
158
96
92
40
226
90
234
23
229
118
136
68
201
101
102
72
25
226
95
163
96
20
222
14
173
143
129
160
151
236
195
246
250
81
119
36
187
5
236
63
246
20
211
254
81
37
244
210
227
101
163
142
143
37
60
101
181
20
108
134
119
229
119
170
201
122
154
134
96
221
226
168
164
254
96
104
142
4
92
57
21
107
203
195
221
228
92
49
191
101
239
163
116
234
222
4
116
104
24
125
249
104
194
125
34
16
78
152
248
60
246
93
121
87
248
22
188
116
23
93
240
37
180
5
3
166
116
123
5
251
253
229
229
89
104
68
173
10
228
15
15
109
93
90
221
234
7
71
36
196
59
111
28
201
21
196
16
23
43
152
22
23
4
212
41
37
144
175
183
147
11
175
78
30
229
88
214
41
81
152
203
41
208
20
88
4
8
206
153
217
241
188
213
1
93
229
249
103
30
208
184
72
121
109
188
61
250
191
201
108
216
94
134
229
104
97
136
130
92
131
37
119
221
97
53
135
14
88
13
8
152
23
23
197
88
241
4
231
241
107
231
250
23
169
82
72
23
72
28
195
144
55
182
47
125
225
4
176
125
119
20
125
