22
222
209
66
7
209
73
66
165
242
251
138
127
80
239
18
35
66
209
252
73
51
253
138
80
75
18
79
251
51
251
3
3
87
3
114
106
51
57
220
112
51
123
138
66
29
51
51
140
251
7
107
7
79
21
50
36
253
40
79
208
107
52
123
162
251
243
115
50
158
29
251
209
104
144
162
205
251
162
52
64
205
115
123
136
89
138
59
115
104
139
253
50
38
256
95
144
38
107
59
79
112
195
59
123
208
18
31
140
109
112
76
115
216
112
31
231
18
70
127
106
220
123
252
35
35
251
221
2
195
231
105
25
160
223
98
104
165
114
129
195
165
95
138
36
52
36
236
164
113
112
165
179
94
165
129
239
172
105
150
150
187
62
165
62
144
79
174
5
76
54
182
102
22
50
114
112
114
105
195
164
220
157
50
59
96
114
102
189
33
90
41
162
31
146
165
54
36
143
128
219
29
106
150
98
182
98
62
138
191
22
62
90
164
165
151
59
162
132
181
237
203
194
236
87
218
165
113
115
244
135
166
29
16
203
98
220
192
138
194
236
140
12
20
126
205
212
209
128
203
169
229
145
145
169
238
254
36
251
36
165
113
244
182
8
67
222
33
128
28
59
87
244
104
12
151
109
230
54
135
98
112
182
151
110
203
113
181
54
32
160
104
3
204
136
161
208
98
240
211
20
107
104
83
42
13
174
204
128
1
236
91
125
145
204
165
102
170
166
5
181
170
62
246
231
108
231
227
70
109
54
217
109
231
231
191
194
112
58
28
8
87
75
20
109
12
36
105
89
87
252
36
223
84
42
183
219
221
213
17
68
62
95
62
20
204
42
56
246
89
30
233
118
11
223
177
182
212
128
73
15
212
21
20
143
95
89
246
112
55
102
106
46
202
54
108
239
164
98
230
80
94
8
8
36
135
212
81
125
161
94
186
84
91
181
250
216
35
22
175
195
151
244
119
231
244
211
77
89
98
130
36
123
56
226
109
62
35
151
162
150
240
90
87
74
88
14
77
143
36
58
174
83
128
208
111
214
243
41
149
39
14
31
29
113
195
164
223
221
94
142
25
172
250
18
144
89
223
37
219
205
210
121
185
75
99
55
88
102
119
78
231
36
104
225
239
214
36
17
146
118
20
211
215
75
166
107
185
138
175
17
111
5
110
150
166
143
171
187
5
160
121
159
3
20
89
195
75
10
8
95
132
9
216
151
138
212
55
130
102
18
23
118
176
204
216
87
180
78
150
187
223
256
77
146
66
223
240
142
244
106
106
66
51
192
164
62
115
110
36
84
138
143
159
34
187
4
195
244
66
18
114
177
216
104
20
20
181
138
163
118
145
22
62
96
67
130
55
150
101
177
116
191
33
20
132
235
150
150
56
243
138
10
141
175
204
64
119
3
245
130
55
93
66
16
171
156
17
244
78
115
194
8
112
218
20
204
160
104
33
109
64
87
115
174
154
211
6
14
108
115
211
50
139
75
212
8
35
105
115
246
36
121
236
35
141
253
99
3
174
121
89
125
97
113
251
103
172
121
185
55
225
119
204
252
89
183
176
135
163
93
177
216
55
47
256
79
116
153
74
36
175
163
1
205
54
195
89
174
181
202
146
144
89
166
67
54
138
52
14
248
99
226
37
185
221
187
89
109
236
233
131
231
94
184
251
69
184
172
26
17
113
153
153
184
121
177
243
76
216
145
195
3
109
127
236
65
18
232
231
9
72
238
90
126
233
14
215
8
141
95
8
76
251
134
176
192
129
131
196
166
121
20
4
110
231
219
138
73
29
111
219
209
109
200
130
246
33
3
135
191
207
33
218
54
246
69
174
211
171
144
243
136
154
239
11
13
73
3
223
50
24
231
65
180
95
20
5
185
254
147
16
211
172
18
123
119
246
239
185
125
172
184
203
60
30
127
55
167
191
244
195
33
146
12
39
101
226
121
251
193
63
243
210
182
117
3
41
65
8
130
75
116
16
162
73
39
11
141
49
13
155
152
190
203
109
173
194
252
239
211
34
36
114
236
14
241
34
184
14
252
175
184
235
229
20
90
91
145
173
20
75
166
233
20
67
11
253
11
20
139
20
182
87
127
50
135
11
155
11
20
148
76
20
200
219
20
191
11
243
239
160
141
159
174
109
47
150
189
50
141
89
141
254
91
118
108
193
119
65
65
219
20
73
50
250
181
205
221
178
104
104
71
211
246
255
4
207
96
25
181
132
184
36
167
218
200
222
14
11
3
95
89
96
113
183
252
194
197
190
200
211
200
246
75
123
135
20
141
152
245
3
240
236
201
78
106
57
152
109
66
8
196
32
41
129
28
4
20
11
215
98
125
229
8
219
98
234
211
222
154
3
21
229
107
68
145
179
88
208
184
123
153
213
177
200
33
210
243
183
27
36
153
123
185
37
105
155
21
153
138
36
174
39
68
174
50
112
2
225
72
9
210
183
234
179
246
39
105
136
29
182
109
245
156
213
229
177
43
119
249
98
161
183
38
147
130
91
245
68
195
173
45
198
114
153
17
108
50
224
123
79
215
182
39
190
213
26
188
166
187
115
20
104
3
245
254
192
250
52
135
125
55
98
14
88
235
78
188
119
206
211
135
171
246
149
167
152
9
187
78
167
91
84
9
149
79
37
43
41
141
187
26
78
102
150
97
3
78
105
153
183
88
87
187
221
78
20
17
11
150
158
3
214
234
53
178
149
223
188
153
141
51
52
145
17
89
33
38
10
223
42
42
89
106
4
116
4
167
68
138
190
111
208
117
6
28
144
172
125
245
6
147
132
163
38
145
93
215
10
9
68
55
25
192
200
213
114
162
23
2
194
20
20
135
188
157
34
119
198
21
14
252
32
206
185
36
210
216
74
177
187
50
73
234
177
175
189
224
191
230
185
43
254
227
201
252
33
200
31
246
153
205
68
202
172
28
6
237
195
36
242
51
26
68
245
93
56
142
95
164
52
15
187
68
238
97
12
33
161
11
82
153
2
105
63
16
149
133
135
239
174
198
56
188
49
102
13
122
233
15
28
10
91
109
12
222
214
202
75
237
48
183
235
243
160
27
63
50
249
171
225
21
199
208
169
174
103
61
17
49
44
132
198
75
63
63
58
6
120
23
234
150
215
70
148
28
75
183
28
231
93
156
17
224
193
16
11
243
226
19
148
63
205
57
149
67
11
215
95
123
142
185
102
137
170
169
123
56
23
48
55
9
140
53
65
205
114
95
38
185
254
23
66
28
1
91
173
253
185
105
141
87
224
198
151
23
120
64
9
30
46
164
134
163
118
71
156
68
25
95
198
230
156
142
16
216
45
65
53
66
22
78
117
211
188
172
195
117
210
148
167
192
124
215
183
6
63
197
232
185
164
125
253
230
109
189
102
142
46
192
229
230
204
68
59
159
124
11
241
85
57
218
141
125
29
157
30
30
244
4
45
163
188
95
30
232
30
120
239
17
1
171
156
90
113
224
215
93
139
241
20
35
142
12
148
7
163
211
9
78
109
4
148
47
229
235
94
152
2
125
45
6
200
163
139
115
46
69
250
50
72
96
60
224
148
167
11
130
141
68
45
205
106
141
115
62
115
132
230
2
120
241
227
149
22
48
206
185
50
141
163
178
68
236
48
215
68
235
121
221
193
43
226
131
125
200
81
140
156
210
137
134
48
123
37
185
46
226
46
168
65
86
73
48
213
254
1
68
75
75
144
216
122
216
122
227
97
161
40
247
73
141
205
36
15
90
76
206
20
119
255
15
193
86
163
161
200
15
9
149
198
163
226
48
148
239
171
132
168
241
77
77
188
65
192
226
255
1
118
43
133
158
171
68
200
198
161
32
216
136
12
53
52
113
210
33
68
213
200
245
184
14
63
217
254
98
28
159
233
158
195
68
163
218
224
116
173
77
122
224
245
28
149
214
224
158
116
226
198
58
21
15
65
197
116
43
4
39
15
216
78
113
178
255
149
14
167
160
227
100
124
234
45
234
245
241
100
233
195
210
254
125
152
233
