81
191
4
128
74
90
250
90
181
51
131
18
181
29
29
29
92
164
165
165
243
167
143
143
143
221
98
187
143
165
194
165
29
187
165
98
36
206
165
195
20
16
185
197
182
245
254
145
104
28
28
145
18
112
143
246
87
14
83
59
93
244
206
17
240
36
123
96
173
224
11
71
208
36
180
11
98
164
62
245
28
135
11
125
197
104
195
244
14
145
106
98
165
244
171
156
234
18
30
208
125
107
222
143
208
66
143
74
40
114
66
241
205
70
244
36
206
147
106
145
135
205
143
51
135
3
72
119
123
143
241
107
209
11
241
195
206
30
130
87
145
180
7
61
90
215
94
87
244
87
138
71
87
71
83
151
205
71
244
239
168
90
29
118
61
119
81
122
3
87
205
130
217
87
125
129
154
71
143
160
96
212
93
239
87
74
18
123
166
238
211
211
145
147
156
18
226
7
6
254
138
130
40
192
160
127
253
90
6
9
14
14
81
87
129
244
127
76
185
6
16
6
34
172
123
197
172
211
154
104
177
135
134
10
40
169
9
172
57
92
226
145
3
110
40
187
98
94
6
238
81
11
239
176
200
107
33
217
2
206
194
249
205
229
177
79
249
74
125
164
244
129
176
229
26
98
120
236
120
175
201
54
247
71
164
9
6
245
238
189
143
120
109
154
36
115
120
238
238
222
153
164
154
87
71
100
91
188
122
154
170
151
185
147
90
207
145
10
252
74
180
88
192
212
104
54
96
52
162
84
177
225
196
180
229
8
138
120
64
247
65
52
186
13
156
162
233
106
233
180
176
180
33
87
219
42
156
172
180
172
9
256
213
77
29
148
198
198
18
81
188
105
180
164
135
127
61
180
143
24
22
253
76
143
243
107
120
176
156
121
117
233
180
21
127
65
169
249
251
125
251
172
122
89
234
196
141
177
22
106
243
210
185
176
23
253
38
84
83
141
104
59
244
98
254
243
179
183
220
161
66
213
106
206
251
90
164
165
26
12
47
64
151
93
66
238
29
249
222
71
76
137
168
139
243
109
196
151
74
26
134
174
251
174
180
186
81
99
251
76
120
215
81
190
214
138
239
23
120
218
76
196
121
57
105
96
57
205
120
167
120
24
114
212
213
249
42
23
196
66
31
66
105
180
168
233
33
224
197
211
196
127
197
233
110
17
120
218
106
212
20
138
243
179
213
120
65
174
168
177
177
91
148
142
37
198
147
58
123
47
14
178
67
170
115
53
14
94
1
36
135
120
172
197
144
167
211
148
213
198
137
66
66
124
74
23
122
135
207
33
9
38
251
131
42
207
177
106
226
120
147
99
159
254
215
137
197
52
36
1
71
96
44
38
207
179
77
14
36
106
23
39
63
198
171
192
195
223
184
215
43
127
155
17
146
5
233
8
3
24
236
180
100
137
106
99
71
143
42
43
9
227
158
76
76
185
31
65
160
161
141
254
176
210
254
247
185
154
254
99
177
101
153
128
205
174
100
227
124
141
211
172
28
33
115
167
106
134
106
179
137
207
253
231
120
144
155
38
189
210
153
39
99
77
42
180
254
101
122
116
1
87
67
2
178
16
188
27
157
207
141
210
23
137
198
42
137
180
178
141
83
159
70
22
255
87
167
218
198
213
198
120
221
227
141
141
198
25
207
42
42
254
148
247
183
207
58
153
17
54
217
241
207
61
207
124
246
17
141
128
118
43
205
17
190
47
96
42
207
120
42
216
241
148
178
227
215
137
141
37
70
190
154
30
153
106
243
178
44
50
68
9
209
185
54
117
87
114
137
206
228
210
255
190
159
150
222
42
253
63
21
62
42
179
47
255
246
70
158
105
24
207
198
210
134
3
160
42
117
188
241
94
173
115
188
117
215
32
124
47
4
153
33
68
29
45
241
134
64
237
112
137
207
172
189
121
179
168
119
47
237
153
138
47
101
197
255
99
198
235
241
131
5
207
42
33
153
39
29
52
255
68
31
250
162
193
200
42
52
120
205
144
180
63
197
188
173
29
110
75
2
231
141
50
145
70
96
137
241
218
43
207
47
137
227
22
165
45
246
147
112
96
121
42
108
188
63
24
232
235
69
173
102
113
153
37
5
49
255
21
215
124
68
250
108
138
68
255
47
154
67
136
37
26
231
87
6
246
59
190
180
174
255
207
45
188
58
58
200
130
87
61
171
253
35
125
241
90
241
68
66
170
141
28
63
210
217
246
29
150
28
188
207
93
111
101
150
155
182
183
131
158
4
250
154
154
208
61
198
179
218
61
2
239
9
188
173
24
101
110
4
170
29
206
215
47
58
68
3
119
191
78
241
141
168
13
37
58
246
92
130
180
191
200
62
9
47
19
6
43
168
2
68
188
241
18
255
220
191
45
207
106
108
58
24
98
246
227
180
65
191
246
246
244
47
138
68
43
68
88
72
23
68
250
134
68
168
152
176
150
255
200
224
190
116
228
244
181
150
117
144
38
234
210
163
151
191
207
54
229
116
119
21
192
68
52
247
70
179
152
53
158
255
10
13
210
134
236
119
206
228
154
9
39
233
92
179
48
167
198
101
168
