186
176
80
231
138
80
176
231
255
48
255
203
135
186
80
231
115
205
80
84
80
63
138
80
50
8
80
33
31
115
126
80
90
170
12
252
18
110
149
77
84
186
203
66
84
204
31
24
181
204
164
179
102
42
170
170
130
251
141
83
116
130
62
204
230
150
88
60
31
33
62
50
31
13
101
141
194
199
54
219
31
208
239
55
243
252
160
122
176
54
74
239
164
65
58
73
154
239
138
99
58
43
63
116
88
176
182
176
197
58
146
146
138
196
243
229
90
243
239
80
147
222
98
253
162
91
31
95
55
121
161
203
184
164
230
58
67
170
74
87
107
59
147
164
21
249
194
62
176
54
240
116
143
97
130
1
81
121
155
97
195
36
177
52
116
65
164
164
61
66
47
32
74
177
83
67
170
249
27
66
169
73
29
15
58
231
181
137
196
204
194
97
66
256
205
121
218
35
222
115
15
203
148
107
164
161
205
63
206
40
143
65
194
179
89
240
63
156
108
256
29
211
147
148
164
47
165
243
177
169
176
40
40
138
247
73
164
237
231
4
138
146
225
243
179
231
205
182
240
165
225
77
205
119
140
7
182
206
194
124
121
52
101
40
128
66
138
197
165
146
26
221
169
130
191
132
195
194
83
148
29
13
121
69
31
128
229
208
194
211
46
179
132
186
103
194
29
108
119
141
42
117
150
150
254
210
164
74
113
59
94
88
35
206
52
35
165
128
229
138
214
67
47
194
15
171
180
150
34
128
97
35
101
171
107
59
218
217
33
35
201
170
121
122
199
176
84
204
153
224
5
170
122
1
52
33
84
205
225
223
144
35
117
245
140
210
143
210
49
242
91
156
54
33
141
8
194
113
98
143
166
138
35
8
140
150
237
179
186
253
186
44
153
252
37
75
237
138
182
212
135
54
121
205
103
222
221
141
98
249
98
156
153
198
153
184
3
8
199
168
256
32
196
238
247
25
212
139
151
143
38
169
195
150
88
182
35
138
1
128
88
164
227
226
205
103
65
85
170
135
205
35
69
123
127
29
18
208
118
5
139
123
203
63
3
137
24
35
237
227
139
225
97
200
154
119
35
11
139
255
247
113
253
169
39
169
39
7
88
52
176
120
4
44
164
113
24
171
200
148
76
201
3
119
249
256
160
195
29
213
216
136
221
242
1
230
166
9
88
139
66
151
151
162
237
25
100
8
83
136
83
197
237
35
100
175
179
224
103
26
242
18
64
212
200
119
247
60
172
166
225
129
93
172
55
80
73
22
16
176
59
237
104
156
179
52
27
170
60
18
170
35
146
33
59
33
50
161
204
237
35
103
190
128
184
141
192
43
110
16
98
127
249
119
245
33
88
90
80
251
135
60
166
91
104
150
146
81
113
88
102
221
69
221
61
218
146
160
135
138
43
226
85
75
138
21
61
97
125
94
119
115
35
191
203
170
202
227
110
30
71
190
147
61
169
251
169
256
139
78
172
22
249
70
225
225
254
253
181
76
100
35
125
148
247
38
129
128
87
237
247
214
84
42
252
237
69
128
38
166
21
143
81
242
203
4
93
243
216
21
29
35
18
15
111
29
239
237
100
201
65
14
210
52
104
81
141
113
87
128
146
110
13
179
24
69
217
205
81
77
94
99
65
225
1
174
139
166
253
153
70
35
69
202
237
138
169
144
2
35
232
45
253
210
16
17
85
66
87
104
89
42
63
21
160
38
89
83
53
179
169
74
108
44
42
110
35
242
1
134
137
8
212
168
132
113
15
248
126
146
253
117
237
185
176
243
44
115
103
40
108
201
20
139
195
247
225
179
169
96
143
102
221
218
179
166
160
250
35
143
65
130
203
180
93
115
25
35
121
142
85
194
40
178
242
213
78
229
60
168
35
204
240
169
64
242
179
94
5
78
141
252
169
142
239
32
151
253
253
169
84
132
185
240
125
169
243
204
169
26
232
210
230
59
107
115
135
193
239
39
80
33
8
65
55
181
251
9
158
39
31
36
147
211
231
245
5
50
24
101
236
129
175
232
153
84
207
249
124
206
11
109
105
110
218
254
107
225
225
125
230
13
250
214
231
35
30
31
231
133
43
139
79
32
171
104
160
93
185
194
52
101
81
72
107
147
32
73
47
43
220
229
89
108
181
30
16
235
221
113
117
171
223
170
52
29
185
174
52
169
206
78
211
188
119
35
128
150
20
133
181
43
166
250
130
254
240
221
88
35
48
160
252
60
221
211
100
211
124
143
32
35
47
254
237
170
188
49
43
121
96
205
191
229
54
247
92
195
234
195
128
233
126
42
70
32
138
88
231
205
87
119
72
121
67
32
81
147
57
252
49
120
137
77
163
14
232
171
159
28
174
24
217
225
40
194
92
215
144
90
128
91
250
22
86
124
137
99
210
205
74
31
153
221
92
216
43
38
185
57
211
221
185
24
17
39
66
88
71
188
211
239
174
107
48
169
25
201
74
31
201
116
255
252
160
14
230
38
151
52
139
35
238
124
237
90
137
1
134
252
188
92
243
9
203
24
255
243
56
65
120
92
39
206
98
66
143
245
24
151
117
130
83
83
210
224
31
229
244
240
173
189
98
16
167
142
142
62
255
223
98
141
190
15
214
211
84
33
206
232
139
19
115
70
75
1
189
193
172
201
169
24
170
74
120
77
64
18
86
62
232
255
151
116
23
26
255
55
255
151
153
119
81
32
221
43
35
15
98
171
73
117
26
75
218
14
201
238
103
230
1
235
201
170
133
184
23
123
254
62
216
254
243
228
205
114
110
35
65
131
212
144
149
119
142
197
2
201
221
137
200
88
169
60
19
38
47
35
171
102
233
108
191
30
88
239
77
170
62
244
153
190
152
198
78
53
246
62
108
174
161
77
44
64
244
210
190
75
88
139
20
244
72
183
249
40
159
35
63
240
231
132
88
119
112
88
125
218
234
65
228
88
155
215
121
192
98
113
99
218
107
165
137
62
180
53
158
119
7
173
160
131
26
36
191
137
242
113
88
151
218
88
120
92
36
179
213
193
107
218
137
231
173
88
214
118
234
30
151
4
88
152
116
75
75
114
120
39
254
228
24
125
131
169
217
30
25
137
185
158
174
78
114
71
74
254
125
151
125
64
72
152
125
163
184
136
2
152
256
166
75
75
138
193
36
190
188
234
1
88
48
246
174
57
163
168
78
224
185
206
171
193
198
19
151
115
155
116
86
132
158
145
116
187
217
205
20
42
191
137
48
185
117
144
204
94
217
145
56
56
137
11
227
120
48
204
179
144
144
234
248
160
57
173
202
200
113
202
20
247
230
185
39
91
45
200
86
92
137
152
180
137
119
137
