231
231
231
140
110
140
140
111
36
110
231
86
183
228
248
106
54
106
111
47
252
87
83
54
145
106
21
29
19
143
106
252
147
183
89
25
16
175
87
145
61
225
80
48
107
19
178
87
106
65
126
166
32
16
87
95
253
185
98
177
32
175
126
244
92
67
170
87
16
19
22
248
253
145
6
175
87
107
59
36
203
7
83
59
40
196
88
19
18
29
163
16
33
75
164
164
105
236
45
16
225
170
106
175
50
74
105
96
65
19
147
89
167
170
18
157
239
10
175
21
230
59
115
107
251
84
115
92
170
59
170
170
170
189
164
252
164
177
164
7
26
149
111
164
16
179
235
54
221
195
225
231
54
83
164
106
170
252
89
136
256
54
149
172
164
123
245
87
166
170
145
220
16
96
211
164
178
220
170
32
3
144
86
172
219
164
164
235
1
19
36
28
251
129
76
231
128
90
119
107
54
242
170
62
237
170
252
164
22
252
214
9
157
252
222
222
3
170
252
164
16
35
79
164
196
57
181
82
213
170
253
113
84
213
143
252
54
252
164
79
52
62
181
105
89
127
159
164
134
51
251
94
98
62
157
28
74
86
16
186
256
164
210
230
221
175
251
159
213
214
115
28
83
194
123
13
84
160
238
90
153
6
73
175
252
164
145
145
214
3
170
28
115
211
213
214
233
157
90
139
159
159
91
202
223
92
36
123
47
115
186
28
157
105
170
160
105
103
164
40
252
230
69
214
213
74
158
52
120
177
157
123
214
170
157
76
54
149
251
117
157
52
82
225
163
199
52
170
140
170
127
252
165
157
93
252
165
115
157
127
13
42
134
199
245
74
210
157
14
252
87
111
82
94
93
213
94
127
26
102
214
230
211
47
158
172
184
252
84
63
236
93
214
205
145
153
127
172
230
230
28
91
252
91
92
248
115
17
76
158
202
145
213
190
42
221
210
36
157
14
196
254
122
17
18
229
84
55
158
248
91
118
101
27
224
8
256
57
174
70
75
93
252
194
174
106
178
157
69
139
44
82
82
93
91
113
113
194
245
235
252
23
127
238
157
235
93
215
242
153
236
134
139
139
238
12
195
91
207
57
13
195
153
153
172
107
82
169
128
6
174
238
237
158
190
161
26
95
245
117
172
47
18
151
92
174
119
106
123
160
123
251
14
113
61
167
243
94
81
82
150
129
61
243
214
199
153
186
89
103
66
153
154
163
170
28
9
134
213
81
210
169
112
237
231
219
81
12
69
204
56
243
48
229
104
170
210
19
215
62
186
157
144
194
169
246
173
154
82
251
256
34
126
248
2
64
19
116
123
215
126
51
94
83
134
149
84
83
250
18
229
69
236
153
127
51
94
250
160
46
149
206
200
52
252
18
19
127
215
174
212
83
121
69
238
9
139
171
34
23
200
58
171
18
9
27
47
153
31
199
215
207
93
122
2
46
156
134
145
69
252
185
202
52
150
129
65
210
219
178
216
83
82
87
251
255
219
1
206
158
117
67
207
252
8
134
61
201
174
9
189
44
193
107
73
138
146
153
152
138
51
122
243
243
110
210
215
44
73
215
82
9
238
3
163
19
129
127
25
9
129
29
112
165
243
16
145
219
113
35
225
9
214
157
36
242
83
142
104
123
197
54
163
155
201
212
161
145
200
123
219
51
19
160
44
123
149
170
117
216
108
238
55
251
214
149
172
126
32
83
44
201
9
216
153
153
126
83
129
216
247
82
211
160
198
42
169
154
170
223
51
91
240
186
3
82
244
182
74
190
127
122
207
153
160
235
12
197
54
102
196
216
160
99
157
199
133
10
52
83
87
212
178
129
112
216
215
178
196
191
182
70
91
256
43
231
81
165
94
154
141
163
178
87
91
165
84
127
102
116
134
134
126
99
218
160
94
197
221
87
194
206
99
47
155
179
152
174
54
110
145
152
152
138
20
85
163
161
122
43
76
227
166
126
4
159
157
27
18
163
163
234
138
37
198
149
183
190
82
4
112
206
223
15
43
99
160
169
156
200
37
186
24
194
129
167
173
47
18
165
36
28
62
194
152
179
99
62
209
249
127
245
51
109
129
153
218
153
62
149
98
178
87
201
87
182
245
201
256
201
191
109
89
96
180
182
139
146
150
172
76
103
134
182
169
108
174
76
174
134
198
255
18
26
70
172
37
200
149
215
153
108
149
91
76
44
126
99
99
255
27
178
99
245
62
150
221
210
93
164
189
209
193
169
44
104
126
154
161
215
129
255
106
123
18
255
254
151
218
184
115
216
246
23
52
127
129
123
153
83
255
252
81
94
234
81
104
187
155
94
42
116
153
49
208
129
117
129
129
73
211
239
194
128
138
240
84
62
26
64
53
242
92
65
35
156
227
5
147
104
189
14
115
104
240
177
9
221
98
219
22
146
25
37
26
192
34
104
115
186
252
218
185
62
141
61
99
216
236
200
232
104
230
200
102
5
61
52
138
245
144
72
255
25
5
89
154
130
194
56
135
61
215
45
155
55
74
147
153
192
99
207
216
72
221
31
214
166
97
182
149
205
178
237
195
52
161
196
80
166
194
247
172
81
174
27
254
48
117
32
86
189
219
61
190
252
253
247
99
112
232
148
104
200
99
126
5
157
252
45
153
18
94
156
227
126
199
98
76
255
232
104
231
6
184
119
178
102
66
89
148
247
120
54
118
95
221
34
87
121
141
66
238
115
64
88
244
140
33
177
119
155
186
203
130
87
51
174
7
220
123
72
253
174
221
62
94
99
200
133
256
35
117
29
157
153
203
130
127
115
10
35
176
87
72
61
160
177
84
112
85
156
49
186
157
128
255
213
6
39
14
134
243
69
140
13
207
161
81
104
247
144
107
178
158
122
200
8
163
24
19
152
72
117
255
26
174
14
112
155
143
18
162
230
247
133
154
94
76
96
254
221
49
11
24
33
115
241
155
173
133
164
118
112
146
216
10
44
198
200
107
14
119
226
116
147
137
186
161
212
96
73
14
39
245
200
174
186
232
76
5
255
194
115
105
29
104
24
255
200
70
112
254
52
188
255
88
202
230
139
80
106
173
72
54
117
152
202
45
104
39
177
8
61
99
166
218
32
72
72
59
137
165
69
69
186
157
117
8
115
221
25
219
161
33
163
81
177
105
203
61
192
247
239
18
66
201
31
120
47
174
221
52
221
237
77
120
196
198
174
49
197
146
165
66
160
77
94
254
9
127
199
39
198
39
33
149
141
255
202
173
122
254
9
39
72
33
148
80
39
117
88
173
174
218
141
4
42
148
79
92
163
70
145
254
229
170
49
254
229
38
140
117
202
218
99
221
137
201
65
73
146
254
70
89
256
98
104
186
240
42
99
186
191
67
232
170
117
45
119
102
197
20
146
39
72
163
174
2
19
25
155
155
191
238
200
72
103
39
173
248
146
35
247
226
158
197
117
163
200
134
220
188
155
229
197
137
174
200
199
184
121
195
186
115
253
99
83
83
244
39
79
73
31
79
99
39
237
39
171
77
43
61
103
246
117
52
254
155
148
163
79
42
48
171
252
220
254
39
133
35
108
173
199
25
137
200
181
169
223
73
224
64
83
224
8
221
5
151
148
64
246
218
218
197
39
174
161
146
33
83
88
19
158
19
140
33
163
107
91
73
48
111
137
200
158
215
232
64
104
170
123
31
115
52
156
224
254
201
156
169
52
26
186
146
135
203
94
52
170
223
200
84
59
137
77
196
252
174
203
200
207
146
33
185
246
156
254
120
252
163
186
232
75
136
252
137
214
34
92
200
145
232
252
207
134
249
45
200
202
230
18
201
232
190
57
196
159
52
163
84
124
33
91
200
36
252
246
25
112
161
174
254
30
246
151
169
116
246
124
148
169
98
248
39
254
249
214
57
124
10
49
43
19
213
112
145
224
207
137
255
79
43
157
204
254
120
52
255
99
80
154
173
115
221
29
5
213
238
170
163
98
194
124
15
31
161
115
169
68
148
69
172
248
121
186
214
75
67
180
249
252
254
83
197
248
253
228
73
23
256
232
80
232
254
190
35
39
123
94
193
169
120
248
145
45
35
72
20
31
71
200
213
52
254
230
237
213
115
218
170
83
197
237
147
195
125
213
197
56
247
249
248
9
232
221
252
164
88
221
194
127
31
77
252
104
148
155
127
130
76
155
28
64
104
39
