143
71
98
84
84
71
165
176
176
98
7
36
113
194
71
176
52
27
88
242
126
216
113
151
62
216
130
62
162
244
117
96
112
117
146
254
107
216
160
204
208
70
195
145
165
112
204
81
195
81
81
62
242
204
191
242
55
52
162
212
254
81
143
126
71
51
51
59
195
107
95
129
254
11
254
98
200
254
96
71
145
254
47
191
204
165
204
208
112
143
194
208
84
175
172
172
151
84
147
147
95
204
251
98
209
162
219
162
175
84
254
200
175
176
172
147
143
151
113
81
88
80
151
61
160
113
152
95
152
21
234
209
143
204
113
209
212
126
123
152
151
254
151
107
151
151
151
222
84
188
237
172
71
212
113
16
54
127
174
99
181
107
36
71
152
7
113
84
99
113
62
151
160
113
176
187
172
54
204
47
18
29
207
222
229
208
185
229
107
156
54
151
200
75
244
188
113
207
222
118
181
187
79
51
207
200
61
29
175
122
156
160
244
207
91
79
165
90
21
57
122
256
160
193
175
51
36
69
152
156
36
36
240
175
156
69
229
237
46
118
188
51
151
244
160
18
209
151
98
231
36
240
98
193
122
160
83
185
122
98
156
50
175
200
127
191
66
160
217
66
98
51
175
18
54
54
143
164
36
19
135
208
17
69
118
2
151
16
36
21
66
96
18
218
122
78
227
36
51
143
174
229
189
106
174
107
28
253
174
152
118
41
187
226
175
4
227
24
123
62
164
36
250
197
174
165
99
26
247
188
71
173
151
141
125
138
151
152
185
152
247
141
222
41
222
160
222
9
227
123
156
254
58
220
118
143
175
118
26
9
106
138
254
78
17
143
165
66
189
254
21
249
175
222
135
106
218
135
108
147
90
90
100
109
135
234
141
48
141
51
226
160
90
109
152
90
119
42
141
52
119
100
187
99
197
244
135
111
100
254
141
222
160
141
99
165
136
36
185
197
21
155
136
197
9
254
238
217
188
173
139
53
175
149
136
107
99
53
218
126
161
8
207
