75
95
95
97
194
97
95
250
151
195
79
151
243
107
54
97
250
219
79
237
102
181
97
192
181
222
71
138
79
112
250
189
175
54
10
208
106
181
106
127
220
208
188
105
94
145
105
250
195
147
105
175
147
171
107
220
147
143
91
147
91
94
106
220
219
145
181
112
235
106
123
28
165
171
174
154
177
192
91
154
5
243
123
17
126
219
11
192
212
106
96
17
177
54
192
17
156
94
143
12
90
172
183
123
55
90
190
184
90
111
187
14
77
249
249
6
111
253
63
6
253
114
77
51
90
114
13
123
90
111
34
68
12
30
96
3
187
206
187
216
14
77
137
94
187
109
137
90
111
28
49
90
187
109
187
90
85
85
71
229
104
137
187
90
111
123
235
90
51
111
137
147
201
4
120
151
156
156
200
78
187
200
77
220
86
200
156
18
255
176
124
254
254
254
