84
176
84
240
84
84
138
84
84
212
138
7
219
253
212
20
18
115
251
251
126
74
115
25
214
25
89
126
235
51
186
235
242
216
169
184
199
240
150
103
48
45
51
21
200
42
115
155
235
204
17
208
80
194
199
20
178
45
20
235
209
223
94
4
139
27
176
145
52
18
220
74
52
52
239
32
251
229
18
199
64
92
225
4
251
199
161
4
20
213
7
204
20
209
52
251
66
125
51
18
106
162
52
20
20
190
16
225
157
251
12
210
52
18
216
69
216
52
18
112
112
52
236
18
199
166
106
177
8
20
190
45
73
8
251
96
242
20
140
106
20
235
72
237
20
216
139
194
104
99
73
8
163
86
242
20
80
51
18
20
161
136
213
20
139
155
197
110
64
223
97
104
204
142
27
254
115
199
84
4
221
8
151
239
213
204
216
110
183
105
71
199
45
73
34
127
84
213
183
255
106
231
216
216
20
139
216
20
218
216
84
218
216
106
218
216
190
220
4
25
98
121
36
183
74
72
25
219
73
216
79
5
189
166
90
242
119
122
232
239
54
200
20
72
125
256
232
213
161
70
200
20
164
193
98
20
72
166
72
15
218
36
72
255
216
52
183
218
225
213
255
232
181
139
73
5
139
87
20
255
72
20
44
104
71
160
73
161
52
202
159
73
125
202
202
15
255
72
159
239
52
139
36
73
183
64
214
216
81
32
44
15
146
91
26
213
73
76
52
216
79
175
125
139
157
27
239
72
232
106
72
84
73
168
232
4
157
139
196
15
225
232
139
20
45
113
155
225
150
196
202
23
69
193
98
54
15
125
98
197
64
52
242
10
165
72
125
61
20
162
38
184
18
221
239
214
157
190
20
225
125
159
55
91
15
36
202
215
125
121
159
62
161
20
15
157
117
84
194
225
202
249
159
194
232
119
251
98
54
218
31
255
159
218
52
125
12
189
26
15
91
67
15
15
161
23
148
218
98
73
79
15
256
160
106
255
16
15
202
148
7
87
18
218
157
251
225
155
25
194
20
113
215
15
202
202
69
52
51
52
44
15
125
248
86
173
202
15
42
42
15
251
255
15
52
218
255
42
125
73
99
52
8
162
52
202
76
218
61
221
72
63
232
4
193
44
8
72
157
225
202
94
255
125
218
147
73
86
84
174
189
15
23
157
85
125
82
42
213
61
137
218
202
39
218
63
72
18
232
202
140
61
155
186
253
56
194
52
167
44
25
20
143
161
110
218
159
15
20
146
202
159
81
15
148
15
15
157
73
202
42
140
253
86
66
26
119
202
99
85
159
174
12
186
57
234
15
202
215
139
218
42
137
20
15
213
63
162
163
239
140
23
23
94
42
213
202
84
52
125
161
148
189
143
213
9
48
42
153
42
72
94
239
117
202
189
210
159
24
109
48
161
215
82
52
69
202
218
84
232
182
23
202
52
86
52
72
218
202
48
52
18
48
218
218
182
210
214
202
109
157
202
202
202
106
162
26
63
99
140
202
197
213
26
148
52
26
158
48
99
193
197
189
157
202
202
202
202
125
153
202
202
112
73
159
214
77
202
202
158
202
125
114
202
48
23
127
120
140
159
232
73
244
48
45
125
42
138
158
225
220
202
23
213
72
106
194
239
45
85
20
125
199
15
202
213
225
20
24
157
20
162
131
157
157
23
157
52
23
15
225
213
48
213
225
77
129
85
20
159
109
162
225
244
213
20
190
146
20
202
157
125
72
162
56
159
23
48
73
56
52
52
23
53
52
218
124
157
213
131
104
2
86
12
56
202
230
158
23
111
32
56
225
56
163
213
12
193
2
202
63
52
125
56
104
39
197
23
111
23
13
158
213
158
56
45
20
72
56
82
159
56
202
42
56
48
