121
209
166
164
128
128
80
194
209
164
146
166
182
165
166
135
162
209
87
146
143
194
146
55
87
87
150
67
243
160
203
80
7
231
87
80
225
174
194
146
231
87
208
71
58
55
71
168
36
138
243
223
146
31
166
199
231
80
182
162
17
143
71
208
80
182
165
164
164
22
176
31
80
80
138
231
40
138
231
80
37
17
203
138
71
80
143
244
146
138
253
176
83
22
122
121
256
166
7
194
22
195
211
186
5
7
40
256
150
205
95
231
205
150
185
207
40
194
29
182
80
80
80
29
176
87
213
162
194
146
40
150
231
160
67
21
203
36
182
217
7
80
7
182
205
231
8
67
67
162
110
87
83
229
17
221
135
31
150
166
67
40
84
126
174
205
147
136
36
87
202
231
169
166
182
136
166
174
138
80
225
231
168
83
166
199
166
84
18
31
121
200
15
150
138
18
66
210
132
95
146
87
202
80
80
210
17
203
210
128
182
83
21
235
199
80
136
150
33
31
65
240
194
211
21
7
95
231
29
31
166
231
33
40
92
89
231
191
88
237
240
80
65
225
150
80
107
203
3
240
17
40
146
80
191
223
89
185
33
9
39
162
200
36
94
221
119
61
223
150
29
9
244
231
244
31
146
59
174
59
223
31
89
58
36
243
135
168
36
21
97
94
256
221
61
18
191
191
194
21
144
180
78
166
21
234
18
140
89
136
17
218
107
17
83
162
164
231
17
207
209
97
31
191
136
140
80
52
42
186
80
162
21
231
135
217
165
184
135
95
47
122
89
87
199
20
25
55
58
83
143
130
41
205
7
244
130
256
221
75
205
205
185
179
169
58
231
87
36
43
95
158
190
7
36
209
87
107
118
208
180
27
144
65
73
135
221
63
87
36
191
95
191
208
221
52
2
142
206
229
144
206
256
55
59
84
100
202
59
58
229
243
58
41
206
65
75
168
209
209
107
248
113
29
202
140
191
144
234
97
234
144
144
206
95
74
58
221
231
185
170
109
40
206
206
162
113
217
230
109
81
113
125
243
220
250
152
191
49
113
46
191
191
97
33
88
191
256
35
79
52
212
58
236
212
7
52
65
100
150
169
206
222
223
33
49
230
191
33
49
40
100
249
30
162
246
72
212
191
191
29
46
52
80
184
191
256
119
195
226
36
217
107
95
107
176
113
190
202
52
55
113
249
40
119
33
229
205
36
123
87
72
68
180
206
113
43
17
143
119
239
239
207
113
88
37
185
142
185
40
87
231
58
244
68
72
65
231
55
179
152
199
146
152
68
152
