87
17
97
186
88
148
66
13
209
209
209
66
228
228
209
91
13
50
112
209
145
128
145
17
66
115
13
243
211
211
3
17
123
128
145
145
106
106
44
162
97
226
54
240
138
211
106
138
128
55
55
211
249
123
128
172
74
128
84
145
3
17
55
138
106
182
212
216
123
172
77
84
85
217
84
80
182
34
243
55
243
177
226
148
123
162
106
55
84
148
145
178
145
94
51
85
251
243
51
150
3
251
150
85
128
177
123
106
6
177
84
189
222
6
168
115
127
109
62
249
6
162
251
222
31
6
190
115
147
75
138
209
162
127
7
177
195
115
115
189
226
177
96
115
138
218
51
21
146
177
28
202
5
211
84
171
162
162
106
74
29
28
106
145
123
212
147
6
106
148
162
74
7
168
199
235
123
44
168
106
256
44
202
242
5
127
175
222
160
177
170
218
127
127
15
177
104
189
160
26
190
177
177
190
177
198
73
33
204
85
202
221
221
170
226
212
114
115
148
12
84
26
214
3
226
203
25
25
72
116
211
115
66
51
135
105
104
154
55
15
47
157
162
105
114
162
202
211
147
47
115
44
118
196
154
26
96
109
186
91
243
106
207
163
55
85
155
251
17
189
104
36
163
51
15
73
206
17
12
146
17
117
213
85
62
170
47
211
105
154
9
163
189
192
66
91
66
12
110
88
66
66
196
17
148
237
170
25
115
217
105
66
238
211
115
102
17
90
82
3
91
115
102
238
82
50
82
129
102
222
237
228
28
72
250
183
56
92
56
66
198
163
110
107
137
18
163
218
28
48
101
99
149
237
163
62
133
118
101
197
159
115
129
184
13
192
12
134
57
43
141
51
84
50
183
32
12
138
62
148
85
18
251
107
48
255
15
15
29
137
133
204
97
85
57
214
120
71
97
225
86
122
145
12
13
173
193
122
4
255
178
193
214
157
78
87
194
133
122
249
173
66
192
69
86
159
55
193
127
120
192
96
218
126
133
183
79
193
97
199
49
232
120
253
230
19
99
159
165
82
48
126
116
55
44
192
193
72
141
252
194
82
158
226
107
214
157
80
255
69
126
165
133
19
193
252
157
53
12
158
219
218
249
23
53
249
200
48
232
199
90
101
16
78
15
237
12
111
157
192
48
82
11
23
86
82
115
133
155
82
115
45
161
192
44
86
255
155
82
86
148
192
202
82
33
