31
240
186
180
205
240
205
205
107
80
43
58
83
231
31
143
58
87
186
80
80
80
143
252
137
184
221
206
143
112
87
186
221
164
164
170
231
29
205
230
65
206
80
59
95
146
205
95
221
97
84
77
231
128
243
194
84
42
67
135
221
135
35
35
143
33
75
194
95
187
121
230
179
206
222
250
169
191
203
150
201
128
176
135
80
182
135
203
79
105
142
91
31
138
150
203
194
221
87
91
231
222
233
87
187
80
80
181
28
221
222
186
164
106
106
80
87
40
44
3
186
31
11
103
222
59
59
80
33
106
97
80
95
40
31
75
137
212
38
33
135
154
112
97
81
144
128
107
244
105
230
179
244
248
212
194
248
256
203
171
123
58
169
97
79
106
221
221
252
137
87
212
95
192
251
137
222
59
11
138
150
150
137
176
203
179
171
69
141
253
195
83
236
106
176
166
34
81
132
190
212
243
47
62
233
243
129
135
186
88
243
165
71
233
144
83
121
112
150
211
248
205
166
128
11
169
128
41
169
164
129
80
212
244
179
106
211
231
11
113
193
80
176
80
137
121
146
77
96
212
20
169
176
146
41
176
186
88
33
33
41
164
80
71
231
122
35
190
113
108
183
24
88
217
59
117
95
183
112
256
122
13
227
169
96
70
75
96
185
33
163
81
169
205
212
107
144
70
144
184
24
42
135
195
203
40
76
113
237
18
172
192
169
154
149
176
129
116
35
256
83
218
169
146
116
35
70
144
226
137
31
235
172
126
185
88
70
132
136
124
1
154
88
182
166
221
97
105
208
135
234
172
192
137
240
141
105
44
164
134
37
135
70
166
26
154
203
221
9
198
117
100
132
118
240
135
171
253
254
135
1
84
62
145
121
166
191
203
58
227
160
191
179
132
121
116
104
55
256
231
191
13
166
58
169
42
205
80
186
163
35
241
102
146
211
170
55
58
235
84
171
186
60
186
256
199
211
17
164
13
169
231
186
88
142
3
15
170
162
166
181
146
80
180
201
1
150
1
33
182
26
136
144
187
167
132
51
73
3
236
253
141
17
191
141
212
113
186
198
169
233
181
166
195
135
240
157
189
146
195
132
35
169
186
122
146
21
64
243
59
214
105
140
227
160
105
144
181
207
170
238
207
241
169
3
25
66
38
256
33
118
69
256
11
58
179
194
116
80
221
203
169
186
3
73
33
217
80
96
35
44
106
54
255
212
123
106
3
79
94
118
186
180
166
132
171
188
219
42
113
24
132
96
185
10
3
186
230
35
103
221
125
30
169
205
185
29
35
145
166
119
241
170
240
13
120
185
190
141
8
199
196
43
169
102
170
135
20
125
5
179
149
38
169
220
170
10
43
59
190
100
217
155
43
203
199
220
169
226
149
247
111
256
145
171
116
238
195
60
240
58
121
130
65
77
157
179
204
193
203
226
50
235
186
186
132
149
80
227
121
64
102
4
106
81
210
169
39
141
236
98
144
25
17
24
194
132
102
112
149
160
144
24
201
169
220
104
105
59
118
147
125
172
212
236
121
50
35
9
44
106
169
186
169
35
105
256
230
125
256
13
186
43
91
242
52
240
19
219
162
88
125
25
167
250
25
35
22
113
140
186
73
61
125
169
83
70
105
226
27
66
4
203
44
105
135
164
179
212
169
195
60
164
201
227
252
256
169
116
150
134
89
242
238
3
77
195
170
221
80
114
146
250
134
234
240
72
220
145
33
77
65
2
169
111
43
35
121
238
203
52
169
170
80
186
191
240
59
83
91
4
64
232
35
22
256
13
125
135
9
238
29
150
215
102
25
33
135
94
238
240
150
118
31
77
35
52
147
255
219
3
227
252
121
169
10
223
61
105
118
253
248
68
42
91
141
10
196
132
42
170
64
1
23
86
189
226
171
144
253
19
24
173
146
117
186
24
201
12
70
245
75
242
34
241
170
155
125
60
189
35
207
176
186
100
42
169
70
227
219
35
20
21
196
245
85
106
186
203
252
3
150
137
195
4
208
207
160
245
1
35
176
25
134
52
59
8
52
63
103
219
57
203
5
256
4
125
149
42
55
198
133
235
253
31
170
175
68
103
77
201
60
103
72
248
137
52
35
35
102
253
207
92
26
147
248
104
245
20
233
196
125
190
145
201
214
55
3
12
207
182
190
1
242
203
104
10
195
217
186
15
118
91
46
2
237
11
169
184
55
203
118
76
31
76
63
111
1
134
88
132
167
215
189
167
181
237
32
223
219
201
237
103
176
75
11
30
64
196
229
224
105
70
187
25
181
150
31
9
19
55
52
166
132
189
1
253
204
207
253
35
67
204
169
132
31
83
105
146
169
132
102
105
105
167
223
88
170
69
91
203
150
64
196
238
77
195
155
220
149
191
179
256
252
186
220
252
94
69
125
76
237
134
12
135
64
256
110
204
76
183
15
26
59
220
63
135
199
5
256
201
49
124
179
60
190
240
10
35
132
35
64
146
105
215
195
10
219
192
242
203
109
223
221
42
202
91
132
25
88
215
57
244
196
170
103
97
168
33
69
189
221
252
238
76
226
134
236
77
118
189
220
53
238
238
170
102
61
111
219
246
89
238
10
69
117
169
115
104
146
69
252
65
31
14
32
86
219
137
180
12
221
103
76
256
235
169
237
13
130
76
256
125
103
27
105
179
125
35
154
166
221
227
252
34
15
16
34
252
43
58
162
236
35
116
193
236
35
121
102
223
76
228
121
238
180
196
169
221
169
10
201
155
201
240
35
15
34
15
201
91
238
77
180
106
100
134
88
170
148
190
122
219
64
27
35
64
190
172
169
256
180
220
119
34
76
215
69
186
162
94
134
12
148
238
117
189
83
256
76
25
10
57
61
186
36
117
189
139
94
10
236
174
201
207
10
207
201
74
186
236
25
12
12
23
175
196
11
20
25
64
237
235
34
201
256
163
166
12
238
76
152
221
111
26
26
238
199
35
137
8
186
224
189
186
124
25
238
35
4
221
242
116
86
226
106
4
120
163
69
13
199
64
201
196
256
256
61
252
252
47
180
189
114
116
102
170
150
248
238
26
99
35
182
106
199
177
228
31
207
76
130
162
34
79
252
252
35
10
219
112
27
42
213
169
146
96
190
182
119
120
76
11
199
256
216
228
10
242
187
61
103
201
190
26
190
240
193
221
105
117
253
39
213
52
62
240
81
76
219
12
31
189
12
170
189
115
106
124
201
12
106
186
248
221
201
35
78
196
197
169
197
34
146
102
39
248
45
201
12
14
31
213
70
237
186
86
34
218
35
65
35
238
201
202
99
201
99
37
134
186
120
