69
76
26
211
165
165
206
94
94
69
206
206
61
211
7
155
16
94
138
151
76
138
94
202
26
96
159
165
51
160
214
98
23
111
129
106
94
242
94
138
157
206
23
102
200
123
112
76
144
54
237
69
127
18
160
111
98
94
190
94
217
46
76
81
51
123
9
87
62
74
189
153
112
74
171
62
106
25
83
81
160
120
44
160
211
211
13
98
126
50
104
123
169
123
57
5
127
34
160
112
41
22
200
112
104
104
160
126
225
123
151
207
155
16
243
59
104
64
115
225
87
145
149
127
111
123
123
237
105
76
165
162
51
27
234
128
115
69
106
225
120
225
43
156
62
221
120
156
3
126
163
204
165
218
104
34
251
74
72
57
189
44
163
151
160
177
32
57
21
54
62
26
242
157
115
204
112
64
26
151
18
74
51
90
225
202
69
216
126
171
136
200
92
8
111
200
62
66
56
165
141
105
90
161
34
174
234
204
161
104
90
51
94
247
199
28
249
218
28
165
98
18
76
54
204
3
22
214
128
76
166
123
105
56
134
165
74
41
34
72
143
127
151
222
24
163
51
163
26
172
21
105
89
148
102
126
163
165
69
164
22
22
163
115
143
143
28
13
181
129
34
69
165
143
188
148
123
251
23
112
221
94
61
174
120
218
160
115
170
99
61
130
132
197
162
149
91
120
204
64
143
213
157
13
69
165
91
91
64
110
161
26
123
83
165
82
181
65
160
242
165
165
22
218
162
72
19
115
165
175
157
9
111
62
69
17
199
81
175
98
230
74
12
129
165
161
217
197
9
209
37
143
213
66
105
112
20
102
165
253
57
12
204
91
194
199
249
18
255
155
16
199
94
204
102
99
197
99
50
72
171
143
157
12
185
165
254
74
69
87
255
120
48
81
194
149
129
145
121
15
209
171
182
9
66
197
26
96
12
171
56
159
165
204
232
204
160
148
218
61
110
214
163
165
48
157
66
111
15
242
73
74
98
155
56
218
26
199
157
72
18
213
86
66
106
159
161
215
155
157
18
202
157
26
165
106
207
123
123
157
27
185
163
190
207
159
67
231
161
28
13
254
218
139
120
48
110
246
197
218
64
112
172
174
251
48
56
45
172
163
48
189
112
213
163
218
165
231
191
99
129
41
72
218
143
225
202
41
214
110
202
256
214
214
67
63
204
12
48
215
200
67
172
123
99
159
161
72
231
189
155
159
72
202
231
157
218
45
197
67
256
232
214
247
56
149
73
120
151
178
133
94
163
21
218
197
189
4
111
232
249
25
86
86
216
213
4
48
129
159
81
157
218
72
159
157
159
197
218
197
57
251
57
56
221
159
215
12
184
99
67
67
251
155
86
202
111
202
42
159
87
72
143
182
72
215
99
148
45
44
157
161
232
157
85
202
72
82
104
125
157
155
163
86
196
138
52
56
163
155
215
202
12
148
133
13
86
23
254
72
172
18
72
213
199
82
143
86
147
91
159
12
197
133
56
121
213
197
235
148
102
197
74
45
156
82
215
189
87
204
197
197
45
189
74
249
56
197
178
157
215
45
158
232
189
228
158
159
161
99
215
146
56
59
197
157
59
45
161
45
45
189
45
56
6
189
52
160
155
159
115
86
56
133
161
125
9
200
202
42
161
20
78
7
15
159
249
129
199
32
155
161
63
138
56
232
155
56
161
161
148
15
82
157
249
19
85
17
72
215
242
104
45
218
232
159
61
122
77
232
76
111
247
161
17
235
232
157
163
238
215
85
15
82
157
72
72
159
177
86
45
197
26
185
94
125
76
12
255
202
45
57
111
82
238
232
120
159
45
157
197
15
157
45
197
77
159
75
12
218
174
155
232
45
23
155
213
161
48
178
133
77
255
45
160
213
161
215
45
9
215
207
163
9
157
45
77
163
72
48
215
230
57
169
161
230
134
12
118
235
133
155
52
86
45
191
161
213
12
12
224
79
45
159
87
12
53
178
56
214
235
45
159
119
215
12
157
155
44
82
215
12
87
48
159
7
91
230
173
45
215
9
9
251
111
24
120
82
197
104
115
215
161
88
45
82
102
161
256
110
26
133
82
215
72
56
123
202
174
218
148
82
254
12
151
204
143
133
232
85
9
146
74
148
76
207
73
82
15
178
151
128
133
133
82
191
159
204
9
229
198
213
99
160
32
155
24
45
12
45
56
158
186
189
202
106
45
199
86
186
146
34
37
45
251
77
225
155
211
12
123
57
218
9
56
91
120
188
1
48
131
86
248
47
157
213
115
120
232
85
155
161
133
9
26
213
255
26
163
163
221
197
56
27
133
157
45
218
111
200
235
69
177
160
20
127
190
27
157
159
94
218
178
157
213
31
155
55
25
133
85
77
22
86
45
160
82
72
27
115
256
45
48
213
221
208
15
133
74
44
69
44
155
133
133
249
75
159
72
85
94
56
230
85
213
160
12
86
133
12
161
72
249
76
45
46
98
159
119
202
85
249
43
53
45
254
77
202
82
45
48
155
23
252
56
45
85
157
185
82
133
249
123
73
251
45
5
157
86
158
235
234
11
213
163
133
133
98
52
32
159
217
56
98
112
94
215
82
84
163
215
48
159
193
176
20
133
66
72
159
157
133
161
17
45
230
86
10
159
72
160
149
157
25
133
34
218
200
77
5
72
163
213
178
255
218
82
95
217
249
143
148
206
208
56
128
57
56
155
159
56
240
20
99
157
12
10
68
48
159
56
161
224
155
8
159
21
165
25
81
45
12
10
112
68
84
157
159
234
45
155
40
82
120
159
45
221
133
9
10
155
197
22
244
155
112
45
85
5
45
86
115
213
157
72
39
23
189
56
45
146
161
214
207
159
45
48
56
48
45
26
56
56
133
235
158
209
186
133
31
133
56
155
57
153
12
232
157
254
99
178
42
157
12
133
42
249
166
214
163
82
85
161
69
209
26
114
45
204
173
99
36
155
9
22
155
159
12
189
83
163
4
48
82
163
213
218
12
155
45
88
209
232
133
202
56
49
230
72
178
157
218
218
48
82
56
197
215
133
202
232
242
86
148
191
157
126
220
25
126
86
232
56
161
133
186
232
220
50
19
133
87
77
42
202
126
157
159
232
18
159
20
72
125
184
39
143
193
215
215
23
204
214
125
157
130
61
48
56
86
12
85
155
163
45
184
82
199
12
56
213
87
204
184
23
157
202
221
155
123
23
218
99
232
82
82
20
173
216
255
72
48
133
82
163
232
52
201
56
133
66
215
79
189
99
213
216
155
58
102
45
148
124
148
12
232
224
133
48
99
45
12
237
197
25
238
211
77
213
9
74
42
149
191
82
148
157
218
74
238
223
94
45
34
152
142
72
72
164
215
45
56
213
191
201
134
77
255
170
238
107
55
157
20
197
197
86
73
243
189
157
107
23
190
157
159
110
101
86
45
86
45
200
189
243
215
48
161
49
45
135
56
72
159
216
157
201
18
163
47
216
175
189
148
86
148
216
82
157
146
189
23
216
115
189
12
218
130
161
169
157
255
148
199
139
218
115
199
124
124
86
115
26
56
201
15
111
82
152
213
155
201
124
195
155
56
216
139
33
42
197
148
56
218
24
99
161
104
191
45
69
252
224
163
35
213
232
111
69
74
33
