166
7
7
166
80
80
162
7
166
162
90
81
40
84
162
162
84
107
40
84
84
80
107
80
162
87
162
162
166
166
113
79
222
239
107
84
208
121
84
80
94
222
183
90
97
97
108
183
175
22
162
183
183
107
222
90
162
65
175
162
146
209
84
212
182
208
162
90
89
222
90
183
182
209
79
116
208
203
29
187
209
84
145
65
138
41
89
145
71
162
182
97
187
235
138
235
128
90
27
25
166
235
243
235
154
203
77
80
138
97
250
93
165
235
145
57
250
212
93
12
165
162
95
25
189
240
7
98
75
234
36
80
7
251
6
95
230
95
12
140
71
98
181
71
106
14
230
5
3
177
98
230
172
95
220
105
194
93
12
225
36
182
165
5
191
125
95
143
230
253
205
220
5
98
48
17
239
84
222
243
181
181
205
76
95
189
253
175
20
115
156
84
177
9
127
146
25
200
125
194
250
31
230
20
125
156
153
66
151
203
153
151
203
57
230
135
222
181
91
171
75
178
160
80
108
40
230
5
101
214
17
31
97
101
97
234
80
225
205
97
178
211
189
7
211
34
21
97
182
243
144
48
80
75
84
223
103
189
212
129
29
121
101
97
54
223
225
182
7
59
34
123
134
37
222
151
179
118
247
100
37
182
189
86
211
17
104
30
84
54
104
153
104
75
205
161
24
115
75
75
159
209
37
75
97
4
70
59
75
136
97
132
209
75
147
37
84
132
125
191
30
7
37
37
4
4
208
125
133
85
80
74
125
185
75
227
216
205
250
37
220
37
80
86
205
246
245
151
203
125
75
128
86
37
45
125
111
57
75
136
131
143
37
208
208
208
125
239
46
74
114
208
112
175
57
27
189
37
125
254
132
209
57
163
119
22
149
125
208
209
209
144
37
201
248
103
238
245
228
136
68
167
4
191
182
24
242
136
4
236
97
7
164
147
59
178
215
104
246
77
37
174
254
68
110
145
74
37
8
113
235
111
245
71
25
202
121
182
124
84
224
134
136
68
77
158
22
222
110
171
126
238
71
78
101
131
215
249
37
71
76
227
106
22
134
90
237
227
48
12
212
224
239
224
126
224
87
72
227
54
112
237
54
90
158
128
50
87
90
205
182
129
54
32
12
88
54
47
36
81
181
153
61
153
94
239
214
209
105
203
114
22
35
128
185
129
123
90
89
211
25
56
29
132
76
8
51
151
202
16
205
114
85
67
17
235
115
114
170
95
125
250
132
95
84
69
171
88
56
237
90
189
64
238
149
1
246
11
90
245
57
94
97
25
12
189
11
27
145
88
214
125
54
59
222
105
99
166
10
67
197
176
214
237
74
154
237
17
5
212
98
86
17
133
146
197
215
185
85
90
154
174
194
88
194
138
172
56
25
106
84
185
4
11
106
214
57
171
221
196
85
154
240
76
174
97
131
133
133
63
74
105
236
214
106
129
57
177
145
94
97
106
172
51
188
53
106
101
224
36
242
189
29
245
197
128
102
56
131
133
29
11
242
227
154
19
87
145
124
102
62
220
106
177
158
26
25
52
10
78
157
228
237
102
172
130
189
215
245
29
247
253
242
82
246
214
189
247
212
101
125
94
240
240
241
17
219
188
53
181
104
210
118
94
85
53
3
61
242
140
110
95
151
72
236
220
194
194
219
140
247
189
9
212
249
175
246
85
56
242
74
64
26
151
147
92
24
59
239
228
215
106
90
151
37
53
239
252
182
27
224
184
246
82
163
249
64
125
178
189
189
129
154
82
43
212
171
47
90
59
219
133
175
140
56
127
45
130
57
228
184
90
133
209
122
227
124
158
154
124
151
240
57
172
249
20
56
149
56
85
133
63
82
85
232
110
82
219
243
25
133
233
209
255
85
227
90
82
7
72
133
45
129
150
85
110
184
5
41
227
86
242
252
224
139
184
242
82
226
52
227
212
227
157
82
22
247
196
184
207
141
231
19
207
188
131
133
219
158
1
157
85
132
129
253
53
106
210
156
190
252
133
224
133
157
15
249
151
242
125
247
133
247
219
133
253
227
155
82
247
48
57
227
141
184
170
219
22
72
57
102
232
17
133
207
154
172
23
56
227
23
133
184
232
202
202
39
57
133
227
116
189
202
210
53
202
116
116
10
164
247
155
14
202
44
210
124
215
125
232
116
158
210
248
18
200
84
181
164
232
202
23
133
57
107
15
216
83
156
102
248
200
133
202
110
84
197
25
227
86
114
153
11
207
85
207
133
224
139
154
9
202
246
103
99
195
207
133
255
218
78
195
104
148
122
222
158
202
217
247
104
176
139
202
133
12
145
256
85
71
56
145
148
133
102
84
224
139
56
169
82
133
186
25
133
133
12
254
101
255
189
255
244
133
188
