14
71
107
14
194
14
176
176
162
19
144
212
209
136
162
177
136
36
208
46
208
87
51
209
14
24
115
105
183
105
183
16
240
208
186
123
212
105
123
105
36
46
51
222
183
67
51
186
67
51
114
240
51
222
97
105
165
47
184
223
54
54
209
51
150
165
200
181
54
18
165
54
177
184
182
18
208
131
150
194
47
202
67
114
150
209
187
18
94
177
123
73
123
184
123
90
9
222
209
114
97
90
202
136
222
123
55
209
153
90
34
209
46
95
118
24
206
235
150
174
59
141
235
118
253
84
79
92
231
18
231
59
94
162
18
27
42
73
246
47
140
120
165
67
27
24
246
140
67
51
18
97
189
231
51
128
61
113
72
58
251
66
246
58
79
36
61
146
11
176
253
17
191
58
21
92
118
97
9
248
73
248
52
253
253
194
212
95
92
176
18
83
61
59
66
171
244
168
202
231
36
92
74
199
79
231
146
87
136
251
143
140
200
172
4
136
92
183
173
20
197
61
9
21
248
38
95
9
96
231
92
162
218
9
79
181
38
83
72
9
156
4
174
249
9
66
61
126
254
9
9
25
114
11
123
191
244
75
146
17
178
131
123
251
9
25
37
11
199
138
51
143
120
63
182
98
24
199
126
92
212
186
134
87
208
75
58
121
47
211
199
245
211
235
24
181
4
251
9
62
135
197
28
146
96
98
142
13
78
61
118
220
59
114
72
89
84
118
37
18
245
182
171
36
9
255
77
251
215
129
198
211
99
129
256
95
220
98
73
170
66
73
114
136
67
80
67
51
17
89
9
98
87
246
164
246
245
212
157
9
190
221
68
54
251
35
173
154
186
35
166
66
67
43
212
199
244
65
55
154
253
211
92
251
114
24
91
114
251
220
243
204
227
37
256
129
194
120
186
172
203
19
65
245
138
222
186
244
154
121
138
4
80
77
12
88
251
99
169
138
146
256
236
84
50
20
231
38
118
73
92
194
166
170
166
62
168
9
52
190
126
115
231
207
11
91
75
253
168
20
256
146
39
143
91
173
52
199
21
240
204
83
131
154
109
174
203
4
173
230
170
186
169
221
165
238
89
26
94
4
179
9
214
129
240
99
194
240
37
172
115
73
202
252
4
154
53
76
73
67
31
15
208
159
115
148
106
162
37
230
201
17
195
4
120
9
186
10
86
190
118
120
166
197
11
126
121
107
108
17
186
213
10
70
243
33
84
35
37
128
179
186
248
4
214
35
94
147
146
181
170
84
94
214
190
256
186
252
120
37
237
105
145
208
217
70
232
115
42
169
21
55
179
145
179
94
173
147
170
125
25
195
137
103
134
164
4
226
17
169
104
169
208
11
98
4
176
35
15
163
170
174
186
170
37
190
170
172
256
72
256
186
51
23
52
124
196
186
120
253
80
131
76
115
179
25
128
91
240
174
103
32
156
176
7
131
256
39
32
137
249
253
256
85
97
186
170
203
42
36
172
217
214
37
31
204
256
109
178
64
140
9
164
186
169
105
9
36
243
251
220
237
190
25
148
121
35
89
219
92
115
88
11
201
35
10
172
42
129
73
170
1
115
8
36
57
141
84
155
251
201
29
253
205
211
76
137
174
10
108
214
186
141
198
35
169
219
55
227
101
143
186
203
35
236
91
208
170
10
44
256
74
102
256
19
6
152
169
10
42
146
203
140
219
252
170
186
10
214
12
211
44
23
59
32
35
230
252
1
39
255
58
218
188
161
236
91
36
115
162
71
52
211
4
138
91
170
240
186
83
253
74
39
222
256
81
181
25
10
115
198
49
86
188
38
10
219
75
91
34
137
242
49
186
49
75
64
221
108
196
254
221
248
255
256
73
179
115
42
4
44
229
85
161
4
31
247
4
219
240
83
19
256
186
8
218
51
43
197
237
91
207
86
89
151
249
242
160
201
18
227
186
218
255
120
207
122
256
256
238
227
252
202
32
99
221
218
242
228
95
252
221
32
227
99
35
137
155
78
19
39
34
207
167
31
247
19
10
211
103
64
89
163
120
52
155
254
186
57
167
141
23
115
192
232
48
116
34
121
4
221
170
105
139
41
256
244
25
4
207
23
224
110
102
216
89
197
142
35
186
43
48
4
88
234
112
192
110
224
240
43
155
179
101
101
241
193
155
256
117
218
27
23
218
72
160
244
86
173
23
218
254
252
155
24
26
204
