205
252
29
29
231
205
164
199
231
167
129
256
144
94
57
219
57
129
51
181
174
94
51
208
212
129
208
154
29
208
147
231
187
11
208
26
58
84
29
112
162
94
162
84
57
84
219
14
9
29
147
75
13
174
129
249
105
20
87
69
75
250
48
165
13
162
120
147
84
11
243
237
110
243
228
146
237
150
192
256
176
200
243
250
91
169
105
237
233
67
150
106
176
71
192
204
218
26
243
165
243
244
231
67
146
219
58
94
51
135
147
250
222
20
99
31
199
147
9
44
164
256
243
140
106
39
195
13
11
102
221
74
237
56
78
67
67
216
9
157
174
11
194
230
44
233
67
44
140
178
13
46
106
249
221
66
174
174
242
175
102
150
240
106
67
249
29
144
57
67
57
220
105
177
195
51
163
26
181
140
17
199
162
105
208
233
10
52
20
222
21
27
195
92
54
13
170
139
131
128
11
31
67
67
139
98
139
139
139
242
229
74
26
233
105
190
218
146
218
233
139
120
171
56
131
214
42
139
139
190
181
12
194
181
192
139
22
105
21
20
51
32
128
27
243
89
139
58
172
139
147
161
195
12
17
109
143
44
140
163
8
111
161
79
79
235
218
105
233
181
105
190
190
13
233
148
102
44
79
128
40
14
231
216
249
233
105
37
131
20
115
12
57
181
139
29
53
221
176
139
140
190
137
148
94
214
228
41
233
161
174
56
104
184
169
139
230
39
123
209
85
99
27
44
131
140
232
128
139
79
52
143
128
148
149
24
48
24
61
42
98
52
9
174
46
141
20
79
139
220
57
217
112
186
121
207
58
94
128
27
55
83
55
110
204
155
184
182
139
14
84
212
138
139
192
57
151
11
210
45
172
51
212
79
52
55
106
135
122
139
143
222
41
136
79
212
120
24
75
48
139
161
206
64
208
222
184
120
216
207
10
104
149
156
28
139
147
76
26
163
75
150
20
210
151
15
48
25
129
210
94
9
139
10
11
210
243
79
117
183
140
91
210
226
39
218
174
207
24
77
174
233
163
153
24
122
148
12
212
58
13
194
24
79
140
122
207
155
26
214
94
214
139
174
167
134
153
235
41
110
12
112
178
207
59
142
139
204
129
139
11
215
236
243
253
12
245
77
28
174
67
182
139
9
238
28
99
139
118
28
163
161
123
94
99
120
181
39
151
235
37
84
24
226
26
44
85
250
97
110
10
197
28
250
255
189
125
26
204
210
69
140
207
141
147
64
9
226
210
99
139
187
192
136
187
24
77
57
110
139
69
79
10
147
217
14
104
139
133
104
238
221
10
187
129
195
12
36
37
64
20
128
204
65
9
20
173
210
94
24
70
97
129
67
2
132
125
148
217
214
79
26
10
125
137
38
171
252
174
13
73
11
207
173
141
40
13
187
216
95
218
44
147
187
253
94
192
190
15
94
182
20
9
226
248
44
104
9
114
69
221
223
223
85
110
182
31
232
210
110
210
174
60
130
223
61
163
210
14
182
125
147
95
105
232
245
182
79
91
126
163
137
24
123
139
26
223
192
139
187
9
76
99
117
114
14
12
37
20
104
44
64
129
163
95
223
12
99
104
125
38
186
207
172
210
9
137
210
104
210
235
4
94
94
217
4
125
85
79
193
12
252
39
223
89
207
138
167
230
247
192
115
148
20
105
37
129
230
171
129
95
207
45
212
226
223
192
121
100
172
125
167
195
2
167
135
210
139
87
26
137
155
60
172
76
243
192
9
210
123
163
226
125
20
147
94
61
226
77
38
181
210
176
115
143
53
210
115
207
111
77
26
134
10
20
83
153
37
114
199
94
89
10
226
33
65
77
120
18
227
217
167
39
123
245
139
172
86
20
216
77
226
231
139
58
26
210
207
37
154
210
9
9
149
122
204
163
176
137
88
172
167
10
99
126
210
56
100
135
147
163
61
4
157
115
202
181
125
26
38
107
67
123
125
125
142
147
11
64
60
44
23
249
91
67
171
94
179
155
39
163
70
223
60
195
26
218
26
134
120
126
44
132
195
195
126
171
70
153
44
94
61
70
123
130
204
116
153
83
148
247
33
9
61
100
9
2
120
11
120
193
9
141
217
172
39
2
179
89
99
198
176
120
223
147
204
187
60
125
219
20
210
210
77
20
26
123
189
130
94
49
125
210
132
30
219
218
30
42
163
94
64
192
223
210
70
9
100
181
117
150
219
132
99
79
111
79
195
172
226
34
101
137
125
14
70
9
207
114
125
90
104
30
65
134
90
187
240
179
77
134
117
79
30
20
19
256
221
101
60
14
60
198
9
217
198
79
70
1
94
94
70
77
125
112
41
174
250
171
190
225
140
247
235
79
45
66
147
224
197
212
91
135
65
207
193
155
42
187
44
144
120
223
157
207
60
61
38
58
100
66
60
105
210
140
94
10
247
210
210
210
120
92
187
193
155
60
120
255
210
192
207
198
77
14
66
14
90
107
94
26
100
67
190
217
210
151
198
60
137
217
193
210
52
88
179
60
125
125
26
120
229
79
132
34
79
60
134
117
220
70
229
254
250
101
137
137
158
79
70
131
133
109
14
91
9
40
58
223
167
60
4
108
185
219
187
125
210
59
70
194
124
61
14
59
155
134
2
187
14
229
39
172
185
9
146
43
190
120
107
134
226
13
79
187
195
223
65
99
238
189
8
20
152
126
77
113
155
100
210
79
124
56
100
227
44
77
187
155
212
114
66
44
193
212
126
114
207
2
124
19
78
100
100
78
192
99
197
19
4
131
56
79
9
166
133
18
148
155
210
207
213
120
190
170
60
25
17
1
60
207
64
149
176
60
226
120
190
78
79
131
114
159
214
217
77
130
60
198
189
135
134
155
100
106
100
14
4
18
14
33
193
36
125
211
6
255
120
79
39
137
226
237
217
105
1
167
116
148
60
60
46
100
1
199
218
199
130
207
27
60
2
207
14
60
226
105
184
250
245
241
78
60
170
187
161
49
221
187
120
217
178
19
190
72
159
163
207
250
109
100
150
78
255
70
33
197
79
40
152
39
104
100
4
157
60
217
192
79
193
197
239
217
33
46
100
125
77
40
233
60
60
33
193
167
79
116
163
254
30
100
155
100
73
227
39
167
169
167
201
197
123
163
193
119
60
117
118
130
43
77
113
232
196
185
113
224
173
213
218
134
155
100
197
46
227
140
137
82
141
195
100
49
24
70
125
39
2
114
116
246
148
24
137
43
100
119
60
234
141
187
48
24
60
100
255
137
119
119
157
126
134
125
44
60
119
113
60
152
49
125
167
