46
244
184
7
244
180
95
95
47
183
183
47
183
244
59
59
24
59
59
194
183
144
79
105
37
59
118
138
138
183
136
59
175
121
130
235
36
138
67
40
235
65
36
184
28
55
130
181
5
127
138
160
123
5
67
55
183
145
181
130
130
231
160
182
182
67
79
206
127
96
231
25
37
235
40
55
5
54
191
3
160
3
235
14
146
250
25
14
54
14
222
36
231
226
191
191
118
112
222
253
143
102
166
145
184
16
49
177
28
118
127
95
95
54
128
128
143
96
76
113
164
160
150
191
138
143
147
195
6
95
55
175
3
5
181
27
160
105
192
126
3
40
182
58
127
24
104
160
254
95
105
177
19
41
76
241
182
126
64
31
126
5
243
67
147
160
40
68
238
103
40
233
135
116
92
184
9
105
245
171
90
198
40
67
132
147
109
106
171
89
106
6
126
243
182
90
90
184
254
211
15
126
154
245
30
146
15
191
15
63
104
212
67
145
28
129
27
112
40
145
181
34
109
94
122
200
233
250
71
1
3
87
113
140
200
246
68
160
43
90
96
217
200
151
90
245
68
87
24
204
76
67
39
90
121
119
187
132
129
87
66
182
37
174
76
147
173
217
119
76
206
118
158
37
81
27
90
119
119
226
226
66
96
246
211
211
98
147
85
15
211
204
18
169
129
191
132
165
222
248
248
12
220
109
81
174
160
178
213
93
112
174
30
160
253
118
30
13
78
220
198
123
86
160
13
136
199
118
55
67
103
171
211
98
67
160
39
28
138
131
160
109
129
243
242
109
206
118
15
171
242
65
150
200
27
156
226
118
182
177
243
28
211
171
30
199
213
46
138
96
198
36
140
160
200
182
2
118
112
98
109
171
98
217
254
103
15
54
108
236
116
243
1
59
4
29
200
173
109
129
150
36
136
226
156
109
171
243
59
198
92
36
156
156
222
8
83
133
2
36
235
192
246
231
90
217
226
147
156
113
217
5
206
241
1
171
119
219
118
156
89
208
190
55
217
226
137
136
131
16
216
216
8
36
200
185
238
21
200
168
90
65
190
151
243
252
106
2
193
200
128
4
254
17
206
30
68
119
28
234
49
136
200
119
132
128
146
152
216
217
28
95
68
231
245
118
200
132
226
172
252
47
28
95
152
172
92
79
37
147
30
136
191
200
228
38
172
179
187
66
98
38
17
99
93
79
229
120
18
4
9
197
192
254
193
200
28
99
12
99
98
234
43
92
120
174
4
78
120
217
174
216
2
13
147
46
216
82
200
234
179
231
94
200
114
188
198
173
173
56
131
171
50
98
254
243
147
171
245
136
38
237
119
187
42
99
22
238
237
53
152
66
200
207
119
218
137
132
218
215
119
173
43
37
226
14
172
227
122
99
247
152
195
105
168
91
171
173
14
191
234
141
37
224
193
156
21
14
154
217
119
76
103
131
77
100
247
188
119
17
8
158
33
2
68
187
15
119
99
119
1
30
247
14
75
14
221
42
188
248
206
141
238
201
245
24
38
236
144
245
198
174
179
245
158
215
168
101
65
55
158
103
173
256
137
14
69
227
200
150
9
101
169
218
101
10
171
188
13
180
158
68
256
191
169
247
150
113
80
58
2
22
173
