84
138
204
128
80
17
230
186
153
166
170
166
135
244
153
54
123
47
33
75
51
29
222
75
177
140
6
233
251
71
51
128
97
140
231
51
177
237
74
145
51
230
251
97
189
58
42
74
231
206
91
130
89
242
18
6
222
232
87
140
62
74
71
87
123
251
110
107
230
47
256
42
253
21
205
181
95
17
256
239
75
252
153
256
75
166
159
221
88
150
223
252
89
251
251
75
116
205
144
242
76
236
221
87
81
225
239
140
256
75
141
87
16
58
190
256
169
244
207
116
25
59
115
225
18
33
87
42
75
41
162
179
84
91
253
222
140
170
189
55
54
251
84
64
164
18
17
123
144
108
75
253
126
88
89
140
143
166
182
93
128
205
225
25
51
144
69
84
182
5
102
252
25
13
251
10
114
203
74
150
58
27
202
102
114
251
253
123
28
201
32
126
140
42
252
162
51
51
198
21
9
242
28
221
121
64
182
182
203
67
47
253
29
251
236
107
108
26
46
5
164
5
223
203
89
69
170
221
91
166
162
256
180
108
24
252
177
25
47
72
10
69
29
74
59
103
62
91
50
150
88
140
249
31
11
250
74
25
194
107
84
29
67
103
102
54
79
123
223
94
65
208
62
194
58
236
152
239
25
25
61
9
192
256
201
42
252
33
208
253
56
106
170
162
100
58
135
129
27
71
10
117
150
33
156
27
107
50
251
174
50
111
186
103
31
203
36
75
167
87
240
119
42
106
50
252
31
151
170
242
237
62
36
50
162
115
13
219
25
162
88
25
28
91
110
209
244
217
236
117
29
42
123
252
23
130
168
65
170
170
170
108
209
154
50
245
71
112
42
62
27
171
190
50
251
145
208
253
69
32
31
254
128
37
71
108
69
240
9
26
33
71
187
27
63
176
239
174
7
186
81
71
236
58
67
139
222
25
173
25
31
251
29
169
169
176
249
122
32
170
135
76
238
162
177
52
93
121
140
170
115
224
186
67
27
160
91
62
223
237
123
36
147
25
107
14
140
205
219
69
238
62
190
96
128
97
138
121
203
165
206
165
50
138
26
88
137
199
35
170
44
55
11
190
29
62
78
71
242
60
13
25
199
140
35
147
194
151
237
203
180
116
144
35
147
77
50
230
133
69
133
203
91
211
203
194
52
190
210
147
70
11
217
171
167
8
160
140
251
7
96
119
194
95
165
229
172
44
115
212
201
185
21
33
217
202
143
219
7
89
251
250
91
83
41
117
150
40
35
244
251
256
50
130
151
39
171
74
88
120
3
84
64
196
40
214
50
62
147
237
231
205
43
237
206
70
206
117
159
147
177
66
50
33
30
230
76
65
108
18
237
176
239
3
170
28
152
38
122
140
170
219
104
128
181
253
105
86
143
83
13
253
219
236
180
21
26
143
70
212
195
37
96
9
150
25
229
178
60
89
222
159
14
153
82
215
139
96
69
141
67
197
3
5
195
19
153
170
54
88
27
128
39
190
27
133
40
25
118
231
67
140
197
181
25
38
3
33
143
126
251
140
195
108
39
243
194
204
172
187
62
160
133
115
211
122
75
197
240
239
175
217
229
194
212
239
94
171
79
96
207
3
19
147
196
208
175
25
176
170
22
116
50
230
171
62
237
102
71
89
18
198
14
18
256
102
237
123
170
106
153
39
84
51
76
110
169
203
250
252
27
149
196
137
182
252
79
179
67
153
100
204
41
123
63
3
36
175
46
115
71
239
3
75
15
219
231
214
72
17
90
3
140
94
191
172
172
194
19
17
190
182
126
118
76
139
211
10
252
177
243
123
248
178
75
24
16
110
143
82
175
21
112
13
238
79
174
214
30
58
98
83
155
256
104
172
225
170
230
172
179
237
7
25
181
239
195
74
74
177
165
251
155
5
19
225
174
103
55
27
132
131
3
187
169
112
105
155
83
147
77
217
83
118
222
150
256
236
27
3
115
106
109
17
19
132
66
118
60
11
153
100
16
83
94
35
251
41
138
159
18
180
140
106
256
20
176
189
177
98
98
169
138
225
164
41
3
225
242
5
131
69
159
165
219
251
118
96
235
230
118
18
146
85
221
207
100
120
32
177
118
252
126
97
138
20
208
34
237
89
32
3
94
165
222
118
58
100
91
247
143
256
227
118
98
162
83
176
83
159
98
216
151
27
202
14
98
133
218
52
72
110
127
112
106
31
143
118
126
134
17
165
56
29
176
209
52
80
222
162
32
116
8
225
140
153
138
248
153
146
251
118
76
109
32
161
210
209
117
86
52
170
69
145
160
118
58
165
239
34
162
41
3
251
247
146
253
153
151
162
244
251
24
34
76
74
16
28
74
198
122
56
208
120
176
86
187
203
203
76
30
220
4
162
24
110
34
12
20
251
34
79
214
175
252
94
185
32
224
224
177
177
165
212
153
177
91
253
106
175
198
34
153
84
106
84
118
60
110
43
219
208
181
80
225
214
126
158
34
115
49
85
176
237
98
162
34
232
187
2
112
253
202
251
164
138
253
98
2
85
256
70
153
58
206
56
163
21
219
32
197
133
28
72
111
84
177
176
162
253
84
256
181
117
34
98
60
129
192
197
98
60
246
84
51
60
6
183
66
162
251
167
116
76
86
145
101
200
118
140
48
118
199
168
175
76
227
29
14
152
183
204
52
157
18
227
109
246
175
23
45
116
20
6
154
246
241
251
125
42
85
213
146
175
182
146
236
34
12
70
172
2
189
184
256
125
102
14
111
84
137
106
23
24
155
231
12
34
30
106
50
18
200
243
169
106
101
73
248
111
154
130
167
243
125
124
39
155
132
200
58
207
70
80
146
12
246
25
104
104
175
109
155
161
228
133
81
243
77
157
30
133
192
201
194
63
253
250
56
6
203
84
97
175
54
79
124
241
79
177
212
159
120
242
227
98
4
256
124
182
34
79
146
211
1
77
157
109
218
12
156
148
235
249
121
103
57
184
241
102
182
34
247
71
157
176
7
117
192
231
15
66
111
70
46
213
137
141
73
238
24
118
214
146
256
202
146
163
27
34
189
234
13
25
5
75
86
148
118
193
133
10
77
161
202
121
75
124
101
183
192
79
148
148
12
190
80
101
70
102
148
228
228
228
49
157
70
238
75
10
79
174
60
214
202
16
147
157
80
248
167
114
56
213
23
222
213
191
218
11
81
12
4
152
232
19
157
30
4
16
124
198
117
227
230
30
135
117
157
202
30
137
191
157
202
157
116
79
139
70
31
173
227
124
60
191
12
34
254
49
197
90
76
232
86
35
235
163
192
241
14
173
56
218
163
16
12
56
157
78
218
56
116
163
214
12
134
20
90
189
218
30
101
250
237
163
111
157
218
137
115
133
213
218
56
148
23
159
111
192
142
131
163
148
23
218
137
12
56
70
102
159
84
104
241
133
25
148
111
89
101
254
137
148
142
159
232
163
30
34
