14
237
14
87
14
87
212
22
194
237
243
106
3
22
3
147
220
66
75
230
126
3
239
186
76
231
111
115
3
115
58
237
50
164
42
107
3
237
142
11
11
164
55
83
157
3
243
65
142
149
239
214
79
166
6
55
172
244
3
87
204
143
220
87
76
11
132
88
75
112
130
172
162
176
240
36
239
204
176
76
3
10
231
195
27
127
248
195
126
12
47
181
76
183
176
256
138
195
56
214
239
111
143
237
217
112
115
126
195
181
178
106
237
104
241
178
216
76
115
58
79
242
43
65
160
162
163
248
202
46
154
86
195
214
74
44
132
243
12
47
145
106
87
181
104
50
195
189
27
126
178
98
90
84
129
75
14
171
253
243
172
63
115
198
216
242
160
24
138
28
126
157
222
178
127
172
44
122
162
83
214
138
166
253
141
122
198
62
243
56
115
125
213
116
176
62
242
187
229
174
213
47
241
243
200
126
104
3
200
171
103
138
126
165
189
75
120
165
61
17
241
215
130
142
123
219
217
122
237
165
222
221
85
50
195
79
126
26
44
110
154
62
197
67
44
226
21
174
91
21
26
243
243
169
108
108
44
122
245
250
52
127
44
163
107
105
167
144
200
191
94
26
251
231
94
99
121
50
245
211
91
186
121
3
172
1
51
235
48
214
115
256
226
174
24
3
16
148
218
123
226
48
18
180
62
75
253
148
94
150
113
216
223
207
225
223
54
24
142
94
256
256
211
231
85
24
30
75
204
160
137
44
38
69
224
256
235
174
207
154
44
6
254
207
142
24
129
207
70
141
44
129
226
216
243
237
127
142
202
207
26
85
70
160
105
202
161
104
71
188
224
44
69
57
161
60
188
232
91
237
162
226
91
93
163
2
15
180
2
241
199
221
254
200
91
224
254
217
127
144
48
151
24
9
226
124
43
99
160
54
222
62
140
38
206
42
207
48
243
70
148
85
211
94
206
158
206
144
38
128
227
150
251
148
160
216
221
256
38
184
80
229
25
192
65
73
224
243
171
221
50
89
25
237
247
219
49
253
200
186
146
183
148
238
182
57
147
68
222
43
149
25
36
170
123
164
133
155
197
194
66
221
43
61
127
43
212
213
254
42
2
170
237
2
221
143
25
64
243
221
139
237
116
217
187
256
157
245
248
94
56
172
70
221
67
113
231
211
251
180
203
219
245
44
137
140
163
124
157
133
201
252
65
221
231
204
160
161
33
256
188
149
142
239
64
21
99
184
212
37
129
19
184
72
91
40
118
202
249
159
66
244
137
17
24
15
237
10
133
26
10
99
23
121
73
130
213
17
89
159
241
45
10
71
99
164
220
212
47
69
30
243
85
194
148
194
150
169
89
184
47
164
206
231
47
72
148
99
72
228
163
218
163
85
9
49
218
47
205
253
150
199
252
89
42
61
44
163
148
11
75
25
19
30
26
232
43
251
64
163
179
16
206
73
44
203
187
176
163
155
22
17
107
218
30
85
25
180
72
202
124
72
4
30
132
95
161
191
202
19
202
157
120
140
202
139
30
169
98
244
161
148
133
71
197
159
133
53
243
133
202
116
157
148
99
206
157
116
165
161
156
202
199
87
155
199
231
133
36
98
244
44
147
242
164
15
53
218
45
147
37
221
32
110
232
133
148
202
99
202
6
89
99
10
2
72
213
58
133
160
218
133
199
207
155
243
120
133
233
44
6
115
83
67
18
159
89
44
178
167
163
30
199
200
218
198
12
31
202
36
52
235
241
43
24
44
157
52
44
215
8
163
63
24
112
147
202
174
44
213
237
117
232
170
189
133
212
161
73
250
116
163
73
253
99
163
165
157
72
155
161
32
48
69
85
48
30
256
228
179
122
30
62
2
133
242
133
58
197
163
109
255
237
202
133
9
253
163
23
241
134
163
89
213
197
202
213
232
170
210
133
202
99
105
197
228
42
213
189
213
163
197
170
213
244
36
30
33
24
199
244
45
99
213
45
242
5
82
133
148
194
145
73
138
94
157
110
221
235
238
61
202
157
201
199
72
242
133
213
141
163
202
163
68
226
153
160
161
31
26
202
60
159
133
139
253
232
99
218
42
53
133
107
249
163
213
72
33
202
213
61
30
82
161
72
148
133
241
133
145
26
145
159
115
218
152
86
201
133
27
49
30
202
163
45
214
69
183
22
133
133
48
79
203
242
244
115
129
202
88
45
38
142
213
189
247
255
141
64
202
202
213
170
91
45
211
133
207
240
76
44
221
142
25
12
189
34
72
155
48
133
10
157
77
19
4
38
148
235
99
232
133
124
113
247
148
72
235
45
240
232
100
182
48
199
12
48
47
232
163
48
133
13
199
197
148
72
72
26
213
115
99
233
131
44
218
226
179
45
155
119
163
159
199
49
85
133
155
196
43
115
96
43
110
189
159
23
133
85
202
190
88
218
133
218
187
133
142
133
1
9
214
247
72
115
48
217
200
99
163
100
232
232
197
219
105
192
227
134
12
232
76
247
100
42
163
133
72
218
48
192
218
105
133
105
44
232
179
76
44
26
197
26
197
82
133
163
12
19
226
39
72
72
26
235
187
72
72
218
215
20
157
121
44
214
201
232
133
72
64
235
197
45
44
171
44
238
44
218
256
44
34
159
207
60
56
232
133
56
133
34
193
232
12
213
