256
230
84
80
84
256
162
81
81
186
80
80
162
203
147
146
240
186
154
166
162
162
194
194
129
162
84
162
80
84
162
112
80
186
71
146
84
74
80
16
80
160
146
87
166
129
166
229
62
151
186
166
146
35
74
80
84
129
105
71
80
62
80
80
87
160
90
52
194
71
81
129
91
166
208
190
98
80
87
36
166
146
87
80
166
80
186
240
36
73
98
204
113
143
230
230
81
115
166
71
143
253
113
121
92
129
128
252
128
150
146
80
59
113
135
162
81
141
58
175
80
98
84
71
154
256
143
143
80
230
209
230
73
146
151
66
11
256
166
256
256
135
150
256
112
28
50
150
151
27
216
73
237
151
50
81
107
160
166
182
171
98
166
90
28
214
121
71
80
151
27
186
186
62
146
143
84
146
151
160
146
139
252
128
252
71
11
110
80
146
186
80
128
181
228
256
209
73
143
27
62
71
165
113
221
98
71
239
50
204
98
151
112
219
228
154
66
182
73
108
80
87
245
166
71
112
36
91
80
128
194
230
151
182
243
186
194
55
162
243
160
95
113
152
123
88
204
200
27
44
253
28
90
169
214
86
249
71
249
217
88
112
113
242
169
25
204
214
25
112
80
93
212
25
182
73
252
249
213
237
214
243
112
138
112
256
244
164
128
165
230
228
55
229
35
242
104
151
80
148
204
176
67
170
190
112
112
204
221
195
243
94
112
242
212
241
75
115
113
211
94
256
190
59
53
65
243
107
256
221
80
219
29
214
95
9
91
204
98
115
214
202
228
34
83
115
159
253
165
51
252
118
249
98
61
188
112
254
84
112
204
219
200
29
128
115
24
107
216
80
21
112
249
184
200
29
102
214
62
151
104
160
209
18
128
151
232
51
61
98
219
107
166
101
115
83
106
214
83
62
14
61
162
151
96
18
104
236
181
227
213
235
204
249
107
244
32
162
159
204
251
219
75
67
32
190
175
200
13
241
239
199
148
6
175
39
159
232
26
86
175
239
249
36
13
146
55
219
13
200
90
83
71
34
29
232
245
164
160
57
251
232
242
13
153
204
51
18
61
142
25
165
22
18
112
126
147
29
177
140
126
236
241
57
150
215
177
151
251
242
232
202
102
81
204
72
127
46
45
73
218
242
81
254
21
151
151
140
204
62
153
23
178
35
253
104
204
254
175
54
204
153
184
159
210
208
214
62
218
8
204
73
251
10
174
256
13
167
47
220
208
239
190
249
222
87
25
140
70
83
83
111
146
89
151
6
42
70
170
71
237
151
164
242
148
107
178
253
104
84
165
186
57
159
22
194
251
84
91
166
205
178
101
174
12
215
207
204
98
69
251
214
202
237
11
35
242
178
3
178
151
155
208
54
236
249
222
165
253
10
134
230
11
174
119
151
98
177
127
203
159
112
63
112
26
176
31
240
102
147
213
126
185
98
97
229
96
237
155
165
185
81
105
46
132
215
47
97
82
83
91
140
181
185
91
61
253
253
128
23
23
108
72
16
175
141
215
62
84
22
107
235
16
81
90
93
254
165
69
97
181
222
105
76
123
177
165
178
218
181
175
69
230
161
153
186
138
157
175
31
25
91
84
35
83
128
232
23
164
225
204
91
150
242
212
212
204
232
48
225
75
39
87
228
65
86
232
232
165
157
91
144
22
127
124
90
11
165
237
160
129
230
94
170
158
45
110
36
34
191
174
254
54
120
112
128
214
244
112
98
69
58
88
26
237
209
84
214
228
112
140
159
221
252
194
159
91
82
165
96
84
63
82
91
47
94
161
134
180
190
239
214
159
177
208
149
162
147
225
76
165
122
190
204
122
157
157
181
62
112
84
219
148
176
95
9
69
105
244
157
212
140
45
54
23
176
212
82
152
29
127
85
159
159
81
225
209
25
215
15
9
242
157
185
112
157
209
18
46
39
214
51
151
76
83
178
204
249
127
108
233
190
24
120
242
251
239
147
82
214
69
26
123
77
9
91
96
196
89
72
199
209
232
54
249
6
160
35
232
85
45
103
140
184
98
25
23
176
157
181
62
249
256
251
62
229
208
139
150
199
239
239
15
122
185
159
77
146
165
84
149
251
202
140
115
165
45
149
207
249
62
232
239
190
163
50
62
230
157
210
202
105
213
157
43
165
9
54
31
73
46
155
159
201
88
29
232
127
26
178
48
91
170
91
157
242
218
62
32
196
105
119
23
157
242
235
164
108
249
65
72
112
251
39
62
155
171
156
72
73
71
185
133
153
248
165
111
87
114
105
205
26
160
204
96
178
82
8
204
51
151
25
122
5
199
45
16
162
112
233
157
45
190
231
94
202
110
162
202
73
84
231
209
92
189
25
229
165
45
225
117
119
38
94
96
53
16
63
37
23
50
153
110
251
157
226
46
50
169
52
85
121
73
225
231
153
20
48
239
77
76
238
165
165
185
82
115
71
42
122
243
185
125
140
191
8
75
96
4
9
157
161
221
177
29
93
71
57
114
23
178
249
207
149
230
237
140
85
169
157
241
115
64
79
79
115
207
23
157
175
254
157
210
204
8
84
138
140
133
27
140
171
25
53
243
249
157
214
164
218
149
50
153
256
169
233
163
117
223
77
169
32
37
115
140
173
52
157
39
157
9
239
151
161
19
117
85
44
20
53
48
202
65
165
73
8
42
82
79
243
230
85
114
77
126
209
16
205
110
6
228
148
163
146
169
37
222
125
218
153
49
54
148
161
157
251
107
230
214
77
178
76
21
77
153
44
44
157
229
176
128
3
133
11
97
256
39
157
77
163
9
133
212
12
153
190
70
89
237
4
110
23
131
31
252
99
96
230
77
221
8
110
215
82
54
215
140
128
242
119
240
59
82
72
72
32
34
33
198
169
243
157
46
161
26
90
113
16
157
121
165
133
77
38
17
162
249
65
198
219
77
77
47
52
157
48
159
48
45
35
238
63
12
56
37
157
62
82
21
90
71
237
76
52
82
221
157
90
45
148
119
20
141
48
157
220
12
249
42
3
157
48
32
45
148
133
37
202
183
8
103
38
73
70
158
165
213
142
82
2
125
140
66
219
107
242
125
29
166
67
156
115
48
158
86
124
145
149
225
44
213
12
148
53
45
2
77
56
232
48
73
154
82
156
242
233
153
70
79
100
112
20
73
53
246
191
234
169
157
9
157
156
136
131
82
140
131
162
178
197
48
90
251
178
45
225
31
56
250
152
47
18
15
158
122
104
56
117
48
53
131
148
86
86
156
214
230
23
133
200
140
161
5
145
232
82
54
161
63
90
48
191
249
208
249
215
157
249
50
56
230
252
117
62
233
100
39
152
157
72
159
131
100
127
192
173
215
15
131
243
37
157
237
161
233
62
110
159
167
171
119
157
43
163
85
48
220
231
56
31
131
220
252
56
13
92
20
233
19
82
23
244
53
161
4
56
140
193
119
5
64
117
157
159
214
39
22
228
23
77
100
112
215
135
39
60
214
178
56
77
175
48
125
77
39
163
63
39
117
100
82
24
133
163
230
251
58
157
202
227
165
207
60
251
100
112
214
42
39
1
163
45
23
159
123
232
179
202
230
74
12
133
161
40
163
232
140
161
130
197
92
74
175
56
193
215
197
42
124
214
198
171
230
100
163
86
99
70
163
74
117
45
204
163
124
16
235
117
157
115
193
53
173
157
225
115
120
119
159
137
157
157
232
39
157
171
62
137
92
163
207
157
161
234
188
19
20
115
232
115
224
163
171
132
170
70
171
171
224
163
164
70
