80
40
7
121
40
7
58
80
143
165
244
241
244
28
97
80
36
59
58
135
209
112
209
209
96
75
250
54
176
128
244
253
17
250
160
36
245
231
244
5
60
209
165
162
194
89
240
176
20
182
151
127
108
79
113
146
203
127
231
7
230
234
127
127
195
127
97
214
24
97
138
127
24
191
181
127
177
127
5
151
251
46
150
16
14
93
153
90
208
247
152
177
208
126
95
54
165
84
71
65
101
208
123
127
151
97
209
130
151
127
8
250
46
187
127
79
141
251
187
201
127
176
20
147
190
250
208
170
209
11
143
244
80
67
95
82
80
234
47
64
244
127
17
127
181
147
216
96
18
101
11
203
153
127
225
165
153
95
209
54
229
107
181
93
40
19
159
142
250
132
186
123
46
51
135
95
183
252
104
208
126
214
187
96
251
6
93
138
250
143
64
46
232
146
95
11
6
187
148
88
96
61
64
36
90
93
209
129
234
41
183
51
59
181
18
113
16
251
132
128
177
251
151
244
96
67
128
229
156
126
214
119
190
187
38
205
41
92
113
165
220
140
151
24
170
187
145
190
114
127
145
243
256
47
143
47
212
97
112
50
148
248
4
224
80
216
93
149
90
24
251
211
202
145
7
231
16
132
107
47
256
76
127
140
135
33
126
201
34
16
171
208
229
79
16
250
231
76
125
84
136
33
34
88
79
28
160
86
250
235
129
206
123
220
95
37
44
128
110
50
28
181
96
51
62
242
34
77
112
183
16
183
54
143
16
241
208
63
96
28
256
12
34
33
27
156
208
200
222
165
153
171
123
240
153
143
54
244
51
231
222
143
16
52
153
251
200
79
40
118
22
8
114
59
3
171
35
5
37
64
39
250
126
34
93
151
16
156
165
194
50
228
45
97
38
47
86
47
123
187
149
127
250
97
253
79
28
250
182
76
191
251
251
220
231
86
127
251
143
89
187
16
99
208
47
81
112
81
128
5
67
3
126
34
227
216
135
132
121
229
188
156
178
118
16
178
249
132
110
110
64
121
113
168
128
50
50
202
224
47
198
16
229
35
153
196
14
118
191
143
178
79
62
109
46
108
34
71
123
251
102
112
16
160
209
250
14
178
231
74
28
95
253
177
183
152
99
74
253
159
165
84
81
79
156
36
181
54
141
88
57
134
34
38
140
251
118
229
182
41
229
249
256
56
74
50
250
54
157
41
254
112
141
95
222
154
175
89
28
229
175
239
34
144
128
127
16
101
86
156
34
177
13
204
183
14
112
84
107
248
98
54
60
90
251
169
113
5
229
229
252
244
113
115
146
38
224
222
194
36
11
201
181
14
141
34
54
151
46
4
31
204
6
153
33
229
99
183
141
253
31
185
9
114
80
31
47
141
161
106
81
236
35
47
139
166
200
31
248
20
191
98
21
239
90
125
106
219
132
251
47
125
200
136
224
242
114
200
6
194
194
107
206
99
31
114
34
115
185
45
95
95
59
34
74
250
221
79
24
127
16
243
87
191
46
256
244
95
127
196
18
235
121
114
119
141
110
177
75
144
126
18
75
22
8
188
81
18
119
92
30
248
92
194
28
140
175
141
228
41
119
189
34
175
16
241
177
76
114
45
105
182
11
153
78
29
118
31
189
201
256
8
206
162
209
106
87
118
215
117
88
115
160
37
249
60
90
45
118
57
234
140
6
249
19
213
86
130
186
119
182
81
92
60
13
64
139
194
113
25
150
145
178
251
40
240
34
224
6
252
251
101
130
187
159
210
157
22
37
57
230
121
201
177
229
15
112
175
78
39
46
145
100
118
74
19
68
154
31
21
185
194
254
234
54
98
206
15
77
119
114
112
46
152
34
121
241
194
191
63
228
237
256
60
137
92
206
185
181
119
75
49
238
75
129
98
34
56
6
64
215
181
51
12
124
175
177
196
64
47
134
97
103
92
217
234
250
18
149
70
168
59
249
171
217
106
115
163
171
237
40
154
65
22
42
256
222
22
62
249
119
18
212
180
134
209
50
90
220
33
47
130
47
208
59
238
121
165
59
31
156
181
254
160
200
35
183
53
218
188
55
96
110
130
211
140
251
107
234
95
251
238
217
220
78
112
113
204
19
140
215
24
2
211
32
71
200
92
126
113
200
252
60
251
18
113
135
256
214
98
229
37
215
31
75
59
33
245
17
71
209
92
127
174
118
185
51
169
77
254
214
79
254
241
158
119
125
185
216
101
60
6
194
254
62
209
119
220
204
194
227
136
234
250
96
138
174
63
20
95
201
156
119
140
86
89
52
16
119
251
5
190
177
92
208
153
149
220
253
217
209
126
185
237
16
115
27
238
140
225
28
12
228
209
11
21
55
163
66
239
5
49
3
194
140
77
253
98
112
12
20
248
119
230
151
47
71
110
74
47
93
232
89
246
252
139
251
103
156
205
70
62
115
254
144
156
64
251
129
139
156
18
95
212
62
181
119
21
47
55
230
218
255
119
156
106
92
18
234
114
106
90
251
191
3
77
251
74
142
125
92
126
77
201
20
62
92
146
92
146
41
64
254
185
3
8
14
185
109
92
19
10
244
185
74
193
196
34
118
119
214
118
132
51
81
254
134
170
25
12
193
185
95
208
11
251
18
70
98
36
8
203
108
96
188
5
36
227
185
75
183
229
98
10
160
165
186
235
194
39
196
79
156
98
200
109
210
12
81
169
20
219
256
169
119
211
15
217
74
18
45
161
23
50
229
238
41
106
91
76
134
140
188
52
41
119
117
81
28
137
98
152
44
15
210
171
104
40
234
185
54
44
134
24
194
18
26
109
136
214
5
28
213
47
50
81
62
142
219
18
138
149
138
251
181
229
18
18
200
238
240
96
187
242
196
102
161
136
194
96
161
119
203
83
51
65
152
162
241
102
20
144
92
41
185
194
92
65
58
5
117
52
39
234
219
190
31
256
203
223
16
47
65
121
115
130
140
250
230
125
23
232
144
219
23
126
138
220
237
113
3
119
201
219
24
119
241
151
90
119
177
195
107
44
119
137
26
221
179
44
18
106
20
126
7
1
81
240
125
177
96
125
2
41
96
125
119
142
18
136
229
70
44
216
114
248
18
52
200
52
57
36
245
236
67
142
67
50
196
50
153
38
50
253
25
194
224
29
152
28
214
248
210
149
185
160
236
18
74
175
61
253
151
83
5
120
152
145
194
145
253
223
132
42
139
119
196
151
128
112
201
5
190
69
153
146
199
50
222
147
5
63
20
128
50
101
229
229
156
104
149
249
50
71
102
219
106
244
81
102
63
82
174
118
115
110
196
40
23
82
219
59
98
112
140
4
244
220
81
156
118
39
42
166
76
139
22
137
20
223
64
177
164
244
67
196
215
39
200
248
115
119
216
64
63
119
177
91
73
101
44
119
4
58
199
92
73
127
86
147
198
36
188
251
221
47
192
118
189
125
104
244
201
35
188
164
203
191
21
61
176
151
137
4
140
26
239
230
200
169
78
241
244
81
121
229
86
35
134
117
92
196
18
128
102
118
186
119
40
102
236
53
153
134
130
10
79
199
182
125
149
238
229
117
125
126
70
45
41
40
96
62
234
221
115
134
192
66
144
244
210
160
227
193
140
50
117
81
61
161
86
158
70
142
92
155
23
70
150
38
38
6
125
10
23
238
65
140
103
23
86
12
92
188
109
8
67
236
107
92
188
115
147
119
96
113
92
65
44
185
126
94
248
210
189
144
12
93
18
109
66
35
119
50
92
4
188
126
27
160
198
199
198
118
148
252
247
65
12
221
22
33
134
113
92
4
140
10
72
240
72
106
42
92
104
92
61
200
196
68
61
52
6
185
128
15
155
201
196
28
43
28
190
62
96
6
222
69
118
241
185
148
101
198
244
119
26
155
247
215
247
46
255
213
230
206
61
244
13
132
4
196
15
139
74
70
156
155
10
159
16
37
35
161
47
200
43
137
49
129
129
152
215
4
253
200
105
115
217
118
207
212
152
159
103
103
169
155
196
28
214
137
10
20
213
200
12
139
150
73
72
157
20
192
188
218
234
188
47
20
70
68
28
134
203
256
15
12
56
28
169
200
21
103
233
152
200
234
141
68
65
57
158
89
78
138
116
15
97
24
234
256
134
112
200
103
170
217
234
5
115
246
158
178
139
197
213
77
238
105
171
36
200
57
206
15
10
200
206
246
199
253
199
200
24
4
152
210
214
241
20
45
119
65
175
251
214
200
224
254
182
27
200
68
181
152
200
200
254
200
93
4
57
149
6
152
169
157
160
45
115
214
188
90
159
13
200
62
163
179
163
36
72
254
65
214
133
63
141
213
213
12
200
104
120
152
82
184
72
193
15
158
210
133
4
149
121
200
57
25
208
28
233
82
211
219
5
96
149
24
152
85
157
188
158
200
231
191
52
254
214
194
150
2
68
210
45
2
255
188
200
149
210
158
145
82
254
158
254
237
213
200
148
118
2
254
188
15
144
103
148
57
15
152
2
20
252
61
126
85
156
254
56
133
210
200
210
137
12
63
139
94
107
10
188
161
4
63
199
155
117
42
149
163
210
133
12
149
214
85
25
92
124
173
213
82
151
224
12
20
252
133
163
4
61
214
133
33
15
48
152
33
189
60
115
133
232
60
33
79
176
220
232
85
82
63
82
134
124
12
82
186
144
252
193
213
193
193
49
82
