162
146
162
174
84
162
66
84
135
121
166
220
186
209
135
240
220
29
87
22
164
80
75
87
165
177
22
87
177
51
177
235
186
211
84
186
33
128
8
201
209
22
165
93
108
22
252
67
22
138
181
208
201
172
22
150
95
172
135
242
95
165
103
208
35
166
138
75
225
166
171
243
211
143
211
128
76
131
208
165
250
123
181
143
87
75
151
59
162
143
55
164
90
123
123
123
231
225
54
127
40
208
67
143
171
54
153
17
69
90
123
250
100
149
52
74
209
239
209
100
110
231
59
164
131
211
91
164
20
225
76
69
51
206
171
74
209
90
206
20
208
110
59
204
54
123
149
231
233
110
211
225
165
124
74
151
98
146
233
186
200
165
181
153
74
181
31
195
195
165
131
106
74
51
123
199
222
54
91
251
74
121
182
115
138
21
191
100
115
28
181
181
40
11
114
40
106
25
140
106
90
239
51
194
177
204
51
91
140
140
217
7
21
51
5
11
211
51
233
199
114
237
217
75
25
171
237
121
89
151
233
214
151
59
69
139
105
77
243
2
177
208
223
11
211
90
136
182
210
151
90
103
29
121
239
128
45
89
160
114
74
74
17
136
20
59
67
151
74
256
256
143
52
209
244
105
245
74
177
60
87
74
186
177
11
195
84
21
74
140
180
50
230
128
159
231
33
203
135
160
190
251
251
131
128
231
209
60
202
56
113
92
51
195
251
66
251
51
151
200
128
225
239
54
140
74
140
51
67
153
202
243
51
7
243
131
151
208
132
202
51
57
143
140
43
98
18
36
113
14
140
174
81
87
51
243
171
208
180
174
140
143
140
231
21
145
66
95
177
113
140
140
164
17
129
18
208
54
59
3
81
67
251
251
56
203
226
24
90
84
245
63
140
196
114
239
195
208
84
18
115
251
221
166
18
243
83
217
143
231
143
159
51
162
104
248
251
196
140
208
67
143
177
18
84
143
92
31
138
203
151
83
239
95
198
221
140
65
84
18
60
242
97
69
176
164
151
176
195
251
23
162
251
77
18
176
136
27
231
140
160
191
251
25
251
180
225
208
57
211
221
190
209
203
251
77
146
231
77
138
16
42
84
29
143
4
243
145
7
176
65
162
77
115
144
58
92
19
140
97
204
144
251
155
91
18
140
110
78
97
151
208
20
141
181
190
94
186
45
91
73
242
251
162
251
208
239
77
186
131
84
7
72
136
73
52
230
51
222
112
66
123
242
91
129
96
210
239
194
113
172
104
72
232
239
125
120
167
184
203
239
69
62
211
4
20
157
72
130
125
50
253
209
132
112
209
77
75
239
203
165
8
74
239
129
98
50
253
160
123
62
26
208
194
72
190
182
72
67
112
112
106
82
62
72
137
59
20
91
69
165
92
127
147
29
242
203
190
209
165
75
75
153
215
208
175
151
174
128
211
217
101
97
99
77
204
27
208
5
65
253
17
18
89
112
132
162
209
141
65
97
59
7
232
193
112
42
203
114
59
162
25
140
150
162
68
90
199
21
256
172
242
208
172
117
21
115
122
209
126
228
25
72
77
89
22
150
153
75
17
209
48
202
27
81
7
122
132
72
62
250
228
81
101
88
251
228
77
163
97
140
144
148
237
182
209
22
43
20
214
246
228
162
27
115
175
22
122
62
223
77
230
178
151
121
249
74
211
73
211
91
122
48
217
188
75
148
73
92
241
253
211
206
208
104
52
71
222
231
153
25
6
206
157
4
98
153
242
253
92
58
232
111
84
81
18
77
256
157
52
88
216
208
188
124
242
97
253
18
84
18
87
55
55
59
126
231
208
230
58
228
62
81
168
230
107
148
84
62
53
204
228
3
145
202
20
53
154
128
3
197
228
138
84
30
73
27
155
71
18
230
19
208
208
84
209
23
22
176
228
108
148
97
192
247
204
228
23
214
224
22
141
215
155
209
256
230
106
155
224
151
208
140
11
188
203
228
1
180
86
8
4
250
166
89
111
170
77
119
228
104
84
205
228
170
155
59
41
36
185
162
71
208
53
228
8
159
116
16
52
234
246
173
155
100
90
50
227
114
155
50
124
36
1
184
228
36
231
166
109
23
254
12
154
145
170
228
81
230
219
125
175
256
170
204
238
228
61
125
90
228
244
168
37
15
134
99
124
154
157
156
6
244
108
170
6
196
132
4
228
163
55
12
236
111
238
39
228
88
20
201
228
4
228
89
170
238
234
201
133
122
215
180
228
185
159
92
