66
95
209
95
87
165
95
3
183
113
20
97
50
162
89
241
239
112
161
125
123
211
59
231
186
88
59
113
191
95
121
139
85
7
40
170
202
54
253
176
82
147
230
206
229
40
33
113
84
222
31
84
59
241
105
113
254
58
93
72
8
220
237
40
219
113
172
210
249
111
84
5
65
103
65
81
146
173
40
110
166
164
93
58
53
115
84
107
125
61
230
55
197
191
172
65
204
65
23
83
86
55
81
140
103
20
31
55
210
166
107
109
239
61
129
225
138
126
241
83
18
55
31
64
251
156
212
68
125
73
118
29
27
172
104
67
20
178
178
125
91
162
103
162
18
140
225
231
186
145
36
101
209
154
251
191
96
31
55
62
73
191
174
29
110
119
83
246
112
94
184
80
40
155
184
196
18
84
238
12
153
4
91
104
109
178
139
179
147
66
256
115
10
91
149
7
127
204
203
73
127
23
149
228
206
186
256
111
53
231
239
81
251
88
10
223
235
240
54
94
138
149
52
204
94
147
235
96
149
74
28
164
174
163
76
30
175
71
121
103
84
197
71
193
109
223
93
77
120
174
156
162
213
33
170
110
120
189
221
178
9
27
20
255
75
87
118
188
106
99
216
189
27
20
29
18
36
115
166
101
156
108
187
124
20
14
139
104
188
192
191
52
235
156
129
219
96
34
192
124
20
99
74
5
93
149
195
129
64
88
15
248
128
19
171
228
240
123
212
20
56
23
247
191
202
121
11
88
115
77
149
216
235
54
228
41
20
99
171
124
99
84
99
73
236
32
31
256
161
239
218
45
68
64
168
197
190
195
155
141
190
30
236
184
76
252
34
115
112
39
54
20
62
145
40
15
19
38
73
111
255
104
235
42
78
116
96
132
184
139
20
110
136
144
220
59
176
31
54
208
235
55
110
108
133
195
202
88
239
104
197
242
197
222
253
93
52
86
139
38
204
63
110
235
84
192
73
149
20
147
161
19
121
73
255
146
228
64
79
183
161
200
88
235
99
252
240
48
38
161
68
116
222
239
52
169
201
38
115
57
106
140
104
64
114
177
130
69
195
219
176
175
222
196
32
101
82
164
168
197
102
157
63
76
10
208
235
15
34
96
29
54
73
40
188
179
99
85
220
22
131
55
174
144
175
57
65
247
104
214
253
25
174
120
14
154
220
38
253
20
62
28
38
256
191
71
163
91
99
111
221
84
256
61
223
55
162
95
104
213
250
75
73
204
222
255
99
201
52
120
48
140
252
50
178
183
119
209
181
20
63
224
210
71
66
76
82
118
94
91
184
182
73
215
197
178
121
99
74
209
97
21
15
192
196
9
151
79
169
215
124
238
40
52
215
115
222
215
133
54
200
99
110
194
9
199
85
178
29
91
10
230
51
190
231
99
149
222
42
20
197
228
85
170
149
229
201
73
198
20
235
202
197
164
20
25
8
248
196
29
116
178
185
52
256
16
44
178
119
61
215
242
53
215
163
121
82
213
202
122
82
180
139
115
52
203
78
255
76
157
130
79
56
149
75
177
164
240
191
54
157
29
88
34
238
251
42
99
99
230
252
149
151
190
216
99
215
222
99
33
41
30
105
53
164
149
197
85
84
161
237
215
76
82
170
98
55
54
168
253
243
197
176
248
245
161
99
88
235
134
180
161
32
184
158
150
32
215
168
159
215
235
63
179
21
52
42
27
86
236
184
75
190
34
42
35
18
69
76
219
144
154
189
199
76
20
48
85
29
242
178
73
138
82
228
215
197
215
48
73
213
57
63
255
82
29
86
238
215
94
215
238
21
22
197
239
8
178
184
64
99
174
99
89
23
174
77
114
248
186
43
186
249
40
56
83
99
180
31
26
247
82
161
178
162
79
9
219
197
210
52
213
104
14
138
124
253
215
215
202
235
232
29
235
32
56
189
75
190
139
35
174
222
85
82
63
101
82
14
14
205
221
69
197
84
104
73
245
22
196
154
178
23
230
9
237
25
237
219
250
245
29
203
235
201
72
158
24
205
85
213
56
84
24
57
53
120
190
71
120
133
238
215
37
256
250
196
244
99
64
99
99
103
197
82
184
94
32
214
63
94
154
247
99
189
114
118
148
235
24
255
69
55
124
44
185
146
84
202
77
22
82
190
235
118
196
55
139
104
201
82
83
14
85
237
256
52
197
197
178
26
124
85
215
34
178
99
219
99
190
228
9
174
248
64
218
118
190
97
149
174
180
253
229
138
82
248
82
51
205
114
228
205
133
94
54
255
136
90
23
149
98
133
48
170
197
63
8
139
157
116
76
21
183
178
205
4
16
99
88
20
189
23
150
82
44
92
213
99
176
248
79
10
29
211
192
91
99
197
41
99
50
72
215
74
181
13
239
124
29
83
95
63
197
79
178
77
63
216
136
91
102
77
26
65
153
82
101
37
106
74
88
161
169
239
189
101
141
183
99
56
124
94
192
215
159
192
69
218
178
72
25
76
61
199
104
167
52
210
56
63
247
99
174
161
135
9
57
252
82
56
76
202
174
87
88
40
255
255
94
133
197
82
120
238
114
197
197
64
149
38
184
52
27
197
199
102
72
109
84
99
55
238
250
175
53
97
159
35
199
26
120
214
178
21
63
121
216
250
76
91
238
255
199
218
184
157
197
159
142
123
35
56
195
132
118
111
222
229
110
186
57
197
24
149
57
218
250
116
94
102
247
205
205
104
82
252
19
161
76
62
202
147
83
77
73
52
203
180
18
224
86
124
23
9
72
122
237
83
86
178
139
64
216
190
55
214
26
69
178
179
99
193
94
40
144
59
231
115
83
189
85
51
199
218
197
99
197
235
201
218
197
230
89
63
196
56
52
159
45
9
156
237
48
104
99
235
124
171
145
72
110
99
72
34
122
223
20
179
118
48
242
149
242
214
53
74
108
103
159
86
215
197
150
141
86
57
82
153
72
218
10
174
184
99
171
98
12
101
147
63
184
197
25
201
202
127
72
91
155
145
201
253
213
189
149
149
94
32
255
26
85
125
238
13
134
12
184
115
169
31
19
197
157
41
48
196
198
32
159
124
64
255
196
239
159
104
99
237
174
159
103
255
72
57
102
39
31
48
228
201
215
159
129
99
195
105
106
76
146
133
85
133
9
121
210
61
166
169
72
201
174
9
105
178
101
82
124
194
218
99
201
197
252
253
159
95
15
103
221
99
86
82
64
109
101
201
72
82
197
254
204
238
88
147
228
203
99
203
215
76
111
106
91
159
94
197
179
252
186
233
105
184
54
141
45
45
159
43
162
82
238
159
174
237
174
193
48
31
76
232
6
82
85
133
159
228
104
197
57
31
146
166
48
124
105
9
76
9
157
22
102
254
20
117
125
20
133
85
35
239
218
238
26
251
235
227
88
133
233
210
64
169
238
157
104
231
159
72
159
111
148
104
133
99
88
133
20
78
76
118
82
45
72
190
79
232
183
201
186
83
56
224
96
95
239
163
149
183
246
135
255
10
159
159
157
133
19
26
253
77
236
79
201
111
99
35
26
53
118
101
159
215
249
201
170
215
170
133
179
56
76
86
88
9
238
134
252
104
228
108
253
193
190
76
238
24
159
252
161
86
10
53
118
190
134
103
49
215
35
48
197
86
35
201
99
256
201
242
127
175
45
134
56
249
242
201
255
15
20
10
120
26
134
83
146
12
34
35
169
48
35
99
192
56
82
56
237
86
31
25
32
33
164
64
134
219
34
235
48
190
149
232
188
81
81
172
196
159
45
196
203
170
134
164
10
48
20
133
126
253
56
86
10
201
86
64
133
236
12
12
45
106
133
198
157
49
35
196
106
170
12
111
133
133
221
170
64
238
201
86
190
228
214
26
29
20
126
12
245
10
212
212
134
214
238
162
256
240
69
170
91
161
201
4
201
20
56
26
56
201
196
52
86
238
25
86
120
77
133
70
252
76
60
69
201
219
256
42
96
110
202
201
221
69
189
56
230
201
201
256
