105
105
105
138
104
28
123
240
220
220
51
3
220
220
235
250
143
250
138
250
138
237
182
11
91
182
204
141
24
250
146
138
250
191
145
172
220
110
212
149
204
147
54
141
106
106
106
33
110
3
165
105
181
149
187
147
191
204
77
146
212
14
206
199
153
7
14
181
99
68
99
216
14
31
123
7
212
20
17
216
243
147
109
149
153
191
204
244
49
207
36
115
107
191
36
147
164
255
243
171
207
77
147
227
49
115
10
9
194
1
120
145
246
185
125
37
128
31
36
109
75
128
21
165
204
93
169
215
125
18
150
37
204
60
166
75
75
125
152
17
185
253
253
197
255
84
89
35
60
211
128
203
233
20
84
65
59
95
185
35
172
29
40
253
197
227
206
107
36
4
117
216
249
1
1
123
58
162
150
139
171
25
36
195
59
183
52
231
213
191
107
59
97
130
138
194
186
36
191
251
114
131
150
31
255
191
1
95
196
169
42
21
32
97
201
10
1
84
197
3
43
28
60
69
75
107
35
35
217
188
106
213
168
3
207
240
110
249
49
40
18
237
207
216
33
18
55
240
49
25
8
97
130
20
8
55
39
207
236
95
146
21
237
199
65
195
109
31
13
107
86
176
100
241
99
129
67
37
91
204
20
60
84
61
185
204
166
169
176
158
136
135
88
191
250
67
11
55
64
242
14
135
52
2
76
33
104
107
102
60
67
187
167
250
42
137
10
190
228
8
88
162
199
187
25
65
167
55
190
204
136
183
10
158
108
256
223
219
219
197
162
206
8
1
39
145
27
236
103
138
100
212
223
229
162
160
161
18
60
92
125
77
204
33
14
69
136
199
69
174
211
168
125
108
78
129
110
132
10
238
244
26
182
144
52
185
182
117
108
221
237
243
13
181
242
132
117
35
86
116
184
136
44
222
124
120
76
100
237
214
100
147
25
220
10
10
176
172
32
184
136
39
109
146
3
219
237
44
146
39
214
80
122
237
187
154
25
8
115
110
64
243
39
39
252
125
135
100
197
213
218
190
31
60
42
95
144
117
30
91
31
132
256
244
202
27
8
100
237
136
83
182
87
199
196
249
243
255
239
121
103
41
226
192
29
70
196
244
256
52
30
168
31
137
76
100
186
76
65
176
35
40
209
25
207
192
198
255
209
66
238
192
64
219
168
76
97
138
238
190
42
110
132
69
115
219
190
65
214
104
60
33
146
31
144
125
60
137
116
204
100
86
149
32
176
135
236
116
35
52
116
27
88
254
8
255
197
11
110
42
26
247
75
190
125
238
102
113
17
162
30
118
137
136
241
219
168
32
132
176
11
86
137
240
10
34
242
136
216
58
100
33
133
117
25
132
256
42
108
129
100
214
3
178
135
76
201
132
223
184
108
120
139
93
104
154
33
254
31
207
195
235
76
113
116
199
118
199
82
100
256
15
239
134
219
190
186
78
238
192
129
157
238
256
116
196
240
84
203
60
26
60
164
181
101
247
168
108
238
76
256
66
196
168
93
157
39
117
33
114
114
150
86
118
158
39
235
60
101
145
25
155
184
77
13
187
164
117
100
221
42
79
187
196
52
84
166
240
249
134
134
135
255
252
79
99
91
256
83
222
8
65
44
202
184
10
100
110
238
242
110
39
153
170
252
29
247
181
83
56
192
196
157
42
120
100
100
76
208
202
162
174
219
13
114
86
60
17
72
186
116
73
165
196
161
60
202
31
43
251
157
115
42
73
35
79
219
104
52
25
192
216
207
128
10
229
42
246
208
33
42
31
30
38
89
134
60
150
31
44
212
49
112
242
131
256
212
104
197
25
101
196
32
232
86
210
116
144
198
132
79
134
39
196
35
22
214
249
15
235
13
132
204
42
196
134
3
184
253
253
101
42
201
116
10
1
94
197
8
60
34
122
170
190
12
176
254
33
108
215
196
192
10
187
79
184
112
247
151
150
237
42
103
197
133
243
25
213
25
157
26
133
60
53
6
207
182
167
13
26
87
256
135
256
158
158
106
219
6
132
35
230
35
162
99
76
102
35
26
35
97
220
101
184
131
117
11
198
178
163
37
16
181
232
190
13
232
20
192
60
99
151
38
22
85
220
161
204
230
55
150
204
77
226
219
158
196
13
207
190
124
137
114
20
35
196
11
117
202
163
135
27
163
219
117
2
3
10
77
6
99
236
34
240
70
10
33
75
172
195
192
139
232
232
101
25
72
69
133
237
60
103
227
207
195
151
156
15
44
106
28
10
70
243
5
108
35
184
5
30
244
176
134
87
96
135
32
86
26
11
192
42
11
78
170
39
117
74
5
101
77
69
256
17
142
143
115
238
233
42
128
3
134
228
31
164
202
178
146
214
146
26
2
256
86
134
97
137
135
76
33
204
256
256
8
167
36
110
26
213
142
192
236
89
26
13
214
101
182
101
144
189
15
135
33
153
195
181
178
203
26
247
195
170
145
240
50
8
178
117
207
253
43
26
255
221
207
245
192
187
101
163
25
112
217
202
217
77
144
130
151
6
38
102
102
235
169
10
77
197
32
115
208
131
169
253
35
75
2
179
117
29
101
253
42
75
161
240
101
252
2
101
33
137
6
147
116
247
112
222
12
60
103
187
70
196
12
215
115
42
218
134
242
74
101
26
76
247
82
233
26
10
86
232
193
6
192
136
44
158
70
10
77
35
238
247
190
228
130
222
219
10
215
155
82
218
145
101
126
219
38
247
182
101
69
77
161
76
192
26
70
242
245
212
159
117
158
124
134
115
155
83
223
213
256
93
139
38
249
32
179
189
232
249
184
218
153
202
77
157
227
77
89
168
187
70
37
179
39
15
124
168
101
44
170
247
76
213
197
197
150
26
207
25
85
86
56
232
220
133
8
