205
80
84
162
95
231
110
84
146
208
144
7
209
31
58
146
208
209
7
7
208
191
209
208
143
209
256
146
162
97
209
165
97
7
97
84
7
209
143
191
75
97
58
165
85
11
131
69
209
231
97
113
209
225
143
235
237
97
85
55
225
138
171
84
165
7
58
174
27
207
146
209
55
225
143
171
31
80
146
143
146
174
174
20
7
20
20
128
174
239
20
67
97
93
174
218
67
160
144
136
166
230
251
20
247
17
84
136
25
93
127
231
150
235
166
69
165
143
127
150
138
27
143
204
143
40
96
166
80
40
28
76
209
249
125
138
87
174
80
176
206
174
150
7
24
242
239
162
128
231
204
123
230
208
230
150
174
251
125
3
129
125
209
146
66
104
245
40
33
209
203
231
177
208
16
208
58
118
151
146
58
208
180
250
207
164
125
123
125
151
31
21
26
174
208
51
208
166
22
230
151
42
194
250
84
251
222
221
131
66
80
248
55
96
24
41
150
244
7
251
18
231
16
208
58
80
87
27
243
125
113
123
140
199
73
138
27
231
186
231
107
188
209
194
222
150
214
143
208
140
194
150
128
147
107
87
178
62
209
17
25
42
129
221
41
113
113
216
216
194
128
25
87
229
251
74
7
27
102
197
52
140
27
36
20
245
217
69
22
244
186
162
52
231
17
40
5
6
145
147
214
64
172
22
17
66
17
138
87
102
24
177
95
74
20
123
39
253
231
22
41
143
128
231
130
74
195
20
62
251
177
87
40
125
231
103
113
87
234
125
42
41
66
99
39
125
57
118
178
17
243
72
128
74
162
145
90
32
113
221
230
225
172
42
77
148
50
21
102
194
253
194
125
195
98
140
56
253
96
73
27
95
148
5
225
55
17
170
165
157
162
155
140
165
80
102
107
205
214
199
36
95
220
207
32
3
244
157
231
221
229
34
17
97
92
3
202
51
92
40
59
51
84
157
25
88
118
95
54
105
25
25
206
243
188
125
157
34
184
128
25
64
108
32
207
184
114
34
92
188
148
222
198
138
175
229
194
217
140
164
119
212
1
118
180
39
236
254
121
152
14
182
71
129
171
256
197
243
145
145
104
145
220
28
172
148
180
172
185
157
177
62
205
211
163
146
131
206
140
1
136
201
221
34
41
171
18
24
211
123
115
14
14
93
123
17
232
76
25
178
211
177
172
26
130
136
182
53
49
41
193
77
9
122
256
256
237
79
122
160
211
182
4
123
256
212
18
8
114
90
11
243
159
63
198
119
206
121
232
212
145
140
245
174
28
157
21
160
145
24
98
105
189
19
211
19
123
191
86
3
9
253
42
224
4
121
244
230
118
14
40
123
100
131
75
231
91
40
107
54
138
138
90
163
182
59
52
209
124
62
248
237
139
31
189
123
116
35
182
205
139
249
159
114
129
182
178
157
62
4
41
229
28
135
205
20
17
35
28
32
62
138
29
28
193
120
29
157
160
112
249
224
150
138
113
105
28
35
151
154
129
159
178
114
123
183
249
182
182
182
156
217
58
75
178
123
28
40
188
251
205
113
251
147
151
32
211
39
206
182
128
169
129
245
102
165
115
4
109
19
184
168
140
119
147
133
194
49
29
58
150
150
121
51
210
150
157
190
252
199
249
196
250
54
133
133
181
129
37
16
96
203
4
107
19
150
93
11
35
231
109
82
109
225
83
202
250
173
182
213
156
14
116
62
37
184
156
216
181
174
81
254
3
128
195
163
54
66
136
180
217
174
188
143
11
40
8
187
108
74
107
7
80
113
109
181
212
59
118
37
150
59
244
167
235
4
67
237
254
135
120
226
110
37
131
108
104
67
152
195
126
132
50
123
14
11
92
35
195
22
108
30
84
179
204
116
163
91
254
62
136
109
37
215
40
176
89
173
232
53
78
226
174
212
66
53
27
78
238
154
105
54
78
108
237
157
182
107
197
113
115
107
212
117
55
195
37
14
11
144
136
119
214
202
110
200
1
4
128
61
213
133
163
21
115
237
61
207
217
189
108
54
213
51
163
54
128
138
95
226
151
77
47
217
84
60
82
123
148
51
61
184
229
237
183
233
95
39
187
185
183
145
109
138
116
224
199
251
7
145
229
79
251
104
169
33
191
11
59
245
183
6
24
107
107
249
22
233
141
237
128
126
214
61
216
37
172
235
188
37
53
163
10
135
121
27
209
217
90
230
61
17
213
225
60
141
175
160
131
249
90
40
84
95
242
204
6
6
165
243
78
187
100
236
206
79
214
49
250
109
177
6
6
89
109
217
64
144
144
25
61
96
169
229
253
17
30
70
128
130
61
250
145
211
17
112
226
109
123
204
206
191
66
165
65
160
256
222
213
87
14
17
17
251
208
49
136
96
94
244
152
4
73
83
16
228
173
133
117
207
104
20
89
72
229
136
212
49
46
159
154
71
163
79
118
191
198
237
96
227
212
90
90
73
1
40
230
89
104
246
205
123
16
123
8
48
67
154
30
141
237
141
230
26
249
144
118
132
122
17
87
46
246
40
106
161
183
211
49
163
75
127
147
172
106
232
125
211
38
75
233
75
180
244
85
225
83
165
147
205
60
135
253
234
163
163
127
197
184
48
215
70
98
53
163
130
157
154
78
85
207
218
237
44
43
163
244
104
172
166
166
38
135
82
244
66
124
193
169
99
249
72
224
218
219
174
61
136
42
82
43
155
113
163
243
217
133
244
147
165
195
256
58
174
198
159
106
169
213
114
56
217
71
186
82
174
112
188
125
191
117
27
225
217
132
82
24
104
166
130
141
207
124
159
48
82
35
118
121
53
7
27
48
14
210
82
123
124
31
155
24
191
133
148
88
130
165
44
44
215
222
39
104
19
40
196
82
46
169
195
31
63
77
131
103
53
133
49
63
201
235
91
191
107
31
120
150
201
133
