40
144
97
143
208
208
50
153
40
8
50
59
106
177
229
196
238
208
32
205
83
208
21
174
8
208
143
230
8
144
209
184
231
18
51
178
209
239
162
230
21
208
153
75
51
146
74
231
225
170
73
180
42
231
204
87
73
166
88
74
40
31
83
74
231
74
140
140
231
225
208
88
34
80
15
166
59
251
206
209
97
18
206
31
208
209
31
185
242
91
195
23
54
59
108
140
197
231
143
209
250
25
215
54
81
202
209
108
250
62
146
21
81
54
176
72
184
51
59
8
143
40
36
18
129
110
214
7
125
237
81
16
166
191
231
86
23
83
40
40
240
231
231
182
204
203
121
239
124
251
194
231
40
74
217
231
203
239
195
85
90
76
64
222
43
21
212
129
66
146
203
74
175
23
55
219
146
52
86
59
7
144
211
145
51
18
129
214
16
81
34
64
18
80
194
209
194
176
230
203
56
217
32
242
107
118
14
121
197
230
35
191
3
47
55
162
223
219
28
54
156
99
107
81
109
103
130
86
152
62
219
53
108
177
237
18
110
55
197
99
72
204
202
202
171
26
221
182
215
34
95
65
22
191
202
215
204
64
190
153
18
54
25
171
196
178
186
138
81
184
148
51
146
219
23
142
58
136
165
202
164
202
178
103
7
24
191
201
40
232
119
73
197
63
126
206
221
215
98
237
142
240
214
153
191
26
73
231
124
228
175
178
16
239
215
128
81
183
146
86
92
48
107
166
16
24
24
72
215
26
153
76
231
235
177
54
159
19
231
185
202
76
235
118
191
50
64
231
96
193
50
234
96
63
77
182
153
196
241
238
98
231
249
14
26
177
89
182
97
26
91
180
174
200
108
19
202
26
15
182
169
237
231
206
205
170
93
26
75
74
186
215
135
231
32
191
195
233
74
239
251
20
244
185
191
20
232
65
90
230
7
42
40
231
239
197
206
160
125
215
20
196
219
239
185
72
40
72
76
125
239
146
183
36
95
71
58
7
35
97
16
1
166
52
80
153
25
130
20
21
7
225
250
225
69
95
132
146
136
33
178
185
236
215
54
20
135
107
87
16
213
13
177
132
203
95
241
191
205
88
251
229
21
195
95
31
183
240
205
121
125
123
89
222
231
23
21
21
125
215
1
24
74
213
74
195
194
75
21
244
91
213
88
95
214
67
185
111
6
201
43
43
107
99
224
103
61
231
121
20
136
36
218
21
205
125
217
169
81
103
254
36
196
245
150
152
180
233
108
221
14
61
7
7
144
251
75
228
40
58
86
163
222
10
217
206
144
197
206
21
229
206
150
37
202
30
236
54
59
136
52
148
256
242
33
107
103
225
7
113
137
238
177
229
61
185
61
32
217
144
76
107
159
67
136
148
74
148
144
40
193
43
159
72
59
224
35
86
180
135
164
144
90
20
229
136
191
5
74
170
250
219
200
59
225
97
40
194
229
28
20
239
27
21
3
67
191
8
43
176
61
98
109
82
110
197
1
59
157
241
88
148
63
197
136
151
215
108
253
190
107
202
44
203
103
88
150
36
24
136
217
75
24
87
155
234
90
253
76
41
164
163
5
21
190
159
72
197
254
185
108
222
112
203
98
141
68
91
222
200
108
7
10
222
182
24
244
125
20
127
42
250
224
72
27
224
50
164
35
197
12
225
163
210
137
163
19
225
121
144
250
206
191
10
21
211
160
83
154
121
19
36
41
112
164
36
46
244
52
82
81
64
183
229
13
110
11
28
108
185
201
28
161
169
225
121
50
191
22
191
193
52
250
65
218
218
166
12
121
74
239
36
239
174
121
170
84
170
107
222
221
224
176
219
230
197
45
197
229
121
40
117
109
31
176
210
196
117
28
52
153
18
82
68
61
121
169
42
21
180
7
52
83
186
11
19
103
149
109
63
108
140
95
191
223
97
13
159
56
125
65
42
223
217
65
103
14
50
75
248
235
43
201
163
196
238
137
144
134
64
229
13
19
149
91
108
5
66
63
40
31
136
38
121
106
20
206
246
49
206
8
88
119
121
76
113
221
113
200
31
249
139
203
197
110
28
41
144
121
210
128
197
211
114
121
187
96
5
16
230
229
40
11
191
65
59
138
210
110
238
8
252
176
91
146
153
67
224
201
65
64
236
59
76
229
221
170
27
10
31
109
223
144
193
242
83
65
153
100
96
222
213
229
144
2
180
7
160
59
72
110
172
22
222
222
55
149
26
250
217
206
253
150
153
135
211
105
103
200
97
244
251
210
156
211
231
30
107
152
166
196
238
68
88
3
36
107
230
34
98
253
34
36
242
57
110
229
91
56
229
234
170
10
157
135
195
256
149
172
148
199
19
219
185
211
220
163
185
210
232
74
11
109
61
96
110
35
218
64
91
170
95
136
43
72
225
183
62
21
163
240
10
108
155
229
217
95
195
162
35
223
24
88
49
224
171
144
168
225
31
91
185
200
250
31
202
146
163
30
52
62
78
132
96
191
11
167
32
202
195
89
56
213
139
113
217
43
169
1
27
86
63
217
60
153
134
230
148
162
238
152
229
213
158
144
95
115
181
96
192
64
41
210
27
47
149
224
170
110
191
113
219
5
96
107
132
185
8
137
226
48
83
107
156
253
172
21
157
128
64
100
238
169
250
72
87
135
13
96
47
242
200
240
201
41
19
197
117
17
50
35
83
217
89
83
56
41
125
42
229
69
211
144
238
149
240
176
41
219
234
102
190
60
240
67
148
48
222
21
213
252
144
121
81
157
121
57
10
86
24
195
121
157
146
28
169
201
140
147
24
22
42
156
34
238
190
159
162
238
79
84
78
234
55
219
78
186
191
43
17
103
153
36
24
231
116
146
43
29
81
122
144
5
130
16
201
248
103
195
163
252
96
163
36
1
78
181
149
229
103
231
229
32
87
21
236
158
147
149
197
77
220
115
2
92
86
43
55
42
180
242
125
64
241
219
55
34
113
10
83
190
73
189
56
103
107
151
189
199
88
196
82
66
40
256
33
11
43
194
35
205
121
195
180
169
229
241
196
231
248
221
199
149
238
115
196
58
36
96
190
24
83
213
196
202
212
182
34
78
197
161
161
89
244
223
10
115
214
2
230
8
88
56
20
10
31
240
197
172
22
102
48
194
100
11
7
58
17
221
176
212
81
20
102
48
129
164
56
253
157
197
117
61
129
93
194
5
41
2
102
116
185
95
62
65
240
83
231
34
35
30
221
174
229
86
151
238
119
145
244
108
91
255
186
212
93
125
79
204
223
69
223
10
144
35
238
135
212
133
157
65
200
201
194
107
35
31
16
121
119
201
76
203
4
98
159
179
57
78
42
162
231
242
98
35
149
56
254
195
225
20
234
103
217
142
216
92
238
91
166
203
169
2
58
7
24
43
193
69
256
186
244
66
49
224
38
138
1
30
90
66
185
89
90
110
5
228
100
34
64
240
64
201
234
254
181
205
202
234
64
250
121
10
22
66
40
78
37
9
22
18
110
191
253
224
57
41
150
198
121
23
70
103
193
252
103
28
196
171
194
147
107
167
142
57
11
147
83
190
56
14
127
200
185
21
57
245
37
89
49
69
244
194
78
222
194
194
256
102
65
163
176
217
221
229
22
234
201
91
110
60
139
186
199
60
252
229
10
98
126
72
4
212
8
138
89
121
212
83
219
220
149
173
191
96
212
11
224
107
238
220
53
101
193
48
170
171
152
125
205
212
129
219
61
159
197
185
1
185
194
89
254
182
72
149
105
121
156
91
9
126
189
24
88
56
48
120
61
234
136
38
69
102
194
213
248
73
169
194
63
104
147
75
26
191
232
78
238
197
195
69
163
20
94
102
13
240
213
157
254
72
91
148
26
45
12
36
94
31
157
56
2
213
81
214
121
191
82
163
34
59
87
163
52
8
225
86
91
125
45
60
26
45
218
198
56
9
117
133
213
163
56
32
173
111
52
159
191
57
161
189
144
35
185
148
245
189
68
155
202
155
238
83
26
232
31
203
157
95
118
12
7
214
213
190
111
157
45
230
36
195
12
242
47
4
214
43
60
157
119
115
163
57
213
69
240
8
40
12
5
245
59
86
13
163
36
194
232
65
57
34
86
31
211
26
245
78
253
163
107
45
76
157
252
32
105
31
12
214
113
179
139
196
217
84
189
113
44
23
159
1
45
203
52
211
213
86
170
232
249
238
242
189
134
196
238
238
201
201
193
48
52
26
