36
166
113
101
107
113
231
231
80
107
240
180
244
75
15
244
101
130
229
194
113
107
203
231
91
91
231
130
36
43
199
32
88
5
135
9
55
229
50
199
11
121
126
94
96
147
151
47
4
105
90
91
36
38
147
147
122
126
211
166
234
15
47
219
102
183
211
147
147
113
128
217
118
90
105
97
13
47
29
5
207
150
249
122
230
108
168
168
128
15
38
136
152
121
211
170
128
10
3
126
215
181
169
38
74
168
230
211
97
195
13
211
126
170
152
62
212
106
168
116
94
33
96
212
245
5
233
237
169
34
230
211
233
96
174
105
62
211
174
250
152
233
26
96
183
14
201
150
211
77
73
102
106
171
126
90
73
250
227
91
88
174
160
67
217
240
96
64
206
211
28
228
229
97
168
94
181
235
95
190
195
76
79
10
185
63
175
97
179
192
229
105
222
64
248
13
117
22
106
5
172
17
170
115
57
128
134
67
145
201
174
222
25
5
211
152
22
97
42
96
91
161
110
172
161
203
181
108
193
38
192
115
115
237
64
219
244
154
17
172
222
149
155
129
89
28
116
181
11
90
220
190
25
105
134
38
76
25
28
79
145
91
238
5
5
64
172
76
26
12
170
189
189
233
26
5
243
38
180
115
134
236
38
81
103
76
64
22
170
28
155
240
53
142
248
42
167
115
190
206
76
121
12
70
38
9
106
145
14
199
122
64
106
175
149
101
250
55
181
73
250
63
190
136
16
166
185
64
57
22
28
237
76
110
235
240
112
2
139
238
163
81
5
250
38
217
236
86
181
74
38
243
8
180
230
22
189
109
217
42
106
199
243
219
51
235
26
32
26
203
10
236
64
26
83
75
29
64
57
16
30
5
96
94
105
188
52
79
5
196
142
26
96
170
69
226
138
63
64
116
236
91
219
178
26
106
75
222
54
64
235
214
97
63
126
44
105
25
184
178
103
46
42
51
140
32
26
189
110
110
153
76
26
219
196
92
252
28
172
76
190
75
99
115
220
155
207
32
219
191
112
120
49
74
76
111
34
180
184
17
203
95
110
47
27
115
16
132
219
30
32
190
220
13
235
155
219
96
117
209
70
155
26
228
64
18
124
96
183
96
31
105
26
217
110
106
221
113
94
222
253
89
96
232
115
199
212
109
26
184
219
54
28
106
114
106
65
109
237
184
168
103
73
248
181
253
64
26
6
51
230
197
65
5
201
228
136
244
220
115
63
13
169
238
192
220
56
38
196
81
220
220
32
248
145
192
69
54
88
178
132
129
92
42
127
147
76
161
30
106
123
6
189
64
238
106
76
105
120
16
47
115
159
134
76
94
64
106
174
19
112
159
220
94
154
182
190
221
117
250
46
201
155
25
140
251
63
76
72
77
244
220
76
233
115
145
221
32
203
62
9
93
241
242
218
219
116
182
252
77
136
248
190
123
161
61
26
26
178
218
210
105
237
15
193
134
62
26
94
210
238
105
199
228
192
94
62
241
134
242
106
96
229
108
116
237
72
229
250
64
63
252
125
225
127
159
12
104
169
134
51
103
237
34
149
186
16
76
99
92
76
182
174
110
238
193
149
235
105
120
13
190
125
235
76
219
127
134
161
4
44
64
228
192
86
186
252
219
117
219
22
73
34
172
184
77
196
105
28
17
127
219
134
25
25
13
77
94
112
123
33
105
217
91
64
34
64
69
50
252
174
248
160
86
147
248
77
105
96
86
44
8
12
26
169
183
61
238
108
31
154
94
196
236
192
175
238
154
77
94
13
38
96
8
86
192
238
126
86
221
182
235
255
219
32
181
189
175
229
203
77
86
63
201
165
67
169
115
51
38
197
86
15
42
199
129
210
96
26
26
94
190
190
237
102
248
248
115
190
189
138
6
57
214
104
161
62
132
161
79
238
236
64
79
50
178
220
140
31
79
46
210
6
51
182
75
136
46
121
88
77
47
179
61
34
237
139
63
159
26
161
110
64
51
132
118
252
57
219
106
45
238
42
248
26
122
12
85
33
98
25
106
161
236
192
64
108
186
34
161
108
106
111
76
64
93
147
219
32
238
165
11
151
129
117
5
220
86
155
76
26
104
98
198
105
34
106
77
32
105
190
44
75
228
95
106
57
250
25
105
9
111
123
10
76
12
157
52
54
235
177
194
228
69
76
218
169
171
79
94
26
149
9
252
140
64
106
26
117
26
161
26
165
38
93
248
149
250
96
82
236
70
114
28
132
232
175
252
61
31
95
134
189
196
106
149
176
163
189
86
243
248
183
94
93
154
178
192
57
121
219
149
110
205
64
253
34
220
79
207
157
64
207
76
228
69
38
8
147
180
16
93
238
79
63
53
39
22
196
26
117
204
44
105
238
184
47
136
77
8
101
181
124
51
63
138
115
86
26
175
222
153
104
99
12
168
26
103
40
106
105
256
192
139
9
144
155
12
74
112
75
72
44
192
170
6
93
189
200
64
102
256
89
95
238
238
9
13
57
12
145
52
101
46
96
192
77
221
81
192
46
93
85
222
96
25
190
64
225
120
219
83
214
76
6
85
238
218
238
115
147
26
111
155
52
104
9
104
140
109
122
134
8
189
32
149
54
38
240
134
19
77
180
122
219
34
207
53
237
15
131
26
25
222
81
219
139
89
86
14
120
190
242
85
140
10
114
192
196
129
32
159
230
52
8
102
111
127
189
184
232
154
48
57
81
30
178
86
97
57
178
219
175
201
61
11
192
138
38
34
61
147
218
172
213
147
238
34
79
69
243
236
190
222
94
101
175
77
181
124
64
247
115
147
201
109
161
222
219
163
76
127
115
114
106
235
24
242
66
238
111
178
147
140
139
112
121
43
145
26
221
70
139
252
256
121
205
190
90
183
250
26
62
69
99
105
81
213
25
34
86
115
169
230
219
182
160
104
160
64
192
178
9
112
57
56
236
126
10
61
57
221
120
222
203
127
77
13
115
256
207
38
161
129
87
25
84
159
53
159
9
10
30
28
144
147
31
196
19
129
26
243
252
79
94
55
252
53
94
158
190
161
222
240
34
32
25
201
154
198
155
105
25
87
149
63
88
44
117
190
141
36
183
18
114
4
201
167
174
186
175
18
178
236
196
121
170
6
52
44
64
64
12
104
101
102
255
197
69
99
236
26
61
228
10
214
62
178
94
222
5
104
160
140
217
212
75
190
46
71
44
190
32
104
204
219
149
26
129
115
181
192
12
9
93
236
112
26
76
87
26
183
192
61
178
64
238
32
77
170
243
141
193
95
256
190
242
14
93
94
42
105
182
19
139
13
230
32
149
192
224
19
116
184
26
149
238
161
101
190
192
240
14
12
228
38
115
157
134
236
31
139
16
61
243
219
189
61
97
189
141
34
61
161
157
214
159
235
129
6
160
77
252
120
175
159
69
134
190
64
147
238
114
77
149
149
194
196
242
226
86
241
175
169
232
77
140
63
189
158
250
111
81
146
147
8
38
255
194
44
31
219
102
222
214
53
77
145
10
189
228
106
219
13
236
221
110
170
72
8
216
241
169
88
218
189
126
15
196
167
223
205
64
15
86
256
34
34
155
42
64
219
32
252
159
104
189
24
131
99
238
91
203
111
13
32
213
66
131
76
178
81
62
16
149
13
162
110
115
67
105
210
44
134
127
230
14
10
149
192
44
9
189
238
44
229
178
248
247
99
25
117
61
106
22
114
25
76
139
240
91
236
220
70
72
159
4
25
172
53
159
247
69
34
31
220
98
139
103
57
248
153
247
146
66
201
13
175
117
205
238
69
12
242
244
26
122
135
219
77
170
149
91
99
110
91
39
206
155
138
6
66
81
199
28
214
26
192
174
218
56
196
86
159
196
74
129
32
159
212
217
219
171
134
145
99
26
28
22
98
34
77
149
237
76
55
172
159
24
22
178
122
170
139
250
184
172
61
189
88
74
11
232
117
12
116
228
86
147
57
237
64
140
76
138
161
217
70
64
104
134
226
216
190
44
94
115
94
232
23
197
237
25
26
57
86
69
38
102
158
219
192
64
3
13
139
147
73
77
26
198
117
169
26
56
170
86
222
115
89
149
189
235
149
8
57
148
120
134
13
89
106
147
252
66
178
237
170
35
199
86
155
94
189
189
124
76
63
28
167
172
87
112
11
25
26
77
221
230
148
245
137
72
79
210
17
37
103
184
15
183
158
94
127
18
16
26
117
252
93
104
83
5
220
129
219
12
105
26
9
112
25
220
91
228
206
236
69
230
25
36
61
221
140
25
237
87
214
31
237
216
195
250
57
168
137
219
248
117
183
77
131
194
230
216
228
9
134
153
94
238
189
77
147
69
124
115
181
198
242
232
158
211
96
37
192
124
51
147
235
238
122
72
56
183
33
18
250
124
124
100
144
170
163
22
64
218
222
159
98
117
64
227
170
235
248
47
196
76
190
25
77
201
56
182
73
110
124
189
222
154
91
238
159
91
102
238
211
198
128
192
139
76
196
254
221
36
48
5
170
170
207
48
197
174
120
230
93
160
127
256
158
250
8
128
17
64
232
115
64
81
17
252
147
99
181
175
218
5
101
97
18
17
35
75
64
129
199
169
24
207
213
66
190
124
196
247
222
124
199
57
65
244
161
53
108
213
154
252
129
47
124
167
75
81
207
193
120
117
142
247
228
242
88
115
168
26
53
118
91
159
253
216
139
228
69
61
86
15
158
247
81
247
196
46
124
28
48
250
221
159
151
194
22
103
53
42
28
79
240
233
235
232
219
34
56
236
93
229
57
58
247
96
126
94
159
103
75
99
213
147
94
200
224
31
39
76
23
183
246
58
161
13
83
117
160
252
154
117
122
44
207
227
89
237
190
189
229
132
163
158
102
204
30
69
74
9
255
81
75
186
189
25
115
174
37
34
178
93
204
46
25
26
237
28
139
105
64
174
228
110
127
18
123
138
196
134
147
170
76
26
94
236
149
149
169
219
31
9
77
8
34
61
120
61
196
118
206
34
8
164
104
12
120
238
182
219
56
220
91
34
161
103
142
180
108
247
195
93
64
211
132
86
252
53
252
99
110
211
238
69
170
233
170
221
196
94
87
26
100
65
172
61
79
63
198
128
237
120
19
89
91
218
159
218
103
250
83
218
93
218
5
248
150
216
123
102
252
83
184
93
31
190
216
14
52
174
52
214
47
118
255
247
101
207
184
24
217
18
64
12
102
245
195
207
2
207
39
19
77
201
182
218
248
77
19
159
82
102
158
220
143
158
158
195
199
224
245
102
158
15
52
108
124
139
207
238
227
207
237
36
221
68
180
154
212
34
160
232
24
94
116
222
214
19
31
129
162
56
127
238
39
64
203
159
160
69
2
113
174
145
42
25
2
5
22
127
173
99
81
247
242
237
38
107
91
189
96
201
169
108
202
198
204
221
116
217
133
2
227
216
243
108
160
3
31
250
120
165
24
140
126
256
113
199
198
137
119
42
57
109
2
30
159
132
33
125
11
61
10
16
242
98
33
81
1
109
119
102
150
216
160
247
61
64
187
187
131
158
125
103
124
174
154
37
189
129
118
206
150
2
231
43
53
117
174
113
219
136
49
16
120
30
8
243
29
54
29
44
67
21
110
186
61
