80
27
73
73
75
75
204
166
230
27
27
7
166
25
230
203
166
25
205
230
7
186
166
67
221
166
204
55
62
135
40
135
205
231
230
214
194
7
231
33
180
205
203
180
166
140
73
205
209
202
166
209
191
42
180
239
115
231
95
239
239
231
62
115
59
230
184
19
209
168
208
84
7
205
230
168
88
7
35
69
123
208
46
18
146
172
46
15
90
29
209
27
110
177
209
166
7
206
49
108
115
144
168
35
7
203
181
29
230
55
71
73
116
208
36
19
164
166
46
220
35
220
91
220
58
151
253
209
84
230
211
71
95
146
86
76
170
90
176
176
183
46
251
176
121
183
74
73
171
29
42
74
126
140
165
225
42
186
231
162
112
140
162
183
34
140
80
98
157
18
225
112
101
84
220
60
126
162
108
192
105
162
136
209
136
127
211
186
140
251
165
176
176
111
170
162
74
17
176
29
126
165
190
127
256
33
74
251
2
176
170
176
89
146
211
84
65
239
146
148
256
28
66
81
6
240
16
183
172
191
33
176
230
226
74
3
146
85
148
185
85
73
33
33
76
162
204
56
74
47
84
241
84
16
66
165
73
80
80
59
35
84
208
99
169
197
80
150
124
171
63
135
62
33
239
33
214
105
27
121
186
146
203
27
7
103
146
62
146
250
65
56
209
138
146
132
34
230
14
230
151
35
173
25
6
195
164
203
71
142
230
174
180
126
56
172
225
138
74
146
3
162
136
164
165
252
194
209
222
106
203
68
97
143
160
171
59
215
165
62
208
85
88
58
84
27
195
171
148
65
67
172
162
71
84
162
143
174
239
26
95
3
73
113
76
114
13
6
184
80
208
186
75
17
184
76
201
104
84
191
138
27
166
95
195
21
191
94
230
170
105
128
3
8
162
225
208
135
206
245
114
20
195
65
27
63
152
105
148
184
163
155
82
205
48
111
225
73
171
50
143
26
115
36
27
159
100
101
230
50
171
178
118
195
13
94
88
3
95
222
108
95
149
50
97
59
222
253
184
230
208
15
151
62
25
208
179
18
92
158
33
112
214
162
135
209
27
205
172
6
62
230
181
62
160
33
132
162
29
17
152
62
188
113
33
166
222
15
31
55
50
172
206
36
18
204
184
115
50
167
95
231
170
23
99
90
112
189
50
96
155
116
195
106
65
176
28
159
15
153
11
205
101
94
115
46
12
89
50
65
84
25
49
11
88
153
222
224
91
15
17
229
33
73
218
163
251
105
20
51
159
62
124
164
33
53
3
205
84
88
101
153
36
240
60
65
84
245
243
208
222
102
89
144
51
190
43
46
67
190
181
208
15
70
50
222
95
237
21
26
208
229
208
219
176
11
107
249
180
43
51
15
250
195
29
90
208
206
29
208
107
148
231
237
163
88
206
198
53
25
162
148
95
95
112
95
122
18
155
161
3
40
27
26
46
161
94
151
162
51
82
41
62
206
155
244
186
231
208
25
18
211
161
73
163
235
161
237
162
171
152
95
230
34
43
73
161
87
98
18
217
230
106
107
181
114
54
252
74
97
84
109
15
176
148
175
143
195
98
62
115
17
70
182
152
243
194
197
86
231
250
182
252
63
94
44
150
231
62
95
80
19
86
70
28
185
107
95
30
63
48
239
207
143
102
54
77
2
83
183
97
51
254
105
161
48
184
181
75
166
190
29
251
256
118
3
176
165
31
21
25
111
207
22
41
182
171
145
136
171
156
205
90
5
109
237
30
162
155
77
87
210
118
43
62
149
34
96
72
191
42
217
15
120
159
157
138
142
50
75
129
195
161
208
48
194
210
8
106
213
157
183
188
197
136
182
248
109
63
62
245
197
178
193
66
181
22
141
41
40
73
230
84
63
217
211
26
60
98
205
182
11
157
107
229
105
222
24
85
72
91
80
24
92
237
246
181
131
160
197
108
118
48
136
217
109
26
114
53
115
90
124
181
130
230
159
163
81
3
53
123
217
46
34
155
135
22
171
133
95
163
32
162
72
63
74
98
48
109
98
77
159
73
71
28
100
1
106
195
159
195
95
49
84
95
131
171
170
37
206
251
223
5
149
41
132
136
11
82
157
197
223
148
48
149
53
48
157
48
14
228
237
171
122
148
113
129
113
73
223
62
141
11
195
181
62
10
218
188
205
109
146
102
113
212
225
6
217
111
104
130
224
48
102
104
195
188
154
127
197
197
18
115
41
136
197
1
54
145
111
116
236
167
127
55
57
75
48
118
217
200
213
39
47
116
163
183
111
197
37
255
195
240
255
113
194
194
6
157
239
177
18
240
224
85
197
243
158
48
247
122
192
124
118
146
28
165
242
108
136
195
111
182
197
99
135
231
172
156
256
13
130
12
48
255
226
89
185
55
157
132
206
114
208
1
41
160
197
183
85
127
120
48
171
74
24
159
166
198
154
166
78
109
226
219
197
22
183
154
72
68
109
51
141
72
68
2
28
82
131
224
182
161
144
91
224
117
18
5
252
137
85
106
154
221
255
11
197
222
163
15
64
145
54
125
47
181
173
78
181
218
102
75
191
25
206
47
218
43
46
256
175
213
11
123
64
213
34
233
77
129
156
172
41
118
175
183
197
50
30
133
33
81
163
224
255
221
57
183
43
16
232
163
186
163
254
167
54
234
63
159
245
82
190
186
71
16
148
163
241
159
197
84
93
20
254
50
48
159
120
198
225
193
24
91
227
84
254
215
254
