251
80
140
69
67
115
135
166
123
69
162
58
148
84
129
231
194
165
223
84
73
84
186
80
74
31
186
110
110
129
170
115
29
140
115
165
231
252
149
162
29
166
104
80
97
256
150
69
97
51
138
85
18
237
150
115
62
184
170
256
129
110
170
129
235
102
166
112
79
129
102
166
138
149
256
62
115
62
244
243
150
150
136
138
67
91
112
55
84
95
91
84
140
10
73
102
237
214
256
161
79
231
79
84
11
123
123
209
110
162
123
60
225
25
115
84
181
27
79
242
5
29
52
50
52
204
242
69
220
91
181
64
225
78
242
215
155
67
176
86
251
220
54
139
102
139
168
186
194
217
140
251
3
220
153
84
208
140
242
191
223
226
153
86
169
153
196
199
85
250
211
162
235
225
183
256
86
134
239
25
176
207
161
235
25
131
150
131
79
123
31
138
88
31
222
84
34
191
52
32
176
79
138
60
52
80
162
207
176
165
249
251
150
84
207
102
194
144
4
162
9
131
186
146
243
84
42
20
128
73
180
32
163
207
94
122
80
178
243
84
186
249
146
202
146
51
35
9
176
203
207
230
184
183
146
95
11
115
84
96
236
164
56
31
84
114
7
50
174
154
31
256
111
124
77
20
108
20
117
159
44
115
52
213
256
18
45
184
247
114
31
106
231
253
215
25
14
170
203
51
14
230
172
178
117
114
140
184
31
50
146
45
50
184
149
115
29
249
214
256
256
171
207
95
67
76
20
250
191
42
52
73
228
255
218
65
20
170
214
186
20
160
114
108
31
213
110
99
18
25
20
225
39
139
51
226
146
251
207
26
154
220
20
131
69
213
159
55
56
95
31
250
157
115
74
161
45
242
52
31
54
202
212
136
237
13
88
220
73
191
20
76
39
117
177
160
203
251
117
226
85
52
108
153
117
73
56
230
73
226
214
64
103
81
80
87
168
45
214
186
88
133
208
81
242
168
42
124
202
32
168
218
161
137
202
117
203
169
83
220
129
214
239
87
251
150
192
226
251
249
202
88
157
157
251
117
155
150
124
69
4
251
86
202
253
240
225
196
27
183
120
77
196
45
18
190
190
235
210
157
56
117
110
157
31
199
207
202
199
18
162
168
57
133
139
226
226
10
39
13
23
218
89
237
77
219
220
240
157
237
25
18
129
169
20
120
207
77
213
12
56
9
110
153
20
72
74
217
157
203
19
153
13
190
168
139
18
121
32
125
157
18
153
239
157
190
164
245
124
163
18
63
42
124
236
202
94
117
79
26
197
213
45
245
120
218
238
196
251
126
213
251
110
161
39
226
219
20
124
249
72
18
219
39
45
115
253
239
45
155
157
212
214
64
115
120
71
1
220
159
139
197
53
53
232
52
153
56
23
197
148
52
73
214
37
124
136
256
189
207
256
89
145
157
26
72
41
214
96
197
15
78
220
213
133
45
37
235
26
9
105
157
106
73
157
157
232
214
56
133
10
96
94
159
249
157
9
245
256
69
39
42
115
32
202
196
237
159
171
214
57
249
86
51
161
197
120
124
23
96
249
155
21
109
89
112
100
56
117
212
29
211
51
89
150
39
42
207
39
20
117
196
39
255
177
155
25
184
115
150
55
214
106
178
114
171
42
39
213
65
174
104
2
80
159
28
89
214
124
100
39
23
157
218
132
42
255
69
230
28
66
91
156
78
112
49
57
207
12
174
159
52
159
115
14
20
174
148
249
249
193
32
120
2
189
174
164
222
192
150
140
159
110
232
159
55
53
39
55
192
33
202
132
99
253
41
76
42
189
77
150
23
249
53
105
56
168
74
189
89
20
57
202
39
48
70
84
48
48
94
63
104
157
104
202
106
215
63
159
114
72
52
158
117
82
48
23
15
117
82
186
117
104
30
56
148
115
148
202
202
202
214
202
80
23
15
202
39
213
56
148
105
163
176
79
52
100
65
23
44
12
202
