104
243
87
87
87
139
249
243
176
252
104
143
84
84
139
150
150
250
162
208
235
150
214
150
94
150
204
235
106
52
176
243
134
91
176
12
55
159
86
147
176
106
115
134
159
202
204
149
226
45
106
214
149
56
135
157
155
17
164
129
155
174
163
161
238
226
129
10
57
174
149
213
155
189
63
161
26
134
52
38
13
168
35
149
155
155
26
12
57
135
155
110
104
45
157
243
38
249
106
76
157
76
210
86
141
115
216
64
106
157
133
213
57
145
157
10
157
116
148
236
104
56
134
155
216
86
56
232
249
116
148
232
161
56
45
210
94
149
174
163
159
28
45
101
45
26
159
57
134
213
63
116
148
214
189
56
174
157
159
213
157
52
161
214
170
12
57
210
159
29
56
26
219
12
105
163
134
56
154
12
57
104
161
73
56
210
159
139
106
52
110
99
189
210
56
134
115
116
148
12
148
163
86
232
159
189
163
76
56
220
15
161
56
86
157
57
238
15
238
157
238
157
44
161
57
214
57
210
148
163
38
155
189
25
106
104
238
236
159
28
236
155
238
134
116
110
204
157
57
219
134
56
248
116
134
12
161
26
98
155
147
134
214
230
106
12
220
155
56
232
202
56
214
134
174
170
45
237
134
163
157
161
214
57
170
196
186
148
237
134
62
155
226
86
149
28
38
76
116
163
248
86
69
139
57
134
157
105
163
226
56
124
143
106
134
248
189
159
13
157
157
56
52
42
159
56
252
213
134
157
202
13
15
140
139
56
116
74
222
149
56
214
56
57
12
220
57
73
57
189
56
45
15
161
104
145
232
45
145
129
101
134
57
45
56
52
12
149
157
96
155
56
148
57
56
196
210
115
214
155
232
15
232
25
57
155
56
106
230
161
163
45
45
134
76
84
249
86
57
139
139
155
12
157
56
189
163
155
210
110
56
134
57
29
38
52
79
94
214
213
166
15
110
26
210
56
45
157
149
148
100
236
213
213
74
159
12
116
35
213
134
13
79
134
57
159
92
105
73
31
134
189
45
45
116
116
148
110
56
104
163
15
214
110
210
213
45
56
12
134
15
39
86
149
211
189
139
145
134
189
76
35
52
52
134
157
219
116
56
86
101
134
56
189
28
238
214
69
210
158
149
116
161
106
155
64
56
38
161
134
158
237
213
139
38
192
26
163
134
57
170
45
86
148
57
210
64
56
164
249
204
211
210
69
139
139
214
196
161
38
139
86
45
12
57
163
103
170
86
116
139
115
10
157
155
255
235
213
45
252
210
86
72
155
57
76
157
134
210
76
116
106
157
12
213
134
179
45
102
232
12
210
213
50
159
134
52
12
111
210
13
56
210
26
148
210
38
116
52
134
189
120
163
100
238
52
145
12
52
179
103
12
196
213
56
57
192
57
72
134
184
52
216
56
159
134
12
73
56
214
134
106
148
213
52
116
155
56
214
221
44
52
214
39
189
161
26
73
48
163
149
134
13
56
149
215
50
101
157
238
202
76
193
63
163
213
86
248
210
157
101
149
56
210
189
57
214
56
140
134
149
101
159
155
56
149
12
149
157
161
57
56
238
161
161
12
179
232
10
157
213
159
52
163
86
57
163
101
232
176
157
243
157
56
45
60
149
134
148
73
155
232
214
189
134
150
45
248
104
115
159
155
60
76
163
248
56
196
116
189
26
101
213
116
60
106
134
12
204
64
38
134
145
56
134
56
159
196
76
45
214
192
105
38
159
248
210
101
214
189
210
32
139
114
232
12
101
233
161
101
159
145
189
57
38
26
232
115
12
134
56
210
12
56
76
32
238
48
134
38
55
110
237
210
116
163
161
56
155
91
73
12
157
56
189
52
110
163
12
134
106
149
48
161
163
84
26
76
149
149
139
45
159
57
139
73
161
110
157
56
159
116
238
35
82
106
163
139
117
112
45
170
134
179
214
45
247
134
56
134
210
134
161
159
242
104
214
159
52
145
232
115
163
190
106
210
236
45
214
163
249
210
163
248
45
104
15
249
52
189
10
159
110
134
134
153
163
139
82
213
56
163
189
10
77
159
214
134
189
236
76
143
128
101
75
230
86
101
238
55
159
232
55
214
57
56
214
161
164
157
237
149
157
52
134
189
161
213
56
202
56
101
56
213
168
52
26
110
240
26
161
214
216
213
62
55
52
189
134
163
214
238
134
159
161
189
116
196
179
237
73
115
52
213
44
159
213
155
27
86
221
145
161
163
159
10
45
86
196
134
101
161
116
55
106
256
249
176
106
101
154
45
52
56
155
238
238
159
159
214
104
57
238
48
139
45
161
232
44
164
15
163
184
232
63
213
249
15
56
37
159
137
210
12
216
104
190
64
157
161
116
104
204
134
32
157
159
232
162
161
104
248
193
56
110
157
157
56
10
15
134
157
134
219
237
128
189
157
53
26
76
169
134
161
12
72
56
161
55
157
238
106
163
79
74
105
139
214
13
238
134
134
45
202
52
134
139
134
74
202
214
86
102
145
15
38
45
249
45
86
161
115
232
17
63
248
149
139
170
163
164
12
163
190
56
213
86
13
161
52
232
192
157
189
220
69
57
134
56
52
52
249
86
155
139
157
236
163
247
252
45
116
210
55
214
34
134
210
134
214
13
215
204
55
157
202
214
12
210
86
159
45
214
115
159
31
190
134
134
134
56
45
48
213
240
45
91
45
157
161
45
15
29
45
110
12
193
134
255
202
157
106
104
56
115
73
237
155
137
106
233
12
220
116
45
214
232
38
256
210
158
57
45
163
110
157
134
134
69
214
134
236
189
86
145
214
114
214
214
159
86
159
134
213
232
238
170
256
32
158
56
57
63
56
238
252
168
232
214
202
134
134
44
238
12
93
15
116
139
101
139
134
63
32
236
213
159
94
159
163
26
213
104
159
57
139
186
232
219
163
86
189
214
139
157
48
106
56
117
159
26
15
158
52
237
168
256
139
161
45
210
189
210
134
45
145
86
134
252
73
252
86
115
56
159
50
145
237
213
216
134
236
115
168
202
73
214
134
116
252
55
157
116
157
157
159
12
105
15
57
104
139
192
189
57
255
116
86
57
101
159
213
232
57
255
57
149
189
134
163
139
159
86
25
157
139
101
157
115
168
210
148
189
213
86
213
249
256
232
189
56
56
157
189
134
223
159
215
104
159
226
139
106
189
52
26
101
202
148
104
213
220
25
157
52
189
134
57
157
159
232
134
252
168
52
210
236
128
12
26
210
115
240
196
213
157
45
134
56
134
52
26
134
236
101
159
214
39
56
210
238
134
57
134
110
163
210
159
210
214
159
139
157
210
57
60
44
106
210
57
255
210
214
134
196
6
56
210
56
256
38
221
247
38
45
56
157
38
161
240
76
249
38
252
61
157
106
210
214
168
45
38
86
57
163
161
242
214
155
214
73
52
213
247
161
134
210
134
25
48
10
57
104
56
158
134
157
22
189
104
255
255
134
139
104
218
73
157
230
116
220
56
15
202
44
190
213
189
252
157
252
163
57
159
134
72
249
86
86
252
139
56
214
157
134
202
256
22
25
86
238
104
216
149
213
139
134
10
56
134
116
48
158
210
159
145
155
86
189
15
134
210
52
140
159
45
157
86
216
210
155
179
219
256
252
219
164
170
238
214
134
232
159
247
232
157
42
55
232
252
189
139
73
32
86
159
134
163
202
179
61
238
210
196
52
69
55
159
169
255
252
218
159
12
91
84
215
115
155
161
110
157
38
26
214
163
238
56
134
161
56
93
163
210
247
220
26
155
196
210
232
210
48
56
134
232
115
55
55
15
213
157
115
149
210
159
134
214
106
76
237
249
116
134
115
193
115
161
57
112
104
52
214
252
134
168
149
158
104
248
139
209
210
155
139
84
139
55
252
145
101
15
72
214
56
213
155
117
25
15
155
58
91
163
157
255
255
255
134
110
38
26
190
110
45
56
158
72
218
52
237
149
163
213
213
148
42
13
199
26
155
52
91
255
53
213
214
215
164
22
116
134
101
25
192
91
45
134
86
101
101
134
44
159
72
242
149
232
159
213
12
189
255
134
158
56
106
193
247
214
163
134
45
210
96
163
159
158
157
86
57
168
72
247
8
73
220
252
110
26
199
116
149
134
104
45
159
134
161
155
252
210
91
235
12
63
154
214
176
249
110
110
155
39
214
157
15
140
183
134
134
105
52
157
115
161
161
139
144
210
249
110
133
139
52
110
13
159
202
190
159
163
86
189
207
91
238
248
170
148
44
149
34
232
12
161
210
12
190
237
213
157
247
210
157
163
159
189
73
213
157
213
101
237
161
32
159
48
168
219
141
35
115
256
238
110
45
202
159
157
161
110
86
202
104
12
42
247
13
213
148
115
179
25
134
163
86
120
252
213
256
140
115
219
210
236
242
110
157
139
157
56
76
213
134
256
168
102
157
210
58
235
179
161
196
236
58
235
214
144
52
238
210
91
52
52
213
69
69
159
110
111
249
134
105
214
210
52
148
73
232
134
56
115
154
186
196
101
134
56
159
72
91
168
149
256
148
189
139
78
179
46
52
32
42
58
202
139
184
104
186
26
52
220
158
99
161
223
213
15
213
210
221
56
155
159
176
155
161
157
157
52
133
52
159
216
216
252
53
93
76
32
169
179
52
19
45
115
159
158
155
170
105
139
210
134
10
104
145
45
115
52
139
193
56
139
56
15
213
214
159
52
53
52
84
161
216
192
13
149
56
197
159
149
63
159
82
232
146
218
247
238
57
192
179
155
157
213
214
91
139
213
15
162
57
139
19
86
53
190
139
196
159
158
163
53
149
26
110
26
26
26
91
155
26
56
163
83
48
115
134
52
56
48
237
176
134
161
216
157
169
247
159
56
159
159
105
139
103
115
117
50
213
52
149
26
161
189
69
76
207
213
163
139
149
202
232
25
232
57
139
91
134
57
232
134
255
218
210
197
157
158
57
52
157
34
210
44
255
86
232
86
134
25
213
214
149
12
213
155
