220
216
109
17
183
147
90
5
154
189
138
6
112
136
90
209
182
138
189
220
172
90
30
6
132
223
195
154
182
181
51
189
47
6
150
150
150
172
126
141
80
245
141
81
133
28
245
182
181
78
78
189
79
79
2
129
14
216
28
28
114
163
14
245
189
195
66
78
130
32
222
222
183
220
66
130
242
253
181
28
90
131
222
145
114
81
187
81
43
245
236
190
59
222
241
14
105
182
123
14
29
30
154
102
78
220
90
255
5
137
181
183
29
253
105
222
55
131
256
66
73
87
102
217
87
102
14
255
253
123
236
14
14
28
212
103
190
64
164
134
249
87
172
131
126
14
2
14
4
102
78
184
136
123
26
177
5
184
60
100
164
177
57
249
39
136
57
6
47
105
17
6
172
163
183
96
236
14
190
233
102
96
62
122
216
222
228
100
98
212
233
6
249
184
222
212
216
138
111
177
245
137
137
164
143
195
212
30
197
52
86
105
104
217
172
86
212
52
127
38
37
247
89
252
65
163
151
236
109
129
217
64
212
216
77
220
210
34
110
47
246
230
252
178
110
236
167
200
122
103
250
140
245
210
210
60
101
150
90
174
122
90
179
3
129
216
90
184
247
242
190
101
74
65
90
118
237
229
230
183
238
116
192
14
164
148
69
124
246
1
74
212
246
233
38
2
93
101
101
183
103
187
38
132
122
124
154
109
236
1
210
105
118
195
184
1
93
116
192
252
101
66
129
31
1
206
187
109
65
35
179
30
216
118
100
101
109
206
101
255
2
246
38
100
101
134
195
140
116
52
6
116
227
116
116
247
1
124
197
233
101
122
210
219
135
154
105
210
104
179
86
210
227
246
93
233
101
220
87
30
78
39
247
187
238
30
49
39
30
75
132
246
87
230
146
216
218
26
245
103
132
24
47
162
167
171
24
247
212
196
115
102
65
189
28
238
142
101
246
234
207
5
87
15
6
175
246
9
101
120
210
16
210
180
160
252
116
29
171
187
164
218
70
154
78
252
236
195
120
245
226
99
158
9
204
235
204
246
221
199
29
172
154
11
233
147
130
132
29
171
247
30
246
3
75
9
115
238
9
33
129
80
232
204
79
233
241
118
247
65
247
70
49
143
187
203
38
29
248
11
94
67
57
117
118
216
122
61
246
196
188
131
66
247
154
172
122
77
187
9
124
210
69
9
76
32
131
218
29
226
226
116
78
233
33
70
85
77
36
233
77
226
2
199
15
53
163
129
226
224
61
77
154
114
85
233
132
2
230
61
77
187
247
247
2
140
131
210
79
226
220
6
135
138
9
254
30
94
245
69
247
131
247
132
4
101
33
28
68
226
221
60
226
163
39
228
32
2
100
152
247
65
220
154
109
70
176
149
207
247
35
9
195
49
114
30
243
30
137
226
2
91
132
181
4
30
187
207
78
223
245
11
79
135
11
130
88
30
43
164
62
130
217
109
11
117
43
2
32
242
114
223
43
131
60
135
2
193
226
78
212
66
132
120
254
60
102
33
212
195
187
135
30
224
132
60
240
60
2
124
130
34
78
100
60
30
253
30
178
61
83
43
60
187
228
195
130
43
102
124
135
104
2
19
132
81
59
14
67
187
132
2
49
124
226
132
60
114
226
224
43
51
118
135
2
212
132
187
100
53
60
60
246
187
30
39
135
179
14
