40
40
40
17
17
17
143
95
143
40
222
146
181
5
95
146
208
143
97
5
95
160
182
151
187
165
182
151
146
217
204
29
195
87
87
164
66
97
97
165
229
187
66
250
217
208
187
151
165
251
79
236
165
244
87
29
143
122
27
212
217
34
37
79
123
28
47
111
28
41
128
145
212
79
97
28
105
46
123
172
66
55
17
4
28
147
123
183
172
96
90
105
54
27
248
54
49
151
183
164
217
204
171
125
245
172
68
187
217
217
196
190
208
28
37
140
16
33
212
181
212
205
75
49
38
249
217
34
16
46
152
8
106
127
62
217
211
245
220
131
171
92
217
27
181
241
28
97
96
217
151
54
8
244
250
195
212
27
147
168
217
123
37
27
37
138
235
175
3
179
244
250
222
138
203
15
15
226
138
206
17
143
41
11
115
222
182
182
105
33
217
62
244
223
95
217
77
222
34
149
30
203
28
49
187
205
212
37
105
27
87
123
245
63
248
1
249
37
228
138
217
126
105
217
217
168
28
218
225
150
241
143
231
172
211
123
127
123
28
2
150
15
250
187
123
126
143
105
171
248
31
105
31
195
208
109
11
89
80
180
171
248
87
88
171
171
248
38
80
27
123
204
66
250
147
5
89
186
121
211
151
37
4
235
212
250
90
212
222
42
250
217
25
15
16
114
80
75
28
250
254
250
15
143
181
254
222
113
203
88
156
246
64
226
248
250
248
146
13
187
102
245
75
123
185
248
212
96
112
238
250
241
170
131
101
230
212
93
238
224
88
171
109
168
226
167
129
254
235
166
124
195
129
230
240
31
224
231
240
113
206
19
121
105
96
239
119
24
90
187
28
205
128
65
147
200
35
236
88
200
3
87
176
217
102
185
235
182
113
65
175
68
43
77
42
37
246
178
205
249
28
228
59
165
203
77
231
199
24
41
238
190
205
59
141
114
240
190
46
60
240
124
165
10
27
24
88
10
97
138
28
28
150
231
184
5
60
143
27
55
24
55
219
183
111
63
168
217
35
77
144
236
220
231
123
55
89
185
136
19
160
250
30
136
41
49
78
160
16
169
3
184
55
167
126
228
28
6
59
170
36
40
186
245
92
178
188
131
144
68
236
76
105
15
75
3
75
136
93
24
248
57
77
119
88
184
131
16
154
170
228
14
96
14
67
33
40
11
245
102
194
244
216
122
28
1
135
240
118
116
188
3
228
253
205
235
144
249
160
171
158
168
55
3
92
176
138
75
206
60
199
77
4
144
37
186
186
77
30
249
28
78
184
182
2
67
150
178
122
171
35
208
185
141
131
44
205
185
14
167
35
11
114
131
253
185
162
253
132
92
59
245
246
62
97
253
222
186
185
1
28
246
43
246
53
110
225
246
186
243
194
78
132
17
170
114
59
4
222
132
176
114
75
122
250
191
135
68
30
93
190
32
113
63
102
132
17
205
186
173
49
245
35
171
17
32
231
84
182
87
150
196
9
138
2
28
92
34
204
170
35
67
49
30
132
131
55
171
196
246
138
123
169
169
113
146
138
53
252
20
240
175
13
19
63
146
223
229
109
171
168
121
144
218
176
20
78
91
240
190
253
114
122
91
132
198
67
231
187
53
53
141
21
236
146
135
120
75
212
116
240
74
168
135
245
211
256
231
246
211
198
138
138
20
137
24
137
43
21
113
115
132
128
75
122
113
136
245
77
55
13
92
182
77
188
30
197
46
220
181
195
59
66
4
35
131
116
8
132
171
43
150
111
4
71
75
136
132
146
114
18
5
131
21
49
24
169
90
245
55
144
84
176
17
35
62
124
187
126
185
252
199
131
141
222
222
198
185
24
55
21
217
137
14
17
233
54
194
177
136
35
146
205
167
31
120
180
168
90
108
11
174
137
131
71
197
11
36
130
4
201
164
71
149
132
58
105
28
61
130
53
71
99
37
90
130
222
109
40
46
241
243
105
90
126
206
233
111
46
58
105
250
136
90
240
152
37
197
132
253
24
156
109
131
92
182
105
30
79
178
5
24
144
18
14
174
166
128
71
37
243
5
142
37
78
24
168
40
77
55
109
36
241
106
172
201
43
238
177
206
149
176
34
59
4
133
178
28
152
109
25
242
197
105
75
167
230
146
193
72
131
244
57
60
241
128
240
226
9
77
120
19
90
144
110
150
130
110
29
241
92
78
208
73
2
241
179
77
75
192
224
177
144
105
60
105
131
77
73
224
109
166
193
114
60
29
168
224
80
222
57
58
78
114
137
173
190
194
43
47
99
127
7
33
21
245
7
185
77
241
170
77
105
47
43
99
124
224
123
40
20
185
227
241
158
131
192
131
140
27
105
217
151
108
100
197
163
124
43
188
20
222
94
132
14
188
17
224
187
120
227
53
192
141
173
43
109
173
246
173
239
88
