154
154
66
164
66
147
154
66
150
24
150
147
150
154
211
80
66
14
150
24
146
217
21
113
186
14
181
181
166
37
29
36
126
109
37
24
21
150
109
181
107
203
181
250
184
245
250
89
80
244
135
97
109
222
107
77
24
125
250
66
244
92
37
80
205
250
125
76
144
206
37
181
37
21
125
76
84
125
186
203
36
170
164
231
236
29
191
176
168
127
137
155
72
92
119
231
185
88
90
90
155
113
231
166
175
104
195
88
180
229
250
217
238
18
205
113
18
227
205
21
63
180
74
72
118
18
256
203
21
138
8
248
21
79
76
24
84
31
46
42
225
140
57
145
231
123
90
210
103
250
125
241
125
116
18
250
227
217
65
196
125
222
18
183
57
108
205
74
203
190
90
88
5
127
250
179
199
166
238
127
108
169
34
16
51
24
185
185
172
161
40
166
164
76
199
88
245
76
106
147
106
23
217
225
256
76
40
182
256
140
41
171
107
18
134
40
10
14
125
132
72
181
127
10
247
231
202
241
57
95
55
71
26
76
106
237
161
34
93
237
231
222
170
91
193
231
236
219
196
236
168
219
61
205
92
42
106
220
18
63
189
106
50
76
19
252
134
244
233
237
134
177
125
51
183
38
76
14
63
38
114
96
219
125
84
34
185
26
238
116
46
125
6
64
220
90
227
245
220
127
60
92
145
176
34
49
175
219
10
168
35
199
105
125
127
181
138
57
129
153
256
97
203
47
149
14
116
238
140
96
245
60
244
100
4
226
135
224
59
37
40
174
134
170
103
57
241
190
219
38
187
161
247
144
145
247
251
206
123
246
183
14
88
134
8
34
125
238
151
75
80
4
106
238
125
181
219
145
12
125
145
36
38
47
246
203
151
64
21
47
236
222
175
248
185
76
179
245
111
206
100
145
176
176
135
39
223
16
114
61
57
248
169
246
145
153
57
221
76
63
185
76
205
205
256
125
39
6
105
90
21
127
99
149
220
54
125
94
252
187
220
145
12
149
222
18
64
145
203
242
240
37
47
243
247
205
192
240
109
17
145
111
6
215
93
61
102
248
210
175
134
244
190
189
145
122
126
140
111
169
189
246
182
51
61
125
205
39
245
83
145
62
110
196
130
125
114
136
13
53
248
20
215
117
79
92
69
248
106
252
236
120
27
222
238
238
96
246
154
51
6
245
141
190
47
238
245
135
201
221
147
219
61
46
130
214
236
135
223
176
94
147
147
104
136
248
201
218
246
238
118
13
156
47
254
248
47
154
83
212
34
198
151
34
83
238
61
238
172
126
154
38
225
34
201
171
205
179
51
198
149
118
216
104
134
38
2
248
149
174
229
37
144
189
219
248
238
240
140
69
184
192
171
73
129
227
145
201
253
146
189
117
21
169
128
216
243
67
32
100
129
124
189
254
39
103
217
148
39
27
155
47
224
22
248
104
238
68
127
28
170
145
20
34
128
147
145
221
256
63
182
194
240
196
113
129
88
125
90
131
190
61
57
149
181
6
246
46
253
181
250
38
252
15
64
34
250
12
10
138
125
36
116
129
6
11
192
122
201
39
97
246
201
249
255
219
20
240
214
56
158
245
39
238
210
37
201
217
256
246
118
74
125
145
227
34
38
77
182
240
8
71
219
255
203
187
171
47
131
236
203
194
94
179
235
111
103
38
248
230
39
88
247
117
61
248
117
184
252
169
106
181
248
145
96
24
61
179
95
38
64
149
117
247
26
127
104
212
217
235
183
238
220
248
75
190
57
66
201
46
246
151
117
154
253
21
182
49
214
61
169
18
238
144
220
201
146
186
205
190
186
220
169
37
238
198
22
103
219
141
205
142
190
49
24
246
220
68
154
192
248
38
127
201
255
210
141
34
121
96
38
250
102
32
201
158
170
104
141
191
116
6
154
46
219
255
238
169
64
117
199
256
152
181
214
210
3
189
125
104
238
10
76
250
35
103
176
154
111
225
57
34
103
30
79
26
100
35
182
248
35
125
187
38
61
216
95
71
196
248
181
158
121
36
141
247
176
247
223
27
233
248
75
135
187
170
104
154
196
93
64
248
238
256
3
34
4
49
8
76
96
105
47
73
216
37
105
117
24
63
190
4
212
223
229
197
109
21
125
103
41
176
34
145
35
1
18
28
120
51
13
203
221
218
57
201
116
215
160
210
22
169
12
242
201
142
229
113
1
189
216
123
169
246
214
205
145
151
241
226
116
167
35
26
46
172
151
100
169
181
125
220
238
104
238
172
190
116
169
44
247
21
224
25
256
242
46
171
111
90
8
101
10
235
122
65
110
198
171
26
111
79
182
253
238
39
111
67
179
61
252
134
95
201
103
246
156
246
142
104
145
190
198
190
183
30
169
170
66
198
196
39
64
111
216
189
117
156
190
26
169
240
81
169
24
43
219
102
181
100
175
129
129
234
24
83
65
19
118
229
76
238
205
247
60
238
125
244
180
154
129
154
79
46
205
238
103
235
23
219
180
105
79
201
156
238
203
169
103
252
4
125
203
213
144
24
238
201
38
154
54
171
166
253
134
238
198
187
132
46
188
218
218
247
201
255
35
51
190
228
76
46
253
128
237
144
69
185
108
116
170
125
223
238
252
102
14
118
252
246
233
69
233
216
168
20
110
93
203
196
151
241
64
218
238
54
25
7
141
250
227
76
255
145
256
176
220
38
250
252
143
69
248
255
231
126
167
37
4
125
170
198
171
256
247
117
201
96
38
246
114
180
51
36
99
159
134
179
94
177
192
1
190
58
134
126
203
255
47
68
76
250
10
121
22
132
25
200
96
233
76
5
180
14
190
181
121
192
203
147
185
201
125
65
200
238
144
152
158
169
23
76
92
256
117
10
102
54
57
186
132
37
86
229
101
96
131
96
142
31
253
114
4
9
242
169
194
99
39
203
108
9
56
179
237
111
54
252
81
5
203
34
189
108
221
126
99
118
219
144
169
92
31
248
35
35
252
255
154
246
252
34
76
203
246
116
233
37
140
132
242
47
79
138
15
132
47
81
145
255
221
248
139
169
15
37
102
58
79
170
38
43
28
247
34
173
201
238
185
228
8
93
226
170
147
238
102
10
58
47
147
29
170
16
12
248
238
242
192
170
173
193
218
37
41
232
216
193
217
183
35
93
236
233
170
35
238
236
115
181
1
92
137
76
137
201
4
240
35
78
78
138
196
42
109
69
1
236
29
231
28
10
110
173
196
174
199
228
212
89
256
179
96
247
109
256
96
156
38
144
22
212
203
30
219
109
26
248
185
245
156
93
198
204
74
20
196
120
229
199
103
201
118
5
199
191
28
156
83
186
24
212
200
170
252
112
182
64
197
20
4
173
14
227
245
125
155
246
245
35
38
245
183
35
181
191
118
20
20
46
109
245
247
132
204
252
4
14
21
38
20
20
241
117
201
226
256
238
20
26
12
64
34
226
119
246
246
215
191
187
20
53
144
90
2
226
221
46
65
223
252
170
187
91
187
13
208
113
35
78
24
37
141
119
35
256
92
101
187
121
61
56
92
248
228
169
252
33
118
88
134
238
191
187
20
191
241
245
152
167
33
191
256
20
167
36
101
191
