146
146
87
164
146
140
146
128
61
24
186
140
17
164
251
55
140
153
170
164
209
97
211
146
75
209
97
55
97
209
61
75
61
90
97
17
251
90
91
112
205
205
205
208
11
91
75
237
139
91
76
211
55
189
123
127
54
97
205
54
211
107
179
146
180
54
209
26
205
237
64
211
151
150
29
194
29
165
177
205
165
160
126
211
140
17
107
16
182
165
122
107
22
24
51
123
177
18
29
59
164
209
140
144
29
76
219
136
221
211
122
69
87
112
88
40
205
128
214
143
50
29
98
114
222
235
198
108
189
145
21
235
211
29
140
181
29
160
241
213
172
29
18
87
29
29
7
29
104
222
29
160
98
150
222
28
29
40
186
177
182
150
97
7
28
212
256
29
177
89
150
67
118
235
186
241
150
130
212
116
239
191
164
239
55
89
239
67
239
55
7
150
29
62
135
114
29
14
18
191
47
122
162
55
164
28
179
182
162
17
97
112
206
208
55
237
84
161
206
237
164
113
18
130
235
29
229
208
220
36
14
164
36
84
80
164
113
212
150
87
67
107
192
177
36
104
162
55
244
250
138
17
194
44
164
24
87
87
142
67
194
165
8
87
205
29
172
198
165
29
87
84
87
162
252
213
243
156
165
29
240
165
47
231
164
189
222
105
14
98
182
154
182
145
40
165
36
105
109
109
189
171
181
164
11
250
67
189
156
160
62
34
82
243
208
105
172
106
226
109
29
7
205
106
74
227
209
29
46
208
123
146
87
29
10
21
164
50
14
164
184
146
67
222
250
105
14
25
14
87
84
198
74
191
123
203
165
113
123
27
236
18
13
244
35
239
226
14
177
10
25
140
217
91
26
71
227
93
14
128
172
161
172
235
250
73
18
164
184
64
145
78
113
149
105
156
143
181
36
140
236
11
35
46
75
227
139
119
109
245
182
222
128
209
171
165
115
164
7
196
146
51
112
86
176
222
225
52
74
83
209
151
4
161
75
25
236
97
113
141
143
225
67
97
252
74
128
42
156
172
51
68
209
87
181
22
141
88
236
28
75
59
121
234
9
209
208
114
183
209
253
222
83
97
126
237
140
172
237
252
189
145
122
143
28
75
234
66
253
245
220
189
253
66
217
225
26
178
152
154
244
241
238
171
61
238
68
79
177
26
140
172
143
156
222
177
164
66
145
176
83
226
245
71
227
3
182
93
46
140
190
157
36
26
71
209
118
18
164
87
75
245
28
74
242
250
146
200
253
5
36
146
6
182
139
6
172
192
25
147
200
15
254
23
242
37
177
220
28
150
217
71
61
253
11
37
184
115
211
173
87
241
154
189
44
238
147
104
219
231
104
201
196
75
129
51
44
125
239
253
254
44
206
80
65
156
136
125
102
57
97
196
180
184
193
123
230
239
98
231
190
245
165
25
206
60
113
98
239
250
5
217
44
98
253
182
73
115
122
141
145
242
7
118
114
159
112
60
143
143
141
157
46
75
139
239
159
72
78
247
211
82
105
24
104
182
154
71
209
47
211
92
218
73
209
17
227
92
181
206
206
180
73
23
159
105
236
156
75
230
123
71
161
69
33
146
238
206
28
227
108
154
139
6
174
224
182
41
244
151
146
174
75
103
72
33
83
139
69
62
255
160
245
39
66
30
226
255
236
171
92
174
206
105
9
34
102
184
94
129
227
129
91
44
239
77
82
170
215
18
171
106
226
210
92
172
191
146
172
151
53
75
9
200
177
210
88
141
49
141
106
67
200
102
152
114
245
215
225
32
53
209
70
171
239
105
174
124
174
160
226
35
64
50
245
43
132
8
215
32
112
224
18
246
106
123
137
33
17
206
192
17
82
228
118
200
126
50
17
21
17
67
106
41
99
214
113
214
33
35
190
24
105
105
157
169
4
54
106
160
71
198
79
174
18
99
17
137
224
244
251
70
113
184
200
70
171
200
72
18
88
194
184
239
74
109
228
118
37
125
152
173
234
70
128
22
156
79
251
179
177
93
241
46
94
25
60
156
145
142
184
173
21
142
37
114
247
224
18
95
73
46
192
165
4
37
224
234
200
54
109
25
118
211
227
98
124
17
225
70
165
174
86
241
173
123
184
178
206
26
204
93
253
93
188
180
86
246
170
206
93
96
188
241
151
156
70
104
19
22
200
5
150
127
33
220
220
58
74
143
72
212
89
233
188
82
125
150
22
125
236
114
24
132
222
33
156
190
20
134
224
111
118
124
88
200
219
86
184
122
156
122
109
146
224
26
151
185
193
188
185
101
167
6
150
149
241
157
224
185
20
88
123
63
188
188
58
200
116
169
176
224
122
82
200
16
8
254
57
245
145
117
120
108
22
193
171
70
141
200
157
156
151
142
70
113
22
245
247
156
68
44
171
156
188
176
132
131
1
178
228
254
182
193
28
200
116
133
92
234
188
241
152
169
82
11
215
224
254
68
117
112
136
188
176
243
176
254
254
23
224
17
182
224
160
246
188
254
255
152
82
91
193
195
135
247
84
14
91
180
193
78
224
200
162
93
152
255
17
195
227
27
132
152
151
4
193
41
137
254
224
4
188
224
2
190
176
70
207
86
25
39
156
53
254
187
14
163
191
234
62
241
42
133
9
200
224
4
158
193
124
