177
105
105
6
6
12
105
6
6
6
235
105
12
51
76
123
123
123
123
123
54
54
54
54
54
111
54
6
178
12
46
6
250
46
181
178
187
228
187
228
228
47
109
38
69
5
149
228
178
228
6
12
189
163
94
6
94
243
147
50
228
149
53
12
197
165
126
6
200
244
228
99
62
90
12
114
94
48
200
94
148
26
189
165
112
6
235
149
109
128
47
6
209
126
48
128
227
94
112
12
244
99
24
244
90
198
62
12
24
190
15
94
12
225
12
48
163
141
26
46
148
47
112
112
148
149
24
148
216
34
198
57
141
198
94
12
94
254
238
78
198
241
254
218
17
47
181
99
145
254
181
254
46
254
61
61
122
234
151
46
163
251
6
200
216
254
145
244
163
218
61
102
14
151
14
46
178
145
149
114
239
151
254
254
145
241
189
98
178
163
151
131
61
6
98
131
122
198
99
151
6
123
137
90
99
198
2
156
254
178
96
148
122
154
212
154
99
14
14
163
78
102
152
46
143
6
245
148
92
143
154
14
43
250
129
250
109
227
152
198
152
225
78
62
2
142
70
99
243
200
6
122
122
148
98
14
98
62
244
142
5
148
254
48
24
173
142
163
131
6
99
141
156
58
24
142
255
158
160
141
122
92
227
102
243
198
156
244
102
208
223
141
227
78
154
250
190
229
255
119
30
226
142
173
102
187
100
212
132
70
254
156
43
125
138
198
224
244
1
82
200
20
109
131
158
228
109
132
212
254
141
234
185
48
1
43
163
200
234
200
224
119
174
148
254
200
152
30
220
181
114
254
246
246
246
109
234
227
156
152
156
156
142
141
