151
195
195
162
195
195
151
98
18
14
51
195
98
18
195
44
187
195
187
195
31
59
123
126
143
187
87
223
108
226
47
18
165
67
67
123
199
162
84
139
21
21
67
165
226
179
165
17
156
58
123
140
166
17
20
21
98
188
130
199
194
94
162
135
231
187
185
135
35
120
253
8
140
195
123
67
185
118
126
36
47
226
130
164
98
162
108
229
140
243
108
88
71
246
31
98
24
6
246
6
176
89
22
94
46
176
120
137
187
233
84
73
233
118
166
194
118
123
121
135
16
176
118
47
9
146
176
118
135
118
233
118
231
143
176
233
118
90
98
16
21
185
20
185
123
118
5
90
81
20
94
130
191
191
162
118
179
226
191
5
107
223
20
35
9
20
243
29
29
98
98
120
130
51
98
94
176
84
20
109
94
229
51
16
174
135
69
229
137
241
83
46
239
50
46
140
202
20
62
234
35
116
120
191
156
137
20
233
83
227
244
20
60
160
120
151
100
65
231
203
162
56
152
99
96
21
94
47
6
222
203
226
174
156
98
94
233
224
120
204
89
20
91
104
147
233
121
152
52
59
187
251
137
243
203
98
104
20
5
6
47
230
121
226
237
194
254
21
127
46
152
119
113
66
202
226
194
152
164
238
60
233
247
164
96
243
102
194
201
156
194
167
132
174
147
243
119
61
127
167
210
101
21
104
64
127
162
20
96
176
36
20
191
152
134
233
201
210
113
83
17
168
20
111
164
167
95
255
98
166
233
166
166
119
120
80
20
193
137
167
134
166
233
217
99
164
152
226
28
194
175
134
229
146
176
186
210
54
157
24
149
47
174
102
87
52
81
119
88
61
191
66
254
152
200
252
76
187
252
126
203
240
94
106
174
172
196
251
153
233
238
84
20
200
111
20
110
138
191
175
157
193
174
28
221
164
167
22
80
244
54
20
172
205
122
200
94
137
195
217
233
233
121
238
36
123
17
123
134
119
96
45
120
15
152
33
15
174
129
129
88
40
73
206
107
226
252
121
101
93
101
174
191
127
159
152
94
20
233
147
158
233
119
152
206
152
202
233
233
66
233
134
142
172
229
201
88
167
58
211
143
233
20
87
141
244
200
152
154
28
141
240
153
210
107
212
183
174
194
166
198
18
238
211
200
65
96
87
233
101
115
211
51
126
68
246
225
167
99
147
59
20
118
49
98
194
94
216
38
149
66
113
217
56
139
229
119
107
90
225
245
87
216
167
125
90
15
121
129
113
68
94
8
116
135
35
156
169
152
146
198
200
196
251
138
240
119
119
156
56
160
217
174
174
200
38
16
204
185
96
200
160
119
76
167
182
19
229
201
194
45
147
152
201
234
112
167
147
68
34
252
191
199
57
64
233
241
15
83
47
167
131
52
139
61
107
11
147
152
101
200
47
201
210
152
68
233
233
167
119
172
234
20
119
9
107
152
239
167
24
119
190
216
104
149
194
197
63
89
241
118
243
8
20
139
56
120
169
123
134
41
115
167
100
147
204
135
171
174
233
98
20
68
20
164
239
252
147
63
125
243
167
37
35
224
13
201
210
119
134
167
118
121
149
119
169
156
167
107
149
247
134
27
231
200
38
119
119
28
240
229
158
18
210
199
20
96
68
20
234
152
121
129
167
244
21
118
167
118
254
147
244
119
201
174
244
41
119
104
15
119
125
254
193
17
161
107
165
170
34
64
254
93
167
200
119
167
191
156
34
6
254
156
68
35
201
182
15
43
57
202
140
210
37
152
63
156
156
20
253
167
37
182
167
167
119
138
68
20
200
156
250
229
253
52
21
126
127
63
119
163
4
153
225
200
167
210
119
134
125
36
234
182
144
200
15
141
234
169
234
240
165
155
104
166
200
232
194
141
227
120
20
43
210
239
215
21
20
13
119
68
119
151
151
119
40
68
88
173
20
20
116
156
49
110
125
159
124
156
156
157
218
119
167
181
167
157
147
233
138
227
200
120
41
119
119
116
36
140
52
119
40
255
107
108
156
122
118
156
119
92
68
15
17
126
96
119
156
54
125
200
119
15
159
245
106
156
156
144
119
228
191
224
121
224
43
84
79
96
36
167
152
156
239
141
210
219
156
24
156
105
167
167
200
68
164
116
200
233
201
200
156
200
213
5
119
200
125
175
156
156
13
125
125
104
119
65
137
141
173
125
84
202
119
127
96
109
140
224
222
119
118
119
4
149
20
55
125
156
156
4
151
190
36
16
139
119
25
156
120
108
119
210
246
156
20
104
119
158
188
169
245
54
180
125
125
156
156
91
89
167
91
125
202
254
224
152
234
163
210
115
119
193
4
125
6
198
134
89
4
200
247
157
139
186
107
6
119
92
8
229
119
52
167
212
156
104
200
167
85
104
153
84
200
107
98
125
92
180
140
20
54
36
76
174
119
113
125
195
163
92
96
241
152
43
245
237
200
20
4
156
127
152
156
210
247
167
118
52
135
119
242
156
125
156
156
156
154
21
119
10
247
202
8
194
158
156
125
4
152
20
156
76
156
92
134
125
139
15
4
246
4
199
122
173
20
182
56
254
89
93
191
153
152
52
115
156
200
247
4
119
181
156
45
159
139
119
32
153
152
4
173
148
156
175
187
73
187
32
125
139
107
247
119
198
52
200
241
155
227
45
34
4
216
200
159
156
2
93
254
68
200
4
84
234
120
125
167
200
187
175
98
119
52
84
200
129
125
234
156
68
131
38
47
131
32
59
13
52
54
131
140
12
210
201
4
250
31
200
199
136
3
35
134
152
119
67
234
234
163
156
235
234
200
139
141
234
4
179
4
207
174
229
237
153
125
20
151
4
237
200
119
125
74
152
234
38
152
156
125
148
187
119
226
4
129
20
201
26
245
84
118
167
250
217
119
24
142
4
79
119
84
156
238
4
242
29
20
119
101
167
158
195
111
54
119
156
156
238
226
156
161
250
120
174
15
81
55
119
246
234
20
4
119
6
156
156
119
26
139
234
120
152
6
220
193
241
234
156
152
200
174
36
139
119
20
49
34
20
156
83
119
52
98
36
210
193
91
163
20
200
188
197
156
119
149
152
234
91
119
52
57
18
119
156
20
148
173
118
52
234
119
4
119
254
234
156
44
255
93
120
171
152
119
4
68
119
119
193
81
234
130
191
219
156
156
193
152
19
36
99
191
193
152
197
234
10
119
20
191
156
119
66
198
156
191
156
200
6
49
125
4
147
10
130
119
163
152
254
89
113
200
234
119
4
152
156
156
94
152
36
152
125
152
119
152
10
152
217
198
152
152
254
49
125
152
125
156
125
234
152
119
152
119
57
234
