205
174
83
186
58
7
150
31
113
7
107
121
203
221
203
162
33
31
205
167
31
244
164
84
31
146
7
138
167
58
55
203
166
29
31
83
144
58
84
203
58
170
35
138
121
138
80
138
205
256
231
67
67
75
130
35
205
105
75
222
121
144
176
203
167
205
180
28
128
31
251
205
230
75
221
138
7
67
122
146
46
180
244
230
128
231
205
191
231
21
181
35
205
191
21
253
88
59
195
7
144
180
205
108
128
128
256
75
203
205
205
205
150
7
31
58
191
194
210
107
166
28
169
203
146
144
115
150
77
211
231
146
199
236
256
29
231
203
108
166
231
80
61
128
164
87
190
21
46
97
256
75
31
67
95
253
146
186
190
150
28
211
230
89
166
239
103
233
21
84
94
8
176
83
121
31
75
250
33
169
121
7
205
98
186
222
169
61
98
252
115
252
35
108
94
250
7
130
231
52
62
40
256
28
205
222
176
241
250
164
59
135
252
153
253
52
172
222
162
39
77
91
80
35
110
221
135
167
42
181
33
110
247
172
35
138
231
166
98
75
222
58
39
102
137
208
28
174
187
33
143
113
256
203
164
214
7
253
220
253
166
256
24
102
205
33
97
194
137
252
143
125
166
113
195
55
190
203
243
204
150
116
21
11
252
112
121
219
153
75
241
249
125
125
195
186
128
135
70
176
135
17
222
29
211
29
74
58
84
229
196
144
182
222
169
164
96
184
223
205
33
74
135
110
110
241
11
135
75
97
167
75
7
33
169
231
194
129
11
35
192
170
83
97
110
167
24
135
214
147
199
112
74
103
36
187
251
176
169
3
130
229
153
222
239
130
146
70
194
220
31
74
244
121
180
75
199
59
135
93
121
58
135
250
164
199
205
67
89
174
170
147
137
29
220
241
250
211
20
250
138
219
137
239
33
231
169
38
236
29
116
73
33
6
101
238
75
17
239
196
67
205
33
13
25
33
182
250
29
250
211
166
166
167
145
135
60
44
169
206
256
33
187
24
74
216
236
10
130
180
229
15
115
146
248
15
130
196
13
33
167
250
144
121
199
42
251
239
84
236
97
112
220
75
137
239
31
95
236
167
169
194
229
196
142
241
51
52
170
206
230
122
146
192
239
170
176
42
33
130
33
75
236
3
203
130
139
223
113
38
135
201
108
211
11
238
117
170
143
33
121
167
37
144
169
147
242
38
135
240
250
13
166
73
33
194
167
241
136
6
115
46
55
103
55
250
203
175
248
52
235
37
178
170
256
222
122
178
178
35
194
101
192
223
11
166
24
167
137
90
186
182
252
228
150
72
104
179
39
219
29
65
39
179
75
22
112
252
36
249
33
32
205
253
252
252
15
233
122
204
97
121
52
205
230
239
122
35
97
233
167
250
248
192
223
195
88
187
178
250
252
103
35
79
192
43
137
33
86
170
205
76
250
33
31
186
58
204
86
122
196
180
35
249
194
236
229
176
97
55
18
182
41
74
169
178
136
229
221
42
70
183
252
167
253
253
21
31
203
231
110
186
252
242
37
178
79
162
230
108
117
83
142
242
217
39
24
202
147
35
117
79
66
144
231
249
55
39
33
74
194
83
110
250
231
33
242
182
250
176
97
52
168
55
137
231
3
91
235
203
198
196
108
32
65
70
83
138
36
67
75
168
235
42
244
64
74
248
142
6
108
208
60
167
178
194
176
142
122
110
33
101
24
5
249
83
67
249
127
14
196
141
235
205
203
168
249
169
229
239
240
150
252
117
240
32
176
167
96
13
252
61
252
122
97
197
42
6
160
105
195
219
115
37
37
167
222
233
67
233
233
112
167
205
183
250
93
10
222
46
42
233
194
211
95
39
135
244
238
58
13
108
198
242
191
118
249
6
221
229
207
169
60
142
167
156
167
74
105
28
33
38
96
169
187
33
42
236
16
43
70
178
202
96
37
105
39
39
96
30
122
37
14
18
167
205
154
17
139
130
205
238
249
176
167
33
225
206
89
93
146
116
23
166
14
97
195
36
233
137
222
101
107
12
252
203
39
233
129
37
164
203
110
205
108
44
117
130
249
28
97
37
110
129
91
20
42
182
253
137
220
233
160
23
34
167
167
46
167
63
203
95
101
147
74
212
37
42
170
171
112
61
64
182
26
124
13
167
249
111
35
24
117
167
103
54
61
192
194
256
157
175
220
20
166
101
117
5
21
26
229
105
120
37
242
64
58
248
207
127
249
115
203
5
128
206
22
13
169
229
256
117
54
75
38
124
42
58
37
199
14
164
37
35
233
20
123
24
164
236
185
23
35
222
53
205
250
90
24
38
147
167
54
73
176
108
13
129
212
164
42
24
137
98
37
37
14
39
67
195
40
38
6
167
192
172
95
4
220
29
37
256
117
42
233
167
95
60
129
231
95
167
248
108
108
25
117
74
167
20
120
167
6
233
167
77
31
42
248
169
237
33
135
87
241
24
5
42
25
113
27
46
129
203
198
164
2
38
29
31
105
249
42
22
21
229
56
248
142
69
180
67
167
231
187
231
8
250
41
171
121
37
36
233
6
211
115
182
28
6
167
75
147
42
137
229
122
75
46
238
207
79
117
35
227
33
122
58
200
225
95
75
54
253
28
176
166
21
167
75
121
249
58
79
46
2
37
8
93
58
171
58
233
230
230
117
220
129
24
79
96
107
169
239
230
54
101
230
37
176
168
33
46
211
93
24
25
61
237
146
167
214
183
117
14
95
229
10
233
113
167
157
137
211
182
55
182
245
205
33
115
37
205
141
116
235
108
147
181
91
35
174
170
42
181
39
122
42
82
222
231
168
168
10
198
57
174
240
140
129
233
10
167
37
135
135
93
79
105
42
184
223
179
196
69
229
180
36
98
219
174
50
201
35
236
101
179
162
37
62
181
207
222
145
117
90
177
80
42
32
170
214
227
144
88
248
105
222
250
50
227
167
29
182
115
54
42
219
120
137
93
95
42
67
50
167
95
248
79
138
39
24
37
35
117
164
82
12
87
129
146
122
233
256
135
198
74
46
14
60
241
168
55
96
58
226
168
142
150
98
114
132
142
229
129
247
128
42
170
97
93
198
226
4
167
96
179
41
244
240
105
158
39
37
33
120
207
243
142
55
42
233
21
54
4
167
96
244
249
167
244
35
150
42
131
19
42
59
223
181
247
179
203
180
207
84
222
14
52
248
6
100
86
65
124
116
248
129
20
167
245
93
157
164
90
52
179
198
233
238
86
230
93
88
167
183
237
3
169
53
146
46
182
135
29
41
183
139
46
59
205
14
167
236
40
223
125
223
96
157
198
195
100
236
227
207
245
129
144
150
59
229
51
205
183
119
154
24
42
253
150
1
151
167
124
144
195
40
180
177
180
86
33
142
180
187
1
92
168
203
151
233
254
179
210
74
24
88
65
70
167
54
146
2
151
198
35
177
227
205
223
167
24
41
178
147
139
183
112
57
222
81
5
211
247
40
181
95
139
29
25
195
223
18
157
255
219
205
233
193
24
89
205
168
226
217
194
89
236
33
10
10
176
33
9
20
195
184
87
77
220
233
234
185
156
123
58
130
151
88
207
132
191
139
183
37
236
245
120
167
39
176
167
166
1
182
149
182
117
8
8
1
241
125
138
151
3
78
96
8
224
225
43
248
224
147
97
154
22
106
56
106
210
222
160
233
39
14
162
168
124
136
233
205
213
120
89
136
239
250
233
183
183
3
39
39
176
96
211
115
122
182
182
191
147
120
12
31
58
198
240
3
45
240
233
195
57
139
207
144
116
45
226
76
189
5
21
201
2
133
163
167
8
120
149
97
58
46
154
180
222
176
167
195
57
109
67
28
38
109
106
184
250
101
70
98
108
220
65
179
220
231
109
58
52
64
191
147
17
24
211
51
134
229
225
149
76
14
96
47
144
199
1
43
24
171
185
144
3
24
169
167
8
6
132
250
92
22
184
88
204
226
114
3
20
79
98
211
250
233
28
250
22
5
52
256
101
195
132
36
28
6
10
240
124
156
211
167
78
226
123
214
90
58
3
120
67
135
102
137
20
219
137
6
203
178
250
105
250
97
34
163
56
256
90
178
106
112
105
34
90
210
154
196
71
142
20
205
117
77
116
138
80
189
39
184
188
75
70
76
39
37
39
135
90
6
220
180
233
180
132
55
49
168
191
235
219
222
17
55
60
241
126
131
6
33
194
233
67
78
60
222
75
198
150
28
191
117
58
198
33
129
36
72
22
234
236
213
213
115
64
67
233
167
167
130
98
150
250
43
189
205
68
34
206
191
123
135
121
9
198
113
191
39
116
70
63
243
18
181
39
236
25
184
233
167
67
179
9
219
183
54
245
242
174
9
223
105
97
56
43
67
245
214
46
178
34
191
47
203
58
219
72
188
229
15
43
89
35
207
77
24
106
231
132
150
136
112
155
212
3
222
125
226
233
144
150
198
205
105
200
97
19
142
188
6
67
67
124
239
12
150
189
149
194
130
67
67
241
112
52
209
168
211
100
142
214
194
9
1
154
209
117
231
102
133
19
167
60
39
20
222
92
2
100
12
136
2
198
49
124
132
206
120
5
226
167
112
212
58
75
12
46
233
207
67
154
112
37
149
233
68
191
10
30
24
168
63
118
20
17
105
192
20
75
120
231
226
93
37
12
60
233
155
171
183
76
157
55
237
142
120
120
213
131
124
153
167
142
227
233
167
214
39
58
67
212
241
233
75
131
30
52
171
134
1
46
75
192
82
102
167
5
167
17
20
167
198
85
241
123
198
123
226
233
68
120
117
210
96
70
203
196
106
65
236
53
171
82
25
249
9
125
82
131
76
53
131
43
92
29
15
241
241
163
53
233
123
111
198
29
116
116
241
230
230
188
231
116
32
233
245
201
77
142
198
142
117
111
4
53
141
159
196
238
79
233
241
227
253
233
195
116
84
167
196
65
29
53
63
60
79
215
86
28
121
13
39
198
101
201
146
124
90
255
189
23
82
178
241
196
10
157
233
31
19
131
241
18
111
77
136
34
167
89
14
122
93
37
100
111
233
24
241
20
55
77
142
122
185
241
35
115
111
196
82
118
230
10
157
241
133
228
92
241
125
56
233
49
198
24
86
192
230
255
157
233
4
163
159
9
39
81
35
91
249
49
19
117
52
196
238
142
103
121
43
241
142
167
25
253
142
207
53
228
210
242
116
187
180
93
37
76
142
142
241
24
135
34
44
52
167
33
125
110
4
249
53
82
63
65
49
116
167
78
142
120
234
233
111
235
238
223
56
28
189
201
143
13
88
49
142
78
77
37
131
219
76
142
241
219
233
223
249
167
116
107
169
152
9
61
64
170
86
102
142
248
167
93
53
37
201
100
106
228
131
133
163
157
91
142
92
240
37
167
163
142
203
37
254
155
178
235
170
64
110
91
171
219
134
241
198
217
88
101
77
82
198
24
120
234
44
189
167
241
