191
191
95
138
203
231
122
191
205
231
98
138
138
29
250
87
183
67
67
107
135
98
135
86
145
67
145
236
98
205
121
74
194
220
138
7
7
67
61
144
89
106
248
212
61
146
97
38
91
237
129
33
135
72
183
32
169
224
164
182
101
88
86
36
4
220
33
107
244
7
67
194
192
135
169
138
62
146
51
64
205
138
138
88
250
127
31
72
74
32
239
205
107
129
40
33
186
138
138
249
14
194
225
138
240
35
33
194
67
190
20
6
138
69
59
87
119
59
222
180
211
183
58
205
14
35
109
130
190
14
164
162
10
35
123
95
182
130
67
222
154
19
19
89
239
246
67
103
40
33
253
235
225
232
5
31
90
146
74
42
250
255
240
251
105
87
135
92
62
183
97
97
65
102
256
67
138
136
194
3
196
18
238
222
144
109
62
121
222
220
10
183
7
185
254
118
119
33
75
123
229
75
240
214
75
40
59
89
170
35
207
242
203
190
236
222
208
183
254
204
16
194
249
88
81
185
208
44
75
177
103
223
17
166
2
62
96
81
119
129
59
33
7
168
222
67
52
186
254
80
199
50
219
192
190
205
225
81
244
182
62
249
36
44
95
113
67
3
230
204
243
7
208
237
183
22
150
14
95
222
114
227
235
182
132
195
13
109
55
101
151
186
236
107
195
88
169
191
114
20
244
3
76
13
159
182
249
36
157
104
50
129
90
149
195
95
235
248
88
205
249
172
37
182
254
98
40
88
60
172
67
108
60
245
71
183
150
153
146
208
249
170
235
207
116
10
88
221
182
40
113
213
42
208
221
208
210
75
75
131
5
7
241
44
100
153
30
71
68
208
40
243
244
71
176
76
256
20
88
183
17
78
33
176
231
135
21
195
151
249
114
103
75
46
30
185
162
88
132
208
40
190
17
118
160
139
146
157
157
186
104
31
131
150
60
152
125
71
194
15
167
137
9
41
214
106
149
62
201
46
37
41
131
109
11
44
194
125
138
99
41
221
41
8
71
31
146
9
116
240
101
50
24
122
109
185
48
46
113
209
184
81
135
113
252
176
55
75
17
212
97
244
41
211
208
182
41
140
134
185
140
98
67
165
56
109
194
130
194
130
114
241
226
71
30
57
195
81
58
41
121
223
113
85
71
221
46
245
176
107
28
8
104
120
71
218
221
101
35
13
221
15
254
154
254
244
117
114
40
71
71
185
138
234
77
59
88
240
9
223
44
244
113
244
61
149
205
98
81
131
19
138
69
190
62
70
21
244
221
241
27
98
7
9
235
245
237
221
104
102
71
67
194
46
27
42
167
98
153
130
179
15
26
176
7
192
190
236
100
154
19
109
194
137
211
169
113
192
103
46
176
250
76
60
33
209
190
129
100
196
236
184
116
136
57
70
169
200
180
205
114
90
100
165
58
62
65
26
221
226
116
231
42
136
187
79
113
238
176
55
98
113
27
137
70
183
113
27
250
65
254
22
98
176
163
253
170
154
211
13
107
192
190
226
234
112
252
98
169
97
219
65
24
165
26
44
142
109
97
15
136
7
100
205
60
15
79
125
244
158
71
104
41
137
33
35
131
87
137
183
61
190
234
70
77
244
30
117
2
83
149
244
194
71
183
194
131
98
135
208
116
137
137
98
21
98
121
107
185
104
32
9
17
253
30
113
94
36
185
71
243
100
221
183
252
44
11
179
117
222
113
116
45
27
116
71
136
161
42
221
41
159
137
44
56
226
154
163
242
116
56
116
137
39
146
113
226
44
70
163
4
41
71
194
65
244
114
140
194
152
137
116
2
113
177
98
212
160
93
70
137
42
64
46
2
183
161
194
129
137
113
13
255
187
137
11
182
149
77
10
244
38
116
81
254
26
226
137
135
112
98
104
5
176
148
161
100
233
34
54
244
206
137
163
87
184
116
109
46
57
113
103
70
70
134
214
30
163
244
95
185
113
137
97
232
144
149
104
137
221
116
137
27
10
248
116
57
71
104
132
113
226
187
244
49
116
67
77
221
60
235
44
191
113
113
137
79
253
30
244
166
113
137
254
100
244
116
116
226
174
190
196
137
114
244
100
77
41
190
221
2
158
15
244
247
179
237
156
216
60
122
70
113
125
4
137
116
139
113
244
253
192
91
116
116
134
149
65
17
244
44
36
134
44
153
79
114
60
21
219
156
152
95
137
70
137
60
65
137
13
244
183
237
137
169
44
116
104
70
116
142
161
244
60
60
137
159
149
158
160
104
65
196
98
101
116
183
94
219
3
33
65
144
114
244
244
79
116
113
60
140
191
249
244
113
170
96
60
66
151
194
77
158
226
140
105
129
59
159
116
187
39
118
116
213
244
44
135
70
174
51
122
235
166
116
208
244
180
244
132
244
24
159
70
170
208
71
114
144
55
237
42
44
5
158
61
219
113
79
117
253
2
116
107
254
58
219
205
180
116
2
48
100
157
142
25
205
21
223
5
12
48
137
71
233
144
113
137
252
144
244
107
77
64
113
253
229
15
207
137
159
60
185
32
196
122
157
71
201
116
114
168
204
115
98
60
151
244
98
241
39
137
2
217
244
244
136
253
7
113
24
113
191
163
196
39
116
28
113
104
229
136
37
113
187
34
33
63
57
11
137
25
104
89
151
76
184
76
114
159
214
78
137
137
236
62
60
114
159
96
190
109
57
60
234
124
79
113
80
60
27
190
137
116
169
70
116
77
89
226
11
195
137
134
65
63
116
65
91
49
50
30
254
137
156
114
207
2
77
254
204
114
196
179
226
116
116
32
116
131
113
174
49
145
181
230
256
81
136
255
26
60
244
238
204
60
101
252
168
198
70
65
115
187
200
152
255
144
190
196
100
72
25
21
11
210
91
116
137
244
137
1
137
135
113
172
226
60
70
70
94
142
25
58
98
232
25
63
11
190
28
211
25
147
137
158
52
116
101
94
77
60
199
115
160
49
60
255
213
70
152
207
32
170
134
197
135
19
119
60
187
187
254
163
231
152
139
110
117
226
187
60
19
19
144
164
28
99
116
87
134
159
109
101
91
25
113
70
137
240
137
70
91
60
137
135
117
107
181
70
190
223
144
115
70
161
244
203
2
60
120
70
52
220
117
116
91
100
137
11
244
87
134
116
256
119
25
60
241
70
30
134
101
164
116
100
91
167
117
2
10
221
26
134
60
134
47
70
36
116
104
139
100
101
107
234
94
70
113
207
170
141
255
158
134
70
101
120
47
87
219
113
191
164
69
191
207
70
70
100
90
53
101
190
123
154
241
164
33
102
70
134
137
154
132
116
99
139
70
134
30
134
137
70
60
108
60
226
60
60
164
124
49
192
33
137
114
154
212
178
137
101
99
253
116
137
93
122
108
232
198
197
43
198
100
1
57
137
170
1
70
120
230
84
154
19
134
84
117
108
96
145
192
57
139
94
197
104
59
117
185
207
33
158
106
191
116
191
185
77
193
59
145
70
191
123
43
178
38
117
48
48
