40
236
236
40
111
79
95
70
44
95
3
64
196
106
238
183
225
76
239
238
236
3
182
93
239
196
10
214
96
66
145
24
238
145
90
192
95
250
147
19
176
11
66
126
10
222
195
248
9
59
111
238
10
88
145
16
44
145
207
94
90
3
126
143
132
3
102
113
195
222
70
12
34
130
147
145
196
150
111
102
96
106
28
28
238
150
88
135
30
70
24
114
28
152
219
130
126
46
114
38
95
26
99
187
168
70
145
95
6
150
16
219
126
207
147
222
152
2
150
140
99
96
145
70
52
228
14
26
69
32
1
175
95
11
70
16
30
46
138
102
102
28
14
145
114
71
5
10
3
132
5
175
28
94
230
96
99
46
178
18
64
27
250
147
70
77
66
235
2
103
195
235
103
174
96
105
147
114
199
192
136
187
6
184
136
104
195
153
30
248
14
1
216
2
132
245
71
136
113
70
28
204
66
41
27
99
11
40
150
152
94
79
102
14
44
83
206
95
54
11
216
79
111
70
105
87
114
87
102
126
192
160
46
141
27
248
170
113
11
172
129
79
137
235
9
105
99
238
76
135
106
211
137
62
132
5
66
220
79
92
168
77
185
14
222
145
216
145
175
93
94
87
248
129
196
79
248
5
147
211
70
178
118
66
89
2
152
145
77
47
62
91
163
137
9
79
199
181
3
219
241
105
66
99
34
216
172
61
54
190
81
179
4
248
9
97
146
66
212
124
175
76
195
34
70
37
238
254
81
151
183
131
47
137
212
1
134
181
34
123
85
116
219
10
212
156
222
1
87
9
192
249
114
160
70
248
47
102
87
89
181
8
5
62
212
89
3
160
105
83
196
197
131
112
117
47
222
174
196
123
172
123
90
16
145
181
102
172
105
130
154
49
105
248
250
85
106
62
44
81
194
85
216
204
14
131
3
32
77
81
44
187
213
61
154
112
109
248
175
105
192
149
182
38
201
64
41
122
207
77
16
100
143
132
10
77
203
81
111
241
26
182
137
34
239
207
212
96
182
207
174
91
66
229
105
248
3
66
5
17
180
104
186
174
183
34
105
76
61
5
97
126
242
211
201
8
248
137
94
70
76
83
137
248
149
212
81
63
248
187
217
111
64
248
245
187
171
140
97
216
242
44
70
250
200
238
174
149
94
105
31
170
245
147
242
64
201
93
130
34
46
96
237
186
175
221
174
61
225
194
183
111
46
70
138
118
249
28
76
41
225
76
92
129
105
79
44
76
10
81
251
91
187
201
189
108
8
248
69
196
38
14
184
238
204
87
10
236
34
207
38
51
193
109
173
104
79
15
89
61
127
211
201
192
106
104
33
6
97
163
94
44
40
247
14
132
66
156
238
70
126
134
145
134
11
209
90
103
44
41
96
14
57
8
175
201
192
52
141
109
64
69
96
221
15
25
144
174
249
63
239
166
129
110
70
220
12
81
52
147
225
192
111
236
124
222
126
198
128
168
151
14
207
15
52
236
14
97
49
46
77
252
9
91
22
187
15
76
79
73
248
13
163
66
10
250
44
168
116
54
250
79
121
105
149
32
117
190
94
28
250
111
207
105
91
76
61
242
238
154
229
164
137
34
168
63
110
249
175
40
42
248
187
81
183
56
100
43
151
167
216
207
28
135
248
158
15
66
77
195
39
81
70
140
223
88
130
52
77
12
200
250
5
225
96
103
90
212
73
158
228
28
238
228
147
218
123
128
249
52
5
35
108
149
64
169
96
91
196
61
253
249
105
96
55
251
110
110
175
170
236
28
105
246
11
201
8
14
189
250
131
44
46
76
10
158
93
134
210
240
83
111
50
228
129
10
96
192
133
64
192
189
201
13
12
47
204
151
11
172
105
242
69
241
134
25
31
147
15
46
236
94
189
52
171
137
77
32
64
121
187
176
241
106
32
248
168
135
77
117
19
79
127
176
8
147
178
223
223
111
77
187
228
123
106
111
12
229
183
63
168
238
195
108
158
186
225
77
34
79
207
37
224
16
79
207
238
207
170
32
96
207
83
195
192
237
249
171
90
203
83
196
69
117
74
28
67
17
134
77
186
201
187
8
41
8
53
70
44
238
83
14
96
77
187
137
207
44
55
166
181
178
118
256
153
247
236
174
103
135
228
44
74
223
122
89
211
77
106
9
103
9
61
95
19
34
97
125
37
76
34
85
201
256
187
214
163
69
88
203
238
17
140
219
238
147
207
207
238
223
90
144
103
83
8
149
249
192
108
95
184
34
69
240
228
249
69
144
81
40
240
124
64
66
207
201
247
214
144
145
120
203
221
91
223
65
64
124
112
223
250
229
79
11
78
212
37
184
71
64
199
175
228
199
34
193
30
16
16
153
79
168
63
65
142
207
88
147
204
178
214
127
192
55
12
110
90
44
207
16
174
95
47
144
69
13
103
44
53
161
79
214
227
13
112
103
89
216
82
8
222
132
201
192
8
212
182
15
94
196
178
10
154
242
10
248
130
228
55
22
26
252
181
130
77
187
40
194
106
183
238
19
93
72
6
76
238
170
62
12
148
97
108
32
19
223
223
111
22
81
5
64
201
122
171
144
10
61
129
170
47
38
9
249
179
103
44
178
181
220
134
10
124
111
69
235
186
79
238
74
19
38
35
205
32
69
168
74
196
165
163
61
34
169
31
191
102
110
9
62
96
192
225
122
47
70
44
233
142
199
121
7
28
236
196
13
9
249
210
32
247
34
247
57
240
61
203
64
180
130
77
76
228
236
192
171
175
116
227
147
50
214
19
13
44
149
151
217
78
128
13
188
90
219
10
181
16
171
63
153
201
169
178
203
223
44
64
193
248
242
69
177
12
11
55
89
19
57
243
218
10
91
178
37
127
44
237
111
250
116
229
110
207
164
61
128
112
110
49
10
86
184
13
242
110
76
105
124
1
161
14
61
9
196
65
33
13
207
76
134
163
34
81
27
175
236
158
131
187
108
105
236
10
9
236
14
56
132
8
14
223
189
61
131
11
243
229
70
10
38
10
83
185
38
159
88
76
170
13
248
159
240
70
214
1
216
147
240
64
169
69
96
79
108
96
192
108
38
44
235
100
154
223
14
103
79
34
44
11
256
42
203
118
236
243
216
96
12
207
245
96
77
63
238
65
108
16
207
70
153
236
8
42
229
124
223
201
221
42
54
18
201
116
187
93
188
3
196
171
9
31
207
14
2
13
237
163
236
93
8
35
34
199
14
241
32
172
75
79
238
44
11
31
60
73
147
254
77
71
10
249
76
56
76
8
167
96
207
148
31
37
223
31
179
22
12
131
219
108
50
130
35
147
232
116
91
44
230
25
26
31
253
2
236
83
124
188
24
79
226
207
256
198
53
32
235
126
120
178
211
76
8
159
185
96
201
2
124
76
26
238
115
43
183
168
114
111
31
255
33
196
91
93
24
124
34
91
148
76
5
220
207
175
207
229
240
150
35
2
236
171
76
201
237
34
229
79
88
53
103
140
91
174
82
94
201
228
76
130
61
70
5
159
159
3
185
240
178
236
228
73
238
77
103
41
31
228
85
128
96
121
34
203
123
196
196
125
149
189
10
47
207
228
159
137
76
96
14
151
6
150
223
35
169
170
88
53
10
229
69
93
124
137
108
201
228
50
240
9
149
245
57
192
64
128
207
147
238
192
146
172
56
236
35
44
239
86
189
85
22
187
236
88
120
219
251
189
195
228
116
196
22
85
105
202
118
190
222
207
61
22
63
198
96
9
32
103
42
124
60
207
218
103
88
38
77
207
39
220
222
169
42
110
187
10
100
93
184
86
49
196
65
124
236
61
221
223
170
220
228
118
13
70
125
64
201
250
236
33
42
236
103
53
203
96
165
102
187
119
60
88
249
53
187
170
196
243
76
229
146
67
242
236
52
230
128
33
14
121
250
77
236
203
14
53
165
145
88
27
44
25
120
27
192
184
134
228
250
31
240
27
3
236
249
221
35
241
74
85
25
6
236
236
124
201
13
44
207
222
34
6
228
211
82
228
68
108
195
128
178
221
105
75
15
43
194
35
22
17
9
150
203
228
163
240
110
34
191
201
35
117
38
187
8
14
53
256
201
201
207
120
229
121
233
20
103
201
130
61
51
187
170
169
124
252
134
158
66
87
108
35
95
172
196
223
228
223
228
204
204
240
61
15
93
35
108
107
222
59
14
228
219
116
170
27
53
42
142
35
112
11
125
243
86
22
249
207
147
201
43
220
172
10
59
170
203
73
228
178
219
124
219
110
236
193
47
31
190
102
195
219
89
100
179
8
178
33
10
187
229
18
203
115
105
27
88
223
108
68
43
9
218
218
124
223
93
53
225
228
256
38
33
33
77
75
82
85
83
38
201
243
75
186
169
44
35
