160
146
170
160
112
152
152
152
98
126
229
175
152
126
242
175
126
140
90
90
152
126
27
152
175
196
126
212
126
106
51
256
202
27
209
51
126
90
74
126
209
31
143
153
84
90
209
126
2
88
126
74
16
74
96
74
126
240
153
81
160
81
81
54
81
16
160
81
81
119
84
239
97
253
34
126
74
239
215
74
123
123
96
251
127
74
140
126
249
74
81
96
151
153
90
140
140
153
126
90
239
239
148
36
153
81
126
113
126
34
242
110
16
51
74
200
74
140
50
123
104
152
47
177
126
41
74
66
126
218
232
153
242
18
119
165
126
90
161
126
76
165
140
239
251
239
126
81
74
140
81
104
50
153
45
126
113
153
45
140
175
234
119
251
256
221
99
16
126
74
50
127
251
140
81
126
40
40
210
160
81
81
191
242
126
74
254
113
153
197
127
7
18
81
140
34
143
6
153
96
126
153
119
119
212
140
119
69
79
81
177
184
160
251
218
106
177
104
156
126
218
140
165
218
221
81
103
225
24
36
126
34
99
143
143
102
152
84
251
7
235
208
26
81
208
221
218
126
92
175
221
225
69
81
16
153
25
220
81
52
225
177
82
126
155
81
218
221
61
153
119
92
123
239
238
123
126
229
56
232
86
250
170
155
220
52
202
40
7
81
92
99
153
218
218
20
160
251
203
102
153
105
150
153
126
155
215
191
36
244
16
201
220
236
204
62
99
229
74
94
218
62
177
3
87
110
202
153
221
51
86
253
50
45
221
204
221
69
177
87
71
251
155
120
160
74
97
99
145
123
87
97
16
177
18
81
119
54
99
221
12
202
215
202
99
52
235
218
41
126
59
225
82
87
88
41
31
99
31
165
148
175
71
165
225
84
210
220
112
218
143
42
251
71
31
84
40
62
32
90
232
71
50
221
219
56
139
71
117
27
112
175
99
88
224
230
116
97
47
153
61
225
196
204
27
97
239
236
204
99
218
133
143
239
27
31
216
218
74
239
154
218
73
66
163
140
215
221
145
20
61
52
129
202
153
193
84
27
42
16
139
203
159
16
71
242
18
88
88
64
62
140
86
208
215
220
41
249
81
55
221
20
172
101
7
91
155
229
196
55
159
62
146
200
101
232
210
170
151
86
163
23
84
153
54
210
27
72
204
110
129
239
55
99
118
52
216
114
111
18
35
29
133
74
32
239
236
155
66
126
72
221
61
151
46
205
27
203
51
242
69
73
140
29
151
81
164
52
81
52
164
69
231
159
86
164
55
204
62
45
237
155
153
69
202
24
215
7
97
211
232
138
25
109
27
29
214
31
232
159
230
55
46
27
249
113
31
115
253
51
208
52
160
230
116
234
176
25
215
125
41
139
220
99
202
148
41
62
140
111
18
73
134
81
140
237
56
34
164
239
140
88
50
27
152
89
53
202
69
176
51
208
249
99
104
231
44
136
151
27
204
224
119
232
7
197
239
55
215
97
7
155
197
73
251
50
88
164
97
163
164
216
197
197
103
165
31
125
29
214
77
237
45
251
239
237
29
137
29
219
254
26
202
99
81
235
5
148
83
82
197
239
172
18
172
115
155
251
249
251
50
140
172
29
251
221
197
23
27
42
124
96
115
161
197
197
210
99
251
56
52
29
34
219
101
83
88
62
52
99
47
194
157
57
239
237
22
157
173
213
204
107
69
197
10
157
209
52
251
213
8
251
91
18
246
16
157
73
164
166
157
72
221
197
243
251
112
164
52
99
18
239
237
163
139
25
47
53
215
157
213
72
184
232
104
210
197
148
159
215
151
44
213
202
224
72
251
197
215
197
197
208
148
55
115
160
23
29
189
224
53
191
148
96
19
151
155
232
239
20
104
169
197
99
239
213
64
157
46
256
56
163
155
256
126
164
148
96
52
148
40
45
155
72
125
153
242
15
84
232
20
163
189
232
73
101
101
29
170
159
202
159
197
232
136
197
197
134
214
136
218
86
45
197
139
155
20
18
52
215
85
48
101
210
237
202
208
202
197
214
134
213
72
48
179
197
240
191
232
214
189
101
56
197
256
29
34
179
72
51
232
214
20
193
72
197
148
23
72
197
23
197
157
134
179
202
72
119
52
202
139
232
171
47
52
45
72
213
250
215
45
23
148
208
48
197
157
210
48
23
228
214
115
42
159
210
56
215
73
54
229
248
35
164
197
72
161
108
225
184
202
202
202
107
111
218
189
164
240
72
204
72
48
197
213
139
210
252
74
72
108
18
72
19
216
199
208
151
208
170
18
119
95
72
73
202
56
210
210
72
133
219
44
210
200
184
133
72
54
148
23
88
95
72
137
188
202
208
52
56
139
45
139
213
213
202
93
86
163
215
209
215
96
197
118
53
215
225
56
157
18
157
72
188
215
230
23
192
213
116
139
112
197
197
210
99
72
72
161
72
204
92
148
72
210
24
72
255
148
234
115
16
72
239
252
42
104
149
72
197
215
26
148
213
72
139
91
23
213
134
197
157
128
148
191
252
23
197
210
151
148
213
125
115
213
220
72
72
23
72
72
151
72
204
72
157
63
72
219
114
189
234
213
148
72
23
237
215
197
72
112
25
162
108
76
197
23
202
148
193
139
157
202
91
56
192
139
82
159
202
45
71
72
232
18
139
72
178
110
232
232
20
210
72
161
56
233
56
20
58
72
213
12
157
162
197
48
69
232
73
72
23
157
9
157
72
18
157
157
171
213
52
215
210
45
112
152
71
161
213
91
72
12
56
72
23
72
133
170
161
210
212
178
42
72
26
157
53
72
163
197
148
224
103
192
157
57
116
72
72
72
202
56
42
72
152
157
45
134
56
148
189
104
161
23
48
159
52
116
224
232
193
57
219
26
149
161
72
149
72
210
56
202
82
210
56
26
72
56
44
20
161
48
18
133
136
210
48
27
72
48
72
4
72
197
133
218
176
161
254
184
23
72
237
63
215
163
161
120
72
72
178
26
163
66
72
48
136
74
204
197
163
87
193
72
237
56
72
91
25
45
72
197
72
79
230
72
23
72
23
159
213
72
115
72
197
72
72
72
197
72
72
73
149
133
20
86
228
45
72
149
215
44
9
57
72
210
174
104
189
45
139
215
115
161
190
72
210
159
72
202
163
210
197
72
193
12
72
39
155
216
214
159
230
163
15
221
178
75
139
189
52
213
193
72
115
26
197
26
193
197
124
155
197
210
57
158
186
157
189
159
161
107
155
72
213
214
72
215
216
170
12
39
214
197
72
72
213
72
26
77
91
210
125
189
49
197
12
189
120
56
155
197
155
72
161
161
255
56
72
94
48
134
215
147
197
45
255
72
26
77
112
133
82
72
84
232
56
56
155
163
161
140
72
116
48
38
48
69
26
91
120
48
76
159
139
72
210
161
72
161
213
163
12
139
163
48
52
155
159
163
72
202
197
157
139
161
161
48
197
133
218
76
45
186
23
214
72
213
148
161
48
45
72
82
190
148
192
86
161
57
249
255
133
163
48
193
91
48
213
193
213
214
115
120
197
221
91
48
56
214
99
159
104
86
213
210
99
197
134
197
133
197
213
45
161
12
82
189
161
159
12
214
197
82
57
57
52
189
82
163
159
72
161
214
82
115
197
249
102
163
20
64
72
157
210
72
23
213
157
120
72
157
214
213
26
202
82
163
197
216
149
189
139
252
232
82
197
197
163
232
106
232
213
232
213
48
45
45
163
48
213
72
163
197
197
232
149
48
148
163
56
163
23
