128
87
75
203
205
75
31
84
80
84
80
230
166
97
166
31
84
203
166
66
230
66
80
29
97
84
162
75
97
174
7
128
147
128
147
84
144
231
162
75
220
184
104
162
143
31
230
208
95
147
241
220
50
27
17
231
29
244
29
41
128
244
27
7
36
160
75
146
221
143
128
17
194
97
123
29
80
203
164
113
36
123
58
244
241
123
17
52
123
84
230
215
220
205
36
160
94
41
194
143
52
226
7
172
31
98
123
128
162
17
147
123
162
94
208
244
194
105
164
146
27
250
174
168
31
231
36
205
71
7
110
27
160
17
89
143
110
123
245
205
41
87
52
151
11
146
62
253
31
17
17
71
209
123
17
95
58
194
3
208
123
165
143
249
55
129
249
220
29
160
27
91
244
27
167
153
212
55
29
36
87
27
205
128
162
150
231
83
71
3
209
212
55
176
90
205
65
94
203
209
80
102
95
165
36
15
98
146
208
105
151
32
129
248
206
251
228
172
150
90
150
105
160
15
98
41
165
168
67
52
172
4
160
208
151
172
31
71
80
126
206
50
7
98
27
194
29
71
168
212
208
25
157
19
17
190
55
31
31
25
88
128
7
237
105
101
59
251
84
89
161
31
41
28
194
128
80
212
219
162
124
139
71
160
71
127
88
168
105
9
55
36
147
184
146
172
172
184
229
50
66
123
160
13
73
7
252
222
212
88
18
230
41
94
81
66
171
90
17
230
184
146
27
104
27
138
27
230
133
247
172
66
84
105
247
17
36
217
184
221
71
213
138
7
138
172
7
226
164
17
253
25
78
123
221
27
4
92
29
73
237
7
160
208
54
31
72
221
239
172
73
235
226
221
168
204
27
249
27
110
245
243
54
71
172
25
129
159
41
168
29
194
183
249
196
5
98
155
15
226
235
40
164
235
205
166
221
77
215
86
97
73
133
245
49
216
102
249
105
242
161
83
207
81
230
73
207
157
216
41
138
176
25
197
202
105
15
135
200
155
26
183
176
91
248
231
248
231
73
234
143
197
101
163
236
52
66
15
122
104
197
215
221
25
235
67
237
248
22
157
138
84
111
249
96
209
203
67
136
194
252
55
26
221
15
231
74
169
84
105
230
73
202
17
215
143
252
155
115
73
204
115
253
143
225
234
146
174
25
73
87
25
98
243
105
115
21
248
75
224
248
152
252
85
111
136
24
135
106
161
17
36
162
160
52
118
64
91
138
25
235
103
231
191
235
249
84
66
115
26
183
110
158
80
182
189
116
163
57
76
135
152
208
64
95
189
178
85
240
132
189
105
17
110
105
47
149
17
253
240
217
204
62
12
139
29
24
18
243
249
18
176
119
63
145
172
136
190
236
145
230
143
49
150
127
230
123
23
38
27
105
168
235
217
141
204
5
21
228
132
236
127
62
149
134
73
26
218
217
98
17
218
11
10
95
13
103
255
26
204
82
157
18
252
73
248
106
64
216
69
222
15
159
170
231
19
190
110
219
158
86
228
117
3
218
116
253
164
136
115
229
217
116
158
94
134
89
13
105
238
160
123
151
87
245
73
28
35
104
201
15
193
202
76
163
207
154
167
136
220
59
249
10
141
13
240
232
157
82
110
85
87
164
161
19
104
85
232
45
3
42
178
55
145
42
201
117
250
249
189
66
158
216
53
202
139
211
190
158
72
72
57
76
12
41
189
19
216
49
110
139
13
172
252
57
217
180
112
219
236
189
171
180
248
193
25
110
219
247
238
134
70
54
54
215
85
215
247
77
124
186
255
169
250
25
142
122
139
191
29
158
42
57
87
219
247
87
210
164
66
247
158
87
180
104
13
29
247
182
196
152
10
134
110
164
88
114
189
82
6
105
85
64
227
194
158
127
230
93
6
248
170
220
220
15
13
170
48
197
255
248
85
134
158
161
133
66
11
27
133
192
171
65
231
158
133
57
131
122
102
110
219
248
145
165
52
56
47
104
218
102
180
213
139
160
243
241
22
134
146
56
23
198
85
231
113
98
231
217
110
189
229
170
29
139
247
69
144
101
215
229
98
77
158
26
74
222
87
145
125
163
240
52
65
34
231
89
118
244
157
252
205
133
215
163
152
252
158
240
155
247
233
200
62
210
145
115
73
158
134
252
175
76
164
115
42
255
92
214
180
190
52
62
158
198
133
213
16
85
239
161
110
240
180
186
71
222
179
197
52
50
213
116
252
241
161
223
231
112
12
71
234
10
110
222
65
142
164
162
164
159
206
116
255
110
242
213
16
12
134
115
99
163
249
200
134
247
119
136
198
241
252
249
56
55
57
216
180
99
48
216
158
240
19
139
122
26
110
163
172
223
34
139
167
193
163
179
246
87
139
167
89
134
57
139
233
161
68
105
120
58
197
110
254
158
5
249
234
32
23
157
43
255
155
