59
166
58
7
59
252
7
231
98
166
7
98
205
98
203
29
59
121
179
179
203
243
92
31
92
231
46
191
46
46
46
65
58
108
21
46
203
98
205
169
191
191
244
166
166
166
166
244
205
101
125
58
191
29
125
206
88
244
203
236
108
122
81
190
50
167
185
244
24
74
202
96
75
88
166
104
167
191
244
24
252
202
61
104
125
24
31
166
244
55
167
252
250
20
91
249
42
46
194
229
240
174
128
42
229
125
125
250
137
92
250
113
166
190
180
233
20
35
24
65
205
202
81
71
234
137
4
244
190
171
244
20
125
154
144
58
65
136
104
125
125
174
125
91
137
240
190
125
167
24
248
105
125
191
125
27
125
125
231
133
179
125
4
95
71
58
133
205
256
55
17
180
4
125
61
205
108
233
71
125
71
191
168
74
4
125
167
71
27
98
27
93
174
125
29
125
125
58
5
205
137
138
227
46
31
151
24
52
246
18
20
125
35
69
164
184
252
42
110
4
75
134
125
125
233
125
107
125
246
191
52
98
125
233
52
142
29
52
180
29
179
142
119
125
67
233
205
20
251
179
20
167
243
101
233
150
154
194
246
229
246
80
254
125
96
237
89
230
139
239
107
223
60
152
151
233
121
75
29
128
205
234
166
240
136
135
63
29
167
237
65
119
243
119
151
128
171
4
169
90
20
103
225
55
51
29
169
67
202
88
233
139
154
233
150
194
237
136
229
125
244
191
52
52
251
42
139
223
169
205
176
154
10
91
223
256
150
229
98
136
139
93
91
20
24
251
164
121
242
75
205
64
228
42
229
67
233
125
182
119
154
210
236
256
204
67
107
101
74
119
239
4
125
101
234
119
107
256
4
223
236
117
252
20
236
221
139
32
185
38
67
152
125
46
102
110
159
125
203
211
20
173
171
67
246
187
75
167
46
103
93
240
239
182
191
222
10
135
125
36
252
77
185
210
179
121
239
25
101
95
83
179
29
250
20
121
100
102
169
223
203
210
233
194
210
89
194
170
140
100
36
194
240
230
33
125
13
93
107
135
35
225
251
167
125
97
110
67
93
125
204
144
135
46
138
139
187
179
95
151
18
164
29
256
108
191
165
59
153
194
210
187
20
24
125
58
72
242
21
84
88
239
251
191
196
93
123
246
164
151
229
27
60
179
199
162
212
144
140
198
146
125
125
139
96
191
144
108
1
108
24
252
50
38
251
10
7
179
25
58
246
67
83
20
50
65
81
59
24
191
47
136
235
119
229
222
223
246
67
1
203
211
246
154
185
21
144
170
194
220
20
107
6
154
237
191
125
166
93
20
210
225
59
51
136
140
236
119
49
185
250
42
179
176
246
125
188
229
20
107
204
125
10
104
222
67
243
67
29
24
101
171
236
233
107
205
151
225
256
20
110
176
121
139
94
64
6
237
128
153
151
231
237
190
256
252
169
20
93
140
68
210
24
72
170
61
20
2
140
144
51
47
240
165
256
167
223
231
210
36
20
171
89
182
4
240
178
52
179
139
181
239
1
54
180
89
173
144
20
183
58
195
10
201
33
47
206
73
24
251
191
222
57
215
36
18
65
190
125
28
240
248
18
127
140
193
27
124
256
179
146
70
70
206
248
20
199
50
177
179
205
125
3
20
202
65
166
125
231
1
60
252
11
176
252
34
184
7
239
214
256
244
144
233
139
1
170
212
107
125
210
191
182
59
93
246
96
252
3
239
186
186
74
179
231
140
168
110
81
154
8
206
93
246
244
6
96
110
16
196
154
139
18
140
252
95
169
198
246
222
229
119
47
28
101
151
69
31
140
195
122
20
168
140
75
16
145
119
20
164
73
145
179
200
32
167
141
200
113
121
21
116
221
139
107
251
34
98
9
144
225
182
205
198
222
113
202
119
4
198
107
170
112
170
215
4
39
87
210
29
242
180
24
147
28
204
97
179
210
210
179
186
191
223
252
153
168
108
108
115
191
132
62
158
18
193
139
13
187
20
1
34
116
61
203
39
80
140
250
29
191
28
75
63
20
246
4
62
246
83
145
246
3
19
96
28
173
253
89
93
217
65
193
248
191
39
108
169
3
4
252
231
170
71
65
92
210
119
142
215
19
191
239
36
178
28
206
183
178
244
95
119
16
246
119
233
14
65
242
140
49
236
196
147
195
139
63
248
4
147
20
246
101
119
240
125
25
153
178
139
185
195
60
129
96
20
95
219
65
136
146
5
117
103
236
193
60
4
147
252
251
63
224
152
181
139
246
246
75
4
118
73
153
227
136
19
191
67
107
125
185
103
66
235
3
199
52
65
74
53
16
234
38
240
21
26
236
206
206
215
139
117
191
53
168
119
125
59
239
58
60
140
89
158
252
39
182
215
193
42
15
128
184
123
145
78
61
211
203
20
15
237
237
199
231
237
182
119
108
53
114
211
24
135
142
1
168
201
140
173
179
16
153
222
211
74
19
20
181
35
89
254
101
168
65
164
24
193
168
144
100
78
185
144
185
110
222
103
40
37
195
151
167
246
121
83
65
222
246
185
140
135
256
223
67
66
64
236
65
252
65
47
222
139
84
22
77
22
180
31
174
185
210
123
171
25
113
116
27
20
77
125
129
34
185
71
138
28
246
219
219
244
24
256
109
114
177
107
183
42
95
168
202
183
129
240
152
93
125
89
65
172
95
182
253
20
222
223
185
58
240
236
166
78
87
171
119
19
4
113
77
32
136
177
24
54
210
35
127
169
42
31
222
119
38
248
240
132
119
144
191
203
5
1
15
24
144
121
239
222
173
152
125
9
29
127
60
20
191
236
121
144
27
167
241
211
78
233
19
253
4
169
182
250
128
137
147
64
65
223
42
102
20
242
223
211
138
5
182
139
150
252
243
249
93
27
6
169
194
162
193
179
134
95
78
89
233
122
135
88
15
175
147
20
65
252
171
141
250
47
246
233
244
173
89
36
238
169
230
19
51
183
234
135
171
64
25
254
24
225
144
167
132
89
78
135
75
117
122
234
152
236
185
101
210
224
114
21
241
236
95
244
158
103
242
65
20
144
185
104
140
238
182
236
238
140
233
169
184
81
119
250
42
108
39
244
234
109
177
4
37
72
95
37
249
196
201
171
89
173
89
246
31
34
173
201
25
187
162
5
65
135
194
5
24
187
76
1
139
102
247
185
42
72
42
125
121
32
42
236
222
89
203
147
180
193
109
42
76
183
68
222
24
101
75
122
93
191
4
224
144
53
78
121
128
125
164
250
167
20
166
4
233
89
95
238
250
63
249
33
29
198
152
229
46
84
178
100
93
19
74
65
178
97
114
31
57
128
53
248
210
5
241
122
36
77
169
57
65
188
252
89
24
37
222
93
160
122
151
200
90
206
141
251
236
125
137
27
185
24
251
230
241
237
253
251
147
20
121
151
183
212
236
116
230
214
236
188
122
108
4
173
4
225
77
239
19
250
255
92
180
103
140
102
4
8
233
145
233
20
20
95
246
158
182
121
139
183
125
20
173
20
129
233
185
27
78
103
182
42
167
224
139
64
22
88
122
37
230
119
198
140
140
117
243
39
20
200
203
192
107
79
118
246
236
182
241
121
118
95
125
140
183
244
182
222
236
33
20
177
194
88
47
252
37
147
78
199
256
244
173
198
236
42
186
19
173
78
6
110
191
144
139
125
246
224
65
153
105
252
167
25
19
109
20
250
240
193
20
224
209
240
24
73
20
107
178
252
65
4
224
109
173
246
89
109
97
24
238
39
152
19
230
173
119
227
49
72
19
156
152
153
108
105
24
20
173
139
164
39
122
210
53
24
196
118
240
105
231
193
14
125
56
173
55
219
160
173
196
24
4
239
88
238
38
4
76
112
122
109
151
190
34
4
173
89
179
225
173
154
144
55
102
20
95
78
130
240
60
4
240
167
173
171
78
199
83
73
109
142
136
238
60
236
19
4
122
178
240
240
191
159
122
167
125
1
243
78
168
19
19
1
122
78
173
109
244
22
20
173
154
4
193
154
250
154
20
4
4
35
240
246
173
243
63
124
252
35
20
20
246
239
109
137
109
193
42
125
42
191
10
78
255
24
