55
10
47
253
250
10
180
206
253
155
180
10
130
168
67
107
55
55
205
155
41
229
241
40
236
241
196
231
229
130
205
196
40
18
241
78
203
59
256
80
55
164
122
194
70
205
186
244
194
185
65
229
211
164
206
59
59
59
201
164
151
231
86
166
17
164
203
166
164
7
162
40
239
231
144
10
71
231
205
118
229
135
230
205
128
151
135
20
151
92
88
42
136
25
11
75
84
231
75
121
194
20
59
240
66
237
164
25
192
164
87
201
184
196
182
182
89
80
164
95
231
75
243
231
144
89
40
233
187
194
88
75
233
168
89
231
87
108
41
144
31
206
93
67
88
205
164
184
65
244
240
166
231
20
171
194
209
145
169
206
35
146
40
169
170
24
141
151
212
169
24
110
231
205
243
239
88
241
194
71
41
157
21
20
59
239
147
50
219
89
5
97
58
194
182
220
205
241
59
251
249
223
121
142
78
37
225
37
89
65
243
241
102
102
32
135
28
230
16
118
169
47
248
21
147
239
37
240
19
237
108
93
102
231
55
225
62
165
238
125
108
147
175
59
144
8
89
160
187
225
147
199
241
89
62
147
187
93
237
241
71
249
221
100
34
166
74
198
237
142
47
147
10
50
109
128
241
231
239
108
37
190
203
205
58
75
201
30
147
6
233
185
170
210
252
204
223
6
90
83
241
180
109
50
256
125
21
245
6
219
151
183
51
198
140
198
206
80
138
183
133
8
206
121
217
175
136
229
183
195
108
252
135
205
15
237
205
107
8
249
198
151
233
125
206
219
105
115
138
58
41
50
127
183
183
200
145
65
10
183
249
89
8
218
84
175
128
89
192
42
3
22
95
181
141
196
91
158
229
217
135
238
205
93
191
205
129
160
199
248
187
155
252
214
110
142
89
192
180
37
137
187
183
140
14
214
236
209
183
195
34
196
84
128
178
37
205
198
24
43
127
8
46
4
205
35
25
245
28
206
93
203
245
1
153
223
233
29
1
75
183
40
198
37
96
222
96
109
109
234
79
11
21
252
172
130
14
17
1
113
108
156
249
40
198
152
50
1
115
117
105
234
241
121
65
108
181
125
60
11
183
65
183
97
229
222
84
36
49
109
3
41
190
77
1
47
126
22
236
41
11
78
108
3
222
41
20
96
84
38
106
2
101
90
167
236
187
28
171
81
166
230
181
242
130
105
243
1
167
55
222
86
2
199
229
147
136
194
72
16
190
230
175
65
209
6
252
177
50
89
44
195
5
106
167
256
5
223
35
115
108
80
84
162
108
2
14
182
199
219
202
31
199
171
115
211
181
149
62
201
142
26
168
45
181
66
227
192
131
76
253
48
241
66
113
222
242
249
14
197
31
16
175
115
40
82
142
249
122
142
132
235
102
194
200
1
245
5
213
181
213
102
144
182
250
172
105
4
115
233
205
142
96
6
56
196
5
114
36
221
192
236
62
14
113
219
253
114
75
48
14
16
94
131
11
249
115
220
14
195
34
114
6
172
57
241
47
24
48
245
11
131
201
142
141
227
183
156
245
219
115
31
11
176
160
111
241
255
1
29
56
182
172
125
45
243
101
158
241
2
79
101
156
253
205
48
109
53
24
115
115
14
192
65
189
37
131
142
160
200
193
149
41
94
158
45
147
149
90
116
214
94
197
193
231
239
64
14
249
101
132
161
159
66
157
157
24
48
92
12
2
200
56
145
142
4
115
144
57
61
2
115
115
132
15
62
240
178
86
256
223
145
200
227
190
30
198
237
101
61
46
115
116
30
2
250
159
159
200
77
77
66
20
30
2
3
161
198
25
235
86
2
45
65
163
163
182
15
172
65
200
201
172
2
2
119
49
109
215
156
237
35
180
2
66
207
2
102
21
2
188
86
44
240
45
39
248
12
235
156
139
23
200
89
77
241
115
217
21
253
109
215
77
77
235
102
219
159
249
106
20
50
137
248
164
70
44
132
142
109
77
122
116
133
3
139
45
163
11
30
156
28
30
159
169
102
253
217
83
217
188
227
200
30
45
82
78
256
240
132
30
150
200
119
65
22
254
241
46
163
142
2
194
109
122
163
180
203
256
85
238
96
253
77
206
89
2
163
234
30
136
142
163
194
22
42
189
30
233
2
34
163
207
200
218
157
215
30
34
187
248
235
44
1
43
192
30
6
142
35
2
77
8
254
196
109
157
163
44
124
23
242
249
241
241
237
252
163
248
104
89
101
6
214
142
146
30
2
106
73
2
33
252
172
163
43
76
133
237
44
101
256
159
32
8
132
205
20
173
96
217
237
26
214
62
115
11
2
2
64
254
142
133
245
101
158
141
226
254
32
216
248
226
142
38
227
77
169
133
23
139
159
17
218
77
245
200
142
163
237
230
217
23
190
38
178
157
234
254
237
178
44
142
104
190
77
252
207
200
163
48
169
218
218
13
104
141
23
200
137
217
227
254
44
115
141
245
89
50
64
185
124
129
147
124
144
96
187
135
70
163
144
217
185
142
44
180
64
6
157
14
13
104
256
44
43
203
146
30
50
94
189
217
118
105
51
93
38
2
252
174
20
216
134
159
142
216
205
2
132
217
142
163
121
87
26
2
200
157
133
159
236
207
130
201
137
178
254
38
236
233
163
86
163
38
89
50
200
33
119
133
45
217
248
155
134
241
224
24
43
110
207
56
142
44
133
62
178
163
161
120
217
147
159
8
133
33
163
137
78
169
133
190
224
126
77
228
236
254
56
109
238
200
163
42
96
31
163
163
132
126
192
5
20
77
244
132
220
20
238
234
133
44
216
158
124
218
126
149
35
174
103
155
22
21
43
159
252
101
254
227
134
110
23
57
241
133
166
141
161
219
22
35
254
163
104
96
2
163
134
91
110
169
236
43
76
44
52
12
141
200
248
47
241
227
256
178
158
158
217
23
158
241
56
30
133
237
30
2
142
148
30
104
1
92
28
77
8
142
151
30
33
137
20
5
178
170
157
30
221
179
23
132
155
44
22
217
103
233
238
132
248
139
1
203
6
188
225
249
201
89
233
247
116
42
134
248
194
163
45
91
233
254
201
217
248
213
138
56
252
108
108
75
96
31
30
158
196
238
167
207
86
30
101
254
185
159
254
221
30
255
34
45
180
38
34
82
145
159
116
214
70
126
104
88
142
52
158
195
132
49
124
169
133
133
252
232
145
96
133
169
195
26
108
254
248
35
202
88
142
121
124
134
183
190
85
178
229
254
103
27
203
254
156
252
124
73
163
169
224
192
230
34
220
145
159
250
201
250
207
237
107
38
248
101
57
23
30
252
214
156
110
248
145
249
254
77
241
201
255
236
44
56
94
169
229
21
201
252
232
64
252
110
140
108
254
139
116
35
46
169
247
201
236
190
2
201
79
169
48
10
2
110
163
192
140
103
191
254
64
256
57
223
163
255
133
110
103
163
248
116
248
26
210
22
221
227
5
145
8
102
248
76
256
248
156
163
108
69
238
228
163
22
233
226
233
170
201
238
169
256
25
34
35
110
103
170
105
140
35
139
137
163
39
44
152
169
179
34
230
167
133
124
222
122
228
228
241
152
242
