87
29
244
106
83
203
162
253
29
162
205
74
190
194
136
249
93
103
115
89
29
205
29
97
26
170
174
74
164
240
29
231
93
89
206
203
214
177
252
174
31
174
13
10
205
119
31
206
205
97
252
93
97
194
11
240
74
58
83
179
222
75
186
190
198
164
252
199
144
195
194
119
74
252
29
93
26
29
62
95
46
74
183
33
42
174
194
170
233
177
69
31
170
44
55
26
13
112
179
164
103
74
204
95
244
112
253
65
55
51
169
31
222
169
250
95
221
203
164
164
172
174
74
31
236
188
97
164
250
240
160
230
190
81
74
63
211
75
146
174
250
8
242
252
91
115
91
13
165
29
63
138
150
89
35
190
51
146
22
250
190
74
74
87
29
11
128
186
202
110
25
176
48
238
209
75
209
176
115
54
151
205
250
116
202
164
26
256
95
145
222
75
195
29
205
91
48
89
52
151
239
108
205
162
214
115
138
38
26
220
110
33
52
3
170
237
35
179
25
112
8
13
94
211
64
184
31
228
242
19
199
246
73
89
145
252
170
177
139
112
103
233
251
242
91
236
97
97
16
42
122
115
95
95
214
70
63
112
237
29
31
65
244
186
89
252
73
180
108
248
105
252
76
203
219
84
59
223
170
52
55
101
83
237
26
221
231
74
83
81
65
235
101
243
83
189
95
67
159
117
26
86
242
32
83
87
176
66
137
88
103
164
39
182
26
103
49
103
248
38
242
219
236
33
176
116
230
170
35
170
27
94
211
151
128
26
180
26
248
87
214
256
256
86
94
59
222
237
101
215
238
63
87
87
74
231
19
253
14
110
10
29
55
252
29
189
55
236
97
147
247
211
64
25
103
231
30
150
110
113
25
166
38
203
26
170
240
239
190
75
219
94
123
196
248
51
250
216
42
91
255
29
236
39
8
145
190
252
253
32
89
166
145
80
230
209
91
235
110
94
14
31
211
236
248
3
22
52
106
242
196
170
52
103
230
89
238
83
59
179
153
26
194
249
83
179
104
253
184
10
50
146
108
220
238
223
235
128
29
110
71
103
11
235
237
40
240
3
183
69
127
221
139
89
203
110
64
63
128
61
71
24
243
48
244
52
183
252
135
129
17
50
13
181
83
211
83
222
114
83
110
240
220
94
17
81
42
183
83
91
164
31
115
127
25
220
98
105
211
214
73
89
74
40
55
101
240
235
164
240
8
29
240
177
91
61
231
253
174
106
41
243
170
169
25
102
70
95
105
14
248
230
95
77
32
88
83
76
63
175
250
32
65
38
5
81
28
64
91
238
21
64
28
22
183
71
91
170
59
32
115
104
65
91
114
204
143
137
33
5
146
240
256
116
103
73
108
70
196
223
162
8
183
170
147
199
75
104
164
32
162
91
249
190
86
153
138
27
104
252
6
128
27
19
109
140
169
154
221
25
252
27
39
26
63
153
217
175
145
110
101
243
192
98
13
221
151
228
101
34
108
31
55
50
144
70
249
170
69
204
96
135
14
169
248
145
81
190
114
64
115
150
151
91
236
226
237
44
108
170
105
91
76
146
183
252
14
147
63
29
256
183
170
109
105
243
124
110
91
64
80
135
34
225
170
151
35
65
201
105
139
196
42
105
215
94
210
252
192
114
201
175
96
219
243
13
164
8
67
153
149
69
201
96
211
144
222
140
27
211
97
199
144
137
238
196
33
121
64
151
106
91
243
174
190
128
170
25
126
61
183
164
243
134
227
149
184
87
249
221
153
170
145
130
214
34
105
128
16
67
236
177
108
250
243
222
32
36
64
29
248
5
138
150
214
65
97
196
29
34
130
77
210
139
112
166
40
248
183
219
76
214
194
34
252
240
63
240
114
220
69
223
87
116
146
238
59
182
52
158
189
190
106
243
138
14
253
228
190
179
183
94
168
39
150
102
136
22
180
190
94
144
248
160
237
96
90
250
184
184
36
190
240
114
65
35
166
221
223
182
244
64
58
218
103
250
128
164
236
29
128
240
178
177
83
171
75
35
61
158
168
228
248
83
105
222
221
10
216
164
80
63
87
240
116
237
88
75
245
170
81
36
136
26
88
153
34
229
29
89
189
210
183
18
61
115
26
10
129
190
78
52
145
190
166
6
12
109
237
184
25
126
237
145
208
223
3
69
216
169
237
190
11
75
11
38
179
183
140
80
181
13
50
240
22
228
223
94
94
61
134
108
205
101
138
137
235
165
64
137
77
223
157
137
102
178
92
115
44
8
205
108
111
219
194
62
237
92
36
106
48
81
137
108
252
34
199
137
178
145
250
140
178
14
237
123
28
52
219
24
10
96
147
217
223
74
190
165
174
182
154
13
138
195
145
61
138
149
77
67
160
221
184
150
162
252
216
169
196
116
10
122
199
139
134
69
190
176
236
145
10
153
185
64
99
75
160
89
8
52
134
126
237
216
238
65
62
123
76
190
135
25
242
190
143
205
11
64
69
223
182
187
33
101
64
80
134
159
205
207
145
137
76
13
75
236
240
121
162
111
174
180
194
139
69
141
146
13
227
80
236
92
221
104
204
15
50
165
99
135
67
109
59
22
112
201
108
87
83
42
250
128
116
104
62
169
247
139
15
239
27
190
75
154
76
253
180
223
110
203
170
98
190
138
236
243
236
108
216
256
99
190
236
108
143
185
129
129
221
237
156
138
182
236
18
165
137
83
103
252
25
145
25
55
249
123
248
253
117
216
129
174
57
14
67
190
248
108
236
143
90
251
166
97
39
149
79
10
190
138
52
140
137
97
90
26
189
181
166
196
115
219
190
236
204
34
198
136
116
49
236
108
242
139
233
203
190
31
140
39
243
186
116
116
113
58
75
75
10
11
131
102
140
144
102
103
11
155
83
75
242
86
153
231
89
203
203
144
67
128
236
59
120
4
126
154
80
128
14
170
96
108
145
94
25
64
19
69
115
237
144
149
145
131
154
145
145
8
20
90
240
127
218
94
205
195
116
243
108
75
26
201
5
112
10
194
61
148
20
79
95
19
29
100
70
75
243
14
256
108
173
156
166
164
84
9
147
193
193
136
29
216
34
206
9
120
248
181
162
176
25
227
243
25
39
145
25
199
140
116
55
170
256
140
84
251
77
208
61
228
73
125
90
251
117
140
20
140
233
236
242
170
13
162
29
198
131
215
18
108
18
252
29
83
50
39
236
153
122
105
47
248
134
221
29
154
181
118
31
36
221
91
18
173
243
203
51
190
144
132
122
97
105
245
237
208
251
170
248
166
126
77
48
162
56
119
92
9
84
47
20
220
116
103
208
206
52
72
191
221
208
81
253
58
49
221
118
208
170
83
146
84
56
176
256
206
18
99
147
198
56
169
20
29
25
242
50
97
48
59
174
119
174
231
207
231
162
40
47
256
170
143
228
164
122
170
214
176
55
174
174
162
86
167
59
256
123
91
199
216
119
18
20
52
210
171
143
38
121
106
194
248
221
186
58
9
84
11
87
72
253
146
206
75
80
120
125
222
230
52
112
190
67
132
211
194
107
128
9
67
12
86
31
244
67
253
166
18
86
61
143
208
203
134
104
58
40
77
86
107
131
18
169
176
126
231
231
39
194
80
67
91
162
156
61
18
22
162
186
197
25
133
43
115
52
191
66
213
17
190
44
144
172
20
210
191
256
27
117
44
107
7
190
157
54
162
18
244
191
160
113
9
21
67
223
191
211
157
61
20
164
255
58
21
77
206
186
67
85
42
120
129
199
4
240
164
7
148
56
25
56
148
45
125
115
134
143
73
28
125
207
188
110
44
202
186
162
56
67
163
202
125
162
211
72
59
212
97
247
44
67
45
154
171
23
4
251
235
112
241
20
139
251
112
63
171
115
107
203
42
99
80
146
124
148
153
10
214
191
251
115
56
154
214
89
42
139
251
231
124
77
11
110
9
231
28
42
231
163
115
115
44
190
189
171
52
4
82
52
125
186
125
253
21
55
98
63
86
59
255
232
107
186
256
110
216
190
223
206
84
44
106
19
215
235
140
128
256
106
74
206
56
110
73
184
204
133
199
237
211
139
255
231
97
242
80
74
250
206
10
159
144
61
178
191
215
89
32
59
188
190
124
12
18
52
82
133
64
106
26
51
25
154
26
64
17
72
234
137
23
157
91
26
44
23
195
191
249
120
171
22
25
191
223
234
231
125
44
74
52
113
157
170
251
115
17
199
42
231
120
194
112
28
13
121
42
185
251
82
186
135
55
115
113
85
21
36
142
110
163
124
84
231
218
168
18
124
88
214
256
73
237
52
173
176
159
129
206
194
124
232
74
190
42
152
153
232
204
186
162
120
4
147
152
89
159
149
256
26
196
153
52
86
42
58
251
236
19
24
202
26
52
231
125
73
231
172
92
124
25
172
67
199
163
8
199
125
240
169
204
199
67
65
89
212
44
228
180
191
188
186
223
231
69
217
188
48
242
230
9
83
124
120
80
206
213
199
61
24
179
5
120
37
117
25
231
17
24
95
256
73
94
133
191
21
202
80
191
129
255
32
125
186
50
256
125
203
9
35
105
73
179
161
53
152
156
113
120
191
55
240
176
177
226
120
188
150
163
175
5
52
36
86
194
232
66
163
230
243
73
122
83
186
244
146
129
49
150
128
44
39
169
205
207
251
244
191
242
97
255
72
97
168
256
120
256
162
249
166
256
159
161
199
158
125
244
32
91
39
254
62
144
46
244
72
220
195
19
170
97
73
120
55
115
55
42
80
155
7
164
143
232
39
170
219
157
21
20
244
80
196
244
195
249
155
249
19
152
225
191
205
49
160
65
49
184
33
154
246
50
146
83
49
135
68
234
219
128
207
135
115
113
115
166
174
221
67
211
60
161
244
33
91
249
128
37
33
145
237
105
176
161
157
211
76
219
152
207
20
146
119
210
152
42
