140
196
170
143
127
3
3
156
50
143
14
127
3
166
187
50
143
102
222
206
91
35
46
10
182
222
38
21
126
105
92
3
51
92
92
243
222
77
229
92
92
217
33
182
5
201
211
20
107
92
217
181
250
6
200
95
5
191
248
212
175
198
93
46
217
222
217
127
180
96
201
126
192
62
191
11
96
76
242
107
123
76
165
248
243
242
250
92
187
148
222
111
92
46
16
142
187
217
95
20
183
20
243
5
117
187
10
92
236
234
182
127
27
37
14
69
109
156
132
245
109
46
236
220
126
217
153
191
69
145
182
3
184
220
96
2
16
185
238
28
114
145
69
191
27
165
235
240
76
64
187
6
123
92
175
126
222
223
217
74
105
105
222
77
201
149
242
10
246
141
19
83
92
201
32
3
62
181
201
253
20
76
2
96
143
180
75
73
123
238
64
127
123
182
164
244
201
203
181
85
160
30
184
245
239
78
47
51
248
40
96
123
93
238
151
111
181
3
75
14
14
79
242
87
246
96
191
182
192
182
11
64
96
20
14
242
34
76
111
75
50
98
96
246
92
222
147
183
86
187
2
5
160
96
47
98
118
188
217
164
64
88
101
247
198
98
151
94
151
109
90
152
28
11
152
12
246
152
181
152
72
133
111
133
96
92
77
143
85
72
209
4
92
178
131
184
201
217
154
198
4
34
85
74
204
64
15
90
14
98
96
94
198
62
28
74
111
183
246
105
81
224
249
139
160
18
181
75
82
151
217
115
114
62
14
50
114
183
96
198
246
156
216
6
217
90
67
85
246
9
111
112
148
104
198
141
51
103
90
151
235
50
4
217
246
246
182
67
114
198
47
190
246
34
147
118
114
90
172
200
227
114
39
96
255
36
58
147
231
85
236
238
194
248
126
75
131
113
104
140
16
247
254
41
244
56
4
256
90
184
47
25
23
156
181
123
50
252
141
188
119
227
202
4
246
62
145
152
21
198
9
187
126
246
184
62
104
15
140
246
185
152
126
247
39
234
254
156
30
231
202
4
90
83
254
222
244
72
124
126
238
201
182
246
111
173
92
77
126
75
119
173
90
50
40
188
111
246
156
117
154
141
249
126
4
216
24
4
141
72
252
156
211
44
234
175
204
6
138
246
51
198
156
39
126
4
39
104
111
25
74
184
126
72
47
227
246
53
190
47
245
104
119
246
90
200
77
72
244
246
126
148
246
71
111
49
54
44
119
102
175
72
34
245
193
4
181
187
120
56
69
72
227
246
246
104
23
246
245
126
156
236
167
181
72
107
154
140
53
90
131
181
247
104
198
133
123
139
177
141
198
47
111
175
16
141
180
17
122
202
198
141
4
90
210
246
16
1
169
188
202
140
111
175
229
127
71
236
4
73
18
231
126
246
227
78
228
58
241
65
54
108
50
152
49
20
246
75
181
28
29
198
39
141
246
255
104
140
108
141
72
187
72
118
111
133
227
156
81
96
138
126
242
156
197
198
99
182
62
43
255
126
227
182
74
180
111
202
85
92
119
138
180
156
181
20
84
126
95
138
61
245
161
246
109
144
166
186
126
4
227
246
111
141
218
246
152
141
48
227
181
57
110
147
161
231
89
160
198
127
218
254
234
156
126
84
96
245
245
167
242
227
231
233
86
156
198
198
66
181
32
129
167
227
236
252
48
63
245
111
126
5
160
183
186
155
73
146
74
246
134
145
46
156
138
105
236
141
155
90
90
129
155
144
221
155
78
145
9
198
189
231
145
141
8
244
25
126
45
46
9
200
150
126
20
141
85
86
161
127
113
246
134
218
155
121
34
176
244
126
119
227
212
246
17
241
245
4
119
134
201
90
9
20
119
156
99
156
4
221
198
198
46
20
87
156
156
154
246
248
81
198
46
248
46
46
156
119
156
134
245
156
248
111
119
20
156
38
246
234
248
134
134
