162
164
208
75
230
150
118
114
164
75
59
205
105
205
105
40
176
127
7
105
164
55
147
162
75
59
32
176
75
41
105
237
123
55
75
223
132
183
239
29
208
239
222
239
178
55
222
95
13
32
90
132
176
40
239
182
29
153
141
33
153
242
222
33
165
58
225
208
33
91
146
223
225
153
181
251
129
5
132
242
205
41
130
208
18
67
93
67
29
63
130
182
225
178
111
230
231
94
231
182
199
231
206
87
153
33
18
110
136
176
136
165
67
84
114
103
29
3
41
205
130
177
231
84
182
95
251
3
22
178
182
129
237
199
178
199
222
105
144
40
136
67
192
95
22
105
137
250
205
239
203
239
106
91
153
135
215
8
181
99
8
84
22
136
112
110
105
228
28
110
183
181
51
22
176
135
41
13
181
94
95
104
95
118
13
109
135
132
72
44
13
206
114
100
26
239
83
32
218
239
110
111
64
3
105
77
11
95
182
203
174
224
136
3
195
105
168
172
135
174
110
225
64
219
74
123
77
138
77
24
64
74
72
153
126
164
205
179
123
181
230
124
13
183
111
222
40
219
110
98
109
187
228
239
206
163
18
21
239
105
194
109
173
207
138
225
174
211
140
132
192
126
187
219
183
137
13
239
222
235
137
228
168
105
131
177
136
187
126
17
222
18
242
131
44
105
59
208
229
77
53
140
253
212
8
126
129
108
138
109
132
11
189
88
132
129
46
129
116
198
67
17
211
13
141
188
109
40
235
113
208
32
138
46
123
190
137
213
190
13
206
249
77
138
187
164
173
249
60
212
80
40
192
132
213
67
21
123
24
141
13
132
67
20
132
190
132
13
44
90
90
248
248
194
98
109
136
132
129
81
110
208
228
17
38
153
51
253
54
7
250
208
90
63
253
113
18
90
83
206
251
253
14
137
42
50
9
67
74
248
90
204
132
251
20
54
54
139
20
107
20
51
124
124
167
46
248
114
46
204
205
218
138
141
95
13
135
126
222
38
42
24
132
137
188
20
88
98
195
90
180
13
207
192
17
208
17
117
235
174
84
145
44
82
225
229
222
29
242
129
195
132
216
152
90
42
54
117
225
94
225
184
131
253
136
167
204
188
74
6
233
251
137
93
119
20
77
147
34
225
44
17
68
132
132
167
28
172
116
75
191
246
192
251
93
72
97
210
123
184
251
108
9
140
174
114
158
24
46
251
216
140
251
44
216
174
135
20
251
127
112
176
184
195
246
51
18
117
221
145
253
20
16
183
51
90
85
225
153
122
153
239
140
171
147
28
187
14
33
2
204
138
250
20
131
233
250
24
242
141
135
174
17
94
255
200
137
167
120
100
39
28
117
226
83
173
17
222
108
72
108
172
79
28
191
251
182
175
99
31
171
150
204
72
132
24
29
137
181
255
204
251
137
55
20
11
67
68
175
151
234
153
153
128
147
53
137
14
205
225
51
144
34
9
51
112
20
132
87
180
79
66
194
233
33
228
200
43
66
251
185
13
24
42
103
16
17
15
118
97
51
137
20
95
174
182
75
55
130
150
223
29
33
212
58
60
180
95
96
75
20
248
212
9
209
223
1
253
144
225
208
251
171
233
33
135
145
60
117
246
182
122
184
31
216
20
123
130
187
145
129
36
168
191
151
209
117
206
37
84
4
226
223
188
91
147
212
144
132
91
172
161
251
4
245
126
60
208
74
37
245
49
60
58
120
9
187
251
84
4
151
209
144
20
172
195
129
20
225
125
208
184
184
223
125
147
234
163
154
99
223
127
134
15
171
140
198
13
36
209
14
60
135
19
65
53
252
132
155
155
63
132
109
33
40
144
168
85
250
33
42
153
172
14
248
206
83
172
128
187
158
153
76
196
114
87
144
94
18
25
208
72
223
188
129
153
208
183
100
188
9
216
192
74
207
131
55
225
182
174
10
184
44
207
130
83
68
124
223
45
209
226
1
191
209
249
122
48
36
152
20
179
198
231
1
39
234
36
75
75
29
66
29
171
117
114
237
147
222
33
92
14
29
117
124
207
4
132
22
133
133
144
89
188
249
68
18
154
1
242
33
152
140
98
119
132
251
94
75
9
226
131
20
245
113
178
4
118
15
9
83
188
124
123
50
117
155
251
90
119
46
223
229
191
125
184
174
232
245
188
68
174
211
204
152
68
160
60
38
65
209
223
68
1
74
60
254
151
218
129
144
131
90
204
207
182
226
136
131
83
39
256
96
68
26
43
98
226
247
204
72
98
131
68
82
117
4
63
155
36
207
254
42
211
181
4
91
49
96
30
91
39
254
78
85
65
131
122
233
245
211
68
153
197
44
12
131
119
78
40
225
247
68
167
39
151
191
200
194
206
133
30
99
164
245
221
83
207
120
42
153
135
125
182
157
28
4
152
251
155
4
232
196
30
152
214
150
248
182
196
46
80
193
125
116
92
174
35
226
49
36
191
176
68
4
19
3
232
68
252
116
8
120
157
153
68
34
231
68
19
207
134
152
225
245
253
30
152
157
71
20
68
86
227
23
152
63
21
211
4
124
18
68
119
78
42
254
185
78
124
147
200
188
200
109
56
20
164
231
188
68
152
82
92
44
191
206
80
188
86
33
20
152
26
117
36
87
42
42
63
99
188
43
207
219
124
43
36
23
12
3
117
112
63
96
107
20
219
223
251
196
59
45
37
172
123
42
52
15
217
66
4
3
89
175
191
172
10
86
4
152
20
98
113
214
120
68
82
86
213
254
9
217
211
118
93
6
172
118
157
182
57
229
87
133
226
27
234
24
145
124
231
152
125
191
224
3
174
117
198
36
204
255
152
6
68
118
241
68
20
219
192
26
20
125
159
20
9
226
110
207
239
232
47
210
4
75
145
161
152
110
43
113
161
6
23
229
20
4
241
4
133
82
254
96
153
193
155
252
26
163
20
18
218
113
140
207
161
196
34
115
123
133
123
49
77
123
10
134
221
43
83
239
239
20
45
157
72
149
224
253
253
241
230
39
185
120
4
88
119
88
125
249
113
60
48
125
202
53
142
191
211
20
229
157
157
200
213
43
161
12
197
56
49
86
22
157
152
125
56
19
159
43
179
