31
28
186
172
123
28
172
123
17
17
17
28
17
10
17
123
123
17
123
165
208
176
17
165
165
165
165
95
95
66
31
95
208
211
97
207
9
243
243
209
94
114
97
207
95
17
7
29
243
209
162
73
17
17
171
14
17
94
97
149
206
17
202
40
174
12
17
93
171
206
97
252
136
107
113
87
243
206
52
172
97
136
164
164
9
9
226
174
136
164
113
40
208
87
136
136
40
98
205
130
94
229
205
97
94
99
244
98
165
205
94
41
40
165
226
87
164
243
98
250
250
206
165
207
34
98
97
204
250
46
256
124
39
80
79
164
244
196
79
208
28
19
99
29
97
164
140
33
174
166
87
162
29
73
17
162
246
124
243
18
208
67
92
208
200
87
162
208
208
208
206
145
97
31
94
208
17
246
246
237
246
29
98
29
99
52
239
87
79
194
206
94
77
162
244
16
246
162
7
39
120
18
206
77
80
251
29
20
17
29
6
40
90
166
207
226
29
227
123
126
107
29
141
154
6
126
127
47
246
90
231
89
12
252
5
143
143
216
207
165
160
34
47
164
154
122
106
6
6
216
6
229
206
7
117
139
246
141
6
174
174
151
40
96
12
165
22
151
89
107
231
90
244
126
126
222
164
40
90
170
218
222
90
139
108
231
122
99
96
186
18
136
254
40
51
242
67
141
90
98
141
211
110
18
246
206
110
222
55
12
95
36
141
2
90
130
216
81
96
80
207
210
130
139
146
222
164
47
244
99
166
29
199
231
198
188
99
224
14
216
47
227
191
202
210
5
231
156
202
191
191
191
155
113
182
98
173
6
191
246
120
139
191
166
231
20
95
99
229
128
173
104
229
74
202
220
128
113
92
184
242
191
55
20
225
92
155
104
41
191
185
139
49
245
119
224
208
108
87
229
208
20
47
200
209
49
139
92
99
73
156
115
173
139
244
212
55
87
18
176
29
86
173
150
202
200
21
253
191
157
90
73
234
189
121
252
141
50
126
256
212
141
188
24
173
191
100
173
118
135
146
141
131
27
87
191
33
51
11
20
173
9
173
37
131
109
125
67
118
160
99
131
7
256
131
160
36
200
77
12
118
107
36
160
26
254
210
120
173
20
141
160
39
6
199
224
111
234
166
203
173
246
65
218
141
49
115
68
24
166
250
86
246
234
52
119
253
191
171
214
6
176
117
6
20
9
49
125
7
195
111
162
224
125
4
152
63
141
163
45
238
117
58
96
256
169
203
173
7
202
230
200
41
234
198
186
156
187
185
69
122
237
191
49
191
240
169
20
20
