221
176
98
128
98
176
194
162
162
98
84
162
176
52
165
160
21
176
160
143
11
162
138
98
98
42
253
165
160
162
33
138
128
231
176
84
98
98
11
176
98
128
150
19
98
143
194
253
128
84
162
176
98
150
146
42
98
176
69
128
75
176
253
160
51
69
162
242
160
162
33
160
160
208
66
160
29
208
146
89
211
208
151
104
160
256
130
91
208
59
50
162
89
242
162
208
160
208
162
181
95
256
176
157
128
249
62
150
209
162
90
16
243
157
186
208
157
203
208
228
171
151
162
153
151
146
56
106
151
3
106
55
54
128
84
249
25
10
30
52
73
66
54
27
151
174
75
162
84
84
134
56
204
11
106
84
147
240
27
164
230
213
3
62
114
204
84
187
150
230
157
6
115
149
179
162
230
136
192
150
132
237
105
93
147
73
11
249
32
249
70
177
129
32
176
230
71
187
150
187
136
228
212
71
235
150
85
157
27
228
71
73
134
157
136
76
249
91
41
27
238
177
222
180
222
71
162
197
66
49
136
56
172
79
208
85
56
224
82
27
186
71
220
29
96
159
192
80
203
249
239
66
133
167
56
81
214
131
136
163
254
162
172
85
27
85
184
27
110
64
148
19
18
110
187
184
71
23
115
151
149
82
249
73
85
27
80
103
15
133
151
220
105
84
235
97
237
157
105
192
32
72
96
31
151
183
253
32
32
157
9
146
133
85
71
117
256
226
115
166
85
25
32
151
163
82
170
150
99
65
118
166
113
157
249
197
91
52
200
99
157
77
148
156
179
159
249
163
71
136
38
33
9
71
240
159
84
151
85
235
186
66
151
253
89
133
34
70
85
133
157
63
202
237
151
35
72
151
256
71
70
162
80
123
157
197
70
197
167
141
112
73
70
28
163
167
215
200
151
99
52
139
159
120
210
157
146
73
163
101
186
188
238
156
71
178
35
27
169
157
178
1
38
77
35
85
88
238
72
42
159
178
157
101
85
85
175
27
241
133
85
204
163
70
178
146
95
239
197
101
15
121
64
163
186
133
133
238
70
170
223
76
240
19
42
133
23
85
71
86
237
111
202
196
15
133
34
157
197
22
249
167
60
163
201
169
220
184
166
134
133
185
85
192
133
121
133
133
166
77
22
157
124
222
236
88
23
192
52
170
137
124
133
96
70
23
73
169
170
224
233
60
144
89
163
120
163
220
159
113
133
43
215
82
163
167
215
194
10
85
218
85
54
103
149
248
144
108
76
203
133
70
252
1
233
170
133
201
201
157
65
10
35
85
201
103
23
195
38
1
86
196
35
142
79
156
101
213
133
163
241
215
19
117
202
197
195
213
167
202
235
186
35
137
236
15
163
238
233
82
10
82
232
256
232
108
133
48
133
202
256
82
233
30
215
57
256
52
106
36
139
86
82
35
236
35
96
133
133
10
218
201
133
85
175
23
117
253
190
23
133
133
196
157
82
135
146
111
197
213
236
215
117
215
117
238
169
169
240
117
124
232
133
197
252
213
82
242
102
201
201
15
231
65
170
242
57
203
13
215
203
25
170
190
215
146
253
93
82
30
23
117
48
23
209
226
67
253
85
232
124
201
249
35
35
35
232
121
214
64
232
133
170
256
159
137
117
244
124
34
155
232
180
218
240
157
236
134
2
155
47
53
88
108
64
170
157
53
213
53
230
22
57
65
169
65
12
65
217
133
210
155
155
57
256
82
74
169
18
167
64
197
201
96
56
23
73
56
232
23
