84
84
162
162
166
36
166
7
203
162
84
208
84
84
84
98
7
91
80
84
84
29
143
80
208
84
80
146
176
52
194
165
84
40
143
209
21
208
166
58
80
80
7
80
231
29
176
176
80
176
58
144
8
128
7
29
176
209
113
205
162
176
29
209
127
165
138
143
52
209
29
165
7
176
87
8
162
27
162
91
55
123
122
146
205
7
208
75
165
52
250
66
59
250
202
146
89
93
138
80
168
150
123
3
21
225
54
3
153
202
84
80
182
93
58
209
42
205
153
123
211
162
225
162
93
84
3
252
256
128
150
143
215
150
107
107
206
77
166
123
64
153
7
208
121
240
91
107
72
111
172
109
205
153
128
83
80
166
231
147
72
109
139
153
248
171
21
7
114
103
73
203
143
59
181
123
224
171
59
162
31
188
31
182
172
126
205
7
28
27
114
231
71
34
114
245
126
235
172
143
107
90
225
109
47
154
80
208
256
59
128
111
47
98
28
59
58
181
43
109
94
172
153
79
94
71
74
21
138
51
224
31
109
222
191
123
34
147
180
195
208
195
21
135
28
114
223
97
86
141
94
111
97
118
124
194
245
212
182
82
122
147
66
215
21
242
40
166
59
13
86
25
7
154
97
222
110
27
33
5
66
138
243
140
67
162
108
86
187
41
231
182
165
235
150
203
33
243
138
7
223
154
14
144
158
230
67
182
173
140
3
165
215
7
210
186
49
174
231
231
217
14
138
184
95
3
181
177
171
140
231
179
171
200
40
93
225
33
228
203
194
74
31
22
141
78
67
95
46
203
109
73
144
181
206
89
208
220
143
22
195
59
164
15
89
97
143
32
108
185
40
73
40
14
144
162
217
185
97
225
208
13
185
108
95
43
7
188
65
97
206
202
126
40
55
97
140
89
188
40
144
113
72
141
97
181
92
17
65
171
121
72
146
109
226
126
185
89
166
97
28
92
217
92
246
29
68
30
24
154
118
185
141
132
206
206
205
147
70
217
109
55
9
73
9
121
37
124
220
113
118
23
217
73
242
90
60
37
144
21
58
151
65
15
117
110
21
37
109
188
29
136
239
109
135
132
121
141
37
188
110
110
211
80
243
37
19
108
109
115
131
21
227
2
37
28
60
180
85
24
138
3
193
121
60
115
136
113
247
37
188
229
22
217
181
28
181
109
8
3
154
248
181
67
132
182
239
246
28
77
205
139
82
78
248
103
78
155
101
78
46
88
237
98
193
131
168
141
97
77
239
22
37
37
206
4
200
165
203
195
89
146
80
141
188
174
9
131
108
176
114
181
43
168
94
118
84
114
130
256
165
63
146
191
154
80
162
102
2
166
195
37
7
179
4
7
66
63
135
146
168
232
142
131
32
33
233
254
40
74
113
169
195
203
69
256
88
148
212
121
95
113
200
78
124
113
78
120
53
35
136
218
168
127
24
204
133
60
132
169
86
121
91
131
113
239
256
58
80
241
144
68
179
109
21
52
113
159
237
224
169
33
166
63
187
203
166
60
21
153
70
60
58
2
113
68
80
68
65
203
36
53
121
234
53
80
104
243
121
132
44
146
39
113
24
195
132
193
194
223
246
249
99
39
91
68
194
244
80
193
23
2
78
162
221
78
135
93
231
130
36
194
121
35
113
137
244
99
255
109
99
256
246
176
150
80
211
70
194
120
221
30
118
113
98
65
246
132
77
24
27
132
51
19
8
198
57
166
80
224
24
3
136
115
228
58
224
253
93
254
176
115
35
148
224
130
185
208
83
255
254
130
78
254
89
253
7
78
100
82
80
228
173
193
43
231
58
107
231
90
102
98
80
208
119
7
195
255
31
4
146
186
248
184
186
192
5
115
146
80
90
98
4
131
113
224
80
240
208
146
7
206
135
78
111
109
108
77
109
186
208
60
231
58
135
113
82
125
78
109
64
203
19
78
37
111
119
169
78
224
166
84
124
47
124
218
135
121
78
4
4
162
41
256
224
199
256
6
221
135
80
42
6
33
135
90
34
80
186
202
256
184
132
31
39
167
179
33
233
213
170
249
80
6
186
156
42
68
156
