51
103
74
124
75
97
176
135
235
47
47
235
128
235
248
128
33
55
84
79
128
47
248
74
176
208
211
162
84
235
84
205
182
124
206
182
176
29
176
209
128
132
90
176
26
90
225
95
225
8
182
95
54
187
165
60
195
73
176
173
75
29
136
111
12
186
40
27
31
115
95
136
74
132
7
239
6
84
176
212
243
113
199
214
129
85
195
136
192
26
174
251
251
47
252
244
13
138
37
29
25
6
129
5
153
251
136
166
59
63
31
180
244
6
66
239
47
176
235
174
121
246
47
75
149
90
177
220
212
199
220
220
121
248
95
174
214
242
111
91
59
209
140
244
136
29
151
175
25
13
95
111
75
256
174
127
177
5
95
6
67
145
16
181
113
27
57
26
8
227
176
70
129
106
75
59
79
34
31
29
181
42
89
3
174
49
192
37
62
63
184
240
217
79
16
47
251
33
178
215
231
244
31
117
39
231
117
75
16
17
180
17
228
14
127
60
67
244
84
32
14
219
130
14
180
47
196
39
244
96
67
114
33
33
65
86
145
32
102
43
90
54
190
69
127
42
250
140
146
53
159
222
122
192
55
256
194
129
253
135
14
165
194
76
87
84
175
237
63
209
146
62
153
132
222
212
140
21
172
6
132
2
81
32
59
91
65
176
63
211
6
47
184
64
231
117
31
235
62
79
51
35
106
143
166
2
57
195
26
81
178
170
208
110
47
126
33
170
52
162
165
71
114
131
33
209
184
75
108
142
142
21
33
107
248
33
110
26
146
136
217
110
89
231
69
239
204
253
47
250
63
124
208
89
89
95
65
126
117
136
131
96
154
81
220
110
14
141
152
184
17
253
5
60
17
77
22
172
108
108
5
21
200
211
31
53
183
69
103
95
166
95
160
62
31
174
162
194
26
93
151
52
79
160
189
126
49
81
108
135
28
127
175
183
77
11
146
27
135
134
117
110
112
73
192
53
212
53
211
17
109
35
169
153
86
223
135
33
244
227
244
185
237
160
31
196
74
144
67
47
111
224
79
250
15
248
91
28
104
96
77
110
183
77
160
75
108
138
110
74
182
187
63
114
108
222
224
170
126
56
222
191
133
10
40
17
63
160
31
182
37
15
10
110
162
203
10
221
236
124
21
62
77
105
44
105
222
42
155
214
165
244
81
17
196
126
31
218
254
74
182
227
60
59
181
114
219
110
256
214
60
104
142
116
117
91
53
221
190
65
209
44
6
31
237
93
17
127
195
160
211
219
195
199
248
84
182
156
212
110
238
214
31
6
176
146
195
109
153
192
8
135
162
145
81
12
156
130
160
142
222
164
150
26
219
26
77
110
162
78
56
67
28
129
240
184
8
163
95
189
90
242
240
26
121
109
114
105
105
162
193
88
118
244
244
154
25
91
146
88
16
117
96
127
160
118
194
162
150
118
160
15
219
42
28
83
70
25
135
129
46
243
63
181
36
15
43
145
33
49
206
245
95
147
25
231
77
123
26
23
123
98
241
114
95
79
147
117
146
104
238
15
72
102
194
118
18
23
122
206
192
145
236
60
204
62
165
98
32
4
140
214
193
231
98
217
70
172
191
150
106
10
4
248
105
28
79
127
42
20
89
154
104
76
50
162
119
204
182
34
70
122
175
122
174
182
4
50
238
9
79
103
104
29
174
95
172
146
105
193
96
105
98
150
164
84
81
16
184
137
204
151
63
63
56
165
245
69
154
155
127
188
128
105
12
124
103
3
114
212
83
139
17
105
218
127
241
22
28
121
99
126
189
105
96
165
154
67
168
142
92
93
98
121
93
105
194
240
136
179
172
56
165
20
54
2
145
23
98
14
192
145
90
62
147
143
28
188
13
187
191
109
245
98
25
159
173
254
167
200
35
153
245
155
71
130
193
130
105
97
183
41
173
93
231
76
156
14
53
93
93
190
96
8
182
161
20
3
205
37
53
182
147
83
156
114
150
69
206
67
255
142
79
10
129
15
237
116
38
126
211
231
161
93
15
179
31
92
166
123
214
104
191
32
110
21
154
34
170
93
15
245
37
202
236
222
246
37
37
94
241
141
231
146
105
143
154
168
176
86
28
144
64
105
97
153
99
205
104
99
5
254
182
192
65
15
93
156
37
14
123
221
98
173
153
113
123
96
125
8
37
106
253
3
245
14
251
182
120
227
20
38
52
14
48
76
35
127
165
61
109
52
93
63
239
81
93
113
200
118
68
2
203
255
104
186
171
179
217
129
216
156
38
200
63
146
21
205
151
254
150
152
98
156
253
200
212
205
127
237
23
93
14
179
37
44
28
8
73
174
65
150
147
128
131
93
70
176
192
61
152
66
8
2
152
180
22
3
15
43
50
6
253
47
93
104
93
44
183
24
195
168
51
93
111
119
71
37
236
156
63
156
4
208
105
69
37
123
158
63
97
125
195
141
106
114
251
151
209
192
233
238
39
246
151
91
5
66
62
194
233
153
89
191
184
138
174
194
2
146
226
30
33
227
127
62
61
183
36
43
168
2
250
58
181
245
206
13
229
64
132
222
247
156
211
247
22
217
50
110
15
105
217
143
2
98
126
113
38
34
138
128
125
158
66
137
203
51
125
116
47
247
105
68
68
248
207
68
60
127
98
245
93
142
85
98
98
245
158
5
242
11
51
7
207
14
180
217
245
158
244
49
4
95
59
5
219
114
184
205
158
98
165
255
128
72
171
224
17
123
147
165
123
233
66
53
60
238
41
192
120
58
250
156
36
105
212
41
200
210
144
95
96
181
84
210
37
120
15
64
164
256
68
65
154
38
94
93
200
26
59
167
181
106
105
132
156
165
253
125
227
51
100
254
11
227
98
36
66
15
79
224
5
190
37
96
62
156
176
190
7
208
29
38
28
244
47
132
10
247
142
208
211
2
156
91
81
38
146
123
167
65
200
47
227
93
143
92
249
156
162
136
156
247
63
55
211
179
146
192
132
167
41
241
167
29
182
96
19
64
1
253
111
207
254
254
183
212
165
254
77
82
92
227
200
156
125
126
6
223
83
200
123
167
248
125
82
53
202
111
156
155
116
254
193
16
75
188
53
200
29
179
254
200
123
54
254
224
246
219
156
200
254
254
188
4
200
156
188
254
187
254
34
200
254
254
142
200
70
200
254
200
156
137
34
119
254
234
200
200
52
200
137
254
254
254
96
188
