71
209
71
209
208
87
208
208
121
151
186
29
186
209
151
73
209
29
143
29
239
73
143
160
165
160
29
204
208
239
165
209
209
42
160
208
143
8
177
176
20
208
177
98
143
98
29
143
165
143
71
8
209
94
22
165
94
94
94
20
177
129
125
208
225
143
51
20
36
94
176
210
215
118
23
32
163
23
71
129
210
243
203
29
94
243
29
91
23
216
243
55
77
163
23
29
176
215
249
66
225
199
197
85
216
66
176
246
23
216
99
40
197
215
118
50
78
91
249
177
91
251
66
177
212
75
218
123
127
239
123
197
23
176
177
197
66
225
251
21
220
165
212
108
131
132
120
20
164
155
206
108
174
246
191
206
78
66
163
51
197
23
81
33
168
120
229
209
72
177
209
132
109
99
19
37
54
40
212
128
5
239
50
127
81
122
28
191
181
141
120
82
118
23
120
54
220
183
18
165
209
20
81
191
184
127
20
172
105
218
82
197
37
19
19
178
212
215
87
168
18
173
254
249
230
120
129
197
184
217
9
120
199
136
87
18
118
63
226
131
85
38
16
118
74
15
82
15
246
78
165
198
68
75
105
32
120
40
105
215
200
218
81
178
15
197
155
129
199
177
209
81
92
200
72
92
184
75
63
136
14
225
181
200
189
82
206
1
109
218
122
32
200
21
9
24
54
217
246
60
78
181
77
184
106
217
92
40
63
181
109
218
129
24
18
87
94
106
94
92
125
56
191
100
4
12
200
54
14
105
133
16
54
9
9
72
224
54
160
149
176
181
54
191
60
108
147
200
234
18
187
131
117
176
94
9
129
109
75
199
154
29
147
82
68
193
77
58
120
217
66
40
216
254
125
171
217
74
37
58
54
212
54
200
154
17
114
77
160
213
76
60
226
53
235
235
249
75
82
14
24
171
94
174
2
182
168
99
241
215
197
4
210
23
241
193
15
58
26
129
108
94
28
78
122
181
222
207
58
125
182
92
28
131
24
125
162
118
82
68
154
217
78
120
65
247
19
23
94
9
189
3
94
202
24
218
147
125
167
197
77
72
20
48
247
98
85
24
198
181
32
131
82
163
218
93
117
66
155
47
77
235
182
155
191
99
167
207
89
100
94
233
197
5
122
78
177
163
36
20
82
205
73
87
219
155
255
177
94
85
37
233
20
142
247
39
37
56
23
247
50
99
142
238
94
9
171
156
147
39
99
3
154
217
26
232
227
68
122
94
133
50
144
247
235
235
232
82
26
37
242
215
122
93
218
39
23
58
243
147
82
184
161
207
28
216
213
111
26
91
197
4
104
176
216
245
58
247
6
247
126
136
19
5
96
179
24
235
19
60
255
247
188
17
94
148
58
82
82
111
48
76
175
82
78
21
247
29
48
127
78
72
197
42
215
174
101
131
247
82
197
195
20
248
115
29
8
156
197
232
197
197
197
167
197
103
133
120
101
197
155
256
4
215
89
94
213
108
