111
111
22
126
111
79
127
205
174
251
225
80
170
251
174
105
92
94
251
225
249
225
225
61
147
225
127
35
174
94
164
9
66
160
174
249
94
143
18
94
83
147
108
174
174
231
172
231
208
175
174
175
127
62
66
75
243
174
9
125
174
165
129
175
66
94
174
3
174
94
231
16
212
54
212
90
174
94
136
90
94
174
90
174
175
90
28
129
12
174
174
16
50
129
164
99
89
94
175
21
94
94
99
174
94
216
216
162
129
174
94
174
175
174
177
205
99
177
94
66
57
152
175
157
219
94
224
208
90
216
219
94
94
9
148
212
206
189
189
104
113
118
24
169
178
156
129
189
174
206
211
94
189
152
147
112
136
115
129
112
204
90
71
212
99
136
162
5
99
228
216
168
156
132
99
12
151
94
132
216
112
174
158
120
152
97
208
90
204
152
171
71
112
12
204
16
171
16
204
97
5
132
99
89
94
104
51
44
159
157
41
145
99
28
208
171
3
158
12
99
148
99
25
145
199
189
94
156
16
18
174
197
159
118
94
55
85
155
197
157
171
148
216
51
55
94
197
114
94
197
189
97
118
5
132
23
174
104
8
148
23
99
12
99
85
82
157
23
82
99
157
118
99
99
155
99
218
139
148
85
85
148
142
155
241
12
176
106
248
82
79
23
157
155
159
101
38
148
241
161
170
146
84
82
241
157
23
48
23
219
23
163
241
241
57
6
85
45
241
71
248
141
218
133
218
24
23
101
27
157
241
139
104
197
23
142
23
57
48
56
170
232
116
157
142
101
43
56
157
23
142
142
166
218
148
192
241
72
241
44
219
157
163
72
145
99
161
23
241
48
184
133
48
52
115
84
99
72
73
241
218
101
241
161
72
157
237
129
23
197
148
218
241
248
101
23
157
142
23
148
179
72
101
46
163
163
139
142
170
241
115
218
134
142
157
241
58
44
72
72
110
163
218
148
25
202
56
73
70
56
55
84
56
72
110
214
12
84
248
148
197
45
72
256
23
23
70
48
73
48
215
86
159
146
42
52
179
146
159
241
31
56
72
72
116
155
116
45
72
142
124
157
202
29
63
72
72
72
56
178
133
72
99
142
241
241
241
6
42
57
45
72
56
72
133
176
197
133
213
23
142
133
52
56
110
133
38
82
116
56
25
52
115
101
163
45
45
213
213
193
159
161
112
110
