80
169
59
93
95
164
59
113
95
103
80
115
59
151
59
55
87
166
164
59
95
89
223
151
183
170
55
33
180
150
162
205
176
113
121
205
162
212
236
95
87
84
84
182
112
29
182
162
150
121
180
146
84
113
108
59
84
210
41
87
66
182
80
212
146
178
41
95
231
141
7
27
162
231
121
84
96
140
176
29
32
29
179
107
253
108
29
164
128
150
231
63
29
236
80
191
59
59
101
191
205
186
95
25
58
170
182
29
150
13
95
55
55
205
28
121
29
123
13
191
124
239
167
156
138
3
128
59
195
28
143
126
123
226
225
29
256
3
178
164
81
212
95
123
59
150
13
58
32
3
113
107
32
231
179
109
195
15
32
240
132
13
205
89
55
102
58
143
7
150
8
128
136
103
166
243
36
236
210
248
182
25
223
239
25
140
29
29
252
11
229
105
182
187
80
150
229
235
95
205
95
164
127
252
32
46
229
151
172
28
36
127
108
240
222
110
183
195
16
253
25
229
174
126
208
14
73
87
186
32
89
146
150
35
90
150
126
33
55
222
80
33
129
59
223
205
129
80
75
69
90
121
114
114
28
150
181
6
74
93
138
29
55
90
89
14
63
175
182
31
132
244
183
63
175
256
229
211
59
208
129
13
80
130
229
103
18
150
106
167
138
33
115
243
219
165
25
229
14
195
195
165
47
90
182
166
33
132
29
181
135
59
77
25
42
144
250
120
229
195
130
199
17
191
77
65
181
253
106
116
40
194
143
253
208
170
180
78
59
195
221
123
253
64
33
208
181
179
14
185
146
109
58
122
222
229
126
165
233
201
205
229
208
248
21
130
87
33
252
52
114
87
187
58
211
130
229
114
121
142
16
250
35
195
240
243
250
14
249
236
202
138
237
146
167
131
66
165
33
110
47
102
150
112
55
65
138
14
121
87
52
169
222
146
35
129
199
138
194
174
168
38
216
98
187
11
102
98
139
111
2
154
141
129
55
42
91
231
93
63
231
147
169
14
97
63
174
33
28
81
127
66
125
114
182
26
208
182
67
55
59
170
128
195
91
229
170
174
181
17
63
35
65
194
46
150
150
125
183
83
21
210
216
38
29
130
142
214
251
153
33
41
116
128
144
69
109
90
164
182
75
211
19
211
80
2
183
244
145
136
182
28
129
243
93
130
175
116
132
189
24
121
150
190
209
49
127
145
210
55
89
138
80
128
220
133
125
192
75
50
34
25
146
47
87
182
130
180
88
184
51
204
169
247
170
169
132
228
240
35
94
207
47
168
33
127
29
172
47
42
176
236
192
240
180
220
52
240
38
135
139
216
25
60
74
206
17
141
38
138
138
109
253
128
60
256
189
16
216
150
212
191
146
33
181
210
233
64
116
182
60
141
236
251
40
206
211
181
31
55
91
182
130
170
121
190
3
38
248
14
134
186
128
141
81
66
240
204
250
145
51
216
194
185
49
139
49
125
253
216
169
174
130
70
66
135
236
172
60
102
1
195
220
180
236
44
128
37
229
1
135
38
5
252
140
139
121
160
91
114
93
243
216
43
216
25
212
128
103
217
91
129
114
55
210
44
128
250
33
226
3
132
174
94
186
170
30
70
70
55
138
30
242
127
127
193
214
9
44
181
112
57
180
21
106
124
61
186
134
233
182
63
129
122
57
233
38
15
31
130
221
3
42
149
110
252
5
176
54
58
164
169
77
75
100
155
142
204
199
14
233
130
248
184
6
226
172
185
147
168
238
40
26
233
104
233
93
180
66
182
127
135
168
70
100
208
66
65
107
63
209
65
222
240
25
49
116
116
253
125
69
21
211
117
216
150
168
206
175
210
234
93
256
234
138
55
13
21
172
58
211
245
38
76
143
146
212
101
216
77
28
59
211
174
216
240
66
210
79
93
175
179
233
140
223
225
181
26
101
3
172
26
172
65
192
170
17
244
65
124
167
101
146
93
135
16
37
2
144
81
168
73
240
116
187
140
76
57
225
70
150
225
1
201
187
185
144
233
183
60
89
180
50
220
199
90
38
181
130
222
224
220
169
199
121
182
100
52
58
150
18
138
226
91
52
209
125
202
171
175
65
248
33
90
181
51
248
245
36
77
60
210
223
35
164
134
226
65
121
35
40
244
60
84
167
39
226
253
138
94
210
103
69
137
164
116
28
105
38
203
131
173
66
38
110
146
49
188
164
89
102
219
179
144
203
172
227
135
128
180
140
134
66
49
144
18
167
176
236
121
219
108
93
199
147
212
50
77
38
217
28
105
105
83
91
107
179
88
222
66
199
187
91
1
15
135
59
37
130
176
130
31
59
179
242
110
222
139
185
44
93
116
127
192
91
116
116
27
28
33
182
42
49
181
91
222
89
195
100
193
217
181
28
21
114
210
101
93
32
154
130
31
256
193
79
91
149
222
34
5
168
186
135
3
18
115
9
231
256
194
101
199
5
135
135
28
35
74
116
3
60
186
176
153
183
38
185
81
128
153
245
1
108
1
116
147
116
139
217
233
220
116
38
219
176
25
172
169
180
93
101
101
231
216
113
244
91
228
179
241
36
139
78
36
36
101
219
136
77
179
93
70
160
117
191
172
10
179
104
38
235
164
158
102
101
150
34
107
153
188
80
103
78
153
52
127
147
115
10
179
79
237
33
34
195
221
121
240
193
242
255
134
190
101
13
186
49
179
10
222
60
99
240
217
13
147
137
38
60
145
238
194
35
114
134
69
64
60
107
44
164
124
104
38
101
195
151
120
226
222
238
252
144
141
256
99
233
158
39
226
38
256
67
201
252
39
198
210
185
171
230
147
17
43
211
102
227
13
251
168
2
129
179
38
216
174
28
43
174
207
43
220
236
162
172
207
60
164
220
227
174
13
183
249
137
190
242
9
135
240
14
127
46
58
149
195
10
168
168
196
220
250
33
117
182
252
2
171
127
109
101
187
193
70
171
201
218
55
100
232
174
167
60
158
226
175
70
101
99
65
107
91
134
134
65
86
170
7
201
14
142
64
93
230
76
187
127
252
201
135
248
3
238
66
120
196
46
1
226
172
116
14
98
216
60
53
107
134
207
46
210
217
240
120
75
28
195
176
174
99
96
104
11
7
123
179
31
91
171
155
116
162
49
107
176
123
39
39
137
229
171
198
49
207
15
13
56
53
63
145
104
233
139
183
39
217
163
171
23
171
196
217
23
255
116
63
124
137
216
221
96
49
43
46
115
15
14
19
192
197
91
248
180
220
64
179
171
241
39
45
75
34
148
210
104
19
213
168
64
101
148
104
64
210
139
100
148
218
217
193
37
226
104
100
137
233
211
120
139
63
143
26
104
54
240
217
229
105
63
131
146
124
101
210
37
78
137
193
147
124
17
155
226
198
101
37
243
57
174
19
73
248
172
78
12
255
53
187
187
104
96
213
63
122
53
127
155
222
197
181
181
139
216
8
12
91
174
53
100
167
187
142
230
233
65
100
226
38
134
232
100
116
157
155
142
38
124
193
218
26
55
157
148
104
207
161
158
193
104
10
100
236
255
152
2
15
218
53
45
91
89
202
104
91
248
247
116
232
37
37
226
248
163
104
149
157
197
155
116
144
230
52
125
149
15
82
65
63
255
158
213
226
56
38
57
52
148
255
22
142
201
56
61
52
226
207
70
56
163
104
15
249
168
132
104
56
105
226
12
216
179
213
63
213
247
213
233
247
43
216
145
155
213
193
159
56
164
158
255
46
247
139
104
101
232
