73
29
29
150
150
84
29
84
150
115
7
216
21
238
84
95
209
150
162
94
95
162
238
29
201
127
164
164
182
182
95
162
170
58
211
211
139
122
182
57
201
55
139
122
211
139
243
238
170
3
182
139
139
122
209
154
201
250
3
55
179
95
3
252
243
227
87
211
244
170
154
209
21
165
3
174
127
217
139
135
52
114
3
231
180
251
174
237
54
217
179
252
124
38
91
139
91
237
176
3
29
65
211
87
217
252
217
181
38
135
75
209
64
98
132
235
231
138
162
255
95
165
251
44
136
128
52
25
170
149
91
211
103
42
162
98
75
217
249
52
239
128
44
98
95
217
136
132
134
231
92
108
249
176
138
132
241
37
103
44
32
55
61
38
38
29
247
15
93
226
202
176
115
216
93
249
132
31
26
26
199
61
181
95
217
127
105
75
21
65
217
124
242
54
141
251
127
38
210
55
65
29
132
211
11
138
65
179
159
87
54
216
239
63
241
26
93
216
127
75
54
103
242
54
132
46
176
150
247
103
18
202
251
182
132
105
57
58
218
249
164
203
248
65
136
242
136
215
13
37
209
132
180
250
73
205
54
6
132
15
127
248
38
171
206
181
242
114
43
133
185
203
38
29
40
167
132
99
207
182
167
177
139
61
55
65
132
24
207
125
199
184
72
217
171
118
216
55
217
154
241
38
52
132
6
147
63
118
171
164
114
211
96
255
127
199
143
153
239
132
218
154
43
242
8
211
132
61
171
38
54
233
73
37
55
102
102
143
154
252
193
167
37
198
242
233
193
209
224
110
199
142
24
247
69
38
147
24
74
181
132
215
53
136
199
99
47
8
181
167
168
42
142
235
127
50
22
241
177
127
43
61
132
68
65
139
75
55
180
136
127
248
242
242
38
127
54
143
198
192
213
132
138
248
216
110
182
169
87
165
91
109
55
43
233
162
82
213
43
67
102
44
105
61
132
222
50
207
37
177
127
171
252
139
93
226
65
122
169
50
210
235
8
47
6
52
162
104
179
167
221
69
171
52
215
199
24
233
255
199
24
42
23
210
171
37
93
122
159
24
142
214
83
118
28
247
136
132
37
52
133
199
24
107
87
24
177
95
64
143
52
103
249
52
167
215
50
171
103
154
168
67
198
160
43
141
120
153
110
9
239
132
122
248
47
44
112
77
207
96
84
255
122
12
9
72
18
214
15
221
6
198
61
142
167
85
122
161
42
87
216
61
212
92
138
222
213
78
6
188
38
45
245
241
165
125
65
228
34
9
198
22
110
103
55
81
247
233
127
93
110
167
92
37
78
138
214
52
232
215
116
63
183
67
172
119
215
142
37
172
25
44
255
182
58
178
216
50
133
232
93
65
146
133
253
75
256
236
175
204
255
31
244
61
6
171
142
6
142
49
241
164
110
45
65
53
256
90
92
81
103
172
178
113
49
27
167
78
53
92
53
109
71
164
240
53
94
85
133
59
135
159
122
202
25
141
82
77
144
24
242
59
49
