162
15
208
139
243
59
29
147
150
7
75
250
84
84
250
136
7
250
29
205
84
88
59
138
95
150
108
209
236
229
75
194
59
84
229
27
29
121
150
205
210
74
59
29
114
172
162
75
225
205
33
75
166
114
18
195
146
114
25
194
40
73
100
88
100
67
222
248
222
33
181
205
243
46
210
29
80
32
54
75
3
136
25
3
95
172
75
183
243
224
54
66
84
171
195
243
54
243
144
168
146
208
32
184
112
7
33
141
181
243
181
192
63
95
208
217
73
66
184
205
191
63
95
168
97
32
17
243
59
205
226
185
179
205
17
59
187
70
208
97
154
40
128
205
40
83
160
40
185
71
46
228
144
205
128
187
228
25
17
243
249
150
208
172
215
98
100
60
67
17
27
97
71
71
100
104
54
24
66
182
71
228
100
63
228
100
217
100
211
66
66
24
33
97
250
66
191
142
33
215
165
243
17
174
95
33
250
121
235
13
25
16
100
33
191
215
243
226
2
33
95
231
102
256
58
174
104
77
43
207
226
122
113
66
171
227
244
104
227
135
160
243
87
215
193
5
256
243
95
100
6
244
58
175
66
226
30
229
66
58
191
27
25
87
25
171
87
25
87
176
191
216
244
230
251
87
44
245
87
196
69
171
124
40
110
191
191
137
191
205
171
84
87
124
146
191
72
180
191
37
33
244
135
50
171
72
97
87
124
150
95
37
176
107
40
20
195
205
75
35
171
171
174
121
30
17
195
59
93
43
195
180
49
83
167
113
113
1
171
150
150
120
241
226
36
68
132
191
171
241
40
256
146
249
151
142
150
52
40
211
130
130
125
36
24
166
85
113
37
60
60
125
4
108
137
191
241
61
133
184
180
17
139
107
133
142
70
130
78
205
185
85
125
256
59
82
124
136
219
43
59
233
15
230
109
231
133
132
33
85
73
180
144
233
20
31
53
196
59
60
132
249
4
33
227
151
68
36
124
43
137
58
124
61
59
58
206
4
168
85
87
37
110
233
52
59
49
144
73
60
77
15
36
256
1
249
87
144
123
2
118
32
31
2
110
254
102
235
55
124
227
242
184
227
168
124
208
135
95
125
187
142
205
14
234
24
191
191
231
188
185
191
191
191
191
41
179
187
119
172
184
20
187
145
146
231
37
217
255
