36
145
145
36
129
108
36
221
47
18
96
211
14
145
8
108
135
36
67
231
20
250
108
189
194
238
4
179
108
199
97
131
33
33
164
256
256
56
33
252
38
31
256
26
76
178
252
97
164
122
97
38
75
33
26
179
75
164
24
40
95
164
216
75
139
110
147
250
210
93
97
100
59
150
75
147
61
59
59
178
128
252
110
93
66
69
107
52
199
18
216
205
135
135
127
75
164
223
139
139
251
223
216
228
100
56
59
107
139
69
205
75
121
69
80
131
18
110
65
247
94
158
168
173
139
176
94
107
18
193
174
168
99
168
163
236
118
174
75
220
169
115
24
87
126
107
75
126
90
107
220
115
231
40
147
168
210
33
126
140
115
210
150
220
216
179
122
179
58
205
208
164
90
194
21
205
79
29
210
5
55
176
232
18
151
248
36
210
151
90
202
75
139
168
85
191
248
140
256
179
164
232
198
184
104
90
75
194
9
248
174
126
157
31
86
75
164
94
206
98
139
115
130
205
241
210
86
248
33
151
130
58
21
7
33
73
117
90
202
216
191
139
171
216
21
179
130
135
210
88
207
131
65
179
171
99
191
191
174
209
241
52
249
65
77
233
75
238
256
205
217
6
158
139
11
248
248
159
3
138
209
145
209
174
46
195
248
231
190
205
122
128
99
38
145
202
139
138
218
174
206
210
94
174
94
132
217
158
52
135
130
217
217
93
255
174
185
216
11
138
210
84
77
67
139
138
209
174
217
182
240
176
216
215
219
176
219
39
234
216
199
145
102
22
247
60
158
57
193
232
128
33
65
104
247
233
255
136
123
40
77
133
149
255
133
168
200
138
218
57
135
117
174
206
99
218
172
128
182
231
217
138
120
232
190
114
138
62
14
196
137
199
131
207
185
182
251
39
32
59
217
167
192
178
12
139
161
174
67
3
114
231
190
133
139
110
168
215
197
28
190
138
172
60
117
46
174
216
99
110
129
54
179
161
139
133
168
66
76
199
197
33
199
207
174
21
174
139
24
77
113
158
72
197
42
39
200
174
216
191
149
215
137
207
133
147
79
172
196
94
94
65
219
242
106
42
133
210
139
167
140
251
165
131
97
120
79
65
153
116
210
197
133
97
129
45
182
45
197
14
124
113
93
241
256
202
202
197
14
210
132
109
246
106
164
193
114
76
165
142
26
216
218
112
94
207
13
214
191
89
29
9
39
13
192
197
162
26
116
216
13
41
90
139
219
109
82
197
157
251
132
226
252
226
114
139
141
199
28
1
36
40
125
158
255
185
210
144
176
2
226
93
37
117
125
99
114
214
210
165
190
123
42
14
57
102
141
118
1
77
227
235
42
176
171
125
1
130
154
245
22
186
176
134
226
39
24
154
246
210
232
141
246
186
242
229
182
124
197
216
118
11
142
49
33
24
17
154
141
36
186
124
227
22
53
22
1
159
229
52
233
251
154
219
125
169
43
45
125
217
135
158
167
48
141
141
43
245
149
33
182
43
193
158
79
