138
71
160
160
118
41
118
165
118
209
181
209
206
209
209
244
165
118
28
209
28
28
118
165
28
118
28
231
231
92
209
28
92
28
208
206
28
92
206
92
208
92
67
206
92
92
92
244
231
244
206
109
28
92
165
208
67
208
189
209
93
87
98
118
28
208
67
66
219
231
92
208
31
208
145
208
231
86
244
185
67
224
209
115
92
208
203
48
92
47
208
112
67
189
182
21
56
67
225
153
139
225
227
92
22
67
80
209
253
85
204
225
12
162
224
211
48
217
118
189
118
118
47
21
22
118
21
208
230
225
68
208
95
189
208
215
102
14
155
178
118
190
146
115
182
92
159
211
165
208
33
254
84
204
27
22
115
208
118
162
37
1
42
75
75
85
189
152
37
62
178
217
211
225
163
189
181
102
118
33
235
75
188
235
62
206
42
171
189
224
115
37
118
82
214
82
171
241
157
31
157
133
45
84
160
66
56
189
249
248
191
235
203
188
56
254
37
171
86
177
102
122
217
17
253
8
153
254
77
171
122
4
82
122
177
37
50
135
45
119
213
59
163
96
64
122
102
223
53
188
109
209
41
56
170
37
97
56
122
198
245
72
56
141
111
84
118
114
228
178
40
51
247
109
98
119
71
215
254
26
102
198
172
230
109
220
62
118
13
229
96
200
209
102
188
163
131
52
125
237
172
5
212
118
192
85
7
27
172
60
165
118
254
112
200
92
254
111
62
86
82
149
26
44
92
171
50
141
256
104
188
209
92
126
12
180
136
26
224
12
126
20
92
192
125
53
224
192
85
20
131
122
237
148
113
198
85
122
229
213
245
156
82
247
224
62
244
106
12
165
12
125
141
160
251
163
163
224
102
111
138
12
244
230
191
79
8
20
227
189
124
247
193
106
54
57
188
247
225
163
227
111
188
133
82
104
85
224
118
64
118
106
85
193
154
125
192
184
86
133
196
106
133
106
133
86
54
244
145
235
47
169
8
14
22
86
76
167
32
12
79
43
218
224
57
10
189
56
188
79
189
232
163
82
10
163
189
230
184
56
64
57
170
111
56
125
32
214
22
147
238
43
133
189
33
174
227
235
82
218
25
192
89
17
79
190
53
86
44
44
56
192
189
189
26
138
12
12
50
86
43
169
86
202
148
196
134
141
238
224
86
79
57
230
137
200
44
187
145
133
190
228
106
12
189
231
105
56
192
145
224
227
197
178
82
70
171
85
149
37
145
57
197
192
214
199
8
189
26
12
137
238
218
134
255
124
43
242
91
82
111
247
10
50
52
44
61
153
12
197
206
98
199
62
135
6
247
38
10
26
91
238
79
73
228
213
145
218
252
134
83
86
12
192
111
44
103
8
106
103
192
189
102
248
26
62
81
48
73
174
102
219
120
234
133
178
171
242
111
148
150
150
69
178
3
89
156
10
25
157
189
153
44
35
79
110
10
36
77
111
196
201
13
189
26
15
134
135
85
218
44
82
186
227
74
178
219
12
181
148
81
111
12
73
35
22
105
248
35
228
238
106
189
104
238
18
170
26
189
148
10
18
149
137
86
234
201
69
12
228
12
120
149
215
150
230
106
201
12
106
186
64
181
235
106
229
53
153
61
198
12
48
157
173
61
79
112
173
32
163
189
112
189
196
186
111
137
201
85
235
255
86
57
72
186
234
149
198
32
103
86
157
107
77
242
189
219
44
26
96
