230
84
194
50
50
166
40
84
32
194
230
84
80
121
191
50
148
45
121
26
256
62
121
26
80
50
75
26
17
176
157
135
110
203
249
107
26
84
31
165
249
159
182
133
147
249
249
140
80
80
176
147
208
74
42
26
136
146
166
197
150
85
74
86
256
88
256
112
26
248
74
234
50
80
197
176
171
248
208
215
214
208
74
7
56
238
74
25
146
74
194
170
76
242
82
26
99
80
197
110
110
147
175
249
215
87
45
222
237
249
162
197
108
153
157
160
40
88
231
249
249
13
249
197
165
55
82
146
40
96
129
159
50
249
27
86
189
244
222
176
85
239
184
86
189
253
15
52
249
215
157
225
88
91
230
110
146
23
40
40
202
82
74
106
197
197
23
230
40
216
23
153
197
124
162
147
209
165
249
72
82
31
121
86
197
165
121
84
48
153
144
197
23
112
239
220
73
230
72
74
42
243
197
186
55
57
225
18
85
208
159
74
215
215
249
197
162
140
210
163
74
63
127
140
37
197
199
80
52
50
249
153
22
110
64
74
66
165
128
210
82
113
52
139
129
72
40
239
82
55
127
237
105
147
105
138
149
65
112
249
239
106
18
86
239
57
82
157
72
231
215
219
195
55
63
121
197
177
149
175
153
215
138
249
16
74
66
54
106
54
81
153
57
48
204
78
197
250
203
35
239
186
197
197
197
72
220
215
157
45
239
219
237
172
57
72
139
27
140
197
106
80
89
193
250
249
112
168
27
102
61
213
193
189
66
249
157
245
197
193
66
45
215
104
104
219
251
55
27
82
172
176
52
175
147
139
80
199
19
105
153
117
147
108
161
50
159
249
159
243
163
41
215
15
159
32
242
52
197
20
237
15
110
140
194
94
197
94
147
91
256
55
106
215
105
221
177
90
56
73
18
19
159
215
50
27
189
15
50
66
140
197
32
52
215
71
184
73
238
153
237
72
139
131
138
243
251
242
63
210
40
163
50
159
72
23
235
148
80
56
197
128
57
16
16
13
153
138
73
94
115
220
50
186
94
27
249
148
147
210
193
94
242
91
82
194
249
69
186
72
243
197
136
42
177
178
113
85
230
175
110
138
85
104
120
159
203
219
82
105
85
121
251
74
82
123
148
146
128
140
199
193
210
203
215
82
159
110
236
159
251
149
73
136
149
55
55
225
74
42
25
55
214
178
236
73
32
138
232
64
93
138
72
112
69
247
55
80
35
79
190
193
249
159
140
155
50
50
130
249
140
169
215
197
186
213
138
240
62
215
130
84
252
123
193
205
256
149
63
73
193
164
79
200
146
48
11
194
51
146
225
135
172
153
197
126
197
88
26
66
70
148
247
44
126
66
73
214
166
38
155
23
162
35
251
234
146
139
163
43
249
251
162
186
14
23
148
139
139
19
148
44
83
19
64
146
182
85
50
225
44
118
58
117
161
139
218
176
80
159
123
88
170
72
231
50
59
48
130
161
256
215
83
125
91
91
194
247
99
82
107
140
161
170
115
61
63
58
48
135
221
169
72
80
140
232
205
200
188
197
150
215
156
13
205
202
31
88
133
148
51
18
247
247
45
65
5
56
158
244
23
244
159
91
219
25
84
52
52
3
193
52
253
213
155
252
91
33
7
210
139
135
150
72
90
240
215
154
203
25
130
16
45
1
254
31
157
136
104
193
144
33
45
194
35
185
230
56
164
52
56
83
247
1
21
55
146
18
216
62
77
250
193
240
55
65
45
162
158
247
186
193
25
194
256
65
66
124
146
212
256
193
45
65
97
48
73
94
160
225
25
15
233
45
157
176
82
176
55
195
73
186
130
233
73
167
149
136
42
59
160
100
96
121
169
218
82
10
185
256
23
52
195
65
146
66
195
91
146
192
233
33
233
83
256
150
14
135
219
155
195
83
253
122
27
215
62
32
213
155
67
201
145
167
230
31
148
82
190
224
164
101
31
164
144
37
253
256
10
84
128
256
70
221
176
22
25
52
255
198
95
158
64
52
25
253
157
135
164
162
84
84
237
232
231
108
158
233
35
237
186
42
225
64
176
34
59
256
126
183
108
160
70
197
31
31
193
10
29
219
183
210
25
237
13
147
174
83
52
2
82
195
121
127
82
84
192
133
144
67
117
256
10
164
139
102
59
239
223
237
146
252
256
159
91
215
53
35
169
139
256
256
167
31
45
130
197
159
56
42
33
31
139
210
25
42
256
230
75
196
31
52
162
45
128
169
256
193
216
85
229
66
230
108
169
191
94
17
90
58
169
177
75
75
108
203
80
201
58
33
169
63
25
205
215
249
195
73
45
240
185
52
121
159
66
91
52
39
177
13
200
139
125
144
55
190
219
249
223
117
152
19
236
23
256
63
172
256
32
245
175
169
52
45
112
239
210
237
90
55
158
49
10
163
249
72
19
91
39
212
89
10
167
171
40
5
256
10
15
25
107
50
57
88
17
13
30
8
72
152
13
195
34
33
186
34
203
85
107
169
168
10
22
29
34
195
222
11
230
169
81
91
182
135
90
169
10
73
116
223
137
192
237
229
180
95
252
138
42
216
219
237
249
249
88
63
42
193
91
83
216
210
214
241
203
210
144
153
234
5
32
90
196
63
174
242
240
201
81
213
232
195
137
256
210
255
5
70
15
89
196
26
42
76
171
49
149
61
115
201
10
23
210
249
237
49
14
157
135
158
139
203
91
66
34
210
5
126
169
10
83
49
133
210
216
216
216
210
203
49
237
241
15
235
49
210
158
219
98
201
126
116
196
44
197
34
42
10
64
178
10
46
139
186
88
49
42
91
247
198
49
198
34
247
15
139
33
83
88
21
76
45
88
88
249
18
255
210
219
253
251
198
216
147
74
216
10
106
193
133
210
15
184
193
72
116
214
210
35
240
242
139
14
223
34
110
193
244
210
210
26
139
66
255
189
53
133
63
196
19
88
216
133
139
34
12
139
196
210
15
22
35
55
72
34
195
199
34
210
228
203
201
195
139
201
133
210
238
