138
84
29
251
251
123
251
143
143
166
204
164
164
8
231
67
150
57
164
128
56
3
74
164
243
67
186
60
89
7
74
130
239
132
136
95
91
252
58
29
190
160
130
135
130
251
66
61
183
230
256
95
164
223
243
243
205
98
160
165
64
165
95
71
95
205
130
61
95
256
190
137
132
192
103
134
219
5
184
195
235
79
14
29
132
248
170
209
145
130
131
192
209
31
92
98
184
64
183
137
209
180
88
25
14
95
114
95
88
147
95
147
183
98
143
95
172
109
179
14
95
97
97
184
31
110
95
183
235
29
110
56
204
223
136
146
97
31
54
192
132
136
97
89
130
204
8
97
208
184
182
109
143
230
180
235
59
118
244
240
46
249
109
97
130
150
177
54
250
60
75
135
239
222
95
130
128
65
209
14
130
150
97
25
150
128
230
114
153
150
172
178
29
249
194
121
31
194
170
132
110
138
170
251
88
95
182
230
143
2
2
79
46
134
244
235
138
94
184
250
16
211
88
222
88
146
46
150
196
31
114
196
107
249
181
222
136
249
149
130
128
235
110
196
192
240
209
184
127
77
162
138
2
84
162
184
87
109
27
60
179
15
64
106
172
15
170
138
54
17
52
73
146
32
150
61
25
145
209
249
78
250
95
203
5
237
38
196
164
245
146
235
235
29
27
248
226
204
249
151
194
230
84
222
13
138
222
184
121
162
221
162
162
121
151
184
85
84
175
55
235
78
183
132
159
192
15
221
128
136
162
44
17
81
40
84
110
206
81
62
50
95
138
184
162
55
149
184
59
150
249
75
175
136
46
162
150
249
149
132
135
81
101
249
249
176
24
185
162
40
25
235
50
55
78
73
235
146
13
92
86
177
95
84
253
24
165
204
176
118
184
44
84
121
31
222
162
125
28
248
60
250
73
254
210
249
125
27
146
40
249
142
193
24
162
110
55
158
81
209
37
204
146
46
150
38
204
52
230
55
84
239
13
8
46
25
138
125
249
8
76
160
16
55
76
95
97
254
28
193
112
52
212
115
177
230
66
217
91
88
13
170
160
146
110
252
75
55
66
127
210
209
26
211
253
27
138
250
31
115
91
85
115
7
55
66
84
14
84
253
73
1
146
210
85
110
21
61
84
87
38
219
76
225
160
150
180
180
194
162
150
36
15
207
241
150
116
116
46
211
29
225
210
162
75
204
254
249
180
25
13
225
14
22
2
184
214
256
211
13
13
88
50
108
200
120
230
227
13
59
146
256
88
21
193
41
138
27
247
171
84
253
207
160
256
150
250
213
108
158
210
193
146
253
162
55
15
133
207
84
28
230
185
168
150
249
207
175
94
18
108
168
244
28
84
104
185
219
240
199
209
180
123
154
95
204
137
150
232
95
230
7
15
50
197
25
9
187
15
7
134
249
21
112
150
66
50
63
21
59
82
214
116
162
135
195
162
163
12
2
168
84
13
2
160
193
27
116
116
100
121
146
158
199
31
190
168
162
17
15
17
50
38
241
214
202
167
158
182
174
172
249
9
174
84
15
63
104
91
55
62
182
7
16
116
178
162
2
141
225
71
160
83
63
132
55
115
116
230
91
132
135
248
235
70
203
15
193
83
158
56
134
199
230
59
207
167
104
52
171
13
101
115
208
82
248
39
193
9
162
112
26
63
249
82
202
200
157
128
120
146
176
170
146
140
197
88
136
232
50
173
199
249
26
133
129
162
124
184
21
129
50
182
180
227
28
13
170
163
154
190
178
141
193
84
202
97
3
253
256
50
6
82
85
52
216
88
141
226
227
178
252
121
102
52
15
133
85
184
116
84
156
240
112
245
256
139
124
64
168
44
230
51
203
73
109
154
73
104
37
168
202
202
178
24
122
63
149
184
155
43
184
155
122
102
178
53
141
167
30
84
184
63
101
49
182
157
247
169
216
22
173
199
3
32
240
176
133
167
139
141
138
91
114
63
77
184
15
228
249
116
108
248
15
158
158
57
200
82
139
124
158
24
63
182
193
104
124
219
29
84
86
109
136
227
174
55
116
32
193
99
199
17
235
120
89
82
82
230
249
247
159
230
38
178
178
181
112
84
24
8
239
184
77
253
236
253
213
176
72
37
182
176
253
235
213
154
53
25
13
72
32
169
168
193
193
3
77
122
193
236
91
84
84
254
249
224
189
138
91
139
91
15
159
53
23
108
72
31
91
178
242
249
173
118
144
221
181
158
216
15
178
42
192
249
46
178
85
237
185
176
158
5
86
216
36
112
236
122
82
242
44
200
102
133
133
72
32
199
91
63
249
42
247
193
158
115
31
104
76
242
117
108
193
185
163
46
76
91
31
135
196
226
76
189
32
115
5
207
199
256
91
31
116
117
128
177
157
78
55
77
245
55
253
253
76
246
19
94
43
197
251
138
73
157
79
147
124
42
102
199
108
202
88
175
44
59
51
86
133
47
11
23
140
216
140
240
56
196
55
242
157
52
163
121
205
87
110
214
5
82
200
91
162
205
181
21
228
26
3
52
11
138
193
172
45
25
89
26
94
256
193
117
11
128
193
88
163
86
73
128
135
175
108
159
157
202
214
91
243
235
256
63
53
42
66
249
193
111
214
87
45
121
246
200
249
114
256
42
115
124
82
151
112
240
181
96
134
23
112
110
184
88
190
102
25
33
215
128
111
55
230
26
56
39
249
79
87
82
128
111
11
27
162
57
115
249
124
216
215
111
172
52
214
175
240
102
84
96
142
39
34
133
13
245
196
42
159
219
52
162
88
189
193
230
56
53
133
83
230
124
69
72
189
195
76
115
52
14
155
45
77
256
178
49
94
42
216
115
84
256
157
153
256
21
110
102
26
249
215
50
84
139
56
42
133
3
197
193
133
149
86
215
57
15
56
189
193
22
72
215
110
256
56
215
161
189
57
22
111
45
134
91
56
155
56
131
230
143
44
220
213
235
214
249
189
52
157
15
215
104
15
136
157
99
133
104
50
26
63
227
149
159
133
70
157
175
31
45
197
157
133
134
42
196
15
193
133
