80
80
222
80
84
203
220
244
75
75
7
80
225
225
141
165
220
181
211
3
40
181
211
113
75
3
208
40
208
40
211
208
208
59
40
194
97
3
51
62
92
127
127
181
244
208
136
165
97
114
220
59
51
185
211
127
114
185
113
1
114
62
18
97
122
235
122
114
8
141
3
18
177
114
127
127
114
97
122
51
114
114
182
187
181
5
1
246
15
108
65
51
5
78
59
206
182
5
114
183
244
182
200
15
51
143
78
208
138
239
143
253
171
124
114
182
138
235
75
62
121
114
246
78
184
143
114
127
222
88
138
183
92
65
171
87
3
135
235
180
71
143
230
248
77
190
87
95
93
97
208
182
108
29
97
108
114
118
164
88
239
151
205
87
246
130
97
206
230
95
143
141
114
131
138
96
230
190
182
182
40
206
109
71
180
97
164
71
41
206
136
84
84
164
239
93
188
138
78
145
239
22
164
230
141
114
65
89
182
130
3
132
46
61
87
75
95
40
124
124
194
75
190
67
182
209
5
182
222
244
43
88
109
108
182
3
136
93
143
143
108
95
97
182
3
184
206
86
46
252
165
40
93
114
162
77
86
46
132
224
3
250
113
95
171
13
230
93
109
141
136
249
84
204
224
171
67
234
209
246
84
46
208
125
118
3
187
89
150
109
22
222
77
188
66
241
230
227
171
97
93
195
217
130
182
217
177
234
222
249
226
222
132
222
151
162
118
3
118
162
249
47
244
227
164
87
191
84
77
165
246
131
114
114
171
132
77
162
220
222
230
95
3
239
85
131
248
16
3
165
102
172
19
41
165
168
182
95
55
219
138
32
256
67
230
79
75
177
2
29
230
191
182
191
224
3
195
137
141
98
121
138
16
113
160
224
113
217
90
29
73
131
249
137
187
246
128
128
181
77
97
67
87
217
164
132
114
230
79
239
85
54
55
36
230
208
132
75
77
136
132
162
147
66
2
165
132
176
253
240
128
158
97
7
31
203
93
29
256
206
61
61
151
97
136
7
214
62
222
209
77
229
168
205
230
217
25
251
67
176
97
217
228
184
118
246
165
111
90
5
118
22
230
118
70
36
97
55
162
87
118
3
184
5
151
239
77
195
116
33
137
96
107
66
29
230
141
240
157
198
67
79
136
225
190
208
205
33
75
93
55
222
8
98
176
138
217
114
71
151
249
128
190
172
116
180
206
67
176
222
165
119
162
37
109
67
182
182
194
214
222
176
115
108
251
3
230
157
24
222
157
204
37
8
176
162
29
182
225
162
182
237
132
231
191
89
159
164
91
54
190
29
170
58
227
209
236
144
165
86
205
132
183
36
151
184
114
169
82
225
75
68
93
219
157
164
37
43
124
230
33
222
240
132
214
2
136
214
96
65
194
6
51
136
34
144
113
118
214
33
67
157
208
37
206
70
213
158
180
206
66
122
216
85
214
249
222
136
74
95
131
29
190
73
116
79
136
37
208
224
217
164
162
40
68
39
157
98
231
14
141
157
86
168
29
206
239
171
37
162
85
111
182
172
251
171
162
83
107
75
213
158
207
213
214
116
141
62
141
70
7
38
222
40
21
116
216
98
230
88
109
131
11
15
219
79
152
223
165
46
213
157
82
185
185
171
11
164
224
111
84
146
97
137
214
34
116
121
144
58
171
146
219
180
14
230
71
136
113
9
91
229
203
37
130
32
227
230
141
147
151
67
17
137
7
107
122
157
164
214
236
227
98
170
128
160
113
132
200
231
107
97
234
107
95
116
104
116
205
144
113
4
40
249
104
86
177
196
116
122
168
191
229
87
136
111
107
227
88
182
58
139
213
200
64
157
165
211
192
42
213
87
29
40
245
121
118
55
7
102
45
225
17
18
111
17
27
157
95
88
139
87
37
154
101
168
157
25
17
150
164
104
180
39
229
4
121
171
66
95
136
75
179
115
93
36
182
14
115
182
151
227
132
174
244
65
230
113
84
80
32
111
157
211
31
87
247
222
180
141
42
251
104
168
188
17
244
70
15
86
78
15
74
93
111
57
133
230
15
121
137
171
169
104
136
68
71
81
233
168
183
231
199
137
142
11
224
170
117
144
15
8
116
227
7
150
105
168
231
141
138
65
87
5
101
217
141
154
65
38
183
75
171
123
50
138
180
246
2
228
181
225
213
225
144
206
245
80
182
125
29
168
217
158
150
141
2
157
157
114
7
191
42
137
5
191
28
208
160
95
228
191
82
240
182
188
224
187
102
160
205
123
97
158
15
206
188
59
57
224
134
5
2
246
1
227
123
5
92
200
12
39
141
142
71
157
222
96
65
200
191
4
68
111
127
208
254
40
248
46
43
6
124
73
233
198
107
227
171
158
31
129
187
43
188
21
157
192
191
63
224
182
224
249
158
191
233
172
66
25
249
182
227
63
248
217
236
111
188
24
188
37
111
217
165
247
187
230
188
248
200
119
142
89
108
247
82
15
132
196
102
188
43
250
20
123
187
245
247
70
207
224
79
183
124
28
14
12
196
168
219
171
106
92
192
168
168
137
151
14
179
218
6
76
195
37
101
139
30
28
21
182
180
43
192
200
188
144
37
134
37
227
44
119
136
168
246
87
217
143
236
224
231
30
217
46
14
207
136
198
247
113
187
38
241
39
234
217
2
226
193
92
183
101
58
187
106
217
168
90
196
231
238
182
111
39
87
171
201
237
38
115
234
29
217
47
14
224
200
106
171
224
227
53
247
240
198
68
227
155
188
213
106
116
217
244
114
201
135
247
93
37
106
132
227
227
157
74
93
88
137
96
192
63
102
197
217
30
231
37
245
141
1
106
227
192
113
189
192
228
189
227
189
231
241
226
247
171
43
192
247
192
79
137
79
134
65
188
99
114
141
191
1
107
216
195
207
141
130
137
217
154
101
229
201
101
247
30
246
171
137
242
171
53
2
80
156
137
43
43
9
192
135
124
125
137
90
217
