126
47
75
174
7
87
7
59
47
135
75
7
222
59
135
40
244
87
194
181
194
98
87
113
75
40
40
7
40
40
87
244
211
135
231
40
127
244
36
87
40
7
211
75
75
195
59
59
122
107
40
176
7
150
59
244
182
208
7
209
27
25
127
165
7
87
113
28
107
40
40
75
28
75
209
97
29
113
150
10
75
169
107
211
239
208
113
88
122
7
229
165
211
97
203
40
240
29
251
74
7
237
223
135
134
55
150
75
185
180
146
209
107
144
58
208
128
210
242
95
80
40
230
181
36
185
170
121
165
28
118
166
146
97
7
185
99
208
74
175
221
107
185
208
113
150
105
24
36
29
176
15
185
248
164
185
118
185
107
208
5
136
121
36
228
7
240
29
55
168
1
118
205
63
118
171
235
118
170
231
59
36
41
203
59
166
65
208
254
191
128
92
206
166
160
58
210
125
40
185
203
128
80
47
21
28
80
185
179
164
254
41
168
138
175
165
184
65
128
31
235
229
29
194
203
165
149
231
55
195
150
164
98
208
67
171
170
136
66
118
11
97
204
206
40
77
36
178
234
11
256
118
194
89
256
179
55
171
136
118
150
116
208
118
118
36
208
225
231
80
152
211
219
159
185
166
170
203
185
134
194
171
156
36
165
205
21
170
36
191
208
39
92
228
118
132
91
92
43
116
59
107
121
162
162
143
36
228
138
234
40
206
152
228
152
113
231
244
143
80
80
21
125
32
152
194
118
165
171
93
59
88
166
222
256
210
97
146
152
36
71
107
59
20
169
43
141
136
229
149
136
107
76
107
32
231
73
217
253
256
164
89
256
185
184
125
146
254
35
136
143
107
194
42
59
194
254
150
231
252
41
101
191
158
228
118
207
166
118
131
249
185
222
77
92
92
162
194
118
194
244
71
188
118
152
226
121
191
168
152
80
92
152
254
107
185
132
184
254
152
191
198
188
152
66
166
224
73
67
254
194
166
185
208
144
118
15
119
118
65
244
254
150
136
143
206
87
92
200
150
234
91
124
152
102
256
58
18
185
109
176
188
182
31
20
31
191
18
94
21
203
25
207
65
241
25
7
88
31
40
119
132
143
40
254
254
244
219
25
76
206
202
256
66
92
203
194
254
10
253
160
141
170
25
132
136
241
254
203
80
191
224
135
71
176
36
47
254
146
31
25
25
114
89
113
185
203
131
244
93
188
31
162
83
194
125
228
73
188
244
207
107
118
66
186
185
152
67
220
165
21
118
75
66
253
171
234
124
132
165
124
169
253
43
227
75
42
136
152
92
171
25
88
141
203
165
118
130
160
42
152
185
209
217
181
160
119
73
189
229
244
118
251
20
21
191
254
118
30
116
87
63
187
119
250
15
131
188
34
224
165
188
241
142
217
41
121
206
196
256
152
73
101
254
101
249
118
37
185
98
43
171
33
172
94
121
50
116
188
191
156
166
101
149
62
227
152
191
104
110
164
185
254
191
71
14
176
119
191
191
12
152
254
133
249
87
186
194
195
42
91
188
191
176
152
146
214
134
118
101
20
101
10
169
151
20
191
221
101
188
152
101
53
22
194
256
241
181
65
110
223
231
188
111
20
246
188
204
37
165
152
125
132
107
241
234
200
98
63
103
107
191
10
194
139
87
142
5
47
65
42
18
188
237
244
161
170
206
50
200
83
169
4
254
191
254
150
231
111
171
135
238
140
94
58
168
89
20
73
91
58
169
208
165
234
155
89
125
36
95
169
185
191
231
49
146
195
200
254
68
170
118
40
185
208
26
91
92
170
110
188
241
59
206
83
18
234
98
21
61
208
120
83
97
191
120
188
191
9
28
160
108
194
4
125
87
200
118
240
26
83
150
170
198
89
184
124
119
7
185
221
134
191
140
34
204
207
191
10
22
254
191
66
36
34
98
22
186
166
160
4
1
118
35
160
136
239
169
40
26
117
59
224
182
92
188
132
150
255
22
107
206
74
43
34
101
144
214
68
231
130
35
31
231
254
240
130
21
191
235
200
219
188
152
231
92
188
140
206
59
21
70
166
200
227
92
185
92
152
91
53
200
211
135
256
24
125
35
231
231
10
25
200
201
62
217
91
55
190
20
147
30
185
144
59
98
22
64
219
191
241
59
234
107
196
171
160
191
186
152
66
35
98
188
20
203
186
126
4
107
89
229
240
130
171
43
71
254
186
78
4
191
173
21
31
234
216
231
87
103
69
188
9
25
61
25
24
98
253
185
10
171
164
145
146
205
242
22
191
231
41
229
153
68
126
254
231
104
152
188
160
191
185
37
203
25
125
234
145
186
102
89
152
147
146
194
245
185
188
200
237
191
134
191
21
43
224
37
36
17
224
125
191
34
61
26
2
14
254
191
55
193
71
64
126
68
113
59
249
146
191
206
192
29
76
119
191
234
18
10
57
37
59
160
63
205
68
13
123
191
171
135
36
242
24
36
134
68
117
171
155
65
219
170
185
214
43
218
28
185
37
152
74
235
238
104
42
193
5
36
198
46
59
78
180
185
108
119
8
191
89
219
245
96
18
105
78
191
69
205
185
241
191
253
181
4
197
76
20
98
7
4
22
68
186
110
68
37
256
249
167
154
14
107
30
188
85
49
11
219
36
21
206
142
3
241
4
199
126
256
181
69
14
174
26
68
229
186
119
217
51
119
61
119
106
42
191
192
107
118
219
4
254
43
254
152
152
241
156
67
250
126
254
1
91
125
26
153
103
152
191
196
231
107
68
185
213
152
21
4
229
43
239
191
248
235
190
152
113
90
120
191
28
17
35
191
219
232
240
117
51
157
229
83
68
62
254
174
190
144
21
103
71
90
33
36
189
25
22
26
138
113
113
106
56
70
36
68
141
89
125
100
119
191
22
195
190
42
68
55
225
113
234
76
121
68
147
68
102
126
4
152
173
152
93
228
224
224
241
42
146
125
245
36
146
195
185
36
239
42
229
239
245
35
79
81
4
185
76
34
191
219
245
245
228
106
185
137
167
120
68
125
155
185
208
152
247
186
199
196
20
81
80
4
155
32
135
75
24
245
118
31
19
68
223
44
11
117
159
174
115
212
239
185
68
110
125
94
19
231
206
35
21
252
113
197
176
37
125
69
229
68
68
96
126
125
125
36
68
68
156
37
22
110
215
191
4
36
161
251
186
21
224
160
160
195
234
155
125
107
61
65
20
18
239
92
216
25
153
186
185
11
40
155
25
240
68
21
59
107
19
68
104
223
62
221
252
211
68
156
44
125
115
94
191
237
53
253
46
160
188
155
88
188
68
68
36
129
152
36
159
170
5
57
149
68
219
173
86
191
113
79
68
20
241
185
147
141
152
203
78
56
33
152
246
191
22
24
125
20
49
125
156
113
26
57
201
4
191
152
196
191
228
241
173
256
59
250
224
134
152
68
134
134
191
195
125
245
125
84
152
119
39
20
244
110
68
239
161
229
185
5
125
240
89
245
231
185
73
37
191
191
10
125
20
244
134
173
152
156
191
200
88
173
196
239
87
245
4
68
233
191
234
234
20
58
26
191
37
2
152
68
152
56
191
245
119
107
234
191
211
152
119
15
4
111
58
