80
146
146
146
84
80
162
256
256
146
211
87
256
231
129
212
212
174
229
129
18
94
153
153
153
61
194
147
153
153
166
147
18
199
66
54
94
18
18
66
220
177
177
127
200
32
245
222
225
94
141
51
183
183
220
218
145
172
22
220
197
177
89
170
51
220
126
225
51
177
239
51
69
94
36
146
183
36
126
129
177
54
177
106
54
51
54
87
54
199
54
94
106
3
245
251
145
225
174
174
79
72
113
123
135
147
177
123
183
123
50
251
200
129
50
54
220
63
63
109
98
126
208
184
143
195
154
239
160
147
174
94
51
62
208
9
118
170
47
174
123
197
82
97
141
54
127
3
165
126
130
82
242
189
81
143
73
3
27
50
50
177
47
3
251
175
119
110
54
197
69
239
245
164
90
140
165
119
170
50
47
208
48
178
112
145
173
3
242
163
197
138
197
74
62
85
229
90
26
31
69
34
242
16
50
125
8
8
246
62
251
74
153
172
54
256
246
177
163
50
77
26
199
140
140
153
193
157
36
240
53
170
178
193
145
151
50
238
52
13
197
82
74
50
205
18
74
74
8
140
50
89
159
208
159
34
220
253
175
193
148
177
48
140
62
166
232
118
220
62
74
219
48
77
54
127
51
76
74
254
106
157
208
51
77
209
209
4
114
193
15
9
20
177
148
220
8
244
152
92
244
23
160
48
240
208
60
152
225
215
240
199
140
36
183
151
77
209
20
88
220
163
118
36
151
202
249
20
209
177
49
16
16
222
156
99
163
12
114
232
154
37
31
246
95
38
233
71
149
244
31
77
49
114
166
50
175
242
182
193
175
172
183
23
78
222
92
126
159
126
163
4
214
82
173
38
125
48
69
251
77
175
49
110
15
146
232
204
156
179
161
170
177
175
163
149
95
249
38
48
126
92
119
82
48
62
51
222
204
177
76
199
148
214
82
50
54
111
249
239
250
92
237
148
18
118
249
213
208
152
120
249
237
134
144
203
85
161
210
133
92
216
41
13
156
62
210
123
63
63
109
249
234
59
43
151
136
156
129
50
155
106
244
81
4
126
156
85
216
216
198
198
129
41
235
48
183
189
163
175
136
40
134
154
12
216
82
183
194
82
56
214
57
15
118
123
246
126
118
41
158
89
135
175
134
140
216
126
82
242
85
38
231
69
104
132
152
230
204
132
218
98
159
156
118
216
82
204
150
94
156
181
161
216
198
69
47
161
216
111
156
248
216
113
145
101
3
48
181
137
81
161
185
103
197
116
140
94
81
57
193
111
180
248
116
116
216
212
200
37
57
15
19
48
222
248
38
180
157
247
116
159
104
248
139
200
248
116
216
85
248
57
189
26
57
200
216
248
101
248
85
104
10
246
216
149
255
104
101
124
158
156
248
101
102
85
82
248
183
134
254
248
201
247
255
134
38
63
91
111
104
85
15
6
111
158
104
179
193
47
196
134
254
38
247
