127
127
127
31
138
231
166
194
127
144
135
185
203
84
146
69
146
162
237
11
36
69
84
21
146
21
87
87
244
185
146
223
242
35
205
174
144
79
67
86
100
31
138
21
194
138
138
114
165
237
29
231
140
26
100
135
223
105
196
223
149
59
210
155
166
189
62
155
87
223
13
196
36
69
59
59
84
86
25
185
33
2
153
164
138
243
69
88
108
26
60
58
176
180
80
60
108
59
21
60
80
36
146
83
186
209
209
105
89
66
135
84
223
212
250
237
191
209
43
146
114
135
14
136
135
114
176
74
86
55
35
8
162
75
121
151
204
231
86
74
84
3
25
74
112
75
90
205
9
166
194
86
55
253
89
194
179
14
221
165
35
153
54
84
100
185
88
31
130
95
26
177
221
121
150
229
24
26
58
112
81
75
209
223
165
244
112
112
231
182
153
74
166
229
43
107
94
221
206
237
77
256
72
33
112
229
196
67
199
36
144
176
87
147
256
147
169
196
73
3
36
193
169
135
121
52
35
89
237
140
163
117
230
60
105
199
3
117
108
249
112
177
36
249
31
75
86
224
129
74
102
35
103
58
191
75
84
137
89
249
223
223
211
196
178
137
82
7
209
103
74
240
253
242
231
58
230
189
187
256
19
84
150
33
80
89
178
89
166
62
150
80
168
192
199
176
85
118
256
59
162
83
203
221
33
223
132
89
135
58
82
108
176
8
223
58
95
186
256
137
137
95
14
178
192
107
31
52
166
73
85
65
221
128
100
31
221
52
31
104
165
165
95
111
215
97
131
124
7
224
191
209
177
222
52
237
115
124
85
166
243
95
33
166
96
128
256
178
165
114
138
88
108
59
167
52
33
237
128
10
208
171
59
195
100
133
39
136
41
132
39
31
100
60
107
237
158
195
146
66
256
165
116
176
209
108
124
82
215
63
237
107
64
174
72
32
66
136
131
24
111
160
55
205
80
184
108
95
138
77
44
80
50
74
165
145
50
138
50
145
96
82
160
59
88
118
221
25
86
59
23
31
146
100
256
208
240
138
80
88
37
186
13
169
140
237
183
72
12
205
62
178
64
166
232
37
170
97
248
229
256
256
228
158
52
146
35
62
166
46
256
145
84
136
76
39
201
169
256
42
58
9
97
38
225
85
31
11
99
196
146
13
50
122
215
205
88
37
203
203
1
10
85
144
88
27
236
64
46
46
70
110
172
33
88
176
146
35
77
76
28
31
77
89
135
106
33
128
33
228
215
206
33
213
131
88
236
45
130
215
221
170
63
249
189
63
178
197
85
15
230
64
97
149
77
204
8
171
235
70
206
137
208
228
107
114
53
77
77
171
64
133
62
89
256
255
77
24
31
150
23
176
37
228
170
67
63
169
243
177
86
240
39
70
124
201
146
85
135
221
74
33
45
215
171
256
64
249
113
138
201
82
236
215
70
194
145
228
102
31
144
111
201
7
97
170
221
87
225
49
77
77
88
184
154
60
181
27
78
53
168
87
95
136
248
176
192
89
131
190
95
57
12
184
112
56
133
71
86
145
42
187
133
45
73
228
146
203
13
91
237
15
42
203
176
162
64
101
138
197
128
215
44
35
134
253
190
72
15
221
158
171
146
144
153
189
164
231
203
201
163
83
240
144
93
162
106
222
210
174
162
157
197
72
170
128
190
45
139
205
170
170
130
125
199
53
121
146
58
155
97
169
157
72
209
35
69
236
131
25
132
73
231
219
208
150
15
203
221
104
146
205
203
11
82
115
240
136
256
59
133
25
146
118
140
91
192
213
144
117
114
52
88
130
52
253
133
35
17
136
106
77
55
179
146
198
158
187
121
77
222
29
17
10
35
77
240
131
131
252
58
35
75
132
122
87
150
23
163
35
190
249
149
110
176
77
131
235
116
207
228
236
169
228
86
16
82
131
171
211
161
145
12
79
139
116
184
249
206
133
25
29
19
209
34
62
164
82
31
128
88
110
184
29
53
52
77
75
190
238
133
256
237
67
133
65
78
191
135
59
205
94
65
58
197
186
205
118
88
49
133
144
88
91
252
77
223
240
199
215
135
248
34
77
31
23
184
236
228
163
59
240
251
84
78
13
189
256
184
236
57
66
101
63
192
134
53
31
203
86
240
157
124
232
113
181
174
124
235
31
27
169
213
133
106
135
221
88
88
6
82
158
34
77
256
25
92
86
52
158
31
111
109
33
178
256
221
28
198
132
252
146
100
48
69
191
117
249
67
190
112
69
250
31
199
131
133
34
62
224
26
236
146
47
64
34
75
108
103
114
13
13
183
186
96
207
58
93
138
58
244
9
168
89
169
35
221
237
32
240
186
163
62
57
193
166
170
159
221
102
240
77
111
95
105
176
90
114
131
131
104
237
89
106
168
189
62
236
32
195
8
60
9
57
201
248
133
133
181
19
88
227
101
16
171
230
166
223
179
217
132
230
136
12
227
65
77
82
252
65
77
55
186
169
160
120
91
221
131
83
164
164
62
238
25
107
250
157
186
210
230
88
8
201
176
64
83
124
174
105
74
236
151
198
82
228
158
124
42
240
66
179
146
81
170
186
74
216
94
170
163
249
124
91
53
162
5
124
250
111
256
61
7
86
32
256
74
2
240
193
12
133
37
131
133
77
130
133
14
32
249
230
170
17
117
250
109
11
252
184
83
201
237
88
166
77
105
219
240
61
76
236
40
77
231
236
191
189
64
166
124
158
154
148
85
75
160
13
34
19
77
124
163
223
29
252
101
132
196
98
210
48
57
169
32
25
78
169
177
190
249
132
133
192
53
83
60
53
64
53
88
175
117
89
196
189
163
43
249
169
101
83
77
248
232
161
11
31
110
132
178
112
150
221
88
219
189
252
91
158
82
244
124
67
35
115
4
228
25
187
77
67
199
10
170
219
101
136
131
146
62
28
131
169
205
89
22
134
186
181
186
153
248
150
229
38
120
221
131
169
38
67
131
15
164
131
15
244
203
110
60
25
131
196
48
194
89
189
236
178
158
60
44
131
35
223
88
146
8
116
228
170
195
247
60
176
222
181
227
238
236
89
169
98
103
190
5
144
88
10
121
53
64
132
256
238
192
205
57
144
108
111
53
115
221
242
191
148
17
181
91
219
55
250
36
187
122
60
53
47
240
82
13
102
210
158
82
82
183
89
121
203
83
190
17
237
235
207
94
228
140
46
48
83
170
240
250
189
25
69
17
203
35
96
70
17
193
102
110
240
10
222
120
106
235
130
150
18
82
77
207
73
157
108
140
53
37
240
62
76
238
187
6
73
256
22
133
86
174
149
10
189
12
247
201
78
64
13
248
203
193
252
170
124
138
248
170
89
138
4
124
121
64
12
207
201
223
149
76
207
35
216
199
82
170
73
197
124
108
70
238
74
48
120
158
122
88
101
198
112
44
101
46
157
10
255
228
34
197
35
12
104
247
197
27
101
85
48
156
196
163
173
49
61
82
124
26
88
66
134
12
131
12
26
26
137
82
197
78
228
238
