19
248
34
5
240
240
137
81
212
91
212
81
126
218
240
110
212
242
115
51
123
110
189
91
177
175
64
87
251
228
87
189
184
219
84
62
2
114
86
11
242
140
235
94
219
205
235
189
184
190
110
162
104
85
196
66
190
215
50
228
148
189
76
72
66
43
155
140
85
11
18
2
143
66
189
182
181
114
195
148
178
235
228
15
12
12
66
172
77
48
184
235
184
140
57
181
155
178
62
109
101
29
85
184
66
56
123
62
120
94
216
29
215
140
29
94
136
112
85
62
42
86
133
216
149
39
54
149
189
112
220
170
196
184
159
184
172
11
42
250
85
120
161
88
225
167
167
106
43
120
218
76
66
243
63
85
82
72
201
85
149
106
159
159
149
177
66
104
170
215
133
32
182
170
85
215
184
172
215
82
249
85
54
215
237
15
128
140
85
85
44
56
179
170
210
128
85
3
207
28
79
48
133
94
184
155
218
11
54
215
233
56
243
237
197
249
239
85
85
172
232
204
172
133
95
10
149
192
56
235
136
249
233
239
54
149
85
56
239
208
85
13
106
104
247
85
216
177
239
218
149
177
38
26
14
95
133
229
229
161
178
121
204
41
183
248
209
248
177
64
32
32
48
228
208
192
192
209
85
159
54
161
16
136
75
230
239
41
208
86
203
207
178
23
95
208
57
201
54
22
208
133
208
208
248
175
218
222
175
136
41
183
183
218
75
208
75
98
155
133
114
189
16
56
222
232
178
181
181
209
82
222
214
155
178
75
192
82
82
208
222
85
222
159
197
189
192
82
82
54
222
72
189
75
218
115
193
214
222
197
133
209
159
82
85
190
222
183
209
75
82
115
53
115
218
141
168
178
193
82
208
102
56
142
63
72
141
197
209
175
175
104
82
193
85
85
82
72
197
35
82
82
133
236
82
52
133
177
178
54
186
85
50
133
220
53
75
75
53
85
62
208
54
220
85
197
115
85
197
197
53
197
214
54
106
53
197
197
115
123
105
55
55
26
48
84
74
52
54
82
123
74
85
55
53
249
249
63
85
77
53
249
128
249
82
63
175
202
197
189
48
82
