250
250
250
229
222
235
222
59
75
250
222
66
35
235
5
38
181
94
94
93
222
229
111
95
69
182
55
146
6
5
174
129
256
181
60
129
94
180
91
162
122
222
174
32
123
210
129
105
58
122
93
174
40
178
64
7
38
128
174
162
201
6
66
33
102
165
174
217
105
243
11
181
93
24
181
111
84
217
164
128
58
58
93
129
182
40
97
84
103
6
186
174
122
121
144
136
164
245
178
174
69
154
91
66
181
166
214
26
138
256
217
7
118
136
145
129
10
24
105
182
15
17
91
141
32
174
80
203
138
144
122
231
184
110
7
181
24
75
73
181
84
169
135
231
141
113
94
97
51
17
217
242
10
122
181
182
97
140
88
154
9
150
181
181
223
93
182
129
120
178
107
109
113
64
221
97
78
231
154
136
154
17
150
107
219
38
105
132
54
55
243
139
199
117
129
208
15
214
91
129
40
190
94
122
165
186
118
125
150
109
118
105
110
172
59
37
64
226
105
55
187
94
179
205
7
179
240
55
250
33
144
206
174
191
196
181
217
244
1
118
122
243
181
250
79
205
109
203
70
79
100
75
226
70
51
150
25
9
125
94
93
17
51
154
67
51
243
69
249
182
92
93
83
9
10
125
208
139
236
185
191
123
234
84
223
150
125
178
205
209
240
81
184
69
18
51
177
67
94
59
59
33
105
24
177
61
17
87
11
3
179
59
219
88
62
235
246
131
211
79
216
223
38
3
134
117
88
243
119
65
11
141
11
121
1
187
28
230
164
166
8
209
225
125
28
131
217
75
141
11
136
28
244
122
140
129
223
25
87
174
146
59
169
88
94
206
164
136
223
167
43
217
8
205
217
205
172
167
164
4
167
205
92
164
234
231
195
176
240
10
187
206
87
167
11
125
88
130
121
97
219
9
235
144
212
216
172
217
109
92
119
28
154
41
231
185
114
168
105
205
129
216
167
146
246
147
21
58
58
66
24
170
131
135
217
8
184
118
67
256
66
77
24
214
219
105
170
170
241
233
223
230
198
108
109
181
216
165
205
92
183
33
135
24
114
55
231
130
97
54
30
222
24
119
146
233
125
60
205
6
109
7
139
13
167
94
105
114
230
109
135
146
30
94
211
29
8
88
94
214
7
217
94
147
246
113
141
249
181
249
209
38
109
66
212
114
89
222
3
227
233
5
217
254
122
187
124
94
187
94
108
29
105
108
94
38
170
175
30
77
119
204
230
67
24
181
165
36
200
150
139
122
178
256
109
55
58
14
248
92
26
135
153
227
241
217
114
198
37
15
49
249
77
173
89
46
78
100
41
14
223
191
181
245
105
181
17
105
89
191
80
120
114
216
109
118
217
167
109
230
114
3
92
135
24
30
78
38
217
109
55
138
55
66
91
243
185
184
211
26
141
131
123
178
94
60
154
108
62
109
67
210
181
9
9
217
87
69
219
43
78
206
153
122
94
207
115
184
135
28
109
109
86
243
36
9
24
13
34
36
39
127
178
231
6
121
62
105
148
212
210
105
226
217
67
90
153
217
120
51
253
64
176
9
25
245
253
90
9
217
58
231
9
27
87
87
32
16
243
231
26
27
139
255
128
114
40
253
67
9
16
206
226
192
165
162
226
244
245
244
253
151
29
114
141
122
135
43
133
132
151
43
226
182
245
235
49
132
114
16
207
17
69
241
77
40
217
88
63
97
226
32
139
32
109
69
49
76
54
151
9
100
62
71
246
114
174
235
108
30
113
69
64
187
162
45
94
149
166
54
83
141
92
172
217
78
88
109
6
149
136
226
181
216
128
67
188
186
219
137
181
153
207
9
24
1
36
210
124
234
244
29
62
17
207
92
153
217
242
237
83
126
160
196
192
38
6
44
226
86
165
9
139
217
67
185
3
156
221
248
183
56
128
110
201
191
174
94
118
49
164
151
226
124
226
141
192
17
9
204
245
7
118
207
109
49
64
19
185
26
139
141
114
190
67
244
210
18
245
14
215
245
226
207
114
160
21
83
6
205
69
192
28
248
43
237
183
49
39
252
185
217
192
14
175
201
217
253
6
49
94
40
115
245
183
205
76
111
136
178
121
166
233
255
166
207
106
203
196
2
187
10
207
136
19
44
190
16
152
174
250
127
238
32
3
156
14
225
35
174
87
229
6
173
136
149
57
5
203
31
124
89
150
172
219
86
10
167
31
124
137
100
71
14
49
76
226
105
207
215
121
137
77
73
106
237
77
6
31
205
94
160
4
228
187
151
70
76
190
35
83
93
43
98
53
53
149
37
76
254
250
156
112
6
196
201
172
167
130
171
131
10
124
139
253
228
222
87
167
108
215
31
219
212
91
125
77
135
95
163
96
144
110
138
241
237
125
77
196
67
12
177
55
167
39
106
246
33
115
106
91
39
41
4
35
185
200
148
163
204
53
69
205
122
118
40
117
59
19
170
94
113
33
99
190
237
207
209
14
39
8
220
1
25
192
238
34
76
256
5
44
214
208
166
59
130
40
69
10
187
73
64
51
122
78
171
88
192
214
120
241
192
44
187
133
134
39
155
78
14
255
210
59
106
81
78
152
78
196
20
33
112
223
226
8
124
76
110
201
150
39
254
126
35
237
197
111
106
124
43
150
124
182
199
36
6
74
44
112
4
228
39
229
110
203
77
170
40
254
180
187
185
52
51
236
152
254
124
77
64
151
14
169
165
219
216
147
125
182
106
26
242
5
121
219
35
132
187
219
44
70
136
186
31
170
49
78
45
110
220
213
150
187
193
94
146
217
235
94
10
77
197
78
176
145
149
119
98
147
220
69
190
209
90
125
49
198
133
75
44
31
163
212
120
43
250
231
156
76
172
204
113
207
238
249
108
148
219
125
9
105
240
24
189
42
91
12
42
233
34
221
106
43
120
191
25
223
196
131
252
74
137
58
199
207
34
105
111
124
111
256
90
23
76
27
43
10
75
76
175
49
213
226
192
25
253
201
237
203
31
103
256
43
47
8
252
252
117
91
133
106
169
77
64
47
214
201
88
77
109
230
130
203
91
131
120
103
253
230
52
189
21
105
200
63
256
137
254
178
212
149
78
212
12
43
146
108
196
99
227
197
39
97
169
212
219
164
5
108
212
238
31
13
115
169
224
106
10
77
242
136
240
218
76
222
77
232
14
203
255
184
59
96
164
247
104
224
256
252
39
203
105
226
207
234
65
136
176
235
247
196
71
20
45
28
189
149
38
59
102
235
200
105
4
196
74
14
10
32
219
43
120
5
242
169
34
115
10
10
35
10
196
248
163
134
234
132
22
70
164
78
205
224
11
64
115
196
53
131
158
34
254
103
233
11
176
158
224
210
176
117
238
196
171
35
255
34
245
226
203
224
148
42
30
52
121
86
148
115
170
50
219
7
195
169
39
198
230
39
34
35
2
241
195
175
175
19
187
255
207
96
26
10
116
19
256
235
189
37
229
235
244
227
159
201
52
171
33
124
103
96
196
2
170
184
192
49
8
78
200
235
