36
204
208
160
208
208
80
80
62
36
208
65
211
28
80
166
40
27
15
21
65
208
36
143
242
211
112
242
128
146
194
107
152
50
126
138
126
189
138
231
36
84
126
40
146
165
40
95
80
194
244
127
165
205
126
224
194
172
242
95
165
231
95
231
191
165
165
40
240
235
48
123
95
150
190
231
87
183
80
231
186
186
108
230
174
121
170
205
203
15
253
59
73
95
121
83
67
231
244
17
223
180
253
231
66
66
184
36
235
219
194
165
191
79
120
244
126
211
166
65
33
249
165
136
152
191
254
123
96
242
191
165
80
174
235
76
209
80
183
138
231
244
80
57
25
244
94
235
11
222
123
90
157
39
235
229
222
242
191
3
183
130
174
3
222
151
115
249
153
50
130
62
40
36
146
41
87
108
156
195
123
55
165
37
90
205
166
80
43
36
191
153
3
135
7
206
55
150
45
118
27
88
97
36
174
136
191
55
144
169
228
222
118
75
155
184
115
71
123
174
11
7
144
89
52
214
185
68
182
11
206
223
150
121
11
15
238
151
153
138
228
63
17
115
146
150
150
45
206
80
55
7
140
112
251
71
253
42
191
87
205
186
30
80
228
115
62
83
102
27
235
145
195
114
187
144
6
208
36
244
47
38
162
34
32
223
250
160
146
11
206
153
156
182
59
240
75
113
187
45
1
145
47
224
112
215
96
95
194
103
96
103
130
184
191
209
125
131
203
197
74
34
31
97
71
160
182
71
254
71
154
136
73
165
32
153
11
71
87
235
208
156
50
240
245
27
191
75
115
194
40
89
14
178
154
75
151
51
16
174
80
73
195
109
150
153
121
71
100
219
80
198
148
75
75
240
248
153
11
237
154
249
191
73
79
242
27
73
184
87
162
143
96
144
113
70
123
1
241
29
7
48
159
110
232
202
109
9
123
137
240
6
162
75
183
165
209
181
153
16
183
251
123
36
228
67
250
103
5
243
206
70
88
66
251
115
123
140
147
162
183
73
88
236
209
238
14
64
66
209
220
220
100
154
203
219
89
71
184
141
62
79
62
177
32
88
71
136
35
110
245
98
141
185
98
87
25
181
80
235
112
100
14
151
74
37
52
140
204
235
71
181
63
185
223
162
246
150
229
256
160
229
237
62
135
43
71
140
11
175
244
199
86
40
115
73
73
180
40
253
132
206
57
26
62
51
75
80
250
153
141
181
235
160
211
208
235
184
191
205
251
180
206
144
113
182
220
160
70
151
64
42
195
38
205
205
77
66
223
121
132
136
194
14
25
251
198
94
246
70
23
108
251
118
204
175
57
151
62
204
185
211
138
178
32
194
141
9
17
166
95
101
97
236
204
148
240
168
96
244
181
181
153
181
156
96
181
11
136
194
27
94
154
111
215
133
150
165
140
174
14
184
71
179
76
47
161
56
181
168
101
138
76
165
141
136
136
235
125
235
184
149
246
251
76
75
16
88
94
114
208
8
73
22
178
171
160
79
118
209
151
153
235
235
256
153
138
241
95
209
235
224
146
182
181
5
32
189
174
186
153
52
217
83
136
67
219
94
197
48
22
22
202
215
76
65
36
162
204
27
79
235
235
174
172
132
179
161
102
106
112
115
250
180
143
102
208
248
64
151
202
82
215
140
224
22
211
136
17
52
149
72
115
230
39
191
168
141
153
136
22
171
24
244
143
161
136
97
112
96
182
73
141
184
45
161
161
118
224
97
184
17
161
99
141
195
168
153
120
103
48
203
168
183
224
141
121
184
141
18
79
31
81
232
108
1
230
73
217
140
17
107
107
186
168
80
97
59
45
12
64
81
138
165
178
96
147
161
73
94
130
5
94
165
138
141
140
202
157
219
246
121
26
118
185
37
64
29
150
36
228
177
107
185
219
161
166
136
37
48
250
224
165
49
161
136
161
32
97
208
32
141
67
149
140
208
155
102
168
122
21
99
243
174
24
168
48
118
22
22
168
232
184
215
218
171
208
19
44
112
118
95
246
94
53
223
230
69
199
136
85
22
26
230
99
188
17
251
29
37
73
199
15
86
168
254
115
165
91
50
79
12
168
32
114
118
215
241
242
109
206
161
166
118
241
204
161
95
5
155
73
230
5
171
149
95
21
184
204
165
206
29
208
52
229
219
129
6
209
95
165
166
59
6
231
211
210
9
105
254
92
191
62
40
166
122
208
211
246
15
95
69
2
177
104
44
251
152
122
165
141
68
161
95
97
135
84
198
8
180
184
205
224
99
12
194
171
161
189
43
219
223
158
96
188
52
75
165
64
224
221
145
76
12
163
95
253
150
118
122
190
229
205
43
50
30
92
182
211
168
244
144
171
20
54
166
250
142
218
171
141
229
158
20
132
164
220
80
99
87
15
31
102
165
163
53
202
204
136
211
52
246
132
139
79
132
165
12
205
80
42
211
211
24
111
58
22
150
166
212
241
169
212
62
141
69
182
40
244
141
155
1
21
132
180
149
191
54
209
12
138
250
52
128
97
84
98
116
68
120
191
245
212
128
212
72
2
107
58
218
197
233
177
155
97
92
43
191
53
21
165
89
155
197
89
231
139
188
190
132
30
177
96
229
116
67
202
191
199
68
251
132
155
92
176
192
191
126
111
251
55
161
68
20
52
143
12
92
79
160
172
196
43
191
164
132
78
150
132
114
27
21
102
212
200
68
249
164
90
58
147
59
118
22
29
210
162
63
111
252
209
37
155
133
155
224
236
68
18
111
46
195
164
155
52
124
107
205
155
114
81
226
188
18
248
57
168
235
43
43
79
29
191
49
80
3
111
197
246
165
97
138
62
224
90
52
168
29
79
208
18
52
69
155
52
37
68
24
171
191
29
235
32
84
237
240
191
88
139
20
254
168
37
104
191
5
148
52
111
74
35
198
29
68
239
186
232
148
114
60
193
4
4
188
148
96
53
157
20
249
28
7
105
179
52
152
212
185
219
47
44
164
132
171
44
52
171
18
118
36
256
158
45
68
179
4
119
97
142
70
166
202
191
148
79
28
185
29
44
237
44
48
84
56
193
164
179
187
202
244
1
185
52
99
247
151
135
84
139
71
47
190
246
198
29
32
231
117
185
183
209
217
231
66
42
236
246
146
53
138
84
164
231
123
156
45
249
191
231
118
191
130
195
130
224
17
176
24
42
148
174
43
95
95
119
107
216
29
87
125
164
57
224
155
202
58
104
231
30
21
80
197
7
130
172
255
124
230
226
202
224
58
78
176
255
136
234
254
224
245
62
136
14
182
254
30
193
78
118
244
255
56
180
36
246
148
137
58
197
125
218
248
126
156
107
188
231
148
55
23
169
99
173
148
163
130
1
234
173
43
244
148
224
7
148
107
157
80
78
58
180
188
50
23
224
47
148
179
243
218
179
245
203
92
235
194
59
253
213
20
159
137
14
55
35
114
135
191
20
246
79
139
148
221
203
176
176
169
254
73
191
148
2
109
88
148
47
167
88
244
202
95
109
43
138
92
109
77
31
56
23
218
210
139
217
20
232
22
23
