95
95
7
97
71
97
97
209
184
97
89
97
14
16
97
184
136
208
114
54
54
107
178
54
208
54
184
54
127
54
208
127
114
54
226
54
127
71
127
147
126
63
226
209
235
54
129
129
251
129
128
83
174
126
126
123
123
129
82
126
208
165
123
98
123
177
18
127
219
82
62
98
165
251
129
143
165
123
62
129
165
219
123
177
51
83
50
157
251
19
58
160
92
51
160
69
51
128
182
114
19
172
177
109
98
58
63
83
174
154
51
38
209
4
209
38
177
192
192
211
58
51
29
51
238
177
51
10
182
177
51
106
129
83
131
14
225
116
51
157
251
83
51
231
138
58
109
106
231
123
182
181
177
19
4
136
75
239
244
129
250
250
54
182
181
36
246
79
136
58
108
22
95
45
54
36
8
36
244
220
127
68
151
53
25
220
41
56
58
200
54
189
84
220
84
30
54
225
150
113
222
25
136
79
137
15
41
98
75
204
68
130
155
67
109
136
109
4
113
109
5
144
116
208
200
54
41
192
189
181
97
82
63
53
152
152
109
116
34
243
75
156
98
75
231
87
67
238
98
212
87
156
16
30
208
58
243
71
173
98
90
82
248
107
28
82
74
99
151
137
150
79
71
243
254
24
82
4
68
82
82
38
37
248
211
243
71
37
27
130
231
145
165
90
112
79
160
109
61
4
38
211
229
58
254
57
90
160
160
173
4
38
51
90
79
244
61
160
64
76
144
152
13
136
33
160
172
245
173
57
237
57
68
237
237
211
66
198
204
122
173
123
172
208
165
66
199
208
41
198
208
198
86
4
171
160
135
249
67
36
71
234
28
53
171
104
174
212
66
212
173
12
173
4
171
4
4
241
66
201
104
63
204
99
184
237
204
136
161
109
55
163
49
209
124
245
199
253
190
36
209
212
253
34
237
161
207
89
241
124
184
157
211
44
103
66
184
136
67
77
50
26
237
130
99
153
185
171
235
128
237
164
62
171
190
45
70
226
19
118
200
116
226
223
214
142
253
212
176
143
17
200
230
209
116
26
161
37
198
92
135
164
41
58
126
78
207
8
200
224
36
190
191
33
206
82
49
182
162
211
68
50
171
64
200
65
70
53
168
150
200
118
200
64
226
7
217
203
254
92
83
226
218
193
221
113
226
58
230
152
99
104
14
99
170
191
190
156
6
2
73
254
155
4
200
163
232
205
73
135
214
254
223
254
58
58
234
157
254
253
151
221
232
