160
18
217
27
151
208
129
208
27
166
170
51
119
130
29
59
79
79
58
80
79
221
177
33
177
92
183
87
239
170
41
67
208
129
77
67
107
59
36
79
136
170
239
242
41
7
192
69
136
177
162
192
75
144
126
237
54
14
174
251
130
123
39
238
75
126
33
242
112
151
253
211
250
208
97
6
57
36
24
203
80
79
107
14
182
75
27
250
239
184
25
254
30
225
35
225
41
208
6
138
230
95
242
175
156
236
110
253
28
11
239
77
223
59
222
79
121
41
6
95
217
250
79
183
239
188
73
95
18
67
192
136
107
21
182
98
121
140
24
6
222
3
89
79
28
140
72
75
252
154
7
84
89
16
41
115
14
126
109
244
96
188
183
109
20
156
24
222
16
246
183
18
140
150
74
50
63
30
250
248
254
136
107
250
71
25
102
222
222
27
170
175
134
8
208
92
234
183
27
183
115
170
145
183
71
3
40
141
79
79
239
183
177
241
223
109
253
40
121
183
140
132
102
24
108
51
108
154
95
113
242
252
76
89
79
187
248
89
183
222
145
234
111
222
102
178
156
248
195
54
59
176
180
248
75
216
222
13
115
11
160
84
216
71
72
20
41
3
16
3
222
170
250
7
3
29
175
40
63
3
222
5
221
253
151
30
109
160
59
30
218
222
225
79
144
238
177
102
187
118
222
15
88
130
194
102
76
95
63
30
177
24
175
180
142
208
132
177
107
188
223
5
16
46
64
145
109
160
250
136
98
14
244
3
88
40
145
160
30
175
238
237
15
147
67
219
18
248
96
67
71
188
59
79
97
118
79
238
142
130
207
222
145
180
47
26
38
237
98
180
187
182
5
29
6
147
112
97
90
40
192
18
64
222
192
187
147
239
239
188
211
139
136
144
236
107
96
126
62
28
80
136
11
191
160
121
90
196
175
230
152
67
71
111
160
5
160
192
160
184
75
187
1
86
78
95
126
205
97
187
6
225
118
219
168
90
225
107
126
254
199
185
191
180
182
222
14
180
238
250
246
166
90
79
90
71
152
248
50
63
69
137
118
253
126
6
79
27
241
84
225
86
118
142
238
14
168
131
225
5
107
18
175
11
22
105
96
192
38
209
254
44
175
145
107
12
119
51
90
241
253
145
95
2
145
174
59
156
41
180
208
73
71
209
187
160
54
218
185
96
181
141
11
47
254
43
238
20
147
2
196
209
152
239
109
71
209
199
95
67
20
64
121
2
192
254
90
148
16
1
218
209
224
92
254
184
41
129
183
209
224
206
77
150
154
198
98
138
113
46
224
104
156
41
136
40
6
187
93
160
21
93
156
239
22
66
239
180
115
44
211
211
190
70
132
170
144
144
148
208
15
192
41
138
120
138
192
136
243
24
92
231
221
156
108
92
254
75
182
144
46
97
181
19
90
109
102
78
28
90
41
206
87
6
152
90
92
136
171
36
126
244
191
132
9
60
126
118
2
63
219
218
244
240
212
135
208
234
199
175
63
132
139
195
211
130
36
136
54
237
132
243
238
163
223
150
227
195
206
163
234
188
152
54
109
113
66
71
175
204
85
40
248
26
19
37
153
41
196
108
27
132
152
254
97
206
111
2
152
142
37
148
254
151
109
64
248
152
11
254
41
36
200
95
151
142
156
36
182
2
201
21
38
167
66
129
66
243
75
3
6
60
36
142
156
132
254
99
22
132
97
144
97
95
192
54
243
205
243
217
68
99
68
5
254
254
238
158
4
145
132
206
111
43
68
254
117
151
132
19
224
6
254
35
77
138
151
132
220
63
92
192
98
109
172
2
63
39
234
109
19
180
102
254
209
109
238
30
254
117
44
68
111
165
256
160
195
148
70
234
185
46
187
246
10
252
188
235
234
132
181
132
240
182
220
196
222
76
234
68
94
181
256
243
91
35
43
109
14
184
110
238
200
79
6
136
110
36
192
70
184
156
36
62
60
105
171
2
130
200
200
238
95
254
220
141
101
20
254
209
2
5
1
243
200
62
71
69
108
109
111
70
187
247
200
71
132
132
254
9
171
89
230
150
114
241
252
187
95
248
66
160
20
90
98
70
141
95
241
252
191
157
142
36
75
134
22
102
112
96
164
217
41
180
206
171
67
57
134
68
109
63
19
204
71
70
222
175
46
187
204
254
156
2
191
219
209
70
105
71
57
168
243
93
90
85
231
36
231
155
228
172
167
2
206
148
227
61
171
142
209
118
99
36
148
72
93
94
227
113
222
169
103
103
160
118
30
94
143
60
143
137
171
127
160
142
241
80
208
132
194
237
167
63
241
241
254
236
22
106
137
193
237
207
113
7
143
208
192
59
24
106
127
222
63
115
76
211
62
63
254
69
118
38
71
160
200
82
132
95
17
83
254
190
35
126
204
141
75
109
26
127
141
38
172
156
51
9
243
160
227
224
43
89
215
104
254
41
9
63
16
148
254
211
234
254
71
97
195
61
111
103
199
9
132
142
40
132
254
148
17
108
109
87
40
207
4
40
54
207
47
77
195
182
150
60
151
118
43
132
103
30
71
158
173
122
193
128
173
14
254
79
97
242
154
3
132
132
161
130
241
254
101
99
124
152
151
247
98
190
43
188
229
200
136
77
151
193
227
65
35
122
122
122
246
38
132
53
154
114
245
212
2
58
188
143
236
59
83
70
254
54
244
234
151
152
171
14
221
124
75
101
126
2
190
171
44
13
200
57
227
196
245
158
125
181
228
144
157
104
239
32
37
77
224
131
91
44
158
25
136
70
1
237
116
40
190
43
221
118
57
220
241
59
75
231
76
201
118
237
171
37
98
30
148
247
144
54
104
117
224
225
227
21
36
134
254
138
107
235
254
168
234
161
101
224
35
64
144
82
58
194
254
138
112
152
254
254
208
150
247
207
152
174
87
7
235
208
248
254
112
90
41
174
227
132
250
94
141
200
214
75
171
13
37
182
146
152
126
185
254
113
217
188
43
196
233
218
148
37
148
104
24
150
9
113
104
68
211
200
152
181
206
161
119
116
249
34
101
64
227
227
233
245
1
113
101
104
171
43
241
104
203
151
232
126
57
224
207
200
31
126
38
254
171
200
101
186
44
61
44
224
207
49
200
104
231
125
254
206
239
90
255
50
142
239
189
143
124
35
110
95
89
136
224
238
8
104
143
11
200
1
221
210
222
92
10
187
37
187
247
241
200
150
237
241
65
130
136
233
58
234
200
114
37
172
36
154
2
62
208
162
109
22
50
114
194
61
161
254
88
44
217
188
65
151
114
117
59
125
80
154
232
148
169
78
108
203
4
125
90
226
150
253
168
10
119
31
198
244
244
1
104
112
137
136
156
201
4
37
154
31
38
131
166
196
117
200
92
61
92
237
23
114
104
142
50
227
137
38
53
101
201
135
109
89
131
112
19
65
112
254
125
50
241
154
197
254
171
112
247
211
113
114
191
142
179
186
141
227
81
65
132
246
206
224
181
168
68
168
190
205
252
136
182
89
36
187
90
26
92
166
2
142
193
100
141
190
188
196
191
117
204
142
110
113
217
229
26
211
190
198
157
185
245
250
59
104
62
27
230
221
240
88
118
7
115
142
59
27
241
62
254
237
163
4
113
208
201
117
205
109
62
50
217
210
207
100
46
217
35
196
66
198
110
142
207
61
187
137
193
88
1
125
247
73
9
187
43
102
125
70
200
60
131
240
190
80
233
250
191
7
89
244
188
26
136
50
35
234
40
56
190
12
2
92
43
5
115
42
190
219
102
200
247
132
61
182
234
132
170
125
1
143
226
191
254
70
171
241
97
247
73
78
156
187
1
72
7
33
50
35
125
190
206
130
7
173
224
188
20
37
2
107
253
119
152
78
129
2
19
7
113
125
2
192
78
50
31
43
188
6
102
224
159
7
226
43
135
206
14
71
226
214
95
144
34
50
161
158
229
202
158
171
240
73
245
144
190
221
107
90
35
72
18
124
234
205
88
191
6
254
237
234
100
75
188
25
20
34
78
147
132
247
198
81
4
240
167
179
62
200
173
31
191
161
80
22
119
234
124
147
144
113
1
30
65
34
240
40
203
6
170
214
10
101
115
144
228
33
223
224
186
214
221
30
36
88
7
256
205
229
254
104
70
30
202
247
137
66
156
107
200
27
211
120
24
81
119
119
191
188
234
88
