95
219
250
128
128
250
211
95
143
212
222
128
32
108
177
211
177
222
239
146
212
108
147
107
212
114
95
17
54
32
177
172
130
174
212
28
251
165
166
150
98
146
212
222
80
109
55
13
75
132
187
24
141
222
140
114
32
229
40
171
172
36
17
67
32
160
182
222
75
172
3
80
171
231
239
128
60
222
97
171
188
175
67
7
60
160
114
88
94
100
225
136
224
107
239
71
128
92
76
7
16
194
171
88
150
136
109
191
107
97
129
135
191
115
128
67
222
66
112
144
88
10
223
183
225
22
64
139
67
67
251
97
249
95
40
7
31
200
176
171
164
182
9
194
32
172
208
249
67
115
172
106
17
54
80
136
121
10
74
177
29
176
80
141
177
89
100
108
166
141
195
3
38
29
227
245
67
166
130
14
195
202
164
6
73
13
240
129
75
188
210
151
36
29
126
146
141
174
228
235
138
230
222
75
152
209
64
8
108
89
59
17
212
231
243
126
21
172
172
162
75
191
29
188
138
40
17
51
206
208
94
121
51
208
235
51
139
151
150
32
125
143
81
166
129
165
92
200
10
40
90
108
84
89
28
84
123
54
20
13
89
67
174
186
241
84
165
75
243
231
172
39
33
66
40
135
39
5
67
144
191
19
162
62
165
67
123
94
26
21
223
195
208
143
80
97
239
153
251
143
52
54
12
256
54
11
54
235
195
40
234
112
108
52
165
191
111
58
7
60
1
226
4
36
188
239
42
188
117
169
59
123
92
160
182
39
186
126
25
165
80
84
39
237
162
143
138
110
242
244
165
160
202
39
129
125
166
217
115
87
126
40
246
123
231
186
203
123
137
35
90
59
172
226
9
3
94
75
125
130
145
126
198
212
92
143
97
165
7
21
244
136
59
29
88
17
95
146
204
40
215
174
41
235
90
40
36
225
29
126
66
155
145
204
97
18
8
145
194
75
59
145
199
204
242
108
123
39
13
107
251
24
151
8
75
120
209
34
111
209
59
89
144
219
219
24
231
220
245
145
192
150
244
143
211
5
121
208
242
75
212
189
87
94
75
126
182
209
245
18
17
115
194
21
123
185
17
211
166
178
24
26
229
17
105
208
242
40
72
184
106
185
46
75
74
36
106
239
36
136
251
79
128
84
136
9
3
84
17
97
146
191
172
36
9
87
105
136
13
162
184
157
254
156
6
59
83
182
6
223
123
17
87
143
191
59
237
208
97
40
166
106
29
30
143
164
151
6
59
211
123
245
20
231
97
59
28
239
165
67
95
17
242
10
176
49
78
226
211
231
140
106
97
97
231
193
132
156
104
24
86
239
37
166
40
17
30
123
18
18
202
8
39
240
6
71
99
154
8
118
225
14
42
113
164
251
141
13
92
28
20
87
15
162
230
85
28
234
97
6
137
224
198
121
137
166
244
195
128
135
14
253
91
180
24
85
64
251
114
250
184
164
88
160
254
33
125
75
4
19
7
178
18
40
7
191
184
146
198
143
17
59
41
7
212
90
97
141
13
40
50
239
84
188
225
125
41
157
67
20
154
104
150
147
54
20
199
29
217
108
97
194
97
40
220
92
42
23
131
5
170
55
111
124
133
92
131
132
250
244
191
171
61
132
217
31
56
54
220
184
137
8
123
132
92
242
216
91
220
150
191
60
137
18
40
83
198
95
177
254
176
58
195
250
7
86
141
43
84
43
67
137
151
229
204
248
177
161
77
93
184
28
172
33
125
177
12
20
140
131
239
208
185
152
176
140
171
184
46
96
178
13
67
30
114
191
107
24
187
178
122
241
206
239
56
59
254
97
62
222
230
157
82
43
84
212
156
54
89
197
174
50
143
140
97
18
82
150
223
160
231
213
90
98
208
198
250
77
186
146
89
208
77
182
54
56
209
147
22
254
101
65
166
62
249
36
155
151
25
123
18
185
206
72
29
131
137
204
217
114
185
62
97
191
206
65
229
248
37
123
100
26
115
97
48
106
4
36
90
153
43
43
97
137
26
123
42
158
239
245
160
120
115
239
222
106
224
218
11
61
56
18
185
34
72
151
75
104
42
198
239
230
174
251
12
157
243
220
5
186
137
204
47
251
141
149
248
78
125
72
123
123
92
228
49
25
140
106
82
114
191
160
225
204
212
239
129
72
24
206
105
137
135
51
222
15
251
95
77
162
184
209
47
225
239
72
35
59
143
87
110
115
84
208
95
108
132
173
106
18
115
132
114
105
108
225
144
74
184
110
117
100
127
215
54
159
250
56
137
18
253
140
100
172
153
137
181
211
90
75
160
205
137
45
223
54
151
165
213
228
172
90
105
137
133
159
254
119
54
89
216
150
125
33
20
159
250
42
208
211
191
33
242
251
243
205
46
162
177
88
153
51
132
231
100
189
217
85
108
214
175
176
110
49
97
17
32
137
218
251
107
239
209
17
239
172
58
238
87
69
105
62
235
151
173
76
24
239
229
82
195
222
211
242
174
241
130
39
65
192
42
33
222
221
134
16
144
240
115
59
222
65
219
60
200
237
98
162
172
13
172
230
227
161
165
18
162
204
108
205
49
62
56
143
126
175
59
18
245
136
137
19
5
54
130
131
37
202
191
241
109
119
229
137
22
246
94
136
241
13
184
18
133
44
105
42
137
195
171
195
1
33
29
131
209
240
90
249
8
87
132
176
29
244
191
235
41
20
176
20
131
63
137
222
5
117
64
5
117
140
182
255
24
243
241
173
18
239
52
114
78
9
137
137
140
195
49
49
49
222
115
156
53
137
132
137
141
221
99
130
9
114
109
137
175
159
191
119
20
105
24
180
90
89
195
24
199
44
90
30
241
223
255
82
75
125
78
209
8
135
90
1
57
54
130
48
58
205
20
121
75
132
24
70
62
197
18
137
125
37
255
245
72
151
140
134
1
125
206
250
141
90
163
205
123
171
58
118
17
231
207
4
81
206
106
164
245
58
130
143
130
188
58
131
114
241
70
14
62
109
18
123
67
137
70
135
188
43
86
246
174
4
161
143
112
161
136
24
188
126
173
82
60
151
237
245
59
19
71
60
71
173
77
70
19
246
76
175
255
70
70
115
23
247
209
234
131
246
119
63
70
137
9
54
160
77
39
103
164
21
125
237
24
163
195
99
151
159
29
194
83
120
197
132
235
23
116
20
206
70
35
92
132
201
213
132
15
159
254
231
166
51
197
54
60
229
4
92
114
165
153
77
1
242
60
203
178
14
15
125
173
205
253
60
72
231
171
15
95
159
220
16
132
249
3
131
96
79
53
85
138
87
137
196
119
161
132
254
199
228
146
13
132
14
60
4
241
106
40
33
60
224
201
237
20
40
48
40
194
22
108
125
28
239
14
166
109
179
14
53
245
201
53
14
203
256
256
224
137
3
113
211
124
124
5
60
228
14
218
33
201
132
228
43
132
195
20
207
110
20
46
77
125
46
88
118
106
78
31
53
38
240
8
4
88
60
240
246
176
142
101
4
178
252
60
137
76
132
217
5
250
70
169
228
149
226
230
125
133
137
