95
162
209
251
3
121
170
251
209
190
1
209
18
117
16
46
251
103
146
46
206
166
7
95
95
127
206
146
27
7
90
151
146
146
76
29
95
40
113
206
224
83
209
205
62
185
239
95
251
138
1
251
74
128
162
121
138
151
80
208
26
7
21
95
61
178
80
34
250
251
169
38
90
51
26
50
206
176
217
208
138
205
113
91
209
136
172
123
31
116
164
84
208
123
84
111
130
113
50
74
51
83
122
136
151
151
51
29
24
40
209
178
208
113
130
40
190
172
129
186
208
71
146
208
162
140
140
19
71
71
87
85
146
219
146
29
77
171
195
191
27
129
21
110
26
203
110
254
51
87
77
140
129
41
203
209
39
255
61
36
74
208
162
106
127
218
113
31
208
144
80
51
123
40
103
50
230
29
209
225
211
36
244
26
114
225
146
176
123
77
225
145
229
194
51
97
140
140
220
156
29
234
28
4
155
142
55
46
7
74
211
123
93
18
26
123
204
90
238
123
251
59
123
229
147
51
240
251
96
162
251
9
21
219
131
19
134
95
251
252
220
116
225
54
200
6
98
147
199
239
60
125
222
200
125
118
54
71
162
123
68
93
225
251
165
224
127
181
176
179
127
54
16
98
123
67
54
251
156
90
14
112
143
27
138
123
67
176
46
4
212
13
185
219
113
94
37
90
81
7
54
18
98
40
98
36
95
241
18
54
237
81
40
4
75
67
125
242
5
255
40
152
90
209
185
248
94
156
80
36
166
234
6
85
80
87
194
174
22
99
103
208
16
165
184
4
83
156
164
18
105
147
34
128
169
153
105
18
182
21
18
125
225
65
123
98
154
10
123
194
11
247
40
41
251
150
143
237
159
229
67
96
182
212
74
47
178
104
254
23
176
152
18
47
41
18
194
87
250
61
54
182
6
152
231
171
244
223
9
94
242
50
215
206
7
111
20
94
75
87
140
27
33
91
182
187
85
147
133
40
219
71
67
33
59
165
182
113
2
194
87
67
239
215
156
67
248
140
199
179
88
250
166
90
221
81
184
33
33
51
178
247
232
129
248
105
110
95
97
219
36
162
112
3
113
227
41
230
85
62
17
153
174
59
62
25
4
191
241
51
124
3
160
109
156
244
184
14
237
71
151
28
153
140
143
93
128
182
117
119
51
212
62
85
185
119
104
160
132
17
117
206
200
172
238
211
230
67
17
172
207
117
22
200
156
156
189
244
99
156
99
3
125
239
107
105
182
138
51
230
134
181
178
125
136
204
108
23
246
245
242
28
110
219
51
85
98
28
244
212
251
34
181
5
145
125
252
124
140
209
251
174
195
160
51
3
123
251
6
191
156
83
22
200
93
119
194
128
85
106
98
118
110
127
145
133
96
195
41
251
68
191
5
87
87
123
83
234
230
153
152
242
94
254
156
244
178
235
123
223
212
119
191
18
106
5
29
219
6
87
153
102
20
209
208
107
34
18
29
205
187
97
242
57
134
28
43
122
37
177
138
76
244
172
83
255
119
205
85
105
253
184
87
94
25
209
107
244
186
156
172
18
121
29
244
51
114
177
3
181
118
50
36
165
49
23
143
29
234
23
85
119
19
205
30
65
96
29
88
154
153
177
178
182
16
145
123
37
41
62
100
19
199
75
226
29
254
125
200
140
222
119
181
147
87
28
107
197
126
136
47
249
82
202
238
16
94
94
85
126
4
34
182
212
125
115
33
178
107
67
67
156
69
119
74
154
2
5
140
62
74
251
153
121
51
75
73
112
235
33
49
82
246
104
19
47
72
125
22
195
182
4
157
20
57
197
195
178
14
96
216
154
244
3
115
125
208
28
197
217
101
10
200
147
123
80
47
197
62
235
254
224
209
153
119
62
126
125
133
54
59
85
234
74
243
4
156
162
65
200
122
200
53
207
100
163
48
50
42
90
41
133
209
173
47
209
49
92
146
156
209
61
20
28
24
23
197
50
197
104
227
85
53
212
198
90
61
241
234
149
8
246
133
14
158
93
156
20
156
178
178
105
28
96
200
156
125
50
231
200
174
84
186
157
246
239
222
165
208
182
179
217
207
29
112
132
133
102
182
152
14
42
143
120
207
8
227
26
112
227
208
209
204
198
107
102
190
244
20
244
181
134
10
143
87
221
74
197
51
98
170
181
24
147
210
182
20
219
117
190
48
73
50
165
176
133
5
133
207
245
77
194
173
78
20
235
20
254
89
119
105
241
230
152
141
152
89
197
57
124
143
26
246
197
2
245
119
92
104
160
94
168
218
157
224
141
105
199
178
2
211
133
20
105
178
209
157
82
244
57
57
235
234
205
173
237
157
120
82
178
139
62
62
20
105
236
86
173
152
66
18
65
122
184
182
205
62
128
39
18
83
218
122
5
198
64
29
240
245
218
188
178
152
218
113
170
48
78
48
18
217
105
134
144
167
62
200
25
68
108
90
207
254
70
234
224
98
72
177
78
139
30
72
254
72
203
211
39
30
133
167
120
220
229
212
98
41
34
218
157
235
116
222
116
125
207
227
207
167
35
139
185
222
218
42
133
34
173
2
86
238
99
20
70
173
9
4
186
94
12
41
43
173
12
254
28
188
149
65
173
241
107
44
47
125
234
58
53
159
34
170
218
88
155
3
203
24
116
229
188
254
45
244
35
3
130
238
113
70
40
40
5
47
215
30
4
221
224
231
8
233
23
99
65
12
4
124
64
155
107
8
72
113
173
72
190
6
9
215
201
95
72
82
246
6
12
218
53
64
140
125
107
19
218
27
193
109
141
34
169
238
56
86
72
224
34
35
170
43
12
72
203
99
72
