7
107
73
73
234
81
25
3
73
54
7
54
208
3
146
52
54
54
54
147
31
121
226
123
146
184
31
135
239
253
245
88
250
172
60
60
66
165
244
172
140
60
165
181
7
60
60
14
27
112
17
66
14
60
121
60
60
245
172
66
172
43
60
123
60
169
60
17
209
60
31
222
205
184
123
14
209
184
211
180
66
151
172
182
27
208
207
112
74
235
143
211
30
123
222
78
222
217
66
137
118
73
95
78
172
60
99
75
50
187
245
137
14
220
30
78
143
14
169
235
49
176
143
66
78
95
160
29
49
25
84
67
14
109
160
55
194
60
165
60
211
98
83
165
78
109
187
3
212
29
50
249
67
182
75
172
122
27
67
49
212
156
60
165
67
194
123
67
14
212
181
49
78
96
165
67
74
187
34
122
60
67
243
60
226
3
92
78
95
77
96
243
129
226
4
212
78
107
160
90
221
9
166
141
123
73
169
165
205
9
15
212
243
165
226
211
130
84
217
60
109
226
109
36
62
89
165
78
89
195
206
247
62
245
206
97
247
221
109
9
62
135
51
195
109
146
153
109
147
129
32
141
94
160
29
31
226
147
129
22
130
199
108
164
253
75
165
116
108
217
154
192
172
243
131
172
78
2
194
67
221
169
84
141
120
212
182
77
92
120
79
135
145
199
238
27
195
199
217
141
217
164
169
21
109
170
60
58
204
5
156
172
199
62
174
60
217
121
58
205
65
169
246
40
2
42
135
190
181
241
94
40
145
182
174
190
135
43
60
108
217
90
216
33
88
190
182
109
109
217
95
2
118
229
182
174
182
17
173
97
165
68
246
182
244
135
75
172
166
109
180
107
2
245
16
107
160
207
169
177
213
40
169
68
90
216
224
182
21
245
60
203
92
230
114
107
201
234
246
33
54
114
89
152
245
46
125
60
177
197
182
43
135
121
118
109
243
92
122
109
122
92
135
165
182
132
196
121
2
4
114
94
222
154
30
245
59
248
33
17
65
154
216
122
242
92
195
78
216
154
77
52
135
68
185
207
246
177
107
109
46
194
222
30
109
46
46
154
75
137
4
137
124
2
180
124
68
246
152
243
82
166
244
6
137
33
132
78
136
31
30
198
154
30
118
1
1
103
33
88
49
246
78
84
226
198
244
246
30
122
113
43
118
182
5
109
137
110
246
246
246
180
136
124
255
173
28
207
68
188
217
203
131
132
43
252
154
11
2
88
217
132
30
100
4
226
59
19
138
33
173
107
78
217
9
79
31
122
110
246
2
173
70
207
132
217
109
90
170
192
224
171
150
13
224
109
79
217
42
207
137
216
134
79
33
98
92
53
157
254
69
78
173
57
173
60
254
207
132
208
33
254
43
163
77
254
185
217
118
200
109
213
