248
111
96
38
81
123
244
76
204
110
2
150
192
244
192
119
76
162
119
2
79
3
14
128
248
162
79
119
3
90
81
192
162
128
143
192
79
244
54
128
128
128
55
229
248
229
156
123
79
123
107
190
248
137
190
20
190
192
97
142
248
123
229
55
97
7
107
181
99
150
123
168
142
58
150
58
123
21
40
132
40
194
20
21
90
6
105
40
24
70
36
150
58
58
234
36
183
54
54
90
21
55
142
172
151
123
93
113
189
171
126
54
172
156
234
231
54
246
194
182
239
144
90
113
142
87
172
103
256
142
191
97
217
217
150
182
202
191
235
33
227
215
200
122
122
54
216
90
12
173
90
152
87
173
154
54
246
106
63
178
85
106
79
246
142
106
254
47
144
90
154
137
154
24
3
2
141
154
40
152
200
23
173
147
140
129
140
154
117
20
231
152
20
37
154
152
125
124
152
40
152
188
246
154
125
23
207
171
53
161
218
53
149
218
161
218
