229
59
7
59
107
184
87
11
7
162
231
61
231
166
162
169
59
61
166
59
231
191
59
59
8
14
231
223
7
184
59
128
136
231
21
166
136
169
3
146
220
246
244
59
33
135
136
230
59
21
88
61
151
208
146
194
166
7
151
225
97
194
167
97
208
97
7
135
130
203
88
174
125
41
169
97
208
217
151
236
102
33
124
7
90
237
160
50
107
191
128
191
146
186
96
128
23
202
204
211
88
128
160
146
79
230
90
33
122
80
59
253
108
150
69
69
230
90
140
130
160
208
92
113
162
214
231
222
102
162
77
170
168
244
24
217
231
100
186
113
168
194
87
52
33
166
77
231
64
64
253
152
211
231
138
230
51
183
255
100
59
44
191
240
168
168
246
194
74
59
108
99
176
144
100
96
28
146
144
89
28
248
9
183
46
183
227
108
191
130
170
59
64
212
230
52
61
171
107
113
34
47
162
30
162
87
75
119
64
206
1
108
212
8
1
244
118
1
231
236
154
122
186
222
108
119
146
168
108
162
191
195
46
36
168
28
230
40
42
46
9
54
233
109
191
209
92
214
98
204
194
88
129
217
217
118
212
118
1
162
156
59
217
7
166
50
202
54
46
230
135
58
7
246
30
72
206
89
225
47
140
28
217
28
89
252
51
116
209
9
89
208
46
191
118
90
236
224
233
171
98
229
150
191
62
71
185
56
1
224
56
209
236
88
72
197
100
98
71
181
9
151
92
1
44
185
252
8
71
208
121
21
194
20
189
170
203
211
42
15
183
252
109
151
59
183
208
44
28
140
63
171
24
97
26
71
185
46
204
55
138
109
245
44
30
219
101
107
130
56
119
19
166
119
245
180
128
71
30
87
88
1
187
142
42
72
245
191
210
135
217
200
118
5
84
2
112
118
151
142
35
226
188
152
1
206
183
200
104
113
234
1
183
89
89
184
20
100
138
254
36
37
9
16
92
245
180
24
195
13
107
245
55
20
40
202
201
28
222
214
244
236
108
93
211
84
171
62
60
164
158
92
198
116
5
30
252
245
19
206
84
112
217
119
230
30
100
84
91
188
132
224
112
14
217
62
108
206
208
42
171
93
65
146
60
90
171
217
214
98
38
108
168
19
113
107
128
194
76
245
175
44
96
81
217
247
97
46
136
126
245
92
230
217
171
84
75
118
209
63
54
1
167
59
2
171
253
72
231
166
116
200
135
24
41
92
10
21
88
89
118
171
243
194
6
116
199
171
60
92
118
113
49
43
1
152
24
253
50
130
193
200
195
136
171
2
191
169
191
141
217
243
30
171
70
154
64
152
97
31
95
109
72
206
1
221
113
111
113
185
152
142
60
104
46
88
226
54
21
106
144
166
24
142
75
119
65
245
107
165
171
203
35
95
70
58
20
60
73
217
2
100
108
254
218
142
20
40
68
34
108
254
190
180
200
108
245
248
28
203
240
121
142
188
1
108
200
65
169
232
209
187
121
109
100
243
116
152
11
109
191
64
152
161
89
47
60
121
2
179
195
202
144
44
117
119
78
6
100
41
90
187
18
185
208
244
160
2
231
170
89
128
182
2
204
195
83
223
65
118
119
100
236
129
221
245
158
200
65
92
155
24
154
90
92
20
1
188
207
1
1
109
142
142
19
1
126
195
71
30
144
171
112
108
240
2
102
67
118
191
126
5
191
78
14
141
102
107
17
1
164
152
92
171
191
130
30
119
138
254
152
195
185
108
244
195
243
1
217
59
229
85
118
107
188
44
227
217
171
78
123
1
245
142
100
203
217
1
179
37
109
60
203
217
215
115
227
47
126
100
224
148
11
11
70
142
142
49
1
165
231
229
1
59
112
44
89
200
4
217
116
2
142
49
200
44
2
142
2
217
218
187
181
180
2
181
111
118
65
34
34
92
2
93
250
195
181
130
185
8
210
44
188
142
224
2
8
221
60
142
208
92
92
222
171
160
2
135
81
18
203
227
253
68
107
112
196
253
74
11
210
231
188
188
2
141
51
223
141
222
233
198
2
187
142
217
67
223
171
234
125
245
1
187
52
22
10
200
171
60
96
2
54
44
179
2
217
171
65
142
194
222
11
100
186
169
5
116
202
191
40
60
16
49
188
92
47
142
89
1
142
49
187
11
2
39
142
250
119
121
121
142
24
34
96
217
130
40
201
254
24
236
144
185
8
216
244
130
96
200
182
122
81
11
241
142
34
222
241
2
142
125
5
245
108
142
227
160
22
142
244
239
142
241
89
213
188
4
227
142
145
92
241
171
173
44
140
241
40
68
227
64
2
36
229
241
2
49
24
92
159
1
245
224
119
203
44
14
135
222
108
92
63
197
34
223
223
205
227
5
35
227
238
194
200
217
142
142
171
212
88
14
227
224
241
125
111
68
122
242
21
47
41
108
103
142
14
30
113
78
217
173
227
65
153
125
35
2
71
26
142
227
142
115
227
108
198
142
238
120
5
8
142
2
44
185
5
24
224
169
1
61
44
241
34
90
18
102
14
113
224
103
24
118
107
188
122
18
227
60
163
50
96
185
116
227
2
254
188
216
188
253
227
2
142
2
189
148
121
43
249
235
68
24
160
18
142
131
130
15
124
96
225
212
254
53
5
191
38
244
148
28
212
20
241
191
24
227
47
195
8
2
213
132
25
90
43
67
67
201
29
20
142
181
8
24
132
186
201
81
69
188
229
30
185
74
234
197
188
229
113
5
80
224
60
60
191
188
30
60
19
217
179
217
96
14
227
2
187
133
203
15
247
227
227
47
121
203
102
1
244
241
2
130
148
120
227
192
253
238
240
171
98
101
194
49
89
203
47
125
142
241
43
141
30
141
10
152
42
227
229
191
125
5
14
7
148
168
213
4
69
210
193
68
108
168
187
92
249
156
125
210
140
180
82
205
185
96
5
178
79
34
43
34
224
8
224
3
22
97
60
103
256
223
60
2
30
229
154
187
227
4
247
2
187
47
18
242
236
240
67
47
203
103
152
217
142
137
125
101
108
156
227
121
238
108
4
130
30
24
212
96
109
38
89
108
120
56
2
95
227
101
18
46
13
2
39
64
140
90
141
1
49
227
2
121
49
221
90
29
242
227
213
126
31
48
237
224
81
201
118
47
23
5
8
187
198
203
35
227
42
2
61
30
221
5
82
235
67
30
191
142
125
108
148
90
154
227
218
40
10
222
193
23
44
22
154
196
135
142
180
38
184
147
125
1
148
227
188
121
89
57
28
151
234
30
240
64
147
237
167
109
120
18
79
196
194
10
224
78
5
213
43
78
173
222
195
247
51
96
64
34
83
5
248
60
103
222
253
61
69
195
38
15
16
229
83
83
171
103
25
83
211
72
101
201
120
237
227
46
219
48
203
34
85
130
199
90
193
39
248
227
76
139
181
74
238
231
238
256
32
51
53
227
58
139
227
34
140
154
227
101
1
30
31
116
15
227
110
65
64
70
78
154
241
47
148
26
227
146
34
223
93
122
68
39
107
102
108
219
234
124
52
4
11
121
242
38
27
193
56
82
115
201
158
25
27
74
244
210
223
256
236
175
139
249
121
32
101
232
227
59
238
131
116
244
57
76
49
256
252
76
234
88
223
111
236
65
76
109
191
57
22
49
19
38
144
93
78
181
187
14
170
22
227
26
212
139
141
81
139
24
220
247
68
32
20
48
144
221
187
57
35
21
47
240
229
155
146
147
195
236
121
249
12
52
56
33
240
10
256
45
139
49
207
43
19
5
252
82
227
134
44
238
170
148
189
70
134
31
142
189
224
221
25
73
49
32
255
119
193
109
224
199
32
247
102
232
200
