105
75
105
55
75
250
150
206
28
94
147
17
250
147
150
181
235
105
162
175
105
129
52
172
52
209
66
129
105
126
66
231
114
129
66
28
136
231
181
129
28
55
250
150
114
94
89
98
75
138
75
71
147
94
107
114
28
94
106
94
32
165
128
147
129
231
99
28
107
128
164
87
160
110
243
105
147
181
150
126
129
98
126
75
244
94
54
208
98
114
183
110
242
27
126
147
243
244
129
181
98
147
174
164
75
129
242
218
107
3
87
182
71
160
217
52
174
52
182
165
63
113
212
154
147
220
154
17
128
17
98
21
164
94
42
87
67
165
122
127
47
54
67
190
176
147
17
122
141
87
36
75
220
244
31
27
98
194
150
165
17
141
94
141
140
253
141
216
154
17
147
94
80
123
48
197
243
94
122
52
162
217
215
166
99
148
64
122
194
17
17
94
199
213
243
17
243
243
166
94
22
84
181
174
243
72
122
243
243
99
129
243
245
72
122
81
174
166
115
162
243
216
208
26
144
138
75
172
165
122
199
243
66
99
14
154
76
51
9
94
99
17
80
72
9
222
154
243
22
147
69
165
174
72
28
174
94
94
216
9
162
66
243
129
138
9
72
207
9
99
42
9
243
9
138
120
99
69
44
9
194
99
111
122
18
105
174
91
99
120
60
104
51
115
231
30
150
18
105
104
122
50
45
181
69
244
9
99
18
42
52
19
105
24
99
19
214
82
16
115
32
161
150
182
91
120
161
23
66
99
230
243
54
213
198
204
157
186
105
99
55
199
153
230
244
99
21
197
72
202
154
233
204
99
211
72
82
122
112
102
19
243
139
139
184
19
69
139
174
26
198
134
211
199
197
184
82
230
163
48
177
26
48
69
85
183
104
122
43
69
147
82
16
198
197
197
240
82
82
195
198
99
69
115
139
204
192
1
230
61
104
214
197
159
189
11
48
129
25
197
80
146
159
82
196
183
165
159
62
149
54
237
255
165
176
57
74
149
189
54
63
157
74
197
198
199
49
82
104
9
62
115
242
121
163
50
54
198
157
94
204
197
214
159
197
39
239
1
63
120
140
215
157
197
159
7
163
163
225
119
62
7
148
213
159
210
125
149
237
15
163
157
142
202
250
197
56
48
197
204
23
189
7
19
63
237
148
237
73
11
163
203
48
246
184
198
159
150
120
157
155
45
124
59
115
149
104
256
159
23
112
48
48
48
177
59
255
177
114
159
189
98
133
184
197
197
189
153
148
82
19
252
155
155
149
23
155
