165
165
165
165
194
36
209
126
165
143
21
211
209
36
59
231
21
194
166
199
62
208
166
194
231
98
129
91
182
59
143
143
208
191
112
7
18
113
209
231
65
62
143
151
165
67
62
151
59
55
31
113
64
191
130
135
87
112
61
94
166
112
185
27
13
150
80
111
36
59
256
7
151
67
21
17
90
146
162
244
214
208
131
150
185
174
224
6
91
31
204
89
95
231
203
180
204
107
164
148
204
52
231
135
184
97
52
71
184
113
209
231
118
107
204
166
135
166
128
146
144
151
10
118
211
219
144
91
67
76
231
113
36
71
17
151
91
130
176
195
84
121
144
75
162
203
14
112
144
67
127
153
219
204
194
95
14
8
219
119
91
195
222
180
224
123
112
244
17
11
112
229
130
67
113
59
26
208
127
77
18
138
163
25
95
204
203
88
204
212
254
65
130
51
209
176
26
38
77
21
150
231
51
7
26
164
123
11
51
94
185
212
158
204
71
107
87
128
112
113
199
254
135
31
18
250
225
88
180
136
51
88
212
138
203
126
155
65
194
95
62
252
136
250
84
203
138
102
113
135
135
108
183
130
65
118
196
81
71
10
216
256
115
89
162
11
87
92
67
225
136
119
51
89
140
254
150
7
200
253
4
200
130
75
212
59
69
123
209
170
83
127
155
204
52
110
225
231
143
91
40
24
128
28
236
190
95
169
115
97
84
209
67
182
225
18
51
182
116
15
142
87
180
28
222
36
254
47
107
136
176
164
243
135
105
66
58
194
199
94
176
67
160
59
59
229
253
217
36
123
92
92
143
20
59
87
231
231
65
242
200
228
231
231
176
151
83
68
165
138
86
94
87
146
77
14
69
21
87
161
235
126
26
206
112
88
14
7
65
105
40
59
188
59
123
40
194
221
221
165
67
244
36
33
107
238
195
194
75
231
231
231
66
44
73
59
17
87
21
239
163
108
203
36
130
136
165
138
89
165
7
229
59
155
255
115
73
197
52
30
59
195
15
220
191
87
143
80
163
90
190
60
200
149
254
21
90
211
224
188
194
61
254
182
107
186
225
55
21
187
156
79
108
35
164
94
21
115
92
21
190
67
66
89
165
130
80
123
87
18
18
180
97
95
107
22
166
147
163
130
94
39
173
231
190
112
190
190
135
235
31
187
204
30
224
28
163
83
130
10
125
51
239
109
203
195
185
189
18
58
147
26
137
183
135
219
138
21
110
135
10
135
130
21
121
25
90
190
256
172
195
59
224
58
102
121
244
18
244
106
244
135
243
204
47
52
194
162
130
93
95
191
172
87
44
191
208
166
114
138
164
67
254
32
194
237
98
80
135
130
7
130
81
132
107
7
185
224
224
12
136
194
219
80
119
163
59
79
80
99
166
58
141
171
236
146
230
123
114
183
80
7
172
200
117
200
18
190
169
199
138
62
190
194
111
91
163
12
96
107
195
36
185
20
19
170
240
95
239
59
135
113
253
118
21
204
197
76
203
194
30
26
136
169
77
162
91
174
160
253
200
183
112
5
251
200
169
24
7
2
21
135
230
237
91
40
113
251
231
9
67
69
199
150
183
191
110
10
234
135
36
115
191
19
203
146
237
164
121
164
244
40
7
143
98
75
93
121
172
138
253
146
199
163
140
146
59
89
79
58
114
18
20
173
195
244
244
30
21
125
59
152
28
26
121
186
190
24
89
92
169
231
186
254
91
173
121
169
203
186
73
114
191
190
111
88
83
166
243
24
138
66
128
94
7
5
84
202
66
248
212
249
256
7
118
40
54
243
182
63
135
146
132
243
118
183
256
100
211
61
124
113
129
87
176
213
62
80
242
147
146
251
194
130
107
185
112
7
165
229
185
66
223
162
243
230
231
104
122
10
212
222
107
156
221
79
204
33
88
163
188
211
194
135
164
251
165
217
31
64
94
21
78
221
90
80
78
124
20
203
199
212
185
191
213
123
204
206
119
12
97
112
113
134
91
251
172
217
156
52
7
118
103
119
64
243
2
80
7
21
191
231
191
254
244
223
181
26
200
153
107
100
1
21
67
182
16
92
212
11
252
206
203
211
141
191
191
59
24
36
34
98
212
199
165
36
231
242
80
113
187
5
130
135
64
190
172
42
100
23
188
189
244
121
246
92
207
94
151
107
92
14
244
194
246
113
33
198
160
169
26
180
169
176
125
136
38
166
224
198
89
190
132
7
174
89
254
87
39
118
180
21
256
21
66
206
179
14
160
18
107
95
219
112
128
16
229
195
191
224
147
206
237
112
11
147
207
221
246
217
166
21
180
174
69
195
246
118
246
105
173
253
180
217
246
152
10
75
191
101
198
217
201
125
181
40
188
109
90
100
21
55
140
130
69
143
36
212
20
240
237
40
192
134
90
8
52
199
10
144
21
90
215
21
80
141
253
144
140
42
62
244
209
20
62
92
191
30
119
144
11
212
191
202
113
7
237
173
204
62
28
243
205
191
225
181
244
237
2
166
155
256
54
93
90
113
173
217
43
97
109
186
248
28
222
174
209
7
237
212
97
177
66
6
105
190
245
191
21
20
209
211
16
89
206
1
121
244
161
120
140
117
192
191
178
208
54
208
181
191
191
119
120
239
7
16
245
100
205
36
209
195
4
95
224
31
128
153
136
118
205
116
144
174
20
208
204
208
180
125
223
67
151
151
36
92
138
173
191
34
40
142
20
245
125
222
255
140
8
92
237
98
142
3
222
30
203
98
152
76
4
191
30
220
78
142
191
200
191
24
36
36
112
55
4
113
7
2
153
200
44
98
120
2
191
188
21
115
47
152
185
44
49
49
4
41
177
65
241
140
17
254
245
125
37
192
173
20
46
191
24
49
194
30
30
104
89
194
203
125
224
226
2
173
247
7
69
255
117
191
36
55
246
18
191
153
98
43
138
138
152
21
96
24
243
62
113
200
83
49
68
165
221
113
226
47
171
49
129
1
182
255
151
141
146
113
43
255
216
19
200
254
152
191
68
90
234
77
234
152
254
83
234
4
104
197
144
