230
140
121
79
176
140
166
19
55
84
162
162
162
90
240
197
255
90
11
176
138
74
69
7
138
7
251
162
192
196
137
95
40
229
186
143
192
129
129
196
22
81
11
103
143
143
81
40
21
218
182
84
138
22
250
126
71
129
218
25
243
143
137
106
82
176
187
10
51
161
129
138
242
50
26
243
129
236
159
51
253
194
192
126
103
71
126
238
26
51
106
95
111
220
204
51
3
126
14
126
10
126
221
242
204
242
187
126
126
127
106
243
47
84
10
90
51
145
242
126
175
62
42
126
196
81
189
242
242
127
242
126
62
175
218
90
34
16
10
63
204
90
90
81
242
126
9
189
90
127
242
90
34
34
81
64
175
26
249
243
126
47
111
103
126
90
127
127
216
126
16
126
57
62
243
94
90
26
90
220
126
90
172
104
242
106
76
16
66
126
144
116
90
127
172
253
81
126
90
242
103
48
126
126
237
129
126
34
105
90
154
90
6
112
175
127
111
34
16
218
145
14
33
242
165
79
123
81
64
111
6
154
126
242
62
66
106
175
34
111
175
79
9
72
237
90
87
76
175
54
112
76
16
175
196
112
54
175
127
10
90
126
149
81
213
88
127
140
72
94
51
90
126
148
175
126
242
172
243
111
106
242
87
64
221
220
33
15
115
127
16
112
47
16
16
34
209
242
5
175
87
165
248
90
184
106
249
175
81
106
103
126
106
101
175
162
61
90
162
90
126
54
26
248
97
8
111
76
62
120
202
213
175
51
239
126
165
148
177
256
15
10
242
16
175
34
2
29
202
81
34
51
244
97
26
31
16
150
22
106
97
81
25
174
177
38
145
165
84
104
16
127
66
89
54
208
213
99
72
42
220
127
62
54
16
81
238
57
149
209
86
207
244
8
145
204
243
29
145
90
207
29
111
78
75
105
199
67
79
74
213
204
106
170
154
133
126
84
88
122
134
157
145
145
175
221
26
126
81
143
163
170
219
134
243
111
99
145
54
216
3
76
86
90
207
79
127
29
96
210
177
162
97
228
142
111
175
45
8
94
76
114
79
231
129
145
16
242
90
227
243
76
76
81
129
163
15
48
80
44
104
60
51
145
209
126
243
199
31
97
210
106
57
168
83
34
209
6
10
212
97
57
57
244
80
34
104
248
204
210
165
26
159
45
9
63
135
129
129
4
62
19
242
90
57
123
111
38
26
111
207
96
126
93
105
72
251
44
38
84
96
67
209
114
112
166
74
213
111
247
117
25
207
18
45
175
253
154
149
235
9
225
139
63
145
99
44
225
44
159
210
231
207
174
86
207
16
136
201
16
111
99
168
45
91
44
248
170
8
150
114
145
98
229
209
220
47
51
151
184
126
79
106
91
128
139
16
50
111
148
8
57
11
192
76
116
84
112
218
154
226
81
192
214
62
92
157
146
91
18
93
247
56
99
81
48
247
216
137
94
120
126
154
187
199
247
165
126
111
206
243
57
218
250
44
117
186
174
79
97
248
138
111
128
145
70
135
255
63
44
112
61
248
83
194
60
63
46
98
227
31
116
63
63
146
104
247
242
177
193
69
198
204
47
57
227
7
247
175
115
45
111
188
95
145
134
220
255
247
92
242
127
69
90
129
95
48
12
247
130
57
126
111
86
63
158
19
47
63
138
185
194
7
127
57
5
66
72
58
239
256
196
103
176
111
218
215
38
221
243
99
92
63
158
248
116
204
52
178
118
58
207
175
238
213
221
165
210
158
151
214
46
81
248
92
214
76
87
222
69
190
17
238
58
115
63
204
158
81
156
63
68
117
56
17
244
243
210
214
147
222
242
163
244
67
222
7
50
207
220
128
81
74
163
126
210
42
133
214
63
221
158
117
176
139
197
158
163
134
180
77
69
66
204
67
216
111
143
197
187
71
156
7
149
35
218
242
57
17
111
244
77
69
126
57
222
207
207
176
7
40
207
163
247
193
158
242
186
214
148
158
15
149
247
161
158
159
207
207
252
132
247
207
246
248
57
161
243
166
83
216
185
14
141
207
114
99
90
127
218
2
39
57
207
34
125
141
231
7
216
15
125
81
193
134
29
232
218
61
172
67
232
6
141
63
95
66
133
182
158
90
86
140
205
245
176
231
59
7
72
182
210
116
9
255
199
182
207
248
225
57
10
93
17
168
14
9
137
33
221
160
171
193
156
48
103
115
131
57
44
246
94
137
168
239
162
202
204
7
207
218
19
205
193
116
149
148
14
169
60
227
117
249
219
43
150
109
158
166
162
31
221
186
163
131
137
161
171
27
255
149
7
126
27
121
210
222
77
57
134
19
61
42
245
218
137
42
106
208
21
122
232
33
138
9
134
136
137
118
57
240
33
218
149
187
39
134
141
218
117
139
138
154
212
207
202
231
52
99
44
162
255
247
197
148
45
236
44
176
186
197
187
238
57
179
57
255
176
69
169
202
87
9
58
197
207
162
232
156
79
212
56
221
44
169
139
48
176
244
224
247
218
45
14
134
251
232
162
32
251
247
52
215
44
208
216
231
172
200
255
165
87
232
168
148
48
68
74
199
39
232
34
43
172
38
57
193
137
139
134
48
87
39
3
207
153
192
31
30
50
189
11
192
66
216
49
180
216
123
227
3
166
232
74
48
66
139
39
247
54
32
23
255
229
180
23
52
3
208
117
134
123
197
207
44
187
193
193
24
98
208
218
174
208
218
162
72
70
197
247
44
54
213
248
197
23
134
52
9
19
66
109
216
24
255
21
204
134
98
243
212
19
218
78
120
120
101
182
2
11
118
218
176
2
232
3
207
91
195
60
135
120
7
120
177
150
101
170
148
79
134
245
218
9
115
163
24
197
37
195
66
70
124
81
104
134
227
72
250
72
120
204
86
134
155
199
70
70
136
70
227
150
155
247
44
159
98
48
247
150
56
124
186
122
72
45
213
131
120
210
205
205
247
173
228
155
193
141
186
135
186
131
169
72
161
186
143
20
197
189
48
86
116
31
156
30
247
132
182
137
161
234
153
10
56
5
123
124
149
193
230
29
45
159
193
210
216
192
1
114
232
207
44
100
72
