138
194
138
67
121
194
67
138
69
212
69
166
121
121
131
67
212
40
196
151
129
183
128
40
55
127
196
55
10
65
164
250
151
240
164
107
182
145
14
46
67
190
249
166
180
190
46
221
75
194
75
209
75
182
180
28
95
55
93
223
75
199
249
14
223
145
256
46
75
67
180
75
154
231
154
140
231
256
231
35
121
247
240
42
29
97
143
122
182
62
67
248
170
256
199
61
3
231
84
162
5
145
80
3
176
181
35
171
135
256
61
237
248
32
31
115
221
231
164
171
104
103
200
80
121
206
237
164
170
206
33
158
103
256
29
256
74
160
160
139
166
201
200
190
33
73
168
221
245
73
256
242
129
115
253
145
149
60
199
253
122
57
83
122
204
243
252
219
181
61
86
139
176
147
204
222
126
180
214
178
115
141
63
33
29
199
129
150
46
122
61
52
89
122
171
206
164
202
127
138
253
93
146
250
95
31
129
103
147
147
14
147
164
25
122
199
84
25
3
60
217
204
93
145
179
104
122
123
106
110
24
105
74
121
245
139
3
126
172
28
106
55
236
147
149
93
127
147
207
171
52
212
256
24
154
61
172
55
38
110
256
240
90
222
121
238
181
113
256
115
83
76
110
46
235
166
122
213
154
94
204
44
16
164
145
171
90
108
154
238
44
3
222
213
84
90
200
110
149
96
210
203
99
154
64
154
61
139
73
180
28
244
90
17
106
14
240
109
171
126
109
214
104
90
148
252
147
171
57
19
217
35
57
55
196
86
76
94
210
243
28
106
216
6
121
79
216
244
91
237
223
238
110
237
81
93
170
215
157
73
90
76
106
8
55
154
214
251
172
168
64
56
78
238
196
186
161
182
17
44
123
31
175
158
8
25
149
6
93
72
92
220
32
25
171
42
237
202
154
213
55
182
159
169
106
154
44
202
252
171
253
206
61
71
57
190
19
217
45
25
140
79
126
102
162
45
158
83
74
174
219
149
254
217
89
171
3
147
96
157
235
52
169
164
252
235
5
196
256
18
206
3
169
186
217
74
140
248
148
234
60
56
155
212
68
82
229
220
25
121
31
115
232
94
105
199
186
220
84
3
152
56
83
73
176
192
31
206
230
137
46
140
184
57
154
230
169
142
186
217
139
244
91
192
56
159
132
9
248
55
178
92
190
219
106
105
201
45
66
160
190
12
115
117
176
18
55
189
104
203
142
238
221
169
52
73
190
35
212
64
90
186
149
47
83
148
248
230
112
29
145
51
251
44
55
122
170
34
210
45
212
31
149
166
126
239
213
220
18
159
134
93
233
90
213
52
110
86
46
145
149
64
256
219
88
171
245
213
251
140
140
61
149
19
95
128
64
91
230
245
158
112
104
44
15
56
168
112
180
147
152
54
246
56
58
222
85
153
77
31
154
153
96
57
55
34
26
127
212
38
168
95
121
73
62
76
189
22
160
40
142
54
86
212
209
62
122
108
81
171
122
22
76
234
229
230
116
56
90
34
128
45
72
139
11
186
35
61
38
62
200
194
52
15
188
79
108
34
189
176
168
34
72
150
181
232
127
26
73
201
182
57
186
145
247
102
221
159
16
145
18
230
253
50
62
62
150
98
6
215
94
12
39
26
91
32
21
158
75
16
199
228
176
242
256
122
183
181
137
229
141
15
206
106
160
9
56
184
219
157
232
171
202
164
236
116
120
21
66
217
15
111
244
237
196
230
31
82
108
149
128
180
89
189
16
199
92
76
159
73
247
160
57
229
152
219
154
178
45
41
89
250
45
192
138
190
67
120
149
201
26
115
144
43
229
244
245
32
223
140
105
47
99
174
199
153
181
47
78
199
178
154
56
101
220
9
219
175
89
66
222
229
99
210
255
79
38
102
14
216
73
69
202
67
25
56
200
244
194
25
219
167
65
233
190
145
60
243
162
56
178
58
240
33
86
61
150
217
187
190
96
222
229
34
142
135
129
237
243
189
142
222
172
189
38
9
170
75
154
58
233
113
239
219
248
58
142
214
26
82
159
232
178
154
96
141
147
116
181
149
82
202
219
215
90
51
180
86
89
61
215
202
5
242
189
148
61
108
86
201
161
232
57
67
237
145
178
64
96
157
181
208
209
182
251
227
122
179
247
148
26
169
110
157
209
3
233
65
69
238
26
34
239
31
82
14
39
110
178
86
116
89
172
90
175
201
93
220
102
221
57
164
240
116
107
235
160
229
146
47
49
227
24
44
238
81
202
85
61
252
238
249
102
234
140
96
1
150
153
89
202
85
251
120
88
219
93
138
221
192
194
90
34
89
9
104
243
88
153
79
75
58
170
103
186
169
137
227
106
248
226
86
209
61
253
144
104
46
159
220
167
111
132
91
76
220
31
212
200
200
244
246
42
228
226
248
34
157
69
159
26
148
246
86
86
19
236
154
194
229
246
235
57
223
6
1
42
180
201
43
52
199
29
236
217
76
248
138
61
9
94
236
210
103
44
32
15
121
18
93
103
233
5
242
253
38
42
49
200
171
45
6
180
19
256
88
61
242
256
200
227
235
129
90
190
26
56
238
89
244
171
45
192
60
32
99
139
168
219
27
212
249
144
12
34
34
58
47
12
239
189
19
175
236
133
219
60
76
107
250
110
49
228
227
229
115
165
22
26
163
150
256
154
241
180
122
12
180
108
145
44
12
86
243
89
122
96
223
133
145
34
240
12
167
186
39
171
199
27
243
243
26
180
62
203
26
69
254
128
249
229
181
45
76
69
26
42
76
92
238
137
256
13
207
159
128
84
67
93
105
43
124
250
236
12
219
146
159
139
56
111
1
224
238
204
26
242
101
123
64
178
126
40
19
175
102
247
126
92
184
242
38
182
104
148
5
146
174
149
215
64
248
223
236
52
61
69
37
230
13
205
48
131
34
197
12
111
126
220
91
89
149
147
38
139
169
115
103
148
170
92
125
137
151
37
167
17
26
52
73
101
197
38
64
105
130
159
79
63
139
122
242
239
198
47
90
145
210
195
139
111
201
171
61
67
5
247
44
26
236
67
168
25
148
47
178
89
75
163
148
69
167
169
16
217
32
36
16
187
86
21
74
227
163
60
203
160
49
83
61
221
193
46
56
62
183
71
195
183
122
251
189
179
187
232
251
75
202
115
210
81
113
106
240
247
61
157
145
47
227
20
196
108
111
12
18
158
193
73
242
243
224
7
169
216
26
82
227
247
246
149
32
37
243
200
26
217
215
76
154
237
217
120
21
85
212
37
157
96
122
224
113
224
31
88
61
184
134
204
227
147
242
83
154
127
161
140
133
25
132
144
158
133
172
212
237
158
219
251
31
122
9
144
97
54
122
61
256
190
163
181
153
89
224
146
62
134
76
138
227
148
137
256
250
163
228
144
37
58
21
154
170
103
6
122
65
5
186
3
204
139
71
43
174
152
26
242
26
145
178
236
98
138
123
35
131
246
138
200
159
238
96
96
32
154
56
16
93
138
198
224
250
77
256
12
242
37
57
250
236
160
120
155
167
47
222
201
182
110
222
175
26
73
48
62
223
173
66
171
82
19
140
24
219
20
209
115
233
179
48
74
45
157
103
120
163
86
10
4
213
154
13
120
155
160
83
190
54
157
242
110
220
75
71
102
116
147
44
108
108
181
233
45
154
219
256
200
156
129
47
73
127
142
3
222
56
12
83
158
108
163
163
73
144
12
140
31
238
190
16
20
122
178
140
159
240
75
151
91
200
12
149
111
163
149
24
242
62
155
170
210
151
196
245
248
117
34
163
163
220
145
11
103
157
106
201
1
62
23
76
245
210
182
163
227
115
221
12
135
163
157
161
139
204
11
30
116
103
179
245
114
163
78
116
225
71
217
242
63
145
61
170
134
251
169
14
183
106
136
104
224
46
116
44
122
106
244
153
93
237
232
163
75
24
10
204
197
221
48
56
53
26
140
198
221
250
157
159
252
8
153
161
204
15
227
242
202
34
152
207
171
24
31
7
163
204
229
94
58
20
45
102
52
86
246
151
181
159
101
144
47
83
15
30
63
108
61
54
51
229
47
148
40
243
109
117
181
69
137
252
117
193
202
69
90
197
34
16
73
180
63
87
229
9
10
60
203
238
54
156
12
168
163
49
76
115
54
151
16
38
163
158
243
237
108
149
253
56
39
238
242
134
157
49
116
214
49
104
163
200
201
163
236
253
218
110
157
237
31
151
139
163
73
236
157
171
175
156
227
158
156
110
168
236
190
25
246
167
73
127
117
247
31
85
153
240
31
223
247
237
246
90
102
43
53
238
219
83
20
45
196
158
21
50
181
124
195
142
149
255
31
155
219
249
215
247
202
163
83
203
26
230
256
199
4
182
16
64
150
147
136
213
11
229
133
61
20
91
127
164
123
161
56
239
249
112
203
163
15
164
252
93
197
15
242
205
157
115
204
255
163
199
79
133
210
52
158
10
193
182
186
20
170
203
181
149
57
256
44
1
42
168
133
213
250
16
191
40
72
226
52
32
210
184
158
219
157
159
114
157
237
15
168
115
167
102
52
158
201
207
117
69
238
180
236
63
219
115
108
237
34
200
42
18
213
141
247
11
249
19
19
137
82
82
26
137
91
65
65
238
148
52
8
149
73
179
82
156
256
247
157
232
253
203
62
15
119
215
10
117
187
213
42
96
201
120
242
255
204
13
238
142
214
56
56
134
44
91
161
184
159
26
98
193
197
230
186
85
103
21
70
155
215
65
168
90
228
53
56
224
113
158
215
12
158
163
25
145
52
26
134
72
134
111
137
180
52
214
69
215
9
157
159
214
192
69
237
157
256
207
85
48
70
161
207
134
115
110
204
70
158
240
85
48
52
173
238
76
193
24
48
159
210
94
197
167
227
