75
84
243
75
243
79
162
75
18
162
55
187
67
181
55
162
211
145
121
181
222
145
67
181
145
252
75
187
58
166
121
209
209
181
209
181
67
128
252
209
162
69
17
58
141
108
128
209
128
209
154
118
17
59
165
145
211
80
58
127
112
208
177
50
242
205
50
102
17
58
50
220
217
118
98
185
211
251
50
213
163
208
244
91
141
48
123
217
123
91
211
211
217
189
125
87
55
217
87
128
246
239
163
150
154
122
224
122
143
141
92
163
217
243
190
211
141
218
17
218
207
207
118
58
205
123
87
118
254
123
118
182
20
86
145
141
192
206
217
122
191
118
26
62
149
218
216
148
155
154
165
47
208
127
182
217
64
21
122
211
26
40
209
254
129
254
214
71
50
153
127
246
19
118
153
205
246
239
185
141
122
254
218
9
143
218
9
145
72
221
54
254
190
145
233
214
175
171
44
118
47
114
96
71
204
254
248
251
123
251
248
145
190
254
118
114
47
22
18
195
118
188
222
161
87
75
155
229
19
226
71
48
140
26
105
206
185
20
194
204
50
38
217
191
141
71
118
118
171
225
195
136
118
183
103
90
107
251
140
181
209
136
51
171
59
43
95
204
254
209
104
185
51
254
217
160
215
159
182
109
34
72
81
129
64
43
43
246
122
225
160
17
3
115
15
171
129
66
34
15
141
229
118
211
225
81
181
215
113
164
106
52
150
207
31
26
59
3
111
203
106
171
242
44
248
201
171
224
153
209
206
8
159
209
28
207
239
7
130
173
227
125
188
38
129
68
181
185
122
226
254
218
148
63
123
90
133
14
207
188
193
3
218
23
47
68
26
217
115
28
188
186
239
47
90
81
218
188
105
133
92
181
81
171
38
168
132
211
229
18
132
92
30
106
46
20
239
34
172
63
106
239
194
26
50
76
38
13
179
218
253
217
141
85
111
148
123
217
150
106
188
85
107
122
122
167
54
26
86
13
181
8
211
68
26
84
239
181
216
130
251
247
217
234
122
3
115
47
97
225
133
231
218
125
129
103
26
109
175
189
115
253
26
88
14
32
172
225
159
38
140
140
159
91
133
164
140
182
111
220
253
225
204
211
86
145
254
254
226
123
20
140
76
247
25
200
225
216
251
175
30
135
185
122
169
182
163
129
143
190
68
248
71
140
182
217
35
104
95
9
88
251
157
10
20
246
153
185
238
15
26
10
149
218
240
140
28
229
204
84
85
128
187
162
68
79
225
55
214
122
243
46
28
141
217
252
109
98
123
254
34
187
119
85
150
67
83
122
224
223
74
245
108
153
128
79
217
81
192
102
189
164
210
224
187
145
182
64
94
112
91
157
23
120
222
89
186
91
26
188
26
84
76
19
140
210
112
112
95
234
68
209
238
9
170
163
204
22
212
210
186
85
162
207
189
251
174
217
3
240
20
23
252
56
75
204
126
213
227
113
147
68
154
229
120
38
76
226
139
91
26
187
200
47
217
44
57
125
40
82
252
26
169
75
43
88
86
69
149
86
139
78
76
10
151
187
239
216
174
153
176
251
10
16
102
56
81
86
163
151
123
163
141
225
85
244
72
29
92
119
224
190
245
86
135
18
109
239
231
199
81
210
239
13
94
219
18
43
240
20
207
47
23
224
216
163
20
163
20
213
192
69
107
89
8
54
244
75
86
174
231
163
50
217
109
218
227
124
252
17
153
9
126
210
3
28
122
153
26
84
25
231
207
62
62
213
152
26
22
102
74
182
62
129
43
109
250
29
71
247
147
81
163
102
89
25
164
140
109
113
212
79
72
98
23
79
57
229
210
56
40
106
43
124
116
64
20
192
137
153
75
252
221
238
172
102
147
119
252
148
43
44
230
89
23
55
163
41
154
243
23
248
79
141
138
242
224
155
14
241
43
86
208
192
244
73
147
221
20
22
129
216
26
1
23
121
190
163
149
136
82
137
215
92
74
9
84
34
216
6
61
163
192
16
94
160
225
209
57
133
124
86
219
174
118
243
217
209
18
94
9
105
237
157
65
6
105
18
191
250
170
46
19
3
61
222
22
224
31
224
107
163
54
252
128
75
224
218
112
188
106
41
47
252
255
224
30
163
178
23
47
72
236
233
170
209
242
248
60
47
82
229
26
129
25
64
197
240
178
163
26
172
18
72
20
234
102
175
75
242
87
57
168
96
47
57
200
188
215
112
123
220
139
38
179
58
193
81
93
185
22
83
49
61
101
105
210
44
16
55
47
112
47
94
237
222
48
73
23
29
24
9
145
203
12
135
121
30
74
243
209
230
188
91
54
58
18
205
72
163
228
72
188
28
104
222
57
104
77
251
182
237
188
47
30
239
124
248
110
48
143
20
216
23
163
186
135
230
192
79
53
86
60
62
147
119
219
208
79
247
237
239
139
89
74
165
207
255
246
163
254
58
237
93
174
72
209
112
243
23
208
120
23
108
26
9
72
183
18
155
169
150
19
10
192
167
150
224
163
23
190
224
150
163
23
20
224
40
76
110
133
64
186
65
163
101
26
159
133
166
243
86
116
188
223
140
163
237
243
216
188
53
75
23
199
122
179
229
157
133
170
145
224
23
126
251
215
128
163
122
62
23
166
57
199
253
23
163
170
208
239
167
26
10
58
158
101
53
38
254
150
215
172
1
22
89
107
245
255
69
72
226
180
232
94
58
197
229
43
152
194
234
133
255
20
58
164
148
72
146
254
62
135
110
19
184
222
223
68
163
112
159
36
54
197
198
234
223
154
21
62
224
158
48
151
94
92
181
43
23
150
73
236
191
154
233
74
82
224
194
241
125
72
133
35
56
243
20
119
72
164
125
82
133
48
181
255
196
199
58
56
248
125
194
23
115
112
217
21
245
23
13
173
23
157
72
199
180
254
112
227
83
179
133
76
51
72
47
174
86
27
112
236
218
58
81
247
226
195
1
224
75
249
23
112
161
94
7
225
58
57
207
142
218
79
23
109
125
150
203
146
224
45
247
224
23
60
254
74
120
249
139
47
251
192
193
102
233
179
148
48
97
232
109
87
20
236
1
224
254
254
42
142
93
217
149
147
240
154
171
192
33
42
159
148
58
256
254
120
133
191
198
1
193
211
102
230
199
33
179
67
135
69
56
52
54
125
52
224
182
165
63
77
224
235
247
45
209
108
256
115
78
167
47
191
172
38
179
46
22
233
142
1
142
226
1
233
199
72
220
169
141
231
23
79
210
181
137
102
234
233
24
195
1
117
99
