143
165
143
7
143
160
95
208
40
71
155
208
208
208
50
162
143
208
143
143
160
143
209
209
7
209
73
143
143
95
146
62
59
160
17
160
160
47
160
73
47
160
112
84
71
26
71
47
47
47
160
225
143
209
231
225
21
231
73
160
191
98
94
84
208
209
163
21
147
225
160
56
61
208
160
191
160
228
131
156
209
143
36
143
51
131
165
163
165
154
122
98
208
22
165
232
143
165
209
209
123
160
87
54
131
165
165
54
147
67
231
231
165
231
231
242
221
199
186
218
165
153
199
153
194
177
111
143
56
165
3
107
165
74
177
153
177
165
165
131
74
246
225
221
231
143
246
77
177
191
112
220
208
28
123
191
77
163
55
99
208
231
163
109
148
209
225
114
208
185
218
18
177
109
200
131
225
208
191
208
191
177
148
218
208
200
55
136
123
208
4
143
200
150
208
191
242
208
148
246
97
125
76
162
162
2
75
225
99
160
127
147
208
251
131
245
197
206
209
191
225
87
151
246
221
148
143
163
246
93
177
246
143
54
208
86
113
224
200
72
18
208
244
208
188
197
96
153
138
138
164
93
191
230
99
20
249
196
162
251
199
82
110
218
160
190
17
114
177
162
223
182
188
244
219
84
212
177
86
27
246
4
143
16
200
197
209
209
148
208
127
85
209
172
215
75
113
200
113
172
197
209
255
84
205
221
127
172
48
59
250
125
209
145
231
80
177
148
211
184
231
21
54
7
209
183
82
142
246
156
125
149
242
156
75
133
191
231
197
191
125
159
200
112
218
125
183
165
209
172
143
222
218
36
18
18
133
89
154
209
49
191
172
51
213
154
81
52
69
165
51
125
95
162
112
82
26
208
203
121
56
140
191
253
48
19
48
72
86
205
52
110
242
95
133
165
25
64
38
81
146
27
245
52
125
228
71
154
172
48
200
79
225
110
110
143
82
64
68
160
243
91
188
256
242
228
4
118
151
89
36
4
182
212
85
36
73
164
141
133
173
227
87
152
31
73
143
40
246
118
231
192
4
17
246
52
81
148
18
82
221
85
218
72
40
173
82
224
110
36
146
114
231
177
18
224
246
118
177
114
254
225
118
227
173
61
122
71
221
128
231
141
204
217
118
138
213
110
83
125
109
68
196
217
225
118
118
87
207
153
191
185
165
227
122
160
151
165
224
87
185
224
127
204
152
43
191
87
184
208
213
215
165
125
213
165
225
51
165
161
51
227
184
212
88
118
34
165
127
151
87
213
209
199
83
157
72
218
243
224
184
61
165
160
122
225
82
187
231
109
61
165
246
208
183
207
151
43
194
224
165
182
124
215
191
215
213
20
246
161
126
58
224
130
51
28
106
232
213
125
213
165
244
177
13
82
58
224
215
213
244
244
162
244
4
68
78
178
213
152
72
191
160
228
47
251
213
156
82
162
119
191
58
97
82
154
225
254
159
188
17
125
161
71
114
162
4
61
244
42
72
125
156
23
213
50
128
119
239
114
188
213
20
244
82
224
254
41
243
53
84
52
188
181
82
22
227
246
12
141
20
6
173
47
166
43
6
149
247
159
232
4
52
125
23
5
141
146
224
72
216
154
4
45
73
186
174
6
58
61
83
49
157
244
156
213
118
234
163
215
119
125
200
52
