110
97
84
31
146
80
40
164
91
146
181
105
176
84
58
181
164
138
181
115
256
84
231
236
106
181
180
58
25
89
40
230
157
219
31
138
84
194
219
67
197
58
176
176
196
84
32
67
44
135
179
251
56
219
183
150
164
209
196
22
251
169
251
176
62
89
162
89
199
170
220
201
34
27
129
73
60
212
11
256
176
166
204
7
146
249
249
87
138
50
239
39
26
214
35
89
52
179
128
35
164
256
190
75
120
67
138
146
89
91
145
25
240
59
53
230
71
105
170
83
209
33
186
191
162
52
89
55
59
135
219
55
105
11
52
121
212
230
211
31
166
129
14
105
97
84
87
230
14
110
27
27
63
239
256
135
134
205
56
191
203
166
176
170
25
13
35
101
249
42
222
105
67
162
88
56
166
242
73
135
194
187
183
31
196
31
91
220
55
220
249
42
150
248
52
208
77
50
170
26
79
137
190
187
86
67
135
214
244
202
143
25
150
202
192
240
55
138
73
179
27
77
129
196
122
11
49
176
67
187
55
73
14
146
67
105
59
36
65
73
73
159
138
25
243
100
82
192
150
251
74
88
249
200
52
167
213
166
15
73
117
249
55
146
128
170
97
186
80
190
128
73
128
97
168
135
230
221
31
36
55
101
12
214
82
86
56
190
249
190
32
94
176
253
240
35
242
221
240
31
31
80
248
164
256
138
202
203
166
25
26
33
8
169
228
98
165
39
145
157
42
94
250
150
10
137
139
84
106
21
104
58
170
39
256
239
17
164
80
39
88
165
25
55
2
249
31
128
169
195
135
187
70
250
101
116
39
55
231
55
104
94
146
116
95
31
50
256
103
29
66
247
157
66
66
210
123
230
146
200
203
38
102
67
204
242
13
9
219
66
109
55
74
80
178
58
186
146
42
112
66
24
6
157
44
84
62
117
116
249
163
231
132
171
96
66
203
29
184
256
223
161
228
88
230
194
131
102
184
93
44
146
55
33
38
101
105
223
146
112
228
83
49
211
195
116
176
159
135
253
8
168
52
238
67
39
176
131
110
163
88
81
33
176
211
112
9
146
35
242
12
256
180
29
58
39
129
116
100
106
145
116
184
31
128
157
32
189
240
121
25
249
136
64
228
112
75
10
18
176
133
70
131
203
131
44
88
185
103
29
1
170
117
236
116
29
31
155
22
157
66
86
199
112
85
166
67
231
169
65
89
153
73
228
256
203
58
150
176
146
168
239
124
33
176
146
86
33
38
39
31
253
142
28
15
17
162
25
29
149
146
194
32
79
139
240
237
194
10
249
190
147
100
161
25
237
31
256
115
64
88
164
112
212
157
203
150
219
79
100
13
91
164
73
25
61
88
47
88
89
130
29
233
213
169
248
115
196
88
115
28
249
88
75
248
231
171
88
13
25
219
225
33
95
237
253
146
244
162
33
14
75
176
213
138
84
33
25
103
151
146
235
230
67
256
159
148
186
15
42
226
95
93
42
170
33
179
10
11
83
253
50
150
26
95
55
52
76
168
29
10
163
116
175
219
110
105
215
32
117
117
100
84
39
104
139
12
129
84
44
27
117
190
150
69
164
150
164
146
250
217
97
144
106
256
99
87
222
230
171
36
176
190
37
115
130
215
167
176
53
11
138
64
81
52
91
28
237
230
40
179
237
104
19
27
240
17
166
250
64
73
37
13
22
252
133
178
240
159
91
11
230
239
28
117
228
31
203
170
20
252
138
31
203
169
60
211
13
170
88
178
186
194
29
128
231
223
237
230
170
96
73
39
191
223
86
165
252
26
237
165
244
146
239
75
67
69
17
164
113
209
73
67
34
101
112
95
134
52
27
228
221
174
76
115
194
221
203
253
163
237
228
106
103
26
10
164
15
176
25
195
237
109
223
14
31
73
115
121
236
35
235
169
35
154
13
178
113
150
35
161
33
256
29
232
63
176
256
237
170
18
55
176
228
252
228
109
249
256
21
235
110
171
31
67
42
13
179
168
37
190
184
115
249
82
116
231
43
135
70
157
70
104
21
195
141
225
87
95
221
13
69
97
87
181
228
84
76
32
237
150
170
240
103
203
96
133
237
19
44
184
219
230
153
178
219
221
202
140
170
144
144
253
146
141
196
31
60
102
205
57
72
77
176
42
67
190
84
186
35
146
223
67
196
238
31
44
159
124
69
15
151
117
29
221
231
84
135
67
53
102
26
255
176
184
10
10
239
101
12
25
110
100
256
164
69
18
211
58
219
158
161
14
157
230
186
103
92
192
27
212
190
219
78
186
31
182
59
64
203
42
137
235
25
166
91
52
230
121
73
52
199
213
175
141
239
237
219
192
143
219
192
248
25
69
61
183
60
196
242
146
174
34
140
60
196
168
192
25
55
11
181
103
42
256
190
178
219
22
210
173
100
172
248
88
151
91
84
84
33
91
42
248
176
139
25
11
42
240
55
29
58
79
60
249
218
230
252
18
252
213
249
109
100
134
238
99
80
190
5
170
11
73
108
186
163
248
57
170
141
256
95
219
19
146
31
236
99
228
157
190
116
137
249
122
190
110
114
25
52
71
243
129
221
249
214
73
14
139
81
44
91
199
60
80
87
138
240
255
121
50
140
237
76
31
16
80
137
223
249
33
190
57
115
196
210
77
137
1
147
33
85
137
170
110
195
87
84
243
162
64
175
247
176
166
146
255
61
144
256
100
35
10
252
41
10
42
117
116
33
79
170
179
56
219
223
58
64
144
25
14
133
44
57
59
63
164
186
256
225
79
73
184
61
249
186
178
48
60
256
169
243
166
42
57
97
182
13
87
25
98
110
157
256
240
104
13
104
174
225
88
125
70
256
136
27
32
35
39
13
110
214
60
70
49
176
103
247
44
256
211
69
26
253
13
26
81
101
57
204
237
41
249
56
169
207
95
110
32
182
58
79
96
192
13
255
219
77
24
190
27
88
101
64
230
139
176
140
69
75
107
203
87
174
139
139
252
240
131
167
230
2
86
5
18
256
18
166
198
124
131
15
31
42
116
252
237
73
189
76
256
34
48
74
88
137
232
256
181
11
149
84
102
230
179
168
31
64
202
46
3
218
74
42
80
243
39
169
184
3
104
223
115
230
230
256
203
242
206
238
42
256
194
190
86
230
228
182
77
181
219
225
116
153
138
167
102
107
114
11
206
204
144
145
3
89
138
144
230
101
44
201
236
237
116
211
138
129
14
79
121
86
17
51
253
121
18
190
15
108
193
69
203
230
104
154
44
116
34
248
33
101
178
10
116
202
64
115
3
179
178
110
38
134
249
186
176
178
232
33
252
116
189
252
236
232
96
138
65
252
77
64
230
182
51
244
38
96
144
252
70
128
235
70
41
48
157
169
53
241
256
2
248
190
249
3
110
182
240
65
168
89
214
29
64
75
61
40
3
73
101
228
143
206
237
40
55
11
149
39
77
249
109
50
162
256
159
63
184
60
240
189
248
61
247
178
230
124
231
213
108
186
66
219
37
110
42
18
64
216
133
237
9
89
164
59
65
176
240
121
1
220
52
241
201
88
204
116
169
186
98
74
73
253
104
203
249
170
131
1
35
73
145
249
194
129
202
22
106
97
74
256
230
220
230
170
249
32
242
124
29
230
164
237
92
189
55
50
181
104
29
57
228
248
203
105
31
148
253
66
242
12
139
76
237
204
135
192
6
204
34
146
236
243
204
151
117
139
11
56
77
88
67
249
89
246
164
142
47
11
134
102
184
159
143
251
116
171
241
248
140
220
216
120
199
98
147
194
44
22
203
190
103
121
76
135
241
64
31
15
45
32
131
33
21
169
40
10
164
25
108
202
124
81
32
69
105
170
27
249
170
250
3
186
39
86
117
235
215
76
88
206
192
3
25
157
34
181
223
65
252
136
252
153
167
55
192
223
219
230
73
73
39
138
203
125
104
231
235
91
228
48
166
189
218
218
17
220
131
202
170
17
77
158
249
243
230
110
238
65
108
67
64
1
117
186
57
88
86
103
143
256
237
65
135
184
135
149
253
73
135
178
164
45
48
32
164
65
210
164
70
169
108
34
113
33
214
221
62
151
121
230
137
22
139
83
116
52
69
44
86
10
253
196
124
242
17
220
256
146
181
139
190
11
183
169
82
198
12
149
136
186
15
153
86
88
67
26
175
236
86
253
236
42
89
203
256
253
148
184
230
140
18
102
44
214
101
139
11
203
205
77
116
77
233
210
236
105
26
138
42
162
64
252
190
100
39
139
186
232
12
160
135
72
219
35
26
249
137
83
86
213
139
159
248
50
82
166
249
35
121
29
32
249
135
86
203
12
219
170
187
249
31
185
88
170
249
196
105
238
115
222
42
76
189
220
167
207
238
5
165
181
170
64
83
256
236
240
39
253
27
249
111
88
106
100
110
189
8
176
32
35
250
139
169
179
84
164
35
152
100
96
93
27
232
114
50
106
114
135
144
26
14
102
192
150
201
52
64
128
224
192
27
229
184
135
110
157
236
248
180
222
88
149
137
147
35
77
170
229
73
1
161
35
195
32
158
86
148
216
135
2
17
230
125
11
174
15
86
108
249
105
10
22
249
48
76
230
193
73
110
215
105
121
256
76
202
176
110
228
101
210
82
33
31
88
210
170
214
101
253
249
235
178
67
238
236
221
242
31
64
104
222
242
49
1
48
1
52
134
88
193
169
41
67
89
180
82
115
145
35
170
31
93
46
99
116
166
201
44
82
2
214
248
52
171
250
211
169
122
53
41
194
113
32
192
108
253
190
37
105
235
198
207
215
110
240
67
118
228
192
178
201
170
230
64
64
86
39
248
193
106
53
5
140
27
230
222
115
47
134
174
34
117
184
159
21
16
88
159
96
249
88
256
216
4
210
64
242
219
214
252
228
190
169
240
79
44
192
60
12
147
38
186
157
61
233
167
189
205
157
88
256
214
72
38
96
103
102
53
181
164
256
146
29
83
230
238
207
139
235
32
73
162
146
33
115
161
157
56
161
240
110
44
171
83
163
229
31
240
29
178
37
100
120
193
139
14
109
86
73
83
37
100
171
181
86
38
53
115
170
149
79
53
150
201
210
88
149
37
79
49
139
105
121
170
31
115
124
32
10
35
210
40
195
51
4
207
166
159
8
211
14
172
249
210
71
37
190
55
169
166
248
121
133
130
86
189
37
167
166
91
101
245
122
32
207
205
48
233
163
112
38
209
157
210
240
252
210
76
207
37
21
73
65
88
252
11
58
207
44
131
37
240
178
35
13
164
131
139
255
189
6
254
64
163
91
106
134
87
159
156
132
93
70
164
192
25
256
249
146
210
21
211
207
56
13
97
97
249
5
159
46
112
65
157
235
74
108
190
37
93
28
175
185
213
224
7
139
27
144
170
33
225
159
35
249
235
57
44
53
170
41
52
183
40
103
111
69
210
115
116
158
166
144
117
53
144
205
33
147
150
13
67
53
210
139
253
86
110
110
43
106
32
15
236
236
210
249
149
105
210
144
14
94
13
38
29
110
210
31
249
64
160
252
160
139
106
31
167
249
44
31
15
256
40
75
157
161
64
76
58
15
236
164
253
236
16
215
163
5
64
253
158
210
161
227
228
93
77
103
116
116
101
59
19
197
198
58
192
52
144
134
219
186
121
249
33
103
154
242
10
228
253
73
253
64
186
88
158
256
38
253
70
207
149
83
25
148
169
201
137
88
211
102
121
108
150
228
77
116
150
231
230
77
135
24
102
231
256
24
133
193
157
186
140
199
77
232
244
102
34
201
216
243
83
255
230
185
252
185
4
148
101
212
157
91
193
158
19
6
37
24
146
48
56
198
158
37
221
45
241
158
163
105
180
195
44
40
122
193
235
52
65
10
1
162
113
73
