90
126
172
71
177
177
177
71
14
69
172
81
166
46
114
140
51
59
177
172
14
188
51
144
21
190
71
3
254
127
41
236
146
118
206
151
151
7
36
7
206
211
51
113
62
88
172
36
113
177
230
222
64
205
36
172
64
62
230
184
97
205
75
206
144
67
184
123
204
146
172
55
36
17
55
17
144
203
51
46
113
27
138
66
66
138
95
146
31
248
211
123
146
151
95
123
7
75
151
150
123
97
81
62
3
223
88
123
63
205
130
213
31
66
203
106
183
195
107
123
51
217
55
205
174
206
24
118
245
58
97
75
75
54
121
118
80
190
150
145
58
245
238
63
164
114
121
166
136
182
58
217
144
51
55
114
146
190
146
147
211
79
138
77
164
195
164
29
150
123
79
147
50
97
205
217
139
147
168
123
176
87
151
43
107
135
166
75
180
118
231
150
3
97
123
95
115
204
29
184
114
150
110
79
174
166
176
110
118
75
244
205
135
147
150
54
195
55
75
246
28
110
29
150
150
180
243
37
217
86
3
138
149
12
182
135
107
147
166
131
208
15
118
205
143
77
184
73
209
31
3
71
176
150
181
98
174
110
65
121
15
100
147
136
97
254
26
18
118
195
180
11
162
190
75
179
233
79
8
97
150
130
107
57
67
56
106
136
97
18
55
144
97
3
224
182
43
114
133
110
114
62
164
66
150
217
179
114
5
88
149
28
245
114
171
191
135
45
98
55
217
91
3
130
54
121
105
114
243
243
91
33
75
121
114
182
84
150
31
130
73
163
110
54
106
132
67
147
191
154
95
240
248
184
106
44
36
168
231
28
105
14
172
130
114
31
176
3
211
54
54
98
32
59
131
12
203
245
172
3
14
183
22
206
8
92
76
211
204
168
75
245
15
145
33
46
162
17
10
153
211
218
200
8
136
136
8
183
144
243
62
147
38
15
123
183
54
230
114
77
81
6
118
230
84
131
29
182
67
64
33
3
4
248
132
211
126
29
180
75
150
15
184
60
15
75
8
162
69
169
136
5
8
87
131
38
145
35
235
3
140
211
136
254
180
220
100
106
177
231
75
37
77
123
54
34
220
29
105
75
118
56
54
172
143
140
114
36
40
77
114
94
69
55
146
44
75
173
200
245
127
3
3
219
69
182
76
154
231
230
8
133
174
171
154
48
140
64
77
200
176
51
85
76
56
245
240
212
106
184
111
128
37
129
54
87
73
77
208
220
154
238
188
69
29
33
230
75
113
33
184
219
51
168
118
136
171
220
251
28
105
235
37
147
17
239
69
249
177
132
76
101
29
118
111
129
232
60
218
224
85
105
24
177
26
217
87
206
211
140
211
145
73
164
54
129
178
94
151
212
75
139
251
12
89
211
171
118
54
84
171
140
105
81
8
174
54
174
232
208
153
6
204
123
85
192
177
224
227
77
28
28
113
37
50
54
249
106
207
181
114
15
25
6
118
93
111
110
179
209
177
69
174
54
129
112
118
145
77
109
3
56
98
44
54
112
133
133
133
76
249
224
229
29
38
133
173
37
248
16
173
208
171
225
76
8
133
188
76
242
76
64
6
97
76
235
153
159
227
133
29
179
124
188
104
154
58
209
153
192
76
217
46
8
159
51
30
133
106
189
163
212
77
102
184
190
235
133
211
220
92
61
74
6
102
85
97
115
26
111
133
90
136
43
90
43
244
174
133
28
28
175
81
63
87
119
114
114
128
118
86
222
76
106
254
224
121
189
248
210
124
218
254
38
106
21
118
184
75
75
133
171
187
235
119
242
134
14
62
238
120
94
128
190
201
215
167
161
174
133
220
43
200
97
226
140
168
142
189
12
97
211
249
158
175
97
154
106
155
181
213
252
182
174
134
224
64
133
8
49
251
224
97
46
160
54
65
11
30
211
54
195
28
197
118
107
189
60
149
146
110
5
189
63
217
82
211
77
167
224
118
233
26
94
56
77
134
185
154
90
207
211
53
208
224
248
15
206
114
173
20
138
139
134
211
132
133
133
54
55
88
54
69
54
33
64
132
77
239
226
124
39
26
79
26
244
82
69
221
196
174
8
107
133
122
133
200
200
182
28
182
77
54
226
114
62
94
114
66
184
69
86
226
6
33
77
26
109
245
114
222
55
170
133
139
8
15
93
114
30
134
82
15
38
132
49
131
174
118
226
232
104
118
145
220
133
97
218
9
53
211
132
105
219
15
18
32
94
184
252
132
31
56
49
118
245
69
131
133
134
38
133
50
60
100
134
69
130
207
132
215
114
22
254
75
159
173
145
37
116
227
85
209
224
57
174
138
106
218
218
38
138
109
118
49
79
176
245
174
72
113
14
82
248
214
8
97
218
181
126
117
66
25
139
211
224
134
89
176
200
122
61
56
188
195
216
69
132
14
213
154
14
226
137
199
15
216
236
51
227
12
154
181
19
247
220
154
111
131
133
57
224
195
15
145
227
236
116
79
227
207
220
38
74
69
245
42
181
18
207
49
218
96
26
169
134
30
15
54
85
111
131
116
100
227
218
218
15
97
202
97
124
174
188
30
61
97
216
242
195
81
197
122
22
132
133
99
53
245
235
47
118
39
178
99
11
173
56
174
131
38
10
101
247
218
69
184
112
6
12
181
218
77
86
18
53
218
182
98
199
133
182
79
129
43
75
199
181
2
200
2
183
122
73
236
45
76
254
247
5
24
67
199
231
151
122
15
90
182
133
145
110
174
226
4
256
201
189
205
69
63
181
199
189
9
219
82
85
201
45
244
79
226
99
9
107
20
82
14
189
118
83
205
205
151
122
96
218
245
122
111
226
143
173
247
243
173
89
176
77
96
218
150
111
154
38
154
10
90
154
206
189
107
31
63
134
150
221
207
120
184
190
73
221
20
44
145
242
65
140
231
224
228
26
31
218
227
131
151
82
107
44
192
82
173
40
38
247
110
158
188
248
102
170
14
123
173
170
60
81
26
91
78
8
14
232
238
156
147
208
222
105
4
111
82
53
30
82
197
247
88
166
8
197
111
153
201
79
4
173
168
