38
38
38
38
222
222
29
222
38
84
84
212
80
222
212
212
212
127
209
164
7
236
7
176
80
38
31
143
256
118
8
122
243
29
122
167
122
7
143
243
84
187
127
129
146
164
167
209
129
182
146
164
176
80
164
65
5
174
205
240
165
162
154
164
122
187
65
122
194
243
67
84
154
245
222
101
231
120
240
180
226
209
127
154
38
9
174
222
95
146
154
212
165
174
7
233
145
38
172
212
17
59
174
5
226
165
243
122
212
216
38
182
122
59
88
20
80
9
20
109
248
5
182
212
167
181
240
126
187
226
80
38
182
233
122
147
127
243
233
59
118
33
145
160
38
212
147
37
248
141
166
241
167
250
238
116
156
122
38
147
87
250
160
120
38
38
183
250
87
59
46
147
250
248
58
154
46
240
238
198
183
252
174
122
118
229
224
183
67
101
87
171
183
162
101
165
89
183
96
146
46
174
87
58
182
167
205
248
134
153
118
67
30
81
88
153
171
71
252
222
3
181
37
227
222
183
95
243
182
233
180
150
67
228
253
183
55
30
71
246
222
180
4
236
182
89
13
146
105
21
255
252
253
30
183
212
101
14
68
13
204
140
221
58
13
87
71
85
65
24
153
92
206
216
71
106
14
127
121
164
92
188
141
205
141
145
55
168
119
210
98
10
229
248
233
222
222
141
235
222
241
236
166
46
233
119
255
95
67
68
165
92
142
70
93
13
207
105
125
182
119
147
78
145
10
92
79
78
162
165
210
154
246
68
63
116
59
91
160
210
98
244
30
30
182
91
177
210
38
183
38
180
10
59
55
174
37
46
131
173
14
210
147
5
4
220
4
7
4
250
251
40
47
80
67
183
130
33
116
183
91
130
119
141
119
147
244
169
253
116
92
38
150
131
95
233
14
82
93
57
220
129
24
212
89
180
147
224
205
38
212
250
205
224
92
68
152
122
248
200
182
21
56
153
119
227
220
121
164
200
55
78
63
166
89
222
255
229
173
63
223
119
141
8
68
92
67
30
21
174
93
130
29
12
122
59
116
38
183
227
248
91
130
87
245
229
254
6
135
199
5
248
15
167
9
13
192
204
255
26
168
109
38
109
194
145
2
30
96
46
179
236
130
234
154
109
205
164
92
192
15
17
224
38
126
4
188
149
89
92
154
233
204
20
63
6
243
67
109
132
246
160
141
158
224
49
63
173
188
160
29
14
198
114
63
168
229
122
233
2
131
46
6
39
89
61
57
63
174
107
49
170
70
109
101
229
151
2
28
24
147
244
104
68
46
55
188
168
14
62
8
188
12
205
107
251
78
188
81
126
132
136
164
158
163
109
29
12
2
14
135
108
229
156
43
188
156
78
78
234
210
44
204
2
252
68
141
142
132
136
24
81
2
147
229
164
255
101
227
247
46
136
124
24
106
90
56
118
163
103
245
135
36
188
168
226
8
117
63
57
210
222
49
188
12
213
8
55
50
117
58
8
16
169
58
55
137
87
16
131
149
135
38
205
137
226
6
194
113
91
174
200
188
120
226
217
38
122
47
57
57
137
119
169
36
142
203
116
113
139
30
163
36
185
197
237
103
233
35
221
169
168
213
247
212
132
234
135
64
227
127
14
119
179
10
203
114
103
149
83
166
188
236
188
79
123
46
36
9
9
244
224
113
167
250
234
34
188
105
180
131
97
32
109
139
110
137
227
43
148
80
181
226
244
168
123
3
92
103
93
132
132
11
62
13
33
6
127
174
180
250
149
211
46
119
56
114
236
6
169
45
137
58
119
170
245
227
156
28
220
117
220
46
155
245
44
247
119
60
38
62
13
109
39
18
1
201
105
236
83
142
43
227
227
109
126
245
70
183
227
180
255
124
116
113
132
200
227
193
137
196
227
238
223
180
124
163
234
169
79
47
249
169
177
203
220
33
132
22
140
234
129
220
164
116
83
240
181
201
166
16
226
163
133
109
247
15
39
180
227
102
70
175
119
100
64
65
50
132
116
137
201
227
44
146
108
70
187
169
179
227
57
238
89
158
108
68
169
145
3
63
180
39
171
148
116
2
20
201
108
169
183
183
99
37
180
79
179
222
78
65
183
34
140
73
193
175
187
186
46
35
180
70
233
12
22
207
70
181
169
78
117
227
19
77
137
192
169
60
224
185
49
115
188
248
65
247
224
70
243
53
191
253
114
219
227
142
255
111
60
132
108
61
233
219
122
65
201
78
236
107
122
184
56
43
117
132
224
169
56
32
120
122
201
