205
162
88
205
162
208
162
162
208
113
54
162
113
150
80
250
168
162
71
54
250
205
115
162
168
209
59
151
115
59
151
37
208
207
55
209
250
162
190
182
33
208
179
97
234
15
187
59
176
143
171
176
162
179
176
164
33
66
214
209
105
208
168
164
73
28
187
199
187
90
187
66
91
66
185
37
129
240
213
150
68
100
37
162
114
17
256
75
95
49
97
49
66
150
206
256
66
107
97
164
256
160
165
145
192
162
17
84
179
206
250
83
192
13
165
209
249
107
255
123
172
135
175
128
10
168
249
83
75
168
186
171
110
114
76
182
117
226
223
79
158
189
83
244
135
110
154
162
87
204
109
165
6
29
168
104
211
128
69
17
135
168
125
154
93
223
84
53
190
17
217
66
25
168
87
68
32
172
229
203
128
128
31
146
128
103
108
128
98
240
117
244
122
160
33
252
60
216
37
26
17
226
209
117
194
129
6
178
26
33
88
150
211
21
123
43
176
40
105
39
83
150
135
206
114
150
226
57
31
98
29
171
28
123
178
28
107
15
135
179
131
95
164
49
135
26
9
174
4
36
154
31
151
94
141
53
138
88
226
28
107
122
42
83
147
168
229
117
169
43
184
171
5
241
220
94
95
217
205
114
88
141
144
132
58
135
150
41
110
171
114
25
43
136
46
65
238
54
141
79
178
217
196
109
217
142
216
42
25
77
144
94
135
95
100
28
239
107
216
243
110
67
114
13
33
17
21
43
239
114
55
31
95
79
63
210
132
24
231
117
191
42
144
171
222
241
226
6
98
6
132
43
53
92
138
92
216
250
214
168
235
6
94
179
118
51
26
146
211
135
150
172
145
217
135
178
83
172
68
123
36
114
116
206
132
217
74
41
245
125
95
93
195
254
6
220
138
37
240
217
126
132
227
169
89
186
60
65
108
73
211
13
30
164
217
139
118
130
135
169
89
154
130
105
34
49
172
18
60
216
245
32
97
51
135
93
241
138
117
88
31
227
191
95
206
3
194
141
206
55
96
60
234
171
26
114
74
132
211
192
125
114
68
179
94
15
33
231
118
100
246
72
39
118
141
2
246
184
37
6
207
17
205
7
171
107
35
216
118
245
146
32
45
181
95
169
123
82
114
33
122
172
144
114
141
174
206
206
24
217
203
8
42
24
132
77
244
191
240
206
8
118
135
206
51
231
146
13
217
181
89
135
205
15
160
22
108
172
136
217
137
8
254
141
68
235
128
171
171
13
244
37
1
22
208
43
220
17
245
179
246
220
43
208
135
244
135
135
14
244
14
61
114
36
31
43
33
7
141
185
181
200
223
130
208
132
92
46
79
248
115
15
213
125
170
6
187
92
118
46
100
212
245
205
160
207
37
15
254
226
21
248
245
122
208
17
102
171
234
206
105
231
26
212
60
89
105
51
223
22
105
92
206
47
100
141
108
26
141
110
217
226
106
145
1
93
223
142
106
214
105
141
214
169
12
205
220
234
105
105
190
128
208
109
225
176
22
124
108
106
141
118
150
101
105
171
60
217
22
19
199
108
248
36
102
26
169
24
108
106
254
68
118
102
214
37
109
198
105
47
224
106
245
229
198
108
77
194
222
106
227
48
145
122
115
182
254
1
108
102
92
214
103
120
95
113
188
8
214
200
105
113
76
100
93
17
248
124
217
201
145
36
69
217
115
115
115
169
151
54
71
235
209
113
20
192
54
172
208
178
250
145
115
91
100
186
106
115
51
60
147
47
227
169
195
218
191
105
71
56
60
180
94
227
189
178
115
76
69
236
96
162
147
14
65
191
60
70
12
58
128
64
102
15
48
222
125
162
5
12
19
178
141
66
94
211
188
92
84
222
71
24
76
250
37
5
175
38
191
64
94
69
227
51
145
182
222
58
50
245
143
49
26
16
142
53
49
51
64
1
235
189
38
12
137
236
137
28
211
100
181
212
139
132
42
137
140
76
251
140
132
147
191
12
255
132
69
141
189
182
251
220
92
1
241
178
84
182
129
58
245
118
248
185
62
175
132
142
134
62
120
25
204
28
96
217
94
36
251
39
57
181
53
12
76
82
102
142
112
20
78
60
132
75
139
15
112
179
198
72
129
129
251
62
198
198
228
156
129
26
140
212
172
113
230
26
71
8
156
182
147
144
57
240
26
59
132
130
112
118
182
49
134
94
155
142
21
241
246
79
65
180
79
24
175
241
57
241
135
65
21
156
132
26
190
28
122
145
142
100
119
132
12
113
34
37
238
49
156
5
251
132
130
65
246
224
155
233
74
224
181
144
175
112
225
185
241
145
83
30
144
153
101
94
65
145
112
242
26
233
221
100
145
24
231
241
237
195
37
19
229
100
62
5
101
8
112
30
171
10
154
38
65
38
194
151
137
156
72
210
158
189
100
187
249
34
57
189
236
200
86
103
19
151
200
38
74
30
140
5
14
252
40
51
212
30
210
148
180
95
107
200
154
154
20
89
6
241
51
141
100
237
241
227
234
93
227
40
107
38
149
30
24
100
101
5
153
153
40
244
212
234
20
224
189
5
8
151
121
62
210
74
171
173
185
158
137
20
205
140
4
37
161
38
127
37
249
38
41
130
224
227
107
198
101
76
39
210
58
21
43
198
20
229
63
223
88
101
91
74
168
182
53
180
155
61
107
196
38
180
241
149
195
193
200
152
149
205
63
69
179
180
116
179
63
137
53
241
247
24
79
63
38
108
157
180
231
30
17
242
12
137
28
241
213
155
65
255
155
235
155
