127
96
3
28
3
162
3
248
28
211
248
3
211
28
64
47
47
6
211
51
211
29
37
51
183
3
131
131
174
154
6
174
29
121
181
183
212
181
113
112
64
211
47
185
112
212
47
117
244
51
96
37
170
67
54
112
211
154
27
126
29
156
154
112
94
118
154
110
97
68
43
115
126
140
251
39
119
1
5
126
223
129
54
1
122
47
212
37
117
217
67
206
98
94
217
243
112
222
187
68
97
71
211
154
60
46
130
47
168
168
226
168
183
37
150
101
114
206
251
185
102
174
126
28
108
75
206
146
174
24
194
237
217
17
117
17
71
95
71
51
132
92
222
229
191
225
47
217
102
249
187
212
92
156
212
212
130
191
229
142
119
198
127
174
110
112
127
237
141
92
43
185
171
185
252
249
172
94
47
119
69
152
245
190
206
37
222
20
85
25
196
75
206
204
170
94
147
189
12
2
6
5
12
64
216
15
108
106
187
243
171
137
196
102
24
229
136
122
68
77
234
245
222
190
77
187
163
102
195
217
18
234
217
226
241
119
125
241
171
137
14
68
14
47
170
1
28
46
6
224
212
217
201
97
244
242
37
154
12
223
46
122
71
147
18
51
47
147
108
89
28
78
117
68
174
225
190
77
163
24
226
152
156
108
212
2
20
6
57
246
5
137
109
133
222
77
46
226
243
2
234
28
26
187
13
9
212
174
156
46
50
122
1
28
237
241
4
256
66
246
246
51
217
112
68
119
130
255
171
5
255
61
187
229
190
28
133
163
46
212
141
119
121
132
47
244
122
61
197
217
28
223
185
185
226
97
222
125
245
215
119
141
6
130
196
94
176
94
154
38
5
46
53
217
245
227
164
182
79
64
156
75
46
47
57
114
46
227
46
241
97
167
183
28
123
255
59
62
217
135
119
227
137
198
14
129
245
217
222
234
255
133
83
165
169
226
217
28
6
163
38
172
107
30
192
216
14
194
123
84
75
113
84
77
141
197
46
199
38
68
140
24
130
130
233
216
9
90
47
152
68
229
112
215
241
120
133
180
15
130
252
141
204
145
185
57
126
103
126
227
198
253
233
133
93
120
165
44
145
126
1
147
192
9
122
237
212
145
47
252
238
156
218
241
133
156
223
241
64
173
180
79
246
224
137
19
151
187
102
194
155
104
184
208
86
130
133
187
229
244
57
123
217
245
5
90
234
248
180
122
216
119
243
62
104
94
6
204
245
77
244
112
186
11
185
92
112
46
117
187
119
130
152
255
209
105
193
121
174
180
28
163
150
201
34
19
167
41
11
59
148
138
106
47
190
169
133
60
64
112
205
180
184
212
92
171
243
8
77
105
106
245
37
9
228
180
236
244
94
217
245
192
141
255
216
14
14
19
34
36
130
245
248
96
186
241
211
234
246
97
149
47
126
211
152
3
51
245
98
102
234
13
4
47
141
226
94
46
204
21
19
115
8
92
38
216
251
83
8
105
38
19
100
151
81
128
245
89
171
197
47
192
90
34
68
217
196
192
28
141
103
241
237
37
38
197
1
247
231
240
90
182
22
217
43
119
245
192
241
241
193
35
225
185
226
246
154
118
114
160
123
156
64
156
3
134
184
103
119
120
118
216
187
58
152
24
22
3
130
46
188
240
37
43
83
130
185
241
205
225
46
136
189
19
178
225
250
21
226
37
103
216
43
250
105
103
227
30
94
216
92
1
217
238
130
39
105
216
49
2
8
244
216
45
19
160
142
47
119
233
28
40
17
142
136
107
6
19
105
130
119
152
20
190
28
119
179
197
30
144
3
125
120
123
231
167
6
118
132
96
200
42
205
188
147
203
165
248
172
216
46
152
198
185
235
22
107
178
3
205
123
92
54
117
216
103
30
231
96
78
138
40
216
39
124
222
167
118
54
60
145
121
47
133
163
134
147
141
19
232
246
6
253
141
195
205
55
75
195
227
180
149
136
224
185
227
41
120
60
165
61
137
11
248
216
204
49
119
245
30
12
216
1
152
60
5
43
85
91
107
145
132
29
180
156
6
6
187
234
32
195
231
182
167
171
79
226
24
90
254
141
39
151
6
246
198
61
174
247
132
109
46
246
36
247
154
5
48
165
94
188
160
247
123
216
244
216
19
97
47
205
235
24
93
28
149
205
39
19
119
228
156
1
125
122
36
229
5
173
242
130
142
227
245
248
247
158
182
55
30
215
169
242
18
82
216
234
244
18
134
36
125
119
43
38
92
110
15
47
178
111
187
183
1
135
47
132
187
110
226
12
125
50
216
26
38
216
114
106
6
57
193
24
108
1
142
217
36
245
75
142
182
19
120
190
134
119
37
226
38
148
47
105
181
1
60
1
169
138
152
19
109
154
247
156
163
195
86
224
222
216
212
174
119
6
12
153
103
69
105
227
205
19
181
132
227
9
205
216
222
156
76
114
245
132
114
1
165
218
182
66
231
178
38
38
69
105
28
63
224
30
234
145
130
180
173
36
134
152
232
198
138
134
201
254
36
245
246
176
138
1
229
36
94
5
152
192
82
24
134
65
57
232
122
22
125
255
5
39
124
233
46
181
224
217
141
198
180
137
188
232
227
149
105
198
132
129
250
241
119
224
198
124
154
149
148
36
227
190
198
38
181
124
167
245
68
149
167
255
169
226
38
15
156
94
125
119
119
181
85
21
132
131
131
155
78
135
40
132
21
60
144
46
219
231
85
105
11
1
234
119
227
163
119
216
9
247
245
232
181
34
12
176
122
60
154
171
241
115
94
18
248
161
122
36
69
181
46
106
125
203
61
30
138
43
43
37
156
203
124
233
141
22
218
212
156
106
137
75
150
68
189
207
141
13
180
6
36
224
156
43
2
30
114
151
119
185
124
216
104
93
245
217
167
227
105
37
124
30
46
76
52
8
241
252
133
88
176
12
149
78
156
132
152
8
54
69
118
241
170
29
125
106
227
107
134
71
65
44
182
47
205
116
179
224
141
13
253
178
132
134
158
242
5
250
124
60
180
137
156
141
226
64
181
161
30
78
119
119
156
154
227
109
215
246
221
43
134
152
116
105
150
119
6
106
217
68
38
125
115
106
173
94
171
171
234
241
179
246
106
224
216
207
104
218
125
122
26
8
220
131
255
93
47
125
252
134
132
73
94
130
224
234
105
46
106
227
227
152
94
248
136
20
132
141
145
251
164
119
30
216
187
122
200
152
30
63
234
124
224
236
254
101
220
139
134
176
19
195
9
37
37
26
134
43
76
20
106
134
105
12
119
191
227
70
238
205
187
233
168
8
131
26
153
24
189
100
227
189
40
191
70
154
205
119
184
216
200
106
34
119
252
30
104
12
229
81
252
255
109
241
106
133
197
122
248
246
101
119
216
188
106
171
118
122
198
119
105
43
43
122
241
158
90
142
250
144
197
43
5
236
132
241
234
248
145
189
96
75
242
107
170
20
205
167
119
214
189
2
49
108
119
248
44
110
116
38
32
77
197
245
178
199
141
183
227
68
147
236
155
93
123
200
246
58
215
167
139
119
234
217
152
236
236
235
36
192
119
254
1
38
248
189
29
163
125
130
250
207
190
210
92
125
40
234
248
119
44
189
116
234
149
86
189
1
247
179
109
227
252
102
233
133
38
152
66
115
55
224
78
55
40
224
132
156
200
105
227
216
247
248
156
47
57
210
164
46
189
234
110
102
55
217
38
184
12
214
105
8
172
127
119
102
109
4
52
34
234
207
207
200
133
235
129
141
185
252
19
94
115
38
234
109
19
64
227
252
13
185
155
106
34
133
26
234
109
68
133
227
183
175
52
73
179
12
15
71
164
252
119
192
173
107
69
183
179
185
144
55
132
45
152
190
38
227
227
170
137
149
24
156
190
24
152
156
254
252
167
47
216
47
189
139
243
87
248
207
156
224
228
22
64
78
49
120
232
1
94
1
232
224
189
56
134
191
23
133
248
234
24
155
246
161
155
167
228
170
155
218
119
189
52
188
119
119
189
134
212
213
38
210
201
115
134
119
234
169
11
101
180
109
214
118
115
232
104
185
144
139
86
119
86
252
227
234
1
154
119
212
179
216
52
52
197
106
110
46
64
134
152
149
111
104
119
149
253
63
248
184
22
78
104
153
152
156
119
56
109
149
189
117
134
219
247
91
136
157
210
68
145
134
237
238
255
252
20
144
158
247
152
247
214
163
64
253
149
238
107
125
45
190
224
133
29
52
234
104
170
57
170
26
94
121
134
64
84
179
64
134
247
50
214
56
104
102
57
49
120
250
236
39
117
252
237
39
149
52
61
227
256
22
152
255
44
109
57
155
134
110
142
188
104
238
256
26
248
105
135
155
102
236
214
213
157
224
134
58
149
101
64
156
179
152
247
213
170
218
42
133
119
86
119
213
242
156
39
26
1
135
