186
186
177
177
51
177
186
222
222
177
222
51
186
75
51
75
51
82
13
5
229
19
209
182
7
102
75
7
51
123
123
13
22
22
13
136
219
120
204
219
50
123
27
169
209
141
50
22
64
177
76
22
113
209
177
27
59
69
162
47
250
47
130
18
62
240
74
224
52
190
182
141
126
169
74
75
59
182
252
25
112
169
3
248
248
74
47
74
28
178
130
227
178
19
118
141
34
106
123
125
75
151
122
162
46
106
46
74
205
209
250
64
195
74
146
220
210
160
245
31
78
125
149
204
106
146
149
250
169
3
28
182
59
205
160
149
143
57
177
147
75
46
56
47
48
34
157
197
64
250
200
143
114
141
62
123
255
75
170
75
185
123
123
68
103
168
106
113
141
98
182
3
123
46
123
141
195
195
31
144
56
28
38
255
182
182
205
102
75
193
80
208
136
138
243
219
38
135
43
149
154
139
195
141
147
95
43
145
178
146
168
235
88
135
3
240
136
119
240
38
22
123
96
24
206
135
182
135
22
17
185
95
3
8
59
185
160
140
243
188
243
3
3
3
59
71
28
87
149
217
136
68
141
136
249
130
112
4
155
136
95
31
114
136
109
222
135
212
59
129
199
222
223
108
136
173
5
213
48
62
94
61
224
40
71
41
245
108
191
161
71
53
36
186
75
108
224
250
243
96
71
75
54
140
59
122
20
118
242
211
92
4
224
147
147
235
69
141
141
33
118
217
21
224
108
68
235
34
63
28
3
184
75
198
235
67
122
22
73
110
122
107
108
123
91
67
118
246
125
59
3
92
154
168
141
27
123
125
136
147
131
55
75
211
33
147
208
147
207
110
184
110
189
132
208
54
184
208
45
245
86
45
205
136
184
33
231
118
246
1
152
173
182
43
216
217
191
32
122
245
204
245
222
87
245
17
183
226
142
144
37
169
22
110
141
96
98
231
208
136
183
204
28
54
155
41
203
245
166
45
245
131
89
87
68
137
57
3
204
98
33
226
154
118
65
217
188
214
122
136
211
124
26
97
98
245
58
207
250
141
182
97
103
92
185
142
33
168
139
26
97
79
28
191
89
110
65
207
54
92
211
132
86
47
136
236
171
223
14
43
252
183
127
28
31
145
250
250
173
226
249
246
57
228
49
110
15
249
98
154
79
15
9
124
18
100
97
234
58
194
22
200
76
125
15
250
127
207
4
252
5
54
78
252
211
181
97
131
56
105
227
153
107
241
15
110
39
225
132
39
162
198
15
59
217
40
177
136
230
48
127
214
76
154
212
35
114
132
142
172
41
68
136
136
114
250
230
232
172
125
206
136
189
12
227
136
222
71
131
200
100
43
112
110
136
156
162
232
97
225
172
32
114
33
190
247
74
4
150
9
168
109
109
132
189
227
245
168
45
126
132
147
114
188
228
229
137
147
4
251
184
132
161
195
39
168
4
206
53
122
254
139
45
229
13
206
250
250
4
214
13
156
59
15
241
136
26
136
95
209
147
8
37
3
105
132
168
250
131
95
161
174
241
136
226
29
79
202
168
214
45
137
250
131
136
28
102
94
114
95
136
225
12
136
235
129
199
194
141
114
13
246
225
117
132
20
124
26
223
45
173
214
132
8
141
16
135
250
161
28
227
11
92
73
199
154
132
63
32
216
251
132
136
68
154
42
136
125
68
64
249
161
137
224
63
13
54
154
255
215
232
216
106
122
79
114
114
124
242
154
247
26
133
26
5
83
94
91
189
220
133
230
119
154
232
230
200
132
97
232
199
155
93
225
13
114
159
235
94
66
48
214
78
114
206
199
240
129
144
154
154
159
5
109
228
220
102
235
129
74
159
72
119
217
158
200
53
129
2
95
30
107
136
200
214
155
124
131
179
30
66
125
200
158
249
54
124
17
195
81
53
198
136
60
132
148
252
83
139
10
26
133
94
242
132
237
102
44
23
91
226
61
119
60
4
221
227
136
228
109
227
249
2
174
37
77
77
95
109
53
3
128
17
187
148
235
230
250
216
176
86
193
149
198
56
25
132
140
21
226
13
28
250
42
25
15
56
109
132
37
3
154
132
54
205
3
242
130
113
106
176
71
22
132
124
91
133
216
42
139
210
108
133
158
68
60
249
78
45
57
20
110
232
77
131
227
176
4
53
101
68
179
78
109
32
4
45
154
207
158
182
157
135
72
85
132
164
82
25
170
60
72
167
179
157
217
40
207
77
82
60
83
72
49
43
132
255
57
189
20
110
110
120
188
88
60
171
198
4
230
102
179
255
13
72
85
207
99
78
133
57
57
157
82
96
156
229
137
178
157
254
4
171
247
4
79
100
157
20
125
254
100
26
68
135
254
182
207
220
118
4
135
18
4
4
60
114
135
4
68
134
100
132
60
82
68
135
133
135
218
218
85
68
226
52
68
176
218
