170
170
7
186
88
108
31
7
166
65
80
107
90
205
146
194
183
7
58
67
153
166
170
103
88
108
21
186
164
1
166
88
231
121
67
7
98
21
128
121
195
102
67
205
185
146
146
186
66
153
184
256
144
256
121
21
169
59
89
176
95
7
184
113
128
65
205
194
205
244
195
121
3
98
236
87
97
74
169
234
80
164
121
231
7
146
162
29
31
97
135
108
166
205
164
184
166
67
166
172
121
223
46
84
221
59
166
230
25
11
75
97
14
182
240
229
108
64
58
143
121
31
87
136
229
107
176
84
21
183
186
179
153
256
194
144
71
95
107
81
31
121
70
252
113
34
35
40
238
253
121
256
36
205
164
31
222
103
87
16
89
205
162
144
107
108
66
239
107
231
108
31
59
55
58
21
84
236
146
21
146
77
84
121
108
113
40
37
40
84
236
84
126
135
51
21
84
107
237
180
150
184
31
73
80
135
135
88
194
67
75
183
35
179
236
59
108
49
144
205
95
3
80
107
212
107
107
74
59
211
164
176
83
203
10
240
107
40
205
205
203
203
180
95
172
25
58
65
153
146
31
170
144
97
97
146
89
203
87
8
180
58
150
140
190
135
229
75
251
195
25
222
107
78
194
150
75
80
179
49
222
97
40
135
29
248
248
66
129
240
110
183
36
107
63
121
229
203
121
108
10
98
121
75
80
236
121
166
237
89
66
229
166
11
87
80
80
87
242
88
209
182
104
107
169
55
73
250
31
182
176
75
250
91
253
138
113
55
240
46
138
91
169
144
180
40
203
59
219
146
166
95
180
188
138
230
176
223
180
40
166
153
80
186
169
41
146
97
164
240
67
146
205
146
183
179
221
138
134
55
80
31
223
240
169
194
235
229
186
31
199
194
67
7
228
36
170
170
248
180
216
36
93
46
71
58
122
240
18
40
61
166
73
126
90
24
60
113
195
146
229
166
205
108
195
74
80
19
52
176
166
179
150
180
164
88
256
237
222
74
33
138
65
40
183
59
143
236
185
243
95
108
146
80
88
46
193
225
205
146
95
255
244
205
66
55
146
194
96
107
28
114
32
166
150
31
14
58
244
15
244
55
211
1
95
182
151
21
84
244
210
144
88
180
222
146
21
130
185
87
166
80
121
194
113
61
180
21
55
65
115
195
203
90
146
97
190
25
229
138
144
113
105
241
108
179
244
130
27
195
164
7
244
146
28
65
101
253
41
74
195
203
203
59
83
205
170
93
139
143
145
240
108
35
176
166
121
181
243
130
176
28
210
145
33
59
164
166
236
11
209
176
69
203
222
69
236
231
108
41
67
183
107
90
121
96
31
140
256
166
75
176
231
73
210
162
90
230
58
135
164
73
59
164
139
139
181
80
203
166
36
248
49
121
138
138
113
80
80
250
111
7
107
114
186
77
96
29
230
22
140
211
73
135
248
239
40
174
65
128
180
25
113
6
168
256
195
240
179
225
160
223
166
18
236
185
203
136
180
144
80
81
122
222
96
135
236
256
237
128
195
205
80
245
239
14
164
145
54
146
225
68
84
182
41
88
65
146
144
153
59
164
75
102
194
244
144
250
69
164
145
11
29
253
31
11
251
33
166
146
22
205
256
127
181
227
128
180
138
36
188
166
236
25
80
212
135
59
146
207
83
121
191
229
31
93
170
205
185
87
36
55
203
35
205
71
47
206
169
36
135
170
73
169
138
95
242
128
105
22
229
80
80
205
135
73
164
14
249
167
121
144
31
164
198
7
256
89
162
18
201
65
80
194
138
219
103
73
138
59
194
205
128
219
244
222
88
21
179
108
185
93
205
135
113
146
95
128
140
205
194
222
166
191
31
55
84
108
253
250
33
205
18
38
130
138
160
64
136
249
250
116
214
97
3
103
182
7
80
181
209
231
93
236
183
65
88
65
195
127
88
29
63
95
31
130
25
30
88
205
248
202
208
107
166
221
22
31
73
73
229
58
121
146
146
36
181
28
176
96
88
38
231
229
137
181
150
31
182
100
93
243
219
206
176
87
153
212
71
256
205
241
240
87
91
121
167
74
222
80
40
88
121
24
195
253
144
31
31
29
240
31
169
191
91
150
121
124
32
253
194
65
93
169
73
240
151
73
195
164
166
176
121
182
164
7
195
65
202
98
93
108
59
67
164
244
121
164
169
240
33
162
29
169
166
25
55
203
228
203
74
255
176
225
240
75
138
203
230
88
83
11
146
89
164
103
14
42
80
240
71
84
256
40
253
194
179
236
107
186
249
107
184
231
92
164
127
150
170
176
154
66
65
252
223
130
103
164
135
89
75
184
80
176
229
73
25
170
145
80
169
146
253
203
244
194
194
83
203
91
55
7
169
95
180
151
151
170
256
243
194
244
240
250
181
135
222
203
236
10
153
73
74
201
244
256
195
240
162
31
169
171
103
89
243
33
115
135
19
185
36
164
252
28
135
26
31
146
205
198
203
29
88
95
120
244
162
35
205
28
203
59
11
128
217
19
95
84
59
40
80
214
183
249
206
150
121
31
169
140
242
73
194
92
144
8
59
194
144
209
28
49
32
185
107
154
242
36
80
88
16
83
25
154
92
205
21
185
113
35
65
84
7
223
55
238
135
74
146
170
58
164
146
182
59
28
190
74
168
150
169
138
18
233
229
121
169
203
146
74
142
75
256
25
58
140
256
18
83
198
153
233
59
166
49
92
251
251
235
229
121
166
73
253
130
36
229
107
41
21
88
242
186
209
43
32
237
73
240
225
13
96
74
203
144
195
16
6
57
205
52
31
89
203
80
166
205
143
236
42
169
150
146
176
130
236
83
208
186
176
114
121
84
83
153
70
179
31
180
186
211
185
59
166
245
67
95
37
33
120
80
182
59
100
166
194
121
175
151
31
64
135
169
256
113
58
166
146
69
256
165
165
18
80
114
128
256
27
145
247
58
154
186
185
80
73
256
54
241
55
83
58
59
40
145
33
74
180
113
130
144
170
229
85
88
113
79
16
52
46
75
165
113
244
6
17
32
203
35
195
146
89
186
226
162
150
129
193
166
168
42
18
146
146
180
113
182
229
176
130
180
237
130
203
84
107
87
89
88
256
182
86
7
74
166
7
256
132
35
168
166
182
195
219
220
107
135
245
176
35
52
73
203
226
93
10
220
33
113
108
117
151
243
28
203
22
140
32
208
195
91
236
229
211
95
88
80
169
238
163
40
176
169
13
240
251
144
88
95
59
211
102
90
146
231
183
250
135
164
83
256
130
135
248
121
183
186
162
146
256
33
25
223
108
183
222
121
166
88
80
130
19
146
21
146
65
251
196
61
121
59
17
108
211
202
162
186
238
166
253
176
205
64
58
35
46
250
113
95
171
21
91
35
39
185
99
226
59
31
226
146
121
125
196
7
203
194
80
178
203
45
89
132
244
80
114
184
210
211
101
231
121
70
177
74
215
226
32
89
256
222
231
208
206
235
176
231
88
250
35
24
50
151
73
228
194
132
153
194
3
253
113
21
242
18
120
186
73
65
205
135
150
91
35
110
165
169
121
130
128
42
162
24
132
58
193
80
229
184
88
4
244
21
25
121
187
65
226
221
8
138
10
225
97
146
22
203
220
112
40
166
177
199
231
256
58
7
179
235
7
144
66
169
256
210
240
144
63
35
32
121
245
142
195
153
244
166
59
97
73
89
17
240
139
186
121
108
238
33
61
16
128
121
253
59
236
73
157
160
256
220
92
169
61
67
58
35
150
59
251
35
113
249
164
176
231
80
128
195
130
112
66
36
146
178
114
166
35
108
235
162
69
195
107
35
97
184
253
112
146
251
187
35
195
194
135
166
225
253
195
84
250
135
247
164
103
253
83
84
194
199
121
230
72
194
225
17
256
190
211
24
59
80
83
169
36
251
27
80
91
225
80
202
201
251
83
55
253
66
166
49
180
66
65
205
225
176
49
21
169
256
195
256
80
116
166
88
194
33
194
20
67
59
169
21
204
40
105
85
92
170
162
135
146
50
17
184
203
107
80
235
100
2
236
169
253
83
253
31
67
13
177
195
95
86
215
249
130
26
191
190
80
93
136
35
203
15
85
88
244
194
133
11
186
35
241
65
37
80
21
236
42
164
166
67
40
170
239
115
33
130
115
228
39
191
24
203
236
113
21
236
113
190
234
251
184
235
108
191
115
229
28
174
84
243
14
170
184
67
31
35
21
47
36
47
64
37
170
241
138
133
91
118
210
250
186
5
66
146
125
38
249
35
192
112
83
114
179
37
193
67
59
253
184
215
196
222
133
124
166
89
88
88
35
130
146
205
87
9
249
17
184
120
15
110
16
203
2
47
142
166
82
40
121
231
113
77
31
203
55
72
184
195
58
162
203
63
169
90
248
42
88
36
186
130
51
19
176
256
118
10
15
209
225
223
64
108
238
229
108
256
186
191
84
172
241
229
214
204
229
43
75
63
237
40
108
146
202
59
35
217
37
82
1
99
251
144
249
84
154
195
188
243
182
130
121
80
62
182
217
244
167
75
202
215
159
179
103
35
166
121
104
175
121
234
221
199
25
5
249
154
121
14
170
250
253
43
21
217
135
27
47
250
186
71
204
15
135
14
135
244
101
218
138
244
244
191
122
121
256
230
195
207
121
140
100
203
55
115
73
118
67
164
95
72
144
49
60
186
169
218
219
79
209
214
170
120
28
253
213
95
35
128
35
226
49
64
121
59
61
95
8
78
135
35
253
209
96
172
144
156
239
102
166
118
42
81
190
95
205
138
144
138
88
66
121
244
136
97
181
256
121
191
99
14
88
89
63
137
103
228
3
131
50
244
71
57
67
140
121
216
7
135
182
66
75
84
32
104
34
36
164
186
214
5
42
190
88
137
103
103
219
199
185
190
93
80
80
228
17
15
25
205
230
56
112
153
13
242
217
44
134
34
202
146
194
55
146
3
174
174
99
184
37
184
26
195
142
64
205
15
176
210
172
117
76
252
70
105
116
180
52
115
14
146
196
15
28
209
80
196
79
113
233
99
35
34
61
35
34
25
80
129
49
256
44
82
21
52
13
89
130
29
49
181
95
3
79
96
37
118
153
221
129
80
235
58
131
11
80
245
162
83
233
70
96
96
9
28
25
77
235
60
76
120
153
256
36
170
77
88
194
17
166
239
210
95
131
22
65
64
13
244
217
135
99
37
195
33
184
240
63
5
166
240
104
185
80
88
193
196
124
102
150
186
125
80
229
113
203
220
170
62
131
82
83
130
27
109
61
221
121
82
59
95
49
95
186
156
146
44
29
15
25
27
184
133
144
193
215
225
173
88
91
65
186
117
186
8
190
239
217
90
194
178
184
225
88
253
76
250
27
80
58
102
40
195
170
190
24
191
214
80
82
144
115
153
14
102
89
99
125
102
24
237
166
15
203
69
65
199
117
35
175
133
123
146
226
89
215
229
174
178
7
115
72
65
230
39
124
15
69
17
37
121
215
80
65
189
220
31
235
52
196
14
203
225
53
72
49
113
36
150
178
130
61
95
13
44
58
230
196
61
195
21
59
184
161
153
26
8
91
236
186
196
253
179
133
84
184
230
197
153
184
240
5
223
242
231
249
159
144
65
204
170
14
64
63
228
248
186
82
169
14
27
33
184
140
131
79
50
158
146
95
196
250
209
138
150
175
80
225
34
13
51
236
242
95
220
48
61
27
16
155
19
91
82
117
133
15
50
184
25
250
73
228
88
19
189
124
114
10
195
88
78
63
88
14
67
223
237
85
235
13
237
186
65
103
235
50
12
37
124
26
178
8
38
27
11
3
251
93
244
32
244
80
131
79
235
149
59
213
153
249
225
103
25
26
193
25
104
184
141
119
232
40
8
5
136
71
158
16
220
209
187
115
249
249
191
184
48
217
218
27
75
104
189
63
112
75
64
203
229
10
115
253
213
42
72
176
49
69
25
63
235
19
121
213
236
95
104
184
223
183
240
24
3
240
7
23
235
194
133
235
215
78
27
78
132
88
249
82
75
82
25
146
157
86
62
244
244
65
178
52
190
194
159
184
72
197
37
196
88
2
200
129
202
214
249
222
55
78
223
211
196
146
155
4
19
16
172
169
249
75
27
242
235
149
235
232
242
88
133
115
62
223
86
213
103
74
240
133
94
240
79
27
131
172
178
223
169
50
190
80
53
202
85
136
72
203
180
74
65
232
184
232
39
244
8
206
133
184
188
182
78
205
52
120
175
238
178
133
15
25
88
64
72
1
25
39
160
133
140
133
158
232
195
176
253
223
125
30
51
249
58
194
63
14
66
232
77
184
91
235
23
184
77
209
194
11
35
150
130
107
155
159
169
13
91
112
86
194
240
80
150
21
65
195
88
55
144
223
48
240
146
133
155
121
3
217
45
82
84
230
169
170
197
120
55
100
114
222
213
163
141
52
230
27
196
25
174
161
30
65
251
155
197
230
203
15
58
228
201
223
104
181
240
223
80
178
24
120
49
240
85
252
41
58
25
136
26
140
73
77
239
133
113
104
41
103
16
230
99
85
31
203
75
63
182
32
95
86
249
131
108
93
228
126
50
93
249
30
32
240
230
203
110
235
70
137
2
130
30
215
235
33
124
191
121
217
138
143
27
236
60
214
184
169
131
222
77
89
120
89
42
140
19
36
253
55
181
107
130
243
91
232
91
121
230
105
94
182
135
39
184
78
62
72
39
27
89
102
28
66
135
53
24
59
190
63
124
21
30
191
24
133
118
191
10
198
70
88
11
97
115
228
89
92
84
50
124
153
183
206
201
252
28
180
184
174
136
114
252
51
14
67
169
35
25
84
50
107
137
26
180
166
253
32
63
136
160
27
58
111
240
183
112
79
72
78
236
30
230
106
222
32
2
76
229
121
108
249
100
55
172
15
95
230
26
74
106
235
107
98
185
214
117
15
140
130
255
53
189
77
130
216
55
254
218
2
16
253
102
176
29
231
191
55
230
190
131
240
25
84
176
53
108
15
101
155
230
42
59
235
115
196
117
107
252
72
106
62
80
243
70
50
215
117
169
75
11
85
106
72
91
105
106
39
21
161
70
217
86
159
140
88
227
203
84
49
191
77
213
191
27
249
42
2
35
225
32
77
184
225
138
31
26
120
199
133
217
65
39
72
99
193
240
186
107
253
35
111
21
130
72
176
101
114
249
17
252
219
193
180
79
191
131
176
230
249
39
88
72
15
217
255
182
235
256
67
204
122
244
249
39
149
135
120
63
120
51
105
183
132
197
240
85
59
186
131
225
121
249
229
191
27
79
131
107
214
133
46
16
56
198
4
21
174
170
232
196
53
247
253
45
231
219
86
199
218
172
191
131
188
174
215
161
43
88
231
191
59
77
109
59
100
122
130
103
45
21
179
21
36
181
72
35
178
236
114
133
213
204
42
30
217
213
159
184
88
109
201
46
31
250
124
225
235
219
54
107
53
191
107
72
131
124
134
215
59
116
249
250
253
72
59
159
113
107
26
131
88
209
88
125
129
169
203
72
158
190
124
42
120
214
4
240
57
43
234
15
208
34
72
205
215
56
188
213
175
121
214
87
85
137
253
186
101
104
56
39
223
140
15
133
80
215
191
67
214
124
102
97
191
110
52
213
78
202
197
202
59
85
16
191
134
62
16
202
