112
71
128
209
62
62
165
126
91
209
22
254
209
209
40
209
62
209
59
88
209
209
177
96
89
181
112
84
151
75
209
209
84
28
150
190
162
209
98
182
127
205
209
7
75
141
91
98
106
16
204
151
16
209
165
204
223
234
151
208
80
113
141
105
71
239
162
234
84
182
175
208
209
165
165
16
62
62
136
150
175
177
209
175
208
146
243
165
98
28
112
98
143
118
177
75
239
90
229
89
254
239
80
84
86
16
8
62
7
113
113
55
239
175
62
143
32
32
220
177
98
150
136
50
73
7
87
62
118
160
177
89
177
208
107
160
254
110
87
200
239
143
3
175
160
40
239
177
225
234
177
251
136
239
50
209
240
56
160
209
89
200
71
136
97
37
50
190
92
92
239
118
107
11
198
84
179
89
229
118
208
225
164
165
32
160
209
118
209
177
165
182
160
57
209
250
126
25
200
209
237
19
233
256
219
63
32
126
28
111
223
76
239
143
34
58
160
127
143
231
51
208
51
97
234
208
56
35
3
106
225
97
179
66
225
209
62
131
121
7
208
32
144
202
118
202
92
51
195
143
200
165
202
202
209
155
32
55
200
78
165
151
208
144
92
252
62
73
92
118
54
118
113
190
104
73
208
143
244
50
25
118
138
177
200
118
143
252
26
150
200
184
202
202
222
56
249
54
252
112
240
144
92
191
179
104
164
13
98
71
143
25
148
71
222
140
40
31
4
240
8
202
193
25
239
103
56
90
117
133
185
225
182
117
72
104
143
143
27
227
104
5
138
5
183
25
62
241
209
150
225
82
89
237
185
139
185
177
176
159
193
194
62
54
225
160
82
15
104
27
143
164
87
72
76
54
200
35
204
136
151
256
71
118
176
240
190
109
193
165
223
209
71
176
244
185
153
141
25
175
50
235
159
174
164
135
32
201
107
234
136
72
183
98
234
54
164
234
223
249
88
29
104
35
141
83
75
177
253
92
41
229
210
204
54
89
143
104
74
208
187
126
256
153
169
32
180
206
63
16
153
208
46
188
36
194
175
105
153
24
204
203
159
202
104
119
30
156
187
6
51
89
130
236
23
157
251
170
54
141
250
51
107
105
209
10
139
29
244
34
42
242
104
235
54
249
212
72
104
113
31
160
147
174
134
113
188
140
89
104
239
253
54
121
210
208
153
103
83
88
92
19
208
183
88
165
89
77
153
170
38
119
176
185
89
31
140
66
18
94
63
46
215
60
155
164
88
92
31
91
154
148
79
181
156
93
251
252
165
118
225
54
54
110
229
65
118
174
254
79
58
78
178
249
200
127
119
177
41
52
104
143
156
144
237
219
63
73
54
130
27
90
16
159
252
108
13
15
244
253
87
239
71
195
113
5
238
201
54
40
127
15
176
97
176
156
176
29
127
135
153
143
162
67
229
61
92
234
50
35
150
32
113
87
110
104
105
215
85
111
127
8
146
35
141
19
232
254
251
81
223
146
249
177
13
118
118
242
253
91
11
191
118
15
13
81
175
254
197
110
104
135
224
38
163
165
42
154
224
57
131
88
225
248
103
152
11
50
175
151
52
250
34
164
256
175
71
79
163
121
171
8
118
224
2
87
181
240
229
180
229
45
141
181
202
115
84
215
196
231
196
15
236
88
143
85
47
79
185
172
141
63
254
50
203
251
8
130
237
209
250
121
95
40
163
215
174
113
118
14
184
107
215
107
63
200
180
35
1
24
164
177
219
33
90
242
64
254
33
171
66
166
66
248
236
254
194
95
195
94
35
219
228
10
96
20
229
191
13
69
7
224
32
66
26
146
87
16
31
63
59
219
23
130
253
229
158
174
71
104
205
20
219
225
250
73
229
250
168
23
107
241
224
13
137
238
215
121
103
73
71
154
240
150
83
15
64
163
102
150
150
14
85
248
140
15
15
108
242
128
198
208
57
140
20
114
169
82
240
174
170
141
108
179
94
191
49
229
136
229
79
183
245
224
90
112
110
229
256
61
229
202
251
78
3
227
215
203
250
175
143
204
97
10
96
74
224
63
40
248
237
127
120
175
15
192
174
253
156
58
85
19
90
42
215
47
229
56
54
37
206
90
34
63
108
186
250
241
63
236
161
29
71
223
107
30
237
183
40
133
185
108
108
171
248
103
15
15
112
175
193
221
152
224
22
1
227
231
63
6
238
224
91
33
35
63
110
15
110
174
158
129
229
95
63
224
95
253
254
166
234
184
29
178
7
95
211
87
91
152
110
187
240
224
224
239
99
163
63
180
235
96
95
210
97
236
63
181
187
239
163
29
15
91
164
250
219
63
237
74
251
196
90
168
229
183
12
194
14
61
22
68
209
159
88
240
215
250
65
156
224
94
205
135
223
201
63
46
52
193
96
88
236
136
136
153
29
147
253
208
140
93
93
54
201
97
130
168
25
53
171
118
169
150
107
218
156
35
15
87
204
222
166
37
33
238
175
98
203
82
64
240
50
113
100
5
52
115
65
102
210
92
13
215
197
28
87
123
155
63
63
59
182
180
201
229
104
85
89
114
21
148
8
236
24
96
96
33
34
153
175
63
125
192
112
171
171
103
125
230
127
56
43
25
133
221
210
250
171
182
82
18
123
14
15
153
61
48
124
139
20
250
250
31
136
18
5
199
194
5
95
110
205
47
100
18
174
94
230
249
24
110
74
37
22
21
146
87
251
150
56
190
50
15
83
74
126
210
61
8
146
43
165
121
90
184
236
236
106
94
188
139
45
254
138
170
228
14
3
63
164
136
188
193
224
215
53
206
128
249
168
216
33
224
39
68
240
32
89
92
254
17
110
64
180
80
33
251
205
245
113
254
63
74
39
220
6
228
76
253
103
237
51
150
85
113
200
208
109
112
63
186
241
163
193
226
42
123
46
203
253
174
126
78
21
194
57
208
185
27
114
6
131
166
174
162
200
94
249
56
22
171
146
48
169
90
20
156
193
236
163
96
203
185
192
63
90
15
92
251
131
207
102
53
117
133
72
197
144
240
204
194
192
32
251
63
142
92
37
199
229
97
43
129
113
251
182
136
245
102
161
189
100
120
216
72
189
20
59
161
92
136
68
242
14
253
200
153
166
91
120
30
131
229
204
91
124
133
169
106
61
24
193
242
200
188
103
251
107
23
224
19
188
87
195
243
204
208
156
164
30
97
98
23
205
12
99
219
247
199
174
70
87
194
38
12
26
28
156
200
26
42
190
146
47
171
238
25
125
171
200
59
123
214
36
59
221
68
229
43
256
210
245
44
68
125
59
49
4
88
152
83
174
30
63
8
224
19
237
24
241
234
245
40
130
89
199
38
88
92
28
134
204
63
246
8
107
166
136
83
191
68
109
133
190
247
83
92
57
144
238
15
50
245
59
34
209
93
188
115
37
133
228
87
120
236
152
229
66
189
170
133
255
107
7
209
56
26
28
98
158
109
80
133
94
65
119
130
194
204
28
234
196
4
148
113
200
96
112
119
209
62
43
119
50
187
241
169
28
142
4
121
193
224
16
12
36
31
92
215
59
145
225
107
19
48
115
6
59
193
142
99
4
188
36
48
53
193
200
152
43
191
36
36
206
55
77
235
4
203
36
95
49
113
36
6
36
63
125
160
28
63
185
68
211
113
247
215
47
199
34
208
153
251
116
6
157
68
194
42
224
4
171
82
190
165
217
250
4
172
133
156
39
48
185
64
109
185
104
158
224
217
27
232
106
59
106
18
46
195
30
82
36
160
160
15
83
204
249
109
21
89
188
88
124
6
124
37
170
129
185
35
83
248
233
88
55
237
68
185
106
126
237
247
152
229
211
5
191
237
106
46
68
59
36
64
35
46
152
239
171
1
36
5
68
119
68
206
107
82
118
89
189
218
46
133
185
56
51
250
5
248
68
179
188
171
155
21
195
38
189
228
200
56
88
37
252
90
27
31
99
49
229
214
93
3
119
31
113
237
236
56
246
126
229
61
92
233
225
49
233
200
8
236
155
158
158
15
190
126
186
173
253
57
158
86
173
38
38
34
20
152
119
26
233
27
252
245
188
38
254
142
144
254
82
185
1
134
40
72
204
165
59
223
246
186
6
12
200
221
56
4
46
63
74
115
38
130
10
136
46
251
173
247
158
122
13
134
78
252
189
57
125
78
74
