253
114
114
59
76
48
187
74
153
145
256
183
61
207
7
147
212
132
215
86
95
55
139
32
236
135
256
253
30
69
236
210
8
195
212
57
72
227
222
183
195
72
95
25
236
56
60
38
42
210
84
141
95
109
82
220
223
108
223
25
56
144
103
34
187
108
190
183
49
121
64
178
28
250
159
210
183
238
153
223
36
86
108
10
45
182
237
182
12
114
201
182
48
190
132
29
174
98
35
47
1
88
7
100
223
56
136
96
108
33
82
187
18
179
89
236
251
15
83
235
76
30
93
31
229
135
106
107
137
64
219
159
196
60
91
96
146
195
82
45
39
59
237
95
238
108
64
234
174
67
75
25
187
1
34
88
88
111
182
74
107
100
256
136
46
238
60
149
247
249
97
29
13
14
61
203
108
47
34
203
56
29
13
37
240
88
252
10
190
91
106
145
90
104
203
201
190
223
102
90
1
201
194
203
12
85
195
25
250
237
19
34
10
235
14
114
124
85
198
169
59
187
47
97
77
35
108
230
164
236
14
73
149
5
23
88
64
100
190
93
32
166
61
234
43
225
130
73
195
14
153
249
114
159
195
62
241
140
222
88
190
10
147
23
34
125
71
187
132
195
166
190
203
41
100
82
223
100
34
90
60
55
90
190
104
35
169
196
74
135
236
245
114
223
201
241
196
240
194
121
144
86
76
56
21
179
204
223
7
252
215
111
131
119
203
135
102
29
95
203
53
42
141
10
67
196
16
256
185
35
189
145
187
60
189
7
204
189
86
23
29
151
176
135
187
136
8
187
147
85
59
44
42
46
163
23
89
82
110
215
32
236
40
225
154
236
76
119
35
180
159
252
59
144
13
177
85
107
31
240
97
130
154
219
100
64
42
169
8
34
203
28
5
201
108
205
107
183
103
82
253
10
56
72
67
56
96
1
89
52
219
183
222
192
136
10
114
88
88
47
114
103
45
121
164
147
93
28
33
178
107
108
244
64
183
195
183
107
16
41
108
109
113
145
102
181
251
175
235
57
130
204
178
145
240
56
88
203
76
56
121
32
6
215
65
79
230
227
187
14
246
136
234
135
82
228
82
136
196
132
77
130
225
122
144
1
192
203
29
115
223
105
53
64
8
178
169
189
195
135
256
144
1
89
228
183
231
96
96
163
235
228
228
90
137
35
139
60
211
147
147
60
86
256
98
73
97
78
12
105
100
234
85
82
40
18
107
135
82
111
250
237
10
130
81
215
251
182
196
183
56
255
250
159
240
215
187
23
227
240
64
73
154
88
223
137
23
166
205
27
124
201
34
240
190
102
241
205
178
180
199
32
28
33
242
103
201
64
106
77
238
88
73
61
223
27
203
160
60
16
145
198
183
61
119
199
62
196
93
97
135
146
80
95
8
130
169
153
149
256
27
64
69
85
136
121
190
64
6
191
250
116
42
89
219
56
153
210
27
96
121
220
88
21
250
64
236
89
222
106
74
186
89
93
107
107
76
64
12
104
149
13
13
84
12
25
145
56
199
108
208
28
187
105
130
248
35
29
2
88
82
82
122
190
236
79
175
238
22
18
61
107
169
16
229
85
240
27
236
223
108
211
14
80
89
56
144
85
210
46
32
61
130
228
175
83
121
240
79
83
196
111
21
71
146
64
169
64
145
252
151
163
8
256
203
130
248
121
84
111
256
169
33
40
120
34
108
201
95
256
25
32
30
6
183
38
228
219
90
106
76
5
248
243
190
181
97
35
244
238
88
221
77
25
139
93
60
76
239
39
131
88
1
135
146
114
57
147
89
128
114
240
156
166
196
205
60
14
76
103
48
210
5
93
30
145
149
235
228
107
13
154
179
22
180
151
102
238
238
111
35
75
145
215
96
11
185
154
77
14
228
149
235
16
169
192
12
78
236
8
14
181
88
248
5
41
196
76
12
32
11
164
1
5
229
149
155
2
242
8
34
230
15
27
147
230
111
130
139
222
12
119
139
219
40
98
211
147
139
236
121
57
35
35
34
29
10
256
238
134
110
8
113
13
12
64
105
16
64
164
106
1
14
24
24
35
147
31
160
215
107
196
189
118
46
214
108
155
190
44
41
171
31
181
31
108
13
61
139
185
13
88
23
81
114
147
132
201
139
34
23
102
182
88
196
7
91
1
184
181
121
113
90
56
248
119
222
203
134
169
189
169
111
189
93
34
31
22
16
89
94
61
130
189
220
228
70
88
194
223
34
175
248
240
201
111
186
31
124
57
107
248
162
185
230
228
128
12
235
27
54
195
106
235
149
12
106
137
45
34
64
187
138
140
73
14
75
237
96
187
10
10
187
252
5
132
77
125
80
189
64
85
177
34
94
184
182
106
121
201
121
238
69
64
85
95
88
86
34
162
8
196
198
182
31
91
61
219
38
231
90
24
150
250
256
121
61
88
181
166
131
185
170
80
186
50
139
235
139
78
16
255
34
186
16
154
14
14
64
29
17
212
237
255
106
215
189
185
69
223
42
130
154
222
30
125
25
215
82
30
88
76
132
86
129
35
223
41
115
115
61
129
89
189
34
180
53
242
216
35
105
85
236
80
10
94
64
178
166
166
66
244
181
222
48
83
36
85
250
108
14
255
234
228
16
145
1
236
116
199
215
132
189
145
238
34
90
90
228
189
255
199
107
60
178
183
30
183
2
110
256
131
77
23
76
6
79
250
103
65
182
35
104
85
183
60
183
19
130
181
14
249
145
111
33
199
96
83
24
103
210
88
124
55
96
57
238
90
35
238
89
117
187
241
236
64
112
88
73
28
222
91
10
115
124
146
14
208
111
33
41
253
169
215
97
170
86
235
88
182
132
166
67
242
34
35
170
141
197
223
82
203
187
94
12
10
102
205
76
132
219
88
22
34
176
65
178
82
248
244
216
61
210
59
131
61
227
87
82
64
47
96
65
51
5
34
27
237
238
55
10
57
238
177
216
240
138
237
115
135
142
138
31
5
76
15
154
216
256
10
31
93
184
22
113
169
30
112
181
2
61
76
145
109
80
61
109
91
16
203
190
176
154
122
170
256
34
249
133
18
11
132
220
28
187
152
235
212
108
237
13
220
77
73
222
61
25
147
88
57
49
164
61
64
89
130
29
219
111
82
129
61
215
85
232
121
175
138
8
35
215
180
116
93
147
10
88
61
19
183
79
235
64
53
82
222
156
85
50
55
256
82
222
10
82
31
195
48
154
182
199
76
11
39
90
11
195
108
5
171
85
82
180
223
124
55
122
61
22
154
203
182
199
152
196
182
13
34
199
247
147
14
226
6
219
154
53
185
178
181
66
138
58
96
194
36
82
88
34
85
139
160
173
19
83
48
229
59
236
166
10
102
167
57
81
14
138
83
7
195
38
238
25
195
244
29
216
190
169
89
49
220
102
10
170
203
1
105
238
154
6
233
226
238
34
187
142
94
96
240
127
238
38
111
88
13
47
216
116
174
80
136
201
115
83
34
170
28
205
5
96
82
26
7
196
122
149
223
75
82
10
216
138
29
166
65
13
82
72
61
255
199
190
10
11
83
154
133
134
198
34
9
112
155
1
70
145
229
61
172
65
91
126
126
190
18
174
147
174
83
61
191
170
35
69
10
219
122
59
213
166
35
207
172
10
144
115
211
198
132
132
96
168
36
256
137
111
238
187
164
61
31
251
64
252
247
61
172
146
181
158
1
35
64
88
88
46
5
34
31
121
192
192
116
201
13
10
252
199
78
147
147
154
97
89
76
53
195
75
166
128
221
14
122
202
240
219
175
242
138
103
25
12
164
121
134
238
38
11
75
18
181
135
8
221
127
127
198
10
48
142
64
134
155
154
61
94
140
77
216
237
98
155
238
237
14
198
178
28
169
255
252
147
138
49
5
10
181
83
29
59
147
91
94
73
91
78
43
228
109
26
19
47
33
242
229
108
91
89
216
122
75
147
127
155
1
6
26
91
174
256
63
170
203
115
232
176
238
252
127
91
242
82
119
139
216
158
10
192
149
82
76
219
16
83
186
105
169
169
11
34
121
196
135
146
91
194
61
154
37
43
91
108
201
191
222
115
190
243
196
222
10
183
172
94
238
27
32
198
125
35
172
222
198
146
191
256
196
163
203
135
19
132
65
140
219
6
91
32
145
113
31
80
154
145
180
75
237
122
91
194
237
114
238
198
33
237
10
52
199
128
60
121
104
57
35
184
101
150
238
44
248
8
129
61
170
86
108
10
195
134
83
171
69
69
128
88
59
61
181
113
230
221
122
25
52
14
19
31
115
213
185
237
61
96
91
31
170
193
181
237
6
124
91
8
247
230
148
65
185
195
61
96
69
94
10
120
25
101
174
19
216
104
236
10
255
228
129
35
61
248
210
207
210
35
154
247
74
96
242
149
91
83
243
124
131
221
134
121
129
55
94
228
94
69
61
253
31
57
247
34
167
40
19
33
14
35
31
94
45
216
76
180
24
255
65
110
199
147
146
88
235
238
216
192
240
201
256
42
236
236
201
57
242
166
186
14
170
192
203
199
30
129
19
146
61
61
19
169
238
28
119
186
179
34
256
186
173
94
199
206
186
104
52
256
31
155
84
221
234
176
14
26
179
248
198
252
88
162
33
186
5
161
218
104
