128
126
55
127
211
126
128
55
126
176
127
127
226
211
147
126
91
59
14
243
55
66
17
127
14
127
132
243
241
211
17
254
14
211
243
54
107
132
28
211
250
211
94
254
241
114
44
250
5
95
216
143
226
174
174
182
66
15
182
97
174
182
54
132
177
28
97
184
250
216
28
177
250
145
66
208
174
243
51
66
109
59
208
217
150
127
174
208
223
240
62
69
103
208
204
131
111
131
123
79
143
123
211
204
250
250
111
174
132
174
95
123
97
66
79
111
250
95
136
177
95
222
66
54
94
244
28
136
131
184
250
244
216
134
145
111
208
32
247
226
250
118
123
132
111
111
120
216
216
173
177
111
208
192
208
216
95
131
241
132
120
102
182
206
250
182
95
216
182
247
111
130
150
64
222
199
142
154
123
219
129
70
219
51
174
111
111
192
14
177
70
145
154
216
189
145
105
95
205
70
184
129
32
250
141
109
115
66
182
102
28
51
30
143
17
211
160
174
17
17
206
227
109
111
132
70
147
111
29
111
71
79
132
108
248
160
207
211
147
92
226
111
216
199
246
15
243
111
253
111
156
137
208
10
174
216
172
181
66
91
36
95
245
111
79
198
76
70
197
247
142
154
136
137
137
54
216
28
10
132
77
10
208
183
253
137
244
17
79
182
10
57
111
181
87
111
217
208
49
109
207
111
156
156
141
87
84
246
161
130
111
74
67
219
195
226
137
28
10
57
111
65
227
114
216
237
216
91
207
180
2
98
170
76
224
115
226
74
137
224
248
111
111
79
161
248
227
211
38
118
10
216
79
54
99
19
102
130
79
121
111
136
115
130
207
124
83
129
111
198
111
66
77
111
111
174
219
177
106
246
77
104
171
235
238
141
30
54
237
5
170
64
87
138
156
85
141
74
179
28
217
237
144
78
201
200
85
105
102
200
9
181
120
85
109
141
75
128
12
254
137
207
200
201
79
254
78
10
54
201
38
85
185
54
96
234
111
105
164
102
38
21
101
142
217
78
94
13
255
200
238
78
249
201
195
95
220
248
226
132
19
253
226
249
180
122
201
182
150
22
9
237
207
28
123
219
38
226
205
231
109
102
28
132
200
245
201
71
54
69
109
220
22
115
237
246
253
217
111
38
144
211
238
182
149
56
116
10
196
219
97
5
131
86
74
22
28
132
43
86
181
49
10
205
116
37
111
211
188
238
237
65
205
201
246
254
248
6
60
97
154
182
227
10
219
237
102
86
86
131
78
182
123
97
38
201
102
224
182
224
37
255
223
131
181
248
219
154
111
201
137
28
190
192
199
123
102
132
196
13
130
174
196
192
146
75
2
22
170
94
38
21
180
132
128
201
116
154
168
181
49
205
28
171
181
46
254
111
136
79
22
196
110
122
86
171
231
237
182
199
108
245
97
70
102
102
171
201
201
178
63
102
238
75
17
1
171
200
146
254
28
134
108
202
248
109
236
150
171
154
83
69
134
75
171
224
64
240
2
181
248
6
236
148
171
233
124
201
181
124
6
249
21
49
83
102
215
10
243
109
207
111
120
141
202
183
34
34
78
169
96
196
1
243
86
200
196
134
115
233
31
35
5
34
200
237
226
109
34
78
245
121
226
83
212
222
240
240
24
201
77
78
227
102
37
78
86
149
252
102
102
226
238
246
181
207
216
97
132
171
156
10
64
134
254
139
132
2
189
21
77
224
121
196
228
216
196
40
110
201
111
87
72
160
242
6
96
11
102
37
38
127
83
37
243
43
170
115
124
28
78
124
203
227
98
37
38
179
124
182
255
132
88
124
182
199
25
116
101
136
219
187
38
227
171
111
124
171
171
108
105
236
226
226
203
219
227
246
77
182
132
109
137
2
10
79
227
238
134
11
174
180
49
83
102
254
77
14
237
64
78
5
117
56
6
245
22
6
129
174
215
102
10
256
102
35
171
51
161
168
254
196
16
123
254
57
137
61
92
2
78
227
98
79
187
196
212
37
39
101
148
147
134
211
145
34
6
67
97
196
70
226
25
5
189
244
102
115
218
124
63
109
145
198
254
30
237
171
76
171
247
38
192
91
156
243
64
91
34
38
246
61
41
236
148
30
38
130
148
2
86
201
4
199
93
57
141
101
77
222
46
114
150
74
83
127
52
103
34
222
255
60
101
61
248
240
171
65
91
228
129
87
78
196
78
101
118
207
87
105
236
219
199
176
6
146
83
248
35
245
207
137
91
145
2
220
246
227
175
165
248
248
201
122
12
186
247
63
199
139
187
222
116
13
60
147
116
196
96
163
216
47
207
171
139
108
42
131
170
96
103
238
49
61
227
190
237
254
124
247
101
170
108
22
63
243
181
237
34
59
137
72
75
254
246
91
38
206
253
224
241
38
205
38
188
93
96
122
70
255
243
242
199
111
26
78
224
196
60
8
216
252
108
247
103
130
192
149
2
132
227
237
124
82
224
237
247
147
196
233
11
252
101
167
102
116
222
154
248
56
248
85
113
109
13
38
122
122
175
64
201
102
54
11
57
106
178
228
254
103
115
255
108
247
37
163
148
180
61
250
252
248
2
199
222
216
188
204
217
223
132
13
46
120
226
235
128
34
72
91
27
201
116
183
114
65
170
128
178
148
149
182
255
29
153
132
138
170
86
196
65
205
2
170
34
236
101
38
6
148
93
68
93
156
176
129
129
96
171
132
138
78
105
91
24
116
248
6
205
238
122
163
35
252
192
178
220
12
102
254
81
189
75
211
216
242
138
228
200
224
135
2
11
139
199
27
228
97
250
96
216
2
219
201
182
229
55
76
214
170
108
221
242
147
216
43
230
201
81
235
248
61
240
67
25
108
78
200
142
116
248
69
164
248
229
13
201
223
241
252
65
72
223
6
228
94
5
216
189
13
35
11
147
173
78
256
137
132
169
252
158
170
134
197
254
248
124
38
10
200
66
196
6
74
28
246
235
126
101
116
192
70
238
175
64
187
205
248
252
47
58
255
116
198
164
89
8
124
252
250
37
210
87
192
248
256
254
248
203
216
248
34
224
122
132
97
238
203
169
199
171
178
6
183
158
13
116
134
116
6
64
196
171
248
163
204
63
102
193
114
252
196
109
144
222
248
134
6
216
108
5
68
122
254
247
103
171
91
252
189
101
213
61
65
241
39
59
222
103
103
61
236
178
248
14
109
22
175
254
38
248
43
34
89
250
190
30
47
34
69
196
237
22
64
248
39
78
237
38
139
145
10
101
132
78
24
27
103
169
239
121
221
205
201
181
248
241
105
87
28
78
34
170
102
121
87
2
189
187
189
43
194
244
116
108
149
155
65
103
24
88
5
1
65
101
148
223
171
252
216
253
89
248
88
252
78
139
164
238
222
222
37
137
248
178
238
190
116
221
248
254
101
111
169
76
146
30
158
156
139
229
201
57
134
29
13
124
130
180
46
239
65
117
134
116
248
221
53
139
237
187
65
207
238
102
50
108
61
220
110
16
158
8
61
70
115
24
62
111
134
2
98
103
189
103
247
111
163
250
250
104
2
158
5
229
134
104
216
167
10
116
201
68
104
170
154
78
102
201
38
213
229
121
187
102
171
195
101
252
81
170
192
255
248
229
193
2
255
252
244
180
168
169
101
221
65
57
238
215
38
88
201
70
58
187
224
210
14
170
248
76
196
242
188
38
248
109
167
101
38
179
134
134
248
55
248
242
175
236
106
72
14
190
201
238
201
180
88
101
186
103
24
194
107
170
179
179
183
92
