7
80
7
143
143
64
244
64
162
29
143
146
164
16
80
162
211
58
208
29
16
29
87
31
162
208
128
204
244
29
204
194
128
225
211
105
93
162
93
165
7
16
29
31
211
170
178
67
29
105
80
211
97
13
128
67
105
162
150
94
211
199
3
162
248
146
21
194
174
144
31
165
127
67
42
105
13
175
107
162
146
206
222
128
175
85
80
31
127
82
203
219
35
225
194
150
190
194
54
51
105
237
139
5
183
222
222
225
236
233
205
236
165
128
166
204
162
175
186
21
31
65
127
220
194
18
54
251
97
21
175
95
22
22
16
256
8
94
90
40
61
166
85
21
174
219
150
243
175
138
17
244
138
79
25
65
3
44
42
223
95
113
181
7
66
92
196
3
35
248
194
40
138
57
28
177
162
220
76
182
25
243
66
220
88
107
112
165
162
178
40
57
136
93
84
66
29
182
130
50
228
231
199
174
214
28
238
203
208
105
182
208
196
150
180
211
89
28
240
144
177
235
3
160
18
256
136
183
143
175
31
62
162
130
141
194
174
241
221
3
92
16
220
61
95
143
95
165
178
182
97
208
194
208
186
237
28
123
65
181
132
239
91
80
84
122
50
237
62
67
149
112
231
99
95
199
208
132
209
26
206
125
206
211
164
95
177
75
84
122
143
231
147
231
177
208
233
54
237
182
43
19
210
205
98
223
40
205
85
219
84
244
136
164
151
136
112
217
122
85
75
80
251
153
88
151
239
85
28
18
79
177
205
75
11
153
166
254
225
106
9
177
41
136
221
172
62
121
164
226
151
64
3
112
154
225
143
185
140
18
206
59
192
221
93
128
222
16
151
85
51
123
230
177
134
151
116
206
121
55
113
164
85
151
67
222
3
208
174
58
73
141
40
146
171
205
65
4
50
35
160
125
150
208
36
54
41
11
178
240
172
40
4
55
31
54
170
97
104
74
89
3
123
32
205
54
123
28
28
28
137
75
98
205
222
174
97
226
15
40
138
17
40
179
181
165
178
62
219
181
55
181
123
168
151
211
231
181
29
171
206
165
73
85
47
210
62
43
52
11
17
240
40
248
85
18
34
31
71
29
97
21
58
256
7
180
164
36
208
200
211
138
205
177
135
84
109
143
176
153
138
142
142
148
30
160
231
177
122
225
208
104
51
46
22
189
71
18
252
170
84
252
168
83
231
142
28
170
9
223
181
210
152
240
93
177
246
29
221
58
208
177
122
62
244
83
93
138
164
253
221
85
5
182
122
38
71
113
195
242
157
54
206
94
67
181
58
85
135
219
71
254
10
109
125
231
32
185
54
75
109
236
50
181
36
229
177
51
74
199
165
75
21
67
199
122
85
151
93
165
150
32
50
206
145
58
244
207
84
66
62
5
121
151
93
125
9
177
24
223
67
151
84
231
55
100
177
186
244
229
241
85
191
85
135
182
206
182
28
206
206
243
113
26
177
252
130
244
160
54
130
31
18
145
85
122
138
230
95
172
95
238
138
206
127
208
67
109
223
78
140
65
33
109
175
109
131
146
74
168
186
253
223
122
74
17
18
229
215
36
109
121
181
89
206
206
172
139
183
90
182
174
239
193
74
255
91
177
251
75
216
241
130
195
131
211
59
67
32
55
134
75
26
33
174
179
183
241
109
52
3
177
239
240
191
95
95
27
165
22
151
177
123
7
239
99
61
171
36
50
34
72
244
154
229
26
119
8
82
92
81
190
177
177
189
9
85
225
140
9
207
189
32
78
174
231
207
63
225
58
191
140
18
112
160
62
191
191
85
174
241
124
33
1
224
62
225
243
246
74
138
182
165
78
138
206
142
174
138
109
191
62
177
251
92
91
189
210
123
54
96
112
74
18
81
109
216
82
220
119
251
136
191
18
134
114
174
109
85
208
18
18
174
231
240
208
68
122
17
197
157
251
177
140
136
251
127
191
12
42
189
118
182
150
51
50
112
18
157
75
251
189
189
118
65
220
179
78
125
243
78
17
174
191
180
72
161
91
79
205
157
161
143
62
101
231
225
239
121
47
17
189
215
115
62
12
142
62
118
130
12
9
115
121
160
246
48
12
181
253
206
191
125
220
224
12
235
154
202
182
163
222
145
204
134
53
162
12
125
54
12
206
33
235
225
197
109
180
67
141
206
235
50
57
122
243
102
112
139
171
162
8
136
48
149
125
18
119
3
204
208
9
141
189
18
204
156
12
141
141
251
241
125
125
169
174
155
162
21
17
141
138
180
99
138
163
9
5
167
211
145
54
26
12
54
197
105
206
12
122
67
189
85
12
26
181
146
18
189
191
57
146
164
141
54
12
163
125
95
141
154
12
178
72
141
208
12
184
205
118
141
125
222
136
109
166
26
96
126
118
136
28
28
93
150
4
245
105
4
68
99
99
214
160
146
132
3
205
96
37
188
144
188
184
206
141
150
134
24
4
154
52
141
136
118
52
43
227
109
58
237
52
120
19
224
194
239
4
92
163
191
209
237
52
211
239
163
184
133
46
200
174
184
189
32
12
188
32
58
188
15
44
181
32
78
132
212
127
206
148
113
148
254
136
238
94
91
148
78
85
189
141
9
125
226
217
139
122
245
102
57
87
24
239
74
82
113
15
71
148
101
234
39
38
244
23
229
163
235
171
193
141
141
240
148
102
159
56
163
227
141
21
12
154
5
23
118
237
102
82
215
81
61
53
47
161
15
125
141
204
6
141
122
254
83
5
103
120
23
130
136
148
146
103
109
233
46
168
6
68
171
120
85
33
54
229
148
38
148
179
122
65
76
82
212
163
197
74
193
47
214
203
148
144
18
125
82
63
15
24
63
224
217
253
141
15
251
35
181
158
130
164
18
244
78
23
46
247
173
87
24
181
33
245
134
241
255
82
15
134
161
26
214
222
224
163
227
21
13
150
63
29
96
152
210
91
222
161
148
164
101
28
47
133
19
227
79
183
214
19
152
100
121
113
82
134
183
121
95
91
104
158
82
125
76
4
26
149
102
213
148
188
188
124
189
49
163
167
108
217
140
163
228
140
53
16
82
230
82
238
90
160
130
24
153
152
207
4
188
93
183
109
21
163
23
214
120
57
4
57
228
101
25
220
31
198
250
65
8
181
200
12
133
163
144
133
33
194
161
95
57
186
244
208
19
227
150
74
246
109
150
144
215
246
238
47
161
212
93
236
167
246
148
149
12
50
153
140
250
251
84
72
108
229
34
31
173
4
34
3
155
161
125
92
20
56
57
198
93
4
185
121
49
201
135
229
173
47
4
20
125
101
65
198
3
93
246
189
125
224
46
214
228
74
202
78
248
240
246
236
216
186
155
193
191
256
256
253
155
231
148
204
227
148
156
76
72
148
218
26
78
65
45
253
254
198
96
236
57
191
256
214
36
119
34
191
86
102
178
198
256
35
91
134
214
92
23
57
251
179
102
224
14
12
113
152
146
56
155
37
233
232
134
218
163
155
254
161
232
193
254
125
159
148
101
45
255
4
190
49
148
240
148
158
227
148
12
247
