46
29
66
46
110
74
166
110
87
6
6
110
73
166
162
31
251
16
29
29
178
24
178
164
180
147
24
29
7
6
162
164
181
31
83
181
80
219
184
61
31
181
147
83
183
183
84
29
121
220
208
251
84
145
61
110
150
151
150
61
83
150
87
83
34
55
235
83
126
209
150
73
110
167
164
250
7
110
65
127
181
83
191
53
55
182
65
29
138
250
138
105
183
83
75
250
61
181
183
31
150
147
250
138
67
178
61
166
183
183
222
75
235
154
75
108
98
97
190
91
66
103
145
121
222
233
190
89
55
203
167
250
63
65
6
145
222
105
7
256
75
231
87
166
206
121
75
242
97
203
138
127
25
95
150
83
183
29
97
182
66
97
66
97
83
236
164
63
95
175
195
233
127
167
29
166
203
154
65
151
108
66
251
95
251
89
21
171
154
183
183
141
244
121
29
190
123
131
186
29
122
126
121
121
121
108
66
66
208
137
41
8
208
220
141
196
88
46
41
110
141
225
95
98
110
166
225
21
77
228
11
167
192
182
83
83
95
110
105
128
242
210
233
137
177
37
181
239
11
75
128
227
29
204
33
84
205
122
122
198
209
209
171
237
41
182
248
122
147
166
33
87
112
66
210
29
250
11
154
121
198
233
138
205
110
180
66
192
8
245
98
237
105
112
190
108
127
143
138
198
31
244
251
253
141
217
90
73
96
154
178
250
250
179
182
179
108
53
80
49
99
75
2
141
251
185
61
205
241
164
11
33
194
245
122
241
40
167
227
63
80
245
126
55
47
41
251
19
105
194
141
238
37
63
14
181
99
205
138
250
141
154
171
131
183
28
205
244
234
60
6
87
7
63
16
191
222
60
21
143
34
249
107
190
105
105
140
141
178
107
6
8
21
103
250
99
147
98
57
180
205
6
16
54
39
122
110
205
250
83
141
35
144
147
38
205
122
105
241
244
147
176
204
146
63
113
138
7
222
63
186
100
141
39
185
55
100
189
250
140
185
181
39
59
122
80
105
83
138
251
39
83
205
181
139
87
150
92
171
107
165
122
243
202
178
141
222
122
28
244
122
26
241
96
227
33
122
99
250
248
180
2
63
160
49
122
122
190
17
5
175
144
235
164
105
31
6
168
146
39
8
123
217
205
122
80
122
107
150
208
235
176
95
160
220
116
181
32
222
112
121
97
205
141
250
209
122
181
83
107
122
38
249
198
166
122
138
248
61
40
167
26
168
16
141
150
248
100
106
3
180
122
141
174
154
250
250
6
181
105
122
233
190
167
120
22
122
122
130
138
122
123
9
246
222
24
181
178
28
68
115
198
255
37
181
216
41
143
120
154
59
58
106
21
211
59
131
222
203
122
145
68
97
61
198
194
37
70
116
27
106
170
2
249
138
9
180
253
106
68
250
74
194
28
255
152
168
145
144
253
116
181
233
167
14
21
183
136
83
227
99
122
222
59
223
11
53
54
122
102
150
93
116
194
227
177
180
191
3
50
154
13
107
93
106
154
54
167
142
218
100
182
110
61
143
105
99
247
213
235
144
102
106
8
87
138
182
74
255
233
247
244
11
80
21
243
234
180
43
250
182
49
64
106
255
218
227
150
154
93
83
235
98
144
106
93
99
163
243
218
18
111
144
187
3
99
222
77
142
141
121
125
122
171
79
112
92
26
141
193
132
122
2
2
141
64
120
93
79
79
152
114
72
218
138
142
152
244
91
4
64
31
144
143
61
64
166
152
92
152
152
37
54
206
53
180
196
118
239
122
123
54
198
179
207
249
165
143
53
74
143
198
30
103
246
138
26
122
242
142
38
30
186
112
24
152
151
244
120
142
181
26
9
130
78
9
4
246
227
123
92
152
4
200
193
153
255
218
82
25
256
5
89
2
236
106
4
44
197
132
234
192
27
2
138
41
152
227
173
198
204
4
87
90
24
234
198
99
128
70
106
204
47
92
234
47
101
99
183
234
168
89
142
198
25
246
227
119
77
254
227
232
210
210
78
149
142
185
141
173
234
141
41
106
66
82
63
174
218
47
218
78
78
244
244
10
109
22
65
139
246
99
8
19
182
74
4
53
255
203
107
193
79
175
78
172
79
53
139
193
24
193
43
107
139
131
212
181
68
115
26
69
78
141
193
28
218
139
106
218
112
199
139
67
24
163
242
244
226
214
107
227
60
212
4
181
185
111
167
102
244
92
80
155
42
139
20
90
227
