59
59
80
208
209
40
40
80
107
40
181
181
181
95
67
194
40
136
181
209
180
80
130
95
165
181
185
185
165
95
80
194
205
165
138
138
138
75
209
222
21
209
209
40
75
75
181
182
222
150
59
17
46
248
209
95
113
165
165
165
124
165
185
165
182
11
231
212
231
231
98
98
18
244
165
8
59
206
165
24
34
165
231
75
251
47
75
154
75
212
75
212
244
231
75
194
7
17
231
208
183
34
206
75
84
15
160
168
143
208
58
37
176
168
121
150
146
244
212
212
250
67
231
80
150
120
91
15
234
14
11
36
97
160
30
176
90
88
151
51
150
212
212
14
243
223
27
3
15
28
150
24
212
212
171
37
27
121
98
90
176
67
30
30
187
136
206
206
160
171
94
75
37
75
62
27
125
37
118
3
135
62
176
205
79
194
55
243
84
136
37
37
75
176
62
62
21
211
187
124
37
30
151
67
94
150
136
98
28
125
177
5
227
17
212
231
221
212
75
84
80
75
75
231
171
71
38
256
5
235
14
243
97
71
71
17
37
14
21
21
181
27
231
92
184
87
188
205
15
125
40
107
75
71
185
3
49
188
97
37
33
37
136
125
37
235
182
176
97
84
150
240
55
186
136
20
66
22
3
235
21
156
68
44
207
231
126
212
47
47
125
113
231
251
119
47
113
68
226
131
207
109
207
36
226
68
21
3
5
241
152
248
15
3
136
191
84
97
71
132
248
241
66
136
141
107
50
221
97
185
168
1
113
55
97
119
32
70
7
109
167
251
166
98
158
207
68
70
185
176
21
167
191
145
119
89
241
251
41
49
168
168
119
1
189
171
217
71
167
162
1
4
106
37
136
217
37
171
28
83
43
188
7
209
106
92
34
200
254
211
68
11
168
1
17
43
28
191
249
185
41
206
10
132
188
206
31
188
211
171
249
36
168
136
49
24
172
30
116
14
60
10
120
243
69
214
67
98
245
147
208
251
8
113
243
14
196
110
34
71
245
209
10
67
190
239
71
130
148
101
207
207
191
68
146
139
124
207
68
9
28
245
20
171
222
243
113
254
147
211
15
199
24
17
14
243
227
209
85
56
194
133
96
181
67
18
24
226
22
15
133
171
189
43
60
222
104
211
154
168
68
194
205
130
56
68
118
67
245
207
133
57
138
161
68
68
239
76
206
44
61
206
100
65
68
155
217
44
154
24
121
59
226
188
26
171
45
213
44
68
217
136
224
68
24
102
43
68
115
125
66
224
125
4
134
82
4
195
148
245
232
235
154
228
154
224
159
56
66
19
36
171
163
86
36
157
207
43
113
68
68
194
207
71
191
100
86
68
68
187
200
188
124
196
200
137
120
197
198
68
133
43
161
49
47
125
119
133
195
159
155
195
14
43
12
68
68
56
155
231
157
226
68
216
104
4
92
161
231
133
119
155
227
161
131
232
202
68
124
232
232
185
232
159
232
227
213
72
