88
150
146
150
88
62
165
209
121
50
146
40
147
94
175
126
58
81
74
138
14
249
196
75
147
199
184
35
97
219
186
40
69
111
94
87
87
21
111
32
69
66
105
235
184
149
29
26
149
6
105
249
165
211
87
5
163
94
223
51
29
81
76
91
80
189
76
16
66
51
208
242
31
121
192
25
166
51
89
66
163
62
212
86
114
123
205
76
219
148
122
147
154
174
57
26
219
244
62
192
51
105
147
227
219
249
256
211
175
126
76
13
256
216
7
105
207
69
214
230
177
202
170
164
170
108
170
174
228
211
169
123
149
169
189
122
145
164
111
235
177
50
111
29
121
238
105
222
106
69
164
106
149
16
47
66
127
149
240
210
116
6
174
211
136
121
220
52
75
106
66
159
121
227
217
235
6
205
35
141
75
97
203
206
219
87
253
31
192
135
164
256
222
106
127
207
163
207
135
157
16
224
35
44
123
50
103
139
128
169
230
121
51
204
104
5
36
9
148
5
113
182
230
164
231
154
235
103
112
208
236
107
189
174
192
31
120
42
150
235
64
106
106
147
108
111
151
163
94
31
238
174
144
117
218
28
174
96
166
147
135
221
114
94
146
170
47
242
86
163
196
127
178
12
35
94
219
147
78
240
240
74
183
172
227
177
12
66
50
160
216
114
238
8
113
170
27
57
69
83
174
146
180
186
235
192
238
166
201
94
71
93
216
192
244
98
237
86
147
231
216
62
186
62
132
111
35
71
205
29
190
27
192
74
256
174
219
14
29
51
15
237
9
31
196
253
242
238
147
218
8
140
89
34
174
180
3
139
253
240
139
32
25
149
205
106
6
5
10
41
192
80
256
192
126
147
12
221
196
27
242
3
5
33
135
73
186
194
201
221
73
9
9
62
50
201
237
201
148
41
64
236
111
112
248
160
62
219
94
161
181
179
86
48
44
163
126
203
169
246
89
44
169
117
36
31
235
255
237
186
11
182
126
196
13
223
170
157
249
256
82
136
163
131
150
240
187
249
6
31
200
146
177
186
148
170
236
35
93
94
250
241
74
201
118
111
207
114
106
206
200
12
210
147
147
118
94
238
145
69
186
104
204
114
98
178
34
135
108
108
189
235
221
248
83
256
74
163
238
136
159
147
199
89
127
57
111
94
197
10
215
121
94
85
226
27
96
235
178
170
88
79
35
10
85
154
74
219
201
54
169
110
170
21
35
189
253
137
12
72
79
35
146
77
77
215
10
109
203
12
117
170
50
196
147
147
256
236
253
3
157
148
145
249
163
206
56
155
106
224
148
59
31
189
253
118
218
190
183
245
186
32
12
157
189
66
190
238
186
121
177
145
215
22
180
190
248
102
114
114
55
214
154
215
10
131
23
134
66
10
35
111
186
42
44
256
123
148
96
166
114
178
77
195
8
201
215
206
224
33
62
154
252
76
15
169
111
159
34
221
238
256
74
84
53
199
115
57
148
189
12
238
219
74
82
187
96
216
82
103
70
8
247
35
252
201
77
197
47
38
170
201
17
156
106
196
35
159
183
219
228
186
62
235
26
213
237
159
169
23
145
224
196
103
79
121
238
227
64
137
238
57
67
22
118
35
46
116
57
61
177
35
248
9
38
79
232
196
149
5
216
64
103
163
183
82
35
238
196
64
220
243
35
221
84
35
169
115
238
66
48
201
42
79
74
121
118
23
35
82
124
201
196
216
169
13
64
223
118
38
252
170
116
17
163
228
247
197
201
149
219
10
73
256
245
215
118
134
248
35
145
207
76
163
25
193
50
149
256
79
147
191
70
62
65
55
220
256
26
148
64
137
122
148
64
10
120
169
192
154
250
210
64
10
224
243
200
134
34
80
175
219
190
8
247
145
255
235
146
145
221
163
56
111
149
104
61
35
170
100
238
91
150
122
256
146
157
203
148
110
57
247
256
126
192
103
8
201
56
66
65
122
83
148
147
186
146
256
238
99
79
35
203
86
186
97
256
214
22
82
76
240
245
238
256
181
184
240
66
201
64
110
25
88
110
237
118
224
57
176
31
118
88
26
110
32
134
147
106
115
178
32
238
134
192
202
252
32
10
10
64
58
149
238
157
219
31
115
71
256
27
214
57
197
256
35
8
135
39
149
77
212
238
10
35
256
167
235
196
90
132
61
206
180
32
145
170
94
64
52
102
108
61
79
220
25
201
220
223
250
111
114
35
169
237
196
216
77
99
34
88
184
82
103
219
220
169
237
110
181
250
89
174
35
163
196
237
163
203
256
38
79
169
247
25
76
122
44
32
5
62
122
121
196
31
238
139
69
216
64
221
29
107
221
183
222
52
104
64
170
169
61
163
189
64
38
103
121
252
210
190
169
31
238
12
221
213
111
230
256
115
64
200
57
34
52
221
165
5
149
256
171
238
238
219
228
235
196
73
145
146
201
201
22
207
51
250
148
140
252
149
64
203
237
247
111
66
95
169
201
219
133
219
195
248
248
35
35
111
76
134
57
5
37
148
238
52
35
25
121
34
199
137
69
197
115
199
126
22
203
81
122
61
167
201
57
237
226
104
196
186
124
169
146
124
31
35
238
52
148
242
214
169
106
189
123
149
186
66
237
186
204
202
81
207
213
35
103
110
222
52
94
201
207
213
238
25
190
128
49
35
238
228
247
216
148
207
230
220
43
186
169
85
10
73
141
203
38
10
199
215
13
229
210
201
170
170
64
106
199
214
190
238
221
203
139
137
121
204
34
201
169
235
110
163
186
91
169
86
242
255
141
186
178
25
11
149
240
57
161
145
238
121
83
142
37
25
237
31
169
62
223
190
69
82
166
108
221
102
108
57
84
10
25
189
61
213
31
159
220
52
58
238
236
134
202
81
167
230
163
242
146
140
79
111
248
221
79
10
26
52
237
219
238
111
29
25
25
201
167
221
145
189
256
122
201
10
162
186
57
203
8
192
237
165
95
91
56
5
91
52
148
94
10
192
26
85
238
207
26
84
35
10
163
169
210
138
218
226
221
115
149
102
196
99
137
194
247
102
192
242
94
164
169
154
77
29
196
26
256
170
134
219
52
42
167
12
169
201
207
235
134
256
30
223
106
169
219
65
120
186
45
169
162
212
26
201
42
232
253
164
230
202
219
64
163
38
203
256
79
61
19
14
170
52
35
196
91
108
27
196
121
219
110
189
111
106
79
10
163
64
165
35
219
223
64
240
42
57
256
238
93
73
110
52
170
159
238
169
170
133
110
52
221
157
39
39
221
226
201
146
53
104
227
169
35
196
35
2
111
220
117
228
35
228
10
35
221
220
255
145
178
76
146
167
102
134
163
102
13
5
76
88
11
201
218
196
61
161
134
111
29
22
238
35
91
232
69
144
219
56
255
35
94
256
30
164
256
201
10
111
42
31
164
91
56
52
189
170
192
134
169
61
252
201
243
248
252
256
196
186
161
163
46
64
69
69
174
199
147
86
115
230
170
35
238
232
79
111
256
178
186
18
256
238
52
238
102
199
57
203
91
121
102
56
219
252
237
86
220
35
73
79
70
27
186
133
170
236
202
10
31
91
72
35
221
134
192
220
163
44
256
239
35
201
35
76
35
196
196
201
220
83
139
201
256
103
32
133
220
115
14
101
115
159
35
103
164
39
26
189
133
256
66
90
202
69
34
236
105
249
121
192
163
252
64
221
192
19
219
88
201
83
12
133
189
252
35
133
25
82
61
10
124
31
13
