94
223
242
127
36
135
151
160
94
59
208
127
97
59
97
176
67
176
97
95
208
174
174
219
223
14
65
59
113
110
208
13
204
95
240
14
90
174
168
14
208
250
67
104
139
59
13
150
27
27
17
208
94
28
150
235
183
113
95
206
14
94
247
92
113
100
40
174
40
94
13
40
40
229
54
183
223
168
136
160
151
206
54
104
3
208
66
129
15
187
77
77
54
66
17
68
187
206
15
242
54
208
77
171
95
129
66
142
206
99
151
217
211
114
136
61
66
136
233
184
129
164
233
114
208
75
68
99
21
206
22
200
136
28
96
206
66
164
183
47
233
106
28
94
66
132
179
147
22
164
28
217
247
132
111
43
4
159
216
247
162
3
254
136
171
50
179
71
92
183
37
45
95
131
131
189
81
206
217
63
2
27
28
54
71
54
155
254
122
92
99
92
71
99
208
99
76
160
75
174
98
44
98
175
71
151
68
54
185
136
94
171
136
36
218
49
99
149
77
200
28
37
92
151
93
129
245
232
111
213
111
217
159
125
151
12
159
136
99
68
43
228
160
99
96
92
41
131
44
87
216
217
111
216
40
98
106
253
40
145
98
192
12
253
21
189
65
175
247
22
131
28
247
77
12
247
241
37
200
3
247
111
147
58
171
158
99
183
217
12
149
10
131
149
58
115
111
192
106
200
12
238
228
49
247
216
217
224
160
76
37
171
214
140
171
189
245
106
149
154
158
40
111
106
254
217
170
26
149
220
31
159
22
183
22
110
155
189
12
152
245
56
245
200
131
156
147
189
57
169
12
189
171
12
154
161
44
217
106
184
58
192
57
73
189
77
189
174
31
229
219
224
171
242
45
40
77
118
76
12
57
43
86
41
37
34
40
196
12
57
49
86
99
76
248
89
189
133
147
136
82
107
118
169
31
213
64
196
171
174
192
219
238
124
56
88
238
147
26
238
155
175
230
192
192
86
51
197
79
179
191
174
110
51
192
145
223
79
189
220
201
192
86
126
81
59
171
220
236
196
59
190
194
213
223
76
219
13
136
242
238
159
59
237
123
31
47
105
230
30
79
12
149
147
189
76
10
111
11
35
167
134
111
10
189
34
170
12
213
117
236
93
196
14
255
59
220
12
170
214
251
189
211
248
192
153
86
159
161
46
228
51
86
12
238
216
155
189
194
123
104
59
107
220
12
13
26
190
12
71
31
74
192
219
107
139
10
54
251
197
192
57
86
192
147
169
196
64
35
32
137
148
189
56
245
70
56
25
196
158
163
74
136
81
169
229
13
10
230
149
137
214
115
82
196
255
232
31
174
175
27
50
32
13
103
33
13
237
238
66
189
219
255
25
12
45
201
214
107
197
86
255
31
144
159
136
26
153
110
147
49
114
10
201
72
86
163
255
230
212
117
229
251
149
255
175
79
12
148
48
29
190
238
111
10
43
219
228
49
157
92
61
203
56
240
129
94
86
56
14
158
64
49
188
61
220
57
86
53
91
43
181
33
222
189
221
124
114
219
49
189
236
50
99
73
9
196
192
19
248
27
24
65
173
111
35
92
108
78
83
170
115
196
172
12
24
110
252
29
9
34
31
24
141
49
46
1
201
40
236
27
10
238
63
119
214
10
102
117
86
47
245
219
89
155
10
26
10
196
255
24
244
158
196
196
155
92
86
128
99
47
130
8
86
141
73
35
178
70
229
145
56
34
238
186
201
86
56
24
2
78
86
197
110
248
255
90
236
194
42
10
86
46
192
238
26
37
238
76
142
189
5
49
196
155
12
256
26
145
219
86
38
167
196
201
15
90
167
197
215
44
221
99
91
72
244
42
59
200
6
256
56
