162
176
162
135
33
135
205
80
84
97
40
97
40
186
97
210
15
183
15
174
209
209
224
221
209
183
209
146
112
186
87
87
205
236
221
248
66
224
42
67
221
220
58
253
108
170
248
106
97
110
221
97
220
183
67
106
237
256
97
110
33
97
183
184
146
24
164
248
67
42
28
220
151
158
132
105
76
208
33
169
162
3
208
172
165
183
37
29
183
182
184
55
110
97
176
208
143
172
223
195
143
165
89
181
106
88
186
181
5
200
149
146
164
201
248
130
208
57
208
143
18
95
138
147
143
54
128
17
248
87
225
253
205
166
84
64
194
134
67
140
17
28
251
38
223
90
219
208
32
128
184
223
87
90
160
16
128
57
166
24
147
244
160
77
25
38
251
183
190
205
58
128
88
221
61
236
243
92
42
251
57
93
147
201
55
129
127
147
38
208
243
243
32
223
127
67
38
54
103
129
174
55
133
87
238
243
55
190
55
55
29
91
252
10
129
7
29
22
209
251
205
90
57
244
54
54
51
96
127
40
248
255
94
208
171
24
184
174
184
76
132
147
231
184
51
40
205
33
28
102
200
205
251
153
171
127
253
251
145
118
54
94
113
172
223
61
94
154
206
81
67
138
183
189
123
33
57
127
123
63
127
63
127
175
67
211
108
148
208
40
208
132
102
158
105
105
29
206
219
92
28
112
129
96
54
129
63
252
206
174
206
138
140
2
28
102
61
129
221
127
57
76
94
33
91
208
105
94
250
32
46
81
40
250
139
220
14
13
90
179
174
208
75
17
11
63
118
97
177
171
14
223
95
208
114
143
33
154
134
33
139
95
90
14
89
40
59
183
70
122
108
17
118
191
87
87
87
246
87
43
167
66
208
104
141
179
63
77
225
21
87
31
174
14
114
138
206
28
109
14
54
17
33
108
243
222
132
208
15
252
105
105
87
87
208
206
104
230
61
136
127
14
101
59
28
15
36
33
17
183
2
14
44
206
24
36
108
104
69
58
253
87
139
171
236
217
205
206
247
240
247
181
137
114
223
204
171
241
62
145
75
179
206
99
4
204
58
158
94
7
28
246
89
105
240
104
125
16
208
90
116
208
194
22
226
247
171
66
250
196
137
154
38
114
229
185
196
154
106
90
21
95
206
240
253
147
253
106
25
73
122
98
73
113
170
38
206
104
39
54
58
160
250
122
239
109
112
161
129
171
55
181
181
240
69
54
41
62
104
38
138
182
42
104
60
235
115
109
179
168
135
143
46
19
89
206
191
207
208
208
36
58
58
143
229
70
104
57
168
144
129
145
36
226
95
168
24
40
157
100
171
28
174
109
37
165
98
46
80
179
196
210
88
109
143
216
147
242
206
233
184
22
79
179
172
208
54
118
70
150
150
44
36
203
118
167
70
243
85
235
29
7
191
145
247
237
182
237
158
104
231
42
196
62
151
235
154
236
237
196
28
120
120
167
42
182
207
122
221
100
173
254
96
174
36
18
132
181
160
138
66
52
3
69
24
33
166
114
106
224
174
124
182
243
250
206
87
236
82
226
174
65
214
69
243
243
222
28
50
160
236
132
207
216
43
205
112
238
3
171
190
78
104
29
3
60
94
253
237
236
92
150
210
219
151
238
161
210
64
87
171
215
104
113
174
144
9
199
43
247
99
67
154
109
240
212
247
99
191
37
42
30
79
146
99
39
196
180
150
224
161
205
109
67
37
233
172
89
153
246
252
73
18
190
38
11
192
253
104
62
24
189
203
207
70
44
112
130
208
198
205
164
192
255
147
24
241
79
57
132
8
36
247
33
205
154
182
9
243
222
138
218
65
168
193
102
243
95
134
55
24
207
4
122
39
81
192
247
26
154
39
79
79
127
174
206
159
182
21
76
43
150
132
150
213
116
174
136
247
37
112
143
92
37
171
192
205
237
87
254
253
168
207
79
9
171
150
4
171
242
190
99
37
218
19
92
105
143
171
80
191
222
38
59
60
116
226
180
173
144
247
163
9
80
104
9
101
37
235
180
224
187
254
226
207
33
191
148
92
227
1
171
193
179
116
49
2
129
249
224
100
217
109
179
137
181
24
101
105
118
142
188
30
89
211
43
30
63
216
200
226
118
101
116
62
243
17
227
137
195
101
118
38
49
30
170
163
44
24
174
4
78
221
148
234
101
116
181
142
193
70
187
78
218
206
176
86
49
78
137
86
200
4
38
185
30
142
91
114
101
118
242
101
211
49
38
72
91
43
17
227
179
17
138
80
29
200
33
116
79
226
158
255
173
4
163
86
179
148
30
129
68
224
185
142
24
37
145
167
24
80
139
77
82
171
146
187
233
173
145
105
255
176
30
124
36
132
103
176
161
238
24
173
132
137
173
116
158
80
188
24
246
30
67
163
255
116
38
106
72
132
149
197
204
101
227
158
133
158
20
