33
160
89
36
205
180
204
176
135
107
153
204
140
1
89
153
240
106
25
240
204
176
149
79
140
208
3
77
138
95
122
22
89
171
96
192
78
231
161
178
138
225
230
75
208
200
242
33
1
248
176
185
165
106
3
219
177
225
105
208
187
184
177
129
105
123
185
222
230
106
105
66
8
123
115
177
187
105
102
129
149
62
32
118
253
219
102
103
243
159
64
154
70
206
19
13
28
127
101
222
135
22
172
220
36
112
123
137
112
241
210
252
94
222
6
221
134
211
135
252
177
175
167
106
189
102
219
237
134
89
189
166
12
6
187
33
252
1
55
223
62
163
57
141
32
145
141
49
66
81
124
13
137
235
85
195
13
14
130
122
16
82
211
89
16
13
219
103
145
211
147
79
77
69
113
252
16
60
151
137
238
98
126
187
54
106
192
56
106
106
160
16
49
219
106
226
220
198
98
12
192
106
67
200
28
198
111
111
178
111
111
94
106
163
220
156
145
156
156
254
220
248
92
92
235
64
187
156
118
156
111
5
245
245
156
1
212
118
245
118
102
96
54
28
69
118
254
118
117
111
111
118
47
14
226
10
53
118
54
92
118
118
69
34
54
192
178
118
156
118
204
88
228
118
79
192
178
108
207
227
92
246
170
64
10
61
86
35
178
254
196
34
109
201
118
60
34
92
86
69
212
118
108
92
118
187
106
177
248
228
57
170
61
196
92
246
228
118
238
246
111
31
149
118
147
202
