76
16
96
145
111
111
111
19
111
96
111
126
76
61
111
76
111
220
111
127
129
90
6
83
34
129
111
119
126
111
51
111
111
102
83
94
127
16
140
90
34
83
147
111
111
55
153
129
128
242
242
111
189
19
111
129
126
8
19
50
94
242
189
76
94
189
111
147
240
111
76
34
12
56
126
134
110
128
90
111
51
18
201
111
51
5
111
154
51
177
81
45
242
208
12
94
51
129
26
127
111
220
111
12
106
242
201
141
220
74
19
74
69
242
140
154
143
111
249
111
54
74
110
111
163
249
165
153
111
125
18
111
94
69
19
154
248
147
110
51
54
84
242
111
219
111
172
105
201
201
81
129
201
192
216
172
245
106
248
51
111
248
66
56
106
26
129
196
201
253
175
106
111
111
246
143
178
145
175
38
116
174
246
220
219
16
111
239
239
192
111
126
84
154
90
45
154
69
174
105
160
111
201
111
51
98
34
175
145
23
126
199
16
111
137
86
105
220
184
106
244
12
110
56
56
12
175
201
216
105
172
84
242
174
111
105
165
153
171
177
140
111
106
143
178
16
216
112
23
248
69
74
51
74
126
242
44
201
98
105
129
128
218
216
105
216
69
32
165
216
69
13
23
96
110
111
204
23
111
71
126
244
56
156
14
62
249
32
148
155
242
134
155
199
34
84
3
253
199
145
145
56
12
165
71
216
199
62
218
218
41
148
69
105
165
143
204
138
155
112
204
69
32
215
127
34
145
99
30
243
112
94
220
215
98
145
98
99
44
105
218
163
249
96
52
216
204
12
112
218
54
112
148
242
215
139
158
155
27
160
71
189
111
23
156
99
155
251
192
26
99
218
66
149
66
140
24
163
71
3
199
145
73
197
190
51
64
149
251
111
237
170
204
73
94
243
76
228
74
57
151
121
106
202
51
134
48
162
220
208
62
237
204
204
72
163
220
216
112
26
62
112
72
23
156
99
12
112
242
251
106
163
251
251
198
159
112
106
18
219
18
99
111
69
74
239
238
204
62
238
197
255
218
197
140
197
62
202
84
162
244
140
200
237
244
216
216
201
72
209
220
177
79
54
244
153
248
67
76
216
12
102
255
178
221
74
74
44
104
160
190
155
112
122
204
163
218
23
92
178
92
74
242
202
237
62
234
89
119
140
200
23
213
254
62
209
69
254
26
218
254
48
234
197
221
62
74
200
242
48
74
200
216
221
64
98
69
234
54
119
104
154
149
228
155
215
254
66
218
234
69
255
155
189
200
243
254
244
254
254
84
243
254
177
72
197
152
218
254
48
218
228
228
218
75
99
200
23
254
201
111
48
26
252
106
218
224
254
189
254
89
69
237
118
235
242
152
163
94
16
200
200
216
218
177
81
200
104
200
254
218
204
51
34
163
254
254
62
152
224
254
200
155
200
149
133
62
254
198
91
234
234
115
197
112
254
218
213
216
254
45
163
216
242
243
71
200
234
44
119
98
234
200
119
218
234
200
204
152
204
254
254
197
254
56
200
234
200
118
119
99
23
254
234
254
161
163
254
234
9
152
152
228
140
164
254
254
112
254
254
254
104
200
119
72
218
119
200
188
99
64
71
253
200
104
232
106
254
254
200
200
218
71
197
152
200
148
254
254
224
86
184
200
118
200
251
152
152
254
228
149
254
143
234
56
155
157
149
73
215
156
44
163
197
200
242
185
200
200
148
148
200
200
81
254
173
234
200
200
99
197
157
234
242
254
234
200
254
254
189
125
69
184
254
200
188
163
99
200
254
234
254
119
254
234
232
197
200
25
163
200
119
156
234
163
234
252
159
234
254
254
133
240
234
204
234
254
163
221
104
152
162
254
254
254
216
254
254
218
254
200
134
254
163
72
152
26
254
53
47
152
254
234
254
231
52
115
254
254
157
254
140
190
200
234
230
152
224
23
254
56
152
254
242
234
254
86
152
157
163
234
85
119
178
152
148
104
254
254
197
152
119
10
254
45
119
254
254
254
15
200
214
254
218
148
215
124
119
215
119
163
27
161
152
228
200
159
254
152
23
163
152
255
152
234
159
119
234
224
234
232
254
152
157
163
254
115
197
152
235
219
53
242
81
119
234
234
200
254
200
56
119
234
119
157
242
197
200
197
234
159
216
152
152
61
152
148
185
23
31
157
254
197
234
140
234
191
234
197
157
26
197
234
197
157
86
189
152
234
152
152
254
152
157
152
88
234
23
119
88
234
152
192
234
119
234
152
152
234
159
133
152
152
152
86
163
254
140
254
197
111
218
197
119
159
152
119
152
214
157
197
254
152
202
213
197
163
119
197
119
119
119
119
152
119
254
