162
214
162
183
230
152
22
111
244
242
225
235
200
251
183
64
249
200
250
101
239
67
244
18
18
106
238
200
239
30
175
191
244
188
119
126
225
126
202
64
209
18
146
84
244
74
249
138
253
239
160
138
157
239
34
248
12
113
256
126
244
194
34
162
22
202
16
110
52
86
245
12
51
147
86
175
140
160
225
51
125
51
99
253
251
74
67
160
175
229
126
108
119
20
175
175
229
110
71
34
119
234
160
126
75
34
76
160
224
10
5
188
254
165
253
36
224
101
165
75
112
7
140
157
76
238
202
52
64
69
200
52
67
71
126
251
200
7
101
170
18
20
7
140
121
189
205
45
81
56
229
18
113
143
166
237
110
125
45
119
82
67
151
229
251
242
234
71
7
125
175
72
203
166
251
42
253
208
52
108
14
20
166
237
147
188
26
229
254
224
125
89
23
76
36
112
143
175
7
125
162
125
101
7
123
21
71
125
98
89
36
150
194
59
160
191
111
140
64
219
125
105
85
36
230
98
125
4
71
71
227
126
22
20
5
125
66
244
20
106
149
208
208
200
76
162
20
20
229
175
22
145
151
87
188
21
90
68
113
20
191
246
244
107
4
20
68
219
7
211
140
239
34
126
113
34
174
233
36
55
20
72
189
108
51
44
235
112
160
145
191
80
177
188
219
165
99
22
64
81
175
237
244
225
92
215
225
47
34
244
7
125
4
113
242
36
214
170
123
20
238
229
220
231
172
35
225
71
141
17
57
149
143
160
239
113
136
80
208
214
194
108
107
121
123
203
68
20
254
72
177
105
94
119
4
174
41
191
191
35
31
123
174
23
254
126
239
220
136
160
5
96
209
191
20
126
20
145
59
174
125
18
22
74
125
47
212
96
208
74
223
239
123
98
242
178
188
225
178
209
66
125
87
20
125
225
234
74
182
200
239
20
61
246
220
18
195
244
47
178
119
130
160
240
20
172
22
123
34
219
20
189
66
156
194
20
126
239
156
254
107
21
4
209
78
31
109
225
185
3
66
225
119
20
125
160
16
125
161
18
18
231
71
189
195
239
97
17
160
162
194
166
166
127
229
83
18
143
72
23
188
200
125
125
41
173
61
225
225
249
175
140
239
153
114
203
22
71
231
126
225
51
185
20
182
158
166
225
171
16
20
20
87
126
151
153
178
225
98
118
209
175
239
251
11
20
126
160
239
109
153
107
225
18
239
125
225
249
225
239
174
66
90
111
20
87
239
224
20
173
175
173
83
125
231
152
239
194
106
214
225
82
239
72
68
159
228
185
51
153
209
78
7
230
184
229
254
20
50
20
254
20
63
88
195
249
125
194
16
94
153
20
71
98
185
194
166
225
200
80
27
244
129
80
201
125
54
62
143
226
50
18
47
23
159
178
18
22
175
175
50
16
22
89
254
225
125
225
143
151
239
8
20
16
2
173
20
238
18
203
151
160
151
18
153
30
254
254
72
51
159
174
160
31
20
177
225
173
143
157
159
96
125
17
126
20
95
151
159
251
136
153
16
74
20
177
67
125
13
95
241
173
17
59
16
118
120
143
98
125
153
20
225
107
224
160
176
97
132
162
51
35
239
20
150
71
155
20
151
215
191
98
224
20
208
125
200
20
20
71
160
20
136
146
175
239
225
165
194
3
68
208
254
98
23
51
239
83
68
194
60
159
88
107
225
98
67
119
153
177
225
126
178
23
209
239
120
254
74
130
160
136
91
225
1
22
122
136
82
23
125
54
149
127
182
20
113
125
136
106
118
84
165
225
130
239
239
123
193
18
125
54
239
235
142
175
245
48
51
224
125
165
54
225
254
225
225
165
151
92
125
254
125
150
88
151
130
136
51
23
125
212
225
235
191
125
92
239
123
208
64
129
69
125
20
109
21
126
74
165
244
98
125
177
125
200
92
126
20
153
20
177
227
20
98
106
132
239
32
256
239
125
220
10
20
125
132
54
251
251
20
143
144
224
125
76
143
244
194
176
136
68
136
16
125
107
4
151
138
36
201
201
245
106
143
92
209
125
110
244
84
206
9
18
125
223
185
125
118
125
245
215
23
91
23
18
125
144
96
238
149
125
225
4
125
169
20
59
195
36
109
125
94
125
143
36
136
20
194
225
82
125
123
20
92
251
20
82
160
107
190
90
177
106
180
123
143
126
225
123
82
225
90
107
125
118
175
10
184
9
238
125
149
169
123
112
125
188
149
125
10
96
9
59
125
245
196
196
23
242
125
63
190
96
20
196
148
125
6
125
253
146
24
118
133
216
125
125
118
16
133
31
251
125
35
125
96
90
136
125
10
238
239
251
111
20
62
240
172
20
125
20
125
125
47
82
19
125
32
205
5
153
165
185
125
2
113
125
9
188
96
123
165
188
34
125
36
82
125
211
242
63
19
239
119
125
211
125
200
47
1
198
254
9
82
96
109
145
47
254
224
2
178
79
173
200
121
27
200
125
159
173
48
214
82
54
238
254
157
125
107
185
20
38
63
219
137
107
125
34
156
225
26
96
254
56
89
169
229
191
4
85
9
95
112
82
183
120
78
86
236
199
228
4
202
84
84
82
42
125
173
230
20
254
125
247
52
120
152
225
32
180
79
20
5
125
242
1
125
254
20
198
115
32
188
71
151
20
68
10
90
82
10
206
4
200
20
120
229
219
82
219
14
234
138
4
246
141
45
20
213
20
54
27
153
176
173
83
199
173
76
16
64
246
173
98
246
22
185
92
69
113
127
10
202
125
5
20
20
237
98
153
254
62
171
158
206
147
200
114
131
92
161
56
98
47
45
155
215
20
200
181
173
254
124
72
76
69
20
107
201
173
245
251
151
98
95
55
254
211
173
200
213
157
232
173
20
12
152
133
20
191
53
214
140
95
125
125
210
74
20
10
19
188
20
20
20
174
23
125
200
242
20
20
131
72
86
48
232
69
45
205
252
4
133
106
92
197
188
104
196
19
113
149
20
72
125
23
39
202
20
117
254
107
20
23
254
10
149
130
200
20
20
92
202
18
122
15
45
72
149
213
47
82
159
23
52
124
56
155
106
202
20
200
202
54
68
191
159
20
52
82
56
202
