52
146
31
80
121
29
84
162
146
29
88
29
249
82
88
210
13
13
12
230
242
159
14
117
242
149
117
106
238
6
76
149
190
69
56
242
53
230
149
42
242
13
111
26
213
149
13
26
242
145
214
64
42
79
215
44
248
110
189
190
149
242
213
242
220
242
220
9
26
192
242
16
63
120
120
69
242
159
232
149
82
146
12
194
225
76
220
60
64
255
192
196
228
212
215
3
192
14
161
213
192
178
42
45
214
14
14
26
153
154
82
44
124
194
176
145
215
178
219
222
193
56
129
189
14
203
114
189
220
161
14
60
146
192
124
255
12
70
192
45
255
219
102
84
94
219
212
39
255
212
232
169
230
219
242
129
110
219
149
220
94
220
175
114
220
69
238
124
45
45
115
82
237
64
147
76
11
219
102
96
102
196
196
124
230
184
189
31
189
237
178
218
91
190
76
82
14
64
197
242
184
197
192
197
122
14
63
84
232
8
112
189
102
15
222
228
192
242
22
30
95
149
82
9
220
124
8
215
145
228
189
220
222
192
197
184
53
86
94
214
149
120
16
39
232
190
16
189
102
15
73
201
214
79
74
230
110
215
79
34
105
149
149
14
228
60
86
197
207
26
145
207
60
82
216
146
157
16
85
220
3
216
124
160
216
100
149
64
197
197
80
8
220
31
157
137
79
61
228
80
247
149
120
216
226
31
157
149
170
207
147
247
45
77
212
42
86
43
123
184
209
85
235
214
226
31
170
78
149
86
61
213
93
220
180
12
236
145
64
73
73
213
192
199
23
52
157
201
73
86
178
180
214
247
83
94
