80
33
195
146
59
162
84
97
212
97
51
90
88
84
24
90
204
90
250
211
95
40
211
204
51
250
40
107
59
128
107
211
128
208
171
128
211
58
95
146
107
143
59
208
195
51
40
58
204
84
75
160
95
95
250
176
182
176
208
160
95
51
176
165
109
183
3
126
76
92
176
33
208
171
75
95
160
160
65
11
138
114
59
77
208
97
11
243
63
3
40
229
176
65
127
177
95
223
171
174
182
132
239
97
171
21
208
59
177
67
145
95
160
21
15
222
22
77
103
128
95
67
223
111
250
47
15
208
183
129
186
183
160
253
95
165
138
129
127
59
184
59
171
97
253
15
253
67
141
192
129
116
128
177
9
253
90
6
183
16
105
18
127
228
18
96
208
43
102
223
222
143
183
194
31
253
54
3
15
15
36
95
223
9
90
21
160
90
138
9
205
223
192
36
92
222
222
3
32
214
90
3
243
132
239
66
165
184
9
143
103
95
208
235
15
77
249
115
144
102
132
171
63
50
211
22
14
5
230
86
141
138
7
69
3
127
136
138
62
138
181
214
192
184
166
114
5
74
242
183
221
77
141
118
13
217
177
129
14
90
182
222
95
213
208
235
31
24
95
149
69
222
91
90
214
181
103
12
66
143
160
3
115
95
22
115
87
127
41
100
6
208
208
47
222
209
118
95
230
84
118
230
47
102
169
199
243
64
43
138
208
118
51
64
120
182
115
91
206
157
165
15
66
248
222
10
66
248
75
157
149
98
6
91
174
141
230
209
174
157
71
254
165
244
147
222
124
73
69
236
18
235
143
235
251
244
101
244
203
133
81
184
149
42
155
66
26
176
230
90
222
174
106
131
158
6
90
165
144
171
244
206
90
64
217
165
17
252
182
110
95
168
256
59
6
9
165
126
244
108
208
189
160
165
206
168
65
197
175
95
3
206
107
91
254
143
6
113
206
190
211
162
6
104
184
84
244
6
209
17
189
109
211
251
197
118
141
189
85
165
179
54
214
59
211
219
12
143
29
192
91
221
19
225
29
16
84
182
6
26
191
122
244
124
3
25
183
222
75
23
132
67
160
50
50
165
118
29
160
115
3
124
75
197
184
209
110
74
62
22
24
118
165
165
3
33
150
208
74
143
93
168
184
78
53
224
47
174
229
158
90
52
224
109
176
236
81
59
74
141
132
34
106
184
50
112
220
181
97
168
204
122
38
176
218
29
62
132
175
254
176
222
208
115
197
118
174
118
110
74
38
223
110
49
155
133
254
191
168
94
56
160
75
184
19
149
208
22
6
180
109
132
209
168
177
191
247
12
6
205
131
56
109
193
234
184
206
17
240
52
56
199
160
192
74
207
177
204
100
16
174
120
84
185
53
112
69
118
104
94
64
229
177
232
67
63
50
51
51
109
151
118
51
109
184
101
97
207
113
15
66
211
38
51
226
227
49
217
67
214
116
106
206
118
209
217
137
74
177
225
112
151
26
22
224
189
147
181
69
51
87
77
50
205
227
243
141
63
63
211
181
208
224
177
62
26
140
116
92
240
176
202
209
67
73
171
131
40
102
118
109
180
97
182
118
45
105
133
107
224
158
178
180
150
33
140
51
192
240
129
143
224
192
218
243
224
144
227
216
75
230
6
45
84
148
43
4
230
136
254
230
176
182
38
169
12
154
160
122
47
182
208
36
241
220
148
45
116
102
163
251
28
235
168
109
22
115
148
227
37
168
57
243
184
189
47
208
16
77
226
169
204
106
118
62
109
69
51
102
57
182
118
118
12
237
226
118
157
86
226
78
138
157
133
63
141
212
26
45
252
140
204
164
208
92
226
157
93
246
245
106
214
123
4
215
192
106
96
75
97
118
109
213
178
216
168
216
15
133
181
157
237
171
141
207
247
209
207
103
4
208
176
12
47
224
225
89
156
174
52
56
118
214
6
12
202
3
233
61
37
28
118
247
37
157
83
133
153
227
149
253
217
131
170
247
163
234
8
153
188
141
6
1
113
200
173
247
21
122
141
28
173
247
139
226
28
64
234
60
253
254
59
209
63
61
56
232
169
254
174
136
204
161
216
39
186
243
247
153
214
122
232
68
161
56
202
11
174
61
132
134
236
224
202
157
98
200
206
245
82
214
163
141
212
245
254
14
220
159
189
135
161
89
82
172
242
224
37
66
226
115
6
138
221
23
215
96
206
214
56
189
224
243
82
254
26
125
56
1
45
181
141
141
75
69
128
244
207
134
157
45
213
191
61
199
9
206
24
220
137
129
193
148
139
44
209
220
141
157
123
1
56
122
97
137
16
27
209
73
36
244
122
236
57
213
3
47
106
20
247
247
227
212
252
191
171
4
152
213
169
254
84
132
86
142
208
93
4
36
157
104
154
159
256
95
38
29
148
102
212
227
20
169
61
169
163
22
78
44
202
61
68
94
123
213
57
108
255
38
86
38
25
88
223
49
198
177
142
108
241
24
85
173
66
38
239
198
159
213
159
157
226
133
29
239
204
130
129
160
18
61
18
246
216
38
239
152
89
171
15
213
20
198
113
136
89
89
190
63
142
234
224
82
254
151
77
232
200
191
157
254
152
194
126
249
25
185
218
226
56
150
224
76
213
163
162
46
208
159
68
185
173
161
132
71
152
20
249
113
4
224
75
62
198
254
188
20
113
213
56
113
152
173
27
4
62
20
131
78
56
204
49
8
227
62
95
241
141
37
71
104
80
124
113
48
66
133
36
120
77
198
228
218
36
21
68
227
197
87
142
25
144
152
234
55
45
113
157
40
77
157
72
6
204
40
68
256
117
255
38
6
120
38
142
163
234
117
