145
239
5
18
18
18
22
209
74
162
22
212
249
212
231
249
140
28
138
244
18
6
17
112
97
52
138
17
95
231
82
123
18
242
204
157
253
223
31
239
87
211
222
52
225
134
10
6
157
239
157
203
231
126
23
211
96
91
18
93
208
115
146
231
157
93
112
231
251
83
31
157
130
161
8
21
211
204
231
123
231
6
47
50
140
7
225
223
138
164
231
83
73
20
55
95
87
186
211
222
7
8
150
22
126
17
231
115
253
211
206
7
41
95
243
51
231
212
206
36
211
18
52
42
18
18
183
182
182
7
204
66
14
51
16
132
238
222
66
246
93
154
186
39
251
229
50
64
12
95
251
243
222
59
18
140
225
222
8
18
132
66
64
52
205
18
70
92
239
239
71
7
19
160
161
191
122
153
114
84
150
8
229
7
172
135
161
251
64
252
243
9
190
190
110
130
165
111
239
246
225
9
161
20
83
9
194
177
71
40
7
161
14
138
243
126
225
18
161
7
18
5
169
15
9
7
179
75
140
151
161
95
153
186
128
25
161
9
79
95
208
206
19
177
94
209
251
251
165
13
177
169
122
172
112
244
94
182
57
136
54
161
209
16
67
59
66
246
185
41
51
74
249
168
89
107
47
125
83
81
222
54
44
54
110
242
153
160
14
28
106
98
243
14
102
165
112
18
115
107
64
20
141
151
129
129
186
192
20
5
256
243
129
115
14
212
219
83
15
125
51
40
36
1
204
51
71
132
147
21
157
100
59
191
81
83
168
176
59
204
132
5
100
131
209
81
250
181
83
231
129
25
211
7
75
226
153
18
253
217
51
165
138
54
231
54
181
211
81
191
53
51
98
42
31
197
131
219
166
219
186
112
103
31
250
177
107
15
153
250
94
25
122
7
136
54
177
135
129
177
125
83
67
177
5
246
10
13
177
18
131
204
3
38
248
106
183
18
90
10
16
225
3
184
243
191
163
77
121
40
40
97
224
198
76
34
168
40
54
3
177
93
7
151
205
180
27
131
191
165
134
251
182
247
225
32
156
134
29
46
115
111
96
54
153
123
228
84
135
96
58
102
163
106
125
225
163
191
123
191
107
62
21
94
68
191
252
13
127
102
3
113
81
6
74
18
88
29
231
231
73
48
20
203
50
240
211
48
136
51
182
18
212
198
48
242
219
181
105
184
97
83
163
198
129
243
130
157
120
48
252
177
62
123
173
48
115
54
119
94
156
195
231
239
230
98
40
8
181
122
98
2
60
177
58
8
141
231
48
191
197
62
157
3
157
8
63
57
81
7
134
140
194
98
97
97
251
218
174
113
59
144
198
102
225
256
17
58
2
69
194
194
208
121
50
83
4
127
187
219
75
127
109
237
220
93
127
127
17
243
253
222
250
109
235
176
62
187
141
118
79
151
140
224
140
27
234
197
251
102
95
225
16
168
123
34
34
146
84
9
4
194
208
58
244
16
102
83
138
242
172
175
233
97
57
191
108
20
129
191
22
141
205
154
191
242
146
208
119
85
178
248
163
219
236
120
123
167
31
133
230
176
199
255
225
90
22
221
239
54
182
120
43
190
254
140
104
253
97
238
140
194
55
235
167
140
19
123
222
251
220
104
131
167
251
19
168
20
20
50
125
27
87
113
240
172
85
244
168
113
131
3
69
253
62
23
167
139
64
6
173
138
59
39
19
147
90
157
191
167
160
4
250
246
125
54
208
20
30
185
112
28
49
220
136
153
228
125
13
105
19
113
85
41
94
198
188
235
173
158
90
219
102
23
77
47
65
125
131
158
125
75
82
246
12
171
239
191
60
150
230
245
22
12
113
231
125
11
12
154
112
156
156
182
99
46
114
181
86
125
235
184
210
148
238
172
23
162
37
63
62
160
227
116
137
109
114
106
211
63
128
160
206
119
251
34
215
188
112
199
122
129
65
202
199
144
163
62
65
136
112
160
72
157
214
36
20
144
60
112
112
16
125
4
243
102
137
4
211
217
185
60
231
136
20
20
198
218
168
175
69
141
117
137
185
72
72
158
63
43
206
234
175
200
117
122
75
136
133
23
104
239
165
112
76
81
114
36
48
81
147
85
156
255
1
237
160
165
133
8
245
161
157
212
4
165
222
72
160
20
185
142
49
171
254
178
60
125
96
36
74
1
36
109
60
245
118
78
5
204
33
125
227
34
121
76
133
163
99
8
142
92
99
99
99
1
245
78
125
8
255
20
99
213
125
254
157
241
209
232
255
175
31
72
206
84
99
90
235
87
30
7
125
31
99
30
154
188
109
82
218
159
48
78
235
36
161
48
95
148
37
107
157
132
148
117
197
20
36
112
99
110
31
20
20
255
250
218
56
204
43
99
197
95
109
156
135
95
59
31
73
32
23
28
125
99
97
144
217
153
59
178
32
188
18
95
38
126
20
191
159
37
178
114
99
68
77
4
224
73
185
175
42
123
222
31
87
78
77
182
52
19
215
89
6
118
52
43
5
200
82
82
245
114
97
114
84
226
20
215
202
4
77
150
48
176
171
152
15
188
215
54
24
30
193
226
15
113
5
85
15
227
208
119
217
48
114
253
93
245
214
48
215
27
188
185
92
114
119
215
188
114
186
178
23
152
21
226
82
163
255
136
25
22
84
75
82
86
32
159
215
234
218
31
190
86
38
202
255
89
227
161
72
77
173
184
21
188
218
52
190
23
218
202
64
4
15
186
102
247
30
85
149
152
149
202
197
218
86
42
104
43
44
44
77
91
247
162
202
213
80
173
197
124
218
25
202
133
137
22
227
124
77
25
124
73
77
163
102
224
115
163
183
163
77
38
137
84
227
256
163
42
232
77
163
202
85
82
115
247
184
218
133
235
241
161
123
213
70
227
37
163
213
252
44
37
184
161
23
252
45
139
133
207
218
77
89
52
157
115
133
218
228
198
213
232
37
137
48
10
218
186
25
85
202
218
218
256
23
163
213
232
254
