79
79
212
79
51
51
69
51
79
95
174
69
174
95
181
176
138
176
112
138
66
176
95
67
138
95
209
10
209
145
55
66
117
145
164
243
235
222
162
222
216
235
181
222
69
174
162
174
174
61
138
91
32
18
31
189
235
165
14
138
61
165
165
165
51
94
89
44
94
109
91
174
66
226
219
192
256
94
225
225
186
214
123
111
83
99
90
111
43
90
90
51
16
129
216
121
225
123
16
111
195
207
126
123
94
111
74
47
147
164
164
121
94
217
67
83
164
9
111
126
17
90
111
132
111
74
63
17
67
54
17
90
217
156
211
111
90
111
226
34
256
90
111
123
111
111
243
51
111
75
153
174
51
125
140
111
140
177
225
173
222
121
123
123
51
111
151
118
44
132
47
28
111
111
1
111
54
28
111
111
177
225
111
153
111
9
94
35
67
243
74
165
147
121
54
61
111
246
151
111
55
55
51
123
174
239
51
172
120
237
245
164
99
126
111
253
237
173
7
111
239
34
28
212
47
111
143
34
106
3
94
71
224
67
71
17
199
67
222
222
121
172
175
162
111
94
84
125
222
16
111
118
94
3
95
97
208
222
208
192
89
208
155
111
74
3
209
66
104
126
90
214
173
128
51
239
128
151
147
208
151
145
177
251
79
212
222
107
34
222
26
106
74
22
162
220
111
229
17
209
79
151
126
106
206
249
222
217
172
206
162
66
208
84
204
151
28
222
90
106
230
229
79
222
123
150
67
146
222
26
90
208
106
40
89
40
111
171
9
28
9
71
231
90
3
90
69
90
211
51
66
175
156
26
222
28
75
84
207
1
140
219
250
97
85
228
85
220
197
95
162
142
209
200
8
71
109
251
71
209
96
52
3
241
165
111
171
111
14
119
111
141
76
111
10
206
120
235
106
16
220
212
77
217
74
217
235
175
111
123
111
79
56
183
123
90
92
106
69
104
112
90
90
90
54
106
28
106
32
106
115
66
220
216
132
111
3
3
220
15
87
66
154
217
14
162
76
89
111
53
132
67
67
222
249
39
74
216
165
215
172
201
192
94
28
176
184
17
184
171
14
175
115
111
86
181
66
111
153
215
181
111
98
216
153
126
75
20
22
89
106
94
144
234
6
172
153
217
97
156
110
132
134
155
177
73
174
18
99
174
178
70
10
172
222
177
106
6
141
174
89
9
111
126
153
90
178
244
145
118
123
122
136
224
57
174
84
97
94
92
6
63
89
224
172
129
142
132
34
151
95
183
88
69
72
27
115
156
72
28
224
157
171
223
161
3
226
22
56
217
98
164
211
229
148
72
42
79
22
235
70
85
110
6
47
251
76
112
235
181
154
204
200
72
106
40
230
206
223
172
229
42
84
18
136
106
6
72
231
147
10
77
29
57
156
215
106
112
249
28
72
72
178
245
10
204
224
251
14
77
54
101
106
84
142
140
168
171
200
44
57
156
86
90
32
206
162
163
222
189
97
28
190
106
72
132
121
230
230
154
26
134
106
14
247
30
203
237
40
76
235
112
155
93
192
47
251
69
69
123
243
6
84
64
4
140
38
1
112
37
241
110
73
106
188
173
132
117
218
114
2
56
30
77
77
161
92
216
111
11
132
202
37
3
248
254
178
245
89
4
125
26
217
150
117
106
149
63
208
111
45
48
219
230
1
27
216
171
222
29
132
106
115
106
10
184
172
132
92
210
220
36
154
106
54
28
92
97
199
220
56
79
200
69
28
208
163
117
56
151
79
3
196
12
131
94
11
140
134
198
151
42
86
57
178
230
114
151
79
190
196
173
248
110
125
92
110
26
220
225
150
89
161
23
44
241
135
52
33
56
79
28
8
168
217
178
132
142
199
117
112
89
139
169
177
210
42
29
166
250
92
181
52
56
213
129
22
208
71
77
163
77
110
11
178
111
226
192
30
35
137
28
139
92
136
6
66
145
106
251
204
96
48
77
143
141
77
53
63
174
139
92
10
110
249
169
17
134
117
198
117
134
26
86
207
139
139
148
189
10
47
40
86
106
230
2
20
92
249
182
26
189
134
8
137
155
80
178
134
30
95
222
26
8
57
26
197
200
79
57
10
84
145
251
110
150
25
209
84
12
130
225
83
187
5
159
114
155
134
234
86
139
99
115
237
22
12
66
9
77
44
138
118
220
1
189
39
91
159
84
216
241
66
133
42
5
163
13
97
105
44
59
189
163
124
84
196
219
9
89
129
5
94
84
181
145
117
56
114
232
134
89
26
256
181
154
202
111
150
98
75
44
201
214
175
77
152
150
188
202
157
11
152
106
219
205
45
161
163
171
39
198
47
171
114
181
44
26
178
66
99
86
5
214
110
106
26
137
91
155
148
12
241
86
56
3
177
26
181
95
106
214
76
156
76
153
99
10
152
91
64
8
201
15
30
11
6
201
44
55
117
77
213
163
109
134
134
189
30
64
204
56
77
163
111
44
252
241
156
163
134
34
9
232
152
12
105
106
243
210
193
207
117
54
53
57
111
14
32
9
235
39
137
131
134
149
110
57
94
178
56
86
9
134
38
148
207
9
81
45
117
254
86
187
155
26
14
214
238
74
37
56
233
110
116
44
56
70
34
56
217
196
45
97
149
64
149
159
125
202
213
9
39
128
207
84
161
27
9
117
12
210
39
235
77
114
44
10
55
231
155
70
12
228
145
192
30
156
19
44
200
201
148
66
154
133
137
213
236
26
117
201
137
204
46
237
210
100
86
241
90
38
235
216
56
192
98
12
156
39
241
116
97
11
75
54
137
133
104
74
241
133
138
39
55
125
74
249
249
161
38
190
155
207
159
189
175
112
118
56
2
110
76
219
224
196
237
224
237
57
26
224
76
12
6
219
10
159
45
148
131
12
70
196
236
238
77
86
32
137
39
163
253
163
213
102
198
134
62
86
249
25
163
124
64
9
163
213
137
112
9
118
189
196
215
163
145
192
235
189
196
149
42
10
133
159
70
39
128
189
248
189
137
70
77
86
38
26
161
159
84
47
44
23
192
79
86
110
45
70
124
91
45
175
10
20
241
115
249
48
26
192
109
45
237
57
240
9
39
137
77
134
45
89
128
204
161
2
44
36
92
147
191
106
79
117
209
39
53
106
191
110
67
207
237
79
128
70
69
137
131
1
26
59
53
56
46
22
149
45
189
189
181
159
10
86
33
44
102
148
86
124
33
188
157
247
238
192
42
10
142
44
70
11
13
84
115
9
199
22
44
207
39
133
195
219
142
189
110
67
163
159
252
56
45
120
159
45
86
86
188
85
213
33
111
149
105
140
229
149
137
117
110
12
139
20
14
44
44
196
204
134
70
196
137
72
70
232
45
38
196
210
214
192
163
137
159
82
92
97
137
159
44
134
110
22
2
110
159
157
233
188
56
137
214
232
77
163
9
26
42
66
188
92
52
232
163
111
219
191
189
45
220
220
159
120
159
92
185
153
77
120
232
106
12
133
48
44
148
72
73
44
91
133
8
137
227
158
118
129
139
137
39
185
44
207
120
206
43
45
64
159
155
22
235
44
12
155
196
252
190
157
52
171
45
157
10
110
133
27
181
48
137
110
214
161
12
196
83
117
39
236
44
232
157
134
31
242
232
90
120
207
137
159
39
156
72
188
227
156
73
207
45
13
70
9
163
159
72
39
232
45
20
191
19
149
81
161
159
245
161
100
99
124
161
185
153
158
159
56
137
181
45
174
49
133
86
137
35
44
70
2
159
135
133
137
85
210
232
177
224
174
45
252
188
20
39
20
158
224
254
23
171
26
232
86
43
99
161
171
12
23
118
59
199
254
119
218
133
197
104
20
99
155
171
161
227
7
158
45
45
118
50
119
49
232
158
109
69
157
246
207
118
215
164
58
207
59
20
124
187
20
9
166
77
119
119
