164
162
115
166
162
75
150
190
65
128
146
166
150
150
146
208
249
144
186
146
206
89
190
203
165
153
84
77
253
80
24
250
55
40
240
249
203
80
211
150
164
203
18
29
159
31
84
205
74
138
166
209
84
7
33
184
24
31
87
138
229
7
194
128
24
107
150
24
191
180
98
159
146
191
251
24
35
101
150
7
136
74
240
191
205
203
211
40
97
67
151
182
205
231
75
31
84
182
231
7
128
80
55
84
27
153
80
206
110
80
24
21
169
140
209
182
58
246
53
84
151
232
177
177
29
29
166
122
150
177
45
211
97
182
145
161
136
135
35
92
209
73
128
67
122
177
63
208
169
205
56
177
231
40
235
191
166
205
101
209
169
177
42
33
146
24
54
212
70
144
115
167
7
208
110
1
74
166
77
209
33
208
109
67
129
231
208
59
115
40
40
252
55
208
7
17
56
7
35
229
27
140
87
25
239
162
235
40
239
101
87
182
7
13
77
77
160
192
101
144
80
1
58
116
87
166
67
128
191
182
236
121
190
198
87
124
7
50
55
182
175
176
203
208
194
166
121
194
169
169
113
67
187
157
95
84
37
63
256
186
67
101
207
182
95
67
236
222
235
39
89
244
121
206
182
149
87
243
108
190
194
190
162
113
160
79
194
13
84
67
209
166
190
31
143
192
146
27
14
159
246
86
128
78
25
128
180
144
11
109
129
16
33
256
167
208
75
89
225
24
205
63
33
67
90
208
143
35
36
233
256
205
243
121
95
256
224
240
36
167
45
39
144
129
77
178
222
121
17
144
182
35
205
62
71
139
126
150
35
207
189
33
121
182
140
67
87
154
144
184
169
89
243
88
203
138
179
203
62
166
169
154
256
14
121
19
84
184
151
83
71
113
167
171
87
11
95
154
86
31
208
243
196
122
64
84
132
134
184
253
9
209
166
203
128
16
130
210
169
9
96
184
233
182
62
167
230
41
41
243
240
140
241
5
65
165
34
70
77
47
241
160
97
2
206
111
10
162
190
244
147
83
209
250
63
89
121
9
101
132
109
202
138
232
256
253
65
169
166
190
95
243
144
120
158
180
170
108
209
77
101
212
243
46
118
240
94
97
222
149
84
182
184
121
89
9
3
249
23
188
77
253
1
118
144
241
137
59
167
78
191
66
120
64
225
58
40
251
239
159
142
125
40
66
206
1
169
35
71
50
206
145
243
145
225
80
29
9
84
168
232
190
181
166
103
40
81
203
253
117
222
212
144
77
192
17
102
95
64
111
35
176
128
136
138
166
47
236
164
145
186
186
132
6
209
112
199
196
62
130
164
252
182
235
230
46
5
42
191
231
89
181
176
59
230
194
209
153
243
141
238
180
90
153
87
183
124
26
154
5
219
145
34
19
173
203
6
27
128
243
207
95
83
186
203
146
230
102
95
88
46
7
186
182
66
190
67
43
59
86
41
183
209
186
182
246
34
239
104
203
223
226
65
177
102
45
89
238
169
177
138
30
64
253
73
170
7
219
150
101
180
42
27
153
83
249
103
95
46
67
5
254
41
176
89
153
73
209
255
151
36
113
176
101
246
30
118
252
141
211
64
207
58
166
237
34
42
173
173
179
177
189
23
62
139
144
241
47
59
162
256
38
203
27
209
201
45
168
162
176
246
52
93
71
58
95
164
122
181
131
95
176
107
205
43
109
230
246
118
246
120
67
89
186
160
205
62
97
166
88
217
162
221
167
63
188
45
2
75
65
101
230
66
74
107
179
141
33
185
62
3
177
240
182
75
154
246
256
194
208
66
140
253
118
209
109
37
118
44
230
66
166
118
43
102
252
179
75
138
7
241
146
205
177
101
132
254
37
62
3
153
177
109
31
246
206
209
209
209
46
217
148
90
169
42
118
176
132
139
109
51
74
151
76
246
121
240
231
167
200
96
134
132
42
182
43
148
43
152
122
246
244
44
33
109
30
88
139
111
41
224
165
143
6
169
148
143
152
182
71
248
130
246
37
33
109
177
113
7
107
213
26
36
198
142
246
42
122
222
238
91
182
2
246
114
203
118
149
93
143
7
209
170
196
151
144
35
229
21
44
160
109
201
108
89
85
2
213
246
176
205
121
143
112
249
34
165
122
163
60
254
69
231
170
208
70
109
89
243
244
78
143
230
7
118
151
97
225
151
75
198
163
1
132
69
82
241
224
135
141
110
204
144
8
246
34
48
224
107
55
143
222
224
55
225
144
190
229
72
22
156
170
140
74
169
90
41
154
169
241
217
143
62
63
173
235
87
84
117
128
242
46
151
80
24
246
190
42
160
200
64
196
74
203
153
140
254
86
203
24
243
167
225
62
72
131
10
24
9
181
42
186
185
151
107
181
180
136
18
77
239
109
73
255
118
136
71
243
239
220
88
159
10
122
24
96
224
160
214
51
220
131
151
12
182
84
34
31
210
72
142
210
185
107
246
181
7
60
148
154
117
117
146
213
163
251
191
131
51
151
244
165
185
167
236
98
235
245
90
234
118
121
71
77
77
203
47
226
169
230
34
225
201
183
243
224
182
139
20
209
165
96
124
184
21
144
202
51
198
141
181
16
8
117
34
85
105
241
22
233
108
222
154
121
163
20
233
144
167
182
89
47
210
54
80
233
124
20
225
21
113
254
246
181
144
162
221
256
205
139
66
170
24
109
108
201
231
15
32
117
90
77
255
129
244
214
20
72
47
130
43
225
238
31
108
202
182
154
241
182
62
118
166
248
219
20
225
228
114
215
208
181
49
251
151
254
136
117
229
184
210
144
36
115
236
7
115
78
198
168
114
177
118
219
191
109
78
117
73
106
57
7
20
22
214
96
233
225
117
243
118
205
140
233
173
139
224
224
120
139
151
181
186
244
233
13
132
106
132
120
214
39
248
50
129
238
107
203
233
215
26
43
68
86
154
28
107
118
115
246
56
124
184
182
251
115
44
171
236
75
109
177
71
141
79
107
141
90
102
140
40
254
187
50
2
87
202
30
86
115
190
92
200
44
80
107
181
70
235
246
5
124
88
114
96
118
177
193
89
107
53
98
184
198
86
90
172
118
75
254
155
125
230
152
131
53
152
70
114
78
76
205
202
173
91
241
187
173
53
109
202
122
118
26
246
80
246
109
181
78
2
179
159
113
78
23
97
181
189
222
222
224
107
192
30
241
202
72
97
173
187
10
152
72
97
151
113
97
254
222
25
77
53
246
168
122
141
241
56
232
89
182
12
142
42
32
230
197
4
82
39
37
40
118
105
137
170
12
113
58
200
46
53
101
108
53
2
48
169
181
101
244
68
12
48
200
192
42
68
48
254
120
82
30
70
111
72
125
78
10
9
247
