89
165
244
160
221
244
143
89
98
18
160
160
203
160
6
75
87
128
75
94
151
94
219
121
98
194
126
98
160
98
231
244
75
150
160
127
244
61
138
107
75
194
128
62
36
144
147
194
138
93
151
194
69
253
203
154
216
98
151
244
151
230
151
219
138
166
98
219
151
254
176
69
59
194
200
174
67
126
160
105
200
98
172
129
203
62
7
194
7
253
220
146
166
180
220
98
146
208
55
10
17
180
220
200
69
220
169
33
25
203
59
75
174
89
61
164
91
138
172
75
71
183
236
129
59
147
178
254
194
71
251
87
203
83
248
128
75
83
174
67
95
160
240
145
41
55
151
160
194
174
98
105
67
21
91
62
61
183
256
200
106
136
87
256
146
84
89
256
138
98
58
146
160
160
151
153
220
145
38
40
36
138
199
38
244
55
67
138
194
160
228
123
150
126
71
139
160
169
200
165
67
91
11
91
22
147
31
244
31
237
29
42
249
83
169
153
221
75
138
31
107
76
122
83
210
167
138
170
93
89
129
169
169
91
150
59
89
164
220
42
194
42
170
187
104
254
110
230
153
64
236
147
254
165
170
243
176
166
89
36
5
138
66
138
112
91
194
98
128
57
76
110
17
151
89
151
231
21
42
3
146
171
18
37
128
123
128
171
29
222
165
176
231
194
220
172
95
21
237
89
94
62
102
38
172
61
104
138
76
216
42
31
151
74
104
42
75
86
74
163
243
76
62
42
123
150
113
93
228
36
176
194
98
253
148
89
21
200
171
80
3
174
222
225
102
186
36
160
101
38
231
25
57
206
180
47
146
160
98
201
123
21
144
11
96
83
41
203
200
221
256
121
136
169
75
245
95
174
62
121
243
121
140
236
243
113
25
256
79
153
162
73
146
253
65
89
220
50
138
61
170
93
81
41
206
93
151
3
121
98
146
91
89
113
249
74
13
242
222
146
110
163
116
94
160
221
248
126
37
253
196
135
241
26
150
87
10
52
94
42
3
38
211
215
113
243
26
152
184
17
253
39
164
13
184
67
194
118
25
71
154
118
222
138
174
211
102
67
142
117
151
154
203
41
121
200
194
222
129
254
83
87
169
31
136
230
175
221
52
222
32
41
253
221
249
217
181
172
29
121
184
128
110
22
32
243
253
57
112
254
32
93
199
34
138
153
228
254
187
28
198
93
120
143
11
206
200
121
25
84
184
131
153
88
253
123
67
31
222
87
172
26
144
27
11
93
170
172
52
87
170
71
114
113
186
253
102
116
10
35
201
123
98
203
230
67
48
171
102
94
41
71
41
41
57
67
41
214
129
164
129
137
89
117
180
159
186
184
25
203
128
73
162
47
103
80
225
31
118
253
194
94
183
89
103
194
153
69
176
176
174
55
110
230
35
88
138
164
211
214
203
141
124
230
88
121
91
256
94
98
138
129
22
94
58
129
170
122
62
194
29
22
167
169
151
253
149
87
61
27
117
62
33
174
115
213
31
141
84
253
150
151
69
154
162
174
141
33
139
52
205
104
83
146
181
222
213
219
182
206
113
144
36
116
70
183
129
147
222
166
180
169
61
146
65
74
69
151
98
172
244
169
73
203
180
121
67
164
208
40
237
242
54
243
219
108
233
145
244
144
190
185
37
58
128
94
206
145
121
25
194
221
108
203
256
129
211
174
174
121
37
145
199
116
167
253
31
216
150
46
236
146
45
189
96
81
144
256
129
28
230
73
254
89
66
102
21
69
216
225
206
248
203
203
36
71
35
94
138
189
190
251
22
39
115
254
41
112
192
221
162
88
219
94
174
129
206
89
182
31
9
213
102
64
48
256
256
164
141
64
134
116
25
63
108
145
69
109
254
190
250
89
69
39
66
253
129
61
41
71
255
213
174
116
169
92
236
233
91
62
57
223
254
169
53
104
231
253
89
244
216
174
13
133
182
89
128
163
103
52
161
253
44
244
229
78
190
120
31
182
178
93
174
161
190
67
122
21
150
95
36
144
27
150
69
42
230
102
213
97
216
162
19
166
150
42
254
9
39
174
211
213
218
81
124
39
141
230
99
244
183
186
102
219
11
94
94
115
75
162
12
91
8
246
67
73
108
154
206
129
115
103
182
69
102
219
230
252
178
254
89
211
72
98
94
137
91
134
214
44
232
121
174
240
28
37
190
253
67
253
190
85
89
65
178
244
88
91
84
219
91
236
232
73
69
9
244
45
91
184
223
178
91
206
88
162
22
69
44
102
219
161
238
81
237
117
195
178
222
211
237
69
45
94
174
32
44
183
155
190
252
216
24
116
63
83
15
222
113
199
180
78
91
210
84
178
240
128
108
35
9
144
253
160
253
164
89
25
169
94
160
238
27
38
253
58
102
199
240
178
237
64
25
127
216
66
10
179
110
63
57
134
249
44
215
186
232
253
91
213
204
213
84
91
43
253
48
55
214
207
137
129
108
71
197
253
81
98
235
29
55
84
39
238
94
249
68
172
197
155
159
166
178
127
146
121
69
216
236
44
253
161
157
98
230
240
215
44
122
26
48
210
73
227
232
134
89
189
161
106
35
122
45
36
178
213
151
42
157
31
181
66
203
106
112
89
154
254
57
66
202
192
256
9
250
121
214
253
155
189
12
31
44
89
110
45
85
178
79
159
137
106
129
69
159
48
204
89
122
231
237
123
187
195
157
84
112
157
76
27
189
204
213
105
52
115
176
138
140
107
253
4
155
256
108
117
48
190
207
88
64
90
76
202
238
47
230
253
19
145
24
57
35
237
99
4
178
36
89
130
242
170
155
153
161
73
190
146
12
240
221
240
204
249
73
50
82
207
19
66
221
71
180
16
176
188
243
150
89
249
190
98
88
256
48
155
85
240
237
91
6
67
81
27
155
218
162
48
240
31
11
8
89
62
120
151
157
23
151
19
219
157
31
161
53
42
57
40
237
249
229
230
140
77
67
214
223
64
249
66
48
140
155
72
115
40
117
232
3
256
55
102
108
175
95
232
253
190
31
169
79
48
214
90
151
112
4
112
95
9
54
81
253
19
49
112
254
249
235
91
54
237
120
38
204
228
85
237
155
230
72
199
89
157
3
198
157
91
218
180
17
11
98
197
170
50
98
31
253
66
83
214
162
175
50
44
215
157
180
39
238
214
203
248
252
65
256
91
19
42
82
120
207
179
85
175
146
44
136
166
170
227
237
49
81
108
256
11
4
228
80
91
39
215
256
197
67
35
203
227
199
64
186
168
219
230
240
150
85
180
88
190
48
85
169
66
108
105
44
18
82
19
232
120
197
41
9
9
230
19
34
153
91
120
19
39
238
172
13
120
213
149
19
11
148
85
82
75
158
189
5
32
111
9
62
120
76
38
197
91
199
82
176
83
242
85
201
169
256
62
10
48
238
25
39
91
120
230
82
120
159
111
228
82
82
221
221
233
82
219
157
120
238
157
85
9
213
220
26
120
83
85
203
105
64
85
72
213
157
203
74
120
221
94
134
186
79
236
35
148
157
