137
137
210
229
239
225
18
229
175
210
210
174
139
5
229
99
81
174
108
183
24
155
103
229
236
139
6
248
233
47
146
122
74
223
145
201
248
103
228
99
145
236
56
76
34
233
210
201
159
248
248
126
180
247
155
146
238
47
8
61
155
225
238
236
167
16
250
93
28
240
245
24
223
253
250
223
189
177
248
139
250
196
210
76
106
24
194
111
220
76
13
14
72
126
215
145
167
38
167
223
245
250
175
18
242
111
10
106
69
34
233
46
127
244
167
64
110
4
245
63
16
212
14
108
210
69
61
204
96
238
8
58
106
139
242
179
225
236
210
64
216
248
34
149
252
80
187
252
33
253
130
26
38
167
126
8
231
233
38
205
167
18
76
210
76
14
32
233
175
231
24
155
134
145
164
120
47
229
18
50
167
111
34
86
167
172
233
242
178
60
38
175
72
110
255
205
223
122
72
201
126
223
215
253
187
145
245
238
203
14
155
7
103
233
216
126
190
58
24
233
40
210
202
156
134
167
167
76
94
205
121
243
104
14
10
155
167
61
187
42
153
102
130
50
187
36
201
144
92
248
38
121
3
236
97
30
139
187
102
90
166
32
177
216
167
121
24
32
59
103
127
24
127
238
248
127
33
79
81
179
137
104
175
210
32
145
34
60
130
181
16
203
253
201
145
107
60
24
130
38
126
10
72
236
81
252
223
245
191
92
179
35
154
83
147
83
105
122
1
100
252
221
191
79
19
3
33
106
117
89
80
29
13
96
210
253
187
38
88
170
110
127
47
218
233
28
142
171
196
33
76
256
100
229
60
219
256
76
20
220
144
219
108
147
64
14
92
250
255
105
216
96
50
156
22
127
236
168
8
156
156
150
204
156
18
137
21
4
4
179
19
21
211
80
8
113
222
248
38
139
167
38
239
38
14
34
216
168
76
223
196
29
34
156
7
96
30
183
171
5
93
16
111
244
169
212
212
238
164
61
88
216
8
22
233
41
108
34
10
142
96
71
236
126
136
5
60
187
245
179
229
192
157
76
79
187
1
47
81
233
126
22
172
231
91
84
76
159
59
34
38
65
16
139
205
128
22
37
100
37
145
39
119
6
170
84
55
34
219
175
153
253
233
24
14
140
223
5
183
242
34
30
35
70
76
169
79
156
102
142
59
108
166
195
16
156
37
25
233
2
119
30
5
156
195
187
236
96
243
108
10
140
91
11
8
2
100
14
219
96
239
50
126
233
47
108
59
205
79
168
35
136
63
30
187
256
212
93
34
100
30
60
170
253
34
233
142
156
199
236
256
139
40
122
201
96
90
81
210
90
91
93
183
79
46
28
102
92
47
34
111
33
150
238
210
222
96
187
187
187
52
235
156
1
79
14
114
129
46
187
236
179
16
250
1
71
242
74
5
30
8
22
205
114
106
153
19
223
185
203
169
103
202
37
162
248
238
223
1
220
33
80
198
96
205
106
254
110
25
58
125
220
211
28
130
210
130
90
250
189
96
210
178
34
83
108
37
117
105
194
89
22
164
192
79
46
138
92
223
116
171
59
87
6
201
187
39
100
47
35
20
220
256
89
180
87
201
181
187
9
39
135
115
126
186
194
88
90
126
250
16
5
37
1
93
201
182
39
46
124
1
55
115
180
223
196
28
254
256
126
179
147
195
22
169
103
199
198
240
229
121
95
166
212
35
249
162
145
93
22
221
205
39
90
134
194
1
139
91
52
252
55
7
60
231
29
79
55
187
106
193
196
169
250
135
212
131
91
87
214
101
253
137
190
160
1
76
131
121
229
11
10
187
30
179
41
138
254
35
170
11
1
131
5
180
14
5
236
169
100
22
225
256
117
131
248
256
29
127
145
186
122
88
12
64
164
247
39
182
167
212
22
96
170
24
139
20
36
126
96
223
121
221
195
254
239
156
236
96
239
20
201
245
236
139
90
131
11
250
127
222
33
90
90
217
187
66
195
149
38
249
223
203
108
130
14
122
46
140
14
100
139
140
79
51
252
140
121
121
107
167
83
149
139
3
131
239
190
37
253
210
128
30
14
100
10
33
253
76
142
52
34
126
113
60
187
60
198
88
189
131
226
167
245
102
76
233
52
117
238
14
247
183
46
108
38
43
135
169
59
37
1
153
60
102
256
153
102
217
212
132
137
30
7
105
183
170
104
81
180
210
4
39
58
125
100
156
130
14
52
146
104
137
11
1
10
28
131
139
248
55
205
127
164
125
14
64
198
238
108
161
137
119
100
102
229
187
1
223
203
117
187
166
29
114
182
100
13
217
91
76
93
77
179
120
175
4
229
169
36
101
25
34
135
35
195
37
34
236
131
39
100
2
201
219
4
190
89
210
91
181
193
88
170
1
183
24
108
219
29
210
84
113
139
101
24
233
37
145
115
92
179
201
220
194
113
93
140
126
100
102
139
20
179
30
14
109
6
236
169
46
139
78
181
167
71
28
176
47
84
169
2
167
88
187
231
69
134
111
34
163
22
144
24
90
146
194
169
142
130
135
100
60
64
202
93
37
10
10
221
35
10
8
170
108
170
96
179
60
60
1
151
59
109
14
13
125
164
196
22
171
167
5
181
72
10
107
108
122
14
154
95
245
201
1
74
62
4
210
60
10
104
100
2
213
130
113
223
169
170
167
217
1
121
253
131
167
61
233
196
154
46
76
70
239
25
195
8
75
203
122
114
193
217
30
88
201
199
70
76
169
140
130
244
39
60
91
79
238
34
242
33
96
93
201
236
169
122
35
121
62
236
33
74
35
35
30
119
4
170
223
102
140
108
14
166
1
129
16
60
121
14
6
60
60
183
88
151
100
144
226
136
22
67
36
254
42
240
195
39
5
144
241
75
16
35
28
108
131
233
90
5
239
78
13
237
172
226
195
122
240
176
91
87
60
122
35
233
256
222
46
172
183
6
58
256
34
253
228
71
100
139
184
140
60
60
236
10
89
138
70
185
130
249
28
236
236
14
1
187
2
256
249
139
135
198
151
248
100
166
74
253
221
204
195
112
130
100
181
120
35
38
30
11
219
181
96
227
6
223
36
236
192
137
14
88
10
100
102
117
14
14
60
35
240
47
181
149
253
34
1
248
111
169
242
142
169
2
164
211
84
25
134
78
31
12
144
40
167
139
242
131
190
60
66
11
14
250
169
100
179
182
79
33
233
60
14
40
94
96
146
90
242
205
60
96
185
116
32
39
20
75
102
198
115
121
195
244
1
1
4
195
38
52
248
164
53
37
59
44
35
10
96
96
21
100
100
255
14
220
100
30
1
201
65
229
70
139
103
169
168
25
253
233
110
100
63
233
37
74
90
102
153
236
2
109
42
108
216
132
11
36
185
74
131
210
223
237
174
122
130
34
167
96
192
242
164
211
35
236
58
40
250
71
156
147
253
120
78
24
65
34
117
10
248
223
110
100
130
122
102
179
3
176
169
191
183
144
10
235
223
46
10
64
100
42
102
102
91
24
11
139
60
233
203
102
222
44
8
201
88
192
60
250
196
103
180
230
206
8
187
150
58
202
7
104
37
37
103
18
212
192
229
168
24
30
20
27
158
245
30
102
33
40
60
40
60
90
81
256
8
244
176
131
212
187
226
104
183
223
30
91
201
240
181
63
88
114
195
18
229
216
107
1
125
115
60
122
33
33
167
15
121
195
201
39
135
122
208
89
107
233
170
113
38
137
185
108
203
42
108
34
167
6
181
194
169
102
81
233
256
93
210
243
35
88
139
233
233
196
87
171
236
24
117
37
196
40
181
1
53
194
102
122
131
205
2
39
242
220
35
100
138
74
117
164
131
107
91
19
119
179
70
80
240
28
75
201
191
116
30
104
65
253
5
251
183
8
5
102
78
142
34
97
66
240
17
30
10
210
240
232
125
202
229
113
37
10
79
83
40
60
130
240
122
109
256
137
205
35
134
130
122
37
210
63
211
103
194
216
166
233
47
131
144
20
210
210
90
93
241
1
90
65
191
203
60
70
236
30
58
30
107
15
79
244
253
113
63
186
24
242
34
241
201
248
131
256
116
236
121
14
47
114
20
237
25
66
237
240
221
256
201
200
89
121
100
128
185
128
75
37
65
125
121
171
205
172
32
108
22
87
173
216
226
244
167
49
2
46
64
248
131
109
181
116
79
169
81
131
49
25
113
240
228
60
108
131
170
122
119
43
124
9
250
50
63
138
116
141
104
69
14
190
147
60
60
53
204
95
112
117
244
120
60
210
46
60
119
226
248
222
230
190
216
25
203
5
128
144
34
139
229
39
65
195
35
238
30
233
199
255
183
190
187
60
226
43
153
142
249
122
49
83
11
20
96
100
154
195
35
88
117
78
96
104
60
131
34
167
89
113
191
52
253
70
210
20
101
27
40
131
54
210
11
196
30
212
223
205
19
218
108
144
244
189
75
144
73
147
46
141
233
241
181
182
33
30
236
134
75
101
31
107
226
128
172
103
100
144
116
171
236
14
132
31
254
35
16
49
240
35
182
190
154
185
21
102
63
229
102
61
173
4
2
247
210
10
139
90
233
16
60
96
2
186
240
60
248
14
195
192
121
198
34
100
93
146
117
144
30
240
102
88
75
236
196
190
70
248
233
118
7
171
233
30
130
211
176
118
100
190
247
90
2
216
204
37
10
113
105
11
229
222
168
73
113
229
90
100
25
169
233
142
79
131
89
122
37
210
121
49
233
228
146
107
13
102
60
171
114
94
250
236
169
96
134
33
200
205
35
144
198
73
210
71
89
240
154
116
233
4
224
221
75
40
179
150
180
208
255
135
137
37
107
239
171
250
102
71
79
205
60
244
46
141
241
44
203
116
135
166
231
113
5
54
218
107
220
171
102
108
61
90
151
102
117
180
247
170
169
21
107
200
75
79
100
63
16
175
93
132
222
90
2
25
203
116
122
179
60
170
116
16
248
254
147
139
239
169
23
139
130
166
179
53
194
103
61
251
144
5
90
194
113
203
230
107
183
46
183
241
58
100
140
167
22
24
193
34
108
238
65
42
124
178
117
173
125
75
219
150
56
47
186
24
212
88
211
116
10
30
47
170
253
144
14
168
89
202
250
195
203
111
64
216
103
118
60
37
42
141
100
236
33
217
181
166
171
232
75
35
118
135
142
233
111
113
116
68
156
27
122
239
236
88
114
22
39
96
73
193
100
79
21
232
201
130
88
71
118
182
237
180
201
15
27
43
73
127
40
171
193
35
210
225
61
183
46
250
241
169
130
239
244
121
66
5
192
113
100
228
191
250
68
121
108
29
119
11
195
136
137
139
132
212
188
141
35
113
79
11
131
65
249
35
117
142
201
195
64
248
144
93
237
96
149
250
60
256
112
182
26
10
187
79
1
71
93
91
33
179
125
141
233
225
180
167
176
205
96
37
218
137
249
242
168
141
122
38
111
205
201
7
241
109
60
30
58
211
255
144
39
238
206
46
106
1
169
106
141
60
79
141
227
254
60
30
218
119
60
11
21
169
191
58
144
59
40
246
245
242
162
1
233
19
111
5
236
130
79
180
253
104
185
236
33
46
197
182
182
35
113
109
168
35
117
89
252
30
116
170
117
60
119
8
228
182
83
64
34
219
144
167
217
229
61
12
95
236
88
185
227
71
64
238
40
201
136
40
222
87
174
130
95
241
61
30
211
37
101
221
142
158
65
15
88
97
224
211
138
125
171
58
37
92
159
245
199
245
70
102
171
117
70
63
134
1
70
89
169
233
83
19
58
36
255
100
132
253
5
102
255
181
2
121
151
137
4
116
238
60
47
7
118
232
239
30
117
144
180
226
30
7
96
237
108
246
195
113
4
203
95
219
167
182
101
13
73
113
47
186
157
40
171
142
103
113
185
111
240
224
109
5
40
60
135
136
227
228
113
47
144
58
36
242
228
168
167
236
60
256
171
198
4
206
90
65
65
231
240
225
192
229
171
180
40
170
237
200
138
206
210
52
121
250
92
20
240
65
89
100
170
122
19
130
2
90
203
190
88
241
156
179
164
170
198
188
97
2
236
60
171
46
141
167
171
24
167
212
19
167
96
222
24
188
28
72
92
181
47
17
130
204
1
191
28
224
144
4
242
96
156
38
221
97
96
229
227
15
246
240
116
97
167
93
24
242
97
113
107
135
113
141
37
138
32
16
68
60
241
166
169
190
167
136
184
89
167
14
168
62
186
229
19
37
244
240
205
21
29
171
217
251
5
92
103
24
141
229
21
8
203
142
2
46
212
233
229
180
37
166
92
233
187
206
40
23
200
185
28
188
34
112
236
30
20
131
144
168
247
218
101
229
179
167
89
107
92
171
229
108
142
4
188
60
135
92
168
195
35
241
152
185
68
16
166
103
241
96
118
38
168
200
250
164
250
198
95
222
200
68
34
200
191
185
87
17
24
195
97
4
18
156
4
188
156
144
113
224
180
241
119
171
141
1
23
180
106
223
96
71
130
188
77
188
185
108
241
58
185
61
113
68
95
250
92
135
227
233
200
58
122
171
113
71
119
217
49
171
191
229
40
78
158
167
58
144
24
71
167
167
236
234
182
36
152
90
77
156
5
92
142
180
92
247
2
137
68
246
100
71
108
234
46
158
5
60
185
241
46
6
171
241
113
206
60
4
229
182
233
229
1
30
37
