160
230
162
110
84
249
83
84
83
230
110
36
165
151
229
172
165
231
52
239
209
225
208
18
162
25
159
208
225
54
72
54
160
204
25
94
54
94
84
62
54
204
143
225
54
140
208
204
118
208
72
160
181
253
54
143
61
172
249
254
71
199
75
253
165
84
208
140
140
208
159
143
140
165
17
84
165
243
249
165
71
87
254
87
84
242
115
25
213
121
133
25
65
51
165
254
84
94
87
81
16
143
208
213
51
54
249
123
209
127
202
135
87
213
165
18
40
203
14
165
254
51
183
106
17
215
110
58
28
110
143
84
194
21
194
143
87
177
203
204
118
177
84
203
162
220
165
28
239
64
157
254
209
225
204
177
177
208
214
74
150
225
177
208
209
208
51
225
151
110
51
225
123
54
177
55
239
162
107
251
208
103
202
112
209
174
54
162
85
209
143
209
105
202
225
145
18
209
209
225
162
162
249
51
251
67
239
150
208
149
251
123
209
254
243
162
151
208
162
251
67
140
84
4
208
208
71
184
115
12
213
121
162
202
140
106
202
213
243
109
191
213
209
187
88
91
17
224
140
138
162
153
224
225
52
151
140
202
54
81
138
178
143
21
160
140
157
85
165
191
128
143
208
208
208
63
165
214
191
178
160
88
224
121
153
153
202
91
106
178
138
254
172
158
208
28
28
153
165
205
23
153
253
254
92
177
85
118
163
153
153
114
149
3
151
85
153
26
253
129
54
178
153
177
110
254
7
15
203
28
85
124
143
115
162
235
94
51
197
208
123
54
208
123
36
121
213
128
162
82
94
193
235
153
54
138
56
242
235
143
138
213
228
33
115
140
126
138
84
11
203
191
85
44
99
200
205
96
251
52
85
20
153
153
126
213
149
177
50
73
163
85
178
33
165
228
225
138
251
82
197
75
96
162
193
11
82
26
7
162
84
82
163
143
165
123
15
156
85
184
164
185
51
50
54
251
144
107
157
173
107
54
33
110
85
177
166
111
157
115
140
82
118
178
23
26
140
138
23
163
253
82
131
61
27
143
87
138
146
140
232
76
153
109
146
246
172
166
167
251
184
111
172
50
111
218
188
214
7
126
124
165
193
140
243
99
15
165
134
229
127
189
109
128
205
84
5
165
98
20
215
143
157
53
93
182
109
120
232
254
243
172
154
182
118
224
138
140
127
85
216
109
106
80
6
82
115
104
87
155
212
105
106
133
151
140
133
36
12
99
156
163
62
87
155
109
20
156
170
147
210
85
109
127
62
108
89
22
23
123
184
20
249
252
140
127
235
182
248
82
74
221
184
140
18
99
133
170
34
184
23
62
99
84
177
133
69
23
84
107
143
81
53
22
214
189
136
140
246
231
56
165
249
82
62
36
72
97
225
127
163
155
85
66
128
82
82
164
133
99
153
76
197
193
140
92
62
75
76
206
28
127
34
63
106
72
165
118
20
53
115
190
54
177
126
4
251
177
136
126
197
118
28
202
232
218
21
106
170
52
136
232
181
57
231
159
143
188
25
72
127
214
121
4
48
45
159
202
177
251
140
148
106
22
86
4
189
197
82
133
56
26
48
56
113
213
113
147
92
72
213
253
197
4
148
16
206
54
197
127
114
182
212
218
84
193
177
82
84
174
37
72
23
45
157
147
220
127
184
91
140
148
206
36
224
232
28
108
92
113
163
82
197
45
215
23
214
147
233
201
213
199
23
224
23
92
139
209
48
82
22
196
209
72
171
244
53
230
133
152
229
228
81
92
67
48
197
197
253
16
157
178
92
188
168
48
169
110
149
157
111
48
92
115
202
48
92
116
206
157
170
157
156
186
119
132
217
197
197
120
48
189
133
88
218
213
234
213
201
19
155
36
133
155
48
191
45
155
92
