126
6
6
17
17
143
174
160
174
165
17
123
95
143
165
150
6
174
95
126
67
165
67
150
147
66
109
143
109
87
95
67
231
127
126
109
181
208
18
17
87
7
129
2
17
87
181
59
122
230
129
154
20
7
109
199
154
143
174
95
92
87
126
230
109
123
1
177
129
138
150
95
59
127
94
13
194
20
150
92
164
162
239
194
195
89
17
195
84
58
162
95
229
216
95
95
176
7
177
92
107
79
150
8
246
15
151
195
107
135
245
243
21
64
173
3
13
245
108
94
229
175
21
183
239
59
95
185
41
14
16
3
122
52
208
54
195
101
131
140
54
173
88
59
186
140
127
73
8
243
118
139
50
143
118
238
143
135
103
138
246
208
240
147
217
235
222
153
211
118
20
140
34
14
22
216
126
253
245
21
217
245
127
79
93
58
118
16
28
68
119
193
84
3
222
253
122
229
245
239
90
63
2
136
90
92
246
108
209
26
77
194
9
183
5
231
114
231
231
245
217
211
54
247
109
183
107
245
243
245
2
9
114
183
118
122
158
40
25
245
226
177
192
215
242
245
183
20
14
99
114
90
138
185
217
185
37
15
245
139
40
4
108
231
216
196
61
18
16
229
202
175
22
185
238
150
166
25
224
20
66
140
20
28
192
78
107
179
37
219
123
212
54
151
120
185
194
198
217
141
220
194
37
171
25
120
256
183
166
245
75
101
64
42
231
31
137
113
109
76
233
233
240
185
212
212
99
206
206
28
14
177
171
211
75
183
165
16
132
132
42
91
190
18
139
171
80
192
252
212
79
59
184
86
93
240
109
151
78
215
153
154
245
244
109
64
214
37
122
118
154
245
24
59
32
132
86
59
120
26
151
18
198
96
66
109
99
83
17
171
235
166
220
54
26
22
68
34
219
136
4
40
107
174
75
17
30
138
40
81
66
54
77
210
101
183
24
127
109
224
147
47
1
217
157
223
171
42
191
179
17
63
177
15
250
94
188
206
109
220
140
16
79
93
109
118
83
246
24
143
239
183
118
217
40
232
30
132
217
185
28
30
244
64
99
30
30
116
192
217
245
26
56
21
94
4
118
43
38
217
118
187
24
211
252
150
217
217
118
127
132
246
149
189
217
118
30
31
94
153
96
226
132
216
236
134
126
166
246
224
138
22
31
187
54
18
98
93
223
153
59
188
94
130
245
132
33
99
68
111
217
190
239
136
217
43
70
87
86
118
245
108
182
63
183
171
239
49
109
22
4
44
96
176
196
217
217
119
255
79
118
109
165
74
66
130
157
189
252
147
132
114
204
88
183
86
203
54
27
16
94
131
173
251
64
243
30
39
136
224
174
189
183
72
245
198
200
77
250
245
68
64
174
22
154
92
49
17
40
64
239
107
25
242
64
127
218
101
217
231
233
83
93
245
211
131
239
19
26
231
245
195
218
68
188
10
12
10
167
219
19
99
171
217
93
35
112
171
83
197
19
109
220
13
233
188
4
68
188
28
34
109
191
92
127
92
54
141
31
109
246
136
37
114
167
206
217
224
223
251
176
217
68
232
129
4
217
256
139
243
2
29
63
82
34
239
93
14
192
138
167
68
183
59
198
19
127
141
5
22
17
110
37
144
245
233
242
132
256
173
147
53
219
26
70
49
65
43
183
206
4
113
196
5
203
192
19
37
113
156
256
256
4
245
3
59
4
55
12
250
70
36
5
87
113
170
59
168
204
68
68
224
36
188
256
203
212
169
37
192
242
55
98
93
31
36
205
115
144
68
184
13
109
51
19
177
115
48
198
173
191
202
216
204
79
171
171
87
59
152
175
207
191
162
190
232
242
28
76
125
239
239
37
22
20
51
63
229
4
196
78
28
36
254
135
254
197
34
22
188
236
68
26
68
141
22
183
241
39
155
88
90
74
188
20
117
256
109
61
5
212
107
119
46
227
141
12
239
5
57
176
141
78
6
6
44
203
236
191
6
10
255
141
68
109
68
255
58
151
151
152
226
21
125
156
231
113
220
144
104
227
224
21
240
68
24
68
4
119
5
4
229
20
4
78
151
69
250
113
152
58
195
125
141
239
20
19
211
4
107
146
180
206
20
88
194
40
57
125
200
107
46
107
49
159
59
245
255
107
151
217
68
254
113
231
141
118
65
6
179
187
113
86
14
234
217
46
26
155
142
103
150
4
4
217
156
68
68
46
185
46
198
8
43
119
198
6
198
200
141
30
49
142
58
41
241
30
17
224
43
232
229
10
217
46
46
122
6
239
142
57
206
4
68
233
191
119
43
113
113
152
255
119
200
245
200
107
119
58
217
109
195
245
43
217
48
113
191
113
43
245
20
234
197
37
254
