39
39
39
39
79
13
187
189
132
132
39
97
39
181
30
121
187
181
220
79
31
154
13
103
158
79
207
230
216
94
220
30
102
51
154
168
220
102
206
154
55
13
199
199
230
222
237
55
69
216
55
168
196
11
25
75
55
114
196
216
55
37
199
168
168
30
25
37
6
96
250
116
146
34
130
55
130
42
178
42
189
46
130
39
42
41
250
37
151
114
222
25
243
253
42
29
156
29
250
31
42
77
90
168
42
250
222
158
256
117
116
29
102
116
216
75
76
75
39
223
42
37
216
250
29
4
216
38
103
42
168
250
4
38
38
94
38
105
105
75
38
90
71
110
90
105
77
12
38
192
250
149
183
97
216
90
38
94
64
162
57
10
150
71
162
16
90
216
13
146
29
150
90
162
90
38
38
85
46
220
38
117
90
216
206
13
162
136
205
94
222
184
216
75
133
5
56
207
79
216
42
77
72
45
148
205
140
184
189
13
247
29
168
192
149
16
38
39
216
192
215
42
79
16
117
116
220
69
255
86
120
120
192
207
102
192
42
192
117
117
72
117
192
192
192
9
192
39
207
42
207
192
120
86
