7
135
166
208
231
231
84
84
194
130
130
21
162
89
202
84
59
162
73
231
165
135
202
151
84
138
141
84
194
202
138
209
209
146
49
87
231
203
191
87
146
7
231
7
138
202
164
29
80
209
209
166
146
80
164
166
146
141
14
29
144
136
191
215
29
40
231
36
170
59
115
17
7
135
36
42
80
250
84
30
42
194
80
85
135
256
101
80
174
11
205
95
29
206
84
14
200
205
192
11
165
128
11
151
29
209
128
7
166
36
128
205
256
85
80
39
166
129
146
182
209
75
52
192
25
59
75
29
165
40
203
256
160
165
194
174
121
166
243
92
40
192
138
128
25
164
146
202
59
242
75
55
146
55
176
40
162
67
138
230
103
150
146
162
65
204
150
29
199
95
21
97
231
209
92
162
164
250
164
192
164
154
162
199
4
231
11
32
221
203
183
256
2
25
58
256
243
151
208
25
59
59
146
146
2
162
95
203
97
29
164
55
164
14
154
182
58
7
144
230
206
130
17
174
59
252
2
59
84
11
144
162
84
58
11
158
88
29
213
166
17
185
43
215
75
166
128
221
32
73
205
59
25
164
2
66
95
58
2
242
40
2
150
174
146
150
33
25
24
249
25
162
252
84
59
97
104
230
115
208
58
97
30
242
205
136
63
139
139
211
89
245
222
165
58
227
187
243
88
193
180
209
140
192
135
17
235
166
174
52
195
162
176
113
221
205
194
98
95
2
195
7
214
67
158
84
112
166
197
249
231
59
206
225
133
2
66
139
255
256
193
17
229
202
197
242
186
256
162
80
166
256
146
52
249
15
60
17
25
11
59
146
195
80
78
59
150
104
7
147
243
162
192
67
32
210
166
235
144
113
194
173
75
9
182
75
36
139
235
197
84
213
194
25
222
95
221
176
113
80
31
114
224
205
143
113
139
128
164
139
204
199
95
17
249
178
95
244
193
97
87
97
80
122
221
104
2
146
146
84
197
157
251
30
143
225
208
214
221
135
204
60
185
10
186
197
69
146
146
211
197
66
166
74
135
77
75
65
130
115
210
213
11
197
181
67
80
122
253
74
199
203
256
162
40
97
170
67
59
166
43
231
162
174
67
135
146
256
95
256
141
67
138
40
243
174
94
139
253
77
206
202
55
144
139
224
33
228
139
30
52
67
210
26
83
30
210
42
128
164
29
191
153
80
187
75
193
49
120
154
40
3
187
154
49
182
67
231
135
208
125
40
162
74
228
80
206
210
216
187
205
195
253
110
214
104
256
107
206
166
205
2
176
11
137
104
55
157
208
35
171
135
217
67
115
84
240
187
49
52
3
33
167
205
253
205
154
187
72
85
91
125
54
25
191
205
167
135
217
166
22
49
173
235
67
210
83
11
49
66
17
217
233
240
169
44
99
174
104
143
60
40
29
154
75
60
222
210
192
199
39
37
30
72
219
147
217
79
67
87
230
251
256
219
22
79
35
210
240
2
213
85
181
190
77
211
171
210
205
171
213
97
190
221
30
160
72
21
99
217
151
123
133
200
99
124
203
19
210
20
128
251
199
201
54
59
42
191
181
99
219
138
67
179
29
210
147
205
117
30
67
78
99
99
33
137
211
80
76
33
137
136
144
54
217
29
195
17
191
128
24
33
2
86
124
179
218
221
174
34
138
226
231
67
218
211
220
256
143
190
33
158
139
113
4
109
141
104
17
120
29
150
179
133
98
24
29
80
9
113
135
6
112
62
29
17
182
179
24
29
113
231
121
182
169
73
109
50
2
113
133
226
91
217
194
203
193
198
2
170
138
66
7
121
11
133
206
137
221
144
75
230
49
130
42
164
234
31
241
2
30
30
120
2
239
214
244
162
75
8
31
176
222
30
153
141
65
75
52
135
199
94
181
30
104
247
75
84
17
49
191
30
95
256
254
24
91
30
2
2
182
161
125
75
72
217
256
30
228
203
203
256
238
9
217
122
179
120
30
65
133
136
237
2
17
104
99
182
243
67
191
72
159
179
191
202
67
191
7
206
157
2
241
150
30
125
253
84
203
31
24
157
237
24
227
176
99
216
99
99
159
174
99
197
99
83
199
104
30
30
99
99
65
254
99
243
7
2
9
75
177
99
255
99
99
202
99
125
239
113
125
55
113
209
30
105
164
23
230
55
194
18
99
202
125
135
81
78
194
191
20
9
84
58
191
191
191
159
