7
7
52
52
89
150
164
135
123
67
7
26
18
29
98
33
143
80
209
29
136
83
143
123
52
69
164
128
165
52
120
33
123
204
209
176
33
251
123
7
52
31
83
69
232
27
150
52
115
151
199
107
33
176
244
143
176
160
18
83
176
80
100
67
52
199
39
208
150
150
150
79
27
176
172
209
120
69
42
52
120
232
52
103
113
80
25
18
39
213
55
200
136
136
79
151
155
52
89
146
18
9
251
165
162
211
160
31
83
232
253
84
22
214
194
146
80
253
146
155
244
39
155
208
18
69
202
71
67
18
143
104
213
176
218
9
232
104
152
162
160
253
71
208
33
208
208
75
143
251
162
66
162
114
143
71
15
251
73
25
239
136
40
146
71
202
253
84
225
203
242
243
127
186
152
194
191
71
80
84
146
151
176
62
21
200
194
165
205
153
71
138
253
20
244
71
18
80
215
162
213
151
52
239
239
99
113
151
157
113
21
50
39
244
89
71
208
244
50
202
191
203
172
194
50
239
152
151
143
113
71
82
143
170
101
13
18
208
151
153
205
39
151
225
14
151
202
101
95
225
191
71
18
151
125
144
160
25
59
101
167
119
20
95
239
182
101
10
70
82
242
191
244
239
113
254
36
139
101
254
101
71
113
244
23
58
101
120
82
237
80
36
234
182
21
101
101
36
144
204
55
182
46
101
30
36
50
205
42
101
84
162
213
95
122
73
3
144
208
71
239
204
23
101
101
181
125
7
101
200
191
55
164
198
146
191
36
254
152
18
36
203
93
156
101
101
30
208
215
71
54
42
200
154
167
3
170
84
254
46
214
101
53
55
125
47
121
146
208
144
230
229
251
210
208
71
20
125
241
239
112
30
208
191
208
186
74
36
20
139
140
65
225
50
173
203
151
230
208
239
144
150
173
107
20
140
50
186
27
170
246
6
168
225
107
84
119
225
20
249
242
82
204
113
51
41
128
204
205
113
51
237
113
162
110
164
191
90
252
20
125
204
234
65
20
20
20
23
215
64
119
167
163
139
139
87
183
71
183
81
128
19
120
46
252
107
22
98
15
59
203
46
178
229
96
163
59
205
117
198
98
156
107
225
20
20
98
256
71
107
101
125
42
20
98
41
239
28
200
112
76
20
119
242
191
71
89
142
119
225
78
152
11
41
159
71
152
173
51
96
242
105
151
27
210
98
234
213
78
181
139
215
92
168
20
252
162
123
143
113
107
92
50
38
152
205
162
241
195
42
37
210
84
181
207
162
96
136
81
39
20
207
39
41
207
13
234
167
209
167
241
13
253
156
255
167
156
42
210
200
200
101
64
251
211
76
125
89
65
234
152
45
234
20
210
3
191
20
77
254
20
56
20
84
200
29
144
162
254
142
231
3
171
117
78
120
202
236
206
36
157
41
39
13
240
251
207
37
18
253
53
90
191
163
20
110
233
15
52
217
164
202
51
119
5
104
37
107
185
233
255
144
98
215
20
51
20
253
167
16
188
214
162
73
37
233
29
234
101
238
233
34
160
125
197
32
113
150
103
251
131
71
15
37
37
249
125
33
77
149
233
144
233
139
234
253
53
151
38
206
233
137
135
60
4
125
127
38
168
135
23
37
80
133
153
89
53
37
84
53
161
9
157
207
204
18
217
53
162
216
89
42
41
150
229
151
215
191
89
175
193
142
233
142
38
159
135
112
170
204
96
39
37
89
157
162
177
135
71
213
191
204
253
210
208
125
101
89
233
84
139
253
37
72
83
239
50
191
178
89
167
152
253
193
55
217
241
240
177
221
63
74
155
162
171
25
34
152
71
60
253
214
193
63
22
254
204
50
159
162
142
135
100
140
168
85
204
233
87
239
122
42
77
68
168
207
249
92
89
42
65
84
195
111
157
71
254
84
210
141
53
18
204
162
159
255
255
55
71
53
137
227
195
89
242
230
227
202
217
193
53
253
17
151
60
135
193
230
152
255
149
133
52
177
17
67
227
241
249
237
171
213
141
55
167
253
2
141
230
253
151
196
162
62
77
106
233
241
58
193
230
53
100
122
151
160
171
255
175
152
210
149
81
37
117
60
142
81
22
253
230
133
53
253
230
60
122
204
110
156
71
242
191
72
17
27
131
60
71
53
86
255
193
60
240
152
2
131
242
17
110
233
202
89
53
43
14
81
140
72
93
230
230
128
141
232
230
171
168
112
131
60
13
20
169
256
171
42
249
87
171
100
135
49
232
253
77
157
195
162
100
151
86
162
168
142
53
140
193
241
87
78
89
151
37
102
249
70
50
53
117
117
214
16
70
90
226
227
98
233
90
84
133
201
81
173
109
72
115
193
41
120
45
213
175
171
159
44
246
109
117
193
48
171
70
142
66
48
89
66
62
86
232
22
72
155
255
213
107
72
124
52
72
16
77
2
217
133
86
217
214
86
112
72
214
161
2
120
253
171
70
232
214
202
