87
96
136
164
222
222
98
14
220
220
222
164
200
75
243
146
67
220
243
29
111
128
174
143
182
205
182
168
243
164
98
87
165
67
98
67
138
104
114
128
36
87
182
62
54
135
168
194
81
104
38
114
105
14
87
168
203
243
59
113
54
130
62
188
136
111
127
243
80
88
223
154
243
66
104
135
132
62
243
92
55
50
32
112
136
36
73
37
138
11
123
128
230
83
144
182
256
182
164
243
194
235
60
187
111
166
184
65
106
28
66
127
132
208
140
102
229
13
66
166
180
36
127
188
182
171
68
137
47
102
243
208
62
114
132
124
151
107
62
180
37
17
58
55
121
128
34
144
95
34
136
132
182
10
73
204
124
188
240
240
190
17
66
34
58
65
185
137
171
28
240
141
187
230
239
231
132
26
40
243
1
63
131
241
138
226
159
11
66
229
255
243
200
137
188
187
35
50
83
216
226
144
183
151
192
243
231
188
175
216
203
208
60
129
216
58
138
58
107
172
184
136
144
185
219
204
154
216
122
70
21
217
184
141
246
200
91
132
84
154
46
254
226
150
204
141
39
256
172
122
233
102
217
228
182
211
205
26
231
128
183
87
154
14
33
217
122
217
188
154
77
216
236
130
171
148
40
131
244
70
25
33
192
40
240
157
192
151
122
248
24
231
208
77
122
136
14
83
86
93
243
190
188
24
116
64
87
89
121
60
180
231
67
102
221
141
180
59
25
208
18
33
13
124
109
67
152
242
116
211
130
224
13
88
231
71
108
97
175
103
211
56
39
137
12
97
121
131
122
185
121
121
194
149
14
135
236
214
60
228
162
134
71
131
183
39
170
42
70
170
100
42
55
122
28
171
79
98
191
33
86
200
121
124
30
78
193
114
44
255
77
215
150
121
250
135
118
171
35
208
121
171
121
62
142
170
12
143
77
184
60
255
77
194
63
185
135
14
231
104
77
45
150
207
180
63
242
203
174
235
23
55
215
214
95
86
255
135
224
66
216
131
39
253
185
255
207
88
102
253
78
188
77
180
136
44
112
242
254
235
133
5
135
255
35
106
136
148
186
226
197
121
205
148
241
109
188
196
63
149
70
241
200
163
70
218
232
95
39
142
15
245
142
150
214
63
236
180
136
249
194
136
96
90
142
44
85
112
59
126
200
107
121
241
14
89
236
114
137
255
44
256
56
126
248
208
89
137
175
133
241
41
42
75
158
89
131
142
176
230
34
136
13
15
167
180
15
43
142
243
229
236
136
114
188
42
63
15
136
112
249
202
152
204
200
109
137
102
188
237
12
116
237
207
253
79
13
190
5
33
173
97
200
137
70
95
136
161
252
2
255
104
154
104
205
243
209
130
249
135
235
156
56
161
15
20
1
165
144
32
171
2
227
240
1
171
102
125
255
203
34
44
170
40
77
131
37
60
248
237
133
168
49
75
55
62
14
168
70
151
134
70
42
217
108
230
157
29
132
108
232
131
114
227
67
46
180
249
37
230
216
250
106
19
214
132
14
19
135
49
19
70
163
161
108
163
22
78
136
228
255
227
134
30
163
151
131
131
77
252
168
151
57
137
256
109
254
137
4
88
130
155
205
163
137
52
115
220
49
24
232
137
248
20
246
35
112
40
157
163
170
68
230
112
141
205
27
43
102
138
19
15
182
158
124
142
98
163
70
15
163
142
49
207
163
246
253
116
252
138
13
131
114
132
75
79
235
70
137
137
115
85
222
227
43
186
171
107
101
125
148
38
158
158
163
135
163
249
86
70
134
163
138
188
57
70
2
209
200
115
158
193
200
150
62
30
249
110
216
109
163
30
110
255
180
163
159
227
37
37
163
197
159
181
170
157
82
8
208
132
53
117
135
70
77
159
118
62
217
44
158
190
38
158
160
75
116
180
193
77
163
77
63
183
202
205
41
158
95
192
43
19
230
41
171
63
241
228
102
178
163
133
25
137
193
15
43
245
145
134
163
203
95
145
158
163
104
105
46
215
247
104
237
180
163
5
197
15
149
19
217
52
137
158
41
192
148
63
131
158
158
106
52
157
180
193
101
92
56
228
8
116
29
156
158
158
66
90
158
62
194
70
86
77
255
171
182
63
241
158
142
15
78
48
62
168
206
63
144
207
100
70
68
163
158
14
158
14
56
144
71
173
92
139
227
5
84
100
25
148
90
163
70
15
68
144
158
171
44
6
255
5
19
136
165
97
100
68
79
163
163
198
120
158
171
53
124
150
48
197
228
215
151
163
65
3
217
246
5
171
44
10
133
114
246
120
73
124
101
178
173
185
252
31
139
157
252
163
126
70
246
218
247
197
183
60
252
238
111
159
167
197
169
93
243
15
56
222
48
147
246
4
