128
89
55
89
55
55
32
32
162
146
84
162
138
138
84
84
84
84
83
138
32
32
138
138
73
138
75
115
73
214
162
66
27
79
55
83
55
194
66
87
73
75
98
176
31
194
191
27
231
75
166
209
73
146
115
84
150
150
80
75
98
59
55
166
113
209
160
194
209
128
7
209
231
55
190
83
183
123
87
31
7
66
209
245
166
186
174
128
249
91
61
55
209
73
209
83
170
150
87
195
194
7
61
83
73
208
87
7
94
3
209
162
123
128
249
69
55
127
87
74
231
199
208
115
123
123
224
183
183
129
209
165
166
217
204
75
131
21
213
66
40
166
17
36
3
182
33
184
136
199
87
123
36
143
209
165
22
203
87
243
183
75
181
228
131
194
75
7
224
172
3
165
7
135
95
243
32
32
208
150
162
96
123
205
153
123
52
205
131
97
73
123
32
127
97
40
87
32
11
150
40
165
150
55
3
28
146
7
228
97
170
65
249
111
123
196
229
150
60
182
165
97
109
165
73
205
56
131
109
208
40
47
195
84
57
56
109
172
253
31
66
55
183
88
36
209
171
89
110
229
249
208
28
203
18
194
198
191
243
104
115
209
235
176
65
66
41
190
88
217
140
22
104
14
165
62
206
104
104
129
52
212
191
162
172
9
32
84
174
219
201
122
129
195
191
171
229
84
237
232
146
59
171
129
251
97
84
181
253
204
247
73
181
199
203
208
143
59
62
94
196
175
111
75
204
205
50
118
251
183
94
242
32
182
74
84
68
203
125
3
39
165
62
152
182
75
31
150
171
209
191
206
204
94
7
138
232
150
204
159
255
250
237
52
229
94
3
33
74
208
244
208
150
165
230
126
160
206
227
7
250
146
63
186
143
122
204
18
82
186
130
209
162
190
98
74
51
177
31
72
206
157
245
94
160
145
51
75
152
150
244
33
190
182
203
122
252
56
164
129
75
132
146
168
182
48
145
94
250
35
184
230
203
157
145
25
229
66
256
51
141
56
197
31
24
250
166
243
55
144
59
4
25
186
16
208
78
150
107
107
101
182
89
159
208
152
51
239
177
229
208
132
75
231
206
52
110
188
217
72
66
58
165
199
51
204
51
178
165
97
172
172
164
102
66
164
37
199
162
150
112
153
97
112
225
181
52
57
231
181
93
51
5
75
9
44
217
51
165
190
72
253
151
121
178
72
51
208
181
86
84
206
165
75
181
95
194
51
249
183
183
231
140
199
208
191
54
172
86
18
186
122
183
101
233
72
183
166
18
84
51
207
59
242
7
83
131
242
4
136
243
244
146
66
233
193
138
17
71
105
163
122
95
164
222
159
30
59
249
204
86
185
140
138
92
86
206
174
195
215
244
229
105
97
218
166
84
208
138
246
243
159
71
86
164
151
172
140
66
73
229
138
220
15
51
224
241
86
176
253
85
66
63
62
190
144
204
99
217
245
172
31
253
244
233
208
165
245
138
73
168
143
71
160
31
145
138
211
246
17
62
95
206
102
95
209
88
205
195
210
183
204
15
249
210
194
42
17
183
208
253
112
186
203
195
105
203
236
149
144
216
72
170
243
66
110
12
65
209
52
169
122
138
92
94
108
151
244
209
36
208
104
233
102
178
136
63
209
208
52
217
223
59
17
171
122
209
12
222
112
112
188
66
98
250
112
115
19
82
66
250
87
104
208
153
214
181
62
92
62
160
249
9
127
172
164
160
138
110
215
184
72
165
177
83
165
241
177
159
98
93
44
59
7
66
93
104
216
19
151
150
100
62
197
118
177
121
250
168
215
66
246
240
151
62
177
3
243
153
165
65
127
243
99
99
163
72
92
207
73
214
246
173
95
191
217
244
153
37
72
140
67
17
215
44
179
122
162
63
98
92
249
102
250
216
56
243
179
125
208
17
72
94
118
174
158
62
231
59
162
76
230
13
39
118
129
97
256
150
239
25
112
204
157
246
132
101
150
108
75
140
179
184
66
30
31
118
168
140
194
88
99
102
44
51
91
97
158
136
37
18
44
129
246
95
243
172
12
37
67
113
92
31
18
44
102
28
29
88
197
109
32
62
230
66
239
177
246
42
11
29
112
239
54
185
55
17
247
52
75
172
24
239
19
180
162
13
170
198
95
151
153
42
78
57
44
184
179
118
191
44
98
237
162
215
191
118
191
63
96
105
115
214
18
150
173
246
230
122
231
172
9
13
100
118
168
100
40
229
172
110
95
238
19
113
32
16
197
197
3
140
85
98
62
66
19
109
168
216
41
108
89
85
133
239
89
88
9
98
256
129
84
29
218
252
182
53
249
89
68
154
36
133
249
53
225
90
220
65
53
246
137
86
103
199
51
19
247
29
165
37
99
83
28
13
251
44
139
174
100
71
149
179
4
86
86
98
63
110
89
64
31
210
174
93
146
120
208
63
125
64
18
256
94
173
229
225
153
51
197
109
246
45
9
14
48
1
82
197
105
174
230
239
68
45
15
14
105
104
153
188
199
139
145
193
90
211
19
198
51
243
246
23
145
5
210
239
146
174
18
82
15
195
48
114
32
82
45
4
152
174
155
211
118
15
104
177
151
109
221
145
1
207
23
174
72
56
211
51
237
37
255
23
247
26
225
23
159
230
208
92
97
37
255
204
40
122
23
119
88
177
21
193
72
133
22
86
57
208
140
253
49
171
249
19
102
47
174
171
90
227
90
102
92
113
211
88
225
92
20
25
49
171
221
253
224
174
85
159
48
256
252
218
181
114
170
120
197
137
246
246
104
158
61
253
20
141
43
92
230
18
84
156
36
109
132
28
256
99
36
19
77
231
185
59
182
24
246
200
212
246
47
190
156
209
141
158
244
158
176
95
36
245
118
126
204
246
24
200
146
203
132
158
224
128
6
212
142
144
256
244
193
112
