55
55
94
220
51
55
94
170
55
51
61
165
251
250
51
126
253
18
61
229
51
204
97
51
51
129
18
51
231
83
122
44
231
51
40
231
11
231
97
250
73
123
208
89
94
204
87
97
140
198
98
112
61
65
204
199
143
75
74
145
176
204
123
144
87
151
112
87
61
204
214
231
231
83
170
229
204
98
232
61
165
32
250
199
123
112
65
216
112
66
165
112
87
98
32
115
151
143
102
113
89
204
204
123
172
87
212
209
151
113
98
160
176
250
112
208
231
178
172
204
36
54
122
112
250
204
107
32
112
141
84
204
204
112
17
165
162
112
176
204
197
204
62
112
67
106
84
112
129
32
220
67
113
220
67
212
161
129
253
127
50
61
208
81
94
112
151
62
113
113
247
199
231
147
95
49
112
83
169
121
88
177
61
140
112
112
25
51
94
204
204
18
115
98
62
67
18
94
172
87
112
66
112
107
83
199
204
112
115
112
98
151
18
96
33
145
9
190
229
208
50
112
94
112
87
51
62
50
98
112
51
112
66
51
50
107
51
112
62
199
230
213
42
62
51
5
204
112
50
62
95
50
62
62
67
204
184
50
74
62
194
62
242
62
47
162
62
89
112
129
112
197
153
174
32
23
106
129
50
204
145
50
149
21
62
204
67
253
102
48
62
87
231
126
62
231
62
115
112
244
50
50
83
62
174
61
161
98
112
48
19
153
83
94
189
140
154
99
225
22
143
194
94
56
163
62
143
50
129
143
50
62
56
62
58
252
50
112
87
112
50
90
88
243
208
66
83
62
166
62
50
231
97
112
67
94
51
50
17
128
98
190
209
51
32
62
140
147
155
50
126
252
62
50
115
50
225
2
72
147
136
199
146
151
84
129
128
231
84
23
50
112
67
94
72
50
94
199
67
50
251
155
83
140
154
197
140
251
172
61
112
155
112
62
136
128
94
112
107
243
142
4
67
58
170
192
197
62
199
50
161
256
194
62
174
161
50
62
115
161
50
61
51
243
231
72
138
244
161
50
200
161
50
248
140
243
199
83
147
56
76
50
234
50
61
240
126
243
199
172
13
3
112
50
161
254
123
205
244
212
243
96
5
216
243
9
172
161
50
254
229
112
170
213
204
19
17
105
94
231
222
172
180
126
62
172
197
92
153
129
72
148
242
161
127
243
71
54
115
71
156
127
50
180
200
19
106
216
64
62
199
172
128
148
128
234
203
222
160
254
50
144
180
243
174
200
82
126
112
16
231
129
154
172
83
105
75
225
234
23
62
28
234
51
197
170
126
254
204
50
115
3
34
182
126
142
19
65
254
145
50
94
254
153
13
51
129
211
170
243
197
51
244
175
62
160
241
253
216
254
194
153
241
256
129
172
126
174
241
244
24
147
172
234
241
55
197
216
61
89
230
168
72
123
65
147
67
234
123
142
254
129
234
234
19
150
212
128
128
62
82
123
50
144
75
171
152
209
62
94
217
112
94
62
141
54
217
98
237
209
248
16
151
125
152
152
229
254
160
207
128
97
155
129
151
150
235
149
254
190
142
138
23
203
96
36
143
178
252
209
170
253
119
243
235
50
161
120
147
235
123
23
238
92
204
161
85
143
254
200
206
186
161
98
85
161
34
239
254
94
123
152
250
203
71
126
118
36
41
149
85
152
254
234
234
161
85
189
169
85
85
194
85
62
164
85
234
189
128
151
85
24
229
171
149
44
149
148
234
50
189
110
74
179
94
204
227
198
161
129
241
190
125
4
155
27
161
85
149
171
17
85
254
76
148
217
150
184
234
26
208
12
24
178
26
163
203
190
148
148
93
137
170
209
85
153
112
82
99
188
156
12
12
12
165
41
85
106
36
148
90
19
213
214
234
186
149
165
62
126
148
161
199
83
43
178
216
234
18
189
41
106
85
122
165
133
148
189
234
26
12
214
126
61
186
85
129
20
176
18
82
142
251
62
82
94
157
90
234
252
189
59
59
98
230
176
12
3
208
44
148
92
18
214
180
189
185
34
191
199
85
153
19
147
165
169
149
234
85
152
42
6
179
200
157
18
50
57
82
26
157
191
44
243
180
42
160
243
72
161
178
97
255
133
86
176
37
99
19
12
160
185
12
180
141
132
215
104
96
21
199
99
12
9
180
196
251
215
232
104
26
112
48
191
44
82
42
115
71
242
108
43
243
26
218
12
154
234
213
165
247
38
126
96
133
163
155
10
115
221
82
32
82
153
215
125
199
254
31
90
170
178
22
85
185
119
62
225
12
218
82
42
30
218
85
180
26
26
47
185
197
241
4
34
243
99
20
218
72
21
112
74
26
218
68
17
163
26
82
241
192
30
65
148
249
28
156
15
218
218
155
235
125
79
218
148
143
15
155
155
256
149
119
185
155
155
148
244
161
171
249
155
32
12
61
115
208
155
184
141
159
155
148
218
232
168
232
74
155
85
207
241
173
21
242
124
111
155
56
19
32
74
131
79
72
163
61
218
247
219
232
176
69
155
155
196
68
69
157
48
155
210
69
184
207
12
82
218
48
163
173
26
29
213
23
66
155
185
246
184
133
12
12
111
161
48
26
184
232
36
218
149
192
181
82
213
48
110
115
232
217
72
129
238
76
155
48
184
155
189
133
82
155
111
213
133
157
26
72
13
163
184
247
189
134
218
86
155
72
202
191
155
48
69
148
134
155
184
133
57
234
45
69
42
18
12
148
42
148
245
197
72
15
163
