184
7
73
7
7
127
113
127
206
237
130
36
225
7
191
170
59
59
59
7
244
113
253
59
195
47
239
127
244
14
230
126
237
8
244
231
46
234
166
6
88
206
166
59
47
251
68
59
251
166
14
47
121
231
65
177
61
52
209
166
77
147
151
50
253
7
47
59
166
74
166
196
146
47
129
172
185
242
244
251
126
46
203
151
74
151
231
113
212
18
15
147
54
24
143
147
177
123
237
243
244
7
239
36
166
21
147
58
199
58
147
36
7
54
253
143
61
58
7
143
129
191
8
166
237
80
77
71
190
84
123
47
8
184
107
176
225
194
166
253
154
208
54
59
244
6
8
61
20
173
84
99
81
127
211
153
209
251
146
61
145
96
7
28
71
32
18
140
160
18
208
34
121
14
190
177
143
226
27
18
16
251
58
176
6
231
152
147
89
96
222
50
27
121
125
160
225
18
225
229
128
24
230
84
166
107
34
58
191
8
121
103
244
28
89
172
154
140
244
107
225
61
169
239
81
251
51
81
28
205
75
81
147
18
74
86
175
230
51
147
147
57
194
3
186
74
18
151
244
127
225
243
76
90
47
220
129
147
224
251
226
253
181
211
160
239
177
73
231
34
146
8
88
175
205
251
147
108
225
107
251
7
243
144
34
51
80
225
234
147
91
7
126
68
125
34
76
220
47
36
16
34
144
251
24
220
121
8
231
106
219
113
251
125
22
222
175
239
162
173
144
88
225
28
6
172
27
113
88
125
229
153
127
186
7
24
152
225
127
18
83
225
119
75
129
166
36
230
225
252
143
225
146
192
14
18
59
19
191
64
107
166
21
240
173
136
57
182
177
127
68
69
225
84
71
166
191
175
129
100
67
127
245
28
56
47
114
72
221
41
90
146
143
21
220
185
114
17
8
67
225
80
84
254
8
84
239
87
8
90
175
127
111
239
98
88
18
212
118
41
108
160
18
239
199
212
242
54
219
136
201
196
232
90
64
74
151
18
50
29
8
74
209
6
147
88
125
7
185
16
229
90
226
96
96
223
54
7
174
71
154
173
211
226
198
125
131
126
51
240
152
74
66
5
108
224
239
219
229
224
6
212
239
118
113
131
90
150
81
157
176
3
6
14
90
76
239
175
28
212
16
62
146
8
182
89
34
18
125
61
239
127
231
191
5
225
2
77
131
62
90
251
28
119
118
250
239
208
114
111
236
210
63
208
20
86
175
33
58
71
129
123
201
121
51
156
225
228
54
177
225
59
208
139
170
212
71
171
91
173
90
125
173
219
80
129
253
119
93
108
71
8
129
242
24
239
140
140
127
20
90
74
118
125
131
135
81
121
127
250
175
119
242
130
72
88
125
28
122
97
81
181
245
182
119
51
74
20
50
239
126
47
50
238
74
238
182
251
225
156
90
61
16
51
157
234
153
125
151
220
83
156
212
208
152
15
180
126
173
146
89
246
22
209
96
5
3
110
8
199
227
123
244
225
237
239
225
140
118
175
25
18
52
34
76
51
28
27
173
76
242
234
191
250
147
62
237
51
126
191
152
80
186
156
166
95
119
175
61
172
34
177
206
153
90
228
242
46
7
125
108
28
212
119
178
208
8
133
24
119
123
225
171
11
18
215
57
96
52
170
59
151
206
20
251
125
240
13
247
144
18
175
239
47
191
17
46
238
169
191
119
189
43
119
107
137
251
56
204
24
75
75
19
175
41
250
103
32
119
74
117
204
231
152
54
77
74
50
126
83
42
20
8
113
40
144
50
141
251
242
221
32
219
181
5
98
64
47
251
89
191
61
225
237
112
24
243
89
251
173
243
40
125
178
225
125
190
95
126
47
225
125
18
118
145
112
41
32
121
156
214
73
14
240
52
180
225
206
126
77
198
70
47
185
225
142
30
84
50
26
126
28
54
171
74
119
24
206
219
125
13
13
239
212
185
170
144
50
242
177
140
112
251
18
198
140
25
125
175
32
41
50
50
24
143
34
239
36
140
153
203
208
215
119
113
242
42
242
113
18
5
61
153
214
30
125
143
144
199
125
62
230
173
20
21
185
140
13
199
216
233
141
166
57
151
44
253
20
121
41
200
112
215
151
68
26
46
231
44
89
89
153
246
172
37
107
125
50
237
71
124
89
189
96
191
112
255
51
4
10
251
242
251
8
169
96
233
14
121
174
195
178
96
20
178
91
225
24
97
25
234
57
50
107
129
240
112
74
84
214
225
109
175
153
126
221
4
119
207
86
91
24
242
111
240
153
47
230
250
194
170
229
31
100
118
16
253
136
225
5
189
212
119
205
26
110
189
20
25
125
235
96
233
230
218
181
156
215
122
203
224
174
173
18
76
125
3
189
226
118
112
71
44
215
229
31
2
8
216
254
75
27
99
201
42
36
242
226
78
26
27
177
192
112
3
150
192
224
189
72
211
146
242
160
254
189
16
230
186
20
138
242
225
238
160
119
173
62
20
224
43
153
98
144
10
71
82
182
6
162
185
147
35
20
150
157
242
94
140
239
214
56
58
20
6
11
57
63
248
107
150
5
86
45
251
191
96
34
22
242
110
204
91
23
41
12
214
204
221
53
224
151
125
19
215
200
244
117
244
145
150
13
214
140
150
42
26
129
254
118
200
251
144
251
150
163
165
5
82
123
248
251
128
246
96
165
16
99
136
57
72
61
202
214
122
161
99
212
91
212
108
80
172
181
232
28
159
182
192
149
72
152
251
119
175
72
151
99
54
32
200
242
32
5
173
129
123
119
150
133
123
242
153
140
173
208
251
237
4
18
128
25
230
225
251
98
138
153
248
154
192
9
92
125
242
74
229
181
178
150
251
53
216
9
123
151
9
112
105
153
72
79
177
165
142
100
168
192
105
134
4
20
90
95
230
32
147
37
190
154
119
177
253
202
153
245
115
8
251
154
157
16
240
100
249
76
150
122
178
192
200
185
215
232
245
93
62
104
4
9
26
224
170
249
129
123
160
254
147
36
231
244
148
104
222
172
12
138
61
157
53
27
173
200
147
74
17
27
156
148
107
162
232
133
123
24
24
28
77
237
96
119
144
62
150
239
234
175
107
147
165
49
119
152
128
89
232
26
4
176
215
72
17
215
244
242
125
93
44
17
45
4
115
8
230
178
54
173
18
244
2
24
152
68
218
229
1
28
251
3
92
107
185
151
57
192
185
57
140
191
213
20
72
188
218
147
54
16
250
47
44
17
241
2
236
13
243
80
174
111
9
160
189
13
39
76
218
92
255
148
129
152
203
189
34
145
236
145
89
231
204
57
151
184
8
54
206
17
207
134
251
192
224
228
24
125
71
192
175
128
115
113
245
218
3
72
156
5
200
28
62
199
4
152
212
26
250
231
37
28
224
173
234
192
8
69
20
102
112
17
229
126
225
69
218
207
112
23
1
63
61
147
236
250
76
173
172
123
72
212
213
221
90
204
198
94
94
44
82
232
8
89
219
156
5
50
2
240
36
134
124
125
160
136
250
90
211
86
154
213
143
221
73
151
107
62
132
72
21
48
115
20
160
74
61
229
147
132
132
129
115
134
9
105
254
9
3
85
199
207
220
20
192
229
137
125
231
20
176
250
163
120
172
172
31
207
26
251
133
155
20
14
250
23
99
94
9
221
31
104
254
86
147
20
200
137
18
26
4
254
207
163
216
132
107
10
83
89
120
163
50
20
69
198
218
120
9
197
51
218
42
50
138
69
45
254
125
212
31
60
242
250
132
61
66
90
4
19
254
70
119
70
152
190
9
161
24
110
20
50
48
172
131
72
26
226
186
254
109
9
33
93
61
94
44
147
31
204
4
99
119
172
237
185
115
152
13
36
26
20
73
4
152
226
146
3
61
238
86
37
20
11
244
106
200
141
87
125
152
6
10
155
213
218
200
197
224
50
207
227
211
26
53
69
96
159
198
123
163
153
96
197
119
132
55
105
191
73
60
147
159
3
133
110
215
167
125
78
229
203
152
171
228
119
4
87
12
209
163
223
20
147
140
31
11
215
43
87
51
13
93
43
48
136
53
232
145
120
185
178
37
43
49
102
43
72
152
68
252
73
60
4
157
60
9
150
72
48
