208
208
106
106
208
220
204
220
105
174
174
220
94
129
208
127
105
129
174
220
112
127
112
5
51
208
94
160
94
10
6
98
145
17
17
201
98
105
160
77
94
181
112
34
177
44
77
77
17
94
89
174
34
201
88
77
222
190
79
69
181
66
114
14
94
118
84
219
75
75
219
240
237
13
171
217
118
76
135
130
126
177
150
235
97
76
76
181
237
193
34
244
94
108
250
160
13
248
13
150
114
183
246
246
237
183
235
176
54
244
193
74
148
64
14
92
75
174
64
54
59
174
201
132
47
126
64
3
1
216
110
103
92
5
98
149
122
99
106
13
174
205
134
201
237
32
79
174
204
112
15
237
185
235
114
32
92
236
5
182
180
142
205
103
246
68
127
57
201
13
132
135
219
103
75
29
76
108
181
68
132
132
15
234
246
78
219
237
64
20
241
77
1
14
63
34
55
3
174
107
181
87
20
238
181
107
174
92
236
108
93
81
79
114
20
219
171
170
60
114
244
68
74
13
177
156
211
75
79
174
47
94
180
168
108
129
187
206
184
76
251
171
237
187
103
219
132
187
182
110
103
107
235
54
212
229
17
14
138
3
238
10
201
95
34
129
236
34
13
222
109
220
171
186
129
64
55
13
227
235
156
184
34
222
5
34
8
141
92
108
219
246
222
109
129
110
109
103
171
199
229
222
98
236
13
156
235
109
12
174
83
181
102
8
182
63
6
60
67
250
250
235
90
14
250
223
183
211
222
253
174
61
79
68
13
242
99
237
237
20
236
105
246
116
142
250
172
16
89
219
223
134
115
182
129
69
183
109
185
114
174
13
5
74
20
14
5
109
3
226
9
181
83
51
132
64
182
145
45
201
229
136
182
109
64
5
47
101
103
169
101
248
217
154
46
212
210
174
136
68
95
131
222
250
250
183
132
142
171
3
212
145
130
222
248
46
219
223
250
99
38
102
136
206
235
171
164
118
55
229
188
217
201
182
46
14
41
229
201
147
14
136
76
57
182
174
224
241
90
26
205
13
132
109
27
31
201
124
192
62
236
95
108
250
241
139
203
102
219
13
124
38
27
12
141
50
18
97
78
132
60
129
118
182
127
19
69
174
47
138
138
64
20
46
78
111
255
99
47
106
97
106
92
35
101
206
216
103
182
92
41
237
250
38
145
27
46
156
222
28
238
136
135
132
57
122
201
94
192
242
90
150
250
96
246
229
192
105
219
46
210
62
75
183
69
217
165
147
192
89
14
182
44
8
217
195
211
181
15
255
78
2
116
181
248
192
38
221
127
24
222
182
94
39
30
252
38
238
99
81
117
46
190
187
28
141
156
188
225
28
141
219
244
75
41
250
54
121
38
69
252
195
13
94
13
47
236
211
47
226
151
1
100
16
172
28
150
235
153
99
1
118
185
192
16
81
14
103
156
102
69
96
96
176
132
55
43
41
1
183
96
69
180
43
15
127
3
96
36
198
129
61
187
122
187
188
31
24
28
250
231
28
46
54
60
241
242
79
180
196
222
38
187
43
210
224
75
1
154
78
94
222
160
103
144
41
100
152
26
64
154
141
245
46
132
236
46
145
236
211
94
123
96
211
195
102
229
151
235
145
137
151
182
103
24
118
198
38
24
245
34
104
2
224
99
24
144
100
146
33
15
181
121
182
196
110
217
44
174
174
96
15
118
34
134
220
37
78
28
220
114
137
88
224
41
30
203
47
31
205
14
167
199
34
47
111
154
1
138
154
141
43
96
1
108
236
238
111
60
38
16
195
81
168
116
127
34
102
8
121
201
25
24
21
195
187
115
1
93
43
145
181
50
22
244
83
180
24
196
9
244
207
180
47
204
103
65
1
147
224
200
147
122
243
97
218
8
93
60
38
28
195
193
94
182
227
83
238
130
67
187
229
41
221
47
75
21
221
78
203
14
248
141
243
59
180
189
203
221
97
226
60
226
163
229
191
158
174
145
68
81
201
33
147
10
171
19
158
36
181
171
111
158
183
47
5
158
247
77
238
99
117
76
14
243
78
201
179
14
227
138
198
75
231
74
43
227
86
98
86
109
255
81
65
59
60
141
224
227
10
212
141
141
94
212
61
226
35
230
89
181
36
81
12
218
74
190
236
3
79
81
207
151
18
64
237
240
130
189
224
4
117
135
247
18
249
100
167
96
211
246
67
34
227
43
252
223
255
255
207
190
252
151
39
60
243
96
106
196
87
14
73
227
67
43
179
152
241
186
212
108
156
179
11
190
26
83
59
230
1
149
105
73
43
11
221
160
212
87
18
201
212
87
114
94
4
79
247
246
122
114
222
90
81
34
105
222
22
183
43
90
78
241
200
43
196
1
196
11
223
231
10
172
227
30
36
47
230
181
103
216
196
247
57
26
252
43
26
64
65
225
74
1
36
207
216
231
195
30
102
247
216
47
245
230
117
227
147
86
190
249
182
192
222
112
74
102
240
245
140
11
10
28
212
245
102
198
129
198
114
43
223
55
57
216
222
65
154
182
73
222
161
28
79
35
66
78
57
108
18
213
130
66
44
179
253
79
43
152
119
238
241
207
118
91
1
156
24
104
8
212
181
160
96
86
192
256
243
198
69
189
86
227
231
100
130
256
207
126
104
67
132
90
179
26
211
129
83
221
68
218
147
30
248
119
212
256
140
13
210
5
195
219
77
241
49
14
154
225
144
161
158
28
224
225
79
114
36
108
13
124
26
218
140
104
137
222
190
18
120
195
222
223
119
172
123
158
156
196
60
29
43
179
102
192
1
68
102
187
34
166
64
120
43
256
140
199
208
190
24
245
49
68
34
200
89
207
207
74
132
53
238
222
220
115
36
248
156
131
43
36
49
48
109
69
223
240
137
226
220
126
34
218
19
211
57
36
144
218
91
130
69
89
191
18
189
132
39
223
48
81
91
117
187
190
57
161
223
43
116
243
256
223
102
190
79
4
73
115
120
226
119
226
156
149
191
77
43
103
137
147
153
247
125
60
53
60
65
105
137
102
212
156
24
194
25
61
129
191
132
207
200
120
226
102
191
156
119
235
104
28
227
240
9
64
