95
208
7
88
16
16
7
228
7
3
228
206
244
13
40
177
127
244
127
164
155
177
88
244
219
95
97
160
63
228
127
222
3
217
150
97
219
160
172
7
127
27
59
150
17
102
22
123
105
222
105
145
150
177
97
223
123
95
102
230
93
123
88
84
40
181
208
27
95
22
183
177
63
34
176
27
14
7
90
31
145
177
123
203
219
127
220
217
106
150
123
177
177
80
151
96
151
216
223
192
209
184
171
209
209
97
47
223
126
225
212
105
122
172
184
17
208
211
9
106
7
181
209
47
102
225
55
244
90
237
95
249
31
212
17
172
97
212
27
174
171
50
103
160
209
129
164
96
106
128
83
121
136
128
95
184
250
54
172
250
231
3
228
225
160
212
28
7
236
225
150
14
128
30
204
97
62
136
93
212
145
142
143
75
84
31
22
88
61
17
209
160
76
162
41
164
95
231
162
22
54
96
96
17
223
88
183
88
231
88
181
25
128
172
222
90
212
60
203
28
170
125
191
222
211
212
7
205
88
94
99
47
128
5
243
99
83
236
235
52
88
7
251
162
97
66
206
251
53
202
183
245
106
131
237
105
66
147
194
76
222
136
154
42
8
145
36
145
14
40
178
245
136
5
87
195
251
90
222
195
94
95
209
42
66
242
172
184
171
77
17
42
105
175
15
206
15
36
75
83
153
237
77
90
211
222
209
15
235
145
183
87
136
95
145
31
252
82
10
248
128
154
116
15
87
180
170
96
160
177
191
75
136
130
256
227
90
112
121
66
15
50
50
251
37
74
150
112
31
203
92
145
190
158
190
15
36
217
123
221
248
128
212
87
130
131
225
128
183
75
14
138
170
81
162
60
195
95
75
106
74
90
181
187
175
87
192
251
250
164
144
149
251
212
121
237
245
196
175
250
83
75
54
180
228
87
107
93
88
249
150
248
240
160
128
114
25
55
93
27
167
75
248
42
7
225
42
180
8
143
54
190
165
208
112
30
206
47
217
41
202
231
150
88
95
202
92
183
147
225
226
146
37
187
8
97
77
244
150
231
41
215
241
243
249
248
136
8
71
37
51
184
36
61
143
236
7
194
121
51
106
208
136
66
226
36
173
75
211
54
128
8
32
37
97
15
138
106
235
235
220
82
77
222
58
7
27
250
71
252
112
231
162
98
208
245
248
141
187
222
189
202
79
27
76
17
122
10
143
211
149
90
29
97
138
184
205
181
30
149
97
208
180
64
228
16
206
130
223
190
249
22
231
195
71
171
17
31
249
88
15
245
228
97
220
23
243
239
180
27
62
250
103
191
29
185
145
248
240
108
74
190
251
106
127
4
249
3
106
154
77
195
243
67
173
156
138
200
217
165
122
141
249
215
130
172
84
2
146
127
228
236
139
66
236
201
186
5
165
70
18
251
105
181
2
182
5
112
211
238
17
150
211
119
184
191
190
98
3
88
123
225
52
256
27
239
221
129
54
92
27
219
27
110
121
228
231
222
212
226
217
70
87
151
220
248
181
181
225
251
88
147
150
222
202
181
250
61
75
7
176
252
5
145
143
129
211
15
144
226
160
77
143
178
115
223
75
41
114
249
130
237
222
232
125
5
172
226
66
105
204
87
24
52
175
190
175
66
149
89
94
94
217
206
129
183
83
27
194
75
106
151
46
250
130
121
70
59
17
71
182
55
184
75
224
151
27
217
12
117
46
165
250
147
175
211
75
59
11
118
183
208
252
226
143
63
141
27
137
168
220
55
203
32
19
177
17
75
59
150
50
156
184
85
57
182
87
18
217
95
255
95
110
15
217
135
184
232
24
215
182
228
3
75
133
140
172
189
59
95
19
4
98
211
92
249
225
204
219
190
97
222
17
248
110
76
184
175
54
228
223
178
8
42
198
130
73
34
225
76
21
130
138
249
55
15
29
28
237
23
84
254
116
105
17
133
125
184
54
64
83
217
51
231
225
2
55
95
15
75
237
124
34
185
200
225
239
76
85
8
202
65
115
151
75
19
235
115
75
8
177
184
201
233
85
130
74
75
24
15
256
145
121
10
177
222
219
15
50
24
64
140
81
231
70
200
94
32
130
254
16
181
135
63
166
141
238
110
254
224
225
193
173
55
88
73
73
208
141
184
75
251
136
18
209
200
123
181
2
143
167
31
230
175
8
54
112
180
216
11
71
216
156
106
114
202
209
43
74
134
29
28
224
3
254
35
175
15
198
17
7
8
17
16
162
125
87
127
124
198
217
27
231
158
125
153
42
242
129
110
133
95
8
225
75
182
172
110
145
224
75
88
15
154
41
75
110
88
125
108
114
217
171
76
74
246
75
172
222
18
237
246
160
217
212
19
124
214
122
181
11
116
84
243
100
28
36
96
214
27
157
158
218
138
209
158
75
95
124
62
111
106
239
110
87
222
178
200
160
84
30
201
192
209
182
176
30
89
27
18
72
182
232
121
86
153
54
167
84
84
109
163
12
84
160
139
239
208
129
8
242
74
174
232
25
75
235
49
130
13
103
95
209
75
189
123
74
201
235
116
146
251
190
77
54
110
124
182
246
106
145
212
21
125
51
19
15
92
165
74
71
38
239
44
76
3
165
200
222
212
137
254
133
209
228
232
49
147
133
212
225
212
174
43
23
90
15
153
30
4
133
172
225
98
21
219
85
245
202
124
42
193
88
256
133
207
174
243
133
77
151
43
79
209
227
222
189
158
214
8
5
191
17
191
6
242
50
239
92
217
29
16
222
234
27
224
123
8
253
42
15
153
77
239
25
162
111
38
44
154
215
203
254
22
42
178
232
138
239
217
71
82
38
124
153
222
216
236
133
53
112
141
27
163
127
85
21
208
147
189
34
124
219
181
83
168
189
134
133
121
174
112
192
77
183
50
207
239
97
64
66
217
232
50
136
102
90
38
136
182
140
90
89
183
182
109
251
95
246
4
212
125
75
169
55
76
254
43
143
4
20
237
123
129
75
153
55
187
177
252
34
151
55
55
60
248
227
119
6
78
246
112
120
140
134
38
112
184
216
72
174
189
137
141
34
79
28
14
40
138
182
55
207
136
73
49
114
235
42
256
133
168
174
27
150
226
238
216
72
38
218
129
199
197
241
42
4
127
74
5
85
34
208
232
202
154
25
171
138
34
178
133
109
55
31
140
108
123
133
34
127
141
200
38
51
3
57
187
101
57
162
24
4
106
101
168
34
188
20
120
246
109
74
38
170
170
14
116
43
20
18
202
126
85
227
241
242
83
248
182
200
247
227
72
153
63
178
127
153
200
99
123
216
112
56
234
38
102
161
33
133
56
141
192
153
44
218
37
116
249
133
173
52
224
184
77
224
28
209
140
248
126
102
158
108
76
215
65
30
4
243
255
76
16
38
105
173
187
117
249
101
128
169
173
79
232
226
108
192
79
153
162
212
128
184
44
16
200
90
117
160
243
153
25
133
104
34
78
131
182
140
53
246
122
157
224
72
128
212
74
249
110
212
15
246
134
251
161
159
122
212
39
79
200
53
126
227
246
159
55
171
14
224
107
228
222
32
246
8
38
249
20
79
86
209
79
168
133
71
182
227
114
86
5
192
222
64
127
215
20
132
107
77
42
227
178
124
53
107
78
242
84
122
75
32
47
55
246
124
133
21
56
75
84
227
113
11
134
227
53
251
108
112
194
251
114
79
163
248
122
190
151
114
69
234
158
34
107
175
165
200
222
200
85
16
63
123
217
137
23
137
92
84
138
128
98
128
202
168
198
232
62
55
232
173
215
200
112
144
199
116
198
131
128
224
246
174
177
122
43
4
123
133
219
154
204
141
15
162
49
198
54
137
256
43
185
44
202
43
42
182
168
158
140
246
207
86
110
101
30
197
191
184
133
63
128
248
84
182
141
75
157
123
43
246
130
200
34
154
72
63
18
63
124
133
82
159
26
75
44
157
4
188
158
17
63
94
115
15
30
215
35
203
241
95
88
105
189
191
227
248
198
159
246
15
148
234
196
70
133
124
95
224
154
235
125
69
63
133
4
216
197
191
94
130
149
124
243
163
32
46
122
77
173
120
185
185
140
10
133
