123
87
126
96
123
59
126
126
242
194
7
47
126
219
123
127
127
29
127
34
165
223
160
36
29
231
160
83
118
103
160
67
160
1
126
67
180
87
160
188
59
191
7
212
98
79
123
95
76
40
111
135
98
29
171
10
8
150
191
9
88
138
171
7
182
219
7
171
59
196
143
177
141
177
98
92
6
175
8
171
79
5
129
107
90
8
89
89
156
156
182
6
151
16
183
98
151
136
89
92
40
250
40
222
191
125
97
229
156
6
231
201
183
94
47
76
123
94
44
36
137
175
171
16
107
123
201
113
10
146
156
12
89
189
191
98
196
154
47
156
220
200
150
231
77
189
172
38
231
196
231
156
191
6
120
64
156
231
250
156
196
123
131
63
169
236
250
189
154
136
63
120
80
250
145
33
139
92
212
158
231
14
6
156
14
196
146
51
59
127
94
250
249
70
114
32
217
28
170
218
77
50
179
89
6
116
238
192
201
105
217
175
191
96
79
5
110
94
122
118
136
79
12
86
105
10
197
57
194
250
124
109
178
256
14
171
36
21
123
230
248
44
35
111
189
244
256
141
14
117
147
28
191
54
63
14
55
219
192
10
77
156
238
14
78
77
124
14
249
124
122
210
176
79
254
156
70
101
189
67
208
25
192
165
135
237
109
160
77
239
2
124
13
238
107
110
63
79
238
14
254
63
248
2
121
146
196
235
141
54
94
86
28
254
70
177
41
38
52
44
28
134
92
86
94
136
136
186
77
86
114
26
53
106
251
123
208
20
192
192
14
92
38
238
14
219
136
248
104
171
240
158
107
246
192
117
201
217
256
149
237
238
63
128
3
114
59
136
136
196
141
145
189
253
77
186
193
193
238
59
141
201
97
25
88
187
239
136
151
238
192
54
141
253
106
184
92
172
228
201
226
196
10
189
186
131
25
226
178
79
10
208
196
39
10
151
69
33
200
187
6
201
34
240
203
229
96
195
219
150
200
79
151
35
35
141
235
77
119
230
6
10
184
141
110
90
35
52
131
77
77
77
168
169
57
248
163
92
106
63
94
219
200
70
156
91
53
252
106
230
153
239
219
129
3
76
95
19
248
110
209
184
200
173
124
141
159
14
256
253
248
142
30
4
49
47
252
141
187
8
35
242
178
192
228
77
131
77
89
241
126
192
171
238
192
212
236
256
110
35
15
82
176
8
86
228
154
219
208
227
95
219
101
242
100
252
12
226
44
255
170
33
64
236
20
77
86
13
237
191
158
241
230
114
69
252
195
74
70
255
64
129
248
131
35
176
79
91
207
114
13
79
12
110
184
76
249
131
35
147
10
192
196
242
230
141
17
89
185
184
197
101
256
252
56
128
96
108
134
236
141
226
219
220
196
60
77
57
174
79
77
164
20
240
196
94
226
25
114
13
13
70
201
235
79
228
252
252
35
222
248
133
219
242
12
157
226
77
63
105
127
69
241
105
247
30
224
170
149
220
70
83
53
137
195
230
186
196
2
187
227
10
94
10
240
192
229
241
46
147
136
128
164
249
192
220
227
139
117
37
146
35
37
88
196
25
86
76
207
97
136
176
15
196
106
35
175
177
228
199
77
181
190
157
145
1
60
170
12
187
137
147
117
159
117
247
63
220
111
249
136
79
255
93
69
1
48
5
75
246
201
241
256
199
196
106
48
14
228
196
105
106
131
222
221
108
60
110
114
207
248
35
131
64
77
256
195
176
219
32
154
60
105
120
256
147
187
134
187
226
35
253
53
46
73
216
203
131
220
157
124
77
86
134
197
216
159
32
52
245
20
102
207
11
64
237
114
195
196
44
10
197
70
189
189
196
101
11
187
114
134
161
178
124
196
70
1
247
81
147
100
42
64
103
134
30
75
179
63
64
100
197
192
248
170
196
94
203
252
235
98
179
184
238
137
112
52
166
223
249
178
116
160
10
235
237
14
12
117
25
193
14
216
214
26
197
192
248
149
14
42
131
73
124
219
79
79
212
102
235
236
77
192
106
57
248
11
192
85
214
12
35
77
157
117
235
103
38
136
111
14
25
69
201
255
220
12
158
134
10
12
240
199
176
14
78
158
212
103
25
64
72
216
189
19
196
216
145
43
187
102
157
134
45
32
189
219
111
169
117
25
88
195
226
236
238
219
240
210
134
214
39
10
184
180
25
10
131
256
34
99
11
117
250
27
170
116
111
64
10
61
30
33
86
115
216
114
126
121
161
126
102
8
20
39
85
196
240
115
230
21
14
192
124
137
114
26
42
190
133
12
69
82
30
189
196
252
86
69
214
77
226
149
117
79
238
189
14
73
219
186
115
216
11
111
214
13
20
79
134
117
207
20
238
117
85
218
43
189
69
86
