65
181
162
30
97
71
176
181
205
186
97
97
118
184
71
114
6
114
209
209
75
62
135
75
7
97
177
7
59
177
135
75
205
62
91
123
184
249
123
123
79
59
143
123
135
119
83
59
132
143
54
226
177
21
6
177
118
29
67
184
182
123
184
187
44
143
95
206
67
106
54
242
35
54
217
217
8
54
59
177
178
118
172
6
51
101
51
185
83
54
113
6
101
225
95
182
254
156
54
180
102
78
123
178
123
4
129
62
94
61
217
81
47
195
94
248
95
217
85
98
187
34
129
251
51
217
141
59
6
51
147
96
206
177
38
6
6
5
183
6
126
63
92
4
114
37
183
123
206
79
34
95
177
177
132
200
98
217
147
57
152
105
62
46
217
201
180
247
84
14
126
95
151
248
120
127
222
107
123
222
136
217
7
147
5
241
177
127
2
27
9
9
107
226
177
46
26
177
57
226
192
46
229
178
132
89
229
6
62
101
54
115
142
115
54
175
107
65
222
118
132
118
182
4
54
195
118
62
245
2
129
175
6
54
201
179
75
182
16
46
208
42
87
6
31
36
92
154
15
36
249
98
173
94
171
145
37
5
151
81
162
95
201
25
118
175
92
16
65
177
229
206
90
50
248
134
43
239
79
217
181
167
38
65
79
182
108
6
175
217
46
9
222
171
95
188
92
138
181
118
119
9
92
210
244
171
254
154
246
88
203
9
111
105
46
126
216
116
38
211
50
5
9
119
168
38
38
25
137
192
90
97
236
12
231
6
149
111
65
50
244
156
9
188
156
9
188
208
61
245
19
38
219
71
246
180
132
98
61
46
251
204
198
109
92
152
175
248
171
168
101
16
245
8
134
93
92
192
229
188
235
231
252
119
112
64
190
217
156
206
97
46
47
170
28
90
54
100
61
173
85
8
99
188
171
152
243
14
20
138
224
251
37
120
38
248
254
137
147
90
101
28
38
112
95
28
60
107
103
54
227
83
171
19
116
108
50
92
168
34
168
125
6
197
112
217
28
24
212
195
28
99
226
171
101
154
229
61
28
47
141
75
8
119
174
152
254
244
167
90
40
254
230
219
141
150
190
122
87
175
14
112
107
241
156
9
138
67
61
9
122
156
88
50
150
21
252
8
188
46
116
116
244
188
33
57
87
107
213
245
206
107
200
5
96
138
58
72
92
37
129
168
92
92
99
137
152
156
134
241
144
61
20
112
36
24
113
98
217
156
113
5
22
24
186
152
134
152
113
125
14
205
35
24
205
253
30
205
132
171
200
142
188
180
37
92
36
156
41
13
90
188
200
47
239
14
57
200
78
68
78
8
37
188
116
227
17
176
6
233
120
43
119
113
188
33
201
30
254
200
83
241
120
227
119
229
201
36
36
156
135
122
152
200
216
254
87
36
254
176
83
67
188
67
188
132
6
24
224
217
188
119
188
166
253
138
5
185
9
225
200
180
120
229
13
107
122
107
244
99
254
188
8
224
230
36
5
9
30
160
36
171
30
192
126
188
188
188
100
62
188
125
188
66
102
2
112
171
59
154
246
119
80
212
156
167
193
238
188
254
83
59
188
188
190
188
68
103
229
192
14
65
162
188
120
156
224
188
201
244
68
199
188
156
92
3
36
187
2
132
68
200
156
212
254
120
2
3
188
202
217
185
215
224
206
135
4
156
152
14
96
249
22
78
254
4
234
176
108
93
205
9
201
254
53
249
68
194
2
200
60
241
4
188
49
78
205
53
1
92
144
125
224
249
156
47
224
185
33
187
14
197
43
11
244
111
191
9
70
224
104
23
23
216
21
207
246
132
