186
223
140
140
223
251
223
242
51
242
251
219
210
61
172
66
238
54
123
199
26
28
102
26
204
196
28
153
51
38
196
132
223
34
28
91
127
219
223
94
51
69
199
10
102
220
237
123
132
26
140
172
201
123
219
83
69
114
120
172
51
147
189
132
83
116
134
94
172
196
10
80
172
219
176
69
123
61
172
114
34
219
127
105
123
69
105
28
240
14
14
90
116
237
81
192
177
123
79
94
161
61
40
84
83
164
94
207
34
181
162
34
167
106
116
132
10
59
51
64
127
172
172
123
28
161
177
147
69
51
96
171
98
96
28
206
201
120
129
60
106
81
124
38
199
199
100
34
114
10
206
206
10
208
34
51
105
177
51
187
69
79
106
127
240
187
181
114
33
79
14
164
96
69
51
141
106
127
3
102
227
14
128
164
28
120
184
205
66
17
222
141
69
217
96
43
5
205
223
3
231
95
190
231
235
207
106
92
111
177
244
181
11
222
123
65
223
61
177
128
123
182
172
120
123
129
18
172
222
123
87
170
48
132
96
57
137
61
105
94
65
49
110
231
244
109
128
51
223
187
76
94
51
120
18
177
196
65
51
129
166
83
129
217
87
17
105
1
54
229
31
211
205
123
95
36
95
149
205
129
181
109
51
123
122
69
10
69
28
172
194
136
114
199
105
8
123
149
106
109
253
235
57
118
105
147
253
28
17
130
174
182
217
246
189
245
38
101
106
250
106
136
123
211
106
51
109
76
94
154
217
91
141
201
248
61
5
105
222
178
189
243
147
129
220
83
174
91
120
38
102
51
131
181
67
57
228
109
250
91
94
89
166
3
250
101
245
181
172
174
143
181
83
178
166
150
61
122
121
83
189
44
6
245
87
87
83
172
109
226
6
226
104
207
37
154
105
14
217
178
84
250
247
128
67
127
247
86
31
89
62
207
126
195
235
205
253
54
189
98
106
204
177
189
87
211
54
114
178
183
94
168
54
199
226
182
114
115
223
145
21
160
69
205
204
37
64
109
4
169
21
110
129
213
6
211
216
114
109
87
21
88
245
6
103
137
235
111
203
67
6
255
109
214
109
145
50
220
102
84
68
87
172
230
30
34
83
147
181
235
94
199
109
28
230
181
111
172
14
57
150
75
86
132
54
83
241
6
167
205
17
226
109
4
114
192
37
109
57
52
250
109
139
134
67
228
54
241
38
54
144
171
109
75
212
129
49
205
65
7
165
182
239
129
168
118
217
246
17
183
200
187
49
183
43
245
245
58
94
133
105
98
9
227
211
168
46
185
231
21
84
190
92
237
73
150
147
77
94
120
68
127
239
11
245
94
163
58
171
250
114
38
241
38
58
187
163
24
174
197
171
5
4
205
227
67
227
181
111
81
133
77
242
226
47
28
106
58
81
153
24
244
18
237
37
101
247
88
197
81
168
254
201
61
98
51
84
43
17
111
28
237
219
146
54
50
97
167
6
114
212
90
253
3
211
58
7
194
108
43
173
206
246
19
105
171
122
145
13
111
33
139
111
14
227
212
172
169
179
92
46
216
37
150
6
168
129
52
246
179
127
193
181
123
245
129
93
122
205
168
253
192
221
238
207
102
67
26
61
188
82
182
150
188
112
28
168
110
134
94
134
139
145
87
231
147
84
147
28
182
199
154
122
98
38
243
235
132
33
242
187
122
118
120
209
101
154
114
206
111
182
185
67
41
184
93
101
160
97
126
58
28
205
248
28
77
120
207
145
165
114
94
171
210
221
145
77
256
194
3
37
61
119
163
144
210
127
221
103
179
101
114
109
32
85
68
98
169
237
249
168
132
226
120
178
145
154
17
246
79
21
75
189
17
19
64
187
87
206
81
89
52
14
246
201
61
187
144
27
112
179
224
182
53
236
235
118
135
98
183
85
63
238
38
171
28
241
227
171
236
81
220
63
184
84
28
28
121
109
97
109
237
211
205
13
69
76
54
162
76
108
182
127
198
60
211
221
65
247
187
244
97
61
211
62
4
141
147
243
238
82
11
238
68
27
142
118
206
212
61
194
13
114
247
198
235
17
228
181
26
15
167
69
181
90
201
112
204
91
110
116
54
238
76
241
88
221
88
198
186
67
100
90
46
242
131
114
252
231
30
64
26
187
76
3
252
182
14
250
183
109
142
154
19
254
136
196
193
175
13
181
169
30
107
5
54
218
104
61
227
2
250
239
94
237
147
19
21
26
59
25
37
192
91
249
111
174
27
182
58
169
134
77
93
246
28
158
217
130
235
211
38
223
237
64
244
6
52
111
169
224
245
28
64
220
245
198
141
106
122
69
133
133
13
249
66
178
130
132
228
28
250
217
136
156
123
35
53
38
184
183
41
103
104
231
124
101
250
166
37
180
77
190
188
51
105
226
101
169
149
43
190
199
222
34
13
90
68
130
179
246
64
106
107
106
238
170
96
61
2
220
9
28
61
250
136
246
63
85
88
126
147
141
124
37
189
2
196
249
21
237
196
207
161
14
199
108
192
36
122
248
203
154
83
81
19
189
190
69
181
164
169
107
211
190
63
96
207
219
217
56
122
133
252
34
244
235
43
241
237
194
90
134
64
107
238
221
8
205
4
230
37
58
21
147
10
169
105
255
114
32
169
126
83
34
222
173
131
77
84
238
218
15
75
230
205
178
35
206
102
89
4
236
120
10
137
6
201
75
137
170
131
68
77
147
105
93
28
204
245
67
52
97
129
199
125
101
104
171
187
212
148
36
64
250
14
230
252
96
1
13
79
166
135
63
190
51
67
11
96
219
64
168
55
88
180
101
246
94
192
123
181
201
4
101
146
64
96
235
201
41
57
121
57
61
131
62
4
199
222
216
220
145
232
88
219
32
181
11
34
235
168
112
24
9
22
211
33
245
19
145
238
247
111
106
133
194
111
191
3
57
28
145
14
147
203
238
75
78
217
221
58
175
102
85
34
115
78
10
119
43
96
13
56
91
211
97
235
192
65
93
204
106
47
196
154
64
93
131
227
109
169
109
124
34
202
24
85
180
222
135
34
168
235
13
96
220
74
147
9
108
40
5
132
40
169
105
66
250
226
14
103
19
175
68
219
14
153
211
105
46
103
71
105
219
69
126
77
104
244
205
146
158
192
196
170
192
167
187
68
46
158
29
47
173
91
238
85
248
244
172
178
71
221
105
11
226
228
255
202
6
222
203
220
19
34
69
158
13
135
153
214
64
31
190
88
158
102
221
32
193
94
92
10
28
69
224
187
78
38
201
52
240
41
125
199
145
238
3
45
218
77
132
68
126
197
35
68
189
202
222
138
25
140
53
122
61
74
198
175
6
108
183
61
103
10
189
223
249
222
170
164
81
139
76
73
61
203
44
69
248
46
120
210
125
175
128
124
247
109
154
175
153
109
1
82
10
175
168
252
38
228
251
156
233
180
160
214
94
144
1
77
1
33
109
61
204
105
37
228
236
154
147
85
140
31
62
109
128
178
1
188
178
218
65
124
10
102
2
210
33
38
26
252
219
200
57
85
10
120
200
231
127
66
146
244
14
256
35
50
144
77
52
10
192
111
34
26
186
96
11
35
102
105
85
238
42
176
122
163
127
219
146
10
89
186
51
61
93
186
238
189
134
10
85
69
26
14
61
174
256
232
196
240
146
36
161
238
188
169
137
217
64
219
187
127
38
10
26
224
221
105
138
210
255
186
222
237
144
248
2
31
138
201
119
11
170
184
69
23
185
64
256
100
249
57
76
179
63
142
36
103
43
183
161
199
58
34
100
200
33
223
102
43
35
207
64
142
256
186
134
42
52
221
81
188
102
169
35
219
256
256
81
