194
162
205
7
194
165
29
73
180
75
230
78
3
98
140
153
162
66
73
42
251
125
87
107
210
29
184
157
194
194
202
31
55
174
153
59
151
55
165
182
222
182
125
244
107
84
174
205
162
151
33
71
169
205
169
209
243
87
236
95
80
151
20
36
222
20
205
244
59
67
178
31
109
58
165
243
174
256
130
176
42
151
191
125
197
98
27
33
146
169
56
153
169
160
208
27
174
180
84
185
42
165
165
199
239
162
52
186
74
42
66
202
178
114
243
147
160
252
205
62
249
13
84
104
66
115
190
62
121
202
226
17
143
174
157
42
42
235
97
191
86
222
8
104
192
58
244
80
208
84
143
17
62
17
222
165
244
243
174
17
74
251
8
190
59
11
74
59
230
143
172
249
78
97
36
17
114
17
184
157
78
80
17
157
187
90
77
202
66
202
172
67
82
58
219
146
52
206
28
236
172
59
256
160
123
17
59
151
157
78
20
191
125
249
17
203
230
140
176
217
77
191
125
243
136
172
211
140
52
121
107
185
67
56
56
140
164
26
33
17
195
241
179
8
84
74
1
177
235
67
192
84
256
240
153
191
59
226
256
172
157
217
196
223
161
199
170
231
231
36
106
165
28
112
28
242
107
136
56
95
165
12
205
64
31
107
252
31
42
21
194
8
32
185
59
153
164
17
140
231
63
153
252
205
78
121
143
182
183
77
13
194
135
11
182
185
85
217
46
25
22
170
88
154
10
132
59
88
13
30
66
21
235
65
191
66
164
59
74
175
178
56
30
66
57
250
217
111
115
202
89
256
140
170
17
235
192
59
169
17
49
33
166
26
98
164
174
252
170
109
240
138
230
134
150
210
104
86
167
130
115
202
202
13
26
205
202
157
104
46
177
203
79
74
169
157
6
42
84
64
17
256
232
249
107
28
138
8
86
96
237
33
56
221
59
177
236
56
250
204
78
127
27
192
115
215
228
157
206
121
89
153
56
114
31
199
85
217
198
172
123
83
252
157
77
129
73
118
89
31
172
80
208
189
25
249
129
149
32
256
185
250
172
238
231
127
50
195
8
76
100
31
120
102
15
172
192
250
26
60
95
35
223
76
171
189
201
41
202
107
177
152
85
222
190
136
240
172
99
256
151
111
169
110
31
199
146
13
234
127
240
225
248
154
15
122
95
249
111
181
56
191
169
27
20
163
108
121
190
237
117
194
169
210
140
203
116
27
26
106
191
114
131
56
176
230
161
131
140
206
114
244
223
141
159
19
56
226
98
236
74
61
102
145
176
95
172
226
24
81
133
72
34
123
135
228
154
208
80
172
191
226
136
235
108
149
20
185
202
85
25
165
85
225
171
191
20
93
178
163
206
136
74
169
82
250
56
193
159
178
58
99
23
100
121
237
110
211
226
10
81
144
136
180
180
222
121
189
185
123
146
86
82
202
150
222
187
222
219
72
248
65
255
20
119
153
59
240
226
61
189
15
95
213
144
117
134
148
169
181
85
228
169
181
71
13
184
227
154
71
103
56
93
3
55
217
157
88
111
64
86
99
149
110
180
81
228
252
213
170
144
176
202
157
65
89
111
95
121
85
184
33
110
190
81
48
108
169
70
39
56
159
15
145
20
249
101
169
239
224
20
76
249
82
174
228
199
12
131
154
114
206
169
130
56
145
69
31
16
170
34
150
174
157
157
21
243
12
254
256
88
26
157
180
97
222
64
203
237
110
215
108
122
185
130
210
202
181
240
213
23
214
85
111
169
72
14
225
34
216
242
203
137
30
191
224
42
116
202
110
80
189
222
219
56
50
24
11
191
222
245
111
92
159
56
185
75
101
238
72
20
149
202
5
230
98
239
221
140
249
91
199
157
136
20
252
134
14
80
180
105
64
146
237
169
89
251
144
226
84
2
229
157
190
22
20
47
77
13
8
167
197
85
86
85
56
161
89
251
138
82
209
125
87
78
178
235
69
83
194
215
31
13
214
239
35
238
111
15
234
111
224
46
83
110
221
81
93
121
242
228
170
108
89
3
49
185
85
111
92
136
91
217
236
13
72
52
89
83
169
103
251
45
256
225
203
192
153
214
89
157
69
144
19
37
168
5
190
21
14
74
31
72
52
225
85
20
178
202
125
234
220
20
175
88
96
103
85
112
186
102
57
202
121
235
192
195
85
50
56
89
181
86
191
106
239
221
238
154
154
22
19
192
72
147
56
230
144
114
22
22
193
104
157
251
99
72
162
25
23
75
220
146
28
53
72
133
147
31
180
48
157
89
111
159
13
118
231
245
90
153
227
125
157
80
181
195
61
56
190
191
61
45
172
237
144
69
72
153
161
248
253
196
121
22
50
192
21
114
91
49
248
86
170
155
16
123
123
166
106
83
202
248
95
145
89
251
202
197
132
32
149
236
8
183
256
183
212
125
245
78
111
110
13
145
20
122
202
153
191
23
30
195
105
123
10
228
159
159
34
72
16
248
216
50
205
214
169
251
231
22
72
208
23
73
89
51
23
83
155
203
157
170
42
170
98
231
245
254
157
79
256
110
125
251
125
34
13
87
185
228
62
52
61
157
253
62
138
112
140
72
22
107
77
163
76
237
83
202
51
7
104
120
33
157
154
202
23
46
83
150
126
45
102
61
106
57
175
5
251
244
149
160
16
46
92
52
209
32
86
83
74
161
16
112
157
93
125
35
133
111
146
124
50
190
52
213
241
111
159
169
46
160
256
145
8
140
32
253
95
23
31
203
170
138
180
64
201
64
140
132
208
192
125
240
190
213
248
155
87
214
202
64
143
72
202
205
44
72
166
52
186
149
157
186
212
150
205
219
236
84
125
208
157
157
249
204
116
238
202
212
125
202
231
23
249
164
64
99
202
203
231
201
49
37
157
166
87
42
157
18
153
160
237
117
215
13
19
52
98
127
48
22
246
190
201
98
159
98
129
175
159
199
248
5
140
219
26
248
165
111
219
125
163
253
112
124
205
256
161
201
238
151
49
194
95
175
163
219
214
50
189
50
138
157
256
23
26
52
159
105
133
18
197
202
159
138
22
49
232
163
161
202
238
190
253
159
160
26
174
244
12
231
11
240
222
161
199
116
230
179
146
174
90
36
27
246
33
91
158
189
145
159
161
242
23
148
186
188
12
162
157
126
15
41
52
232
190
4
157
232
202
236
82
230
172
115
90
166
65
204
52
28
201
204
55
230
177
163
74
49
146
19
110
49
26
52
45
230
73
94
120
221
36
65
159
111
161
8
31
99
31
157
64
250
146
82
242
202
142
49
214
11
122
76
5
83
203
121
28
146
157
50
66
253
87
74
253
111
161
202
196
39
127
23
49
216
45
4
237
76
72
156
243
83
237
145
157
82
159
214
53
24
243
170
252
138
223
200
112
133
157
50
105
18
253
202
115
107
214
23
87
165
72
23
232
172
116
100
53
77
155
110
139
52
116
161
204
46
50
214
82
159
52
159
256
159
219
153
16
153
197
35
202
157
146
91
213
253
18
145
221
133
231
49
151
201
238
72
111
25
96
206
169
125
136
64
11
21
157
186
219
133
245
49
89
87
115
104
145
10
115
213
76
161
155
61
205
160
104
157
47
214
58
144
241
34
204
221
191
202
199
236
26
202
138
157
155
148
91
215
189
194
253
157
202
151
159
201
72
61
231
214
161
111
221
36
54
76
149
148
76
159
232
89
111
25
247
155
72
208
56
35
49
157
32
253
133
27
45
148
161
240
150
4
159
253
170
170
239
213
240
102
62
253
89
215
213
26
42
46
12
56
72
208
197
45
180
133
215
33
56
52
176
133
82
52
202
116
23
153
45
8
244
76
89
34
192
115
103
90
161
202
72
172
153
106
91
134
238
158
83
144
170
122
72
169
49
221
116
161
22
89
163
235
125
107
49
253
157
25
247
214
204
138
110
157
46
5
142
27
56
153
21
26
72
174
215
190
45
56
155
202
75
72
149
116
155
142
72
44
157
56
163
56
157
72
253
22
26
115
65
4
161
115
117
199
26
25
48
221
185
163
238
161
221
107
158
128
161
192
50
199
116
98
213
148
201
102
198
42
142
157
23
253
213
159
120
8
159
81
159
238
214
149
34
159
200
170
98
159
31
133
155
85
247
253
48
20
149
56
204
110
57
12
104
169
161
190
248
122
202
26
20
155
157
26
115
76
157
102
248
56
115
163
56
56
204
159
49
133
45
155
213
56
130
200
213
48
26
117
23
76
159
126
221
213
218
148
45
232
256
159
26
86
82
115
56
202
45
170
228
201
202
200
155
159
68
23
159
197
72
155
214
198
56
74
45
153
155
155
198
159
72
48
148
45
159
213
72
157
45
159
238
20
115
86
155
86
12
155
87
134
74
57
155
56
214
148
159
159
155
134
155
78
252
139
159
13
214
45
14
48
155
63
161
29
213
157
198
45
56
159
157
102
161
45
197
155
157
159
155
159
149
155
56
159
157
155
159
155
