80
74
74
74
74
80
162
175
74
110
14
34
225
96
74
17
140
140
140
140
251
34
229
140
129
229
144
28
16
3
220
177
225
140
208
3
98
74
205
81
160
253
141
81
172
229
81
251
205
56
126
92
212
180
119
6
251
80
153
203
212
25
107
248
244
211
245
206
229
239
212
18
251
244
186
225
94
36
177
153
211
253
14
88
186
107
251
192
97
208
205
20
61
212
239
208
253
38
64
3
151
253
68
46
68
79
79
208
14
20
196
160
46
234
225
18
153
130
72
253
147
153
90
211
92
254
165
160
88
190
224
89
112
153
165
212
151
67
75
162
20
15
162
208
132
239
79
177
125
18
246
52
212
18
25
89
125
206
4
239
98
245
194
156
208
125
14
253
138
55
149
19
244
96
84
17
238
254
253
156
205
176
67
72
67
150
124
225
67
236
204
71
18
67
176
170
107
107
111
123
79
123
251
88
84
177
206
209
95
2
54
250
175
111
71
87
140
102
245
153
239
46
225
189
111
74
245
239
234
202
125
73
115
230
89
251
140
115
4
123
177
76
51
138
74
204
140
195
200
20
149
112
209
107
6
125
191
191
163
106
74
176
111
40
174
5
63
22
38
202
10
84
63
163
125
152
169
35
187
176
111
169
169
6
138
231
95
169
6
74
169
112
71
84
195
169
14
107
65
65
194
3
235
84
149
169
112
244
169
97
72
74
55
169
176
184
43
169
128
35
200
162
116
74
36
125
209
142
4
231
84
182
74
94
191
97
162
184
65
40
195
182
180
169
65
29
107
169
244
113
97
112
63
113
245
95
130
140
54
140
67
194
221
169
237
22
107
241
163
40
165
204
74
47
248
97
246
65
169
97
180
169
65
205
19
221
169
121
202
164
118
235
225
107
221
184
169
197
56
107
221
169
177
221
61
169
128
188
74
212
169
169
84
107
256
97
169
94
169
169
182
169
121
38
130
169
205
75
206
237
169
162
157
136
35
244
74
221
139
151
206
171
46
171
221
36
35
35
159
121
253
110
184
209
29
169
54
65
221
169
245
27
182
130
169
165
169
169
107
19
206
112
188
188
3
25
36
129
245
22
5
221
107
234
22
204
107
172
159
221
35
187
65
221
66
169
220
224
176
208
225
84
20
234
169
35
220
221
35
234
3
169
256
121
65
165
211
98
63
14
169
157
253
64
35
112
221
211
152
97
89
203
169
109
169
165
27
27
198
219
169
235
113
72
121
19
249
113
4
8
221
236
72
113
102
151
236
256
91
42
19
162
188
219
27
169
66
206
113
169
153
84
113
170
169
169
175
114
214
22
143
169
27
151
125
13
87
207
35
113
113
203
175
136
177
95
59
169
221
228
107
188
113
169
151
136
193
169
46
243
237
47
17
97
27
152
202
169
50
35
106
24
107
113
21
169
124
113
37
113
96
178
218
221
4
130
244
113
208
221
242
113
114
221
236
113
143
200
162
169
169
169
152
169
113
191
49
132
230
206
5
96
109
169
77
131
169
20
218
184
169
169
187
152
19
169
169
136
113
221
125
169
144
109
113
156
198
218
177
169
243
245
44
156
98
136
169
106
224
253
1
97
169
169
8
169
113
180
37
113
120
195
169
169
47
169
44
201
169
144
242
35
246
46
113
169
97
113
71
113
74
191
109
225
169
222
169
221
35
239
201
10
169
136
169
169
111
191
169
114
76
138
85
18
121
200
75
242
168
169
107
169
138
113
64
114
242
169
81
103
65
157
221
8
206
239
44
191
173
241
221
113
241
202
17
37
201
35
35
36
197
82
180
18
121
217
113
141
136
249
169
126
35
76
133
130
102
40
79
169
185
95
250
43
113
235
241
136
95
216
62
222
253
136
114
246
246
222
239
132
23
141
65
222
244
185
239
142
169
113
206
40
169
243
192
30
37
74
227
156
241
88
221
22
192
147
204
37
118
242
8
231
171
157
27
43
215
239
225
169
141
198
241
191
21
62
71
27
187
69
184
185
241
118
60
9
84
168
24
47
35
190
174
94
22
28
248
72
93
27
84
202
195
181
202
43
245
18
245
251
206
196
28
2
28
28
49
175
104
251
245
185
92
234
248
131
4
179
174
153
28
22
234
118
239
234
225
119
29
35
4
202
166
4
81
89
229
191
224
92
244
196
37
68
30
27
251
225
25
99
35
194
113
60
230
191
206
151
169
124
23
201
254
22
242
85
29
23
151
120
224
191
256
251
43
180
184
70
123
163
41
123
184
4
152
63
175
234
113
179
151
153
229
123
198
185
82
22
142
253
197
54
53
207
40
207
208
169
231
234
201
28
251
45
209
28
23
15
185
208
239
239
217
60
60
224
4
224
119
60
161
234
4
49
81
185
251
60
100
180
92
224
219
224
77
82
109
109
185
254
128
71
40
33
37
224
44
254
60
224
201
234
224
179
20
187
100
17
4
224
4
23
17
224
9
224
224
92
60
5
201
234
137
100
