79
127
79
165
51
127
127
212
243
243
127
51
243
127
243
51
131
77
182
63
63
184
164
136
22
136
206
22
164
188
136
182
8
17
190
206
206
112
224
243
188
17
206
102
206
22
99
199
8
51
136
206
127
235
17
190
199
112
94
123
249
136
94
104
17
26
26
26
216
165
243
147
172
206
129
174
216
211
67
9
247
211
243
231
216
106
28
206
92
147
165
206
94
171
217
17
243
192
217
235
236
79
171
118
171
10
231
171
252
171
243
122
218
207
3
236
126
141
171
147
28
141
76
171
216
64
127
216
212
171
171
222
86
206
3
76
143
94
43
134
239
63
242
86
236
183
171
99
17
9
99
69
168
181
118
11
141
114
84
247
201
123
186
99
176
171
143
154
201
17
106
211
243
3
192
216
141
224
192
99
84
172
52
12
84
14
14
14
206
207
99
171
14
216
188
211
37
32
242
247
99
66
170
79
233
142
110
250
154
92
117
154
235
64
227
207
77
251
154
43
171
218
247
88
242
141
182
176
207
125
28
99
189
227
29
99
239
154
170
162
214
31
34
69
137
247
29
230
124
169
158
196
77
125
132
17
227
214
124
230
172
86
247
122
17
233
63
27
162
132
146
228
97
27
184
226
122
31
32
29
55
214
142
228
189
22
228
86
41
37
151
12
251
190
88
236
253
240
139
32
235
88
188
43
154
231
32
115
235
33
163
79
22
227
16
9
11
86
236
249
228
69
196
104
77
228
136
138
227
41
169
174
8
233
86
32
77
112
168
228
228
77
251
184
139
231
188
121
227
8
33
178
77
181
233
66
70
203
77
102
129
17
184
133
10
102
236
17
137
184
139
196
106
43
40
228
17
124
201
17
235
80
33
121
32
108
235
133
247
32
96
184
88
138
115
176
188
111
133
221
154
196
64
236
235
103
88
95
150
150
174
133
35
135
102
250
133
184
69
184
228
154
133
69
256
14
22
228
15
10
57
77
221
211
219
227
186
88
247
211
196
211
76
65
133
253
237
203
26
227
228
89
247
247
133
11
235
24
131
37
88
64
9
216
228
221
96
29
200
245
44
219
192
218
249
207
11
9
255
184
228
81
184
94
196
205
233
9
189
228
88
207
184
61
64
255
184
231
33
238
235
42
153
43
8
111
17
250
133
228
233
44
248
59
159
184
113
38
205
11
32
88
182
170
83
90
73
210
73
218
15
84
201
228
127
69
73
154
196
158
158
91
194
107
247
8
34
219
243
63
255
122
169
133
184
149
249
228
228
174
97
78
142
147
218
205
4
97
184
247
247
58
197
123
246
20
235
133
158
247
190
174
115
88
168
46
43
249
247
158
133
124
144
20
242
6
6
228
197
30
86
218
133
4
86
247
64
91
199
228
142
20
228
19
24
202
133
50
197
154
221
14
100
6
145
188
71
43
14
26
186
216
176
58
245
