54
56
126
12
12
126
3
13
138
127
147
183
142
212
111
183
51
183
189
177
29
29
6
127
46
212
54
154
175
26
76
62
84
3
19
90
12
189
16
12
8
115
84
29
84
8
115
183
181
99
153
230
108
138
165
204
51
138
164
204
204
38
175
180
44
51
87
204
136
64
186
183
182
204
115
214
178
208
175
50
204
177
231
84
143
51
64
204
139
186
143
110
27
230
161
108
34
112
115
162
204
112
50
112
129
50
99
165
140
204
91
16
115
190
82
69
74
50
74
225
115
129
189
204
12
220
139
153
91
208
189
189
149
138
112
190
72
115
27
44
112
209
112
148
85
64
89
140
163
247
27
44
209
72
242
16
178
16
175
228
186
55
112
190
190
150
153
106
220
50
144
72
139
51
238
8
74
175
204
85
175
16
223
197
213
178
149
190
90
165
146
237
143
112
208
101
72
204
6
106
155
99
251
16
235
237
218
24
69
177
138
72
87
212
149
155
139
204
13
243
38
237
214
170
209
148
230
216
242
69
57
161
143
44
83
178
9
237
69
237
197
178
55
26
25
127
86
220
155
141
103
48
213
73
135
48
222
153
213
216
104
26
82
159
72
218
76
141
213
133
155
214
214
72
213
98
55
189
139
57
163
106
168
62
48
189
149
220
237
62
198
26
237
174
19
99
150
55
174
170
159
255
96
26
140
57
155
163
252
161
155
48
99
148
139
216
74
21
189
63
255
129
155
76
246
82
94
63
161
27
155
53
54
110
26
246
133
149
12
57
18
85
54
149
58
16
255
148
165
104
176
255
72
62
247
110
160
30
157
54
104
85
93
162
73
157
157
129
149
24
149
76
210
204
62
220
213
242
149
45
115
161
57
148
110
105
161
214
219
237
24
197
213
161
190
216
104
104
218
161
12
104
115
148
155
44
213
155
193
139
255
174
48
38
81
16
163
83
213
94
122
102
106
57
159
218
57
196
149
167
104
76
155
225
51
155
189
175
63
147
72
149
197
157
106
163
57
225
48
249
72
72
221
29
48
255
204
230
159
110
86
149
44
48
148
214
148
186
163
157
12
204
216
218
159
86
155
197
5
25
157
204
87
69
48
55
85
148
232
161
213
48
17
210
99
149
155
82
48
149
218
242
57
106
232
69
216
218
148
213
148
110
157
63
149
197
72
149
215
155
73
237
158
158
105
94
82
218
32
62
26
10
170
202
196
31
155
57
247
82
115
155
56
12
32
29
158
149
99
155
6
204
115
255
48
86
155
42
232
82
56
134
214
75
209
82
75
75
161
214
161
149
23
256
115
12
56
73
56
31
228
45
27
249
56
159
157
12
157
220
32
232
99
115
57
178
134
99
148
235
207
115
56
45
15
64
218
73
255
134
155
196
161
197
189
158
148
99
64
45
23
232
149
213
157
157
45
163
56
26
163
99
44
210
159
159
213
256
192
149
148
148
32
157
159
159
133
148
219
25
45
25
159
73
249
56
155
232
157
158
72
133
161
133
157
56
202
45
72
157
73
148
115
15
42
218
215
161
133
56
157
161
155
73
202
149
219
42
159
214
214
99
13
202
11
232
163
215
48
56
148
42
51
45
220
48
48
148
52
218
232
76
73
15
159
159
133
23
163
83
197
45
157
207
230
218
235
193
249
14
133
72
202
213
139
32
157
26
159
155
133
161
73
32
232
184
163
23
157
163
202
168
72
218
228
155
86
232
133
220
232
202
115
148
252
148
163
155
159
215
45
157
72
161
25
133
214
99
163
157
218
99
232
148
82
215
76
133
133
56
133
161
133
72
249
157
45
12
197
12
232
45
148
56
133
157
85
25
73
157
133
23
155
228
155
45
133
12
82
39
56
202
157
85
157
157
133
163
232
156
149
161
86
45
232
133
133
133
163
72
133
133
12
149
161
163
202
218
133
72
213
133
72
72
23
161
133
202
53
73
45
133
133
48
56
232
56
72
232
155
148
197
133
72
133
133
56
148
56
48
133
161
133
161
72
163
202
133
161
133
218
133
133
