16
229
38
16
38
38
88
235
87
248
16
174
94
205
38
174
127
115
71
95
6
247
178
87
101
7
16
94
228
228
205
74
95
105
126
71
190
229
127
145
215
127
38
164
250
252
16
61
149
174
95
229
159
252
196
115
21
178
105
235
252
145
153
162
58
149
183
88
184
21
95
41
110
14
164
205
134
126
235
209
170
112
101
115
115
51
83
235
4
170
164
97
205
31
249
127
88
143
242
136
17
184
242
148
166
252
112
178
208
84
184
242
166
51
184
110
17
95
39
245
244
170
235
177
145
184
143
195
58
242
22
58
183
179
138
89
59
129
209
32
235
110
127
170
189
220
134
232
205
59
250
239
208
164
87
42
239
34
32
232
175
51
72
222
143
87
127
58
159
165
161
214
165
208
170
145
45
230
62
166
82
8
232
208
155
76
48
127
26
244
114
64
38
212
80
147
157
59
157
113
85
32
150
165
65
149
215
162
161
157
83
218
112
165
149
151
89
242
208
62
174
184
165
235
148
165
162
62
178
56
58
208
202
184
27
94
72
184
117
170
90
150
8
84
202
66
202
250
218
157
90
196
56
159
110
69
32
214
241
202
161
74
242
216
75
153
219
192
118
127
92
127
59
213
22
147
213
92
144
59
250
250
98
136
250
147
127
3
143
250
202
104
209
50
20
164
141
166
38
46
21
40
192
29
184
231
170
61
31
95
149
128
174
250
28
115
121
74
127
54
244
85
74
246
161
19
243
174
229
159
54
59
3
45
237
182
194
86
214
3
52
40
160
240
105
184
76
51
155
73
243
194
161
62
47
253
11
74
40
157
3
80
94
92
83
8
115
231
151
206
36
149
165
190
212
184
222
48
237
246
72
57
21
75
177
52
23
62
194
57
138
3
251
213
72
157
39
8
89
66
54
93
106
86
72
72
195
56
136
213
47
144
215
244
148
88
58
184
194
4
177
129
215
26
155
102
136
212
253
210
240
74
50
81
72
237
199
159
232
16
143
188
8
153
215
27
96
165
72
162
239
112
180
93
238
54
204
222
140
74
117
155
213
194
242
52
215
182
208
50
162
213
136
180
54
165
139
232
23
27
184
54
82
208
67
113
165
86
142
72
251
189
20
99
218
121
74
209
107
215
178
25
36
9
151
243
156
20
143
199
74
32
84
145
72
209
146
139
93
88
96
163
16
37
8
19
20
215
45
155
106
92
181
222
243
191
16
155
80
162
202
108
239
155
189
84
160
75
26
23
88
166
36
218
237
192
23
112
106
186
177
55
65
115
176
27
89
16
113
37
102
184
52
121
84
74
251
235
157
215
159
215
160
108
112
84
45
188
232
165
27
221
181
165
239
63
183
8
107
224
92
53
161
126
65
215
50
183
137
23
8
188
112
23
183
256
121
211
95
181
22
97
92
23
221
112
8
133
215
178
95
83
178
82
23
183
139
155
133
239
26
139
205
162
112
224
209
161
139
89
95
50
22
23
175
77
184
148
126
12
126
62
3
16
178
179
186
32
191
240
72
25
140
86
40
5
74
23
183
117
104
92
143
52
65
45
208
148
42
165
120
160
235
65
20
213
206
159
32
39
72
232
15
188
176
73
61
137
206
215
215
215
181
72
26
227
240
74
159
111
209
72
72
232
74
195
215
202
23
239
84
3
178
213
159
22
98
247
72
86
177
154
215
92
186
223
45
52
13
188
64
94
218
86
118
86
215
239
4
62
227
56
200
90
15
72
229
64
209
37
114
64
96
140
73
195
21
66
228
192
247
209
144
52
56
140
180
56
159
22
165
23
209
82
12
229
22
198
85
62
206
66
254
207
34
209
84
244
21
82
106
109
160
72
160
42
21
153
140
18
197
37
173
215
160
244
196
197
84
15
140
84
91
51
239
222
140
141
84
234
5
202
111
187
200
106
15
197
65
172
79
177
178
255
160
106
239
243
222
84
140
117
224
200
90
45
110
88
197
73
159
119
202
200
62
117
173
74
68
46
224
119
84
44
5
163
177
72
25
84
78
135
161
51
100
151
161
125
227
202
227
228
200
207
23
224
115
151
34
77
136
173
8
89
114
163
55
75
93
181
148
8
91
193
239
167
219
114
27
28
200
242
249
200
8
75
111
23
202
40
111
89
56
56
18
23
19
17
33
82
33
19
71
125
228
118
188
25
161
14
200
156
73
168
23
39
254
36
157
134
24
196
254
157
224
78
200
241
141
40
220
177
37
165
197
177
13
76
185
20
39
34
220
23
129
76
189
138
181
189
22
5
152
254
168
188
68
224
225
137
192
200
208
187
106
202
24
251
161
190
108
190
60
58
22
160
163
90
254
112
111
154
199
98
47
112
115
224
198
200
144
19
248
28
219
5
213
22
112
132
189
14
209
167
163
58
67
156
39
23
38
136
219
209
132
187
99
131
35
117
53
212
155
28
77
20
78
192
254
72
54
164
137
119
22
46
243
244
91
156
77
224
45
69
179
228
168
90
26
229
231
105
26
163
132
197
114
204
200
119
28
37
219
155
46
206
200
96
72
200
205
76
62
224
200
231
231
88
163
148
96
220
215
213
72
48
58
47
254
4
3
229
115
24
152
175
48
224
99
109
117
37
75
148
198
221
79
230
4
254
120
163
200
4
97
73
57
198
47
187
178
254
200
232
138
200
75
222
189
38
231
212
120
196
71
220
61
99
189
45
4
23
68
159
34
151
197
76
89
191
65
137
206
155
161
254
56
254
187
28
41
229
110
72
73
119
81
111
71
72
188
72
200
71
27
12
94
224
23
72
248
206
61
5
229
185
4
156
68
71
48
224
229
221
191
188
23
163
212
38
156
220
92
72
254
148
113
231
157
144
183
250
182
68
12
188
244
23
163
83
138
98
213
247
254
206
248
61
144
254
7
224
92
109
236
250
48
141
148
144
28
215
20
191
254
232
86
200
42
192
256
72
188
163
213
118
142
246
79
232
132
68
156
130
159
188
48
48
152
20
200
187
68
254
48
68
68
68
201
155
68
94
