253
150
150
204
66
150
66
243
66
253
243
217
211
204
204
66
211
29
59
204
87
162
150
243
166
128
128
128
128
128
29
162
231
162
150
87
97
209
88
209
172
150
243
162
150
59
136
150
211
208
172
29
235
59
153
59
135
235
59
113
59
231
143
141
150
166
235
250
231
95
212
235
92
130
211
172
22
212
212
154
29
250
194
22
18
114
250
51
145
217
231
84
143
231
222
225
154
222
5
249
147
95
222
219
147
114
223
84
175
180
208
180
136
51
147
143
59
51
51
225
244
172
114
183
147
226
36
7
147
192
124
208
117
17
129
131
92
14
94
225
172
156
217
94
183
77
245
231
5
66
231
14
217
123
18
18
156
129
92
212
231
129
11
51
156
54
183
150
231
129
67
136
212
207
196
109
231
252
67
19
242
187
139
51
36
129
90
90
175
78
154
156
183
70
92
22
20
244
52
156
90
21
6
18
68
25
181
231
226
119
243
231
211
67
74
104
191
217
51
47
47
1
246
21
212
243
67
243
1
51
217
217
8
243
119
43
187
47
231
27
212
229
109
1
253
150
97
154
1
29
90
242
206
51
141
256
78
5
217
246
230
84
217
254
254
137
54
136
19
122
231
49
162
127
63
129
190
89
171
176
65
245
229
29
54
119
154
54
146
176
176
28
17
200
43
217
217
33
63
28
141
171
2
211
97
9
176
246
109
65
231
164
53
29
125
84
146
244
41
47
151
33
141
90
188
122
36
55
197
34
141
254
49
76
123
120
156
67
50
171
253
118
183
105
231
176
211
136
119
63
125
217
71
18
238
200
28
254
230
100
108
249
81
145
172
1
156
49
130
43
98
30
71
147
249
145
203
30
43
212
168
127
156
137
156
28
129
1
189
127
30
146
147
90
183
119
235
220
49
109
16
24
211
226
244
6
90
156
220
50
204
68
159
226
109
136
226
119
226
187
5
156
200
119
109
231
174
36
84
146
146
172
212
106
231
100
49
109
68
4
117
212
159
44
28
160
36
1
120
172
30
71
168
106
114
4
82
82
43
24
4
200
109
234
212
51
130
224
28
28
251
160
241
130
4
160
114
82
28
157
231
172
255
29
49
176
62
84
156
179
185
171
160
247
102
100
187
182
21
78
109
135
227
84
142
109
180
157
226
185
226
105
185
1
224
23
30
187
160
147
165
62
206
212
5
108
36
75
180
194
49
55
179
100
142
65
147
157
19
142
146
135
22
109
68
243
180
36
159
254
200
70
187
254
198
68
115
82
159
185
66
212
235
91
55
66
13
1
62
182
46
18
152
200
17
187
70
184
104
46
30
37
180
17
43
109
49
176
87
135
109
4
207
105
78
152
43
1
83
68
66
195
36
217
135
39
43
56
33
33
36
68
176
89
149
30
241
92
245
156
74
205
24
248
157
147
190
173
200
254
200
46
109
23
245
100
4
247
241
212
172
226
36
74
160
200
74
43
253
174
58
101
226
37
138
255
247
247
176
92
58
58
141
172
70
192
105
212
45
102
83
101
195
192
185
226
200
135
141
174
225
156
254
255
166
90
138
43
13
208
5
49
254
224
4
68
98
36
212
39
198
141
101
254
4
36
195
83
216
231
81
141
68
211
149
155
58
4
82
46
7
160
180
36
152
4
60
36
49
192
180
68
49
156
30
60
200
192
241
159
156
156
37
15
210
200
6
23
82
156
119
255
141
141
156
156
156
254
102
37
234
43
152
22
194
213
255
156
157
204
152
157
187
23
200
119
173
100
152
254
82
