176
176
84
176
202
29
189
176
29
84
14
42
52
84
115
162
202
174
128
140
84
140
18
18
162
42
97
130
51
176
29
5
56
204
230
162
84
6
14
162
231
73
123
137
208
121
202
117
128
236
237
44
129
54
256
128
68
203
90
51
213
59
128
129
127
42
186
59
206
55
170
96
51
129
237
202
76
243
237
99
217
195
79
162
44
236
197
55
231
34
183
231
237
3
94
33
65
237
166
44
126
174
6
167
189
51
155
171
165
149
160
94
206
243
129
186
120
87
129
34
171
174
66
159
123
123
183
55
94
9
129
66
162
76
157
87
25
174
206
81
173
79
195
126
129
213
197
160
206
182
248
40
123
174
164
79
180
97
87
51
161
9
99
162
19
94
3
148
199
153
90
99
31
212
87
94
3
230
176
123
48
115
193
220
129
129
198
48
69
237
69
203
9
45
129
206
237
165
136
243
239
99
48
205
197
94
239
105
105
9
69
72
65
51
193
209
216
199
166
186
44
130
174
182
186
51
155
237
129
162
209
154
72
31
94
179
224
94
106
216
175
115
2
48
196
120
157
172
237
94
165
206
77
73
48
21
89
243
3
171
57
141
3
239
94
79
54
142
204
161
159
240
181
230
57
12
94
44
99
197
79
120
74
48
175
50
5
172
44
197
99
94
179
155
123
177
222
99
73
189
99
52
53
225
222
74
174
161
73
86
120
35
219
149
6
84
197
157
89
199
177
43
216
224
216
106
120
31
83
99
129
29
48
99
174
134
186
12
205
84
79
44
25
104
125
84
216
155
99
210
170
155
153
44
38
172
183
197
99
155
22
66
67
197
169
94
67
142
39
154
213
99
17
188
153
130
99
44
148
22
65
31
94
155
142
237
22
230
197
142
52
52
199
206
94
105
12
183
117
84
138
39
241
74
99
153
11
155
50
207
50
16
230
170
82
188
164
38
94
138
136
189
99
143
155
178
50
63
127
26
54
230
127
174
99
84
170
136
230
255
51
127
120
221
94
73
106
57
127
225
7
225
166
142
256
155
25
255
79
87
126
237
128
72
120
180
101
31
130
29
253
199
126
115
38
99
255
9
9
249
164
5
13
240
42
163
8
161
77
148
63
99
72
164
241
72
155
138
235
216
99
99
35
43
221
115
236
180
238
72
29
183
31
63
37
56
207
120
221
32
99
120
137
101
230
128
25
99
128
136
240
223
115
213
203
84
184
69
255
216
91
143
38
198
70
56
228
106
25
161
63
63
197
184
121
84
38
10
77
87
111
47
120
216
29
29
169
126
37
116
115
9
225
70
136
167
169
113
57
255
99
248
203
213
238
169
138
18
9
148
235
256
209
57
42
216
167
63
75
168
252
82
23
120
237
230
102
77
157
131
139
29
225
63
125
247
255
204
8
242
219
131
240
33
15
253
15
64
84
235
243
105
55
169
57
15
137
56
50
63
223
11
132
222
62
55
101
230
99
104
91
165
124
201
182
84
50
214
255
178
84
219
53
115
63
249
182
175
120
148
94
120
228
146
103
10
247
247
77
230
88
99
180
51
216
169
101
207
197
101
178
202
216
167
31
159
138
120
135
84
99
82
238
256
201
148
115
240
193
75
129
233
181
157
172
83
228
116
76
219
220
136
35
196
236
84
111
168
159
184
157
53
37
235
56
88
15
71
216
27
116
203
135
75
77
111
45
162
88
221
39
184
215
73
196
115
84
25
168
252
110
189
22
39
157
235
136
88
133
233
104
205
230
240
184
155
52
84
189
178
165
35
161
144
73
29
235
232
197
137
101
84
153
148
73
134
235
115
256
178
190
114
115
15
159
222
163
137
118
75
88
202
232
135
111
99
137
186
148
116
215
48
48
86
162
167
178
178
77
235
134
42
114
84
32
157
232
196
181
178
197
121
25
77
137
256
159
205
88
220
197
73
178
230
228
136
27
132
248
155
76
33
77
114
63
85
56
167
133
249
230
161
84
189
169
88
242
114
32
210
158
10
132
82
168
149
77
169
220
233
124
230
162
184
132
161
84
77
124
210
252
82
203
77
252
137
238
64
77
159
170
9
63
106
201
42
63
179
236
189
232
189
176
179
134
159
73
228
103
131
26
197
249
201
29
57
69
176
256
246
131
159
136
198
240
108
77
102
247
157
53
29
178
85
121
214
230
86
246
167
232
31
148
196
34
192
253
9
230
106
213
167
41
159
56
41
136
114
178
82
115
64
75
99
161
230
55
131
189
84
88
78
238
117
110
78
72
139
124
249
193
189
139
27
52
134
161
116
220
84
196
230
178
187
102
72
89
197
14
178
238
214
63
25
56
197
83
133
102
236
39
157
86
153
230
232
81
137
237
86
157
178
209
124
228
124
248
242
228
77
88
50
35
184
110
10
84
42
157
99
205
88
184
13
230
193
87
248
189
82
23
230
133
163
39
73
39
197
178
159
163
249
102
170
99
63
228
153
25
197
49
39
37
178
25
44
157
86
124
214
25
197
242
170
56
202
228
19
178
197
114
178
133
158
39
124
86
56
192
178
31
256
236
178
201
248
102
13
88
88
210
157
122
228
178
205
46
218
157
88
124
124
193
219
31
48
197
120
86
86
72
124
133
139
56
88
44
163
213
123
157
60
124
238
64
73
89
64
88
82
237
195
48
89
197
196
64
43
77
205
124
178
198
102
178
77
117
42
157
124
161
56
214
56
196
220
168
178
48
15
134
32
252
52
214
148
163
139
85
196
63
150
10
57
232
163
228
134
105
82
64
102
176
48
184
48
193
42
88
12
86
155
195
49
196
189
48
168
155
163
52
120
247
111
52
110
53
232
23
232
252
256
139
82
158
57
161
232
163
91
131
101
12
133
155
226
99
48
133
193
133
45
1
238
155
247
148
