127
244
244
243
93
162
243
126
231
67
87
67
138
231
126
7
59
147
7
36
83
87
244
244
127
231
127
217
87
127
61
147
127
150
40
7
17
147
97
6
40
126
61
61
226
127
17
164
256
61
108
199
61
211
108
231
182
94
36
182
58
40
176
94
17
138
129
61
129
162
174
40
146
31
123
17
244
97
123
150
166
58
154
126
126
28
209
80
138
164
162
208
194
123
165
84
160
205
154
206
236
220
166
58
29
226
174
147
165
7
147
147
236
18
80
75
40
203
174
67
73
236
40
183
177
165
226
84
17
245
128
83
75
60
183
162
160
13
230
203
13
98
183
67
95
55
146
17
59
29
183
95
166
21
29
205
141
245
162
162
58
13
171
123
160
203
249
67
61
181
18
162
80
13
147
186
235
75
166
205
138
54
242
249
7
105
94
60
121
144
162
191
59
80
182
230
51
135
51
250
87
143
147
17
154
135
146
165
208
150
135
168
128
80
51
84
55
60
84
191
55
227
29
250
80
68
184
230
184
146
164
9
80
143
28
236
54
80
205
211
249
183
183
135
106
225
145
230
66
248
164
150
198
162
55
194
105
150
205
54
184
249
50
184
16
149
160
205
150
243
211
79
146
146
129
3
29
144
150
128
150
75
66
235
217
158
160
139
158
164
63
184
150
184
194
87
143
84
146
118
79
146
80
205
208
59
230
166
216
104
84
79
154
250
139
28
84
221
31
92
225
144
176
226
165
54
27
240
15
59
122
135
208
230
150
191
225
154
166
247
15
172
184
15
52
150
231
28
194
143
84
21
31
92
177
179
160
56
88
80
185
182
186
84
13
172
46
122
154
91
59
186
240
215
160
144
235
79
176
187
184
21
154
59
17
138
84
176
146
182
95
74
15
122
230
154
129
177
183
123
220
235
121
84
29
106
129
135
186
115
46
136
165
176
240
110
63
81
191
170
59
217
235
205
51
202
176
88
38
203
154
235
29
217
184
190
150
21
182
172
226
203
203
138
169
169
6
146
84
203
40
29
162
15
191
88
146
81
248
231
125
252
222
245
202
136
176
223
15
56
86
170
231
52
11
33
208
176
221
191
15
33
237
184
114
121
128
139
164
118
172
192
242
91
181
172
15
138
160
155
181
187
27
226
67
33
164
80
45
191
195
232
230
186
28
96
182
91
57
176
42
97
60
165
118
29
97
182
13
243
205
235
136
145
9
238
7
231
54
95
52
51
129
40
132
226
149
141
231
17
31
12
38
154
123
141
166
118
170
186
40
139
222
202
60
140
213
194
165
121
40
34
155
40
149
137
95
129
104
170
177
96
209
50
199
243
6
54
32
252
67
122
227
165
33
226
151
231
65
129
44
115
33
199
20
69
33
205
110
231
137
172
216
101
141
53
154
112
210
166
138
191
189
69
106
219
12
186
21
210
192
15
73
94
67
203
67
74
177
149
15
131
92
75
77
153
50
249
134
19
154
242
169
36
122
100
227
210
29
137
144
238
191
194
21
235
227
226
33
178
149
74
161
112
153
10
15
5
110
171
71
169
65
154
193
216
5
244
240
155
172
15
58
79
67
84
87
192
80
191
54
67
117
141
22
203
60
171
226
169
165
96
164
109
174
139
111
137
53
52
184
85
144
220
178
101
15
215
38
138
8
205
242
39
73
100
5
60
58
20
77
74
172
57
177
13
203
154
52
38
40
39
110
102
6
56
139
26
238
36
122
253
132
139
124
86
69
106
103
215
112
167
195
42
12
103
141
76
146
131
191
158
204
12
147
79
245
189
100
158
144
52
52
110
114
85
102
138
109
236
256
86
179
114
162
191
207
18
162
15
102
233
63
105
91
150
139
115
189
180
174
166
25
212
123
163
170
228
31
132
144
196
62
147
189
191
238
134
166
223
210
58
79
238
58
31
199
203
52
103
150
7
223
99
85
228
91
105
135
48
231
80
238
145
16
67
84
58
134
77
15
18
126
161
256
12
100
191
189
205
240
72
59
230
193
15
162
184
12
187
86
69
256
138
154
34
189
57
57
84
49
64
58
139
154
105
184
210
145
201
158
84
40
3
149
6
191
108
224
255
219
110
193
163
191
130
97
235
115
34
133
184
134
31
207
107
214
217
175
184
179
122
115
190
158
190
31
186
134
94
198
131
52
221
65
117
1
59
79
79
230
180
36
108
134
255
110
80
137
13
95
59
72
145
24
196
29
57
163
12
210
102
242
50
34
149
243
113
201
228
58
219
61
242
24
190
72
24
139
122
13
138
238
91
29
108
91
59
103
135
22
139
91
168
26
194
100
140
102
133
168
95
94
219
136
163
219
235
246
205
141
139
248
235
33
31
29
235
73
227
138
13
95
252
189
204
76
105
179
48
136
210
96
94
133
114
13
167
29
244
113
91
204
86
220
124
102
74
237
223
109
75
139
122
120
86
192
256
124
74
189
80
112
108
11
117
150
219
136
213
10
4
52
186
62
11
155
170
221
199
52
53
71
86
111
52
144
198
63
238
25
71
134
184
91
35
169
213
72
244
181
69
169
213
22
202
218
243
86
72
160
222
235
82
190
91
79
203
33
62
238
169
106
220
134
134
43
207
59
164
124
62
180
172
83
85
60
163
205
135
256
162
215
150
17
132
101
132
231
238
99
114
28
255
163
215
207
82
247
199
135
59
90
33
53
120
100
135
173
80
213
115
216
192
29
39
79
4
50
218
10
99
128
85
9
170
223
77
166
135
99
95
102
190
163
77
161
197
161
213
60
183
86
124
144
119
82
117
1
33
143
77
198
13
102
141
252
138
90
189
67
79
255
161
9
158
227
106
121
174
192
114
131
235
161
229
90
197
183
193
60
193
64
29
197
114
180
237
15
164
87
182
195
34
255
25
167
87
12
139
39
68
159
168
193
235
229
11
213
256
9
122
179
64
249
99
9
108
249
39
157
134
39
90
166
210
11
67
30
18
24
203
166
53
8
79
174
255
253
179
190
45
77
235
117
26
252
248
26
159
135
197
252
227
53
207
163
112
218
1
4
30
94
124
207
204
164
86
68
196
115
49
61
94
192
70
32
74
145
132
13
77
15
39
99
113
29
128
53
192
44
94
213
256
104
77
150
174
16
174
138
227
84
243
222
57
48
169
253
97
45
243
248
143
48
78
138
187
32
209
77
115
176
228
74
25
82
82
176
42
139
42
44
77
74
70
243
112
63
132
139
205
158
104
24
176
232
193
172
8
227
48
42
186
211
197
91
135
122
256
25
99
145
158
23
138
145
252
139
207
205
244
168
214
29
213
129
37
170
249
29
49
33
95
198
218
108
199
168
70
139
33
243
237
99
99
214
42
63
63
161
95
198
7
182
48
193
67
155
207
104
146
63
52
116
232
52
115
255
116
48
48
