31
121
88
95
80
146
150
42
80
89
136
205
33
89
146
166
29
7
253
67
125
136
146
231
7
59
95
164
253
7
191
95
205
87
105
107
138
29
104
87
240
84
165
152
77
140
144
177
205
205
180
24
182
191
229
250
251
132
244
40
40
206
140
29
169
58
90
40
87
225
225
132
24
78
88
92
253
31
195
97
50
180
195
132
203
240
88
74
115
244
140
81
253
88
159
203
239
84
8
76
10
136
242
125
129
100
240
3
50
225
115
66
248
89
107
204
59
253
203
254
239
150
243
142
59
55
186
130
177
18
206
40
74
162
80
20
177
81
140
237
243
208
88
170
237
58
186
253
128
186
113
220
158
107
50
208
107
74
150
18
113
190
77
112
208
46
151
132
3
237
249
16
89
180
191
244
7
248
134
121
8
145
5
222
18
107
203
208
71
244
92
177
73
58
117
170
71
190
191
162
131
136
225
81
236
18
31
177
16
18
58
3
144
256
185
186
28
59
207
28
128
245
136
47
220
236
183
107
146
203
177
73
50
152
208
162
251
31
62
234
27
84
110
103
89
89
162
51
71
89
194
74
32
166
122
107
251
242
190
17
160
29
62
95
253
165
38
203
153
180
211
11
91
85
164
225
91
195
225
25
110
31
227
229
121
75
144
224
40
237
235
71
75
249
85
256
75
210
143
248
7
112
31
110
84
252
225
140
52
136
111
232
249
40
25
89
185
190
203
109
138
97
146
215
146
5
89
25
194
250
25
242
238
221
190
74
113
110
162
122
61
89
74
30
121
88
121
128
239
107
150
239
153
179
97
135
203
35
61
52
65
141
237
162
89
84
135
28
253
199
231
162
221
150
196
179
135
38
40
185
203
181
150
73
107
110
150
203
146
11
61
39
225
54
64
256
250
203
166
150
3
169
30
203
194
229
249
146
169
208
25
179
40
114
13
256
140
162
205
91
160
73
175
121
7
165
222
135
150
221
22
92
7
153
239
194
101
253
81
221
25
140
186
222
42
83
186
42
65
165
32
25
199
10
166
162
244
73
89
175
103
143
115
105
62
27
81
239
70
214
115
121
40
230
121
74
150
203
152
135
136
54
69
252
165
229
41
222
239
221
209
251
88
222
141
81
74
65
107
235
150
72
228
150
74
16
175
151
13
31
184
240
16
166
176
107
242
121
191
170
147
88
42
242
162
204
95
176
75
221
249
64
221
143
5
52
138
230
189
138
203
213
209
132
208
8
171
89
169
146
77
32
224
162
236
103
33
128
192
223
186
25
65
221
256
35
110
52
136
164
194
18
95
229
229
92
239
223
237
164
253
146
239
9
42
3
250
242
10
169
73
30
185
165
35
11
256
248
99
91
77
81
108
32
76
236
108
64
208
169
102
77
251
109
26
186
59
165
122
196
190
108
69
61
166
25
25
94
54
40
114
25
170
171
149
31
215
14
59
42
182
148
123
251
240
1
186
143
232
97
182
136
10
149
54
54
70
25
247
228
89
109
153
209
67
208
96
121
89
110
253
42
31
194
171
110
249
210
216
160
222
223
165
53
47
130
236
81
252
10
165
160
73
106
80
114
98
133
75
82
222
21
162
82
184
96
221
7
156
197
107
146
85
19
170
13
82
168
40
98
75
182
256
11
105
211
204
201
144
99
230
58
96
64
121
121
240
221
79
40
31
217
155
212
121
132
132
34
9
230
147
43
10
138
25
41
140
16
31
84
166
80
25
153
230
249
107
84
204
75
82
253
95
115
104
253
256
170
198
81
186
211
102
67
252
55
223
178
61
137
41
129
106
182
251
128
99
82
175
153
82
84
77
16
196
121
67
221
58
155
210
109
7
183
61
10
44
256
152
230
190
39
54
251
22
82
42
130
70
19
88
179
219
256
84
81
121
22
155
223
32
155
80
194
82
183
237
219
117
237
90
32
40
189
216
130
238
232
5
252
176
25
40
94
105
23
32
10
256
196
14
140
88
112
225
40
214
55
174
75
91
85
18
123
89
243
77
173
164
129
139
166
108
1
106
20
207
96
194
76
23
182
22
96
5
77
169
171
40
237
206
73
110
199
159
81
108
136
14
74
103
129
86
10
90
114
154
186
89
249
56
75
216
169
206
7
23
29
108
33
60
16
212
253
146
150
96
15
61
86
64
35
23
82
122
138
64
10
28
110
190
155
219
166
196
117
178
134
80
96
201
93
197
96
137
182
54
169
84
126
103
103
201
137
256
42
103
79
174
14
256
55
58
111
23
68
200
256
82
185
88
138
210
110
76
23
115
78
152
179
127
182
144
213
66
64
39
178
158
47
230
89
159
91
92
249
113
64
28
199
235
183
64
190
149
215
159
253
47
219
155
26
153
66
65
39
171
170
124
12
192
244
163
155
192
39
135
91
160
64
176
181
169
188
171
20
106
64
34
50
181
222
69
204
146
176
115
85
84
174
256
86
47
193
35
238
48
252
235
164
110
108
116
210
196
73
236
42
189
237
191
86
131
159
252
20
210
232
58
25
236
150
226
230
20
164
220
186
108
232
214
164
186
108
18
133
23
190
252
256
84
65
10
203
25
39
240
132
182
56
164
75
137
105
34
60
55
177
26
122
17
221
88
25
186
74
88
186
81
92
42
64
191
196
10
117
220
39
10
22
108
13
252
123
112
251
256
94
146
112
221
103
121
178
174
256
94
77
181
85
25
245
183
240
26
6
244
90
52
145
64
203
201
76
101
252
89
85
8
35
104
219
70
70
67
32
67
144
221
256
152
206
130
77
99
192
246
10
62
10
29
161
144
123
25
255
176
122
220
221
256
83
256
83
10
32
151
52
161
242
25
159
13
102
32
34
9
161
195
197
81
66
196
238
249
48
242
31
115
79
225
256
146
91
10
190
39
61
13
242
173
4
35
57
178
26
64
162
197
136
170
30
62
35
13
14
76
137
96
186
86
170
88
221
96
138
248
239
256
219
112
162
236
23
188
184
178
91
89
40
64
115
2
146
35
102
169
137
20
35
25
198
117
46
60
142
194
223
219
84
70
115
243
110
239
169
211
164
234
195
130
76
202
56
244
75
252
79
96
219
2
249
34
96
230
120
145
74
190
189
184
205
142
248
196
256
233
185
170
221
108
105
71
227
88
76
35
106
178
55
127
8
64
19
227
253
115
215
18
191
121
112
238
37
228
103
196
242
5
238
20
145
133
115
86
65
91
76
53
195
34
96
133
89
96
248
14
252
81
74
80
13
55
1
85
63
113
256
82
91
26
52
123
64
64
221
111
136
215
112
10
191
102
20
242
221
182
10
106
125
225
19
34
187
192
28
256
190
88
120
237
57
140
144
75
52
69
190
70
85
219
175
159
115
199
20
256
53
240
243
60
205
256
256
62
31
212
206
220
216
10
170
133
55
180
196
228
83
71
196
182
23
61
128
103
13
238
239
253
237
22
137
14
237
190
155
109
141
141
65
125
27
34
235
83
248
69
221
70
34
187
14
83
14
180
223
5
72
82
25
182
223
215
175
196
64
115
236
66
19
99
14
164
169
88
39
72
231
32
199
237
178
243
236
240
242
69
114
3
81
174
130
243
52
99
203
189
71
176
236
108
158
112
118
186
100
137
178
170
53
185
251
10
186
102
2
81
29
221
52
230
115
78
2
141
221
65
121
102
85
109
174
95
117
255
69
244
85
170
35
192
199
30
111
34
113
73
227
25
241
137
51
99
125
32
39
34
230
178
133
96
253
63
204
154
57
196
174
86
235
140
136
164
145
19
76
14
205
200
34
219
24
136
159
56
102
90
187
192
7
61
140
252
10
25
174
140
108
113
130
27
99
199
210
11
39
235
220
256
115
237
10
201
195
104
89
10
149
149
73
248
1
176
238
117
35
19
170
238
76
181
145
125
251
60
10
219
251
101
178
213
94
104
13
167
240
191
253
146
84
189
196
179
189
134
89
230
4
186
159
197
1
238
196
214
178
195
201
149
256
78
252
256
239
140
91
64
18
192
53
108
169
245
207
71
32
203
23
53
219
214
215
177
244
244
115
253
66
10
88
178
125
146
187
96
230
5
60
72
18
256
106
99
241
108
32
245
237
215
108
219
23
99
117
139
219
161
19
196
116
18
212
221
76
255
187
140
253
161
80
10
94
14
64
23
237
2
69
22
154
190
115
122
133
187
210
31
222
149
199
179
197
64
85
71
256
132
174
3
115
183
19
170
220
121
72
72
99
219
251
169
155
10
29
69
85
88
115
237
256
101
187
253
102
111
89
116
104
238
237
70
10
229
236
180
204
22
251
120
252
98
23
113
203
198
231
69
223
89
64
169
252
94
2
164
115
159
103
175
23
110
252
23
186
196
161
56
99
141
23
253
244
31
14
255
187
221
134
214
248
197
64
198
203
28
161
12
256
162
38
237
25
88
191
240
72
223
108
161
23
146
161
159
10
69
72
190
97
24
25
113
85
192
23
180
4
34
146
70
66
88
19
4
155
197
197
85
108
102
199
121
113
81
256
52
55
26
125
5
86
161
238
241
88
34
219
161
72
61
43
5
48
170
186
237
221
178
236
127
196
196
212
251
104
19
113
190
106
174
21
201
23
141
155
13
108
216
93
62
238
203
32
99
8
10
23
49
65
170
99
23
72
252
149
123
186
131
190
175
99
5
81
76
199
238
103
118
55
215
161
62
14
4
186
87
99
215
219
35
34
253
62
186
93
82
189
123
75
179
161
70
216
60
78
99
215
159
82
203
199
22
229
27
64
88
192
49
219
197
141
141
170
198
25
12
161
165
86
18
64
18
93
153
43
52
190
99
141
135
72
189
214
149
35
161
197
120
121
219
48
76
55
224
121
14
23
185
149
221
198
72
35
122
141
242
183
248
114
197
196
256
82
13
200
196
221
79
256
35
53
115
197
108
232
226
159
201
190
72
197
115
23
190
240
147
161
78
111
224
64
236
22
86
121
220
22
25
13
192
179
176
25
18
256
242
10
149
130
237
91
190
203
196
141
99
96
159
131
221
196
221
146
161
19
64
83
238
8
64
81
64
99
236
29
238
117
215
25
83
201
23
14
53
102
256
196
79
124
181
134
139
70
62
79
163
240
48
60
83
53
83
26
19
139
102
100
23
175
161
23
197
72
161
33
38
18
76
121
252
64
99
91
236
199
197
231
149
75
109
33
161
141
199
96
40
242
23
79
102
109
111
203
101
76
4
25
49
82
32
81
237
52
159
102
145
31
82
252
155
155
145
34
163
169
79
256
110
61
83
140
112
23
34
169
10
139
35
72
48
218
34
221
69
69
57
215
23
120
10
69
34
253
199
180
204
133
145
91
107
26
61
147
29
14
23
224
190
161
155
225
12
190
34
141
33
161
23
108
197
256
13
238
255
197
189
62
161
197
196
69
197
232
187
161
82
194
224
238
115
199
69
135
232
198
201
1
64
155
61
189
242
161
140
135
221
72
190
