144
36
252
143
146
87
166
244
194
143
165
165
143
165
31
121
230
230
187
58
208
144
130
203
194
8
27
208
208
1
208
209
135
244
55
205
171
186
144
208
208
252
13
150
209
7
209
222
28
40
28
209
231
150
54
206
192
39
36
138
87
162
67
253
164
17
230
54
239
8
55
144
3
54
36
3
97
150
41
209
239
239
230
206
28
166
184
67
165
40
97
21
203
49
36
87
36
123
144
138
85
230
95
191
97
36
215
249
208
13
13
77
84
205
121
84
92
176
28
67
65
7
11
7
95
141
123
82
205
162
249
40
84
138
42
63
123
141
58
239
40
184
13
31
166
150
113
21
250
222
73
33
130
20
92
107
162
231
128
166
7
113
95
49
40
231
208
222
205
171
11
73
79
191
180
10
205
40
174
251
205
246
208
206
174
136
162
77
67
5
166
110
59
230
249
67
55
22
79
138
188
234
136
190
174
167
91
74
138
75
170
90
167
150
138
28
136
36
249
153
65
95
33
167
108
41
13
138
140
174
169
83
75
205
157
28
20
87
195
141
138
190
231
141
100
167
252
108
50
54
191
65
41
75
49
231
172
17
222
188
40
231
29
151
136
143
202
173
208
206
113
50
162
107
186
103
130
167
20
114
65
225
231
116
84
41
113
239
123
184
194
20
138
186
231
135
7
66
37
95
89
183
54
144
68
144
171
126
108
51
231
40
138
41
50
110
54
40
4
171
244
31
136
208
87
49
88
17
243
59
144
87
107
252
65
103
68
245
238
7
194
65
75
62
144
93
14
107
107
103
58
107
27
151
165
66
174
180
239
158
18
185
138
123
190
31
110
190
17
211
181
123
242
251
79
59
243
202
105
123
162
27
25
203
242
17
123
178
252
67
78
174
200
244
123
242
242
119
107
239
100
243
51
230
190
183
167
20
50
143
51
142
91
51
256
110
170
71
21
54
107
20
245
202
144
79
225
195
3
206
24
103
87
149
3
50
66
206
237
8
93
47
107
229
239
21
21
107
222
103
116
211
216
116
98
206
174
36
67
41
139
245
76
239
3
72
20
186
87
181
127
220
31
237
224
181
50
107
72
145
181
239
181
186
92
121
239
88
27
251
183
237
25
107
239
174
126
244
199
191
220
238
11
206
27
130
123
138
138
195
177
229
28
245
35
102
21
102
14
36
217
119
24
96
3
28
92
140
51
244
253
105
67
21
84
181
231
140
150
239
102
195
198
79
20
129
249
50
121
153
144
125
240
171
22
147
119
98
183
210
107
224
162
224
251
136
183
253
147
138
114
219
194
219
40
243
230
50
51
76
181
116
181
135
245
194
153
67
17
253
237
36
74
93
231
206
142
205
233
46
205
102
181
138
178
165
71
211
213
212
245
94
73
219
166
61
183
22
126
76
170
178
89
67
137
142
233
90
113
157
147
140
51
242
183
142
233
129
31
35
95
28
140
114
76
138
147
160
50
47
160
72
149
90
202
87
248
253
17
158
85
231
40
141
231
141
150
95
36
132
119
11
229
239
225
137
4
219
237
182
74
176
20
173
4
149
177
40
245
20
5
182
237
176
42
83
98
129
108
204
171
237
147
190
30
181
185
138
242
31
161
150
118
167
150
183
123
90
216
239
183
123
132
90
219
32
125
31
107
228
140
146
128
107
176
149
146
119
231
75
194
108
89
203
233
125
231
5
211
24
108
125
190
83
20
191
87
51
18
150
74
243
179
47
122
172
184
31
234
146
89
70
89
141
135
14
95
87
122
247
125
182
180
150
202
185
224
180
217
187
17
183
83
49
245
224
139
93
21
174
28
14
70
76
85
82
75
79
138
240
138
198
220
164
43
102
164
89
119
183
252
119
125
119
89
203
25
102
181
150
119
182
50
245
214
42
216
191
96
53
194
90
91
208
8
233
253
125
71
151
145
125
113
14
109
190
91
63
131
49
65
114
181
217
95
1
154
154
115
190
231
29
165
129
18
215
4
2
203
228
40
127
167
103
150
188
239
252
194
138
180
142
202
31
243
140
142
194
225
140
7
89
28
69
51
20
36
141
195
108
51
132
69
108
116
113
125
7
140
98
93
92
223
191
237
4
123
222
240
243
207
21
43
115
250
109
33
140
195
252
169
109
252
119
69
75
205
36
249
144
237
244
233
223
119
25
40
231
78
163
217
176
241
97
160
51
102
84
128
246
166
177
239
89
203
132
118
181
231
245
51
113
36
18
182
145
109
144
24
240
4
189
136
125
140
65
125
19
194
211
243
172
179
5
163
218
20
199
51
51
249
13
244
7
20
164
125
91
119
154
171
108
70
142
9
20
231
139
194
94
233
183
125
55
125
245
64
14
11
20
55
182
83
69
113
22
211
109
227
156
140
240
51
136
20
173
67
62
187
94
78
152
244
105
105
69
116
125
26
105
119
189
64
94
2
5
119
14
125
205
36
136
93
243
119
65
110
244
57
112
71
147
79
194
191
244
8
5
163
107
93
200
72
205
206
36
236
49
227
155
125
125
11
70
110
74
96
192
125
129
197
67
240
155
176
222
51
9
211
204
238
5
69
182
156
206
10
107
74
184
172
74
151
206
236
164
66
137
223
125
131
241
65
21
151
31
96
68
49
24
125
47
4
83
29
239
129
221
152
230
206
128
125
173
210
119
28
240
42
20
41
173
72
188
4
19
20
11
122
28
37
203
13
185
188
90
78
157
192
121
128
42
95
95
91
66
37
254
249
157
244
96
64
245
51
103
240
102
234
107
91
133
197
36
173
20
198
125
76
66
140
61
20
247
125
188
207
155
199
20
107
135
112
3
53
2
91
20
130
217
182
200
113
245
72
144
146
223
20
129
3
3
254
31
125
65
4
136
217
143
116
130
227
145
98
135
156
87
114
245
3
48
197
49
3
119
119
122
3
99
206
166
83
74
185
201
63
153
21
187
75
190
97
119
72
191
217
96
3
158
217
10
68
129
138
217
22
3
223
43
148
98
37
20
110
4
156
63
125
198
151
193
103
28
116
163
43
2
8
142
154
158
162
12
58
81
21
43
112
122
63
173
43
236
110
172
76
117
162
133
21
172
165
163
149
172
174
199
245
148
198
4
3
17
147
246
156
78
120
85
117
231
149
4
237
217
226
125
7
163
173
125
172
4
118
4
217
233
153
188
191
90
203
231
217
46
178
85
153
227
255
231
172
152
68
188
246
