71
146
54
88
32
228
205
164
208
162
216
144
64
242
228
184
95
14
52
208
205
51
165
242
80
242
229
80
174
236
3
107
205
132
175
170
55
64
59
149
136
196
129
223
189
179
208
73
108
76
249
178
236
71
162
165
106
249
129
183
165
66
143
249
205
88
112
164
130
18
229
236
29
101
225
94
236
209
200
113
242
52
179
26
151
225
179
176
208
45
55
205
176
215
29
189
28
250
32
250
182
176
144
165
242
127
47
45
208
71
140
171
59
225
29
204
182
88
249
225
256
249
202
26
202
29
208
184
143
16
19
165
27
62
209
191
162
250
204
127
243
242
146
144
144
80
66
208
225
108
47
127
210
242
157
175
239
42
16
150
100
73
110
208
225
50
39
6
251
27
194
134
135
211
223
209
253
184
182
162
203
243
205
24
205
237
186
138
209
132
46
176
56
10
165
31
204
177
170
150
230
239
236
103
3
151
51
76
111
102
247
199
153
102
206
102
209
15
51
21
195
238
242
214
36
36
244
46
51
27
127
248
56
208
50
151
47
47
25
124
128
44
51
84
208
186
225
66
71
32
98
73
88
98
55
129
99
36
73
160
24
209
146
153
243
170
159
240
179
214
11
202
220
94
143
73
45
220
209
208
16
203
157
13
128
205
151
156
50
255
140
227
27
187
52
66
59
129
52
86
149
239
129
209
230
17
138
180
209
106
146
101
230
91
228
76
16
192
73
45
164
52
52
44
209
210
79
73
71
215
187
210
81
73
52
164
204
177
161
164
125
149
139
80
104
39
133
176
33
208
220
221
247
14
56
145
74
72
149
86
106
150
210
136
45
243
220
1
161
17
157
214
75
172
75
106
82
172
235
222
128
256
129
142
75
172
205
32
151
1
159
62
82
52
191
129
114
153
133
85
72
76
84
190
18
157
240
194
40
84
160
94
225
34
149
211
181
220
248
169
62
105
105
107
75
157
75
94
230
192
105
20
243
85
239
56
106
239
81
84
244
15
45
220
204
106
1
91
72
215
1
215
139
25
65
195
205
72
157
52
110
114
139
30
73
136
86
123
88
76
77
238
6
140
108
6
161
111
110
215
105
72
243
177
72
114
115
239
215
91
249
53
94
76
205
229
108
175
109
248
160
45
29
73
240
191
169
153
125
90
15
166
242
215
154
203
18
239
240
149
25
177
55
157
235
243
210
136
175
149
140
193
54
84
56
243
190
202
108
42
164
159
8
183
105
170
91
253
228
157
140
202
48
163
102
72
64
36
256
132
153
1
151
226
157
52
28
64
254
161
215
157
204
15
195
71
39
210
211
220
170
222
18
25
215
183
62
72
223
62
90
225
236
250
214
155
2
243
2
110
108
171
222
202
2
32
8
58
139
79
30
110
46
239
90
105
232
17
52
126
237
148
244
212
30
177
8
86
67
71
122
153
139
3
116
230
248
225
40
149
85
250
74
231
209
149
73
18
17
2
210
32
237
243
62
220
114
45
158
170
136
7
36
45
122
55
153
199
61
159
85
135
177
125
107
90
164
225
8
203
252
91
137
175
178
70
247
84
57
25
210
20
45
32
58
25
157
226
52
177
126
193
154
125
90
181
133
90
83
181
191
210
231
47
181
120
72
61
91
82
196
116
106
69
230
2
123
125
16
133
141
199
133
139
134
239
27
99
30
252
96
99
86
63
67
118
242
82
55
255
67
159
197
122
242
212
20
2
122
123
74
123
123
159
193
102
76
35
137
202
27
55
249
215
137
20
177
114
14
137
26
67
212
27
256
20
32
230
249
72
77
52
249
191
210
171
23
221
7
62
137
95
114
70
98
99
155
32
82
202
132
48
11
232
11
11
94
149
42
12
56
57
200
82
2
47
139
255
113
219
73
114
99
50
255
240
20
13
114
198
126
23
199
85
21
131
26
251
157
47
170
133
79
86
173
74
188
210
48
249
84
159
164
35
164
23
120
243
191
128
137
220
116
234
32
232
157
141
211
17
61
214
104
61
251
62
202
189
159
210
116
174
84
34
11
242
243
89
225
191
12
159
137
175
172
43
11
220
61
197
202
72
115
164
48
163
89
191
11
2
237
231
48
194
139
175
20
237
167
7
135
88
104
92
197
52
72
57
164
126
232
45
126
20
88
207
237
198
163
191
10
237
11
142
134
237
212
125
132
11
162
131
2
43
160
198
86
244
159
126
72
137
62
247
23
170
191
197
239
88
238
251
160
117
83
218
218
50
242
50
140
207
70
38
110
193
126
254
23
173
154
116
238
163
23
227
218
191
220
159
200
207
205
167
137
255
1
2
211
169
202
1
215
194
56
253
192
13
166
169
195
249
173
34
221
34
65
202
8
210
215
61
110
210
125
86
67
50
70
45
25
18
53
142
27
198
159
50
244
128
133
142
104
202
249
211
50
79
172
8
96
30
5
139
97
156
36
191
125
96
229
114
135
167
142
224
254
75
101
110
33
10
18
148
205
166
79
170
121
91
155
76
76
108
232
256
97
20
253
220
78
23
179
224
38
89
43
71
203
86
116
14
137
142
38
103
160
112
20
127
2
43
30
105
30
108
219
89
142
248
163
215
14
69
42
86
195
142
69
28
174
117
248
202
88
209
230
221
86
169
84
48
35
76
147
248
48
200
18
6
102
178
160
187
125
178
179
6
200
119
163
26
184
157
138
202
139
173
63
44
238
72
249
