196
196
69
140
69
42
42
174
174
174
11
249
94
174
26
91
99
174
174
91
174
174
210
91
94
94
9
99
174
174
172
94
32
111
9
91
183
94
94
99
99
147
66
94
94
99
174
72
99
230
94
174
159
9
99
94
64
25
230
174
45
99
154
174
79
9
230
79
27
99
9
99
174
94
249
94
154
174
99
129
155
154
230
230
242
73
26
94
110
145
91
129
154
99
154
174
5
242
154
243
216
162
169
162
215
248
74
85
160
9
215
94
94
91
9
91
29
85
242
174
25
153
146
162
140
94
184
94
74
94
215
104
153
99
85
26
148
99
228
25
226
94
165
249
71
32
99
138
91
13
216
77
85
199
27
61
183
85
199
72
86
86
215
121
74
99
215
77
215
86
225
32
99
235
157
131
40
85
190
91
72
184
71
73
85
63
94
81
215
77
228
235
72
184
115
139
27
174
235
64
77
235
69
235
153
13
99
85
133
85
85
77
230
157
16
165
64
146
174
215
133
215
189
175
153
215
248
255
215
149
149
184
77
178
80
94
215
197
99
252
215
64
153
235
59
249
230
104
23
26
215
99
235
235
149
215
235
178
133
111
239
214
94
26
23
72
115
149
99
52
133
10
162
9
149
45
248
235
13
133
215
88
207
215
215
197
76
220
31
15
135
159
184
211
184
133
195
215
149
73
32
33
60
62
99
149
235
182
215
149
15
178
63
57
99
215
215
13
220
215
14
99
175
64
79
240
215
53
62
85
34
48
61
215
139
130
115
13
48
215
48
89
31
134
10
85
82
105
215
219
79
108
202
52
62
35
85
189
154
52
62
10
219
10
52
100
64
153
42
154
149
89
52
253
19
199
132
223
73
96
136
115
89
215
240
99
52
68
85
69
196
188
91
10
163
26
53
64
217
10
102
92
90
69
153
253
91
70
14
120
72
5
10
5
219
215
223
237
149
30
255
96
89
64
237
11
197
115
12
163
237
50
35
120
92
198
149
120
113
19
48
72
91
154
199
77
83
69
16
140
2
94
96
219
8
82
52
186
77
8
146
198
147
154
42
82
250
81
26
110
5
76
246
199
154
85
230
69
197
195
153
202
10
147
61
44
212
149
129
237
79
43
170
187
76
162
238
46
91
120
47
19
64
222
83
203
34
6
3
34
108
91
50
237
201
110
85
64
61
238
84
99
76
44
193
170
163
192
72
157
230
62
61
26
179
28
10
83
237
19
230
91
10
82
105
154
43
147
21
5
202
26
47
21
195
192
184
25
161
192
126
83
163
32
10
64
83
147
99
156
144
43
47
196
172
137
195
18
190
192
72
218
81
86
195
201
26
81
61
84
197
26
172
61
27
108
252
169
163
253
99
76
85
53
193
161
155
72
214
242
106
105
148
10
202
213
