162
162
231
220
150
190
243
165
89
95
220
150
95
150
112
150
211
95
243
150
231
36
123
95
10
123
150
95
79
165
251
79
251
144
220
211
150
162
40
89
205
79
112
144
209
251
209
54
3
71
251
177
147
37
138
49
89
238
40
79
128
243
203
67
177
177
79
221
3
128
128
177
141
229
36
138
54
46
164
138
127
67
75
231
141
128
112
81
66
175
106
238
34
231
190
123
112
67
220
128
185
143
75
203
164
28
3
164
115
102
121
47
14
25
204
164
206
40
180
92
61
237
79
95
104
79
253
243
243
180
119
113
15
126
15
67
177
11
161
63
169
171
25
46
16
69
142
108
231
176
119
165
231
37
76
149
204
63
180
3
223
54
40
231
217
204
208
235
123
172
83
205
5
231
15
90
172
211
220
172
91
189
83
171
147
11
243
98
110
169
36
149
59
141
246
199
231
132
121
34
128
181
94
172
191
102
244
147
208
104
90
40
194
239
135
89
102
144
16
112
61
217
15
169
194
205
174
219
172
31
6
11
11
248
155
147
63
46
189
17
180
98
243
144
151
244
177
94
151
3
171
118
170
61
231
95
94
189
15
7
108
102
142
145
107
54
15
203
90
2
204
142
36
205
185
54
177
102
138
130
51
135
8
8
231
36
151
195
154
123
195
218
38
17
194
90
222
15
150
66
8
110
112
231
168
21
144
21
190
36
36
36
236
97
236
205
123
90
6
118
67
95
16
175
192
98
83
40
25
115
163
93
90
105
12
98
8
180
112
84
111
181
174
37
17
94
118
75
38
195
104
192
236
182
174
105
104
190
123
36
237
236
104
35
112
107
116
111
67
54
36
51
181
158
15
123
149
187
47
229
41
76
75
199
141
38
182
14
250
66
66
250
235
199
127
17
147
41
205
15
192
227
239
41
12
74
65
142
182
156
251
63
29
37
120
236
236
234
143
143
208
15
15
115
63
243
172
99
238
110
217
222
75
181
104
227
151
29
5
98
38
199
63
116
120
69
150
61
99
178
74
96
147
250
156
170
168
250
26
98
17
231
111
231
3
230
65
30
14
107
106
250
250
129
19
99
217
54
234
50
190
181
216
208
120
150
18
207
222
98
207
132
160
71
147
144
165
63
230
25
102
181
142
142
21
217
159
137
152
5
171
236
230
204
181
12
71
138
245
229
95
9
58
50
75
194
66
43
207
26
222
61
112
130
74
203
204
95
235
26
3
137
147
130
5
165
210
199
159
220
11
252
230
235
6
38
25
14
143
235
26
208
207
182
1
7
172
200
190
204
85
217
205
99
171
222
190
69
29
17
127
94
196
15
8
142
251
47
16
29
138
29
122
136
108
64
114
132
30
246
66
195
136
63
239
142
208
235
174
170
22
252
175
5
66
190
24
147
107
247
114
248
204
59
228
237
66
107
17
5
128
89
83
95
38
55
147
46
106
195
14
29
64
175
190
22
14
236
130
236
54
24
66
64
26
143
50
156
9
208
8
46
174
63
228
194
207
17
137
96
145
105
55
75
148
243
95
235
58
180
170
182
174
6
141
40
98
102
22
182
180
156
38
184
133
98
184
141
210
18
182
17
180
28
63
76
98
240
185
235
105
181
63
127
84
218
107
172
28
93
71
174
130
130
94
189
182
40
96
81
87
24
94
190
9
96
3
210
240
126
15
84
72
160
37
28
181
138
87
167
245
183
150
245
46
8
207
79
174
27
226
207
36
153
108
97
153
57
76
188
109
245
156
92
112
19
3
63
55
96
7
198
83
153
245
229
47
253
43
57
218
34
207
145
10
189
32
16
62
63
142
251
187
256
3
65
15
28
132
138
210
204
245
42
218
175
88
68
189
115
49
67
210
43
147
147
109
185
178
174
25
190
76
238
61
153
94
117
50
5
3
227
98
127
67
108
217
213
77
179
127
147
104
88
182
181
151
122
203
181
182
54
190
112
137
94
191
200
216
45
122
116
178
7
133
213
194
137
3
188
55
138
25
28
227
108
94
177
47
189
157
222
77
240
210
208
246
143
84
74
161
15
26
232
204
245
66
101
88
172
207
75
152
200
156
36
51
176
169
154
209
24
178
153
227
170
154
156
104
4
29
210
199
104
127
11
224
63
190
211
110
208
88
63
152
141
44
222
44
90
236
218
182
4
110
90
174
227
44
158
44
137
211
108
47
244
151
248
25
235
180
218
77
192
18
180
141
64
126
102
137
105
63
192
244
181
141
227
112
98
190
137
191
75
253
142
224
40
11
148
208
17
137
244
6
207
251
205
234
232
6
44
234
227
155
78
28
198
109
171
211
62
147
118
77
244
253
99
231
227
243
181
127
138
137
140
28
87
119
185
158
246
182
156
148
222
132
25
147
167
47
66
106
127
153
47
246
123
5
1
90
236
99
142
182
225
133
152
167
9
103
222
116
69
241
216
218
61
26
133
222
190
227
137
104
38
39
35
122
97
144
192
213
91
89
94
162
89
199
116
2
213
231
75
166
231
227
77
21
229
180
227
81
237
4
140
227
227
109
218
77
77
158
130
188
109
122
224
49
93
54
14
42
84
94
154
69
44
253
227
227
130
236
178
42
141
237
31
216
10
181
165
7
144
47
132
207
231
203
47
198
127
106
127
46
244
1
31
181
181
138
53
241
81
55
89
140
41
90
246
52
120
78
92
132
194
38
197
242
246
4
239
51
4
11
128
158
255
185
212
185
232
156
170
89
154
129
244
78
91
174
17
222
75
200
109
10
141
101
167
1
137
98
152
119
34
118
1
129
112
137
142
16
167
246
255
207
181
236
54
173
25
64
184
151
38
81
167
66
4
255
251
54
47
69
246
234
47
30
30
132
53
239
233
98
43
119
197
194
53
109
132
153
38
62
211
193
38
75
171
181
221
222
155
169
146
64
74
130
218
89
24
247
163
141
144
156
178
78
238
122
195
53
47
88
221
115
101
124
156
14
112
245
75
162
169
78
116
43
2
102
89
216
1
224
197
138
109
89
2
69
156
15
108
181
30
231
26
218
1
65
217
143
62
111
81
231
38
25
70
145
142
216
234
212
169
212
158
152
214
172
204
158
204
151
49
129
112
10
121
156
248
1
120
57
26
76
160
129
130
203
154
252
47
91
116
197
127
67
81
6
237
5
212
2
101
4
103
5
255
34
149
158
155
178
99
108
227
154
247
150
75
24
109
158
153
98
87
142
103
75
245
193
26
152
5
156
89
26
24
191
218
181
35
187
30
24
185
141
221
96
197
24
226
126
25
38
67
234
81
105
167
203
120
1
85
92
134
181
181
5
1
156
192
140
140
255
26
220
152
58
1
26
140
248
194
171
158
47
99
85
197
247
252
116
132
30
160
24
8
163
102
105
220
211
140
211
210
217
251
24
41
143
36
59
47
160
206
81
96
1
218
15
229
120
9
39
220
205
21
165
253
142
102
165
216
211
234
14
6
188
200
113
218
8
227
251
181
253
213
162
1
1
14
169
197
149
167
247
96
219
127
102
213
204
120
119
110
62
224
142
6
221
116
11
219
130
67
119
255
2
119
40
151
177
99
213
71
6
142
42
32
213
59
224
47
251
217
58
242
36
84
200
94
224
36
43
42
237
132
155
109
204
121
142
158
155
133
94
247
186
227
39
252
213
34
142
193
142
199
84
198
113
224
243
254
136
57
17
130
78
141
158
127
142
110
17
165
189
161
120
137
194
156
156
99
136
60
179
24
116
185
238
105
31
214
4
113
142
168
222
99
26
70
222
247
117
72
253
164
255
160
156
61
211
234
108
217
245
250
151
14
2
38
133
216
142
21
119
156
170
188
120
142
133
142
158
133
98
158
78
113
30
127
99
99
224
133
96
46
244
37
96
35
158
86
159
58
156
106
26
47
26
227
34
58
142
104
132
40
116
61
197
58
251
214
248
191
119
58
58
49
163
158
46
142
206
46
144
61
43
110
56
245
246
142
93
247
234
167
158
158
58
20
119
6
200
119
245
252
13
126
252
255
6
143
56
171
156
224
91
232
6
180
126
120
81
255
124
78
