80
67
67
220
248
220
36
243
141
80
248
40
181
158
108
141
181
103
182
103
179
122
18
113
182
76
248
248
180
108
76
122
40
243
58
181
224
191
158
103
171
105
108
47
185
141
208
13
231
47
122
171
185
15
231
208
122
59
5
182
205
224
171
63
119
6
109
6
135
141
6
47
179
47
109
97
178
135
20
108
191
135
47
171
109
171
119
118
59
8
135
59
191
135
191
191
183
118
205
191
90
47
211
188
205
178
172
156
135
246
241
119
129
241
109
241
30
119
246
244
59
185
191
241
80
245
185
113
118
107
109
1
205
211
185
234
119
42
241
222
246
36
205
244
119
90
58
94
243
135
97
109
191
224
206
205
171
58
211
234
95
224
36
21
217
68
234
118
68
24
152
211
119
58
234
130
43
36
68
113
5
241
24
118
246
135
119
125
17
113
119
205
47
68
113
68
136
171
226
234
28
211
171
24
68
171
136
211
234
244
68
231
58
21
188
100
211
226
42
220
244
188
185
92
191
229
136
244
119
113
37
241
113
58
188
227
229
40
231
171
17
21
21
37
171
191
205
136
119
36
92
144
58
191
183
225
234
171
58
168
98
15
217
37
119
191
93
188
125
135
191
113
168
119
58
59
15
205
171
135
68
68
226
17
68
171
1
225
123
119
119
4
241
205
106
68
205
107
113
123
80
217
107
152
229
168
188
1
68
58
92
171
171
68
142
135
188
234
164
254
58
40
224
152
68
4
191
223
80
245
40
166
119
191
92
205
125
234
78
58
245
205
226
144
164
135
46
246
113
229
217
152
135
37
37
191
4
245
1
188
190
191
4
223
191
168
152
46
245
20
125
68
168
245
119
171
185
113
205
171
194
167
254
173
37
205
205
59
244
205
1
68
144
30
80
191
171
24
171
226
253
67
254
130
194
40
226
4
191
234
4
194
166
211
205
167
241
144
227
191
68
65
68
107
1
119
65
37
168
24
113
65
107
231
231
113
202
58
227
60
113
58
234
231
198
37
107
4
191
167
245
244
58
80
37
168
113
205
58
231
37
130
191
37
59
4
166
185
205
4
202
37
4
40
4
84
65
80
49
68
37
244
231
113
68
205
144
135
191
125
7
78
179
24
191
179
29
59
107
191
205
244
58
125
58
167
68
191
179
191
191
80
227
58
40
193
169
191
173
80
107
58
191
