17
67
67
67
217
42
123
36
172
154
7
84
7
205
41
180
55
140
180
3
107
42
105
3
251
127
205
123
203
123
225
50
220
113
123
110
127
50
219
225
94
147
250
94
123
3
90
90
140
183
106
6
51
166
90
252
250
154
94
16
183
56
209
250
114
180
6
250
251
71
123
71
115
52
194
50
208
134
122
140
113
45
87
209
208
7
153
128
98
225
145
27
209
98
194
32
51
13
88
128
81
151
162
169
150
129
97
162
112
32
51
71
145
98
46
129
74
183
123
123
252
98
3
81
81
128
47
11
242
31
150
128
84
23
105
140
113
81
244
40
22
47
150
128
256
95
87
226
140
11
11
94
244
37
128
138
102
62
114
126
14
128
108
220
65
106
175
136
183
128
242
242
81
148
149
129
150
242
112
51
150
150
55
81
148
242
250
208
11
242
71
212
106
147
112
51
50
209
136
204
62
41
98
81
142
100
251
208
140
81
11
75
50
128
101
16
127
251
156
90
86
175
32
244
97
190
190
182
128
71
126
127
27
178
136
95
244
165
165
47
140
229
50
113
244
153
209
244
19
153
41
223
240
145
59
119
220
195
81
50
204
208
74
11
75
183
93
3
164
32
18
54
253
203
50
25
123
242
62
11
50
27
140
229
203
72
62
9
112
208
41
103
208
27
62
238
230
175
194
41
154
242
208
41
175
90
136
11
27
62
176
75
72
188
51
81
56
72
242
34
103
14
81
41
81
207
66
149
19
242
126
178
75
123
127
55
204
127
27
183
72
112
136
71
95
225
95
50
72
51
208
129
2
129
12
225
236
230
112
73
242
72
72
254
200
62
27
81
27
72
209
72
71
72
207
35
180
208
126
27
47
242
228
62
72
54
27
95
72
81
37
112
145
58
108
183
72
191
177
244
52
225
72
221
86
229
27
159
208
16
250
13
45
62
190
190
141
81
183
203
47
204
121
200
222
46
47
213
185
34
23
27
249
222
71
230
224
50
183
72
62
225
81
152
74
3
227
242
71
126
121
222
72
238
237
119
242
198
75
6
123
163
71
11
17
11
58
239
119
6
27
112
177
200
223
222
88
119
106
197
72
37
194
70
187
138
231
119
34
76
222
123
47
88
183
208
153
186
90
251
109
146
203
202
73
151
54
111
27
81
94
120
62
63
224
76
194
172
136
92
202
200
23
220
248
157
82
242
37
200
221
164
230
249
34
177
42
62
248
208
199
139
141
200
253
138
58
209
119
62
58
190
239
145
141
145
116
133
228
159
254
90
141
202
215
91
183
66
224
251
88
118
235
153
51
18
92
88
217
99
19
96
159
120
99
177
83
232
81
129
123
86
183
90
225
32
58
36
50
151
23
71
171
95
105
242
74
157
72
206
250
248
208
237
128
136
148
174
183
218
92
145
112
75
17
11
153
204
23
201
178
204
151
231
133
74
138
190
96
151
188
20
148
72
16
228
218
151
248
92
6
119
94
189
149
237
49
218
221
71
67
86
44
190
72
197
101
72
151
133
72
121
23
200
120
72
208
119
188
250
104
119
23
231
37
72
221
61
242
245
23
63
44
114
119
32
200
173
155
155
89
201
73
23
243
79
244
243
245
57
86
86
52
223
26
228
21
186
72
250
3
165
148
151
86
245
36
28
24
163
123
3
98
55
7
160
204
75
31
54
197
23
124
96
209
115
40
140
38
147
23
151
58
18
37
12
225
72
248
116
82
209
86
146
37
163
158
211
41
248
203
175
197
139
89
232
3
112
138
17
101
23
209
73
154
153
253
190
3
55
254
161
112
141
154
245
219
146
45
79
186
126
236
151
23
184
9
202
23
228
23
175
250
134
12
23
151
63
152
224
198
178
47
13
76
6
3
23
184
178
238
191
155
16
197
72
145
16
112
58
74
173
215
198
190
24
58
58
5
73
132
156
6
23
225
198
5
204
225
73
160
81
58
208
246
175
112
116
204
197
83
18
54
225
209
4
6
4
120
6
162
101
250
149
197
86
89
77
252
74
79
3
128
6
125
248
63
217
47
47
33
197
183
159
173
72
208
161
131
119
151
193
157
229
225
102
191
42
228
62
86
149
54
165
193
122
32
106
248
221
147
184
111
163
151
229
164
50
12
73
237
238
81
91
193
158
47
175
9
163
109
63
85
180
52
72
225
214
26
58
28
23
235
46
117
23
94
86
71
160
155
54
58
112
254
88
125
220
187
254
54
119
57
72
158
77
234
160
5
96
53
242
73
142
163
160
23
163
47
5
96
115
214
248
248
172
238
173
175
54
90
95
242
112
224
256
62
125
24
6
15
23
167
198
182
119
54
242
189
248
164
198
115
189
172
254
62
222
81
102
112
12
103
96
55
151
153
23
129
201
149
62
82
112
15
184
148
202
151
151
28
227
63
198
256
208
90
138
197
201
18
23
161
119
63
140
169
242
145
91
23
12
59
133
23
47
227
168
141
140
229
186
46
125
152
75
25
152
23
188
58
202
28
22
224
151
241
189
245
232
134
28
247
77
119
224
107
224
23
220
238
206
229
158
145
18
140
145
143
92
163
235
163
62
16
206
197
85
111
81
156
65
49
180
252
52
157
181
246
169
54
92
73
117
159
46
108
189
15
152
18
178
63
52
185
61
107
26
119
85
85
182
82
43
23
105
5
165
198
21
108
74
7
55
188
67
15
85
17
227
24
77
144
163
23
189
158
73
246
90
201
23
119
77
178
133
227
246
227
196
138
63
241
115
142
23
4
64
241
227
119
1
26
173
81
229
95
15
163
148
57
163
6
65
171
23
134
141
206
152
112
163
110
12
235
77
92
149
213
85
35
4
109
215
52
111
198
191
42
119
122
249
128
256
1
138
8
181
201
201
201
63
121
77
152
203
69
85
72
141
37
191
124
78
242
41
9
188
182
201
213
34
26
155
235
112
215
170
97
163
169
10
196
85
116
82
215
65
62
200
23
24
21
256
248
202
227
54
24
98
103
163
162
85
46
149
12
232
238
72
148
140
98
170
238
217
203
230
94
160
18
112
209
10
227
156
15
227
142
178
10
234
163
162
77
165
133
160
82
23
238
162
211
82
224
254
148
126
178
148
103
118
37
120
221
163
218
82
255
85
133
161
227
170
120
230
72
43
153
186
72
163
227
52
224
101
161
12
101
152
236
151
87
64
186
102
148
73
18
43
160
40
221
15
107
124
232
163
162
148
161
163
85
188
55
160
157
93
197
197
15
124
237
24
134
171
133
190
111
163
154
237
141
238
160
148
6
13
133
87
194
228
156
70
188
148
163
227
232
17
163
188
170
196
237
96
189
161
204
251
89
170
81
133
188
183
188
85
163
70
99
204
237
156
163
3
245
214
85
241
179
98
44
117
171
133
218
182
118
55
118
217
160
151
162
8
161
231
109
253
162
157
133
155
200
188
163
72
82
92
194
197
133
242
40
246
16
233
101
103
152
244
148
61
152
181
48
110
62
9
152
232
163
163
157
6
246
91
206
141
85
254
43
122
155
89
73
218
108
224
27
147
77
163
24
205
244
196
204
48
188
201
241
184
8
246
241
152
35
148
152
204
119
139
73
152
69
239
133
147
137
241
163
50
25
256
154
126
133
152
163
194
53
163
163
133
246
133
197
147
147
85
152
4
133
254
155
70
163
210
82
119
203
194
133
133
170
133
10
25
152
218
70
25
82
197
12
227
159
48
157
159
148
227
12
102
43
25
39
115
246
62
203
197
152
217
