18
138
251
81
81
166
13
81
95
142
253
212
182
29
134
164
160
206
128
79
116
34
119
112
55
55
248
223
222
170
240
36
26
18
132
164
35
14
11
30
20
169
209
201
70
211
123
67
59
61
223
6
152
64
251
89
87
81
242
201
108
119
179
83
40
40
58
119
100
251
247
121
229
121
31
83
11
187
128
194
208
227
14
185
108
109
244
14
14
100
134
248
142
11
81
238
233
128
164
223
241
196
14
100
81
6
108
65
194
30
96
147
10
121
129
216
71
203
35
65
61
203
113
147
237
110
87
65
30
189
110
11
88
186
30
93
205
67
141
10
106
110
14
61
163
96
253
5
140
163
35
34
164
138
121
129
81
87
8
212
6
228
60
229
88
161
164
144
61
24
156
157
211
220
175
112
49
244
14
147
125
46
111
49
238
220
222
46
146
237
233
5
240
241
248
250
11
58
229
76
66
192
244
166
89
46
5
65
144
140
6
3
91
238
51
223
167
119
58
110
134
58
67
54
129
51
121
187
167
195
252
244
31
195
201
166
14
21
1
196
256
248
4
24
196
40
96
204
161
195
179
5
103
170
28
84
180
7
239
18
145
210
128
111
103
21
172
243
250
65
153
90
144
150
35
205
180
134
194
110
10
195
230
37
161
21
90
2
126
100
234
220
107
112
250
43
187
152
55
180
65
196
244
201
191
236
145
114
204
221
107
170
17
170
75
179
61
93
108
119
196
61
24
201
90
130
179
1
89
190
65
16
119
125
8
218
248
194
19
22
89
47
65
195
169
147
28
119
6
187
79
58
6
110
205
103
70
242
6
252
36
27
76
80
229
196
145
89
40
190
55
240
34
119
201
194
170
90
17
129
204
171
35
75
108
90
201
108
21
42
129
18
129
127
187
198
96
10
212
93
229
51
187
16
64
64
238
44
31
39
169
230
13
223
229
6
236
3
220
249
25
83
211
139
18
238
121
8
227
161
14
46
6
83
219
196
91
67
175
8
4
89
60
35
75
108
47
168
240
107
130
242
169
113
61
111
14
96
203
204
233
142
95
20
8
253
108
88
89
107
233
18
34
187
229
192
34
74
212
126
162
29
81
107
187
134
145
77
252
198
108
185
194
228
107
180
237
94
205
5
19
217
187
187
65
142
195
120
96
78
231
175
144
190
18
239
126
242
2
129
3
221
34
223
247
144
203
134
130
238
229
211
108
47
103
223
87
1
191
38
238
220
11
179
161
71
8
134
106
63
36
26
65
205
161
6
185
130
192
17
229
126
50
43
240
37
65
46
175
98
94
38
222
62
90
10
223
136
221
140
21
219
250
121
26
115
169
160
107
67
245
121
147
14
251
238
169
171
138
204
14
169
106
185
16
174
113
250
30
5
68
46
217
210
147
83
108
106
93
61
223
119
195
36
185
19
248
94
65
229
154
24
234
223
64
4
90
242
108
107
191
76
205
5
136
205
34
14
207
8
69
108
201
65
120
111
248
18
240
190
70
187
121
113
58
187
105
195
244
228
93
35
13
223
123
142
231
97
170
180
11
93
130
49
122
142
229
30
2
113
187
40
35
9
76
222
147
10
219
107
181
198
127
150
153
166
144
111
222
239
5
253
74
248
72
5
46
34
58
107
191
105
201
160
65
230
96
61
187
236
30
126
108
182
248
130
147
226
229
35
31
111
154
34
93
69
34
142
30
34
89
130
132
243
47
46
127
241
89
36
168
61
9
242
96
5
64
120
83
210
8
154
61
241
34
140
201
203
89
187
239
187
33
28
147
102
132
141
164
144
188
240
223
119
185
39
147
107
253
184
206
24
29
96
229
81
190
81
61
240
10
138
117
88
187
83
83
221
174
108
100
89
18
107
146
34
96
227
222
205
9
111
238
64
185
204
241
69
221
79
75
107
195
171
105
201
100
191
167
160
38
239
229
83
94
25
222
89
76
233
35
170
29
90
126
34
205
14
14
244
248
43
29
96
144
236
89
94
83
125
191
191
132
61
93
61
118
201
87
104
52
30
194
8
105
71
152
5
130
18
92
11
199
19
86
88
238
97
93
113
93
169
24
130
105
81
22
130
76
241
14
47
121
201
253
5
144
91
35
65
15
61
224
58
229
201
182
179
174
232
17
34
229
58
102
138
90
147
223
8
238
103
59
113
5
187
10
172
57
201
199
201
221
251
69
238
83
83
108
195
120
75
1
6
3
24
93
30
65
248
8
88
96
196
119
83
167
147
129
121
40
170
171
37
5
30
58
47
187
10
206
119
83
167
61
168
185
201
144
1
219
242
61
206
18
141
90
47
252
198
188
79
121
236
190
186
219
152
96
101
201
195
46
58
96
37
224
130
58
109
169
93
223
203
29
198
108
73
187
10
195
201
180
127
88
61
58
185
126
195
35
46
231
60
190
21
190
191
126
40
33
175
107
134
119
87
194
64
169
73
191
14
181
130
91
63
90
134
20
8
123
104
28
220
187
203
11
152
125
236
90
219
187
144
11
236
253
203
246
224
90
14
240
95
38
83
226
203
138
146
40
121
248
96
25
108
156
7
219
136
212
35
96
236
16
14
28
221
201
146
110
58
8
10
76
5
236
83
217
108
46
47
28
88
76
163
41
5
107
169
223
185
191
131
242
219
206
61
81
228
241
130
28
76
105
47
244
237
203
147
130
74
3
37
126
111
96
169
159
244
113
113
238
224
201
35
14
118
137
46
115
33
107
195
174
236
15
17
181
90
18
238
54
213
123
65
120
100
78
191
11
41
103
49
31
135
89
136
130
24
136
231
3
248
241
93
102
41
83
103
98
203
34
93
90
39
190
4
238
68
1
17
174
90
107
150
108
87
169
125
83
248
59
76
11
90
119
190
102
40
172
107
77
103
187
134
84
144
221
248
107
253
34
185
201
5
83
35
169
170
191
219
210
130
144
35
252
171
166
251
201
152
24
10
61
196
40
185
56
83
112
5
195
6
104
84
216
75
194
34
87
5
138
236
35
240
16
93
190
158
38
38
126
169
169
151
191
241
199
110
179
63
14
47
41
75
229
89
96
65
156
84
252
38
57
248
21
46
234
160
5
46
6
91
101
125
38
187
240
201
130
3
86
24
88
34
46
119
93
111
251
104
47
50
47
69
109
94
96
234
8
10
83
19
7
185
221
22
190
206
118
199
28
46
91
41
169
194
34
201
83
242
185
42
136
91
75
93
88
219
65
119
93
40
192
170
139
123
83
251
105
107
223
141
248
103
34
210
87
34
83
231
229
172
229
41
195
180
229
120
236
137
35
83
83
38
238
21
172
11
78
11
187
170
130
240
238
146
78
201
251
24
221
247
95
147
127
179
156
234
245
237
187
126
5
162
128
26
14
26
255
69
24
187
89
200
19
19
24
24
185
10
49
5
171
223
211
196
216
201
5
46
14
171
121
212
43
147
219
35
253
185
160
81
229
199
201
167
30
19
108
126
103
21
160
108
185
65
191
180
222
151
238
200
65
194
87
255
28
171
169
64
76
81
185
255
47
239
187
127
174
224
200
43
90
144
26
83
169
50
34
191
34
34
241
203
121
119
107
171
254
35
221
218
145
138
138
81
19
196
185
76
1
81
48
221
94
92
234
181
171
88
5
170
188
244
228
128
145
238
76
190
103
78
123
113
240
91
111
234
91
136
147
83
123
142
254
144
204
160
93
21
244
253
150
132
94
229
142
240
120
229
47
231
216
79
89
227
94
126
20
227
185
102
113
146
89
43
92
14
126
96
61
146
121
146
118
8
34
93
232
96
34
105
207
19
9
181
144
185
40
150
67
2
238
191
117
244
245
78
220
194
66
185
244
187
46
144
35
95
227
181
113
81
83
243
102
83
229
195
169
107
40
189
222
31
182
125
247
219
187
118
240
81
96
223
19
152
187
130
96
236
169
201
35
119
109
223
92
10
190
191
147
67
19
121
10
128
244
185
19
221
16
244
256
111
251
203
144
191
132
181
34
236
103
180
65
236
98
194
130
254
248
252
195
79
156
226
244
119
159
224
19
21
144
190
43
172
89
132
102
246
81
142
43
61
102
96
206
212
201
144
115
191
221
200
96
21
231
244
191
36
59
254
118
83
212
224
35
35
34
78
201
64
89
115
61
24
78
76
221
187
47
19
132
218
207
246
34
234
245
94
36
34
138
230
83
240
136
61
250
36
153
178
210
254
21
136
205
121
2
21
212
144
60
66
227
195
83
101
254
8
159
76
146
34
129
212
238
20
18
8
173
93
253
121
211
37
252
252
186
227
200
195
170
201
121
212
78
102
123
222
157
34
108
2
149
192
2
180
126
47
201
35
113
96
244
25
34
130
244
118
58
244
89
142
109
34
21
170
239
147
71
160
199
135
78
156
71
105
231
211
231
81
49
81
211
181
17
238
102
43
156
91
206
130
254
132
7
248
18
59
47
1
96
43
89
147
154
96
65
176
25
67
67
93
61
223
156
83
69
135
47
36
180
115
179
191
228
83
96
130
19
35
5
178
227
170
187
65
169
61
147
217
128
69
169
43
190
65
44
221
83
160
190
121
76
93
188
130
43
174
20
24
105
81
21
83
16
254
185
245
190
252
244
61
170
83
37
94
69
2
128
219
18
191
34
121
154
2
111
58
61
102
83
61
11
100
21
160
98
201
175
194
28
237
154
37
252
135
191
8
5
254
89
83
203
201
160
187
244
247
205
64
211
142
1
225
2
116
108
242
135
229
37
67
93
94
147
119
156
121
141
154
10
116
186
21
254
125
44
105
144
96
212
64
190
251
145
126
98
244
61
250
152
152
11
127
119
94
184
211
157
70
21
83
69
11
61
83
111
244
212
79
129
238
69
125
78
36
35
61
61
247
125
156
91
75
109
147
219
227
129
238
251
79
129
4
200
219
69
36
105
69
61
119
157
67
96
5
67
220
147
66
227
198
201
191
152
18
83
36
47
251
198
120
125
69
254
9
125
61
119
191
201
219
119
83
47
229
223
19
200
181
199
187
251
201
135
222
91
221
202
36
199
36
212
191
126
254
147
147
203
63
212
200
235
114
135
91
184
235
200
187
220
245
235
184
47
6
191
184
126
