80
164
166
164
29
55
168
80
249
15
186
206
90
90
84
249
249
146
131
29
194
90
106
29
108
29
84
194
106
97
235
33
162
249
186
55
184
162
33
77
90
192
184
59
97
96
191
194
52
168
96
211
73
194
84
28
181
80
91
146
162
184
108
146
235
235
203
191
250
184
205
184
96
183
27
66
94
191
94
211
184
211
59
33
205
135
25
146
211
84
29
166
3
206
206
50
206
231
10
66
60
90
63
28
94
135
111
34
231
174
184
105
42
90
28
135
100
135
206
80
60
146
87
105
251
105
184
99
135
10
235
231
55
216
129
85
5
194
118
36
176
87
162
80
29
21
164
42
146
226
91
226
179
140
115
168
87
157
172
52
52
106
21
52
146
26
168
120
168
38
39
31
36
5
35
60
176
106
187
140
135
135
9
59
216
62
170
106
135
110
105
1
187
79
128
105
105
15
60
55
53
60
3
128
230
146
187
202
128
176
55
59
37
256
29
153
59
63
33
39
37
56
202
9
31
186
52
52
33
202
218
203
199
155
35
146
231
196
157
135
95
56
146
186
78
106
100
9
211
26
54
131
226
91
117
60
120
140
95
211
154
170
110
206
104
3
153
182
115
110
12
146
192
202
155
135
155
214
106
39
140
226
44
26
44
42
220
162
128
163
181
135
51
80
202
243
207
95
51
100
232
159
176
165
123
39
52
132
106
70
157
86
12
226
44
135
42
137
25
39
65
60
80
192
17
182
186
214
207
32
207
116
237
248
9
139
53
115
140
189
215
39
246
115
79
106
9
99
44
214
111
26
56
100
56
168
155
137
94
42
232
42
133
10
157
189
56
72
27
39
44
105
186
37
11
132
157
145
213
63
147
214
202
106
42
109
159
207
189
137
179
45
39
106
94
207
207
202
161
44
115
26
52
86
150
43
39
176
213
11
213
26
132
70
220
196
178
42
26
252
52
249
86
180
162
255
86
39
57
124
220
86
247
140
35
117
138
100
213
189
42
196
139
132
97
146
69
132
192
155
169
63
45
161
9
86
44
12
52
159
159
195
12
140
115
218
214
94
115
132
52
249
33
37
159
42
99
33
56
220
135
42
15
86
133
53
61
56
45
155
157
157
91
189
60
124
56
214
9
157
192
117
213
31
42
50
79
42
42
117
44
88
256
60
226
117
94
12
42
39
176
42
44
159
25
232
192
195
69
9
72
137
65
155
42
161
56
219
148
117
190
26
3
158
12
213
12
9
44
50
176
86
45
196
163
132
132
202
205
115
110
50
138
64
247
11
202
88
117
146
214
216
115
214
214
192
213
115
45
189
240
146
39
179
115
192
232
124
115
25
232
42
26
9
44
9
42
86
155
214
161
117
26
189
72
137
213
176
190
45
44
64
115
42
202
138
157
196
213
42
106
207
140
161
218
44
170
132
192
44
192
42
161
55
192
193
249
202
161
25
115
39
86
42
207
26
249
193
161
117
15
232
207
39
192
45
210
232
132
168
252
219
159
213
249
213
155
161
60
192
196
133
155
70
207
159
70
161
110
70
44
117
42
213
45
10
86
9
44
193
44
135
44
137
32
12
232
23
45
48
214
77
42
131
86
15
115
153
196
26
9
192
12
189
16
213
155
192
192
120
140
193
138
196
213
148
137
17
77
26
97
207
44
115
213
199
132
44
26
86
181
26
10
157
137
157
159
45
56
149
157
197
39
42
163
129
15
115
221
65
91
163
192
249
26
213
196
26
196
33
214
44
42
91
42
161
33
55
44
153
29
213
159
197
44
133
249
221
86
42
117
117
56
249
249
214
192
79
115
149
33
157
69
53
202
42
213
238
213
42
39
213
189
256
184
12
49
153
189
158
10
163
155
56
162
124
219
159
60
45
161
256
63
60
45
117
214
26
56
39
213
45
213
242
140
159
133
159
115
39
44
207
202
161
163
163
106
249
249
219
53
48
213
213
178
44
117
161
189
45
42
42
53
124
86
146
79
115
157
135
137
189
91
161
12
109
159
213
124
12
184
151
249
196
158
44
56
170
115
44
213
109
39
44
133
213
189
79
9
202
12
26
70
72
148
256
249
148
91
79
157
157
48
115
69
72
39
155
115
48
79
189
176
80
42
214
214
45
10
159
77
45
42
256
79
42
148
163
44
124
214
213
146
31
10
214
91
10
26
88
26
213
32
186
42
158
155
155
26
238
10
196
109
192
214
79
213
137
115
12
33
56
115
79
157
109
157
189
42
117
135
159
139
3
242
149
39
161
124
203
43
53
26
214
232
44
163
189
155
56
207
137
149
42
86
86
33
104
44
53
256
157
161
117
79
242
232
45
232
157
53
214
115
116
256
42
45
117
72
176
56
189
155
9
192
42
249
53
205
12
53
157
79
10
117
124
70
176
155
124
192
158
192
190
79
202
159
115
214
135
199
26
207
252
70
192
163
137
137
12
53
157
163
176
12
44
153
52
42
163
163
133
213
39
70
228
56
214
70
157
39
56
158
202
42
137
214
117
157
197
163
164
249
137
70
133
163
159
213
39
213
33
163
240
240
157
236
181
207
39
133
213
42
214
44
159
86
124
213
115
53
44
42
117
25
42
202
79
213
214
86
77
44
155
86
203
106
213
213
155
161
161
214
12
33
213
33
232
44
65
213
192
253
196
163
256
115
213
213
115
45
220
56
