249
164
162
164
166
146
84
162
146
84
84
249
230
230
186
84
84
162
143
209
143
214
208
191
84
143
7
160
84
249
164
249
21
7
7
80
91
143
73
31
230
162
164
73
7
162
84
231
243
162
166
84
230
230
191
143
209
162
230
73
143
162
113
244
80
162
214
7
209
209
84
104
165
91
231
75
162
27
144
80
17
231
194
7
146
200
84
17
231
165
25
47
107
47
199
205
191
239
52
84
84
256
71
87
165
166
52
7
191
229
208
143
174
203
84
87
107
160
20
185
107
42
231
143
7
231
47
94
191
59
191
144
62
43
113
176
138
165
256
208
229
239
245
176
234
84
67
166
194
245
208
176
243
160
209
194
165
144
171
229
7
40
140
28
67
191
234
231
229
211
229
59
91
119
7
90
84
194
242
19
154
146
95
151
223
67
209
65
256
166
80
243
146
165
208
225
194
164
229
75
67
21
36
59
231
256
250
199
42
80
87
231
113
244
21
87
16
225
208
231
107
31
144
59
7
203
236
231
144
174
58
39
231
208
194
237
66
35
195
25
102
256
208
5
162
46
50
250
35
229
194
165
231
19
89
8
177
209
143
107
136
229
90
165
31
89
89
243
165
42
146
107
177
7
228
90
90
256
21
177
95
31
32
236
9
80
29
223
17
1
244
71
165
51
147
113
194
113
74
239
80
208
51
71
252
239
121
191
239
129
21
229
71
126
225
146
225
243
185
185
98
146
231
152
98
229
222
181
195
17
229
183
89
225
229
121
90
256
84
122
225
144
140
107
13
112
107
191
251
36
105
229
80
231
40
18
181
17
17
113
251
125
191
169
81
107
93
109
174
99
223
107
203
121
119
238
251
60
6
223
181
66
150
83
98
80
244
7
52
107
126
256
227
227
209
40
3
92
209
72
98
55
115
83
52
182
186
244
251
55
164
225
209
203
91
151
37
8
67
231
229
175
119
29
8
15
244
91
243
112
115
241
204
160
256
25
84
25
138
80
94
162
75
186
61
8
33
169
119
72
244
15
191
204
8
6
21
244
67
36
55
199
42
179
31
169
209
36
199
191
119
203
47
112
194
118
252
244
175
125
174
96
223
204
34
221
223
153
72
8
123
88
126
231
68
256
244
75
251
162
225
160
180
118
91
87
28
66
164
203
16
91
6
153
186
164
80
105
256
107
7
204
234
251
231
206
107
47
119
113
98
113
7
8
82
58
125
195
24
150
195
152
230
21
253
144
47
113
144
249
234
91
80
113
47
89
138
28
225
198
62
40
191
107
112
59
231
87
91
21
179
164
21
225
113
186
152
219
209
113
255
8
25
239
6
81
139
225
212
107
227
206
103
121
40
249
71
36
179
119
144
211
253
21
107
73
103
254
193
80
139
80
152
126
119
221
59
146
186
37
150
63
18
231
92
66
181
248
224
80
119
161
113
152
221
219
14
92
20
40
179
96
98
52
128
125
122
14
231
113
91
194
235
209
37
195
235
179
165
125
230
4
32
107
87
154
182
58
123
152
181
184
28
244
5
237
194
153
185
122
102
151
211
38
68
165
20
87
256
119
151
221
127
8
210
203
119
41
116
82
224
11
193
38
20
33
234
210
165
225
34
73
219
7
58
18
20
256
40
107
18
194
107
40
164
62
169
88
188
66
14
160
150
234
30
159
130
229
89
219
244
152
156
5
181
185
170
58
154
11
65
109
244
123
58
67
234
185
132
113
165
212
138
229
114
177
71
7
72
191
207
210
116
150
223
119
138
7
177
87
244
194
104
225
122
25
125
5
251
183
244
182
165
190
244
38
40
233
7
83
113
88
198
80
142
129
229
199
21
117
217
25
81
234
77
98
88
67
239
225
229
54
198
78
232
145
234
239
253
198
119
229
150
71
253
185
165
20
185
65
119
65
50
212
151
30
205
206
229
195
66
107
240
219
225
18
224
216
113
224
87
8
107
244
13
36
250
182
1
87
207
31
212
188
67
42
144
253
8
194
117
90
4
121
185
165
122
87
135
174
150
234
59
105
105
160
244
75
213
106
188
206
104
180
204
225
166
146
234
231
191
225
244
230
152
61
209
64
203
231
81
88
87
115
22
165
191
211
95
122
160
59
56
117
198
87
36
71
151
231
107
191
20
88
98
115
42
113
8
254
212
7
109
199
65
234
234
151
87
59
152
153
16
61
156
21
152
136
200
152
24
185
256
200
68
217
235
142
65
96
20
232
197
152
200
90
245
234
200
152
253
200
151
135
30
83
197
40
200
161
138
64
213
33
64
186
34
244
65
186
20
185
254
20
119
166
85
8
119
217
43
20
207
20
7
139
8
192
151
244
34
237
156
180
33
129
242
230
88
20
152
239
52
232
120
107
204
173
211
188
64
223
255
245
88
89
191
230
180
194
21
240
200
148
4
230
248
152
152
113
4
185
109
184
170
71
61
61
4
89
244
223
244
113
72
20
52
244
37
65
21
191
88
253
185
68
119
237
244
144
150
247
4
145
185
49
199
234
52
21
231
118
185
228
115
172
191
222
43
234
190
171
249
98
58
13
231
234
43
228
161
185
68
43
135
7
200
246
70
252
180
254
93
185
20
64
241
185
199
151
104
246
166
193
254
244
131
11
135
115
78
173
152
185
102
244
163
121
33
166
30
119
11
135
33
224
36
186
254
114
180
21
204
5
188
202
191
125
224
57
19
193
49
255
58
2
19
237
125
125
62
21
166
224
4
125
40
4
90
195
156
125
131
246
36
169
90
36
193
256
138
173
90
2
223
203
256
203
152
113
97
125
152
222
20
240
20
125
131
156
156
2
186
185
254
246
92
234
173
204
47
94
222
180
92
89
92
143
226
114
144
138
131
213
53
80
7
31
191
21
125
156
113
185
232
225
36
80
113
188
89
234
146
113
152
92
78
52
152
60
52
80
20
113
96
200
125
144
254
4
234
203
254
198
170
107
119
36
188
8
92
198
203
186
146
185
125
78
89
199
152
125
217
236
21
240
109
104
191
21
125
191
132
92
203
152
125
21
92
200
119
107
152
242
137
191
35
35
156
72
125
191
35
221
169
157
125
4
