209
202
162
7
47
174
126
51
115
194
67
194
155
166
22
51
230
8
147
160
162
152
126
213
200
61
80
125
160
118
234
126
129
126
126
51
94
165
121
36
126
98
98
51
122
98
111
253
36
122
98
154
165
165
106
202
165
154
129
121
154
126
164
141
154
7
213
154
152
165
5
129
226
234
122
157
139
94
104
129
122
98
243
94
87
51
122
174
152
104
80
104
34
110
122
87
165
67
244
180
244
174
122
94
94
189
7
172
173
209
154
45
94
67
244
94
154
146
231
165
122
110
172
174
51
122
144
71
118
176
94
174
42
7
251
7
243
141
130
9
181
104
171
129
254
104
94
243
34
6
51
123
243
243
173
81
129
243
205
94
200
7
141
43
244
99
123
107
8
244
99
120
207
94
17
17
26
234
94
45
141
34
118
191
254
191
208
141
231
112
141
234
254
129
234
172
84
141
234
207
108
176
87
246
244
126
173
216
23
225
7
165
160
243
247
218
116
191
154
152
126
156
152
77
204
94
5
23
237
141
65
74
80
234
215
175
108
102
243
141
42
225
12
230
218
234
118
165
191
152
244
191
244
156
165
119
191
117
9
154
156
174
204
162
234
21
218
174
44
243
191
122
18
47
122
118
90
117
40
225
254
155
88
91
236
122
84
254
119
107
122
121
108
175
230
42
178
21
126
186
122
122
140
77
111
42
242
242
144
84
173
173
45
249
106
198
242
228
107
149
86
84
173
234
56
46
218
119
154
141
191
244
91
218
21
95
156
106
18
162
85
50
53
152
234
191
191
246
162
209
162
167
84
156
67
28
192
224
112
175
254
154
125
121
117
28
246
21
47
109
154
18
119
184
150
191
234
209
149
191
218
153
244
3
153
227
184
119
237
160
170
178
9
227
52
215
218
164
216
204
162
114
74
243
73
86
162
237
141
125
249
125
50
191
114
218
52
222
12
152
225
107
67
213
165
173
18
191
152
225
255
21
172
3
244
109
7
203
234
50
126
19
153
114
125
191
203
225
153
191
216
61
7
191
141
77
20
249
109
162
246
202
186
72
202
9
29
6
109
185
198
99
3
202
146
249
121
9
72
178
86
67
99
153
225
234
84
225
156
152
84
119
166
4
72
40
174
15
198
61
177
67
186
225
254
72
234
191
82
52
9
83
109
237
74
185
126
147
214
125
29
152
186
109
130
160
152
213
52
256
140
191
138
91
191
52
77
9
115
215
110
192
253
195
179
56
166
253
202
153
191
163
246
117
153
77
15
39
85
52
81
52
19
120
81
215
170
31
119
163
12
146
202
191
253
52
246
152
153
77
207
73
163
214
160
9
72
224
72
109
202
246
163
109
25
52
185
213
215
27
138
131
29
138
202
34
72
77
246
246
224
234
202
77
77
77
181
222
140
86
153
202
125
25
15
173
215
15
56
39
109
177
14
85
107
34
202
61
86
161
138
140
25
253
191
137
39
256
91
191
51
114
202
27
234
31
72
56
39
124
253
31
212
55
69
153
131
202
170
167
77
8
145
42
77
232
62
207
215
255
191
140
145
231
202
192
230
27
186
20
77
191
138
153
131
111
177
255
77
115
188
243
40
125
197
255
84
52
137
214
200
234
99
113
146
125
221
139
178
234
48
215
202
