80
7
203
186
176
68
249
256
52
95
195
150
80
121
169
135
209
135
150
146
194
203
31
102
25
205
203
73
62
25
191
253
166
182
253
203
231
241
31
89
31
25
31
68
131
253
203
9
67
174
240
166
7
174
31
203
84
240
207
174
55
113
166
162
146
25
88
67
174
202
138
31
27
66
67
195
44
230
84
176
256
231
28
140
31
55
73
35
249
55
42
182
58
244
176
31
176
110
7
75
131
55
256
253
244
208
170
31
252
92
253
75
31
59
29
77
185
164
27
75
166
229
105
83
239
249
130
244
231
256
140
94
243
154
104
42
243
59
182
187
74
206
114
172
229
109
84
58
193
216
73
176
96
146
85
164
194
77
256
73
177
176
27
169
136
136
204
135
4
249
114
105
176
8
154
114
195
59
229
31
249
151
71
165
249
138
188
14
127
77
106
11
239
96
154
171
243
73
133
245
242
188
21
138
75
42
87
31
76
8
77
123
253
31
31
256
37
176
106
58
90
216
114
62
188
199
39
37
72
11
244
7
81
96
131
33
79
150
138
249
143
206
182
113
92
252
136
167
42
255
229
231
114
7
129
47
220
52
3
230
25
76
194
11
176
242
220
247
175
105
191
256
235
118
51
127
140
169
92
138
219
170
12
177
42
129
154
181
181
253
37
182
114
76
144
198
125
69
39
4
51
102
22
79
146
77
42
18
154
154
140
237
54
245
227
211
106
22
79
217
126
92
92
109
115
140
253
140
243
122
17
33
227
226
140
92
186
231
18
143
37
106
39
51
146
79
182
154
140
39
182
95
209
33
106
2
39
10
190
145
33
92
135
140
33
30
140
165
212
28
42
106
169
10
93
32
54
92
187
106
2
34
11
33
14
228
74
183
139
166
145
93
168
168
106
19
183
114
33
42
17
191
145
65
127
2
37
166
28
62
143
30
201
95
206
22
111
3
95
220
186
100
135
252
37
181
76
171
249
14
92
33
113
111
22
30
202
123
39
111
143
127
201
34
245
36
61
122
95
183
64
230
164
135
123
245
65
171
131
39
4
92
79
165
83
75
135
111
122
73
205
18
220
62
144
91
181
220
68
93
250
223
183
155
166
102
10
42
174
167
122
147
253
179
15
207
37
30
235
127
2
89
74
2
169
174
42
14
1
209
249
235
198
47
141
250
195
135
21
146
100
198
179
122
24
184
24
251
198
188
187
177
187
177
96
143
47
60
170
1
42
219
21
98
77
85
33
4
139
134
206
66
179
111
118
167
168
46
253
169
194
134
87
143
166
111
51
251
110
33
90
233
33
174
21
49
90
79
54
187
37
47
11
37
127
6
92
165
39
138
230
138
4
242
177
212
246
92
20
90
179
126
37
25
179
2
213
153
231
103
233
83
153
219
28
33
4
33
34
93
118
92
146
47
51
160
244
111
53
108
180
184
24
140
79
213
135
206
42
33
221
167
6
230
30
233
97
16
168
135
39
52
33
130
118
198
212
146
62
51
51
181
219
37
20
47
167
177
185
39
100
118
16
210
64
127
221
186
42
135
256
90
215
138
35
108
42
14
148
37
117
180
127
132
200
10
196
42
51
53
31
20
132
187
39
36
116
84
67
173
42
192
37
92
141
149
180
126
93
20
68
39
241
27
4
43
202
39
78
187
30
113
51
13
140
117
87
20
37
156
118
88
180
100
111
92
140
195
11
25
187
47
117
91
221
139
201
128
167
60
195
62
47
100
30
256
39
35
119
2
226
42
33
8
237
24
196
251
241
74
196
138
236
24
17
246
179
35
2
81
232
219
237
221
39
11
171
4
125
101
184
47
181
92
198
201
40
27
222
132
130
136
251
24
42
107
167
118
104
18
179
121
138
114
206
92
33
137
157
157
128
19
33
245
127
151
187
146
128
20
254
145
173
228
151
4
133
30
24
187
125
239
182
137
214
51
45
168
142
157
219
167
96
239
168
147
98
134
242
1
241
14
223
238
224
130
217
100
204
110
101
122
182
171
236
143
26
122
241
115
140
211
119
181
136
83
117
26
100
11
180
90
60
112
179
18
183
121
142
35
113
151
173
16
140
4
34
117
249
54
137
133
194
93
194
239
114
125
171
60
35
116
150
34
79
212
70
8
187
38
171
4
246
20
165
118
59
246
118
137
236
157
101
70
43
139
247
70
111
187
96
157
35
114
216
171
247
117
100
137
157
179
239
79
233
123
58
1
37
238
75
211
109
240
182
1
100
33
64
34
125
169
252
125
5
33
70
70
157
31
53
190
4
5
39
198
56
223
222
40
221
137
51
193
171
121
167
219
256
184
35
140
12
246
4
45
4
33
70
114
131
233
42
137
35
187
100
167
117
117
178
200
120
107
200
37
225
34
64
196
58
109
225
30
117
155
190
239
249
233
49
188
115
57
20
37
34
137
138
33
43
254
230
60
60
91
124
196
79
246
198
70
37
58
34
240
39
102
157
120
167
114
49
81
154
34
159
119
188
173
147
69
105
253
252
20
142
53
156
236
60
60
74
70
210
10
18
89
2
77
64
253
64
96
42
171
224
111
229
30
221
198
64
70
17
70
100
38
225
61
4
252
118
37
4
107
12
104
42
61
70
239
210
137
137
182
116
60
20
209
153
120
159
30
157
35
122
194
10
39
146
37
138
96
174
214
151
247
185
93
245
118
156
225
228
63
87
70
120
43
169
24
10
154
230
11
188
70
132
139
76
46
234
3
137
56
38
11
65
137
159
58
109
205
157
91
22
117
223
193
24
217
50
180
118
117
46
14
237
5
23
70
223
167
24
46
171
60
152
60
137
106
39
100
24
60
46
239
241
18
89
202
110
86
34
117
31
116
188
229
20
160
20
64
221
4
96
188
117
42
190
153
24
39
133
187
91
76
37
53
39
44
4
87
47
109
37
137
217
4
175
137
155
60
107
137
201
169
111
164
167
207
39
172
11
210
77
246
120
201
198
46
73
241
171
137
217
252
212
160
170
43
52
125
225
70
157
226
245
79
27
239
108
165
35
217
217
244
26
29
114
117
115
196
246
254
215
44
20
250
189
203
151
18
202
125
207
70
100
32
26
76
196
18
252
5
157
161
117
60
100
103
60
25
235
20
38
117
19
157
139
48
137
198
217
210
117
78
9
232
100
155
175
43
117
230
117
60
245
117
236
24
121
37
92
171
36
235
207
77
213
103
217
79
247
154
224
207
92
188
238
108
78
9
77
35
188
72
26
24
214
144
76
122
246
5
171
30
1
2
137
20
10
217
11
23
89
175
156
60
102
118
20
221
20
63
39
10
26
89
207
207
47
39
212
137
144
227
245
39
61
137
78
41
198
2
217
247
86
137
131
123
239
60
135
26
91
214
100
60
183
218
224
157
91
188
53
137
231
151
256
245
157
72
38
157
163
88
145
214
224
245
237
253
117
69
117
47
60
183
64
224
181
100
43
188
104
188
141
40
60
34
134
24
210
181
183
82
174
239
57
217
131
100
135
158
25
39
18
156
234
60
43
171
248
10
137
78
48
106
135
2
43
24
43
124
236
60
239
188
60
34
47
231
86
60
207
245
174
207
187
43
238
42
133
156
52
56
86
246
207
218
60
2
102
56
139
156
137
163
207
34
119
112
60
86
196
202
207
213
47
76
135
56
187
