75
75
75
209
75
121
71
150
74
118
150
74
182
136
222
59
150
59
90
33
205
28
40
222
59
112
186
132
58
145
126
7
181
239
132
239
211
58
74
236
229
208
206
109
95
18
160
183
107
87
138
136
147
21
200
107
182
169
138
114
150
74
184
20
205
87
175
205
114
75
212
138
21
33
239
205
95
211
162
209
184
171
17
145
132
17
239
162
143
230
147
107
222
208
108
217
138
239
175
75
21
147
75
84
151
58
231
107
16
201
181
208
75
92
97
20
136
231
54
208
210
136
1
83
182
194
28
75
209
97
146
180
17
212
1
217
84
236
54
55
94
36
184
59
217
225
242
20
59
249
146
229
206
97
64
5
75
231
164
52
208
191
7
181
208
126
97
165
253
95
165
178
95
180
217
42
191
145
243
252
243
75
238
14
122
132
24
181
54
215
246
181
91
77
20
112
212
212
210
217
75
14
36
180
165
225
61
88
194
206
30
28
130
30
208
5
116
31
238
59
15
251
144
138
186
191
1
239
253
221
75
250
65
75
185
171
5
130
225
236
141
54
126
115
33
248
183
245
171
54
73
146
241
184
73
162
220
6
235
238
217
58
223
64
195
21
6
147
180
138
65
6
153
116
183
183
256
61
16
54
108
92
182
154
96
237
97
71
138
91
33
228
203
217
64
136
132
219
141
217
249
1
54
17
108
170
86
186
21
54
21
6
150
54
220
214
60
10
250
105
66
121
26
36
89
206
143
146
199
168
35
188
199
3
55
121
15
130
54
246
10
17
208
86
28
188
133
15
228
54
54
116
75
252
192
58
176
121
115
24
88
66
209
96
59
176
192
105
54
38
27
16
73
238
167
252
54
182
88
240
29
168
209
125
177
16
196
225
238
54
217
238
88
100
143
132
181
108
240
21
250
116
249
256
89
83
171
191
35
164
217
25
150
77
86
223
42
192
15
169
64
162
121
165
59
75
217
188
146
209
143
211
176
52
67
154
28
256
174
144
171
222
250
11
165
244
3
28
252
171
21
164
96
24
60
64
107
167
235
214
222
65
189
205
15
96
59
221
222
28
106
46
253
5
244
54
110
190
97
103
101
31
250
89
105
60
93
244
65
172
63
4
59
35
14
203
182
125
246
10
210
49
143
153
141
59
105
149
192
105
54
236
251
22
142
49
130
98
208
141
250
250
5
54
11
42
216
33
59
66
88
245
64
84
251
69
186
67
42
238
238
183
215
195
162
143
187
143
35
184
33
74
248
37
125
108
63
250
78
24
204
27
250
252
106
33
96
74
183
187
49
104
59
130
5
252
152
49
250
177
121
200
75
49
38
171
189
36
105
86
33
74
26
76
176
177
95
37
214
229
214
182
170
8
247
154
238
30
31
25
239
66
73
85
59
90
250
229
15
61
177
235
97
57
236
183
76
218
143
183
149
136
15
4
46
29
208
189
175
124
81
15
170
183
204
74
159
40
131
114
57
55
86
220
193
181
16
176
238
188
1
102
77
222
170
162
125
22
187
193
47
192
63
31
214
143
73
145
120
170
184
196
3
118
154
118
15
117
158
125
192
192
177
22
208
173
152
189
196
181
63
76
198
135
199
128
229
106
29
152
103
238
77
79
4
91
250
26
54
157
189
108
86
98
33
145
220
10
3
117
26
136
102
153
84
157
15
91
46
46
145
256
238
73
91
143
203
164
228
15
134
127
116
15
230
8
157
125
103
15
181
214
100
31
178
91
179
56
237
61
253
253
67
147
203
91
228
85
137
208
203
185
93
238
122
247
92
115
27
166
183
39
192
250
97
26
37
170
37
252
220
169
138
22
188
16
63
96
118
8
96
248
85
145
10
66
184
221
218
242
190
121
37
20
106
65
130
92
169
28
209
248
31
53
229
180
173
150
91
40
105
52
177
133
76
230
129
237
157
56
28
110
84
77
150
214
222
21
237
192
65
79
174
106
76
26
248
248
106
230
86
86
178
147
64
26
40
124
121
25
119
252
196
131
206
182
170
61
26
106
56
97
91
105
46
24
31
56
150
255
82
76
150
16
41
13
196
77
44
48
95
85
178
30
136
219
176
226
103
240
146
25
219
19
214
174
115
233
106
150
253
240
108
228
26
211
164
96
107
237
97
175
145
37
54
186
203
242
180
203
253
73
95
238
82
235
154
46
77
15
96
92
206
93
230
222
134
171
15
82
37
203
253
150
121
62
199
164
174
163
238
157
28
66
63
105
190
252
169
53
230
204
5
156
227
108
235
243
237
157
238
245
57
235
31
138
154
1
238
132
252
216
209
53
133
237
76
192
71
21
83
12
14
201
141
214
175
66
97
230
42
154
179
235
77
13
189
230
81
217
205
159
20
53
222
76
244
26
3
188
102
130
130
81
162
56
146
97
216
75
84
32
21
80
71
181
1
77
190
88
134
50
74
206
203
206
222
220
243
57
8
49
110
157
109
223
215
49
76
127
186
244
132
84
162
15
217
32
106
151
77
177
8
178
256
63
26
66
115
92
139
176
250
91
15
115
250
214
255
44
47
84
108
131
157
219
221
124
179
24
103
31
105
244
253
75
87
224
155
207
206
63
252
153
105
70
184
192
145
77
101
116
194
29
66
25
102
42
179
247
124
46
77
31
172
116
170
46
54
97
219
64
22
66
175
144
178
133
169
109
240
56
37
133
64
75
73
91
148
249
10
256
133
199
73
132
88
10
26
207
222
11
9
129
249
56
224
141
118
39
97
91
95
110
151
26
88
198
84
97
63
227
151
42
76
250
124
255
238
186
217
196
56
65
57
253
255
86
154
182
92
216
85
176
33
77
187
22
26
82
123
196
224
116
60
230
91
64
137
133
85
240
64
77
103
82
190
158
88
1
82
16
41
137
111
52
97
94
201
157
222
239
91
145
178
245
15
76
4
84
82
14
103
227
9
133
40
252
142
113
86
82
184
229
252
11
88
105
149
207
134
82
60
101
184
187
110
66
98
90
131
221
3
214
114
15
139
24
88
235
65
115
77
216
228
253
4
223
96
136
138
152
145
253
255
139
246
115
42
239
41
92
105
178
253
252
253
9
255
47
53
67
33
63
70
253
199
115
124
9
4
163
42
140
116
227
105
140
190
239
141
137
121
133
207
120
163
1
206
253
122
146
113
1
149
175
95
252
190
141
175
56
114
133
35
85
221
113
14
94
248
43
54
125
170
12
248
128
190
248
32
102
250
242
177
137
137
221
223
246
108
98
203
49
19
133
253
177
187
19
190
133
124
86
82
164
154
157
39
77
39
228
62
256
96
53
139
15
39
139
208
76
149
92
24
180
60
193
214
37
66
187
52
135
157
110
159
210
160
82
123
66
89
198
105
194
9
220
159
157
220
162
94
94
128
90
56
206
86
115
128
87
42
150
141
58
60
242
256
65
133
82
56
164
159
56
125
128
11
53
46
189
164
189
250
141
223
133
133
210
133
198
3
56
244
109
161
213
32
65
31
139
47
46
71
189
247
133
9
213
85
50
87
27
95
208
179
115
248
39
104
87
148
24
149
256
16
82
92
231
235
169
120
56
177
154
86
106
118
125
71
133
198
170
96
169
255
82
223
168
72
94
3
53
101
194
44
109
106
110
96
135
158
237
27
76
45
56
78
91
226
210
133
141
148
98
248
255
255
253
159
35
101
243
77
144
253
211
154
15
170
113
113
65
159
1
11
21
209
120
103
179
42
42
182
208
192
67
199
216
78
133
121
56
30
53
106
252
78
107
211
133
212
46
247
108
67
144
160
171
29
86
203
5
17
96
65
133
56
101
58
1
223
160
78
169
116
113
18
9
247
52
180
194
125
133
202
242
56
106
93
158
65
53
248
244
49
56
133
48
52
208
60
157
228
252
9
243
38
172
246
190
50
163
189
89
45
198
126
133
203
110
238
69
18
216
117
144
115
214
217
247
189
133
186
144
151
196
160
20
190
20
159
250
76
247
248
179
147
223
14
11
157
241
70
227
69
189
103
247
135
11
45
175
36
68
116
133
233
82
137
160
46
201
199
122
212
70
14
205
159
234
38
180
135
151
193
91
22
208
178
50
52
195
210
215
139
169
74
15
69
88
256
83
150
122
48
9
188
155
192
20
186
91
4
11
17
62
133
184
133
159
150
43
155
124
105
30
4
154
210
180
119
76
96
53
225
30
209
133
170
241
78
249
113
218
189
247
105
237
125
146
122
133
4
11
58
11
131
122
247
88
207
4
210
13
20
113
106
229
249
252
95
71
179
229
228
11
154
155
53
100
235
237
4
86
208
12
53
227
109
95
248
191
93
31
61
92
241
96
227
207
118
83
48
39
3
249
62
178
79
83
195
148
215
192
11
227
111
69
220
4
50
130
54
115
86
187
215
115
76
159
213
79
170
254
97
229
212
96
133
155
173
201
66
210
11
112
5
20
131
160
39
56
94
189
100
215
4
173
108
63
26
97
241
133
102
184
18
114
247
131
133
28
158
45
166
26
18
229
239
115
108
212
240
173
137
139
79
133
229
207
78
92
182
105
38
234
4
85
211
249
124
198
5
241
251
188
9
207
198
75
115
48
4
78
151
69
173
132
129
194
89
173
241
172
38
193
130
197
108
173
115
247
4
34
187
53
38
210
248
133
182
140
79
16
151
198
163
4
192
43
107
107
248
152
248
56
