139
252
205
172
209
127
139
244
244
251
73
139
139
31
209
31
123
139
58
205
139
127
244
186
139
154
251
93
154
154
15
205
7
61
154
73
127
252
15
179
204
95
183
121
154
243
73
166
243
183
31
80
139
121
194
47
38
164
111
183
199
209
51
202
18
243
80
243
14
172
205
21
172
84
242
111
166
51
51
15
251
249
210
127
111
47
73
242
80
162
38
95
183
252
194
55
164
178
162
178
209
55
19
205
51
184
183
153
52
15
153
66
76
162
15
111
111
15
15
205
183
17
32
184
154
166
51
199
172
208
103
172
219
176
236
243
178
15
194
38
147
52
69
121
115
219
115
256
76
183
205
169
83
205
15
96
206
73
52
216
29
86
150
121
51
65
117
134
140
55
225
103
15
32
145
204
139
15
15
117
240
117
115
52
141
212
13
236
176
153
91
154
191
165
169
13
165
64
17
252
186
73
108
87
87
136
105
184
164
199
154
244
210
183
95
105
256
87
67
23
108
29
35
104
178
93
51
110
199
15
15
236
255
210
91
23
103
111
32
216
209
15
63
29
15
199
69
139
123
174
10
256
158
194
16
115
64
256
206
157
236
115
210
176
256
12
209
158
74
87
44
121
33
218
218
141
112
228
150
141
104
194
99
91
129
8
177
15
15
256
76
101
194
203
256
102
138
230
123
138
249
158
111
93
231
112
190
103
15
103
15
223
84
35
8
52
184
189
182
158
179
39
35
164
210
15
153
194
251
15
104
216
139
190
153
74
141
99
99
189
54
97
69
176
13
157
47
255
87
44
252
15
153
244
194
158
127
102
157
94
157
220
212
240
119
176
176
230
178
57
95
44
33
38
217
81
2
183
218
255
74
209
158
218
232
240
114
80
240
64
59
99
115
177
31
95
182
66
104
211
76
23
202
134
239
61
210
15
221
32
57
203
239
166
229
106
230
252
73
189
54
74
158
158
139
139
158
242
84
64
18
84
106
240
179
18
104
139
150
73
129
31
186
158
99
239
18
143
69
95
58
144
244
221
15
93
15
191
122
57
144
15
229
135
35
139
58
64
35
216
25
202
12
198
89
201
81
14
92
157
51
59
65
89
210
177
218
15
15
133
25
65
91
88
139
200
200
148
69
240
232
66
17
88
169
216
232
169
29
177
246
240
210
13
143
64
228
185
58
10
104
107
244
167
102
216
218
104
105
244
144
107
81
30
210
31
144
140
234
171
146
212
134
106
191
233
139
89
211
177
161
216
15
193
61
51
150
113
54
43
229
193
122
255
30
158
252
32
164
65
153
16
144
139
117
51
69
62
29
102
181
194
247
177
139
177
158
30
162
254
46
5
191
159
160
214
184
75
184
113
241
5
215
254
158
86
13
139
222
103
35
251
60
153
15
184
81
184
184
212
104
13
106
143
158
100
241
223
139
216
139
197
32
177
149
181
22
25
214
231
132
162
217
15
8
146
126
125
236
219
247
215
150
241
197
158
42
90
222
61
158
167
158
219
110
236
247
124
113
236
25
95
92
254
218
192
254
158
232
177
237
216
200
97
229
240
160
223
254
184
229
147
103
184
84
218
54
15
157
59
216
251
65
30
174
207
229
210
177
97
254
122
229
132
21
82
88
158
63
92
84
77
254
18
229
25
20
26
254
121
124
247
159
241
190
97
44
220
66
241
120
218
158
113
247
216
121
193
247
78
31
28
162
73
210
171
158
133
229
95
20
193
230
148
215
108
82
67
156
147
247
78
18
78
222
60
87
78
78
156
41
247
157
184
218
207
53
111
182
247
235
104
12
193
111
