33
7
249
95
146
55
231
95
105
59
182
231
223
164
165
75
67
164
231
84
231
131
95
146
149
128
95
256
236
209
73
215
126
67
236
231
75
87
239
31
88
248
231
47
239
122
140
31
203
162
61
126
54
223
10
126
3
146
82
73
118
222
140
223
196
239
196
95
220
106
59
145
242
240
120
194
176
194
106
10
110
140
143
256
146
22
172
240
18
145
82
87
231
146
228
228
3
86
145
206
244
3
69
223
145
16
11
31
55
229
196
11
253
16
31
141
95
176
235
168
67
178
89
124
73
230
37
55
192
145
75
84
256
241
153
65
75
219
42
142
216
150
117
87
55
65
15
209
149
7
192
150
75
209
60
151
253
175
167
150
178
102
128
150
105
136
29
36
84
153
151
26
175
85
71
81
84
71
178
97
71
136
9
36
106
136
115
77
17
84
63
4
84
114
151
84
63
178
251
196
220
138
177
191
124
88
164
209
59
58
64
151
208
52
72
25
32
55
178
230
211
147
178
97
90
138
121
59
59
102
107
179
178
84
147
117
171
227
159
138
25
193
162
162
217
85
178
76
65
196
15
206
43
219
109
196
36
65
77
155
253
77
94
17
178
36
199
1
138
191
52
135
2
82
123
31
142
55
13
17
198
77
256
210
235
178
82
158
190
39
104
72
134
149
224
15
79
146
62
174
13
104
199
198
82
120
159
117
155
138
161
91
52
3
163
162
25
191
72
17
3
180
17
189
15
41
33
156
82
72
3
16
129
17
91
33
124
15
77
155
104
158
124
39
132
110
82
163
191
151
32
77
42
56
36
15
189
155
96
9
215
154
93
174
91
184
53
36
94
72
15
215
189
148
15
178
224
71
162
53
30
35
82
94
219
157
99
25
9
39
63
64
50
44
242
17
26
148
131
155
64
89
66
215
73
131
104
235
120
9
138
134
105
45
212
77
104
230
70
197
11
85
177
159
56
159
189
228
106
170
219
115
53
50
157
39
237
9
176
227
32
140
253
163
215
91
256
110
13
45
55
215
159
134
157
120
178
213
157
9
94
207
215
161
235
73
73
17
140
75
208
115
73
57
110
249
23
145
94
210
237
102
252
161
42
26
26
157
161
27
114
139
106
106
45
196
197
27
76
139
26
137
30
214
145
179
227
155
45
27
53
214
238
52
5
207
199
82
35
86
45
26
124
157
157
86
219
70
161
184
159
45
155
86
139
45
57
106
249
157
149
73
86
197
249
55
161
159
131
26
139
56
57
56
197
32
240
238
197
42
137
100
157
253
56
157
139
136
45
27
197
197
155
232
15
79
189
15
215
84
56
256
228
15
215
202
165
45
255
76
163
48
104
162
202
214
213
42
9
219
218
202
155
12
133
163
71
202
129
31
115
117
214
213
99
23
249
202
82
163
12
133
219
26
161
86
159
232
161
197
56
232
104
155
131
157
26
104
148
161
56
96
145
136
39
122
26
157
106
249
12
157
77
42
26
133
72
228
161
73
202
102
26
186
204
52
86
155
157
202
170
163
155
213
146
69
13
115
57
117
221
215
44
202
256
12
159
52
252
12
256
237
249
202
219
197
86
255
170
197
89
131
159
105
139
39
149
64
237
210
56
159
249
12
202
131
73
31
104
57
32
115
134
197
89
82
159
48
215
213
159
115
52
189
108
51
86
199
33
52
210
155
104
163
45
202
86
115
213
139
213
190
104
52
104
214
159
110
10
64
242
213
52
133
94
197
178
102
57
155
52
140
157
86
115
213
214
104
204
13
131
161
256
70
115
192
76
104
110
199
105
204
256
197
189
86
52
39
82
170
190
189
115
104
249
31
117
39
70
53
230
190
218
237
252
50
124
192
202
104
72
218
64
112
236
115
203
158
12
213
64
196
93
25
26
110
99
44
112
39
213
94
73
73
214
79
12
117
256
163
26
44
203
240
102
115
155
190
210
73
196
56
197
157
204
53
121
204
242
12
73
189
12
69
196
157
45
170
215
256
197
189
52
146
157
86
52
45
9
179
230
155
140
117
52
10
157
12
199
25
13
197
117
195
64
12
201
190
44
73
213
204
226
62
202
155
44
161
214
104
214
155
52
163
192
204
230
86
110
238
115
57
252
189
197
25
216
157
155
50
228
248
247
72
240
189
155
63
25
52
204
117
178
238
76
157
157
220
237
157
64
220
192
15
196
216
73
168
202
22
256
86
202
232
157
120
94
157
104
26
31
115
202
149
249
57
189
215
163
230
155
56
48
56
53
215
77
189
218
12
134
216
56
213
202
44
72
237
53
161
144
56
53
155
256
161
12
56
115
12
196
237
256
238
100
56
53
249
230
189
155
48
255
86
214
12
190
189
221
252
157
117
56
174
215
57
155
149
31
110
145
44
221
52
157
216
11
11
57
64
48
155
29
122
104
45
163
45
189
44
91
56
87
44
52
139
120
159
77
27
176
79
216
57
218
197
79
213
193
157
159
94
111
157
25
12
26
238
256
115
232
140
117
213
155
62
213
227
196
216
115
26
155
157
213
44
42
76
140
196
106
133
12
117
99
86
149
137
76
219
53
214
214
22
170
110
72
42
86
115
12
214
115
238
170
149
155
159
33
137
79
72
48
65
134
155
120
161
221
213
189
39
86
215
56
82
159
86
19
189
213
155
214
131
196
12
178
69
149
52
42
214
115
215
60
53
115
155
163
238
155
214
19
76
213
106
219
64
115
52
232
214
45
157
199
256
221
189
213
134
56
102
235
56
27
249
11
219
155
31
213
216
106
207
144
35
230
104
45
159
202
169
115
220
26
135
159
155
189
42
52
10
42
115
202
145
149
86
25
64
42
196
72
10
12
48
91
215
120
26
29
192
12
12
139
26
23
163
155
159
61
256
32
214
202
190
45
91
232
192
202
72
232
189
159
157
26
159
86
157
86
42
216
170
133
57
72
196
155
232
44
10
189
111
79
155
42
56
232
12
69
136
115
56
196
115
72
148
216
69
155
159
134
56
116
214
57
35
249
85
124
12
238
164
148
170
84
157
149
25
10
106
120
137
120
82
117
79
163
201
186
249
186
202
56
157
153
250
214
213
162
161
219
69
12
12
44
42
45
255
199
111
161
170
86
86
163
61
230
238
39
45
48
73
120
228
238
115
215
120
159
220
42
88
29
248
29
55
176
192
10
120
111
248
120
192
12
203
115
72
157
50
221
159
56
22
86
52
134
214
135
42
256
42
192
213
66
121
12
19
10
52
110
178
102
94
39
157
215
25
238
57
163
196
42
219
45
221
31
115
45
12
15
155
230
202
23
157
157
56
213
56
10
52
157
197
70
120
192
117
170
99
248
214
56
157
45
214
53
256
218
52
77
45
110
115
120
149
189
159
120
120
249
252
214
242
115
161
72
86
155
186
48
42
35
19
213
189
213
157
52
238
48
155
42
213
186
197
238
35
197
155
214
213
86
56
146
213
178
213
213
213
12
214
155
10
115
96
111
215
157
82
163
35
11
149
64
99
115
256
139
48
120
