209
209
75
112
75
230
180
204
180
84
230
204
65
142
244
204
209
87
105
111
76
244
204
211
208
87
211
172
177
39
212
87
22
165
51
150
86
177
211
87
145
219
208
86
165
90
212
175
177
165
25
62
211
22
172
209
204
244
204
51
126
221
211
147
211
85
33
177
235
90
145
33
64
62
111
85
149
150
111
54
177
126
17
62
208
147
157
214
150
15
162
162
160
15
85
248
123
162
123
207
111
106
162
13
148
64
206
66
123
66
145
220
106
18
215
84
208
84
126
251
84
178
27
112
214
156
127
54
134
62
16
162
114
84
13
153
51
162
84
116
55
18
51
126
254
206
206
249
51
255
56
219
251
204
50
146
18
218
27
192
129
160
8
111
42
250
22
42
204
156
250
251
34
238
145
106
212
218
51
106
212
127
127
26
8
8
96
98
143
12
8
126
213
106
62
71
8
8
178
239
151
126
54
208
145
143
208
225
245
22
8
188
217
150
76
250
22
20
98
8
229
139
249
212
106
51
127
8
151
160
8
22
8
219
22
245
22
162
177
96
22
76
208
123
155
177
22
223
188
106
8
81
183
143
178
192
8
22
126
76
242
175
88
114
8
22
175
8
250
127
178
106
204
222
208
123
147
79
120
127
115
8
54
178
147
145
143
106
239
8
145
106
220
51
50
143
8
92
28
62
209
96
129
145
244
143
57
8
123
145
3
208
8
104
213
22
97
115
76
231
143
229
106
76
76
129
172
26
237
254
173
177
76
147
123
239
23
106
32
8
129
139
8
57
237
76
208
208
143
106
212
84
50
106
171
23
215
208
214
127
55
5
12
96
88
238
250
22
8
22
50
123
22
22
92
189
37
121
143
26
156
212
75
143
251
8
13
123
189
51
84
81
65
100
8
136
19
157
8
126
225
127
66
140
251
8
34
96
22
13
96
123
57
22
8
141
165
106
197
149
22
243
165
174
28
249
55
72
126
202
174
111
212
216
22
106
140
202
90
13
165
106
23
156
105
156
111
111
13
72
31
145
23
106
63
212
165
63
171
106
13
129
95
210
123
159
91
22
121
47
156
202
249
136
40
200
161
208
171
145
104
123
79
184
212
13
96
53
57
44
54
54
85
8
129
8
20
129
215
143
123
143
192
72
47
96
38
70
129
143
13
50
202
111
106
222
111
154
76
72
154
222
153
104
106
104
92
106
143
84
105
117
159
140
68
143
72
55
22
175
225
154
197
18
92
34
111
143
72
50
85
53
8
56
156
110
212
69
111
38
189
96
127
5
140
62
20
111
8
156
8
50
143
80
72
143
8
154
239
115
31
181
119
239
72
220
236
115
230
208
197
160
131
115
247
254
133
225
122
106
197
112
158
47
159
112
208
208
111
51
216
216
218
104
72
178
143
12
68
125
175
120
76
91
123
62
214
154
230
92
177
12
225
89
256
208
118
112
155
50
22
143
214
204
127
225
97
175
16
51
227
8
208
76
127
74
156
251
51
28
208
51
214
251
156
197
140
71
79
230
57
165
245
204
16
143
120
177
150
143
251
12
156
18
165
99
193
197
86
225
136
22
39
222
251
246
22
216
155
117
197
20
239
106
12
208
53
117
239
208
247
111
156
141
243
112
209
27
216
13
227
103
99
204
177
176
245
209
12
177
188
12
99
175
239
51
4
117
180
153
47
47
245
111
140
147
28
72
64
246
81
188
119
20
177
239
74
200
227
4
213
96
192
246
20
83
236
89
141
161
20
208
81
71
131
136
194
143
27
225
96
125
125
125
196
99
125
148
153
175
155
44
92
153
102
153
67
156
81
239
10
48
92
133
62
140
131
216
218
165
165
165
165
127
213
218
247
218
178
199
213
156
83
156
237
111
125
111
56
6
5
48
140
225
47
47
52
52
62
116
90
131
178
141
12
194
114
125
37
81
125
90
47
125
178
201
212
157
90
92
158
232
8
218
179
197
234
147
125
4
224
111
161
157
201
125
108
125
125
34
46
45
242
118
137
81
53
156
48
48
21
201
197
48
210
111
156
213
101
157
215
101
156
111
178
238
48
209
156
214
201
119
103
218
74
252
125
214
187
213
214
213
111
127
234
213
103
200
125
56
215
213
163
16
173
