98
40
231
36
36
36
107
111
151
113
36
71
244
204
151
107
151
19
234
51
51
71
239
112
51
90
244
107
90
204
107
112
160
160
90
177
244
40
204
112
40
18
90
113
160
113
251
251
40
71
244
112
151
209
102
90
18
126
51
151
229
89
18
191
127
107
253
51
123
107
71
126
146
180
199
239
114
251
71
90
251
253
36
112
186
242
251
123
40
71
189
90
40
18
244
151
62
234
51
90
151
74
251
151
18
177
242
62
36
113
123
98
102
251
153
191
127
22
206
151
160
160
90
160
67
131
113
50
107
251
151
18
151
36
36
225
251
107
140
251
98
206
160
160
41
225
244
215
160
36
177
234
98
225
3
231
112
41
156
177
113
106
234
231
80
74
70
140
112
107
225
177
112
74
239
18
225
131
121
72
140
254
107
140
225
28
36
151
251
57
244
160
244
147
162
225
131
107
244
107
150
98
57
160
244
36
36
195
220
225
16
248
36
36
127
113
176
177
90
42
111
66
131
195
36
36
153
36
156
234
140
225
238
10
156
113
107
36
36
92
113
176
151
241
244
225
74
140
107
239
156
74
196
152
244
185
250
202
107
242
153
196
113
152
113
86
185
70
111
113
16
202
244
151
254
160
219
191
42
239
36
51
3
244
153
98
219
177
130
86
225
21
220
113
10
152
200
113
152
54
225
254
200
225
236
113
177
36
51
191
140
54
239
59
254
156
215
54
57
12
107
153
36
234
36
177
64
202
215
215
152
83
152
153
74
153
234
234
54
70
241
232
215
160
12
101
76
177
254
38
238
201
152
131
215
215
3
113
235
194
236
201
177
254
238
152
106
239
89
215
201
152
42
210
115
86
145
97
152
23
152
115
160
215
215
177
10
241
178
64
225
157
202
236
54
201
234
145
64
206
56
202
18
90
254
234
215
40
152
88
153
54
119
177
200
159
93
10
202
157
225
152
103
64
64
234
107
177
42
118
119
112
149
178
16
54
254
238
118
215
234
238
238
76
134
21
53
41
18
160
215
201
196
215
101
103
254
234
54
107
111
64
201
177
215
149
219
155
234
254
177
213
228
251
41
86
252
118
254
125
12
76
184
254
70
228
234
189
254
112
153
200
153
215
104
160
71
34
251
34
107
251
149
53
246
76
113
51
64
254
36
203
169
33
191
16
152
234
54
236
238
201
40
225
104
201
184
201
177
113
7
27
98
127
70
101
218
26
134
106
201
240
234
64
248
35
211
102
254
71
54
111
111
141
238
125
200
235
56
254
54
96
152
113
65
238
189
228
12
111
107
152
56
234
22
109
99
126
97
219
152
32
191
196
238
51
111
91
188
20
65
149
101
134
213
219
152
134
224
239
234
254
225
252
189
146
118
12
113
92
56
4
215
118
119
33
201
64
92
33
103
245
254
134
40
10
125
10
228
177
118
82
134
118
12
177
73
157
240
50
103
152
119
202
92
200
72
106
185
202
101
173
72
177
161
218
50
196
111
140
201
111
152
235
111
246
248
193
202
254
201
69
185
20
111
189
200
177
177
94
234
134
162
228
74
252
163
148
252
215
218
215
189
4
80
118
118
200
218
16
20
86
152
177
141
82
189
131
57
64
191
242
219
201
4
44
64
201
152
219
157
235
86
103
196
56
248
116
71
44
113
254
153
152
92
86
201
92
208
177
111
177
8
88
228
45
4
130
12
45
173
189
177
12
142
12
201
81
234
119
92
159
182
54
12
64
201
22
155
157
152
228
180
238
149
118
189
23
235
101
228
88
144
50
248
82
56
163
20
234
188
34
252
56
235
208
170
12
190
218
234
82
152
124
134
50
118
4
170
252
44
130
57
56
86
225
161
161
33
152
201
196
56
101
201
91
61
118
256
86
62
253
119
111
188
92
196
201
85
10
152
137
218
197
99
103
158
194
118
196
218
152
252
208
208
196
215
82
134
88
218
189
213
201
218
196
184
234
119
224
54
50
38
222
12
218
218
163
218
228
54
56
175
252
119
234
214
112
12
69
12
254
163
236
12
13
195
155
235
64
54
99
163
189
54
104
170
152
169
88
8
12
73
218
92
99
228
35
125
54
188
208
204
134
208
85
106
191
222
206
228
173
228
77
157
34
119
133
189
111
161
201
238
180
204
118
73
201
189
171
188
109
101
56
45
8
117
190
112
196
25
170
218
16
119
117
35
127
224
81
125
134
153
4
92
189
101
107
224
133
99
82
228
157
92
4
196
204
196
16
228
210
92
222
252
219
62
92
69
103
44
188
152
134
118
224
221
141
56
12
64
41
32
4
104
34
197
112
155
169
94
86
86
251
132
161
82
236
111
197
64
157
190
210
26
163
173
198
191
61
166
184
56
252
12
4
171
86
32
50
169
20
85
32
228
148
238
246
56
201
12
218
134
72
142
109
155
224
32
148
218
224
152
224
10
163
133
178
170
200
228
240
78
51
54
224
196
10
112
134
4
254
155
161
196
123
133
232
204
218
77
218
118
228
72
112
110
232
234
192
235
191
108
188
163
256
35
94
12
16
189
218
218
155
51
106
82
20
34
215
238
178
158
51
201
189
23
102
224
184
170
236
44
81
252
93
218
218
34
133
256
213
224
155
228
92
101
218
85
137
163
92
192
252
248
35
238
46
124
134
196
256
210
219
173
169
252
238
99
196
163
109
255
248
230
82
157
214
210
218
133
250
225
72
224
155
133
190
15
86
15
110
82
201
118
236
123
209
184
34
134
159
201
3
218
228
12
115
250
26
170
110
161
109
99
56
224
186
237
201
82
159
163
215
157
133
112
163
189
189
38
186
12
15
235
35
236
190
149
178
72
153
189
204
144
51
148
163
201
52
34
12
218
85
173
197
134
177
86
51
12
35
134
94
218
82
101
218
222
193
208
12
85
8
23
51
184
117
92
82
238
38
242
134
10
109
92
85
232
133
72
218
201
201
218
204
118
10
148
86
224
222
228
10
200
92
148
197
149
184
197
256
214
201
20
110
208
131
5
116
15
52
228
34
76
256
201
232
202
4
109
250
204
53
159
197
89
202
45
208
256
159
235
134
157
15
25
148
238
12
92
72
86
178
134
225
110
170
236
133
256
12
195
118
201
69
112
204
191
6
189
197
209
133
232
45
159
76
239
157
232
72
12
82
133
230
92
77
41
133
102
52
157
254
92
136
31
82
133
78
161
133
256
12
236
12
254
54
238
41
12
157
103
15
254
155
133
25
73
149
52
138
32
201
228
148
110
116
195
81
92
228
112
157
63
197
41
169
208
238
102
201
218
13
213
82
136
254
35
99
41
252
110
237
76
152
201
105
157
159
171
56
159
218
88
53
45
242
186
204
10
204
193
64
12
189
72
92
103
88
157
148
188
35
133
237
238
157
112
235
228
218
209
169
73
228
112
124
169
189
82
190
12
73
236
186
224
23
256
232
72
240
228
102
12
201
15
228
5
88
159
133
246
163
108
12
15
170
41
169
153
25
218
169
88
56
252
214
64
192
252
169
72
35
218
57
228
228
228
10
208
41
201
161
71
218
232
239
167
45
242
71
219
53
133
27
48
235
157
191
45
246
218
193
133
8
219
232
102
88
53
88
133
197
235
114
159
228
161
228
171
99
196
213
171
158
228
163
71
45
103
193
25
88
88
27
57
197
225
228
228
228
92
252
111
15
223
213
72
161
201
161
163
163
228
146
23
45
35
89
12
201
256
232
228
218
52
88
161
25
157
157
