67
67
67
67
67
166
67
231
165
67
84
7
165
166
67
29
31
67
32
80
29
80
59
7
208
21
84
7
55
7
32
59
135
17
84
195
244
21
165
55
165
67
165
17
208
195
7
194
7
59
84
211
165
166
211
47
75
17
83
29
183
211
166
21
174
147
147
160
59
91
180
244
231
80
231
128
150
21
231
83
107
231
135
150
239
47
21
7
33
55
40
239
80
150
239
244
146
28
166
244
7
89
150
244
231
95
231
200
52
239
176
231
177
40
128
115
97
194
183
35
135
83
185
224
33
136
212
212
166
33
87
40
28
47
203
14
95
108
229
40
115
166
166
80
195
231
194
89
203
212
150
130
162
244
194
73
136
231
194
40
184
16
206
151
194
224
185
95
206
67
87
191
135
191
73
128
59
20
166
212
191
224
222
224
80
176
138
144
128
91
185
191
8
28
195
229
28
164
209
95
115
95
135
21
244
67
191
222
73
7
107
170
224
7
229
194
28
29
216
33
80
87
66
138
17
108
87
87
112
40
90
21
20
128
190
176
8
231
7
79
144
107
95
205
183
199
62
21
40
208
55
164
144
205
244
244
97
130
7
87
47
107
130
130
150
212
172
164
205
182
59
21
8
145
40
138
199
20
198
182
136
80
205
176
118
185
29
225
194
136
85
59
130
194
75
190
95
222
185
67
21
119
182
33
138
57
191
164
182
33
5
75
84
7
177
112
182
59
136
5
194
250
172
222
30
191
65
182
92
215
209
136
209
181
67
222
109
75
245
128
40
5
96
185
235
109
188
99
31
70
210
20
243
152
14
15
231
24
148
16
191
188
208
191
14
132
182
15
222
40
222
236
46
67
222
40
236
67
29
251
184
21
75
243
245
112
132
241
47
31
191
120
231
29
7
171
191
12
178
73
93
172
31
73
138
18
20
58
70
7
160
56
109
242
160
7
234
132
24
151
235
16
29
114
113
21
118
83
65
191
1
182
40
60
191
234
1
135
136
16
218
107
109
95
59
191
40
118
185
224
151
185
208
234
141
181
182
120
21
240
1
251
176
58
109
173
59
224
78
113
229
15
188
81
224
191
234
125
16
222
176
122
118
231
24
169
176
44
113
113
107
58
250
49
73
126
29
212
25
210
60
126
116
92
109
246
241
86
165
113
151
66
246
254
78
224
194
212
120
29
75
165
231
83
247
250
135
212
78
101
212
243
113
129
75
130
135
230
129
127
130
144
78
17
123
174
174
244
113
251
87
174
243
182
29
127
171
84
152
243
191
176
113
212
152
138
180
127
193
205
107
124
118
123
250
222
83
17
233
14
229
246
4
120
214
78
107
66
198
241
117
224
75
33
92
108
136
115
239
141
28
125
136
166
107
200
21
33
87
229
180
152
4
183
254
87
33
173
122
172
243
241
125
244
78
66
180
84
172
78
113
122
244
234
231
107
113
245
59
151
78
136
143
227
43
208
231
6
78
90
122
90
229
10
206
17
179
152
234
229
208
209
130
208
231
90
67
225
162
231
198
53
78
135
27
113
234
53
4
51
179
90
90
136
87
107
152
245
156
211
239
234
191
224
234
246
244
198
66
241
162
213
254
208
198
139
122
209
109
141
188
21
174
216
7
198
197
164
224
138
234
101
58
11
152
249
205
65
198
11
197
208
154
177
234
182
231
78
130
20
160
127
107
95
135
19
80
10
211
165
36
211
247
217
223
152
4
205
245
109
254
90
63
200
234
78
68
20
197
165
224
66
182
18
226
248
130
216
245
123
200
234
216
98
106
205
144
138
180
205
68
255
238
152
42
244
61
180
112
95
226
199
6
119
65
152
16
167
206
181
78
24
224
18
18
4
113
251
191
113
85
173
251
251
118
113
253
71
83
253
131
125
198
14
229
107
119
4
95
174
6
118
20
104
116
58
90
2
92
248
116
189
41
18
251
229
113
24
33
246
152
58
113
41
21
246
198
117
180
224
124
113
165
38
25
14
253
197
63
170
4
78
236
65
142
104
211
245
242
19
121
113
245
197
38
229
73
38
113
87
143
252
90
197
90
90
135
138
62
224
40
254
35
244
37
252
244
206
173
74
195
224
87
24
224
109
25
178
131
73
37
195
181
160
152
112
224
254
118
41
200
142
152
224
216
107
254
92
47
125
133
125
120
90
33
132
135
125
243
226
234
254
195
141
245
203
234
112
125
254
182
213
244
47
254
152
168
132
200
188
152
113
135
68
135
178
4
182
85
36
200
24
165
61
47
252
47
130
141
24
156
192
224
17
160
125
252
187
130
60
152
141
188
141
152
141
119
173
152
4
107
