240
136
219
98
41
95
98
115
194
249
166
95
89
67
211
176
240
138
136
77
194
95
89
66
180
136
136
97
162
203
11
50
162
128
172
128
10
75
223
29
165
67
176
107
138
55
211
115
89
209
208
143
67
91
176
15
91
36
84
31
211
143
110
75
136
67
89
183
134
150
62
17
89
67
190
50
166
84
166
55
31
162
204
107
176
214
31
104
235
97
12
55
117
136
75
208
75
89
164
50
160
249
75
21
31
165
205
42
209
160
107
50
107
194
249
107
249
138
107
35
249
194
237
194
71
222
252
128
159
89
146
151
115
115
17
131
253
208
195
42
251
176
164
107
135
114
219
253
209
107
66
160
107
249
70
165
209
249
11
130
15
176
60
209
112
71
176
132
71
95
7
214
91
84
107
143
84
195
205
91
11
71
240
97
132
115
39
52
40
97
71
204
84
91
55
165
103
33
209
115
249
50
60
207
55
91
216
62
55
15
91
33
91
60
235
144
209
174
252
132
176
107
73
97
135
115
229
69
138
91
144
209
62
25
251
205
239
52
15
146
107
55
89
151
208
84
222
15
62
96
214
210
135
135
252
136
107
11
52
15
226
249
162
41
91
174
174
95
36
84
176
60
174
84
132
131
115
32
209
91
107
31
87
32
117
236
91
22
123
256
115
162
254
108
75
75
17
160
204
176
190
154
196
138
160
151
138
158
214
62
62
99
32
207
160
143
210
170
107
95
137
253
97
75
139
146
26
25
41
129
124
91
31
228
210
90
138
55
31
75
228
55
11
172
73
66
99
210
74
204
253
226
240
33
230
62
151
117
256
42
203
17
91
91
55
169
63
235
35
87
73
22
230
60
77
63
174
174
170
91
196
216
192
33
174
176
117
136
210
250
112
107
208
75
235
186
15
242
252
176
97
15
240
208
98
252
51
207
230
124
55
164
138
63
79
91
137
215
25
62
70
60
31
147
249
52
164
222
103
151
208
131
25
22
132
207
102
176
208
32
168
179
150
50
240
15
249
135
147
15
84
131
40
174
67
165
136
10
25
55
181
151
70
70
39
100
207
222
112
107
160
85
207
11
151
249
90
172
107
155
256
91
252
95
15
196
32
136
186
107
102
194
170
107
176
249
42
50
66
117
129
55
98
199
216
174
17
186
55
22
151
190
52
52
89
256
75
97
161
103
67
22
137
170
42
42
138
35
103
132
134
161
35
240
132
252
87
26
150
15
210
241
179
154
236
144
213
210
103
236
117
89
89
63
151
107
248
40
70
210
108
232
199
84
186
254
193
194
179
221
71
55
71
88
19
236
25
240
174
135
44
71
15
84
97
213
243
208
107
63
11
199
157
139
91
199
252
216
250
15
143
55
163
151
108
89
42
129
22
87
75
176
89
252
240
136
255
41
70
136
17
214
230
58
236
131
235
5
114
137
77
84
205
91
60
237
13
15
39
63
137
17
252
151
151
229
40
164
196
74
242
42
127
254
140
160
11
87
230
115
21
84
33
29
193
129
65
235
91
100
184
230
22
199
172
256
163
137
230
69
32
252
103
186
183
53
10
91
112
232
148
206
112
40
204
256
256
207
25
136
2
5
252
49
115
139
248
160
160
66
32
74
50
207
160
137
161
94
11
50
70
137
63
168
73
172
22
252
158
77
129
207
168
121
139
213
106
137
116
166
14
74
178
50
98
73
124
207
83
107
32
120
150
127
120
62
112
71
140
174
104
25
10
83
160
236
122
201
41
255
161
139
39
248
243
176
87
141
28
121
216
35
176
74
40
208
50
217
41
250
9
163
66
29
136
193
214
115
13
160
243
87
22
39
207
136
207
163
135
9
230
28
174
115
70
208
170
139
176
199
175
72
184
77
98
226
90
63
138
7
31
252
44
28
70
35
70
21
77
230
106
137
197
143
252
204
240
45
37
5
94
114
79
232
22
56
50
66
123
91
50
75
176
135
139
216
42
215
80
25
41
191
150
194
185
191
34
69
51
123
140
17
96
230
201
35
174
34
119
61
179
229
116
105
24
32
184
143
55
197
124
96
103
174
229
138
64
97
236
98
25
50
160
145
9
205
179
112
33
105
63
170
217
188
17
69
44
103
52
24
18
233
166
207
5
175
222
224
159
203
183
138
64
144
144
236
119
6
119
45
33
49
232
176
80
33
24
89
231
75
220
103
88
225
61
193
235
73
231
146
24
193
151
41
70
74
117
75
104
199
172
230
21
31
240
116
162
113
62
230
248
102
29
39
159
166
171
248
185
64
159
24
128
28
150
208
63
41
77
28
25
77
248
238
256
103
89
98
105
252
9
165
239
123
199
146
188
37
46
136
143
186
129
175
75
252
103
241
203
183
231
63
190
181
39
111
181
54
136
192
175
241
252
39
70
21
131
101
203
32
249
218
77
165
134
75
237
184
192
3
128
191
37
167
64
62
183
117
213
183
251
167
17
113
105
187
75
166
77
178
72
190
134
237
17
252
129
128
191
143
203
222
11
97
95
61
139
113
128
165
181
181
128
175
153
1
46
229
4
183
128
54
127
17
131
105
113
83
176
153
183
128
26
245
54
165
204
95
146
93
146
165
84
153
166
7
129
8
171
165
28
183
200
54
37
37
191
181
183
46
98
77
1
75
164
176
12
225
105
171
177
7
231
54
5
46
124
105
40
60
151
120
36
120
208
50
24
171
13
129
87
50
211
138
17
183
84
37
190
165
87
112
177
102
55
153
16
129
112
60
24
150
87
164
33
104
24
250
196
162
84
237
144
91
58
35
177
147
111
71
54
179
133
177
91
13
203
162
129
251
3
110
6
248
183
16
239
206
177
80
244
250
17
203
87
190
194
84
140
29
17
12
21
136
199
249
73
67
80
138
193
162
216
128
62
215
240
181
171
101
200
33
129
233
231
101
141
55
239
21
178
164
55
150
67
244
55
216
22
73
151
182
216
65
97
8
190
1
91
212
116
128
136
17
73
7
98
210
182
150
62
182
168
145
135
68
18
88
71
135
7
168
122
216
180
84
255
180
76
59
115
101
29
88
180
222
213
255
59
95
31
135
205
62
1
149
24
65
168
101
84
168
213
136
105
101
76
182
211
122
162
122
182
138
161
44
167
162
101
67
22
17
208
72
67
237
171
67
168
205
13
98
9
139
75
186
162
255
148
167
244
112
85
82
35
13
142
126
58
184
216
159
123
164
251
13
18
178
164
60
230
84
13
161
222
62
52
124
102
72
82
72
158
113
208
56
84
63
227
148
67
84
165
18
208
144
18
72
4
122
67
143
250
88
158
112
120
219
193
213
18
182
206
250
174
26
74
67
97
97
153
255
213
140
240
4
184
72
75
74
19
247
120
204
18
97
244
74
194
74
125
181
88
168
98
29
60
63
141
120
168
191
216
110
143
44
75
82
139
235
153
247
147
138
232
64
53
247
141
158
97
99
54
18
248
122
168
72
104
163
247
159
76
158
163
137
160
163
115
172
221
159
99
124
178
168
15
154
222
21
178
192
163
157
90
77
163
231
90
16
118
160
63
213
247
232
138
79
23
19
183
102
231
163
184
114
149
40
230
72
233
159
247
78
50
158
243
230
1
159
249
184
218
141
23
78
122
63
232
213
233
178
132
247
220
33
27
7
218
213
138
163
77
220
154
87
23
189
168
70
72
198
154
67
167
136
72
172
157
23
247
45
178
33
122
141
55
45
176
16
234
194
98
242
149
48
98
185
225
222
34
160
217
98
247
225
167
15
21
155
154
63
247
122
31
156
175
84
43
160
21
113
220
14
226
78
87
71
140
184
23
213
182
184
141
151
53
162
168
167
200
247
247
45
247
176
141
108
191
133
139
168
23
208
133
15
215
158
71
52
159
106
4
202
152
214
188
232
15
195
184
246
158
148
106
214
133
185
3
151
133
212
198
249
247
148
189
23
215
44
189
191
202
45
23
206
163
133
