98
98
74
74
74
98
220
220
189
178
140
22
219
98
160
87
87
222
22
244
231
116
129
231
58
165
58
58
87
24
24
231
58
116
58
129
67
87
162
98
145
55
24
162
104
98
55
160
87
98
58
98
24
244
96
187
122
91
104
160
143
71
14
129
130
58
171
204
122
74
98
58
21
108
65
55
69
238
188
21
222
250
11
67
238
28
180
218
171
253
182
94
67
151
65
222
28
234
104
55
21
113
218
188
65
220
28
162
75
205
113
51
6
128
55
31
195
247
29
150
174
113
28
250
152
37
240
154
38
65
6
13
41
152
24
198
205
119
152
101
162
94
180
28
156
29
235
225
188
182
200
234
184
66
245
153
145
235
31
200
171
200
36
234
249
150
160
234
41
71
36
234
148
198
65
89
122
95
254
200
152
195
109
28
235
6
195
55
254
200
150
136
93
37
46
126
55
71
126
6
165
217
234
249
188
254
36
42
36
189
250
242
200
165
123
200
65
160
28
186
220
75
123
205
71
136
245
160
254
156
188
150
63
152
94
122
195
75
171
21
160
249
235
22
144
41
65
71
200
251
146
202
150
76
160
71
105
97
69
172
188
148
19
6
200
71
123
65
31
113
122
254
63
188
38
150
151
150
137
75
113
141
71
75
144
234
102
168
194
123
71
234
20
162
234
194
216
253
73
55
54
27
180
142
208
122
150
122
253
128
180
75
146
234
171
29
77
116
125
50
37
38
113
224
72
204
41
41
254
38
249
142
255
182
234
99
253
213
119
7
200
95
29
90
38
21
27
254
6
79
128
128
160
160
22
184
151
125
137
124
219
224
224
20
101
61
229
152
254
244
180
146
14
160
123
150
77
178
122
240
229
71
150
190
151
98
71
249
55
155
150
168
22
98
98
211
220
139
219
249
142
254
128
220
254
119
200
150
160
72
8
25
113
254
180
141
254
241
254
17
151
236
254
38
156
24
141
200
254
244
156
144
106
81
156
71
245
241
156
98
229
182
236
98
25
32
254
124
242
80
123
27
22
253
139
143
89
45
155
25
41
239
239
116
220
122
12
23
15
202
14
256
160
50
95
113
114
156
200
160
158
113
162
254
236
77
11
200
216
113
206
234
256
123
7
98
71
224
8
98
191
208
141
200
153
154
218
241
200
254
191
160
198
139
71
22
22
254
218
31
77
144
256
20
148
197
21
151
254
152
17
77
254
152
32
200
30
180
254
246
75
243
92
234
113
253
118
1
199
125
91
184
190
125
254
27
188
171
222
254
63
25
248
77
237
154
235
218
119
168
202
26
194
32
235
97
254
148
158
152
200
156
188
200
172
141
131
237
254
200
206
156
200
63
151
191
254
200
254
46
143
160
254
204
46
251
156
98
142
182
254
119
1
139
184
30
241
100
216
7
151
72
115
79
18
36
18
200
104
116
60
144
125
190
254
254
125
26
219
152
41
7
254
200
152
73
200
150
82
88
101
254
254
254
36
75
160
119
204
121
197
124
113
152
229
237
178
17
125
204
151
31
254
30
75
157
6
256
100
130
249
254
20
204
254
119
71
231
53
47
119
254
19
251
46
187
113
77
254
41
113
13
189
200
79
142
27
88
142
21
77
218
119
139
36
37
2
200
94
110
239
71
116
202
125
188
190
89
200
20
178
248
20
116
100
97
20
17
100
235
254
173
254
254
172
219
200
151
198
102
96
254
136
142
200
151
116
254
68
165
20
116
225
53
254
153
231
129
206
77
171
254
101
18
89
227
24
254
254
231
143
36
254
254
151
224
125
85
120
17
241
74
7
125
71
150
255
78
120
55
153
85
161
118
254
239
254
197
144
18
68
200
153
200
229
19
32
55
224
125
219
194
254
106
254
36
162
17
116
56
200
251
89
204
47
200
72
241
132
239
100
6
68
239
47
119
254
30
239
130
70
163
208
202
155
7
231
171
108
19
119
239
254
106
125
142
195
204
191
200
241
81
2
229
5
121
254
206
246
65
254
164
254
101
247
171
254
232
239
113
127
95
175
254
220
24
4
239
71
85
71
125
64
25
237
116
18
43
191
4
181
121
155
120
119
161
191
58
178
112
200
200
197
155
117
217
166
125
149
28
43
122
254
162
65
239
68
97
224
215
150
246
225
229
65
87
191
188
255
254
116
14
171
42
173
142
50
200
82
20
231
195
225
136
240
237
197
131
208
89
82
185
254
115
4
65
211
231
116
197
200
61
104
184
185
217
30
191
37
112
239
254
37
4
197
206
125
200
36
136
200
188
241
249
120
125
178
97
119
225
188
200
173
108
254
231
9
140
235
163
81
142
232
21
111
197
47
125
151
149
246
43
234
79
227
137
241
217
53
201
37
188
254
154
142
167
224
160
20
131
247
217
3
65
107
136
29
171
254
252
194
125
200
255
229
227
107
241
90
136
125
82
223
122
95
104
89
197
125
124
156
31
254
152
246
65
200
246
138
243
47
53
200
72
120
241
119
55
239
173
30
146
17
133
22
205
86
213
176
8
188
2
189
216
195
127
238
225
72
246
163
37
119
200
53
156
113
97
107
89
254
62
256
188
125
4
229
84
242
62
108
200
24
222
119
20
152
152
198
200
210
163
4
198
198
27
4
22
197
53
130
238
224
131
255
1
200
188
125
89
197
229
3
254
193
36
197
254
16
8
200
254
233
254
254
173
47
188
254
163
5
255
37
185
158
200
188
102
125
163
178
44
113
205
106
114
82
163
4
200
191
49
28
25
254
200
132
241
167
96
116
47
96
48
197
145
255
76
185
42
125
125
81
74
80
122
254
73
94
139
239
244
226
232
111
188
43
20
20
20
254
244
106
11
173
73
246
144
219
202
43
54
208
211
200
41
253
220
163
9
211
108
44
121
233
227
4
119
192
188
102
179
20
39
176
39
79
72
246
42
200
251
163
125
226
133
191
162
60
67
216
106
163
20
254
3
125
4
140
4
163
194
254
125
162
119
191
254
42
64
193
182
89
202
102
118
254
118
89
206
89
159
173
178
160
191
245
119
4
39
22
241
185
255
20
122
218
152
21
45
89
256
8
102
41
21
8
188
245
72
188
8
4
185
59
135
228
121
117
218
245
36
227
173
191
255
162
114
131
200
111
115
225
156
72
72
4
115
202
160
60
41
72
197
152
20
20
202
221
106
20
27
53
139
72
224
213
62
254
117
118
254
254
20
254
188
188
200
224
174
115
198
210
254
69
133
235
107
255
79
249
197
140
22
219
39
254
30
211
32
82
254
21
72
159
216
139
246
63
185
152
43
245
252
239
25
44
148
210
187
125
53
131
246
39
92
159
123
13
131
115
133
224
151
254
230
254
31
23
254
131
124
125
245
4
180
82
159
131
65
156
155
255
92
4
4
10
185
72
114
245
168
246
224
234
230
22
104
234
120
237
188
225
40
125
215
225
245
79
188
200
148
86
213
188
45
