180
138
230
151
95
138
59
151
230
138
65
71
59
151
65
95
71
74
71
65
74
136
217
143
143
204
217
222
87
151
74
103
204
95
87
29
46
29
250
46
138
46
87
59
222
87
134
74
231
209
208
134
231
204
87
77
141
231
98
98
222
75
204
114
222
246
231
222
164
14
164
204
54
226
3
222
13
164
14
167
246
36
98
138
13
210
167
226
63
92
8
14
167
81
60
28
179
168
13
235
248
168
42
110
166
194
217
21
217
132
164
132
80
192
126
80
175
202
42
116
165
175
245
37
132
168
138
210
222
217
150
7
184
208
63
202
252
210
49
52
210
250
217
246
7
49
231
7
13
2
171
226
229
210
49
95
40
239
13
171
80
79
73
172
226
54
247
247
104
247
104
87
210
137
8
165
90
245
125
226
156
94
40
249
226
247
167
214
28
202
216
18
250
196
217
168
165
65
13
175
105
28
168
252
207
175
99
79
144
168
167
216
87
50
105
247
226
3
228
13
223
170
255
199
235
250
106
55
225
154
101
168
170
3
183
25
122
160
80
11
29
131
131
137
154
31
37
3
60
226
53
241
88
227
170
3
216
248
105
18
131
248
110
131
167
208
10
174
247
131
237
237
183
94
3
131
77
79
29
25
146
240
168
250
95
144
115
38
125
131
37
184
37
18
71
37
71
33
146
101
90
125
164
29
255
54
28
231
255
31
31
128
37
245
164
49
218
216
216
184
129
136
49
97
24
174
104
226
151
87
71
22
237
241
183
131
216
104
218
135
94
122
113
100
19
247
87
241
65
115
66
95
10
94
75
122
168
63
28
110
42
108
120
66
187
21
154
218
216
14
247
167
65
122
226
97
37
11
25
110
100
67
242
198
241
111
187
42
135
86
11
151
188
84
42
55
28
204
216
129
138
162
211
67
100
218
235
208
250
87
256
218
256
138
17
75
200
102
218
60
14
28
220
3
231
38
54
255
204
243
250
100
128
22
3
167
100
100
216
220
5
73
220
237
113
212
122
3
253
5
204
204
203
184
4
107
28
37
49
96
193
37
54
68
5
116
87
168
3
108
109
100
75
88
104
226
50
218
142
112
69
54
25
180
187
243
217
37
130
174
113
143
182
216
226
114
204
246
122
154
187
37
37
226
153
187
167
143
100
172
226
114
147
77
122
53
37
226
187
104
167
118
226
49
240
196
206
30
243
184
255
141
212
226
122
252
83
132
30
217
14
221
100
212
244
207
10
60
250
49
124
114
87
80
24
96
231
226
115
243
244
91
187
49
72
38
63
104
247
226
91
49
222
247
226
154
63
226
66
130
248
195
212
240
229
207
226
28
212
122
118
198
37
101
35
226
211
248
179
181
53
211
102
59
150
61
167
181
67
49
21
226
100
131
37
248
217
61
30
226
35
226
255
192
226
139
192
69
31
114
213
187
70
69
139
253
245
179
171
227
25
182
255
135
49
91
86
52
226
72
43
199
216
139
73
10
248
83
38
75
186
247
226
5
197
69
253
67
154
216
67
130
175
65
176
48
227
66
158
186
168
218
79
58
179
216
217
115
233
228
94
118
89
79
79
38
43
49
