36
208
90
209
119
244
113
50
2
21
107
102
242
107
107
119
13
107
119
242
50
81
119
244
152
194
239
244
119
40
225
20
74
20
225
140
89
47
40
150
55
46
172
140
251
13
150
239
126
89
13
74
225
102
126
151
8
16
172
128
128
143
103
32
21
59
20
134
128
54
244
75
36
121
121
20
209
40
75
165
211
229
81
144
200
209
151
171
237
150
152
251
114
150
29
65
239
150
87
127
119
16
144
40
150
175
90
75
28
107
208
237
102
67
165
191
165
67
75
150
147
71
165
204
191
59
138
199
29
200
231
6
171
153
122
54
147
102
165
150
127
194
165
244
231
165
200
54
151
242
41
54
31
119
98
165
113
93
123
221
165
138
20
217
67
250
126
168
165
87
231
98
205
25
104
165
16
200
71
191
140
71
89
165
217
87
143
229
58
150
143
140
250
203
219
63
54
237
151
165
140
6
225
231
61
61
143
41
229
166
250
250
194
116
58
250
67
6
234
165
40
250
6
215
188
210
127
87
144
61
143
83
116
144
122
244
6
51
91
89
61
244
144
188
8
250
71
93
221
87
58
144
168
6
113
119
188
46
143
212
168
96
96
208
144
96
140
209
229
240
115
215
208
95
93
221
208
244
144
156
243
129
224
239
177
188
41
108
118
224
21
128
127
97
99
118
208
71
90
143
92
121
152
165
92
168
54
200
51
141
92
140
98
51
171
156
69
15
198
199
208
51
63
188
109
254
216
51
107
6
225
246
141
63
129
177
141
188
29
191
152
216
244
254
216
144
61
254
152
51
30
217
4
93
51
20
152
191
152
129
224
125
14
156
231
51
89
197
89
231
51
191
4
239
141
89
141
111
120
191
213
197
78
20
173
49
43
160
4
80
84
50
7
213
49
7
108
125
125
133
197
82
161
193
72
186
120
161
221
72
246
251
80
11
72
82
221
152
20
193
194
182
157
246
213
213
72
91
221
152
202
160
51
218
25
251
152
49
197
251
123
104
104
118
72
20
9
197
31
232
199
133
20
221
152
255
72
232
160
194
202
20
232
20
232
191
68
191
40
191
71
78
185
197
191
2
85
141
107
194
7
200
133
191
165
141
231
197
25
197
48
36
231
35
85
194
197
42
59
72
194
59
191
232
56
191
59
5
19
197
197
213
191
254
154
191
191
