164
212
212
94
174
199
174
205
165
165
174
205
104
205
47
135
95
181
55
147
55
135
95
162
249
174
47
211
107
29
231
205
160
237
36
107
75
181
142
107
239
144
97
65
162
121
162
128
55
21
113
5
146
80
195
146
162
27
13
21
146
5
59
34
237
97
71
244
174
182
171
13
29
113
166
203
9
58
237
253
217
182
87
136
80
18
239
144
5
97
84
113
183
130
34
201
71
67
59
88
160
195
164
117
183
98
28
135
97
95
201
203
50
58
196
67
250
83
9
21
88
73
199
8
171
121
164
224
229
5
250
70
95
250
220
191
76
97
7
256
235
80
190
113
43
71
141
206
186
27
152
229
175
8
170
98
85
95
251
81
137
217
200
19
90
90
95
138
95
146
107
94
80
10
58
182
31
150
50
150
185
194
80
114
121
61
67
251
113
32
32
31
235
113
229
191
136
196
3
108
182
180
152
113
65
40
205
186
138
37
136
146
208
151
66
199
70
69
212
40
195
251
250
208
27
167
144
8
167
64
150
31
212
146
47
171
16
167
151
171
205
19
58
250
46
252
211
207
146
58
58
113
219
204
176
130
95
69
170
107
205
25
220
168
195
94
61
21
107
96
6
200
200
29
179
231
174
54
58
181
89
40
231
99
218
121
212
52
201
164
167
107
138
256
166
37
212
35
58
205
217
217
164
59
121
24
221
240
46
164
108
250
109
61
51
144
51
205
94
204
200
129
245
5
199
129
31
203
167
201
51
195
37
58
96
44
138
180
96
64
121
190
107
205
88
192
129
200
50
31
256
121
128
160
233
144
144
64
81
33
127
19
81
127
89
135
4
22
54
107
95
243
5
136
176
180
142
208
194
127
55
194
51
40
21
164
3
144
206
194
58
108
51
96
21
150
129
171
208
249
219
219
32
144
41
167
177
5
180
187
69
31
42
89
83
130
200
75
111
6
31
187
58
97
141
169
231
166
208
205
146
140
152
219
165
130
121
186
150
171
63
31
107
164
165
80
191
24
136
59
46
256
256
171
208
198
146
28
186
3
69
19
1
110
42
254
59
171
167
144
169
17
171
205
52
21
230
54
145
186
67
67
24
97
58
68
199
252
13
74
64
130
169
164
141
253
176
217
207
208
245
212
40
237
47
223
254
89
69
166
32
250
146
250
141
14
119
61
210
40
28
136
198
64
61
78
212
174
143
250
65
76
94
61
176
126
80
200
226
63
5
233
174
125
140
205
244
150
165
63
89
254
88
74
141
88
25
63
103
63
97
146
254
105
256
81
204
76
54
63
241
199
13
144
170
169
205
194
254
156
52
227
140
3
64
109
87
35
84
38
200
209
256
36
190
88
170
188
63
118
72
175
171
89
194
113
250
200
87
32
111
21
128
135
146
256
16
195
195
167
87
28
50
83
128
157
25
28
146
32
47
35
124
86
54
63
16
58
146
87
200
188
222
116
105
22
256
61
37
211
141
81
244
242
186
210
168
4
169
186
36
84
54
63
254
102
248
179
31
219
138
76
93
64
209
194
71
81
172
43
210
171
185
31
151
132
206
88
168
252
67
179
146
121
92
141
238
131
38
121
125
58
170
65
97
144
83
178
146
135
59
5
54
202
74
103
143
114
83
58
20
88
205
93
201
89
61
214
256
78
168
223
152
91
212
171
205
125
217
109
95
53
32
90
144
142
248
66
164
138
153
13
200
165
228
97
94
35
83
28
203
138
114
250
250
250
242
185
40
113
183
54
83
117
220
219
34
244
254
37
182
136
24
37
140
249
211
118
182
203
26
235
109
91
162
238
191
63
61
153
100
247
200
222
44
180
178
67
244
151
16
203
24
11
221
179
179
186
191
167
107
128
234
233
211
93
145
144
104
71
171
200
167
252
211
3
250
182
188
188
138
39
15
142
140
96
142
235
115
65
34
167
13
215
65
9
119
248
121
107
171
230
250
97
179
203
254
211
44
223
49
128
194
65
32
205
36
256
89
206
90
37
200
47
205
171
120
141
195
252
31
171
178
171
69
186
167
64
218
171
63
53
92
53
105
89
53
135
35
9
21
202
176
179
153
65
91
218
226
107
69
73
179
83
61
54
222
180
83
253
185
235
18
4
212
126
194
151
32
210
204
92
69
117
152
125
240
48
113
230
212
113
171
129
102
137
193
32
183
165
174
183
106
169
192
92
66
217
212
171
193
75
233
81
191
146
199
233
81
86
1
150
92
94
103
224
24
205
56
60
60
124
221
77
89
38
65
14
4
221
194
142
199
93
200
156
200
223
171
83
221
230
180
223
34
122
188
224
60
139
219
29
26
221
167
197
132
184
38
150
114
11
200
13
42
110
97
109
228
92
106
211
108
54
132
64
29
149
35
71
61
222
218
222
178
47
57
76
138
19
119
241
240
144
16
139
138
141
234
62
238
136
176
27
92
62
115
144
243
89
76
34
144
201
190
39
218
36
129
175
91
187
223
211
103
100
24
44
87
50
171
190
32
61
235
118
169
5
136
26
61
89
33
194
43
24
228
144
204
178
221
53
193
109
59
235
189
161
120
237
140
13
198
140
203
171
169
134
158
229
114
235
153
144
200
203
117
90
24
72
193
94
119
146
175
242
24
132
60
46
11
228
65
44
108
147
106
35
69
182
106
219
200
135
86
203
136
108
22
215
242
77
184
5
70
250
178
253
64
238
227
56
193
96
36
109
86
30
244
27
225
249
223
5
94
114
211
77
189
111
8
201
83
212
178
117
185
89
58
47
178
38
197
64
219
153
122
46
256
55
64
170
221
90
191
34
144
184
16
210
178
64
22
65
141
57
248
26
33
124
203
244
253
40
134
94
186
11
26
190
186
248
210
156
115
248
236
194
77
122
245
194
256
221
178
171
132
87
185
249
207
224
116
118
14
42
43
195
44
187
125
119
234
46
14
92
65
15
28
142
200
101
179
112
252
4
39
22
92
87
185
217
144
196
4
112
94
227
197
217
230
241
256
201
230
119
78
119
187
132
52
219
22
112
190
147
186
210
53
102
81
255
40
236
19
239
131
155
224
58
112
145
161
22
253
24
190
227
193
255
224
181
40
89
158
181
53
105
91
83
94
219
106
239
190
72
20
89
226
181
96
227
111
43
200
93
34
196
115
191
147
26
89
205
120
10
171
10
240
215
42
150
185
246
65
251
181
102
72
175
105
34
239
252
256
24
42
89
244
190
220
253
125
147
26
13
242
29
230
131
68
136
94
200
239
105
241
53
193
169
13
216
253
139
144
65
31
186
102
20
144
79
49
233
21
158
69
247
238
103
141
231
225
190
224
244
96
22
10
199
131
216
49
121
109
144
77
109
39
185
245
69
253
146
159
210
178
121
241
39
104
93
24
232
49
240
88
228
13
228
243
210
16
32
246
179
168
14
19
37
253
222
73
189
175
55
59
40
117
121
169
187
118
191
105
172
22
191
28
143
141
116
9
20
198
34
188
125
46
193
212
147
10
134
152
96
182
175
119
42
222
62
94
90
6
77
96
34
77
102
53
242
117
69
134
103
29
74
136
168
235
4
224
120
103
203
72
178
92
39
178
248
91
220
199
47
136
102
252
46
230
49
207
224
61
123
103
221
169
26
181
107
123
15
116
170
219
136
11
95
140
223
240
152
5
86
213
136
107
74
66
43
46
24
213
240
199
205
234
173
241
43
170
1
134
253
219
105
203
25
107
96
102
148
256
126
14
104
69
91
122
69
102
79
22
26
115
137
71
10
253
14
170
79
70
182
13
199
34
64
240
101
93
17
246
20
185
182
226
142
209
236
120
107
14
35
191
43
191
227
223
136
189
238
40
246
78
70
24
155
224
132
140
111
24
69
178
66
222
171
124
171
180
254
200
93
78
181
8
102
241
69
125
225
9
75
92
210
193
199
187
126
12
19
34
43
181
21
244
173
246
250
6
238
231
238
198
253
222
130
182
3
233
71
139
225
4
180
11
200
41
173
22
178
86
246
200
112
232
71
12
224
195
24
39
193
169
148
179
188
124
30
102
159
50
119
224
198
31
244
1
152
129
198
107
14
5
125
73
6
129
201
198
194
25
118
191
56
10
22
52
251
119
182
132
1
254
34
35
200
30
118
6
147
158
187
238
188
193
58
19
191
185
188
115
244
240
16
191
46
38
35
130
118
250
187
205
38
78
144
13
65
159
179
240
240
76
221
244
134
136
158
244
26
10
244
227
147
241
188
246
248
64
109
78
31
159
5
137
46
24
78
248
233
224
22
191
190
159
58
95
46
124
44
170
78
181
65
30
170
239
26
170
24
200
65
200
116
53
145
182
128
200
52
59
188
58
126
79
241
219
79
248
244
227
116
248
153
164
6
102
100
254
246
240
160
206
156
116
72
78
19
213
53
4
200
6
46
135
173
90
241
194
46
227
182
101
