162
162
80
208
208
80
166
231
80
162
73
146
231
121
166
21
166
80
166
146
203
73
112
194
231
203
162
231
214
231
121
17
80
67
138
84
84
186
231
194
80
7
166
162
166
7
80
42
27
203
7
165
84
165
55
146
166
62
146
71
203
84
213
80
203
186
256
231
146
7
203
67
80
88
42
7
146
256
203
42
146
31
27
80
7
231
25
208
256
203
80
138
107
52
84
107
231
67
80
75
80
202
80
7
256
73
190
146
208
231
249
176
80
7
7
164
256
97
231
80
80
225
231
237
166
256
107
42
151
163
7
256
159
7
29
7
7
98
31
202
230
239
59
190
51
253
123
256
230
97
129
51
31
36
172
7
105
35
191
18
151
7
7
15
251
202
80
42
251
202
159
33
202
172
84
51
80
203
169
177
72
202
74
51
251
225
74
230
202
74
72
237
73
21
51
129
159
256
172
50
61
123
129
44
237
63
252
7
74
199
237
256
84
165
49
36
237
87
76
237
33
80
113
60
194
205
67
221
230
122
62
251
140
223
194
186
72
202
72
172
159
221
7
237
172
52
18
42
18
88
52
62
239
49
237
129
88
110
18
51
74
52
52
237
26
84
36
237
184
51
21
159
202
199
165
104
170
45
225
202
76
82
31
164
165
77
186
186
18
239
31
249
169
85
67
159
225
77
182
67
21
104
159
231
166
82
44
81
59
161
88
18
199
121
230
18
244
42
73
150
8
88
205
202
53
140
84
143
27
81
183
81
22
149
244
214
8
249
81
213
215
82
255
39
174
170
81
199
121
42
163
231
78
81
204
80
184
99
55
21
64
81
52
197
163
177
161
27
177
159
42
249
214
161
140
176
88
161
82
71
112
52
27
73
232
215
161
42
249
153
202
161
82
208
161
242
230
88
251
161
27
163
33
112
177
194
22
45
71
27
27
209
72
163
74
161
62
177
27
162
208
112
54
54
81
27
27
80
213
27
239
67
161
150
54
27
144
177
249
255
161
54
86
62
81
163
215
27
215
159
71
161
88
215
163
202
88
114
50
159
159
27
169
225
85
215
161
225
71
161
177
27
170
159
251
232
54
215
74
225
208
197
235
225
71
153
59
71
242
253
178
62
159
208
27
27
74
27
81
237
41
239
151
153
7
237
202
45
136
163
150
41
230
214
157
115
159
24
209
112
45
20
82
125
178
242
249
73
75
159
159
133
99
125
153
42
32
209
221
71
140
215
251
197
42
205
88
27
197
95
239
191
63
76
41
232
21
191
182
69
97
208
82
53
133
18
163
215
20
88
159
61
232
139
163
213
12
242
197
251
92
215
75
148
208
178
177
40
95
23
209
45
213
88
213
24
191
18
159
72
61
27
159
149
148
244
210
67
94
163
235
166
148
148
148
213
107
41
72
125
232
125
82
69
213
213
133
197
148
148
213
197
232
52
40
213
159
72
205
133
191
159
159
176
172
197
20
159
157
159
148
148
159
184
148
133
159
161
