162
162
54
54
250
250
63
235
235
235
54
250
250
41
201
119
54
250
126
150
90
63
168
231
242
81
41
54
250
184
90
184
242
236
208
97
169
90
58
126
143
58
58
87
25
235
113
206
162
175
121
214
242
65
101
36
143
217
205
67
61
234
113
160
25
208
237
34
126
58
22
17
29
242
90
58
242
7
36
13
229
169
195
168
204
170
130
40
34
242
170
7
231
47
95
21
115
206
88
225
38
128
80
211
93
91
155
16
231
3
36
22
206
184
81
107
107
135
18
175
66
162
67
17
190
47
54
93
84
147
240
226
256
237
27
90
17
6
130
126
34
211
128
47
80
123
50
135
128
22
248
73
160
115
253
128
13
3
251
206
135
98
47
217
47
77
150
184
74
71
235
91
225
160
121
33
93
204
7
127
225
83
253
35
11
126
30
204
91
30
201
50
93
180
235
98
125
65
93
90
98
121
80
22
87
110
14
42
29
240
93
52
90
115
90
1
165
90
140
164
190
29
38
97
209
13
16
200
28
92
114
11
154
93
139
65
147
123
147
147
194
237
52
195
8
240
26
140
189
244
151
209
235
151
128
29
196
242
131
98
206
202
206
13
66
229
114
106
183
127
195
160
183
183
235
52
27
151
17
65
33
234
114
27
50
252
215
84
16
165
105
90
14
90
151
227
93
22
151
90
235
242
174
150
213
47
228
50
18
126
146
151
180
151
51
83
91
160
96
215
234
28
228
194
81
66
167
151
147
93
139
59
88
3
59
13
63
171
2
228
88
106
105
33
243
97
63
77
25
6
250
84
102
81
135
168
8
119
228
190
88
215
252
2
37
62
140
30
77
28
191
37
201
167
209
14
237
81
98
122
115
225
89
102
216
250
118
92
191
16
151
225
65
243
26
138
235
252
250
132
238
209
143
210
142
199
253
92
215
69
171
37
107
119
66
52
90
88
145
190
175
101
10
95
25
148
27
88
55
238
97
77
211
77
219
18
166
151
93
171
93
94
102
199
179
126
168
9
166
192
115
90
92
139
88
227
169
102
174
211
90
115
209
222
243
40
171
228
2
115
237
122
97
7
107
98
21
88
174
95
244
122
59
9
224
25
27
2
128
231
118
55
88
90
235
88
150
32
160
126
127
66
37
52
40
132
210
80
209
113
93
35
57
171
243
69
250
2
168
11
174
156
88
192
16
128
184
235
69
194
77
156
242
206
67
91
144
174
67
46
151
243
213
176
253
128
157
121
235
176
80
230
206
207
38
62
195
62
130
35
243
137
208
69
59
212
157
195
52
252
169
130
67
215
69
210
223
26
239
90
217
107
161
92
149
184
40
98
79
53
106
128
254
64
93
171
237
43
224
38
105
64
41
52
99
151
140
167
118
185
29
11
134
81
162
188
168
228
112
92
253
231
115
188
168
205
118
245
92
87
171
23
92
26
102
224
54
9
149
198
223
171
195
236
21
105
256
98
66
80
174
138
34
66
243
12
140
216
126
243
118
64
198
25
172
30
53
233
195
150
36
23
66
84
91
101
135
190
190
139
196
35
66
2
224
26
132
91
200
11
128
44
217
71
57
11
37
198
253
194
87
198
21
243
109
118
252
62
235
75
55
195
241
145
97
223
75
63
66
78
208
138
9
45
255
92
62
197
128
166
241
232
76
29
224
252
118
121
236
243
238
14
222
229
86
229
166
129
145
155
135
211
141
69
118
26
54
195
75
171
44
183
29
22
64
82
69
73
178
203
8
75
170
95
211
217
8
9
96
229
199
39
13
200
110
118
228
144
32
122
224
169
12
144
81
92
171
161
72
141
9
75
118
92
58
85
29
8
62
122
150
34
195
118
184
124
138
241
171
254
37
43
118
114
232
174
34
243
133
132
153
193
142
13
222
11
80
36
142
128
22
190
103
108
118
209
208
233
37
118
27
185
183
146
237
165
53
246
91
13
115
9
161
209
139
216
108
34
158
121
150
246
184
34
37
1
49
149
40
89
73
251
207
7
105
167
181
32
187
66
127
63
182
22
34
97
127
105
190
73
134
9
174
45
118
141
255
18
59
84
201
28
55
38
105
98
187
183
96
2
195
118
97
67
105
246
3
251
92
45
161
171
150
254
158
69
245
75
64
57
71
18
24
249
175
227
84
207
8
183
101
92
160
14
218
118
224
242
215
24
63
94
7
160
56
246
89
242
74
109
216
53
188
199
245
166
238
172
65
69
231
246
48
28
48
246
251
122
200
116
150
86
156
113
110
125
96
99
247
3
229
234
37
227
37
22
246
91
141
64
252
67
6
256
199
220
135
229
220
160
105
199
78
96
74
132
69
12
252
122
6
8
132
24
40
48
45
58
5
50
251
171
86
171
38
147
195
65
229
107
132
8
178
180
112
180
191
242
191
10
16
163
24
154
52
251
170
180
164
37
236
154
204
227
86
58
122
22
255
75
255
112
1
214
158
227
139
113
118
178
25
218
79
239
147
111
52
104
135
109
182
41
249
9
24
254
171
188
212
93
156
85
132
37
121
212
94
104
206
16
6
197
224
142
102
105
156
104
24
37
96
20
58
52
237
68
198
227
212
113
30
137
180
175
152
200
4
115
113
223
240
20
154
160
142
182
20
141
189
113
212
160
199
222
14
207
223
24
16
241
229
68
252
193
44
85
255
244
205
24
247
179
57
167
248
132
160
52
29
145
253
209
69
133
162
138
138
85
167
152
113
120
44
188
182
125
182
37
244
133
218
147
107
116
122
101
248
122
28
51
145
248
134
178
78
116
101
222
108
218
243
44
142
101
256
93
13
82
52
138
89
183
11
156
49
32
181
24
10
82
91
250
181
38
218
241
181
196
125
12
78
128
241
132
255
104
227
44
181
36
227
86
231
62
24
210
213
200
13
116
104
255
50
57
62
116
122
197
182
156
65
210
181
250
135
226
159
116
117
49
51
173
152
4
60
41
242
104
98
206
20
203
120
167
216
210
142
4
128
10
37
122
225
132
148
78
182
255
203
139
78
36
248
142
145
33
181
116
40
102
156
122
50
155
218
43
192
93
243
170
33
217
135
157
18
182
84
38
12
78
103
202
255
249
229
4
4
204
106
6
141
240
179
73
38
192
109
71
157
188
26
141
244
53
170
156
200
113
192
29
254
106
140
188
256
48
117
243
167
142
18
107
49
180
214
178
48
254
45
4
11
158
12
89
48
23
160
227
211
254
32
33
81
243
31
188
113
222
255
255
133
156
226
90
104
90
9
13
227
198
141
232
102
113
243
152
193
85
89
78
125
53
27
107
43
97
192
120
43
112
159
33
38
109
144
81
228
180
70
247
6
223
133
159
49
188
158
163
171
86
144
58
188
150
37
125
68
37
131
193
4
9
175
255
213
21
110
122
85
65
192
78
204
15
57
38
25
4
116
21
38
248
122
133
179
161
228
185
185
154
124
198
200
218
20
252
48
246
131
4
85
101
116
115
233
122
247
157
57
122
198
