84
228
58
67
98
228
58
81
56
204
135
106
87
145
86
164
145
26
67
87
164
45
127
165
197
164
204
165
190
190
155
164
197
51
236
81
177
176
46
204
177
51
98
155
164
56
98
161
117
112
45
72
106
45
192
161
218
143
90
155
213
98
190
128
52
242
3
143
98
221
90
165
2
17
110
56
45
90
218
143
123
72
218
71
86
153
34
99
225
176
218
176
177
66
242
79
123
87
123
160
104
104
232
116
106
164
74
128
223
69
172
99
10
190
69
123
56
99
221
184
218
199
81
72
26
104
81
99
218
197
218
218
99
72
69
204
197
199
218
143
26
91
138
99
57
225
104
104
127
218
95
99
139
229
79
51
192
199
127
76
79
56
51
128
99
56
99
79
97
165
163
232
127
177
74
104
133
165
3
79
197
218
197
197
228
121
197
99
73
99
123
117
216
192
31
99
197
97
209
149
45
3
54
160
177
218
138
235
182
155
72
159
177
99
163
203
42
202
81
209
106
31
79
195
104
184
256
206
177
99
139
203
232
221
6
203
3
187
104
111
56
51
32
177
209
216
98
54
104
177
184
218
177
128
28
99
199
56
51
200
3
45
3
159
73
54
197
203
104
28
140
95
212
6
218
212
209
143
72
182
99
105
187
126
192
45
41
111
192
78
117
99
238
249
97
165
143
212
76
104
197
110
163
157
178
6
126
6
72
62
204
159
99
215
133
50
145
50
105
197
99
99
110
51
112
99
101
140
110
12
99
65
99
143
213
56
123
99
232
159
99
161
197
155
106
85
238
115
50
117
69
164
12
82
256
215
84
216
109
161
23
82
6
76
99
193
52
72
45
70
174
215
115
218
153
155
199
99
99
174
219
256
97
197
26
235
211
187
149
144
202
23
112
76
195
91
82
218
12
109
235
24
72
109
24
185
161
62
218
115
235
256
133
215
218
107
38
85
66
139
82
85
3
62
182
202
124
78
60
23
82
214
186
100
117
46
161
23
23
250
159
140
82
202
52
72
92
149
197
99
255
99
235
117
88
82
168
189
33
202
197
254
23
182
85
106
182
82
87
197
12
247
82
163
213
235
178
12
241
215
23
247
12
12
127
197
222
23
50
36
50
162
148
88
52
211
64
82
19
133
12
42
45
122
54
149
215
12
32
54
235
23
57
213
151
235
12
193
190
75
64
157
133
162
82
149
156
127
82
161
155
23
129
213
243
235
133
184
85
82
133
23
85
202
122
85
23
48
149
66
241
23
215
175
23
23
248
218
77
82
124
213
82
168
235
149
95
175
23
215
117
23
85
235
235
178
155
23
235
159
228
48
148
133
248
255
23
159
82
53
168
153
82
235
85
149
77
111
151
203
122
191
127
23
104
184
65
148
153
82
161
224
235
4
249
82
117
23
178
147
8
85
184
215
8
80
23
48
82
214
139
153
48
184
26
4
15
235
133
215
197
235
228
215
25
57
232
232
12
12
63
159
210
36
220
184
31
82
215
23
88
204
228
26
232
122
72
203
149
26
159
82
215
27
82
23
37
63
197
235
82
235
23
23
23
4
240
10
178
167
23
215
12
116
178
133
215
27
52
184
72
146
148
26
184
23
4
23
215
45
249
85
77
31
202
43
23
53
230
83
178
23
88
23
228
32
146
125
215
193
235
184
159
23
82
215
45
115
193
82
133
215
184
45
210
133
13
159
82
23
178
23
32
53
73
82
85
63
178
215
215
23
82
159
197
215
82
82
76
23
45
256
159
256
45
72
45
45
186
215
82
53
53
23
85
197
157
178
23
53
215
48
215
232
159
85
88
175
199
147
23
45
23
41
23
23
242
193
88
15
82
178
45
155
85
23
159
215
45
82
52
57
184
85
149
90
215
155
215
53
169
53
163
228
23
41
77
53
82
82
159
53
53
23
23
48
213
82
48
23
228
131
214
162
216
53
158
82
215
22
23
85
23
186
215
155
129
215
48
60
52
98
236
174
98
133
161
82
159
157
160
69
2
196
213
82
213
85
160
