111
111
206
28
206
55
105
28
128
55
130
3
3
51
87
206
55
87
87
55
87
123
51
34
87
126
126
55
174
130
25
25
236
79
150
65
130
55
126
236
55
24
168
79
177
79
212
212
231
130
41
87
36
145
191
242
176
122
83
203
205
130
254
145
6
217
209
122
209
47
87
217
87
105
154
64
231
130
249
192
105
250
130
220
130
147
130
236
201
122
128
212
30
130
235
119
34
6
8
130
8
130
189
15
156
6
83
249
209
81
81
242
47
250
243
103
112
139
108
129
168
173
19
10
245
6
145
74
122
34
209
69
80
106
41
119
103
174
7
105
145
79
222
105
145
79
126
64
250
83
34
243
90
108
112
129
236
223
238
243
5
74
222
110
98
90
74
34
251
211
5
19
145
231
212
105
64
136
222
147
187
96
105
103
223
250
145
119
130
187
8
145
175
111
103
187
147
145
103
30
26
251
97
14
60
217
172
14
184
24
129
182
156
90
24
14
96
130
64
47
145
119
14
16
137
103
76
156
47
96
201
8
17
12
103
129
136
115
40
130
130
165
34
5
80
108
183
34
137
223
97
30
130
110
239
175
242
140
119
117
22
108
175
76
34
199
64
161
90
3
79
79
122
196
201
37
251
243
205
220
36
34
79
130
117
79
74
212
236
96
192
74
238
79
196
129
187
130
172
6
108
14
64
126
180
175
130
247
8
189
182
195
38
69
161
79
89
79
8
79
151
14
129
14
121
141
97
64
46
62
39
129
5
222
14
223
223
137
172
96
136
236
198
14
145
90
175
79
187
34
96
228
205
5
2
222
79
60
90
79
209
125
222
145
180
198
198
63
112
192
160
239
105
182
196
248
79
242
64
250
103
14
130
251
189
240
108
14
61
137
137
64
79
58
108
196
145
165
205
95
121
201
103
24
105
187
198
198
194
15
145
63
180
165
192
83
175
142
60
147
10
219
145
201
242
251
34
70
64
242
79
14
192
243
126
130
75
122
141
121
2
251
220
154
96
217
14
223
119
251
223
134
129
46
70
222
8
251
223
196
5
189
229
90
70
243
239
63
251
18
46
14
140
18
14
30
226
126
196
121
132
192
229
137
34
10
123
14
70
241
100
125
219
14
175
238
38
145
79
97
175
223
3
21
64
182
30
37
229
135
95
96
36
90
130
90
31
198
229
11
190
33
190
249
64
189
89
187
185
140
105
187
175
6
180
96
103
178
165
36
240
134
64
100
74
132
1
219
140
225
256
100
79
14
201
8
251
182
223
160
79
187
180
16
145
64
126
172
74
223
201
90
24
134
60
24
114
228
124
199
126
140
87
185
187
103
105
239
59
160
141
11
234
46
105
91
79
90
74
79
13
201
222
108
187
187
83
187
46
37
76
219
63
194
96
61
236
79
223
94
40
38
36
18
49
192
211
30
30
90
64
5
145
156
104
237
111
140
144
225
87
97
240
180
89
113
165
14
132
126
70
183
78
248
251
127
165
14
24
14
46
2
215
14
114
240
200
8
212
144
141
46
111
126
58
132
242
195
190
108
20
187
216
37
1
117
180
237
223
22
180
19
125
30
122
103
103
44
35
30
40
21
76
182
222
46
64
203
152
103
242
154
28
130
114
96
2
129
140
61
175
76
233
100
102
183
2
130
223
96
97
14
34
190
187
242
240
126
63
90
9
223
49
100
228
36
64
18
33
42
129
187
245
8
123
96
229
30
130
134
190
222
79
180
14
175
180
108
28
238
168
49
26
154
64
180
81
14
248
30
70
96
21
43
154
14
1
30
145
28
50
180
26
160
90
40
33
123
223
238
30
135
95
180
183
127
129
175
209
33
15
5
64
119
28
253
198
144
242
16
96
182
40
140
40
28
36
129
187
103
60
7
126
51
103
60
235
240
231
201
180
100
185
64
181
117
132
89
30
33
114
142
176
28
212
40
215
98
127
95
56
145
103
90
142
251
180
25
46
90
16
38
34
130
233
60
56
10
30
30
26
229
89
87
114
124
119
144
56
169
195
187
37
212
105
131
79
248
60
14
236
108
125
90
165
46
84
98
19
125
187
46
39
160
187
244
84
135
190
100
166
126
243
231
180
179
40
238
198
108
27
223
129
90
118
195
167
201
223
241
238
8
180
96
236
40
238
246
42
144
1
114
175
243
65
90
125
10
112
30
240
171
114
14
205
238
106
108
33
56
51
250
6
223
81
238
199
38
156
14
96
230
90
251
123
180
33
44
60
56
83
216
14
122
58
2
46
230
147
254
131
147
140
14
119
63
137
34
132
10
180
180
210
102
27
14
251
196
89
102
17
90
174
229
212
102
195
89
33
192
79
248
180
231
113
236
152
236
248
187
81
34
200
121
36
200
192
33
5
70
10
156
132
44
10
172
210
125
175
166
147
114
96
61
93
129
140
252
28
70
119
137
123
47
108
119
169
81
204
198
125
172
104
5
35
169
135
229
228
14
10
108
121
175
185
64
123
233
251
230
154
200
59
71
33
187
81
97
160
241
158
95
119
71
102
195
126
227
107
180
169
194
219
114
5
98
119
123
185
95
169
144
90
130
59
123
210
5
147
248
187
239
89
254
213
139
207
5
90
192
185
125
46
112
119
210
125
220
180
107
78
90
65
238
30
242
90
144
90
70
79
197
164
61
220
210
119
160
194
108
223
229
14
236
201
58
90
5
236
119
183
95
47
187
93
113
3
236
181
167
60
24
119
242
65
210
183
236
47
238
187
6
93
86
194
229
60
81
90
225
59
107
212
98
41
119
195
201
65
242
132
51
192
14
242
183
83
5
229
16
171
191
104
242
212
71
65
172
112
242
187
95
66
187
30
123
171
113
182
130
5
12
216
90
201
148
5
245
10
204
151
51
229
72
218
119
145
152
150
119
223
5
5
156
179
185
158
237
175
196
201
5
70
71
2
2
119
16
5
90
210
242
19
128
65
12
27
128
171
241
134
254
236
242
223
224
191
233
191
12
81
227
156
65
190
210
145
102
151
233
210
12
182
20
99
194
13
124
86
102
102
190
112
171
12
204
119
51
5
37
14
133
107
92
29
51
101
12
242
142
197
12
227
227
19
236
225
45
128
144
78
217
107
86
136
189
32
199
22
177
7
167
102
219
27
217
7
225
61
210
198
145
216
190
151
200
191
113
210
255
7
28
175
212
27
114
171
94
107
165
151
7
13
200
26
200
43
183
216
41
115
6
209
254
136
208
71
22
190
94
151
12
244
126
163
214
145
229
119
22
175
197
244
175
148
113
210
163
248
47
191
210
129
38
137
255
235
95
185
80
41
17
133
128
193
174
151
105
253
95
175
67
210
7
189
19
95
30
254
115
248
20
173
90
94
222
20
165
20
19
151
175
64
163
163
189
156
220
168
74
51
208
15
151
200
163
222
90
20
204
24
80
151
248
26
51
33
200
250
33
246
145
80
5
26
222
171
156
200
68
113
33
200
26
142
195
80
119
139
113
164
71
200
200
254
188
125
163
123
217
125
22
200
142
145
144
191
125
113
210
15
13
185
200
254
166
37
12
210
202
47
