201
201
201
34
34
201
201
201
201
98
196
149
98
123
201
105
123
201
149
46
126
123
201
90
123
90
143
127
126
8
109
46
123
251
126
28
248
248
113
63
63
201
126
113
245
8
90
206
239
245
126
142
111
38
97
143
10
172
128
138
138
239
111
226
98
150
34
210
245
15
71
143
138
226
172
172
137
98
229
179
123
150
172
26
10
123
10
222
37
46
139
238
85
111
93
143
90
123
253
137
92
126
217
28
138
36
113
245
92
114
10
222
150
30
28
106
145
123
8
211
109
118
142
154
114
98
229
226
37
8
93
168
145
132
123
106
27
146
106
146
85
8
118
114
216
128
128
5
67
128
189
137
98
244
207
123
206
188
25
106
206
38
246
189
87
177
74
30
200
150
201
216
8
36
118
22
244
1
92
200
106
106
226
67
132
128
214
249
28
136
236
249
139
106
182
106
108
253
61
189
106
216
246
223
154
194
55
154
114
69
136
246
123
98
65
136
2
139
226
9
102
123
250
28
136
60
254
116
225
168
27
171
67
21
109
167
63
254
94
200
254
190
109
246
142
9
114
229
247
142
92
112
18
190
138
47
28
106
190
147
68
132
92
18
156
109
190
171
44
241
69
90
92
90
81
81
90
200
68
30
255
90
2
200
187
171
37
63
147
24
123
212
136
18
206
167
18
156
28
30
171
93
109
127
190
2
243
225
236
18
36
26
254
109
8
83
9
10
156
193
255
196
18
101
171
63
246
171
10
132
47
227
10
236
15
132
109
151
26
136
122
75
67
236
68
64
112
212
141
128
129
251
196
68
5
75
30
187
154
15
90
193
107
61
109
109
239
108
68
147
132
64
150
40
226
9
171
37
222
44
149
75
201
10
231
56
255
242
171
167
64
22
224
122
171
171
190
81
158
140
78
236
241
94
206
46
151
151
140
255
247
61
208
121
129
16
44
204
18
37
41
255
171
47
200
109
129
254
171
16
34
127
5
40
249
47
224
5
129
91
171
187
107
229
113
198
219
147
121
127
193
156
3
219
114
238
156
171
30
248
250
111
147
28
109
206
5
238
30
22
109
152
254
227
156
71
181
88
83
96
212
61
43
96
69
49
229
5
248
167
189
96
139
64
224
124
124
188
198
110
133
181
47
41
56
5
181
22
14
140
181
127
250
88
229
241
141
34
153
152
228
90
199
208
41
147
175
250
145
107
201
147
69
147
13
221
226
224
114
9
41
193
206
44
18
151
16
175
68
43
181
151
49
229
90
147
227
45
221
229
224
256
41
43
105
200
183
212
61
224
246
158
224
8
224
236
181
120
147
147
124
231
10
61
156
61
193
171
76
256
110
78
201
236
69
16
22
109
28
16
124
13
43
76
248
248
224
136
221
41
156
109
37
242
108
149
96
225
145
109
200
248
229
4
224
142
145
233
125
76
200
245
5
142
245
226
61
224
224
14
142
125
120
200
108
4
168
156
78
197
187
166
