194
165
194
7
165
121
162
194
165
7
33
33
194
208
162
98
1
165
151
194
221
14
195
194
98
47
191
162
75
98
136
205
169
180
138
221
180
151
143
180
180
251
40
251
1
33
21
160
143
203
211
194
251
195
192
143
18
76
164
132
65
165
143
76
87
138
67
40
14
59
151
33
42
33
55
29
65
18
254
160
123
143
40
205
231
65
143
186
143
104
135
176
87
51
67
138
26
224
121
50
172
221
26
218
138
95
152
121
141
135
165
160
135
218
95
221
28
59
138
203
136
138
107
14
118
151
80
21
95
1
160
190
14
92
1
33
200
165
254
36
200
14
185
244
87
165
55
165
143
143
154
76
89
164
107
87
256
33
239
247
129
248
62
136
252
76
237
254
59
231
65
247
138
138
172
21
231
203
22
127
80
203
40
66
251
160
136
67
154
87
107
75
242
237
200
95
186
244
225
200
165
38
152
194
1
194
33
87
33
243
18
208
254
254
84
114
26
247
61
125
146
239
141
154
244
186
188
237
135
194
118
14
237
256
150
1
169
186
128
25
100
136
254
143
208
165
57
93
194
194
73
93
185
209
143
66
87
76
222
252
128
143
71
191
203
121
146
36
151
225
28
145
87
7
165
229
71
217
65
165
119
244
47
166
207
20
244
208
66
98
166
87
83
194
24
29
143
31
181
211
243
165
188
172
186
40
211
240
121
73
135
83
98
91
89
87
222
93
254
132
17
100
182
171
74
1
17
130
239
121
191
135
165
231
222
143
199
107
87
121
5
28
35
128
10
165
14
203
46
65
21
212
244
164
185
31
143
174
165
147
254
186
256
87
138
94
217
160
254
194
150
231
94
188
187
243
58
35
227
160
81
244
165
185
17
239
74
188
121
46
185
243
59
59
89
165
243
20
3
244
107
98
195
91
234
253
190
83
254
160
152
212
146
67
87
243
221
105
9
167
199
185
67
243
66
8
95
135
210
174
199
74
135
150
105
251
181
160
190
164
188
90
118
31
208
26
135
8
151
207
190
53
66
169
119
210
247
8
59
240
224
146
176
253
224
87
240
162
36
254
187
184
8
13
59
11
203
154
199
200
62
189
229
154
73
118
100
160
109
93
49
194
172
13
107
128
58
160
198
68
40
180
185
75
182
9
42
242
66
89
224
135
217
92
196
46
98
203
243
8
59
154
221
205
188
21
128
180
231
154
91
190
244
186
251
253
77
220
220
109
87
224
150
206
60
217
106
118
13
244
203
199
84
206
8
206
115
180
101
59
203
21
94
33
59
188
185
165
100
221
95
130
8
150
164
210
60
130
139
206
240
90
188
77
32
118
110
211
217
34
13
135
146
125
95
17
60
60
188
210
59
107
250
191
217
143
189
99
185
192
135
92
128
224
118
95
109
180
153
150
55
3
88
66
243
114
107
206
55
100
125
17
217
192
26
194
131
183
95
203
199
224
118
130
229
199
150
253
81
62
210
206
207
112
151
31
114
105
254
172
33
144
150
136
236
114
255
32
17
95
195
32
199
137
32
188
130
5
225
114
136
84
195
46
207
172
3
224
153
182
143
98
224
253
110
144
3
217
204
104
182
227
74
151
13
194
129
181
221
242
224
156
184
81
188
242
125
217
128
95
131
206
84
254
125
136
60
6
122
39
199
50
81
195
153
224
194
131
240
69
227
224
254
59
131
129
138
60
79
194
193
83
80
131
91
59
84
109
128
60
66
109
69
128
39
176
190
224
84
229
242
173
76
49
135
184
118
211
137
16
91
28
13
137
91
46
224
30
131
147
254
184
29
150
170
131
191
81
61
199
106
224
13
160
170
11
34
144
185
136
200
204
92
188
182
154
31
195
128
182
128
203
119
176
232
224
147
60
77
210
28
227
231
54
8
210
121
125
139
194
109
107
16
135
151
189
31
164
123
164
176
133
184
136
207
184
91
97
172
64
131
121
21
154
69
186
79
63
77
154
31
104
30
179
204
97
28
194
145
91
210
191
168
206
78
128
195
118
52
195
73
71
19
163
96
195
208
118
78
242
191
87
138
136
127
145
114
98
157
89
199
131
56
94
60
157
121
44
195
128
136
211
204
55
133
184
154
149
224
91
224
204
8
2
154
224
61
113
87
184
176
81
207
76
74
22
81
97
217
75
128
191
243
30
50
8
35
13
87
191
220
89
115
14
144
200
53
84
122
207
109
243
203
250
13
79
213
207
235
8
227
51
15
250
216
77
194
63
226
54
77
135
8
109
15
81
137
108
254
155
17
220
61
194
221
180
113
53
28
119
51
224
202
210
60
64
224
131
132
9
210
194
237
89
13
149
180
56
238
28
77
37
19
190
51
53
114
25
17
214
63
184
171
2
220
239
122
15
10
204
169
175
89
9
184
221
251
187
190
199
83
138
120
113
254
115
19
8
15
43
17
216
227
185
183
128
91
95
226
207
195
174
210
81
217
17
207
224
226
34
13
145
13
67
150
78
55
167
63
47
89
217
204
110
67
89
166
188
207
199
216
120
145
58
245
71
224
11
216
110
55
28
96
95
193
10
182
204
116
224
166
184
52
1
95
128
236
114
248
90
76
78
15
110
172
28
130
174
67
78
186
206
180
13
143
143
131
1
183
6
88
97
195
120
168
47
120
22
195
21
217
74
200
36
240
231
155
143
224
50
160
71
217
217
22
106
137
241
235
88
217
195
67
247
107
116
91
250
122
110
130
129
55
70
148
235
212
121
168
28
172
217
39
71
120
31
40
250
195
204
204
7
124
131
203
65
175
193
102
255
207
163
137
18
206
173
88
28
126
168
199
17
93
204
71
234
1
171
40
128
92
87
91
239
49
188
207
48
154
235
154
34
247
230
197
95
161
7
35
245
199
21
255
173
201
213
43
214
3
15
64
58
17
226
43
105
131
135
37
118
97
155
91
78
145
43
94
105
209
244
2
100
115
36
49
7
48
256
81
234
55
143
43
60
204
185
42
204
20
182
238
71
137
204
43
226
122
157
17
25
36
21
43
241
71
120
54
173
89
241
109
61
200
241
110
78
52
178
1
164
109
43
84
158
197
150
207
208
113
128
122
168
24
36
244
248
2
226
8
142
43
227
173
120
237
206
200
226
44
178
197
198
204
49
159
147
226
70
118
166
197
49
198
104
87
78
18
107
17
6
253
124
150
33
42
78
195
200
217
173
78
212
154
19
194
78
113
15
43
150
20
224
68
195
212
78
226
207
198
219
211
70
113
59
188
205
171
119
226
86
152
207
207
146
185
117
52
119
72
37
254
138
254
19
160
78
115
