186
186
176
91
165
186
165
164
67
164
208
243
143
209
61
128
67
231
129
143
209
164
208
209
105
29
9
216
105
128
17
164
51
29
128
38
209
9
129
73
206
164
89
175
243
94
26
38
175
107
209
251
209
94
89
128
50
58
174
251
239
166
73
51
190
74
205
74
9
3
177
29
72
97
216
147
231
194
208
174
138
94
110
215
13
29
94
106
138
94
177
170
115
54
244
58
168
58
197
54
110
153
166
250
54
151
211
205
110
145
72
54
145
207
166
85
66
170
143
76
110
149
145
138
127
101
240
28
143
141
106
237
244
52
54
85
145
95
164
105
168
66
197
5
174
18
82
210
40
33
54
168
180
138
139
126
103
40
95
66
40
256
57
80
66
132
174
225
23
208
51
40
86
23
40
52
40
12
58
40
229
23
256
247
233
144
15
176
172
25
170
84
202
7
115
121
128
240
169
174
65
74
52
96
7
62
23
82
179
146
23
23
194
140
174
12
139
203
89
109
144
227
109
203
109
230
59
215
205
129
150
146
209
35
24
42
174
66
52
225
169
69
33
146
109
166
23
144
63
52
62
185
52
139
191
99
159
132
251
20
251
150
109
230
229
72
117
194
227
186
114
223
166
213
71
104
138
58
251
127
84
76
23
209
241
21
104
114
52
40
203
87
179
17
227
166
142
149
237
186
99
203
179
33
7
166
194
130
157
144
197
72
186
193
197
176
237
130
52
150
29
248
138
224
72
197
94
149
82
72
35
256
80
191
119
127
138
138
119
115
224
31
7
146
35
20
185
216
116
252
191
93
222
7
224
74
80
118
109
203
240
186
170
27
29
81
249
44
154
224
82
159
248
58
140
256
203
170
135
220
84
133
191
191
4
108
80
35
88
109
169
12
179
166
144
69
58
128
103
212
169
220
255
80
88
180
179
191
142
140
186
185
106
208
158
196
214
110
171
218
5
110
216
50
223
33
149
194
75
31
119
126
74
106
100
219
244
251
62
181
228
144
172
35
234
10
73
199
76
238
120
52
24
44
158
12
186
84
170
138
32
169
243
203
191
170
145
191
191
20
252
68
170
239
224
179
60
125
256
252
133
24
140
119
67
88
190
222
142
15
239
254
23
191
215
153
254
112
243
203
120
191
224
206
130
149
191
112
215
64
203
185
228
191
175
21
164
135
230
229
20
4
179
237
144
238
77
191
191
229
224
197
56
68
108
126
236
88
27
81
134
249
86
89
125
136
206
34
4
229
216
13
190
201
145
158
219
244
199
125
193
176
57
27
80
236
229
6
11
119
76
115
212
13
115
142
218
219
24
133
133
88
254
191
191
152
215
86
64
81
58
144
206
142
58
169
88
19
233
66
166
243
169
188
65
138
141
210
164
200
133
149
210
166
222
11
144
85
115
110
169
112
136
225
200
191
82
90
15
73
230
133
223
158
58
122
221
5
193
191
256
210
184
256
233
164
140
127
232
128
251
169
125
167
19
29
36
230
200
108
65
203
237
127
93
204
132
144
179
219
116
199
31
39
4
88
219
64
107
159
191
68
90
20
15
83
157
239
229
249
24
176
61
191
119
240
195
19
36
153
25
12
249
191
236
166
250
144
128
164
121
249
59
75
240
115
234
75
81
254
56
152
135
200
36
32
130
243
56
125
121
177
200
70
15
222
241
128
73
13
158
89
88
191
227
76
204
234
149
4
167
256
189
115
47
241
82
38
68
115
115
110
167
191
219
176
139
77
88
201
38
188
29
191
206
25
191
94
243
115
15
158
56
211
25
139
75
85
49
89
220
191
170
125
121
6
121
75
139
236
235
135
82
102
89
88
104
176
146
125
148
116
251
36
113
170
20
203
93
55
125
125
222
163
75
80
27
236
125
193
125
174
170
103
234
210
234
65
113
96
36
216
29
233
19
107
82
18
176
82
191
194
58
185
43
219
187
203
158
157
199
20
18
35
248
45
112
169
31
231
47
115
196
168
16
32
89
69
84
15
82
153
112
82
137
191
124
150
132
44
241
20
76
33
19
217
63
230
21
48
58
166
7
195
191
183
133
235
171
40
195
191
101
15
94
54
4
124
234
253
119
253
254
230
15
133
29
113
133
88
44
189
20
47
194
86
115
230
249
225
252
77
19
245
6
59
256
191
219
152
45
1
237
256
10
212
143
213
82
222
34
219
189
85
149
231
68
174
97
115
194
184
186
129
85
254
248
238
253
4
98
63
96
205
122
212
225
225
152
86
143
81
194
57
57
158
248
144
15
121
19
253
195
252
83
200
194
119
114
79
52
230
139
163
92
196
63
246
230
29
1
86
20
249
53
126
134
247
77
225
82
218
188
47
230
228
125
191
228
249
38
142
73
250
191
21
61
205
237
1
88
13
21
122
85
206
118
228
200
113
3
25
146
78
102
45
25
116
133
253
38
115
222
225
67
156
247
113
52
225
62
245
179
211
101
125
125
170
240
38
102
113
159
64
227
233
78
237
93
191
85
104
80
234
171
191
248
179
127
24
193
230
191
29
186
169
206
194
8
4
119
150
256
52
35
248
191
119
71
256
190
28
201
20
92
159
86
73
18
195
68
191
86
78
202
5
191
50
34
118
254
230
227
44
179
47
111
21
119
113
247
191
35
14
91
208
101
113
164
157
25
32
171
193
230
170
171
98
102
107
200
185
92
240
65
161
31
38
237
119
191
89
75
38
20
64
12
15
178
256
170
210
133
78
142
13
118
254
254
60
83
170
61
101
55
142
130
237
118
125
248
247
125
144
150
147
252
24
203
20
207
183
134
56
76
216
146
113
126
97
249
20
237
103
146
142
237
20
113
200
253
173
125
21
206
79
40
68
208
167
249
20
160
34
20
226
159
29
191
33
128
135
162
95
63
164
185
73
157
244
73
245
234
96
137
104
219
147
108
20
156
160
234
229
125
65
63
180
107
136
36
20
8
230
169
212
136
121
125
180
75
223
211
242
90
152
224
113
144
252
95
20
6
119
20
206
234
133
228
2
186
249
4
58
34
36
185
53
63
170
20
133
104
116
119
156
42
20
186
228
102
252
20
83
26
191
256
113
188
135
146
75
20
242
234
200
234
135
132
133
4
85
119
68
197
119
120
252
20
96
53
191
53
20
92
191
119
113
4
156
20
107
96
121
91
113
36
49
118
152
91
68
191
249
53
186
37
224
156
68
4
30
171
100
119
247
168
253
169
113
53
191
113
173
191
56
