251
74
81
230
230
164
212
48
175
108
231
204
140
84
204
223
239
256
84
204
256
112
146
48
115
230
2
26
138
10
215
53
40
153
84
50
128
157
256
199
52
110
213
112
26
199
52
204
79
160
249
186
12
12
102
209
42
197
120
203
178
145
74
42
18
74
139
104
149
52
178
160
52
162
145
69
91
106
162
94
232
155
123
91
66
128
209
237
176
69
94
84
55
213
145
145
72
99
153
222
128
131
55
123
222
98
213
155
74
106
149
162
218
99
94
218
131
207
211
155
232
203
222
84
162
69
220
94
2
52
28
84
52
28
52
106
123
72
52
84
218
52
211
94
51
55
51
219
26
54
76
84
177
178
106
145
55
52
50
26
154
177
213
84
52
51
28
162
29
218
177
145
207
84
44
84
26
29
249
55
44
55
85
218
54
123
92
29
31
218
105
181
44
49
128
178
123
26
76
248
123
29
85
202
84
145
105
84
202
29
9
237
178
202
213
216
216
85
29
123
202
84
26
178
202
104
218
55
9
3
29
26
29
51
26
172
55
44
57
85
86
222
63
44
104
55
91
52
75
162
128
104
207
149
172
226
249
85
104
92
160
235
66
28
123
85
63
216
159
104
181
75
3
55
202
129
171
249
202
91
26
140
174
193
197
178
178
63
54
140
26
174
82
54
208
162
52
178
7
104
182
235
172
123
18
123
230
178
91
114
26
199
249
99
178
168
18
91
178
171
94
9
186
18
105
53
12
48
66
192
9
85
168
105
250
12
82
97
49
171
204
48
94
26
207
235
9
9
154
15
178
115
115
178
85
94
3
94
220
115
9
52
54
139
120
19
85
26
155
123
178
131
91
94
97
214
197
226
216
38
220
13
220
15
178
94
97
54
230
82
85
15
202
13
26
94
85
11
157
94
26
236
215
94
216
54
56
55
91
184
85
85
23
178
252
190
53
48
9
123
214
48
97
112
48
85
215
94
157
162
63
53
26
3
245
162
82
82
178
26
249
168
46
94
53
157
235
214
73
63
256
197
77
85
162
214
193
106
89
256
26
12
63
13
146
82
120
228
37
184
178
235
178
158
27
235
120
230
133
42
178
133
228
9
82
184
85
120
39
148
235
76
235
172
210
12
85
82
204
197
172
80
63
55
124
133
94
9
124
159
133
85
85
124
178
12
146
197
253
204
48
256
9
222
131
82
112
235
146
27
71
189
242
162
85
235
204
133
215
9
133
80
207
235
44
46
133
235
178
235
123
157
133
42
72
128
249
184
42
218
230
115
133
197
178
42
215
27
133
80
202
53
128
85
184
120
218
164
120
120
133
41
128
120
218
218
48
178
178
213
218
240
124
249
45
242
94
56
235
25
124
99
128
37
115
134
253
52
197
235
86
99
82
202
52
85
159
72
235
162
52
133
155
81
84
82
210
99
56
235
197
241
216
237
133
249
193
26
159
241
42
249
157
133
189
213
12
162
127
110
82
213
102
27
52
42
157
27
124
133
256
133
50
133
197
50
56
110
99
155
178
81
178
133
197
42
157
172
219
157
85
159
124
115
157
150
157
86
13
26
193
155
218
215
133
133
105
26
52
159
213
56
197
210
25
133
202
178
84
85
26
155
64
133
256
12
215
148
133
26
77
52
133
133
82
255
86
218
116
155
115
232
133
72
215
213
