175
97
128
128
95
14
58
128
95
58
40
75
128
8
211
6
75
126
8
77
122
244
31
208
186
208
143
51
75
243
128
122
77
250
244
130
243
150
126
75
126
59
250
147
47
217
250
138
164
126
47
209
121
61
150
190
6
103
141
75
33
211
244
126
136
28
243
150
136
250
31
87
244
136
150
17
129
21
66
128
2
28
231
113
222
131
5
122
3
31
244
131
182
61
33
181
243
211
136
113
182
58
40
182
222
208
131
17
231
223
33
108
182
182
36
126
244
141
164
3
243
28
205
131
80
211
172
126
66
3
107
200
83
54
145
66
156
65
3
75
156
160
13
87
141
206
92
164
165
92
182
3
97
167
6
156
131
131
65
136
22
54
129
205
147
245
28
222
160
93
171
126
131
89
246
165
40
171
14
71
92
92
131
127
187
156
29
126
205
131
122
2
65
28
211
131
160
92
13
230
206
138
79
118
131
195
54
209
126
93
195
27
205
2
160
204
108
5
187
205
76
245
79
28
160
92
54
28
77
245
41
131
3
118
58
97
93
233
165
88
92
71
114
211
205
211
77
65
217
79
127
243
59
211
3
200
195
245
92
65
8
8
223
175
209
147
164
147
29
3
2
98
141
183
19
126
205
169
200
245
141
14
79
8
172
244
23
54
6
187
167
47
187
172
74
64
187
164
166
179
19
88
230
6
167
193
157
190
224
14
190
36
247
172
89
136
8
164
141
14
179
247
183
49
132
205
23
235
233
226
32
172
15
230
94
204
179
38
77
122
179
117
4
3
252
131
131
12
32
138
157
216
187
167
247
138
154
32
182
84
105
222
217
249
23
173
249
157
205
77
9
190
2
80
167
102
47
71
104
79
174
5
80
92
245
198
142
248
230
132
122
216
174
112
227
157
127
82
85
190
13
52
177
17
248
157
246
56
227
121
140
76
245
187
179
194
157
187
235
154
116
182
154
165
17
129
194
193
19
122
240
95
179
154
106
73
88
132
248
94
202
102
50
167
227
154
144
87
104
124
90
245
87
256
145
16
88
129
59
50
16
172
171
85
235
87
235
82
226
154
182
54
28
227
157
202
91
182
49
216
43
122
15
88
6
166
141
243
57
180
172
202
189
53
71
43
127
2
174
193
53
240
104
222
3
183
82
116
18
198
137
5
41
76
206
181
53
85
24
255
183
138
185
71
46
233
210
43
176
100
43
156
42
23
50
183
104
1
200
154
3
138
4
59
129
92
50
104
255
202
57
243
179
68
142
185
85
237
55
55
1
184
137
142
198
46
148
4
216
240
173
247
147
120
154
171
82
123
104
142
89
3
85
254
104
245
255
26
50
81
216
179
85
253
200
116
245
64
148
49
226
181
172
237
49
76
141
181
255
4
24
148
82
237
82
163
53
82
228
247
249
142
245
106
82
78
153
255
216
217
46
38
209
195
254
122
230
49
49
82
64
198
195
68
197
82
157
116
147
82
4
82
74
255
82
87
226
175
227
180
82
30
68
64
193
148
142
181
82
43
182
224
132
95
55
60
53
213
254
255
224
19
144
82
255
57
