36
62
84
7
84
94
209
84
7
209
84
209
115
209
209
153
186
249
209
62
209
208
91
209
146
209
62
165
7
7
162
186
182
254
62
55
90
18
127
209
244
256
165
36
21
253
208
244
146
143
144
144
7
128
162
208
231
36
208
208
194
172
123
186
125
36
36
209
165
143
251
143
165
166
46
165
212
197
113
141
27
112
208
197
18
18
92
244
186
127
229
208
74
144
208
253
203
5
203
56
153
74
165
8
159
238
18
143
94
187
230
40
220
174
94
225
140
28
18
239
45
152
149
45
165
74
125
119
74
114
59
93
42
114
242
16
75
88
251
182
112
162
56
64
87
75
23
119
97
85
87
177
81
100
100
251
18
18
224
220
81
10
151
140
206
62
128
153
177
239
119
248
249
239
229
93
152
208
160
136
177
143
71
125
125
248
242
108
119
248
123
143
181
177
25
244
18
61
113
134
45
185
100
18
125
72
20
208
251
126
229
119
18
91
199
204
71
94
97
251
12
81
6
95
79
240
153
95
209
18
222
29
118
18
239
117
8
119
253
35
18
35
251
152
20
86
56
25
225
25
125
253
242
242
237
185
64
75
239
194
21
251
146
239
41
101
51
147
212
248
89
79
229
162
242
92
227
81
66
117
33
114
198
21
100
188
31
58
1
21
56
76
20
146
153
236
143
224
64
222
81
175
74
13
16
242
74
95
100
143
172
140
125
159
19
119
39
121
140
212
212
3
177
144
236
119
210
119
159
22
78
98
175
91
138
36
239
28
119
229
60
229
253
150
29
179
130
81
29
104
181
45
23
238
206
201
237
224
104
35
81
253
100
100
18
102
1
59
220
72
208
76
191
18
33
210
79
162
211
5
225
18
209
22
72
239
90
225
210
75
79
162
125
50
87
76
159
100
67
239
20
47
17
191
102
73
133
153
28
47
225
147
162
244
239
243
239
229
128
181
196
35
104
56
162
126
155
229
63
57
234
155
90
250
250
225
20
191
209
153
17
122
33
219
50
225
41
210
118
215
237
109
236
250
50
191
188
104
234
225
238
36
10
62
208
86
39
17
220
209
238
225
85
126
214
250
15
4
119
20
20
211
158
150
100
118
161
239
251
210
72
50
209
118
47
250
192
234
36
112
66
84
91
119
225
14
239
182
165
90
34
112
169
60
153
250
50
119
20
60
50
243
225
251
250
206
244
165
146
235
95
222
1
225
60
56
63
251
225
84
209
64
251
65
81
118
175
239
118
149
162
20
222
128
175
155
65
100
250
236
145
165
29
60
224
251
86
62
209
59
165
94
100
36
100
34
62
29
175
251
235
194
63
92
239
119
239
29
176
86
95
71
234
135
8
165
18
135
251
50
162
100
155
208
129
100
177
208
185
185
249
81
82
160
141
92
206
36
94
20
67
206
33
57
83
102
78
150
125
194
239
177
162
104
83
148
165
153
29
13
100
119
22
226
234
145
220
74
234
251
200
150
208
206
225
119
254
234
127
188
143
251
19
97
188
234
125
174
23
228
86
224
152
96
254
129
100
78
162
111
152
251
131
188
97
188
224
250
72
20
152
105
151
79
234
189
33
35
191
199
250
129
178
188
224
131
152
127
194
100
125
119
206
50
51
173
141
239
18
114
123
150
208
190
129
208
201
225
148
119
18
183
191
107
59
191
59
72
229
77
248
18
72
13
55
107
20
60
150
113
101
191
4
241
234
54
173
60
226
125
151
200
151
244
102
107
101
125
107
178
210
20
125
122
200
122
119
72
225
122
12
137
230
108
234
13
171
204
115
255
20
42
68
245
234
122
204
42
122
244
63
115
189
220
204
63
104
234
237
119
125
8
125
208
208
225
208
162
79
202
231
244
234
53
225
230
53
39
125
119
61
91
18
12
125
174
192
51
87
213
161
239
56
20
165
84
119
38
239
120
82
26
191
119
125
57
70
166
244
137
200
204
125
67
63
92
74
83
119
63
8
244
244
176
225
145
50
91
18
8
208
143
239
191
46
176
119
4
173
218
246
35
53
225
38
116
156
156
244
176
8
107
134
98
143
35
63
11
209
119
200
14
20
101
73
21
200
166
72
46
234
101
16
152
20
125
173
145
119
218
254
125
191
244
142
125
46
53
234
235
254
20
245
254
152
116
254
234
142
173
244
125
