180
180
205
205
7
180
90
205
59
96
90
28
206
242
89
195
205
229
242
89
89
211
113
96
89
28
242
200
90
75
97
75
151
195
118
126
113
89
55
248
97
5
195
75
248
145
28
90
75
220
97
118
11
211
11
196
171
181
71
95
248
220
145
182
181
222
248
97
107
200
40
74
62
177
248
220
1
62
74
195
62
81
62
95
88
188
75
145
107
183
41
95
190
81
195
106
195
54
81
144
220
209
118
224
66
122
54
154
106
81
50
165
145
122
98
124
127
81
66
172
172
220
26
75
181
134
115
243
2
95
189
115
160
136
132
217
41
136
30
3
102
112
15
75
182
160
129
217
200
155
216
122
46
217
136
136
51
52
177
184
138
94
184
222
15
155
2
202
177
123
15
184
202
96
2
155
96
15
217
184
52
73
73
95
81
101
101
178
104
122
84
2
41
136
84
114
84
52
138
14
256
99
69
230
183
202
182
186
28
223
82
84
235
23
2
32
55
104
141
213
77
188
52
31
3
87
221
69
57
141
84
13
136
109
204
186
140
186
149
62
184
132
110
172
189
140
12
99
114
72
131
86
131
16
110
155
202
208
249
99
104
208
182
148
155
202
42
189
105
73
99
141
218
101
230
164
26
208
214
181
202
12
163
52
215
42
231
197
209
202
62
25
189
155
139
127
85
230
177
12
42
79
26
202
42
131
140
155
31
57
42
29
2
213
202
218
104
12
149
202
99
26
104
104
148
114
73
42
99
167
176
163
207
161
106
57
62
88
12
124
163
114
72
139
91
155
78
45
249
57
138
63
249
232
15
177
247
65
133
202
148
215
176
140
62
249
39
56
110
62
161
77
52
192
52
99
196
202
159
110
120
238
42
110
42
214
155
15
243
52
62
163
189
140
133
57
116
110
131
53
136
215
184
215
202
26
155
218
161
247
230
13
238
170
157
230
104
186
42
63
157
215
163
220
232
2
163
72
238
161
26
149
163
235
12
238
182
210
105
184
159
148
155
214
138
207
23
159
202
104
158
213
163
86
86
82
26
197
241
48
197
114
115
82
85
72
73
57
145
164
56
132
52
249
250
189
115
140
161
202
214
210
167
102
174
202
84
133
48
110
174
12
214
157
140
163
139
51
190
184
26
85
73
106
218
45
56
215
163
56
26
249
176
101
148
12
189
236
158
86
157
10
222
116
161
149
25
110
23
72
105
114
232
73
139
105
86
167
23
222
12
170
45
163
192
110
26
63
219
202
219
82
45
148
91
52
48
237
85
202
84
208
232
9
202
116
174
159
12
23
69
27
63
116
104
52
159
15
149
73
230
184
203
202
157
69
249
12
159
57
99
10
138
253
110
52
56
56
133
44
157
237
110
170
72
155
204
23
237
26
148
56
158
213
155
56
184
13
99
149
170
155
63
57
161
148
73
220
85
255
140
163
110
157
86
242
228
116
157
52
184
56
52
10
110
134
32
213
52
252
176
33
109
214
25
163
189
179
52
64
56
12
26
202
215
252
106
149
252
86
9
210
159
54
22
105
57
9
163
249
129
247
157
184
252
149
56
163
163
62
110
242
193
110
159
149
99
72
102
213
157
235
189
196
63
193
170
69
62
86
202
110
202
94
53
224
76
12
199
161
32
230
13
12
210
148
252
72
210
148
219
14
133
9
214
45
220
77
116
215
192
105
178
148
12
238
45
202
230
110
44
159
73
99
94
50
56
157
161
12
23
149
44
82
77
56
57
159
99
99
249
110
56
189
145
219
237
55
159
76
159
220
133
45
26
159
149
148
56
161
157
73
189
133
76
210
52
252
213
133
133
73
82
149
163
52
52
56
232
56
23
52
110
88
116
10
202
109
159
213
110
76
52
163
56
56
13
192
159
202
82
73
227
157
193
163
155
159
105
82
48
159
127
232
23
202
189
159
112
115
189
199
64
148
149
249
79
192
15
148
232
256
202
82
25
45
157
161
12
56
110
86
56
155
84
12
86
101
210
44
213
74
133
197
252
139
85
64
86
159
115
15
12
57
96
218
86
163
174
115
72
110
57
202
202
157
213
155
252
189
45
42
42
56
215
32
12
249
161
157
149
79
178
213
32
149
163
157
10
181
128
232
213
56
157
25
189
159
115
76
14
220
52
3
171
12
133
133
115
57
139
189
159
215
189
52
249
15
148
178
213
64
138
163
63
86
86
72
155
72
56
12
235
213
202
53
159
157
48
76
117
159
23
13
157
207
249
220
138
48
134
207
78
219
45
106
182
210
72
149
67
215
78
82
235
110
86
57
139
44
214
157
52
64
133
178
213
12
12
149
159
210
218
56
94
110
82
23
159
85
193
48
202
159
99
148
163
159
54
88
25
215
82
23
210
13
214
197
238
196
213
56
157
189
163
45
220
170
232
120
86
124
72
9
220
157
163
161
133
85
23
192
63
145
222
69
155
88
232
158
219
196
73
85
213
133
62
179
56
163
69
15
157
43
163
29
82
249
237
213
149
161
86
159
149
128
140
86
115
53
56
210
222
215
42
63
72
86
52
45
238
213
140
214
133
48
157
23
55
115
48
57
45
159
133
133
210
157
157
148
153
219
189
56
228
82
157
57
237
170
240
48
214
210
43
45
163
148
69
63
12
15
133
45
133
232
12
232
48
159
157
249
91
157
26
159
157
45
159
85
159
163
12
139
145
207
32
82
117
202
220
114
232
157
115
45
159
193
85
214
145
23
249
215
86
163
159
179
12
85
157
170
83
15
159
218
115
232
52
195
86
215
86
161
57
100
230
228
52
45
34
232
25
42
248
42
215
184
67
161
69
33
189
64
133
10
222
221
57
56
15
56
86
202
193
133
12
163
210
56
230
159
213
32
115
215
155
82
159
124
48
124
235
161
232
76
133
218
45
220
82
45
131
215
85
157
111
45
157
82
48
232
81
121
163
155
56
184
110
114
138
23
82
232
48
148
157
255
56
95
133
228
193
159
189
232
133
44
162
215
235
99
33
133
178
155
97
163
133
72
110
193
157
193
161
12
210
82
120
45
155
36
82
232
48
124
133
238
134
12
186
242
218
133
77
45
133
215
23
159
197
48
232
56
238
85
159
157
45
35
193
8
82
82
