162
91
146
194
249
162
249
153
174
230
230
194
84
162
59
253
162
31
230
204
146
146
234
107
194
208
62
71
202
154
29
81
48
206
208
52
17
159
174
89
162
176
107
202
128
176
234
31
112
190
219
204
8
222
162
209
17
42
58
115
62
95
50
144
204
182
138
191
58
130
62
25
225
150
230
69
176
208
7
87
209
115
150
204
165
17
27
186
244
137
71
115
58
240
209
81
244
67
253
174
130
176
140
140
203
84
178
140
112
209
215
115
215
163
193
176
91
21
225
170
55
149
58
80
199
225
62
170
245
222
36
194
253
164
161
84
153
213
150
146
240
128
27
186
140
112
67
75
52
136
83
42
113
107
205
75
108
112
251
21
107
253
1
162
20
235
184
117
178
180
251
204
11
138
31
74
231
181
86
136
87
35
75
185
31
230
62
135
253
130
21
225
145
83
206
7
107
128
86
231
67
21
178
121
112
138
135
240
50
204
237
138
145
36
192
202
115
11
121
236
175
162
25
215
75
157
151
169
169
218
47
103
91
205
164
75
75
32
237
230
75
11
236
183
138
184
47
4
27
169
63
253
153
73
178
165
18
75
194
159
21
89
75
213
186
73
123
29
5
222
22
157
5
222
161
84
166
128
208
107
27
237
21
66
155
29
29
108
159
167
1
125
185
194
157
146
172
181
146
164
206
94
250
40
209
164
107
140
81
230
161
140
231
19
236
45
123
256
174
102
32
164
27
223
128
146
218
225
47
169
107
84
192
215
199
93
75
83
146
14
166
203
74
146
162
253
202
91
165
130
144
73
243
1
178
117
146
184
244
139
230
32
29
176
55
204
256
117
252
58
25
203
63
235
144
169
240
203
244
110
35
194
17
166
84
203
225
166
74
160
21
225
154
159
136
190
256
166
74
113
71
221
225
213
21
145
115
160
16
157
223
109
176
117
194
165
110
256
25
169
165
74
150
194
144
202
74
128
153
35
42
250
157
139
197
146
31
64
36
11
230
126
166
190
27
104
74
234
237
186
13
67
17
153
146
144
34
164
249
84
81
160
17
234
32
26
176
87
223
112
84
112
8
86
12
39
17
236
136
83
250
235
106
93
137
39
165
212
88
202
3
8
84
189
146
249
164
118
48
146
77
98
171
20
225
234
108
21
253
215
62
211
208
91
249
161
128
102
162
64
215
160
72
219
146
8
94
240
133
95
19
84
163
74
74
117
248
110
69
249
241
238
169
92
16
91
42
236
225
169
84
22
250
119
142
221
215
252
76
249
191
250
216
209
74
81
93
252
73
91
106
89
144
242
32
233
184
21
199
176
13
234
188
84
199
242
242
190
256
159
22
161
127
74
128
126
191
256
98
216
32
45
121
117
151
242
223
203
251
249
150
40
8
234
251
242
40
65
236
113
251
250
7
116
204
124
25
230
21
72
77
25
170
146
213
128
94
26
121
135
236
125
19
235
235
167
110
203
234
136
199
13
179
22
17
32
94
170
108
203
180
42
72
113
42
203
169
64
231
91
38
184
219
219
118
92
58
216
107
66
162
205
169
30
7
13
249
112
205
135
157
253
136
243
204
186
32
76
92
150
223
204
179
184
146
114
150
28
47
130
154
85
250
36
252
248
170
176
115
83
27
27
166
65
135
84
117
124
135
217
42
55
72
17
137
53
73
164
170
213
210
38
101
8
83
244
40
31
31
216
50
81
35
113
19
32
44
31
230
194
203
121
205
240
75
178
135
153
204
131
94
199
33
11
139
161
215
74
37
169
25
125
110
162
194
251
157
170
231
19
194
8
69
160
45
242
211
13
234
165
136
28
204
74
107
102
72
157
45
199
206
140
73
106
80
42
152
253
228
164
244
244
136
210
234
116
74
89
234
153
213
77
62
228
87
22
95
165
256
179
73
121
244
140
172
170
91
118
83
205
221
234
32
128
21
161
40
29
115
67
49
65
230
75
79
242
121
147
88
249
129
184
94
56
205
22
253
184
49
49
238
24
197
231
230
74
8
140
42
248
40
146
77
98
250
224
169
50
210
215
174
164
2
209
159
251
256
213
34
146
12
50
221
171
42
36
194
207
203
159
251
98
126
221
235
96
112
250
223
84
45
235
213
243
231
157
144
140
234
89
230
204
73
170
138
71
204
230
238
69
91
35
152
32
97
159
186
210
252
253
108
86
153
123
115
199
184
144
89
73
186
113
215
175
39
203
191
165
213
184
248
25
26
35
152
249
176
9
92
83
170
125
156
175
75
124
134
31
83
52
164
219
75
232
130
63
125
81
222
166
138
152
61
95
93
85
81
32
15
147
133
85
235
208
196
34
249
125
153
73
89
32
68
22
99
254
55
50
249
103
161
27
159
50
6
251
202
133
41
234
52
238
97
213
219
95
85
206
222
213
16
33
53
83
150
162
42
165
86
196
248
32
165
94
133
219
94
84
223
64
145
35
249
136
231
221
83
125
164
179
39
73
11
190
114
223
18
127
65
203
151
7
52
213
45
91
73
25
72
147
11
182
225
140
228
81
8
169
57
68
199
191
61
45
162
77
250
73
98
238
170
135
18
88
256
73
91
153
203
13
144
223
13
76
74
160
252
201
77
86
75
109
8
213
152
10
194
118
16
215
249
239
80
72
72
41
75
13
225
146
144
89
253
81
204
154
213
171
234
142
13
252
129
77
190
218
110
240
87
253
124
138
84
236
32
207
144
99
166
103
52
236
217
74
174
42
215
140
169
144
140
207
169
10
72
159
11
108
78
202
95
202
234
199
254
211
74
89
64
161
184
213
165
206
152
55
107
65
224
219
45
56
243
256
29
133
193
144
170
153
126
13
133
221
11
50
107
53
179
230
179
94
157
135
221
179
73
169
203
44
91
230
8
32
254
119
232
213
32
213
254
67
116
13
196
229
44
224
88
35
246
155
146
252
166
76
159
195
72
222
17
186
252
73
18
81
9
39
27
203
215
190
191
55
230
39
214
37
39
102
218
114
60
77
147
107
25
39
163
179
138
84
213
35
92
204
31
60
108
179
96
60
23
238
184
64
77
52
110
99
140
3
17
165
215
125
211
66
215
5
72
77
231
35
90
221
125
25
58
163
184
77
8
237
239
20
133
86
56
66
100
129
216
77
203
189
94
55
132
229
120
78
69
31
236
94
114
77
235
115
64
203
65
44
215
10
112
91
129
138
242
74
248
249
166
242
56
73
249
8
224
72
38
99
200
213
116
12
84
213
240
114
147
178
75
199
142
88
88
251
77
84
213
230
254
98
74
207
169
157
19
252
136
157
155
207
161
86
81
105
213
9
125
73
115
190
150
32
248
49
243
12
133
42
213
53
131
81
214
29
220
56
213
253
170
214
23
179
174
235
93
241
134
65
174
38
215
86
178
130
18
124
152
231
39
211
29
48
115
117
133
102
232
75
102
230
199
88
42
159
191
48
205
29
195
72
65
207
105
190
144
124
74
69
140
45
218
253
130
165
44
125
256
203
148
137
91
94
133
232
213
117
205
125
86
56
197
196
147
117
203
89
157
159
153
44
207
24
157
206
42
105
100
117
159
193
117
155
161
154
219
249
44
64
38
9
185
213
44
161
32
140
25
191
118
56
203
56
169
180
72
228
234
256
129
218
152
157
85
184
185
48
25
159
44
252
170
159
161
219
104
197
165
175
76
169
39
64
64
149
70
107
163
29
159
25
199
185
61
232
202
246
137
170
117
214
76
58
144
134
44
161
157
45
214
105
35
138
253
45
215
10
44
200
237
56
252
26
64
69
170
157
115
234
153
248
84
19
69
215
237
55
86
91
163
15
239
235
159
91
256
157
26
25
157
91
215
44
72
115
22
76
219
56
159
27
15
9
25
161
203
84
195
29
12
81
128
157
103
127
20
138
213
64
189
178
85
69
107
202
97
82
250
161
115
117
193
232
161
178
168
9
236
235
249
100
182
157
31
223
26
121
72
39
155
161
48
249
53
232
57
249
215
104
207
144
128
229
104
253
224
73
178
212
230
39
176
146
215
94
221
196
26
235
213
35
35
152
135
103
174
72
84
213
25
157
163
45
35
157
155
202
9
238
77
228
112
236
213
179
120
165
232
178
90
157
187
137
72
67
221
73
213
124
45
85
221
221
79
232
123
148
183
6
215
227
39
18
184
86
254
147
183
218
49
56
69
108
133
42
227
149
220
133
67
207
85
3
67
72
52
99
99
196
249
45
42
161
96
39
161
232
135
144
155
225
73
218
124
199
244
230
243
252
8
44
163
235
213
214
10
115
77
253
227
124
253
22
104
169
157
39
70
26
249
157
45
169
193
155
232
44
53
114
64
192
86
214
78
159
157
238
65
72
155
238
82
155
45
140
85
214
84
42
218
31
232
13
213
44
93
248
174
155
213
99
161
88
72
123
197
56
104
39
65
221
115
34
135
203
213
170
228
169
232
157
174
164
221
53
45
161
210
9
232
166
133
48
218
10
48
72
157
61
10
183
213
214
78
214
227
232
211
126
240
215
86
189
64
214
140
157
159
77
214
64
67
58
120
161
240
12
219
210
189
163
207
11
215
34
232
86
207
215
107
229
62
56
126
163
3
213
32
161
159
26
123
159
161
70
72
33
233
161
232
26
215
19
84
207
23
42
10
161
235
237
45
77
237
148
133
207
120
52
9
56
163
26
87
197
115
34
174
73
19
235
255
120
23
157
152
39
120
213
12
178
80
152
169
139
133
155
170
256
157
103
180
230
196
94
48
117
239
128
148
48
110
128
157
163
219
134
148
76
213
155
115
45
66
89
161
4
39
31
202
88
159
12
86
105
56
157
203
115
232
117
120
107
159
39
163
19
72
86
84
39
161
207
161
232
159
48
232
44
247
232
213
77
178
155
78
48
213
187
81
48
5
254
161
2
161
214
199
127
198
43
83
232
61
56
45
13
86
192
125
39
161
99
105
19
141
183
148
78
153
25
232
78
229
135
72
9
163
48
155
195
115
32
214
107
199
42
219
161
191
148
56
159
198
155
5
186
152
161
159
176
82
213
200
213
197
232
159
180
157
72
157
213
25
161
72
232
12
170
240
203
221
24
48
65
115
155
240
213
232
48
163
218
159
241
72
16
237
84
249
10
48
72
53
39
143
251
176
39
56
161
26
3
161
201
166
133
124
232
188
65
121
86
232
213
213
6
242
34
163
157
34
115
187
197
53
124
56
110
117
53
182
193
53
50
99
26
218
232
232
45
242
78
161
39
88
50
155
76
218
214
77
86
77
169
86
159
20
72
232
218
5
234
45
124
213
99
6
78
44
76
31
163
9
159
183
120
173
115
26
124
72
256
247
42
124
64
103
45
56
26
163
141
232
215
78
132
12
18
159
78
86
94
159
213
53
172
216
91
201
124
178
161
44
50
9
142
25
48
232
256
191
218
219
64
131
123
213
6
120
109
210
255
199
72
201
159
142
24
183
155
48
180
20
1
108
189
163
96
12
218
195
6
107
53
24
89
188
186
195
125
155
186
30
199
53
96
12
53
253
42
108
19
200
197
218
163
