165
243
165
165
165
129
170
170
165
252
231
160
129
146
170
107
107
91
98
166
256
18
165
73
107
21
166
107
164
146
27
256
65
71
242
80
54
166
208
160
170
3
29
42
208
29
256
240
71
21
146
143
71
18
146
143
240
143
143
256
36
256
184
166
71
164
203
160
98
203
97
256
256
98
256
160
36
244
18
164
208
256
36
41
107
203
31
146
130
115
36
203
107
125
107
130
98
208
205
186
164
121
231
158
160
160
174
107
171
208
125
17
31
36
125
130
31
203
256
71
256
112
107
256
244
166
42
208
107
217
256
146
40
160
165
208
31
71
130
107
143
256
203
107
203
244
107
36
98
146
146
7
203
166
201
107
146
7
130
160
203
244
71
203
17
31
31
244
151
203
203
244
130
203
17
184
203
244
94
3
36
244
240
87
244
151
98
244
41
184
146
40
107
160
166
42
115
208
98
65
206
107
231
194
206
160
151
36
91
190
107
107
21
71
35
107
203
166
107
160
29
164
151
36
181
80
35
157
107
98
256
36
59
160
166
146
180
151
59
244
98
231
166
190
152
35
151
151
190
66
151
98
235
7
143
125
97
151
64
256
36
107
71
239
136
113
203
244
98
184
203
107
66
36
229
256
7
160
203
244
166
36
113
201
203
130
97
107
71
7
107
203
59
71
203
256
98
107
143
244
206
166
71
164
203
107
71
151
36
107
125
219
80
160
130
165
107
160
164
191
36
152
208
240
88
169
180
113
208
7
36
36
67
97
160
209
107
113
151
208
191
21
107
244
231
36
208
136
166
151
7
71
36
179
241
71
231
203
36
113
243
98
7
35
27
107
244
151
146
206
67
21
180
229
208
166
209
107
59
244
151
194
252
164
164
206
209
204
209
71
4
209
244
244
244
244
113
244
36
204
191
194
160
36
31
208
160
107
160
98
231
98
208
35
143
87
7
231
61
208
235
208
71
36
98
190
98
151
71
151
152
151
41
113
151
256
103
200
152
98
190
234
107
135
234
151
71
121
71
151
59
203
107
87
59
209
194
7
200
240
208
151
229
80
107
151
36
165
208
209
107
208
234
14
151
107
7
98
24
166
107
98
36
80
130
209
208
169
21
152
208
71
151
209
221
209
33
121
191
98
71
208
107
107
143
203
151
107
160
80
80
24
208
36
36
20
173
146
7
203
61
209
67
36
21
7
107
244
151
107
146
203
107
252
191
71
36
35
40
208
151
80
98
151
194
200
31
130
146
151
229
231
201
142
212
59
107
71
136
157
107
252
71
160
231
209
61
200
107
59
98
244
97
98
71
61
194
113
244
92
71
113
113
36
144
194
36
71
36
252
244
107
221
231
98
98
68
166
160
143
165
203
69
209
107
59
208
151
36
209
36
107
121
36
208
98
67
151
166
33
36
107
21
244
7
36
107
151
107
98
209
92
121
151
107
208
208
71
152
59
199
211
107
160
209
107
25
244
98
30
152
28
206
166
118
41
29
208
209
146
138
107
253
107
98
160
151
21
182
107
36
71
185
144
95
36
33
67
2
217
33
211
206
208
71
151
36
254
72
152
160
113
151
191
165
36
107
231
256
28
208
180
71
118
131
254
190
231
209
65
28
203
165
107
29
36
97
33
152
208
36
138
107
97
151
209
98
71
33
98
97
165
107
97
152
126
203
121
59
152
151
252
194
113
107
107
141
98
141
152
98
107
36
21
84
254
136
71
206
136
72
71
203
20
206
107
240
59
71
160
21
36
35
135
80
194
36
194
107
209
144
194
152
204
166
151
135
186
141
36
113
107
77
124
160
160
191
89
58
160
36
107
113
36
59
231
151
136
36
209
113
151
30
203
138
98
36
191
36
36
17
68
194
130
160
152
136
152
113
81
107
97
107
33
143
79
46
152
185
244
191
141
191
36
146
151
152
211
122
152
1
200
27
234
143
113
191
231
191
107
30
250
14
36
130
157
65
67
176
194
194
194
21
107
166
194
58
191
7
107
200
7
152
80
131
209
36
152
107
3
194
199
107
130
130
151
17
36
35
107
198
107
238
191
188
130
67
59
122
97
144
21
152
152
107
160
107
231
7
113
106
211
107
107
191
107
195
113
136
4
182
191
206
191
71
36
42
231
194
7
21
107
224
92
53
242
152
135
152
135
231
116
113
81
191
144
194
113
35
7
160
224
35
170
191
107
21
165
152
101
35
54
135
35
166
152
107
188
135
35
230
225
113
208
121
36
36
229
107
146
194
224
217
191
194
107
17
107
146
80
244
225
107
191
152
39
107
152
42
88
223
165
130
225
31
88
168
138
229
223
191
20
108
229
200
237
35
88
244
89
191
188
88
176
191
254
165
100
256
65
244
107
208
234
107
234
19
136
254
191
88
191
89
194
50
191
125
138
254
239
208
253
78
254
180
125
98
107
113
191
191
109
19
151
41
239
60
121
39
152
151
191
71
88
254
58
107
117
192
27
171
35
107
20
208
117
191
208
36
208
17
113
151
203
36
125
185
200
184
157
41
32
107
150
185
185
151
254
19
152
125
223
107
21
21
71
113
109
35
244
180
107
180
5
205
49
36
234
205
90
194
35
151
249
113
40
191
107
75
36
58
125
160
234
224
194
42
130
107
37
59
113
87
49
230
166
71
231
191
154
171
244
65
84
200
244
19
75
246
209
198
169
244
231
108
191
42
46
95
244
24
41
254
4
166
185
191
83
108
166
71
225
234
107
244
244
7
144
188
39
19
190
65
150
42
234
205
108
119
126
107
19
151
244
21
61
53
61
209
4
75
231
152
108
234
151
152
113
185
107
199
234
19
224
113
107
19
234
126
66
199
112
65
107
89
185
211
225
71
117
152
112
144
208
36
208
209
89
70
241
254
191
95
185
68
83
61
180
254
182
40
191
101
119
59
6
67
208
191
59
15
23
152
151
195
20
152
152
225
141
42
208
4
234
152
217
120
141
37
4
71
20
243
36
152
42
244
53
152
169
107
225
53
173
208
59
152
171
205
209
214
75
146
1
152
180
65
36
253
59
19
119
152
152
151
107
199
58
152
191
191
152
200
253
234
199
205
231
112
121
171
20
47
208
160
151
107
49
185
7
191
188
65
117
45
20
255
160
255
75
107
146
142
47
113
152
70
19
36
245
180
191
152
117
107
141
255
6
37
120
118
254
4
75
234
152
108
151
191
231
160
253
119
19
20
39
228
113
120
103
152
146
206
204
214
173
107
90
200
188
19
205
191
107
71
53
90
206
244
107
200
191
46
107
58
20
112
107
152
34
53
118
191
107
166
152
144
208
151
231
20
217
115
152
42
36
152
227
191
37
21
191
36
42
191
231
152
19
53
228
119
88
151
244
16
173
191
36
96
20
234
67
152
41
231
125
20
152
228
107
36
107
245
195
244
173
152
20
62
223
186
188
152
246
107
152
7
141
40
76
227
107
191
119
152
173
152
107
117
152
151
152
113
15
152
152
191
159
152
255
46
76
113
53
152
246
68
240
191
156
248
15
36
68
68
152
88
39
46
117
185
79
152
119
119
217
92
192
191
46
78
173
152
68
107
