106
106
7
106
109
106
106
106
106
44
7
75
106
222
26
7
26
105
58
102
187
203
106
118
161
222
114
102
76
205
205
58
233
60
19
51
100
114
51
105
51
91
187
96
130
222
155
59
231
233
51
59
89
60
46
105
76
106
214
199
130
38
109
51
89
51
155
38
106
51
100
55
196
109
231
121
1
145
132
105
114
164
33
195
33
59
196
9
233
179
9
38
179
102
237
106
10
80
220
111
220
51
73
30
171
197
181
129
219
189
14
105
163
172
46
2
10
59
38
114
14
78
111
245
118
80
30
219
245
222
80
245
245
137
172
59
38
80
172
28
220
163
111
80
93
128
76
132
102
237
88
176
62
237
88
111
179
237
76
137
28
10
193
114
96
237
30
240
219
123
219
155
189
84
233
172
170
242
29
187
172
220
127
172
179
128
230
114
10
110
220
220
240
106
248
248
111
248
135
111
189
203
220
15
106
152
249
210
135
211
138
220
140
219
106
138
152
150
135
237
249
228
220
150
132
46
189
220
248
237
186
189
200
248
146
135
222
256
163
80
256
148
127
222
178
114
172
109
250
116
51
229
148
26
46
114
210
109
111
181
222
2
190
49
99
220
111
102
133
144
138
3
150
248
250
132
244
109
106
111
8
111
189
149
105
5
111
189
80
25
248
133
248
114
145
19
84
22
203
220
178
106
77
135
34
149
79
256
178
250
249
154
138
109
46
161
220
255
178
168
228
109
76
248
158
163
149
137
109
230
77
210
79
12
33
255
142
115
77
243
238
52
43
69
145
237
230
106
74
3
244
111
106
106
94
159
111
172
96
132
25
13
111
228
28
204
79
127
198
153
175
75
25
80
111
1
22
64
111
78
190
60
118
211
154
92
198
211
219
153
190
13
222
111
100
230
222
178
149
106
250
79
198
154
20
248
31
256
38
220
210
134
219
190
34
139
220
172
124
1
219
33
154
90
111
124
3
247
3
154
13
220
94
253
244
26
181
170
189
253
59
248
86
96
34
69
79
149
238
237
201
147
193
109
90
116
73
122
14
93
203
249
217
106
186
146
247
238
90
19
134
33
246
115
38
154
256
31
196
114
203
80
122
111
79
154
63
120
80
94
220
105
220
19
64
49
222
139
146
228
76
109
247
52
241
12
210
13
29
170
76
204
256
33
86
31
171
99
80
163
247
31
94
96
111
111
100
64
12
189
76
242
35
204
88
189
111
196
154
12
94
26
169
53
88
102
102
80
116
215
230
163
238
88
150
196
196
228
196
94
163
31
84
111
163
196
189
242
79
59
207
10
111
83
124
52
110
203
181
94
116
26
196
106
52
247
153
104
65
166
169
217
64
190
35
198
227
232
106
192
93
11
9
34
51
32
111
12
146
146
106
189
131
216
169
111
43
256
163
76
45
226
131
233
