203
97
198
65
114
248
40
10
109
114
184
256
250
79
79
85
198
95
184
33
115
96
137
236
114
130
220
238
109
79
71
114
184
246
111
230
137
237
96
95
16
222
130
168
246
109
67
248
126
90
35
64
253
181
64
137
208
136
130
181
109
250
36
119
199
37
196
196
176
84
250
29
85
137
250
131
15
101
181
186
167
106
181
250
29
132
246
131
120
172
123
84
14
136
235
33
181
90
76
208
250
149
38
190
117
123
189
15
79
184
85
79
171
250
208
181
109
189
238
79
96
245
181
78
141
105
9
98
178
59
94
63
142
96
84
181
208
109
47
85
249
11
178
178
131
178
123
246
14
134
181
168
80
208
178
28
89
132
244
35
178
132
223
61
98
147
47
46
86
135
131
63
104
225
184
40
36
192
109
247
244
102
132
124
131
53
76
237
94
196
7
181
97
105
198
63
34
78
124
55
9
108
119
245
73
192
38
235
154
201
24
123
79
233
181
172
198
92
181
219
10
8
132
78
44
13
235
147
33
200
44
168
192
44
172
110
60
172
237
135
171
63
147
79
220
61
31
76
179
229
38
250
212
58
37
109
188
153
171
238
34
158
109
58
173
101
118
120
131
131
100
168
109
60
119
216
44
141
171
125
154
89
103
62
109
115
37
45
83
8
38
151
69
219
6
181
171
61
131
82
31
203
114
154
43
201
85
213
187
142
213
6
60
63
85
187
163
46
88
153
6
51
204
131
114
5
131
109
196
31
215
90
172
147
181
101
27
17
125
201
206
24
154
134
181
123
37
114
51
184
13
127
190
88
58
154
249
51
95
68
89
24
114
167
218
172
12
181
123
79
61
95
12
236
195
109
86
91
183
179
70
103
17
246
220
125
220
235
192
46
97
132
6
96
142
28
232
219
54
114
138
83
150
11
83
115
96
65
37
147
97
117
114
216
220
17
83
77
58
168
60
178
10
188
51
168
45
227
14
74
39
132
183
246
123
140
37
238
223
245
114
201
182
31
218
178
10
192
93
146
215
215
92
188
241
180
109
76
237
187
33
92
11
174
223
113
141
46
123
206
14
223
54
94
61
53
141
206
58
75
131
243
65
182
256
46
193
164
101
79
135
134
216
224
14
61
137
216
70
207
12
214
44
114
33
120
180
59
24
24
181
192
158
54
256
132
119
207
181
220
135
123
224
235
6
86
161
189
183
91
65
226
174
188
28
188
114
235
153
135
15
60
137
1
215
10
131
136
21
246
172
24
182
207
249
76
79
168
26
50
216
14
216
6
76
83
181
135
187
207
8
50
248
168
182
76
6
135
182
229
187
41
43
170
200
164
200
211
223
33
206
85
238
144
185
213
187
15
121
211
200
51
168
168
215
168
182
181
75
93
199
210
207
75
8
7
131
136
147
94
167
222
83
184
56
158
76
142
73
218
256
125
172
207
88
20
75
193
215
170
164
207
241
18
69
90
35
95
18
236
109
182
13
109
108
240
236
195
117
108
168
15
33
227
60
144
206
124
132
147
32
70
35
229
125
207
18
222
121
29
196
238
187
192
171
73
37
181
168
164
124
100
131
83
190
125
163
205
240
8
132
135
238
182
124
2
81
16
76
168
251
171
99
158
142
132
76
13
228
39
226
235
172
4
210
236
167
146
13
131
168
226
195
216
184
175
154
130
168
65
106
188
203
228
37
34
256
42
195
256
178
81
184
205
13
178
42
55
245
100
146
41
168
139
10
63
14
13
202
119
1
149
214
235
30
176
15
13
181
1
235
60
147
54
150
226
223
215
226
179
66
39
90
223
142
88
206
211
216
76
1
26
47
202
52
252
61
77
216
117
63
12
210
105
215
92
168
3
211
142
202
131
22
18
60
211
103
236
91
143
60
38
238
168
19
91
179
190
39
10
10
43
147
239
43
26
181
26
172
70
34
168
39
144
245
139
237
108
195
131
147
123
169
35
70
146
26
123
15
13
144
211
211
192
14
123
158
10
111
172
245
172
189
219
219
142
70
100
66
158
42
100
42
28
194
190
250
28
252
139
61
69
10
241
189
203
9
24
149
38
168
106
188
172
174
49
37
198
114
253
10
112
216
195
115
33
219
6
164
216
76
231
190
207
49
85
33
41
115
246
14
150
123
52
184
28
192
146
21
110
6
236
28
144
196
150
195
33
243
243
83
39
217
190
216
26
221
211
199
31
245
219
10
199
193
204
210
10
49
199
91
129
43
100
217
153
131
69
64
127
229
172
55
110
47
15
69
39
203
77
116
172
43
100
191
83
245
192
181
170
117
120
207
219
226
52
61
158
79
115
120
10
123
169
73
111
22
123
105
126
105
42
116
57
31
150
235
176
223
135
181
94
213
103
91
135
189
163
158
195
120
77
150
217
221
117
154
91
145
121
196
217
123
245
70
217
192
33
52
24
98
181
235
68
144
195
116
236
207
116
42
219
64
91
44
146
16
158
10
192
108
96
3
147
116
199
41
229
31
8
26
187
32
170
139
192
220
219
158
52
250
117
135
105
253
211
120
91
127
137
34
137
192
110
17
13
61
19
4
237
52
33
34
14
73
154
168
115
42
140
52
169
147
187
232
61
197
69
120
63
76
64
14
215
79
52
26
233
22
97
211
124
227
69
55
202
100
217
221
137
256
49
76
170
219
226
117
48
105
149
60
215
129
226
73
117
61
230
153
230
91
247
34
221
37
137
13
148
255
116
206
241
42
233
168
77
26
255
245
68
104
174
252
202
104
193
81
137
8
199
227
247
155
123
192
165
147
249
248
53
203
227
236
117
247
192
178
250
159
201
110
247
192
175
233
105
161
245
169
60
8
123
169
117
26
252
91
35
252
216
169
140
229
203
61
100
64
186
171
52
233
35
226
187
233
100
171
61
86
117
195
169
120
77
207
70
38
121
174
93
33
5
221
196
26
120
38
238
247
187
210
47
111
9
111
192
249
25
61
252
215
207
114
120
255
179
