6
6
6
80
126
204
157
80
6
31
126
55
80
177
146
80
80
46
76
177
208
69
176
146
177
106
80
106
180
69
256
180
47
31
63
209
199
150
250
126
21
176
80
110
176
176
199
194
132
209
97
177
21
143
250
202
31
208
31
146
162
63
106
256
162
54
69
208
209
87
16
97
111
209
204
165
250
56
248
38
208
145
91
162
121
54
16
110
5
116
143
87
66
46
145
184
181
162
6
166
21
46
38
80
25
150
204
159
80
165
27
91
190
237
46
111
38
110
134
209
145
201
250
253
180
87
194
66
165
253
116
57
165
50
91
147
55
253
237
38
97
255
84
101
101
165
116
128
55
89
46
34
19
75
248
116
116
196
148
101
196
196
105
38
108
55
116
230
87
50
248
132
101
116
116
255
116
154
116
101
50
162
230
116
157
101
102
209
84
75
141
201
64
162
159
52
65
101
38
252
136
11
80
55
201
26
84
101
55
63
5
84
55
116
10
55
180
253
55
196
170
11
55
215
46
181
122
55
201
219
240
136
91
46
10
11
252
157
128
25
244
103
182
52
154
104
201
87
200
101
132
116
103
138
141
27
11
26
210
2
65
134
80
200
50
56
101
180
208
11
38
122
55
134
201
132
248
46
154
52
252
242
162
85
154
6
11
201
67
50
101
107
122
240
183
145
89
201
115
230
55
157
240
70
35
101
219
230
218
35
180
104
52
238
204
201
104
46
170
207
136
252
22
136
177
112
145
254
108
17
238
216
182
115
153
52
26
248
148
170
247
35
244
170
87
11
156
180
134
134
201
214
50
50
238
9
50
90
114
200
252
134
204
115
214
55
218
20
20
242
11
94
139
170
130
65
214
55
134
25
85
181
116
214
114
214
214
120
127
252
111
52
138
13
71
196
180
38
72
181
240
210
176
106
230
38
195
138
122
129
173
174
176
67
243
145
138
148
237
85
213
176
247
139
173
91
177
237
138
170
89
50
181
85
126
101
237
20
90
240
83
114
212
35
170
126
106
197
87
75
174
207
115
10
31
116
160
50
249
14
204
212
139
141
115
230
9
240
210
46
237
168
202
210
201
94
116
197
14
180
187
79
46
145
243
134
115
63
204
145
62
150
168
57
53
212
161
200
57
63
11
134
89
99
168
38
159
115
241
157
170
209
15
126
180
206
249
164
164
176
197
45
123
201
114
134
172
177
38
204
134
51
168
170
166
252
173
180
57
94
170
209
79
215
61
166
5
212
150
134
116
142
19
154
72
198
208
149
255
89
116
103
170
214
246
64
47
214
2
214
51
229
72
139
173
116
42
71
79
104
38
32
220
57
57
173
108
57
99
13
47
35
216
134
142
202
142
104
57
19
159
231
109
181
218
29
168
248
101
109
227
42
155
134
226
49
186
21
252
173
85
72
159
168
79
1
101
163
42
193
102
18
114
162
162
83
116
133
134
84
131
47
252
133
47
250
114
99
81
6
211
192
159
173
49
157
135
38
194
47
112
213
99
116
91
115
47
47
124
66
255
26
190
104
164
44
216
159
134
139
246
198
159
7
218
141
172
72
150
116
213
9
162
138
33
48
6
26
10
84
250
190
176
210
118
131
161
142
164
107
99
72
197
48
72
84
116
116
158
250
76
137
250
139
48
131
182
252
202
60
166
202
41
158
66
133
205
45
181
116
198
246
84
246
44
115
77
172
136
29
6
193
230
142
116
112
193
32
59
115
149
255
89
220
137
84
202
47
141
189
139
88
256
54
246
190
134
158
227
235
112
52
141
255
123
142
157
39
62
247
61
84
61
144
205
29
173
101
94
161
247
142
140
39
255
57
50
247
12
103
103
255
41
141
247
38
72
141
174
171
94
157
105
81
81
99
135
101
29
236
142
228
44
82
225
237
205
120
157
39
15
218
255
88
141
105
171
72
120
205
44
164
7
241
161
116
179
144
113
255
205
254
47
94
253
182
44
215
182
81
227
179
141
116
64
165
3
224
140
48
229
193
193
116
114
245
139
148
247
170
247
91
153
116
97
46
36
75
240
197
220
255
72
23
169
62
19
225
137
106
139
116
227
198
155
142
48
85
81
13
146
193
240
142
215
139
174
192
141
254
141
189
135
148
141
116
157
218
49
142
255
189
70
48
50
111
57
118
250
88
168
45
153
247
157
101
88
157
254
82
138
78
161
157
56
62
177
178
32
133
82
247
194
255
111
226
12
163
108
82
84
221
32
230
218
247
37
255
9
250
250
247
109
226
60
158
94
16
171
238
27
65
79
197
94
32
27
219
178
158
29
235
153
142
250
249
101
45
240
149
178
141
232
159
100
12
65
70
63
254
94
139
63
217
39
197
3
226
219
23
77
154
53
226
207
157
148
82
102
72
249
247
218
55
142
247
120
207
218
26
184
12
70
9
45
158
134
57
148
27
245
226
247
31
249
150
120
53
219
63
48
35
216
44
232
218
38
86
157
9
31
13
148
184
120
63
12
157
133
149
132
148
197
139
230
22
15
247
249
245
247
197
41
23
120
184
249
48
124
249
91
158
45
23
213
230
39
224
82
9
192
53
69
99
3
84
86
23
48
76
210
116
133
120
171
48
33
133
56
245
230
159
117
56
15
192
255
169
247
134
186
48
120
218
163
224
48
163
193
29
224
72
68
77
157
210
120
148
197
190
102
247
114
240
23
56
197
34
9
227
189
102
56
120
158
133
34
9
48
197
202
14
218
202
193
176
136
216
82
133
216
157
114
158
155
163
120
48
148
9
202
23
133
32
236
189
161
228
133
255
88
48
