58
58
129
251
243
231
86
87
150
243
150
160
33
83
129
231
86
146
231
58
66
55
146
138
84
195
140
186
165
231
84
84
42
21
160
42
138
147
143
140
71
217
186
205
150
62
71
231
194
138
147
217
120
61
208
176
256
223
162
199
253
83
165
231
129
150
138
206
50
140
199
217
66
128
231
205
135
51
142
71
194
180
42
75
174
195
62
80
231
129
36
58
231
25
99
51
18
74
174
199
22
253
50
128
121
200
18
123
118
231
18
194
150
237
62
244
208
256
66
28
129
135
181
237
208
127
186
3
44
51
69
181
211
138
144
39
153
231
131
99
203
36
150
17
71
249
10
27
27
170
54
27
242
137
237
36
194
172
110
91
181
7
131
181
69
3
242
165
206
117
242
31
200
154
87
249
110
166
94
209
123
256
87
58
91
112
27
169
52
87
91
151
206
94
98
96
69
209
74
165
50
74
122
36
133
159
200
86
69
73
211
122
27
203
245
92
63
237
55
127
165
124
98
165
164
200
140
55
136
17
50
62
171
136
127
142
203
75
164
128
153
244
251
128
60
218
165
52
117
151
215
251
74
87
26
27
69
95
50
150
90
170
202
200
69
176
55
1
27
142
170
80
61
240
28
250
250
50
113
94
50
123
178
138
127
220
35
145
18
142
182
215
122
28
117
59
215
122
30
220
243
250
39
37
112
55
39
85
131
52
216
199
215
69
129
243
176
237
238
215
141
231
85
183
85
153
215
154
123
199
182
74
15
196
99
216
82
239
213
155
240
182
52
200
193
112
123
138
8
83
124
82
154
199
52
84
215
49
199
151
230
85
178
135
138
184
85
53
44
82
52
25
12
31
162
178
230
85
82
57
85
176
113
82
82
3
57
147
3
153
84
16
176
215
82
140
122
18
105
237
237
49
74
235
235
82
85
82
197
197
94
53
235
249
42
129
105
84
82
91
52
62
186
52
13
74
3
82
184
155
82
31
82
184
256
85
50
131
98
197
85
54
3
178
17
85
209
105
102
153
85
53
82
85
73
142
85
217
144
13
235
82
97
161
215
63
174
13
176
49
216
97
104
85
168
79
57
82
235
63
48
2
54
85
82
230
82
230
80
82
13
250
144
54
177
235
215
184
149
209
178
54
82
102
235
98
116
82
48
197
235
192
33
184
186
190
13
38
35
97
245
240
215
2
17
215
184
184
82
168
101
167
237
208
109
54
230
86
61
235
155
54
128
85
190
13
211
186
139
85
84
10
54
255
235
85
153
82
26
54
148
230
215
26
193
15
177
164
96
48
13
80
57
115
85
102
85
193
63
54
251
54
249
104
97
69
82
235
195
86
146
211
235
198
148
68
174
85
155
82
85
193
112
85
82
97
1
97
85
132
54
82
215
215
84
84
116
215
12
136
116
161
146
215
80
85
85
171
189
82
52
215
235
193
111
91
111
155
97
85
48
115
209
3
158
86
80
86
111
177
133
2
204
256
59
215
52
64
85
82
85
123
97
89
85
252
168
45
12
52
215
235
129
85
61
154
101
95
132
178
184
73
74
54
225
12
63
215
207
208
214
207
160
194
161
26
76
82
80
172
164
23
178
48
64
50
48
26
23
54
63
54
186
85
193
203
172
197
148
197
237
23
146
82
25
85
186
142
170
23
155
178
85
26
249
168
207
25
85
220
174
15
242
82
73
186
63
92
18
215
37
237
157
117
2
206
155
207
2
115
14
155
84
240
154
55
53
154
85
202
112
155
57
69
54
82
97
215
44
50
63
148
73
85
155
85
221
170
199
247
199
74
108
208
64
45
219
57
69
82
81
219
170
148
199
154
74
148
158
235
170
57
50
148
57
221
104
57
63
219
186
148
114
218
194
148
91
186
178
148
163
154
139
64
76
255
34
189
104
82
193
69
11
48
69
108
221
253
158
85
242
82
221
42
170
57
161
48
213
55
169
214
186
44
85
122
134
221
176
187
104
82
157
67
219
213
44
228
155
199
73
148
186
161
210
199
197
25
186
32
25
171
189
221
37
99
82
190
154
155
134
157
85
27
74
149
108
214
240
235
247
193
88
189
144
199
35
48
218
32
79
133
27
85
115
213
184
190
22
62
106
154
85
213
228
219
5
108
190
148
82
207
129
44
241
102
91
148
52
99
26
56
12
248
214
174
223
69
186
73
231
240
148
213
48
67
221
26
93
106
157
74
207
196
155
25
48
45
128
23
149
189
34
222
115
86
236
190
127
158
102
97
5
214
89
201
82
202
10
11
67
146
83
212
148
12
237
61
193
148
241
148
133
242
237
48
170
104
190
26
5
32
228
76
52
239
162
64
74
202
236
215
6
150
85
214
179
57
228
256
34
61
69
26
162
133
85
87
67
91
117
133
213
104
19
25
34
72
218
10
213
26
32
94
67
117
14
133
56
232
207
218
6
221
145
212
210
215
72
133
230
148
242
56
213
183
153
133
69
242
228
95
133
174
199
157
202
228
63
48
26
225
56
48
51
61
159
190
213
213
6
120
15
88
94
238
45
218
78
137
72
203
82
256
73
133
99
159
86
25
178
148
11
99
86
253
133
55
197
87
94
159
218
48
56
91
10
102
203
10
124
203
232
148
133
219
210
91
182
139
213
148
126
232
159
159
250
215
48
133
64
45
148
25
202
12
151
88
218
157
237
86
99
26
159
163
48
69
230
31
72
12
31
202
133
201
48
232
159
195
232
163
72
111
133
99
72
48
190
104
213
31
161
73
94
48
247
218
214
72
157
213
91
133
148
45
202
99
19
91
72
23
133
207
81
9
197
72
48
114
159
48
82
159
53
45
218
161
134
57
45
73
187
242
45
63
104
187
48
48
45
45
45
213
213
157
72
197
213
