201
5
96
5
127
156
89
200
151
223
156
71
40
121
229
71
229
182
108
71
211
65
51
254
175
14
24
127
96
47
34
14
81
145
145
67
151
190
76
175
200
90
108
211
90
182
18
22
79
76
183
87
227
47
250
183
192
183
18
223
76
96
102
71
5
251
183
11
145
51
11
3
79
180
81
104
11
225
183
51
180
195
46
224
46
201
118
216
154
180
180
182
187
141
22
240
109
3
192
21
22
41
5
92
46
29
64
22
252
234
3
123
121
8
130
250
248
113
16
234
59
98
130
183
128
21
109
21
200
76
205
200
205
194
144
195
90
90
118
145
123
76
98
183
205
182
6
29
183
97
181
222
90
231
165
222
71
90
194
222
168
141
206
200
71
97
185
195
98
136
6
229
40
183
58
36
7
47
145
54
205
200
212
40
141
97
182
37
254
71
200
195
160
160
90
138
208
7
37
37
112
225
254
93
156
141
154
141
6
235
106
97
141
7
108
97
195
171
154
105
37
59
4
225
46
206
151
235
127
151
182
239
5
83
54
41
226
206
72
141
240
99
150
108
219
141
2
16
162
40
218
145
186
96
202
195
41
61
5
162
150
41
97
87
244
40
146
246
216
226
88
240
32
181
106
38
28
211
108
87
75
243
224
182
40
21
15
87
141
121
182
136
122
108
171
41
156
200
73
222
75
29
131
21
29
42
206
97
40
136
20
52
47
21
63
182
245
75
174
141
156
52
80
216
32
168
95
141
194
171
231
63
164
58
164
97
66
250
217
158
129
121
122
110
191
211
174
137
244
165
121
231
230
194
103
4
171
63
144
97
191
95
17
146
14
156
139
111
10
254
223
234
120
75
117
231
118
106
19
156
106
17
156
171
26
245
190
191
171
206
219
24
119
182
96
156
155
80
71
229
190
91
97
178
102
96
106
180
155
4
98
15
88
198
34
236
178
63
90
195
222
37
188
181
198
24
6
96
28
240
204
188
16
108
111
83
64
193
147
248
40
111
34
201
186
205
25
243
199
238
96
191
200
121
126
145
102
169
182
229
125
2
118
75
196
96
108
65
125
69
224
24
182
75
246
183
240
145
190
220
74
135
256
223
88
190
124
19
5
96
96
224
64
240
34
96
224
61
248
25
124
249
201
38
7
22
121
90
8
108
236
33
246
201
79
244
108
154
201
111
10
254
83
203
212
79
5
201
65
248
8
4
64
198
96
111
236
240
201
111
89
61
200
150
102
10
89
64
61
253
201
192
10
169
22
212
201
228
76
64
201
183
214
238
102
86
220
120
64
196
111
67
124
248
96
14
223
175
67
201
201
49
183
96
32
185
238
93
96
69
221
64
201
83
220
42
8
5
248
34
203
240
240
