190
121
36
166
7
248
36
223
84
80
16
147
186
207
44
21
21
86
103
248
244
111
54
124
3
219
166
231
80
174
231
67
176
165
106
190
80
165
106
231
243
195
228
248
106
62
256
240
62
3
3
190
218
129
189
57
92
35
221
231
194
169
196
1
138
200
249
251
89
62
203
231
11
7
80
138
17
1
249
36
181
36
148
62
111
15
1
1
67
181
158
146
171
79
2
29
54
94
127
251
56
106
105
149
74
199
47
237
150
221
54
44
36
107
199
62
221
94
29
57
94
231
94
94
199
204
87
199
247
85
17
36
44
9
189
17
3
69
31
175
84
69
13
211
133
69
252
207
206
82
94
85
220
106
17
115
174
185
221
181
43
189
189
80
166
33
152
146
106
191
157
84
182
220
244
219
49
220
243
220
178
180
132
189
132
178
203
189
189
59
146
191
136
53
33
189
32
225
15
77
169
174
169
169
87
245
144
145
21
195
90
164
95
39
178
134
148
76
57
122
35
163
76
21
82
145
45
127
136
253
239
21
38
163
105
38
25
198
237
115
163
178
198
38
182
163
166
171
231
182
155
237
166
91
102
178
15
56
216
225
56
176
38
160
39
72
230
50
233
56
163
133
89
38
163
155
42
191
236
31
178
170
180
164
21
243
178
237
106
35
6
133
167
121
43
82
94
146
89
56
250
73
122
83
82
91
106
231
72
53
150
248
146
56
26
105
186
161
178
145
26
52
89
216
163
72
56
56
116
133
159
82
222
15
178
164
182
256
76
82
56
103
122
57
115
128
228
133
85
56
63
26
72
97
146
216
149
110
73
166
161
235
232
193
215
104
72
45
247
85
134
164
103
159
133
73
13
103
146
45
55
93
145
243
69
94
214
145
235
42
97
179
86
91
196
107
247
65
57
133
88
107
176
154
45
76
133
190
178
105
24
128
189
133
86
166
91
154
133
145
56
230
178
216
26
194
179
230
159
138
133
124
59
205
56
196
170
49
73
21
121
72
129
29
216
189
169
154
35
53
91
232
49
240
166
222
3
247
178
216
49
232
159
63
159
216
255
133
105
86
135
215
45
178
35
110
116
38
189
82
146
145
11
44
86
133
159
80
63
72
94
57
186
63
85
169
45
253
94
145
9
121
21
194
102
232
192
63
145
146
57
56
85
178
106
205
221
139
124
159
232
74
128
124
170
178
162
57
232
133
12
128
134
166
166
199
35
149
247
169
133
189
232
161
107
52
48
86
229
193
189
146
57
48
238
126
153
249
35
82
232
61
86
154
167
45
252
82
15
15
222
77
180
149
82
26
63
133
244
230
241
12
247
103
83
238
215
133
134
203
216
252
133
161
255
86
155
170
194
84
159
110
169
153
189
232
178
104
57
133
40
133
27
31
85
158
139
133
106
142
155
169
114
82
45
145
164
193
216
15
164
56
146
86
101
232
228
45
205
45
133
248
216
133
256
228
179
155
134
170
166
134
255
157
191
179
146
148
134
88
134
178
104
157
117
179
