169
169
194
16
54
40
142
194
54
95
8
75
8
40
191
8
231
24
209
93
145
150
145
37
32
128
114
8
81
54
7
138
223
182
32
214
206
128
128
214
37
128
231
191
114
75
145
109
28
206
75
92
6
113
40
225
52
52
223
52
52
125
46
75
75
135
25
52
135
244
128
210
6
54
52
59
68
75
37
52
177
28
92
229
52
176
116
189
52
210
174
231
206
11
225
75
62
225
229
24
15
118
225
100
68
24
95
171
171
84
126
75
223
119
75
127
231
177
172
59
66
98
229
84
84
24
62
248
113
138
104
99
127
52
54
244
169
231
84
24
108
54
255
175
216
40
199
104
216
68
140
98
175
108
58
231
177
58
105
52
189
75
154
180
243
185
23
66
174
202
163
171
23
28
166
186
108
233
40
167
180
185
98
216
248
186
243
91
177
138
122
117
72
124
52
199
189
163
63
162
84
237
68
212
172
37
216
40
56
198
25
136
74
122
55
46
255
63
92
180
122
167
63
92
122
198
171
63
255
77
220
104
61
27
237
46
185
38
194
248
150
165
184
105
217
85
157
140
52
233
243
194
72
40
146
104
46
27
256
206
195
66
242
122
163
108
195
72
88
157
157
55
115
163
219
15
66
220
98
161
129
160
44
163
91
31
179
183
14
72
122
74
136
148
90
148
163
148
95
55
63
73
215
146
236
25
148
217
237
168
216
88
163
84
151
163
27
242
141
37
74
228
238
119
230
237
148
136
163
29
168
65
15
228
149
85
179
148
96
247
22
106
104
63
73
167
163
121
148
169
254
184
176
148
64
57
148
228
86
148
203
163
88
22
146
192
86
154
148
44
163
148
203
215
158
215
202
235
172
128
136
165
255
170
133
221
176
219
242
237
34
228
59
48
63
163
90
150
48
209
200
96
64
69
94
26
170
172
106
140
148
76
39
52
189
122
105
228
122
23
109
168
226
163
63
227
120
190
161
116
88
69
133
150
41
154
183
76
190
148
148
228
94
185
86
90
44
220
13
176
247
169
30
212
193
41
63
189
14
35
58
199
157
110
65
237
48
228
85
248
121
163
141
73
133
22
203
133
73
217
17
155
72
242
242
163
228
110
206
180
48
133
150
146
102
193
86
65
189
86
209
226
184
196
43
163
148
249
228
240
210
245
9
181
142
235
124
140
118
85
65
81
163
236
196
34
86
74
69
201
163
148
133
184
94
72
196
27
237
148
44
28
63
133
114
193
249
122
76
220
59
27
148
228
88
150
253
230
164
79
169
64
77
40
35
237
109
219
253
240
163
17
239
163
163
122
85
170
163
109
184
190
17
48
175
103
110
217
81
205
154
59
163
158
250
249
110
190
253
201
24
44
15
165
256
133
184
76
86
44
249
62
154
145
64
106
253
28
206
130
59
141
112
64
235
254
163
249
62
37
202
69
30
192
238
169
133
10
76
16
237
10
50
27
238
183
73
108
236
4
35
196
123
24
252
64
215
218
88
94
15
133
152
25
146
242
13
228
110
137
134
219
220
242
121
82
253
227
15
88
237
63
184
34
50
203
16
70
150
201
255
235
106
193
180
15
240
88
94
169
109
64
186
49
44
78
242
84
133
238
25
178
228
108
120
236
29
134
245
249
113
228
25
149
150
134
246
44
197
146
85
219
86
240
34
176
184
130
65
237
159
12
86
37
220
21
99
28
250
88
133
44
88
252
228
86
10
15
203
198
108
220
190
245
153
96
175
103
230
190
223
88
238
190
15
169
249
187
242
110
26
110
193
136
44
100
106
132
249
103
161
89
223
208
22
94
186
237
247
96
100
31
141
34
65
228
168
35
86
83
249
57
43
190
236
192
182
235
64
6
170
238
218
238
133
104
170
2
117
96
71
217
238
219
158
114
79
35
249
50
35
105
248
28
34
219
61
141
198
106
57
249
151
12
86
65
147
48
124
71
249
103
57
248
109
256
201
100
218
219
33
104
190
159
225
192
228
78
242
138
85
175
108
157
230
105
163
57
15
122
34
249
85
190
149
202
20
104
34
53
94
159
46
207
76
184
45
253
89
34
108
88
76
218
210
256
202
136
249
135
84
104
206
110
167
168
236
46
214
123
38
240
203
144
53
31
32
237
14
203
193
193
186
139
76
214
219
67
186
130
183
249
228
102
44
203
145
95
199
88
15
248
80
255
64
148
32
44
158
97
149
203
163
82
218
25
27
253
108
163
88
72
229
169
100
184
240
240
214
230
163
73
62
52
166
66
166
210
168
133
88
138
90
32
22
158
175
13
131
91
133
237
172
121
232
63
56
37
190
84
249
189
26
238
82
62
16
80
252
85
190
158
148
158
229
31
158
219
157
16
240
148
250
136
219
110
219
89
256
86
228
256
148
169
33
82
86
240
198
43
15
70
184
194
245
235
240
23
169
88
124
158
13
221
4
134
88
249
210
182
27
29
196
229
203
116
8
199
256
181
44
144
73
201
146
193
228
214
12
20
99
256
256
193
231
110
73
38
77
193
101
21
20
13
15
11
163
167
153
199
50
27
48
14
220
117
227
33
106
106
121
27
103
229
109
86
190
110
27
97
4
219
65
53
237
219
25
16
123
86
88
196
228
177
246
34
13
106
96
27
170
150
169
250
76
20
47
13
31
106
102
63
20
88
164
250
220
223
219
113
186
196
104
13
16
196
109
248
170
203
88
31
25
73
95
31
150
7
15
18
176
181
50
189
220
13
15
35
88
141
205
148
46
113
133
171
189
42
170
144
169
35
82
249
64
57
253
172
73
40
176
80
235
137
236
60
151
146
193
123
133
201
146
33
28
50
128
145
138
223
192
145
108
246
133
218
198
120
175
203
113
223
169
13
146
76
201
163
194
35
170
229
190
120
106
4
228
128
256
207
88
15
196
15
63
34
192
13
201
4
247
121
110
140
31
136
170
110
240
88
120
5
166
193
236
135
235
34
86
227
169
219
147
88
18
84
164
196
32
53
252
110
15
215
40
27
201
79
113
75
27
144
43
86
8
35
73
85
201
19
235
75
75
139
39
10
198
211
223
31
15
193
25
149
201
194
205
169
6
182
203
194
57
40
170
100
88
203
13
107
223
32
61
50
103
15
146
88
167
204
26
93
26
13
256
13
171
201
145
63
9
35
148
103
252
79
197
178
153
95
96
229
157
228
159
89
15
193
8
184
214
242
170
219
41
105
169
43
196
78
203
168
88
146
15
198
148
240
196
96
38
42
78
248
79
120
240
195
82
76
184
253
236
169
88
73
169
43
163
133
121
89
195
63
240
43
228
116
16
186
76
195
45
37
219
29
25
44
166
237
187
178
14
191
80
166
35
167
169
64
25
34
253
215
108
49
196
194
235
35
110
228
65
4
201
31
159
44
196
110
39
166
31
77
67
100
5
256
236
164
249
255
228
42
150
176
38
59
228
27
183
249
169
174
126
256
193
223
96
184
40
256
201
195
82
83
149
109
59
240
228
89
183
175
193
196
249
163
88
253
121
179
105
88
255
20
240
10
235
31
130
203
5
162
135
96
65
236
228
2
242
184
45
228
236
121
96
237
236
102
250
77
121
15
201
249
13
7
229
235
134
218
133
29
219
88
237
38
170
132
133
236
49
253
77
158
80
236
127
239
76
179
151
228
15
196
236
13
5
154
134
228
228
221
133
38
88
133
31
249
242
110
249
220
88
31
166
201
88
121
223
61
91
158
247
139
174
59
50
256
228
164
23
27
121
14
166
164
121
96
249
133
13
190
196
203
228
40
235
186
63
228
63
237
201
76
230
186
144
170
167
228
190
55
249
203
256
86
116
88
201
144
91
23
240
31
136
146
196
255
193
66
64
121
130
212
65
81
222
114
82
63
52
22
195
163
219
187
128
57
169
35
169
223
237
86
23
121
88
11
163
157
223
59
168
164
245
170
201
82
34
240
193
148
39
116
228
8
88
205
201
214
81
256
163
67
60
113
55
96
169
238
201
199
253
130
8
247
56
146
13
16
130
31
88
41
252
46
88
42
16
221
195
6
170
186
76
201
169
59
9
203
201
52
37
240
82
35
170
233
109
93
228
88
88
113
35
88
227
228
11
31
15
199
247
180
170
201
31
88
83
169
31
58
33
140
25
130
170
158
176
166
35
240
195
76
256
172
170
108
252
158
208
186
113
169
230
170
34
