169
80
59
89
153
29
194
244
225
251
239
239
74
194
237
239
228
166
205
176
194
164
18
67
140
146
194
236
78
252
239
222
67
153
121
27
74
186
174
107
166
18
175
54
59
29
231
83
195
150
31
150
225
251
170
195
153
84
162
166
251
253
180
169
121
84
170
251
225
121
121
135
162
64
16
135
175
67
150
53
84
80
83
146
248
105
208
55
228
84
256
208
29
128
164
256
165
38
80
244
146
251
203
256
140
87
100
153
118
18
252
16
119
21
87
135
135
225
166
175
106
165
180
28
228
242
144
146
90
138
191
77
29
144
247
170
194
69
256
41
212
108
166
146
146
107
8
256
106
170
73
146
88
251
209
194
222
229
164
131
67
88
182
209
256
244
224
195
176
206
88
10
170
87
65
20
170
256
256
209
203
256
65
211
80
28
128
164
246
206
206
247
206
146
164
182
222
79
194
28
28
84
203
186
225
31
250
37
101
250
223
140
166
170
244
37
40
42
222
15
28
166
164
110
177
37
110
31
37
182
59
203
177
136
228
21
175
7
14
118
47
229
225
144
17
165
256
114
65
84
37
37
16
166
249
58
208
168
58
178
142
114
110
119
251
211
132
118
17
16
256
104
37
150
37
52
136
182
225
243
146
67
178
129
10
128
80
84
243
190
162
223
35
235
12
146
87
211
27
34
139
229
175
146
17
150
174
178
246
74
136
184
244
182
84
6
22
40
196
88
230
230
15
81
27
225
86
11
104
145
203
121
17
49
194
132
79
162
58
170
164
184
184
162
150
10
219
61
164
246
43
249
165
92
236
208
143
65
250
71
252
130
86
182
233
154
64
17
88
47
6
44
162
65
35
11
125
203
136
146
114
170
150
164
170
63
16
136
138
164
67
49
18
130
110
136
190
83
182
218
166
33
18
79
145
206
184
66
104
192
134
21
170
236
10
167
244
140
80
143
204
24
31
29
65
170
179
107
175
215
67
138
56
27
229
34
86
200
18
32
245
205
155
83
118
184
73
206
224
207
71
75
47
146
79
63
205
59
223
18
32
73
34
63
28
59
88
59
192
201
150
218
119
236
84
32
25
136
86
252
203
129
150
47
8
11
203
13
195
63
80
140
230
153
192
194
195
67
27
65
37
13
115
5
27
206
230
113
212
58
67
208
183
180
118
220
230
138
189
166
186
183
205
6
238
64
206
251
10
97
119
239
215
256
13
145
212
145
191
215
238
26
183
145
162
61
85
25
230
105
199
175
67
236
141
16
185
196
230
183
12
123
138
240
132
89
165
230
16
60
190
21
102
67
136
190
177
105
216
105
112
21
90
10
78
190
256
193
222
13
221
41
184
64
21
144
91
201
86
90
140
94
83
95
186
175
209
170
64
32
140
55
256
194
242
114
37
190
81
24
207
235
251
91
211
103
138
139
16
80
185
136
186
184
33
192
73
182
96
54
189
7
238
170
63
195
25
117
97
131
108
130
64
41
5
166
96
175
35
45
182
5
220
31
114
216
138
10
33
256
215
105
178
144
201
156
25
59
96
183
196
186
105
184
204
130
212
80
5
88
81
83
208
63
225
172
205
54
13
61
170
169
145
222
35
223
3
214
88
203
239
168
65
76
195
64
83
5
256
230
74
249
189
219
54
63
144
64
63
241
161
162
76
13
240
10
221
3
79
237
34
143
9
230
64
184
155
207
50
24
136
156
103
238
88
190
28
111
40
25
49
91
195
63
16
250
189
252
117
237
61
174
45
214
181
147
110
170
212
145
214
18
32
121
236
215
186
145
60
34
64
13
157
117
189
110
7
203
34
253
219
174
28
96
14
196
220
149
61
106
149
229
169
235
237
25
201
26
149
190
238
249
184
82
201
20
3
175
25
149
238
216
90
244
97
19
38
123
3
105
213
88
40
129
203
237
201
230
3
192
150
142
235
50
194
175
31
248
238
5
223
38
219
73
88
163
189
186
207
69
85
199
65
178
213
224
32
145
242
140
48
250
39
107
202
50
2
229
221
16
48
22
236
248
102
108
120
22
60
189
32
67
107
156
83
63
104
110
10
47
199
13
117
26
93
69
169
231
177
246
238
54
91
55
89
91
86
24
138
35
251
215
235
61
178
210
94
34
34
106
199
194
18
239
223
181
184
256
162
159
107
178
219
145
85
235
149
18
185
199
130
24
190
201
149
80
26
222
38
138
15
204
153
156
153
219
103
110
57
66
27
221
200
5
63
186
219
125
196
107
192
209
149
105
170
231
116
71
199
222
88
157
225
208
34
126
239
76
86
172
106
88
10
155
145
153
76
76
65
64
91
216
34
237
249
105
18
89
108
136
141
148
39
162
175
239
242
26
74
251
234
126
9
192
89
155
64
250
134
131
105
106
219
106
249
20
161
220
128
70
247
72
256
123
177
12
219
56
230
170
22
175
50
174
80
145
5
198
44
76
77
8
13
5
201
196
74
201
223
94
15
85
25
64
45
88
14
185
136
78
2
61
225
134
234
138
230
190
69
186
180
61
146
89
108
13
132
150
222
238
93
234
50
110
35
237
64
66
10
237
141
88
218
157
216
38
109
102
37
48
61
5
44
151
229
108
64
44
252
10
61
8
192
115
12
202
89
125
135
105
13
168
41
5
243
169
147
178
83
129
189
192
56
149
57
5
85
26
116
31
239
115
235
25
221
61
250
214
115
85
36
27
170
172
53
228
33
114
174
187
61
178
86
178
30
49
250
181
245
55
96
18
238
240
254
10
2
169
31
240
39
20
28
256
178
196
108
35
249
206
46
110
44
13
183
249
151
54
222
14
215
74
173
63
138
18
30
43
250
236
169
79
134
241
145
56
253
165
96
50
9
57
170
249
93
178
74
166
228
28
133
39
190
16
65
91
219
214
26
120
88
221
187
147
65
11
225
181
111
18
26
249
64
13
73
251
250
194
115
61
201
63
58
28
118
24
63
85
55
54
86
178
96
235
26
74
79
88
83
76
216
249
153
192
203
248
64
220
86
86
240
11
121
37
154
34
103
228
248
181
87
42
223
219
215
223
150
178
13
149
228
45
56
249
26
25
235
74
94
151
72
221
55
62
251
164
25
53
238
252
106
225
108
56
229
128
79
13
123
183
253
110
134
224
64
239
113
255
137
149
240
188
237
76
73
71
158
238
110
196
219
128
169
170
240
146
24
238
221
120
256
64
119
79
243
235
69
219
170
39
253
133
206
54
185
43
107
12
29
133
83
215
174
10
116
183
253
174
214
133
235
205
172
84
228
102
196
182
47
37
91
199
94
223
175
151
85
86
64
26
69
27
252
166
77
110
169
215
147
50
38
107
237
13
21
240
12
62
45
91
196
195
69
235
64
54
91
25
250
149
190
226
25
252
128
206
12
12
107
73
191
117
55
2
236
229
189
87
13
53
207
31
202
43
96
248
192
71
198
81
69
154
61
126
92
105
83
207
161
22
64
5
228
229
77
34
107
66
134
82
203
228
144
132
228
82
220
37
59
239
136
256
81
170
252
138
169
203
117
110
170
97
87
221
96
142
161
126
96
180
172
127
221
238
64
190
239
96
13
141
72
94
91
12
122
106
207
193
238
89
87
245
138
16
105
219
91
46
156
94
9
139
144
153
204
25
193
239
217
34
104
86
242
133
144
22
107
111
187
3
97
89
18
201
166
34
163
249
238
248
201
64
238
125
128
35
25
164
159
48
35
238
96
35
107
25
96
31
65
14
44
96
73
242
248
252
7
175
41
163
225
105
132
176
97
159
146
221
219
56
199
43
196
253
190
91
93
15
124
44
19
81
8
88
25
64
102
200
170
24
227
221
76
219
252
31
31
202
175
221
229
75
4
175
249
47
184
79
249
228
252
13
10
88
221
63
178
209
16
253
199
123
221
32
32
83
150
105
134
153
79
178
39
86
192
242
148
31
105
228
176
125
143
180
83
55
40
203
86
229
189
108
192
95
190
228
219
64
187
57
20
23
136
187
194
1
72
237
216
15
70
76
250
110
201
224
91
8
34
10
159
82
73
61
119
175
141
94
40
37
156
140
100
147
130
81
104
40
64
221
61
125
27
194
256
50
64
222
144
82
62
133
72
83
221
247
91
81
97
157
253
102
150
12
184
53
249
192
40
149
21
159
160
225
188
202
147
241
79
37
178
4
49
189
16
87
132
253
27
46
185
229
252
107
216
237
31
183
35
242
110
156
223
67
70
168
230
238
190
221
237
183
48
228
10
219
10
121
204
191
170
50
228
42
172
171
3
34
236
202
246
196
104
240
95
9
79
32
172
78
221
125
139
83
238
228
25
89
104
199
176
219
133
253
221
57
57
22
242
16
135
85
57
255
31
175
216
219
163
189
202
196
96
44
39
161
187
39
238
73
108
235
172
4
166
221
45
138
4
151
196
76
110
141
47
228
183
35
79
173
242
15
221
242
43
240
164
189
201
199
61
235
14
110
59
38
35
64
102
134
12
122
34
64
238
237
135
174
221
104
208
4
27
95
149
35
5
130
252
1
77
91
230
45
10
254
5
85
61
5
4
61
104
83
84
159
91
87
183
207
52
229
235
159
229
89
87
63
91
240
119
234
226
41
238
10
187
229
221
91
74
163
13
32
133
90
83
111
121
111
31
73
8
73
242
235
11
135
164
158
159
19
140
201
220
98
253
49
53
85
253
102
164
115
63
228
236
124
137
225
204
241
203
220
8
1
255
253
216
169
236
146
91
105
127
64
86
236
105
88
45
34
12
5
16
133
12
178
41
12
86
53
207
173
62
102
84
55
63
52
81
166
218
2
127
96
201
73
199
189
256
192
181
170
42
210
31
207
237
124
73
96
238
39
228
69
42
110
62
241
184
237
190
215
56
125
163
12
192
250
232
222
157
96
144
52
61
136
220
216
106
57
13
35
94
88
29
32
181
64
214
170
147
188
72
210
120
133
70
201
190
27
133
220
47
91
159
250
170
82
178
245
5
187
123
236
5
76
253
136
113
164
19
76
196
187
90
97
85
8
112
221
61
64
29
29
225
14
90
28
47
127
91
115
64
11
40
105
5
196
154
111
39
49
53
172
22
250
79
99
155
233
120
91
106
63
71
104
96
140
252
119
49
102
5
223
65
82
112
215
82
220
242
69
88
94
121
10
154
124
183
221
187
216
221
14
105
37
216
169
104
252
42
86
47
115
193
79
125
248
229
184
104
227
34
12
10
236
159
134
256
64
105
56
56
34
108
176
41
85
56
164
193
185
201
219
196
19
224
140
159
197
212
157
157
37
44
86
149
65
68
133
5
15
230
178
203
140
236
23
245
169
121
18
76
64
89
56
10
215
236
24
15
161
221
214
178
45
10
16
86
193
45
70
69
121
20
72
93
161
37
158
130
161
135
5
15
220
158
163
109
120
219
1
249
232
48
45
133
99
228
235
228
108
133
206
44
26
56
125
191
13
54
45
82
191
219
15
214
184
193
234
86
56
93
158
228
246
15
10
234
178
4
