80
7
7
29
67
7
202
143
143
7
186
143
166
121
143
166
14
156
14
143
11
201
32
166
81
29
190
94
202
176
143
53
140
59
11
59
81
201
143
182
251
166
32
143
166
11
21
239
31
140
90
130
103
130
81
11
47
191
61
177
104
170
126
136
84
182
251
143
47
21
35
126
28
7
177
242
8
182
222
90
156
169
176
138
96
90
90
18
242
41
242
156
243
28
74
21
89
89
30
229
138
166
246
191
127
187
90
123
175
43
165
207
19
123
25
5
29
202
59
140
229
41
71
74
5
64
52
177
239
140
138
114
225
74
25
71
140
165
191
162
170
182
86
45
220
80
146
162
242
140
64
97
146
202
246
18
39
66
191
140
146
1
81
239
41
126
107
84
165
66
138
211
109
89
202
212
239
31
75
212
146
239
10
176
90
113
143
220
156
190
162
125
76
97
225
54
224
123
179
84
129
30
146
29
66
231
8
50
39
76
96
59
123
234
111
5
181
209
177
174
66
43
111
195
162
194
251
34
2
111
86
46
18
75
56
107
25
33
162
181
153
191
162
75
45
182
5
175
177
219
182
191
71
72
186
64
121
141
231
182
66
172
50
138
165
194
9
195
13
76
182
180
135
43
84
166
251
150
122
141
215
111
105
244
182
242
73
80
67
222
251
46
157
87
222
5
191
222
182
125
21
182
59
182
239
191
125
146
56
48
126
67
138
217
39
155
52
46
83
84
153
114
182
166
74
75
75
180
84
153
56
245
107
113
244
73
211
254
156
88
59
39
147
244
182
181
84
55
191
86
124
176
52
52
107
8
244
162
181
108
243
162
113
132
141
228
174
160
242
182
66
25
118
21
35
191
182
146
151
2
211
256
84
231
229
162
242
107
150
84
107
208
108
42
130
256
50
151
202
64
104
65
41
181
211
96
138
142
181
35
31
150
195
230
125
215
47
56
151
153
36
42
256
234
230
56
191
195
160
107
121
162
195
231
29
160
89
47
142
89
41
218
84
125
215
256
51
164
231
125
21
154
18
115
29
159
52
200
62
65
25
182
138
72
2
84
65
122
253
18
115
98
181
65
84
74
253
107
84
18
195
51
211
182
182
7
182
219
229
45
166
27
84
256
77
239
256
89
160
7
47
17
154
143
160
214
52
138
146
174
202
64
191
9
179
219
181
61
146
5
77
129
239
181
84
71
217
256
160
72
200
73
5
35
74
160
123
52
17
239
41
5
83
216
74
182
160
230
84
136
256
84
136
71
18
185
182
78
42
52
138
215
230
176
195
111
165
150
72
31
17
185
82
241
181
52
138
230
200
67
170
241
182
230
136
157
29
154
72
218
211
162
231
151
42
185
213
123
238
16
194
71
13
142
74
121
206
217
113
81
43
35
182
28
52
160
84
171
119
178
108
230
250
138
250
92
144
243
16
169
203
191
180
185
74
230
82
206
195
43
161
144
152
104
217
136
256
152
52
35
28
212
74
136
170
211
121
84
59
72
191
115
181
182
104
182
250
106
223
125
73
54
54
14
56
28
118
243
26
246
169
165
11
253
121
92
9
72
29
217
165
135
115
182
72
35
9
92
176
182
227
20
88
128
202
10
153
232
230
202
128
146
175
24
31
73
220
81
91
24
51
53
218
136
25
16
186
49
239
115
218
96
173
24
159
25
85
34
136
152
20
147
232
14
144
213
218
182
182
218
180
121
243
182
217
249
90
182
224
161
66
150
121
181
132
34
182
42
18
202
253
239
16
200
181
181
206
222
82
96
9
227
41
119
104
89
102
41
218
182
86
169
107
17
170
180
181
206
170
47
89
25
125
94
21
146
188
44
232
40
50
185
206
110
77
75
130
232
218
209
107
176
37
35
47
170
59
29
28
117
185
203
185
254
18
42
239
155
142
96
148
95
188
59
121
239
240
217
75
130
129
119
107
125
41
119
218
84
94
249
181
35
47
58
224
94
78
87
45
113
152
141
25
119
29
132
202
213
219
157
113
135
28
107
21
53
76
136
107
68
102
9
31
88
118
21
185
40
60
83
125
118
256
254
73
137
62
83
42
19
118
193
94
141
7
25
141
82
120
194
214
66
147
155
62
36
88
37
152
83
11
169
184
157
156
181
156
160
181
118
209
37
256
239
82
66
118
215
240
150
96
115
118
110
104
256
22
90
97
71
18
94
7
28
13
7
240
19
181
47
125
144
34
104
209
129
129
209
149
222
181
13
243
182
36
254
244
157
185
256
19
246
169
123
113
120
191
184
119
88
186
173
62
206
82
28
252
249
48
128
125
173
256
158
99
213
146
145
246
169
155
47
145
107
118
68
113
107
224
25
164
191
155
256
155
129
110
101
145
209
85
116
157
119
132
91
75
146
256
254
68
109
191
191
146
96
119
220
246
203
141
221
240
184
200
37
107
126
119
202
148
97
35
40
182
181
155
170
7
82
107
97
184
4
29
203
84
144
27
224
26
151
184
69
97
87
42
180
22
184
185
99
209
170
141
88
254
169
144
125
71
118
206
166
122
218
92
2
174
155
200
118
72
92
35
20
37
97
200
118
166
88
125
183
97
246
47
33
244
50
252
200
243
171
107
125
182
200
125
191
169
224
27
32
42
238
20
5
146
254
65
244
118
119
188
119
92
191
92
81
246
234
222
237
191
92
164
254
234
234
122
254
5
143
135
22
36
41
41
157
125
202
181
234
234
98
222
85
234
