14
111
111
111
64
126
43
61
111
51
5
47
18
145
69
47
43
51
177
175
14
90
90
183
10
5
126
8
177
111
223
126
51
8
126
126
222
177
90
90
20
90
145
28
126
126
111
184
90
90
8
239
156
248
51
156
51
107
113
51
251
46
187
229
8
20
126
28
127
96
113
47
90
139
147
111
212
126
234
219
212
5
126
51
5
20
90
229
126
238
107
253
88
61
142
16
225
47
234
147
234
51
6
234
147
81
119
113
78
47
74
12
234
142
225
152
219
54
96
26
145
90
125
14
47
123
61
251
156
81
125
152
229
225
250
217
153
192
217
111
225
83
96
234
119
147
90
4
12
3
220
152
156
3
238
185
175
90
5
61
200
64
220
119
229
160
106
69
165
183
160
51
160
106
34
34
192
90
51
111
79
177
220
175
196
9
81
14
127
10
54
127
123
79
54
98
123
178
14
189
57
54
111
13
57
123
229
192
92
92
255
54
10
177
173
123
12
177
12
177
57
120
138
212
82
9
238
34
238
228
177
110
192
110
192
192
92
111
189
85
99
152
235
106
189
99
121
177
118
75
75
99
44
219
79
214
94
120
120
12
79
99
238
235
61
197
193
235
88
86
12
38
31
88
85
237
31
250
197
27
230
40
34
7
140
7
203
163
149
95
237
75
218
238
235
53
85
131
76
55
53
134
203
238
27
237
7
57
165
85
102
32
149
95
235
34
55
182
86
201
59
133
40
220
95
53
25
136
205
202
102
197
182
95
97
143
31
22
165
149
88
34
136
192
202
253
111
85
146
85
79
16
249
15
214
250
64
112
201
124
158
52
136
202
174
131
202
129
15
3
93
232
123
157
232
178
201
123
230
202
202
131
202
102
93
85
59
111
102
249
