40
99
179
256
105
141
205
105
256
162
9
206
139
52
59
231
162
9
58
191
9
143
203
75
90
47
160
58
203
166
161
148
209
185
209
157
58
166
132
132
103
186
205
58
205
209
170
80
228
91
164
209
209
9
170
102
219
89
143
202
160
43
80
87
185
185
182
89
174
71
9
9
241
52
147
251
66
29
210
235
138
113
42
171
182
141
34
121
156
134
174
201
74
235
234
66
252
250
94
70
194
139
144
10
24
81
95
147
9
97
126
217
21
5
176
206
212
97
9
36
238
135
211
94
9
174
186
73
88
201
58
236
221
206
184
206
26
73
92
174
191
61
81
199
174
205
66
200
152
34
191
204
206
222
99
30
217
63
117
113
231
220
210
191
115
200
200
199
122
97
171
201
255
67
61
139
132
240
174
115
76
201
208
99
30
217
144
40
5
13
2
190
210
113
89
87
58
89
216
86
250
174
174
91
208
256
208
176
149
166
199
192
115
94
94
182
122
157
206
255
207
225
92
171
45
95
22
179
97
135
237
54
239
6
97
101
58
174
152
190
252
217
120
80
178
174
229
149
220
169
26
212
30
255
190
94
43
128
99
70
71
205
95
190
174
41
241
182
34
69
242
202
144
110
6
30
182
207
120
182
207
231
104
66
2
184
5
54
178
89
157
42
174
160
40
147
184
52
94
210
172
113
91
199
137
250
229
164
58
128
93
18
1
219
172
255
94
206
97
152
91
171
70
61
122
169
57
194
125
106
200
213
3
13
15
71
69
235
66
66
235
217
13
171
93
216
40
94
33
172
26
116
93
190
178
142
207
254
171
5
45
178
99
207
14
76
236
151
174
55
255
91
98
171
193
207
3
172
17
135
174
214
174
171
152
13
169
204
160
170
98
113
83
50
5
94
238
40
125
18
247
177
200
252
149
162
3
217
210
175
177
168
55
71
91
211
135
38
162
182
120
145
207
251
238
255
106
204
206
241
8
171
94
71
61
6
8
238
88
91
57
172
103
256
217
237
58
145
201
217
141
171
235
217
12
67
237
21
239
239
120
39
144
44
241
144
53
5
94
145
61
201
160
243
247
98
169
52
238
72
238
86
190
247
64
144
229
108
134
91
238
57
47
116
98
241
81
214
210
219
53
76
12
93
12
54
199
33
91
164
147
201
191
179
108
83
248
216
3
238
96
154
199
34
37
76
6
147
127
108
26
111
203
199
66
180
191
174
69
58
228
26
144
59
167
133
122
135
174
239
53
3
62
8
254
19
154
190
169
61
200
54
216
11
21
26
237
57
34
119
47
71
40
61
74
26
115
166
71
66
240
93
235
205
22
215
186
110
247
94
219
199
38
91
83
115
95
237
67
235
110
57
235
190
127
61
12
221
64
83
178
34
174
221
171
26
87
137
94
144
245
255
6
5
57
203
94
243
139
120
111
252
94
255
134
179
207
59
93
36
58
85
83
195
175
26
59
201
150
192
55
221
85
167
105
134
241
120
111
171
240
35
38
255
154
93
180
153
94
78
82
246
241
69
154
86
205
18
91
133
83
231
38
170
68
81
59
215
87
247
67
215
178
65
238
105
174
38
61
83
94
251
52
214
242
239
171
13
201
238
186
142
11
205
35
199
83
231
168
186
242
13
63
10
34
61
127
3
194
61
238
179
63
149
67
154
104
5
238
231
65
139
105
130
169
139
231
103
108
207
108
179
211
170
222
115
46
147
93
179
179
83
237
159
128
86
46
164
222
94
255
227
114
133
174
151
178
80
255
108
102
255
144
154
251
129
216
73
122
134
108
63
85
158
135
216
17
86
243
247
157
139
243
66
222
30
149
8
180
235
146
93
164
91
86
83
199
247
146
88
213
116
201
9
69
206
41
190
206
21
36
179
203
86
238
169
142
178
179
110
58
252
157
40
174
174
180
116
139
176
53
14
88
66
176
38
13
164
61
183
255
166
198
236
50
203
110
91
120
85
87
87
242
64
154
207
134
86
9
255
26
69
108
144
203
247
36
87
83
179
180
157
196
35
110
111
255
157
134
213
9
242
228
38
203
231
255
130
113
99
101
252
111
91
36
164
151
193
166
57
62
120
45
162
19
154
242
163
230
252
157
201
93
10
227
134
47
45
256
15
29
234
86
256
53
10
82
255
10
104
236
101
72
69
52
158
110
73
213
157
220
26
84
61
252
122
144
103
148
234
197
218
