127
172
123
123
143
76
84
123
143
123
126
29
7
123
126
126
31
31
74
123
123
143
126
126
74
149
126
127
126
221
126
126
54
28
123
247
221
147
126
126
172
6
160
126
247
51
237
126
22
161
61
148
126
141
247
221
208
126
63
221
54
237
74
214
126
127
181
181
127
127
147
155
154
213
51
218
244
6
26
208
212
160
94
122
218
47
218
104
99
165
47
181
51
221
172
207
6
247
155
94
213
237
148
51
54
26
141
154
51
6
87
213
174
127
17
156
147
50
115
106
156
243
87
213
51
22
94
218
171
87
213
218
98
104
243
181
143
77
96
243
74
123
119
17
199
247
197
171
213
74
92
232
163
114
54
218
68
218
54
114
133
157
6
141
66
99
104
56
213
99
127
114
232
149
178
157
104
122
221
51
111
197
131
218
249
82
74
154
92
99
77
157
154
218
6
156
154
84
28
57
85
216
82
215
153
165
48
156
99
26
77
122
111
115
85
54
163
5
154
82
122
133
115
218
28
202
52
26
6
122
213
133
115
94
133
220
85
200
255
85
102
82
3
163
92
104
197
220
72
120
26
12
202
216
26
215
86
26
153
228
157
157
147
133
133
45
82
202
159
157
82
82
157
157
86
111
56
79
249
157
10
153
196
157
133
133
255
45
230
159
86
47
254
255
13
124
254
255
214
237
242
139
10
232
225
86
86
253
248
197
158
224
200
201
19
82
254
111
200
