106
126
126
126
34
126
18
34
192
126
126
126
126
111
126
225
61
56
79
126
126
3
22
90
90
34
64
18
97
90
90
90
81
90
90
90
90
126
90
126
34
90
89
90
126
178
123
167
251
251
127
126
127
89
34
225
34
97
34
225
94
242
251
34
138
34
111
58
251
127
34
94
251
31
126
34
182
93
145
65
143
61
250
129
242
231
75
129
13
14
205
172
181
65
31
150
115
171
171
127
34
111
172
75
127
62
115
91
34
62
72
79
206
27
189
149
111
108
70
180
64
97
199
111
160
172
189
220
160
129
62
5
192
142
77
104
206
75
201
201
203
201
165
204
165
189
162
196
250
106
50
106
111
52
111
211
55
66
178
106
86
66
50
137
50
86
52
62
213
50
104
120
230
128
165
75
206
72
104
253
19
222
250
50
111
148
250
220
14
249
189
120
249
77
137
8
256
115
222
216
120
205
82
148
56
250
11
54
238
149
86
66
11
128
192
95
77
45
249
136
177
121
211
76
95
56
86
54
214
26
186
106
16
54
106
138
95
239
3
84
79
49
233
111
66
95
76
184
106
149
95
66
184
94
249
99
111
108
124
189
23
214
136
204
120
106
62
204
56
88
99
192
57
66
149
220
192
89
214
237
214
248
123
233
145
214
115
154
94
4
37
214
9
17
112
95
45
66
112
12
138
32
112
81
204
124
145
214
233
123
79
13
113
205
32
143
134
82
19
211
66
220
248
233
245
32
232
161
79
116
17
228
211
143
126
128
88
10
189
163
215
106
101
26
15
184
143
153
46
142
235
17
72
157
189
96
243
17
171
72
233
62
26
217
112
161
69
211
215
211
216
85
228
17
99
153
161
252
99
64
159
171
132
114
215
66
216
48
197
172
1
50
56
133
161
158
197
154
163
55
12
48
66
110
232
70
148
98
216
5
217
232
218
232
19
66
105
9
155
94
216
94
44
197
155
155
105
155
57
197
218
94
155
210
161
155
216
94
21
197
232
116
26
197
232
218
207
