186
205
186
186
166
194
174
207
174
144
186
74
87
99
102
5
8
126
222
172
8
197
65
172
172
51
96
94
51
213
8
197
174
148
218
128
69
123
156
128
208
73
166
105
218
94
99
64
66
128
99
74
162
172
172
148
115
202
74
218
5
81
3
84
211
99
177
67
174
126
218
34
115
213
249
182
44
128
209
197
186
69
48
44
122
126
23
91
99
99
5
99
177
72
221
90
99
164
19
244
99
252
19
99
99
49
99
55
238
218
90
252
99
197
112
99
16
170
248
99
175
99
91
175
99
81
105
64
126
148
212
6
126
85
48
99
99
85
221
40
128
218
149
85
149
216
218
197
149
72
197
197
197
54
197
216
50
228
40
220
96
189
202
145
43
10
197
220
237
249
148
34
72
197
197
252
232
189
12
192
45
82
136
106
69
86
170
85
189
10
26
85
214
155
79
76
196
34
127
213
57
13
10
12
189
10
76
56
219
10
76
86
57
86
148
238
159
149
189
12
64
252
110
197
96
73
145
10
189
220
237
39
10
91
252
105
102
44
134
34
223
170
189
155
238
10
214
11
219
196
57
196
26
219
175
12
238
253
148
235
108
236
220
57
115
64
117
76
161
64
256
237
69
214
148
120
102
149
26
12
228
192
237
19
219
170
253
238
134
112
155
196
115
161
32
44
170
26
186
57
240
189
105
190
238
238
26
235
155
48
96
148
12
64
12
57
64
252
57
91
155
189
161
230
196
19
31
149
110
134
10
189
105
161
237
256
12
106
238
248
169
240
12
189
10
12
48
115
237
12
45
219
81
110
12
69
145
102
26
57
102
134
237
12
26
186
189
10
219
146
170
256
219
69
34
256
192
48
196
34
111
35
238
236
169
155
12
140
213
196
12
72
134
26
115
69
26
201
26
82
12
155
214
240
214
