141
54
130
177
154
239
239
239
21
15
195
63
115
219
183
250
35
55
24
214
196
24
168
161
183
21
241
86
223
40
185
233
32
214
196
116
141
64
201
40
191
32
197
102
115
122
110
52
108
193
124
219
79
252
3
220
204
199
106
69
64
88
9
143
244
8
54
86
122
248
159
252
15
206
81
183
183
26
82
122
95
201
240
182
76
143
52
115
26
233
210
143
187
15
143
143
40
11
219
180
104
69
233
195
71
202
145
99
139
10
18
174
139
237
26
54
220
187
63
201
167
98
210
221
210
63
84
47
71
222
95
185
220
167
192
10
83
137
26
18
26
26
153
246
244
147
139
104
192
84
76
11
196
10
10
158
120
72
26
199
214
256
133
214
120
248
122
153
84
213
240
244
192
82
129
49
24
42
27
226
248
104
115
216
130
153
22
236
161
122
201
248
42
45
106
105
239
213
120
48
147
99
126
139
226
170
212
238
249
79
147
31
97
139
115
216
208
52
115
137
230
230
106
52
120
208
26
44
26
106
106
255
105
208
140
73
230
153
43
115
102
248
26
85
25
214
56
216
224
214
15
205
26
256
106
214
215
54
23
158
140
247
5
230
48
140
105
48
210
197
99
27
32
220
253
206
26
102
214
139
205
23
139
168
134
19
25
154
76
134
105
253
36
86
66
213
3
140
12
102
52
196
103
253
56
133
26
106
189
121
28
89
12
220
76
89
202
236
153
2
188
95
89
96
256
178
161
183
220
222
196
256
12
45
89
225
197
5
202
5
180
222
220
158
196
183
140
92
236
24
124
25
220
243
220
10
148
102
12
232
95
222
240
12
24
17
230
235
32
132
170
48
88
116
157
175
59
56
214
48
5
89
151
57
222
170
56
37
52
3
182
138
249
102
142
159
183
66
158
237
133
249
21
230
128
165
248
253
69
34
163
96
34
174
220
249
194
89
237
243
236
162
101
96
86
10
166
232
202
142
249
112
24
76
253
240
110
249
202
160
121
167
96
158
142
128
255
80
91
10
220
121
102
35
86
102
112
34
250
110
27
102
178
85
145
89
115
10
82
46
170
76
172
149
10
84
58
230
220
147
131
228
89
89
63
230
217
176
153
12
138
42
160
82
8
117
6
48
244
56
32
232
174
31
89
170
106
10
106
184
5
15
55
170
183
248
145
176
220
22
196
56
133
182
3
182
62
45
10
15
44
2
230
234
78
230
58
214
220
256
175
12
117
102
31
232
45
102
149
201
219
192
161
118
115
158
73
235
140
66
137
41
223
108
134
168
238
155
196
102
157
215
214
48
219
34
102
250
238
182
213
198
84
94
225
86
110
214
96
51
45
82
23
112
183
70
102
102
196
123
62
85
161
34
34
117
44
207
55
178
86
32
18
27
241
112
220
136
236
82
26
215
13
34
230
112
102
12
183
45
250
153
2
27
178
79
62
162
86
88
196
139
132
225
136
136
112
86
10
153
198
250
42
156
157
118
38
8
13
63
3
10
161
196
189
220
121
145
23
170
153
220
33
62
124
199
228
14
50
222
14
15
102
214
241
166
189
239
55
196
34
11
69
196
240
89
220
121
215
103
220
164
29
44
143
112
221
86
23
45
249
250
244
222
5
96
201
44
15
189
227
106
220
220
159
79
115
85
221
44
115
89
115
96
11
76
135
250
242
161
14
56
161
110
160
102
230
107
13
121
256
138
41
62
110
115
219
27
110
134
134
91
214
115
137
167
72
79
205
31
112
170
22
41
34
10
70
10
127
222
85
96
222
1
64
165
11
238
192
250
96
69
128
176
189
105
89
137
110
164
27
253
117
134
31
61
161
143
96
108
169
52
170
153
75
122
230
62
207
127
27
102
15
240
249
91
103
35
218
168
52
28
60
214
44
250
220
222
145
238
256
115
189
230
12
88
55
44
170
242
220
82
229
64
230
52
35
34
115
157
13
10
50
79
45
102
91
167
76
62
168
45
249
142
133
137
56
105
44
16
162
12
10
214
169
161
230
145
169
85
192
234
162
33
240
124
139
146
100
79
199
29
102
55
241
215
3
48
176
189
178
86
124
131
15
106
8
236
189
183
128
8
86
48
232
161
15
199
214
10
216
195
62
110
86
196
220
237
144
150
50
168
178
96
19
164
10
216
163
29
176
79
10
45
66
195
196
89
56
55
250
166
52
240
146
42
203
242
190
121
256
146
250
15
76
106
167
204
189
176
149
220
168
125
42
48
255
148
115
48
34
230
189
44
159
84
58
52
213
170
243
168
242
253
133
78
91
222
70
169
28
248
106
189
33
256
175
149
238
192
220
250
138
69
220
192
102
103
249
177
230
91
149
178
64
169
134
177
66
82
249
236
189
220
26
55
37
48
228
48
80
86
10
247
42
33
52
220
120
69
96
149
175
134
79
214
216
150
169
10
71
52
162
76
115
253
249
214
12
44
202
215
196
146
16
50
248
27
44
146
64
108
42
53
163
105
101
157
96
121
176
164
91
204
220
215
224
34
56
115
220
222
189
207
220
53
110
237
189
79
85
123
203
86
237
110
178
229
33
202
43
86
210
155
145
237
12
174
13
216
199
52
57
138
248
81
56
146
179
16
252
84
240
149
50
16
176
155
176
32
158
252
106
137
84
112
159
157
97
86
139
169
230
136
104
84
247
155
33
122
115
15
42
88
9
192
106
139
163
35
162
158
111
64
189
157
131
74
11
190
215
122
202
102
79
241
32
145
170
97
66
155
238
146
256
170
117
214
196
141
73
84
253
48
175
163
88
190
73
138
196
120
149
252
139
189
174
205
144
189
12
105
248
74
252
220
133
55
213
146
86
157
44
190
44
115
169
248
214
213
174
255
232
256
124
56
177
161
115
178
103
247
216
15
203
80
88
101
53
252
8
197
232
189
214
101
115
221
238
210
74
15
133
70
159
26
240
242
27
163
164
73
232
70
52
73
115
169
164
22
249
207
55
236
202
11
179
110
35
45
29
139
82
79
128
77
183
144
134
193
39
155
190
88
108
61
144
149
69
56
210
79
221
134
247
243
236
51
91
249
14
76
97
75
105
236
170
247
163
164
115
79
10
179
72
163
56
116
115
220
248
158
213
179
161
43
52
210
169
167
179
13
163
72
56
256
136
56
134
164
247
38
101
72
155
155
