80
107
80
107
151
113
7
51
200
96
51
51
51
51
107
51
146
177
80
138
51
80
146
146
146
177
123
177
208
177
51
177
36
66
176
92
92
96
59
166
98
140
125
208
211
37
176
37
79
36
126
37
92
208
209
51
209
107
160
37
165
182
208
123
123
231
126
21
205
150
211
243
17
211
79
37
217
128
173
21
118
165
182
146
166
200
84
92
245
211
40
21
37
7
231
209
125
89
165
243
209
253
154
9
21
51
144
30
17
98
9
98
143
182
165
184
83
231
165
253
40
68
94
173
163
245
208
208
141
182
165
217
243
40
92
66
153
245
147
162
51
160
162
147
177
162
13
37
147
9
141
122
21
75
177
89
222
222
162
209
118
84
150
84
162
243
163
123
209
17
222
144
178
244
150
225
177
9
162
67
160
59
209
51
198
253
169
29
98
66
9
9
162
16
182
141
254
162
222
149
162
196
165
151
178
80
256
9
62
84
55
174
141
206
84
17
118
9
112
244
51
118
256
182
205
256
84
114
18
153
195
95
84
18
221
178
206
162
243
146
160
150
251
162
250
61
98
232
9
92
75
156
109
221
151
253
121
225
165
114
162
87
25
7
231
206
160
256
164
208
150
186
120
160
52
165
213
92
84
200
206
256
131
84
137
84
80
37
98
75
57
98
29
99
52
211
118
84
212
232
205
57
221
230
97
72
149
84
232
161
163
253
209
75
175
165
106
109
42
91
52
160
208
230
215
114
153
26
186
80
243
26
42
91
153
206
40
157
149
165
146
95
153
165
54
160
162
216
13
250
69
204
25
165
74
91
209
239
186
251
114
163
204
178
98
227
40
153
208
54
37
185
186
161
212
92
73
77
224
13
177
221
195
188
7
26
251
149
149
150
251
217
254
29
239
162
34
239
40
232
150
13
17
88
50
22
160
169
81
231
77
50
175
106
73
190
153
153
213
50
106
202
256
106
200
237
248
16
11
22
250
188
32
214
224
219
204
95
174
86
246
12
209
250
140
202
177
50
139
49
162
15
159
74
157
140
222
52
254
142
177
74
208
149
51
183
162
52
248
73
209
74
92
74
175
163
94
18
227
153
177
253
114
84
114
230
224
45
173
219
177
200
150
255
222
251
160
76
177
106
16
189
221
200
50
168
123
74
162
28
49
200
140
204
175
157
177
114
213
95
178
76
16
162
163
200
225
202
18
37
237
82
163
256
225
200
54
177
86
153
54
220
221
165
74
250
52
32
140
163
86
163
7
217
183
207
74
162
146
86
57
32
77
256
118
189
4
7
235
183
161
53
140
76
123
16
143
184
45
68
213
239
118
110
18
178
250
200
49
161
107
34
166
249
200
173
84
163
221
215
50
48
138
86
161
74
163
126
74
208
89
117
93
155
253
53
155
250
144
153
251
250
198
74
110
57
4
151
199
249
232
63
56
106
250
49
50
68
54
254
88
143
110
54
100
26
207
94
162
196
50
159
177
161
125
208
74
98
160
55
74
215
153
3
224
196
255
146
220
208
256
177
4
54
214
117
141
200
85
54
25
84
239
195
188
125
256
95
251
249
68
84
84
39
153
251
204
200
239
159
200
12
217
225
78
163
232
242
138
110
162
243
153
251
99
89
140
158
157
159
225
32
251
138
48
44
99
256
120
102
251
123
186
153
75
251
163
153
208
3
31
138
77
157
155
163
88
213
79
208
31
249
140
110
74
221
202
99
115
152
4
13
177
225
138
131
189
161
110
152
56
168
10
208
119
140
160
149
157
128
148
157
129
151
42
140
143
160
214
45
49
190
163
72
155
72
22
225
197
37
153
245
163
107
134
54
74
86
183
23
161
160
251
178
176
4
159
251
102
252
254
152
251
190
242
215
163
131
231
242
55
152
143
50
190
72
200
44
3
95
219
163
115
229
214
230
155
187
12
28
197
123
197
232
117
191
197
110
52
152
133
140
107
158
75
230
171
197
53
143
148
236
36
104
148
163
163
104
104
178
162
163
115
200
74
64
152
161
84
142
157
157
148
141
229
56
69
161
193
115
115
110
99
189
76
215
22
152
153
4
42
115
197
231
254
45
113
157
202
138
177
193
152
152
177
22
222
44
155
181
231
157
24
255
72
157
249
157
26
15
149
146
239
72
115
189
163
149
141
93
45
148
86
197
140
9
177
143
104
177
153
15
214
215
163
42
44
190
197
95
158
163
161
139
72
52
161
232
152
256
143
119
175
56
193
148
185
99
230
163
175
254
84
56
115
162
140
190
81
118
202
152
74
200
209
52
148
153
200
115
213
78
34
249
238
62
142
113
53
173
255
77
107
197
208
148
152
153
3
215
208
200
42
133
191
23
22
140
187
77
106
90
148
140
202
239
157
62
153
174
231
244
152
191
148
148
99
244
28
115
56
119
191
152
71
74
143
156
44
159
178
235
72
148
55
148
82
200
163
213
214
197
156
191
109
12
163
163
235
95
65
191
191
234
26
232
188
237
102
91
218
196
23
72
47
163
148
188
152
42
254
157
137
56
197
13
148
70
152
115
197
155
90
159
136
234
41
245
197
99
213
94
42
124
90
232
47
141
197
142
90
191
163
163
234
83
222
102
153
254
120
197
229
191
90
157
161
53
219
58
184
124
253
84
99
140
153
142
254
143
99
214
54
129
159
229
45
99
133
113
204
25
73
41
49
69
242
159
43
239
225
152
113
48
43
46
92
140
53
41
161
113
125
191
47
152
77
23
254
148
213
197
48
186
73
152
197
197
163
71
160
72
16
156
119
157
200
197
41
99
224
152
107
45
234
86
20
156
107
156
224
120
22
202
148
224
