164
253
65
164
7
84
194
25
84
113
123
166
164
123
221
51
225
51
165
251
94
18
81
165
25
47
14
88
6
230
256
165
25
165
185
146
84
123
242
36
221
93
208
66
41
41
165
90
209
242
209
181
176
90
66
209
25
140
93
208
208
161
204
220
161
208
112
165
205
66
93
140
209
243
164
96
208
66
204
220
164
225
209
10
140
209
213
135
65
29
21
199
84
242
22
66
23
89
1
35
113
218
69
167
58
220
67
84
69
242
167
66
89
181
251
40
233
225
99
240
143
231
144
8
37
59
99
115
79
81
203
41
220
80
12
221
167
69
160
218
194
127
127
127
254
155
167
100
127
148
31
165
251
225
167
229
101
112
10
161
32
193
4
8
76
101
114
84
167
7
36
146
135
129
100
50
36
225
51
64
245
113
240
150
230
186
181
242
139
100
203
203
60
59
98
191
240
144
245
255
126
80
170
183
57
49
150
235
225
143
85
83
150
15
100
145
99
181
164
256
7
145
89
152
153
8
105
95
231
29
185
169
143
121
106
166
172
57
166
26
121
208
236
165
145
212
85
221
144
191
195
85
176
127
186
204
23
99
17
179
176
250
175
177
255
194
50
61
249
29
31
191
40
69
9
129
29
127
50
205
142
175
143
164
238
16
32
41
175
133
177
71
71
220
191
129
236
105
71
17
69
45
121
90
13
12
172
130
20
90
169
157
61
121
174
209
36
29
128
239
86
256
8
82
19
155
172
7
58
250
73
128
89
17
189
204
255
251
29
121
93
155
234
200
145
58
76
213
71
213
132
103
99
132
151
143
152
98
127
225
97
132
154
127
173
85
125
155
95
80
83
132
89
165
93
177
125
57
29
133
175
80
31
109
73
205
53
47
73
157
179
3
157
253
127
246
29
46
221
91
157
93
164
219
27
180
205
123
47
211
220
143
179
58
213
244
203
89
118
145
107
193
139
73
234
71
24
46
181
127
98
148
18
94
218
209
106
210
180
89
109
109
78
146
196
204
20
13
165
113
140
180
122
65
181
173
182
175
181
164
90
29
109
223
129
156
144
182
4
183
13
181
153
101
179
253
29
254
113
248
252
84
106
130
15
17
93
150
71
191
254
240
5
180
99
181
176
180
112
122
58
181
29
179
7
151
138
231
248
254
252
37
181
153
181
231
248
225
194
148
181
47
35
138
205
98
186
159
90
15
104
74
123
253
58
181
29
30
153
160
130
123
242
182
18
123
181
59
98
123
153
248
165
8
6
232
123
104
106
142
146
143
16
44
46
146
99
177
78
13
40
252
91
98
218
216
241
156
248
182
74
246
138
129
183
181
39
85
154
153
205
21
78
176
176
90
99
201
99
216
59
254
239
205
29
106
221
127
183
166
74
20
152
155
125
56
90
148
225
40
194
52
81
123
216
153
34
163
106
148
252
93
153
106
83
252
148
160
196
248
169
165
90
73
14
86
153
148
41
165
225
76
81
144
39
83
101
190
146
4
74
101
31
50
58
191
138
185
224
164
135
74
127
81
21
160
248
208
151
241
242
31
148
254
50
35
131
230
219
8
121
98
181
153
67
248
57
244
101
169
85
157
148
211
121
256
58
244
191
191
59
186
253
47
146
5
200
179
256
75
174
76
14
116
94
138
69
115
205
21
88
219
17
245
246
87
150
87
61
248
107
98
142
214
7
67
146
27
194
99
67
229
191
203
133
76
94
55
246
224
200
121
39
112
221
162
203
250
4
7
160
19
27
148
232
142
25
166
229
229
51
91
58
140
52
121
236
254
21
186
58
22
21
70
151
89
62
66
76
34
186
21
96
94
98
199
191
75
88
83
166
3
94
234
150
66
191
36
153
166
165
10
8
166
212
69
63
162
7
252
148
18
142
115
138
232
108
146
221
82
174
25
91
61
61
64
89
185
130
179
245
47
149
82
81
8
87
202
162
203
170
148
211
104
216
76
111
196
25
94
176
208
39
154
151
47
202
202
205
148
33
227
212
25
245
72
221
59
203
48
92
120
8
211
250
55
250
192
194
94
163
81
227
97
12
120
97
99
107
17
149
157
232
145
5
236
142
201
47
141
137
25
170
88
209
104
217
224
243
231
89
166
133
198
56
212
154
92
144
12
251
179
86
17
78
118
144
243
92
156
5
4
135
193
111
3
150
126
47
89
94
102
223
130
211
17
17
115
198
155
201
186
154
95
39
241
6
195
130
98
126
21
232
109
59
107
115
29
47
256
127
248
222
148
152
188
198
170
129
198
82
10
6
34
39
232
116
141
139
246
14
45
246
200
240
203
29
107
191
29
254
29
107
197
227
72
202
72
19
84
143
126
74
148
109
108
126
222
33
29
84
25
2
178
45
107
213
210
255
245
74
240
198
147
215
220
198
148
151
222
220
236
184
82
190
215
222
178
198
254
224
81
72
44
224
137
29
175
90
250
72
196
3
75
17
42
209
52
149
113
40
61
44
209
118
161
197
242
228
244
63
56
244
202
178
104
177
88
177
247
147
56
159
68
209
25
129
151
29
209
111
43
184
29
232
227
154
64
210
173
213
72
178
76
148
48
218
5
29
232
173
72
246
12
227
155
202
230
159
205
232
209
213
158
72
224
133
63
137
118
56
219
213
16
73
14
253
10
120
157
140
66
183
198
117
125
73
85
202
175
184
148
88
246
192
144
75
241
187
201
72
238
56
213
12
4
254
234
171
193
227
214
68
246
150
56
43
197
60
232
98
144
150
144
25
82
89
193
54
54
146
77
72
163
30
232
43
133
173
173
188
80
215
197
234
202
235
7
43
82
82
224
253
10
254
213
72
129
203
191
200
120
161
146
48
99
72
187
111
201
72
80
253
72
233
120
