69
94
174
35
107
144
11
69
94
94
174
216
174
205
9
216
164
214
129
205
172
142
194
33
164
35
129
33
69
29
89
207
94
94
65
94
108
164
9
199
129
65
146
83
126
119
107
38
252
89
162
162
46
126
121
183
172
198
38
186
126
38
199
180
95
240
168
89
229
240
65
69
59
199
113
203
169
166
240
113
89
61
199
180
17
50
113
169
174
67
121
51
89
240
9
18
142
190
51
108
121
126
96
127
117
57
94
103
107
80
241
136
250
47
17
123
94
18
101
89
169
168
240
113
92
116
126
14
116
84
84
9
168
122
66
160
171
41
195
17
8
217
216
230
121
100
123
33
94
108
14
187
33
172
216
36
31
46
36
57
37
190
115
216
107
35
252
60
167
52
243
216
203
126
57
198
252
97
162
240
59
116
101
236
216
236
116
91
199
116
241
57
40
116
92
249
175
17
174
207
251
60
199
223
123
195
245
116
203
27
83
144
83
126
223
222
236
146
35
190
33
251
229
40
230
98
51
10
13
227
195
28
142
36
88
249
146
214
207
170
46
144
110
92
91
252
10
9
241
236
1
40
93
222
146
174
76
249
162
164
116
120
217
175
199
13
146
8
17
18
64
127
249
46
156
248
72
13
159
110
32
42
172
216
216
130
160
135
130
214
190
57
256
116
111
28
84
116
49
199
168
203
175
2
110
169
116
256
2
214
116
199
101
25
130
217
250
161
237
79
194
149
70
241
130
243
248
87
46
75
174
121
47
42
32
231
3
239
195
250
36
223
146
252
80
96
205
94
248
83
94
174
33
19
252
187
241
230
92
179
217
171
229
64
182
216
222
172
83
123
83
233
167
250
105
182
249
33
179
101
67
126
46
28
144
13
252
93
147
83
116
243
75
70
162
83
103
174
2
122
104
38
103
1
216
238
59
236
104
237
217
205
203
212
35
162
38
88
83
108
245
26
214
175
203
175
3
14
142
146
121
1
249
205
107
34
38
98
213
250
223
203
1
47
248
183
214
5
187
42
183
171
103
120
94
52
5
252
101
182
89
32
193
116
98
46
180
186
1
145
216
114
121
64
109
122
146
30
256
3
41
231
229
217
17
14
76
247
116
180
172
237
236
44
94
112
195
72
249
216
122
235
252
203
40
237
25
248
33
1
186
110
122
130
248
64
76
60
190
144
38
34
245
256
33
116
115
63
249
32
32
34
171
3
98
47
75
104
249
37
10
116
236
169
13
3
179
126
9
3
216
111
32
248
203
20
256
43
190
248
256
19
154
236
80
236
230
238
225
228
110
126
179
118
62
229
49
58
37
72
232
1
120
130
230
123
24
47
5
110
249
189
31
9
66
1
195
203
46
245
237
119
90
256
256
57
256
15
236
248
86
229
83
250
142
245
14
256
37
230
52
256
126
228
48
197
52
98
88
187
193
164
146
14
21
240
134
116
235
21
108
256
50
164
217
126
3
89
126
130
124
103
162
210
142
239
5
169
114
217
228
162
96
94
49
109
126
90
250
167
108
13
15
228
256
63
105
50
52
183
106
15
256
123
101
76
105
238
172
75
138
233
127
236
19
156
22
17
172
140
86
2
121
34
245
194
26
185
63
201
41
201
105
101
236
54
76
248
38
14
223
61
233
78
137
256
58
238
8
103
221
18
248
26
249
121
186
46
248
230
214
244
182
117
228
34
172
146
140
203
28
75
130
78
239
15
201
135
92
231
248
196
93
8
14
238
101
74
196
108
123
86
1
137
240
249
248
190
5
33
114
91
203
211
169
180
236
10
248
19
13
13
222
139
187
135
46
72
229
108
233
248
144
161
216
66
86
237
142
151
252
122
142
13
86
210
120
49
141
186
76
97
89
18
169
45
34
175
17
144
193
61
153
14
109
66
142
220
11
101
88
169
13
34
55
135
141
109
24
39
103
169
33
196
238
13
86
182
32
256
38
116
195
215
54
195
50
14
93
112
156
8
34
45
108
19
175
72
2
49
241
219
18
36
33
95
250
110
228
89
196
161
229
134
214
233
237
37
98
2
2
140
19
42
57
93
114
38
18
233
195
63
11
139
194
2
108
172
250
174
106
197
112
18
207
232
201
76
250
4
22
236
158
250
88
32
32
112
174
78
247
250
196
121
88
159
78
103
169
196
88
175
18
170
256
107
88
34
119
115
52
201
223
80
169
120
13
57
45
30
172
19
164
36
90
3
19
65
232
24
31
165
237
61
16
62
191
106
201
221
82
142
175
228
91
15
30
210
15
32
18
174
45
11
193
188
91
52
166
168
245
76
132
256
229
169
102
65
36
76
122
64
91
154
199
109
155
150
119
64
38
83
248
252
114
169
154
201
54
88
108
238
76
10
140
140
15
91
252
14
83
233
61
103
248
112
245
123
47
25
150
41
25
11
196
153
45
109
175
127
201
147
183
121
45
223
172
187
130
11
144
45
93
45
52
187
228
172
89
223
112
39
14
33
230
60
175
64
173
223
141
179
96
256
160
55
169
236
238
26
52
88
168
247
255
156
175
169
66
204
88
187
114
251
166
33
11
135
98
167
38
69
222
201
203
241
89
160
163
26
175
190
103
103
65
203
96
181
252
109
70
19
212
39
13
204
136
220
49
161
248
146
108
156
144
28
65
1
38
93
248
169
40
238
17
44
78
109
190
255
81
201
174
156
173
201
210
54
108
195
139
34
236
132
70
238
97
88
172
120
33
157
248
203
34
73
14
15
253
109
34
195
41
110
42
252
115
69
57
17
144
73
227
166
65
165
94
155
3
158
189
201
28
65
231
185
252
10
174
211
201
198
228
96
4
242
59
120
13
135
89
156
193
88
1
230
59
78
119
32
17
225
244
147
256
156
16
104
192
108
128
238
46
203
134
63
97
130
229
202
247
41
201
110
168
242
134
109
248
13
25
180
107
22
32
22
190
30
69
236
169
180
166
91
97
96
128
190
132
195
201
35
90
245
238
222
132
238
151
176
166
167
49
201
61
31
202
253
196
72
244
2
132
170
45
169
74
12
150
149
160
237
11
188
108
190
67
139
242
198
180
134
72
49
252
10
181
117
231
40
154
89
10
194
65
138
84
5
180
49
76
5
38
158
209
61
130
65
150
105
109
65
34
130
89
18
83
78
104
76
67
180
54
88
90
83
130
166
190
238
256
255
11
130
229
212
215
238
39
5
122
120
61
136
15
65
88
31
86
172
77
160
175
238
88
244
35
247
137
163
65
28
111
201
215
219
168
183
237
75
52
214
168
81
130
201
256
128
26
231
196
21
98
165
58
88
238
178
252
164
74
195
229
233
86
28
214
240
37
170
194
93
64
202
220
3
111
221
134
137
219
5
83
240
170
127
144
35
31
130
116
134
67
14
100
229
19
10
253
63
16
236
91
169
75
170
171
222
196
229
88
109
21
195
61
39
18
19
130
49
196
96
14
105
12
36
182
223
11
233
49
249
108
252
181
91
73
109
183
214
79
247
30
60
89
239
97
64
137
49
96
63
168
236
109
170
61
46
38
108
16
235
17
241
144
130
96
169
183
108
153
231
70
69
76
121
5
72
170
171
212
226
108
96
238
25
96
196
156
240
100
90
236
149
65
19
88
167
10
123
196
190
153
221
9
129
73
132
139
252
88
11
41
46
252
170
61
253
248
30
126
27
237
91
24
242
147
227
130
120
212
239
52
250
170
201
129
3
88
194
39
161
205
8
241
122
236
158
130
78
164
237
29
64
58
87
183
164
5
103
107
91
64
21
167
15
237
190
36
61
83
37
10
86
108
196
108
239
241
154
221
57
102
237
221
247
163
235
65
250
10
131
109
83
117
96
39
252
107
149
236
110
229
35
132
196
2
144
36
78
10
109
166
170
179
126
31
238
90
58
86
156
91
19
121
210
75
42
15
61
107
252
64
34
121
106
65
134
91
89
73
87
27
32
61
196
17
229
237
203
116
83
33
221
115
27
64
78
166
35
151
166
83
229
109
158
242
243
58
64
10
61
35
121
52
115
78
195
19
109
183
223
114
223
14
253
129
150
253
236
223
81
121
64
252
201
10
144
237
127
196
184
169
56
223
186
221
17
132
46
103
61
110
64
152
111
86
74
2
64
19
46
2
185
118
219
214
69
222
16
6
72
76
248
183
217
14
157
236
100
27
187
75
81
2
15
114
82
76
8
83
74
189
253
53
96
55
46
103
225
34
130
83
182
19
19
170
175
256
83
31
11
201
219
253
36
224
27
201
221
132
242
88
17
61
20
134
196
135
108
237
253
48
136
190
96
183
30
25
196
136
26
10
255
18
2
2
64
32
251
10
182
73
34
28
230
44
191
226
43
166
139
175
103
83
32
158
221
18
195
69
9
229
54
132
10
101
130
37
253
123
31
40
132
256
79
229
121
190
223
221
149
52
219
207
2
57
196
59
237
88
223
78
252
235
144
172
100
56
13
74
73
180
10
96
199
201
139
105
99
79
8
153
256
101
224
14
190
91
196
103
83
229
37
112
190
13
132
252
195
13
172
109
130
238
219
10
241
238
201
83
141
111
134
33
139
237
60
185
147
199
212
61
125
103
8
221
219
169
190
223
51
166
43
102
94
147
229
64
219
35
237
235
103
34
14
114
223
30
47
221
35
38
57
83
38
83
172
54
5
226
185
48
205
114
31
195
121
11
5
253
204
149
169
45
147
61
35
49
158
95
253
103
61
180
149
169
73
54
61
61
88
238
111
89
99
226
49
199
65
132
25
196
131
78
69
206
91
89
14
20
186
14
238
244
17
186
186
34
104
14
236
229
60
96
210
19
227
83
99
106
226
219
126
236
242
104
88
242
94
25
8
212
166
52
205
197
74
186
114
221
32
18
125
91
196
61
221
192
33
31
246
104
29
44
229
205
31
61
34
190
69
3
86
210
189
144
134
175
52
134
219
231
237
10
43
25
34
189
12
130
256
121
104
142
91
5
242
247
144
196
128
103
10
218
61
219
138
251
103
212
21
40
2
103
13
3
231
137
61
34
61
18
79
221
251
81
64
253
39
256
34
61
109
8
201
169
35
88
174
60
251
83
253
219
241
102
116
89
3
147
38
180
34
238
37
150
147
10
204
159
58
31
213
83
34
119
236
61
132
91
22
107
14
91
112
83
213
52
220
167
39
83
106
96
125
213
130
247
253
5
253
24
221
96
125
64
221
83
104
174
10
199
83
108
204
238
206
54
81
52
96
57
76
194
128
189
31
201
129
156
61
102
31
242
199
105
37
159
81
171
252
64
173
226
39
190
245
247
169
43
212
106
199
219
10
30
236
31
169
22
34
25
192
69
216
61
104
60
214
107
64
158
237
34
81
132
34
236
119
223
62
190
13
64
244
147
35
61
221
221
186
8
41
194
241
105
248
35
105
56
219
70
156
106
120
201
110
8
202
236
221
214
160
11
170
90
134
132
61
256
89
35
102
221
8
19
130
31
237
76
123
45
52
10
176
250
255
34
213
163
238
251
91
189
61
31
250
242
12
43
119
214
13
170
111
26
76
205
25
113
64
131
98
34
8
218
40
113
69
152
61
43
139
247
36
125
186
244
23
23
189
255
240
13
26
200
44
66
255
23
23
