75
123
123
209
251
92
231
18
51
18
251
166
51
7
75
62
209
209
123
62
222
180
242
18
209
18
242
180
62
180
251
65
251
127
65
165
180
222
225
62
147
165
177
6
133
74
225
65
180
239
188
65
251
153
92
153
153
230
110
63
225
65
165
96
251
251
180
251
54
123
197
251
92
74
239
123
12
16
90
191
16
95
126
251
251
251
127
37
115
58
4
251
92
87
74
132
194
173
92
152
125
234
37
208
126
153
16
96
143
12
194
251
119
147
254
212
143
143
84
143
251
172
92
113
253
126
153
176
251
256
156
20
126
188
166
254
76
251
208
251
121
45
74
177
50
253
166
156
153
20
123
239
126
200
85
254
234
225
256
20
95
37
126
71
175
256
175
75
200
184
253
208
189
239
140
176
220
16
222
51
176
200
113
37
175
54
98
200
16
173
175
54
188
200
140
140
54
169
156
92
125
153
17
185
99
126
164
16
71
239
102
222
236
12
73
16
240
71
175
200
89
225
102
147
85
236
125
225
65
92
194
37
40
183
177
86
194
254
140
140
74
243
225
59
161
243
188
200
156
222
194
74
74
5
185
225
54
54
144
92
141
74
48
191
182
51
228
225
58
51
98
32
142
20
5
5
92
177
200
200
243
141
125
140
156
140
6
254
126
254
200
71
125
92
155
239
175
200
177
243
182
234
225
32
251
177
54
149
175
54
17
16
206
169
58
31
200
92
123
254
152
239
215
222
131
32
87
244
152
108
231
173
54
126
16
97
74
54
88
67
151
200
182
118
152
141
177
239
54
62
152
176
188
239
177
54
133
59
63
128
177
140
54
24
191
141
239
133
141
54
141
141
119
36
243
176
111
54
254
207
54
22
128
254
191
3
234
200
40
3
55
191
15
120
110
227
200
54
152
200
54
92
92
3
222
222
200
133
32
92
54
177
71
156
23
152
113
98
185
200
173
1
120
125
55
16
239
54
92
191
141
74
141
254
148
92
75
54
141
187
218
209
20
161
200
177
118
40
185
16
148
32
68
224
254
171
118
163
206
200
133
74
71
85
107
107
92
200
25
102
153
182
151
175
234
200
151
254
126
156
188
155
160
152
75
173
23
254
29
24
241
244
85
200
23
23
209
20
62
92
47
219
152
7
54
74
215
41
146
81
208
107
156
141
200
133
140
68
23
23
218
101
223
98
93
200
242
23
99
209
64
156
92
23
183
191
213
118
23
202
118
92
224
12
76
21
118
155
4
207
37
252
252
148
201
208
89
173
55
21
72
148
108
183
121
107
5
41
7
148
205
215
156
102
64
64
254
196
99
251
99
183
92
164
255
32
254
255
111
155
200
92
92
196
72
108
7
156
142
141
89
96
237
62
156
32
142
238
54
92
200
152
153
113
71
148
155
229
8
228
70
148
12
184
254
183
186
172
185
26
163
187
215
227
218
190
132
152
253
23
23
213
26
93
145
40
121
140
228
188
7
193
213
112
32
54
43
200
23
75
200
12
96
86
251
191
252
64
14
148
18
40
40
7
3
23
242
16
244
98
41
200
254
13
5
89
241
185
76
90
152
163
32
23
153
159
68
5
45
152
163
23
188
56
74
189
63
42
200
140
158
23
175
72
220
151
229
228
60
92
171
81
44
87
99
74
54
222
132
156
119
235
130
57
87
145
180
171
53
153
64
153
72
149
152
72
153
116
248
23
176
31
118
124
236
254
200
175
182
72
156
67
23
92
200
47
34
81
132
190
170
144
96
180
155
87
42
148
224
32
111
23
7
44
202
102
200
229
200
90
108
183
92
81
220
187
159
228
148
235
235
56
23
5
96
11
122
62
92
22
74
54
187
142
153
182
69
108
10
249
52
254
125
235
220
238
32
178
96
72
27
224
72
238
13
169
19
9
141
74
140
43
50
91
215
55
13
163
93
8
72
215
92
127
54
24
163
228
242
242
84
125
23
170
93
4
28
212
254
222
39
76
132
159
79
242
29
164
210
200
72
60
153
125
96
252
254
45
41
248
108
64
224
4
87
155
74
153
107
72
20
72
133
105
25
75
256
248
8
204
212
218
118
206
246
57
23
148
215
218
9
138
78
180
242
24
203
191
225
232
39
190
228
88
81
142
181
118
254
188
94
222
155
170
159
161
13
140
237
156
178
72
179
71
106
111
254
181
109
219
204
222
23
184
73
229
230
132
23
118
148
200
23
135
32
23
12
16
94
7
133
163
32
215
44
235
230
32
200
62
174
151
101
220
96
184
203
113
20
55
91
180
133
26
249
243
58
74
163
241
74
187
81
201
89
185
200
81
183
102
120
222
235
212
92
133
72
22
41
173
71
128
241
181
62
50
99
62
13
118
101
188
23
158
89
144
81
92
246
47
216
203
99
201
222
200
92
99
197
170
254
220
9
201
148
62
203
102
88
72
128
185
10
73
173
12
194
30
235
38
235
106
62
120
55
34
171
229
62
98
82
64
116
23
154
101
182
75
160
87
107
74
23
23
222
188
237
167
122
9
175
196
50
130
163
88
38
31
33
6
23
253
209
148
145
212
4
252
183
246
132
13
72
181
102
181
155
228
119
34
156
215
9
102
207
181
116
153
239
240
248
246
141
219
218
159
132
193
228
235
76
181
102
125
65
111
250
254
75
68
38
248
194
91
116
34
16
183
5
163
188
175
1
31
227
148
180
249
34
20
175
188
88
180
71
75
249
29
199
139
148
169
23
184
32
182
163
122
72
92
95
151
182
181
102
126
12
211
75
130
189
149
78
228
235
155
76
133
52
23
92
182
63
219
187
101
28
182
200
20
74
242
155
181
133
9
120
109
232
102
21
23
156
103
183
201
236
215
23
5
5
38
129
188
169
113
99
211
19
149
79
235
64
23
124
123
242
96
236
213
244
236
234
36
28
181
244
154
29
145
76
64
222
189
144
228
61
119
115
136
169
15
200
184
246
108
181
154
222
109
16
246
81
206
182
96
188
95
158
15
225
68
72
78
112
239
222
188
222
161
142
116
104
187
254
254
232
108
5
165
26
34
219
72
15
29
69
229
246
170
62
22
68
4
82
158
250
4
87
229
71
141
67
144
22
4
126
6
88
103
208
246
188
96
78
229
68
182
79
102
232
227
109
23
200
151
175
242
23
246
169
188
41
145
89
203
164
79
89
64
188
187
238
236
254
184
88
16
37
222
188
187
224
177
230
227
23
24
119
177
62
254
200
71
190
224
35
34
23
160
254
3
254
207
222
93
239
222
204
133
248
234
247
151
173
145
38
144
47
187
224
102
170
34
111
216
229
192
98
236
95
122
227
235
130
14
31
61
188
182
231
246
62
72
109
69
200
26
227
237
24
230
183
182
101
132
68
40
222
219
102
88
254
134
175
25
188
8
140
178
205
156
122
222
118
193
245
109
222
219
23
200
2
133
116
128
234
136
15
232
37
249
161
79
191
229
95
61
253
203
246
82
37
244
62
101
47
225
14
142
107
227
110
47
185
222
92
47
132
6
118
121
170
222
201
69
254
221
158
43
188
158
212
118
180
200
88
34
196
222
118
200
62
74
181
185
180
11
232
15
231
132
169
224
144
70
252
122
56
186
89
227
22
4
218
238
110
254
173
113
109
254
230
254
170
170
162
88
192
156
119
141
189
197
180
96
82
13
68
218
247
214
89
180
20
122
137
1
200
24
188
12
102
252
61
254
242
75
126
138
208
6
134
163
237
176
240
2
61
145
45
76
224
68
222
227
223
2
92
75
8
118
72
82
254
250
113
29
50
65
23
118
229
108
82
103
173
236
212
228
189
39
188
133
79
222
242
181
217
205
138
125
242
240
108
23
222
226
18
136
46
132
234
58
88
125
183
231
170
200
90
200
109
75
27
116
133
156
154
164
69
53
136
61
124
205
184
208
133
101
155
183
182
78
222
120
109
76
186
254
78
255
62
170
47
250
4
254
229
90
96
184
154
65
61
8
175
15
254
177
224
13
227
242
3
246
222
191
157
163
181
109
90
234
144
87
108
156
224
20
248
188
228
227
20
134
11
183
56
93
236
152
182
20
47
40
5
142
241
224
119
102
182
92
41
180
118
43
248
188
188
241
242
68
224
169
136
228
95
219
236
148
22
224
20
248
63
222
213
200
20
5
254
205
46
5
47
222
154
217
201
73
46
78
74
97
72
30
180
24
119
114
65
47
159
238
90
122
254
144
155
181
200
201
188
246
68
254
198
99
81
173
188
101
237
23
200
236
248
78
198
145
41
238
200
68
252
185
116
229
34
170
156
103
22
108
152
132
57
149
159
136
108
134
216
185
59
92
220
56
118
173
193
89
120
198
102
96
96
43
132
144
115
118
101
21
230
92
229
171
152
68
38
222
198
200
229
97
77
246
32
4
78
197
89
112
151
188
16
153
244
137
76
121
236
97
255
189
192
236
125
185
36
50
115
254
224
50
254
188
68
198
92
68
188
54
11
63
106
120
188
68
103
47
4
158
6
118
68
209
122
197
220
63
68
68
198
213
242
213
4
21
92
68
36
228
254
152
248
158
125
224
254
31
254
182
188
107
78
79
78
213
122
224
53
152
25
125
254
125
219
68
119
125
201
68
254
152
197
224
200
72
234
82
224
213
68
248
92
200
