31
208
51
208
208
146
208
67
199
181
166
199
199
143
87
199
143
51
143
129
181
94
94
174
244
244
251
51
174
243
67
67
94
118
51
243
243
36
47
141
154
94
135
47
141
47
198
243
154
94
243
243
165
212
122
67
212
135
94
154
47
135
94
122
94
94
122
47
141
122
49
216
94
129
199
122
129
47
94
199
154
216
122
135
51
94
135
8
154
94
51
129
231
122
154
94
138
94
121
130
198
229
79
51
194
136
154
66
51
182
99
113
128
122
127
127
143
111
128
172
69
187
229
67
138
194
104
71
126
220
154
69
141
231
216
194
126
8
174
88
18
154
250
239
254
143
16
143
3
251
123
8
61
199
51
31
69
229
59
251
123
31
133
146
199
8
126
16
96
127
51
18
96
185
90
18
18
196
69
69
16
61
51
18
251
69
143
186
18
254
239
111
199
18
254
96
61
18
194
18
250
126
61
251
94
244
113
160
51
40
51
51
94
244
47
204
200
25
127
26
69
185
222
61
51
108
8
222
218
18
81
156
51
181
242
127
51
16
160
144
67
47
62
108
79
112
222
8
127
175
127
220
194
254
156
106
220
62
106
106
96
18
213
252
94
22
126
8
51
242
222
130
126
19
126
18
136
165
123
186
160
216
204
16
251
106
165
137
238
123
121
98
75
199
130
220
110
108
104
18
127
126
220
51
239
79
98
18
123
231
109
221
3
12
8
22
244
244
50
175
251
110
106
12
225
8
8
177
225
162
109
4
91
127
18
25
18
200
35
239
79
98
123
199
55
252
18
106
47
119
67
239
120
254
212
18
136
251
177
34
151
7
175
24
18
91
77
124
132
28
132
251
89
204
126
19
12
209
89
169
137
18
253
224
250
141
38
132
6
98
172
114
180
121
114
25
198
216
200
98
22
133
84
151
50
18
151
17
50
61
36
151
229
59
173
71
98
77
209
151
246
112
160
84
232
151
24
152
89
141
212
50
50
16
251
225
176
135
118
238
98
118
209
255
47
18
50
251
50
160
151
253
95
231
221
44
160
218
143
143
112
200
251
199
209
98
72
12
125
200
138
232
145
115
126
98
99
62
163
218
86
209
192
17
165
6
232
165
160
71
165
200
18
221
198
161
224
26
254
200
205
14
172
131
61
47
64
90
90
160
106
200
132
194
255
151
36
207
199
30
253
235
200
160
20
235
253
253
62
145
151
98
156
194
155
89
62
125
202
232
154
172
77
221
67
119
98
224
47
174
160
160
221
213
202
104
89
89
89
72
81
199
156
104
151
30
151
112
62
62
44
175
234
136
147
204
220
136
118
50
45
61
64
115
156
126
81
254
135
229
81
228
75
213
197
98
62
18
3
19
89
231
61
145
207
200
251
228
135
156
143
104
146
255
253
61
154
225
84
189
78
198
12
253
213
91
52
194
151
175
114
114
155
224
20
239
136
164
200
132
57
22
115
47
200
36
145
229
12
46
89
135
255
229
200
216
152
62
64
244
71
185
43
154
254
72
177
89
213
114
114
112
223
245
89
81
19
201
45
61
254
99
132
34
29
89
115
245
107
253
124
9
200
193
173
131
62
225
200
22
204
152
254
200
213
253
72
200
218
155
191
19
197
202
246
12
254
11
254
86
197
200
