84
166
80
29
186
162
194
80
205
59
80
95
121
232
191
59
59
186
146
95
80
80
112
115
59
7
208
55
95
185
211
144
55
186
59
166
166
132
74
230
59
231
146
186
52
88
88
162
80
164
249
29
213
185
179
202
146
35
164
179
84
179
29
80
249
136
179
179
32
179
155
242
146
166
77
239
58
251
179
179
179
179
132
55
166
179
55
179
31
25
179
208
26
179
55
55
162
32
47
179
132
138
29
144
252
52
179
166
166
186
165
214
42
73
52
239
164
118
179
117
252
77
195
59
179
73
256
55
131
249
131
165
144
179
41
84
185
80
179
55
55
27
232
73
179
161
179
214
179
186
94
94
86
186
42
31
164
25
39
179
184
52
115
95
203
240
7
230
39
30
166
55
86
27
114
144
179
179
132
225
84
157
252
115
230
192
109
140
186
115
52
73
27
27
205
91
202
138
239
166
74
84
41
170
109
31
10
7
214
159
207
91
84
113
57
42
199
81
161
73
117
128
146
94
143
166
143
27
84
140
205
128
208
114
35
73
115
26
232
191
59
209
12
256
171
45
115
85
186
185
39
209
95
26
55
146
205
150
191
132
84
104
205
208
84
209
96
135
81
146
146
31
208
31
162
56
191
132
207
118
31
207
64
104
195
73
237
207
26
107
153
186
31
146
29
209
115
144
157
80
39
51
209
102
208
21
191
230
226
185
91
255
203
32
207
245
56
24
186
55
157
191
113
62
192
166
84
132
150
21
207
62
52
195
40
114
50
224
124
85
100
79
21
181
27
117
48
212
230
74
256
213
94
7
80
208
207
179
72
191
129
185
197
17
54
115
166
67
26
202
213
206
54
225
181
66
56
162
135
123
31
94
91
94
207
213
9
230
76
191
191
106
129
114
114
225
183
207
191
202
136
66
179
95
39
191
150
130
74
39
91
91
56
66
204
207
84
217
94
162
191
10
162
191
102
191
115
104
204
215
26
161
256
47
219
139
33
66
207
208
21
94
182
230
17
17
191
85
199
202
44
213
114
202
204
129
24
179
218
14
188
191
51
191
139
142
174
44
153
66
213
148
207
17
208
206
114
84
55
47
72
153
153
191
33
129
206
191
40
26
207
184
159
199
95
191
80
120
163
231
179
202
184
161
23
168
18
233
206
7
225
249
141
148
133
33
100
92
133
11
22
133
176
204
76
218
191
117
251
199
214
73
72
202
76
216
148
216
95
206
15
184
197
48
150
182
216
231
176
31
176
81
28
233
118
227
185
9
131
197
65
209
119
104
176
155
136
130
208
117
81
162
15
139
31
10
126
197
126
52
231
53
155
72
255
120
205
113
33
255
91
121
246
104
231
136
202
202
213
127
256
213
20
155
133
197
140
44
218
233
147
137
205
163
114
174
203
202
246
91
72
134
195
104
199
40
180
254
128
231
119
26
199
178
131
72
137
162
162
215
215
191
254
202
25
197
53
84
84
143
202
135
31
115
77
94
161
91
52
166
117
157
80
181
223
143
204
31
133
207
232
69
239
143
146
125
91
104
120
103
213
191
72
117
207
159
191
125
90
4
90
199
100
80
24
141
121
90
72
125
133
186
226
186
229
39
7
207
133
210
218
191
139
157
202
240
176
87
58
229
197
202
256
197
141
49
205
4
233
221
72
24
73
20
72
197
129
253
116
203
152
197
139
139
53
186
213
120
154
139
210
161
152
247
78
169
200
152
166
7
221
7
186
186
186
64
92
92
104
139
210
7
252
210
70
80
139
80
186
210
230
255
225
63
72
80
239
216
135
176
13
23
139
80
52
121
107
