205
7
221
194
146
48
205
19
205
31
81
73
73
25
81
107
81
25
31
113
146
138
138
138
138
107
182
166
138
166
80
182
128
197
59
176
166
7
166
84
12
25
31
80
81
166
184
184
97
55
184
118
141
141
23
96
181
181
51
59
141
170
31
81
246
246
81
165
141
131
184
165
244
59
141
38
235
208
208
208
18
59
140
38
63
106
193
37
123
40
171
88
170
37
235
97
37
48
176
131
37
40
18
37
176
104
165
40
217
162
21
40
146
191
21
95
190
164
40
18
55
235
190
245
114
195
114
202
86
73
36
7
256
83
36
171
118
88
28
208
222
1
176
170
87
75
49
106
95
7
88
17
75
7
212
14
28
208
177
59
230
212
35
28
17
1
17
121
211
146
249
75
37
18
121
166
245
37
126
209
25
143
208
21
105
206
211
3
75
36
209
65
87
206
180
126
208
95
28
90
209
90
171
135
208
169
108
75
68
211
113
36
253
36
101
58
73
252
151
150
245
177
245
165
27
35
65
150
87
35
229
217
206
180
245
41
246
154
98
207
211
186
191
253
245
144
107
3
175
65
99
158
65
206
96
191
98
96
245
211
211
209
194
103
154
249
14
141
35
229
248
87
186
211
113
203
241
138
35
231
39
71
184
206
196
153
212
194
41
184
117
30
203
169
186
156
46
211
15
98
184
169
35
244
80
124
49
41
76
186
71
103
211
165
62
122
171
90
245
253
98
195
35
156
5
169
39
243
62
252
231
35
253
186
169
150
98
11
169
119
3
172
216
169
35
203
227
245
117
3
169
231
33
37
188
11
245
35
245
256
228
245
254
160
3
169
68
35
238
93
18
220
188
245
248
83
181
170
211
83
87
150
207
35
245
83
249
210
214
128
49
68
167
209
146
3
195
115
201
113
95
137
5
130
62
35
38
244
150
90
71
169
28
122
35
27
245
19
243
216
244
249
160
35
49
169
35
256
166
35
169
206
203
37
65
28
169
206
220
137
137
83
116
169
180
195
35
176
83
6
186
8
214
169
245
83
97
248
54
180
35
21
169
184
205
89
35
35
121
217
83
195
191
35
36
35
229
37
169
14
31
150
169
35
113
186
150
28
80
169
113
121
169
208
35
35
159
169
132
144
4
65
98
28
245
43
252
101
83
134
16
169
151
107
21
254
203
184
89
101
41
35
137
35
237
124
113
238
70
90
186
180
206
157
79
89
256
65
193
186
3
65
107
36
186
243
113
180
14
37
90
245
256
141
147
209
113
166
36
169
169
6
89
170
152
171
83
229
169
246
116
187
116
43
35
156
113
169
229
156
37
65
150
186
147
47
180
6
245
240
35
127
130
11
70
83
205
42
113
150
141
113
153
65
43
199
245
152
193
21
245
147
113
65
186
113
160
144
65
116
156
195
107
240
246
245
234
118
4
201
245
204
127
187
35
193
169
119
97
194
77
58
80
88
237
244
205
137
170
198
21
35
166
245
35
3
98
141
87
231
21
14
223
31
36
29
65
184
143
147
237
193
71
198
208
171
68
238
125
123
141
4
169
15
246
37
4
11
193
43
136
170
36
104
203
245
39
90
98
80
113
179
252
35
49
39
140
141
128
245
253
143
26
126
5
37
28
176
212
156
37
90
51
156
143
71
222
37
17
4
18
11
208
137
246
224
71
180
144
107
156
5
171
17
245
156
59
9
174
199
65
144
162
123
208
68
208
69
38
204
70
130
169
156
114
216
182
89
160
198
156
246
89
203
130
88
101
123
41
206
227
143
83
156
119
245
174
23
196
206
11
171
70
150
206
161
200
92
246
8
54
197
246
153
206
121
114
253
93
168
188
119
217
18
65
212
40
68
30
80
121
246
224
80
30
80
216
180
245
184
156
217
114
203
241
4
234
246
152
166
184
43
114
246
141
68
131
68
246
65
246
198
144
216
234
119
246
201
170
126
174
12
