166
177
7
209
217
205
209
113
194
166
144
236
208
58
177
205
166
88
7
229
208
89
51
52
7
74
253
113
47
231
205
208
97
253
208
7
7
27
128
26
84
67
63
85
205
31
154
90
107
186
178
59
217
36
75
209
97
52
195
67
183
128
256
231
62
112
244
97
144
166
50
75
7
136
16
41
52
128
128
128
239
128
85
62
208
130
188
194
8
147
195
85
95
42
128
230
222
88
230
36
223
210
90
206
31
203
172
108
84
184
256
231
203
208
130
27
208
172
67
65
183
256
140
61
121
204
132
142
231
30
122
128
115
30
119
221
239
40
130
71
126
194
234
230
107
30
135
40
36
88
244
240
209
71
71
239
144
140
75
203
237
147
21
1
164
149
166
140
14
107
51
97
203
139
239
7
108
185
61
148
88
88
20
138
203
59
136
83
113
200
52
184
75
31
218
228
143
81
160
113
230
17
194
138
231
195
193
121
146
203
144
16
205
249
151
33
29
174
239
205
58
127
234
127
25
26
200
97
107
160
108
13
16
135
240
14
95
107
67
51
59
121
87
112
71
239
249
113
194
89
89
249
65
20
205
61
82
97
199
195
88
136
75
18
130
224
209
83
87
230
235
131
101
112
62
221
88
214
244
32
190
125
249
229
89
165
151
185
249
40
61
231
56
101
128
128
172
65
83
160
63
254
40
16
160
165
89
169
3
185
206
249
160
150
126
253
17
241
206
143
160
50
148
97
195
170
110
136
249
148
107
230
17
192
253
127
121
71
97
5
125
55
16
85
256
249
56
166
231
102
194
144
162
234
221
217
203
2
61
228
97
49
2
231
107
231
136
31
148
220
195
184
83
229
32
144
183
106
107
59
225
49
88
131
89
157
7
195
31
110
162
80
237
36
157
107
166
142
144
190
241
102
244
244
129
153
183
97
142
136
17
93
98
83
194
151
172
52
25
71
28
179
127
200
132
180
184
98
128
107
98
241
41
203
132
241
178
181
46
21
130
208
24
229
121
151
2
50
150
234
55
165
110
243
209
150
78
50
24
102
20
253
194
205
185
182
131
253
150
121
56
71
40
142
144
88
87
98
139
83
228
40
62
176
195
172
156
242
82
214
18
25
231
36
19
130
253
8
220
251
195
212
65
65
61
151
235
209
185
74
35
1
249
96
242
125
240
234
2
37
21
80
20
187
185
55
5
55
205
62
190
73
170
240
113
226
56
148
35
98
231
81
239
65
200
81
42
121
90
160
44
30
108
33
3
62
221
62
8
18
127
253
81
245
245
73
254
175
176
21
178
241
71
32
156
74
25
148
231
194
172
18
239
244
171
190
17
71
160
203
133
240
160
21
148
240
209
231
195
66
185
62
191
16
18
151
19
152
71
166
143
116
177
243
139
69
44
232
41
62
21
234
91
90
98
31
65
160
107
194
80
106
245
142
176
75
17
243
68
5
132
20
20
203
144
188
103
120
188
96
176
135
120
24
245
228
240
62
84
148
10
120
224
180
120
65
24
84
148
194
241
79
221
138
125
41
75
125
81
234
130
25
135
241
183
231
201
205
88
65
71
224
191
195
150
243
196
125
16
28
148
25
221
125
179
175
179
245
240
119
203
151
41
55
14
1
253
28
98
117
186
24
78
222
230
94
135
250
45
185
231
156
234
179
33
172
42
14
87
191
130
80
1
153
54
234
132
150
220
132
112
228
36
196
171
17
87
194
62
30
17
225
113
141
94
221
65
21
231
52
2
50
217
119
146
206
136
80
39
107
36
241
224
203
204
191
203
17
229
217
107
152
191
89
141
63
1
206
201
59
92
185
113
171
11
5
178
244
249
28
251
201
148
165
200
156
118
170
128
160
55
65
138
46
96
62
143
139
182
178
241
55
96
50
101
194
178
21
166
188
176
58
83
165
184
83
112
88
74
172
231
95
165
211
146
241
10
62
170
205
39
65
24
5
195
20
121
7
182
107
167
135
228
124
240
117
107
228
32
241
36
171
1
43
253
144
107
103
35
107
87
109
34
90
35
130
87
167
115
166
90
34
215
236
249
71
142
125
161
178
7
21
194
88
205
144
222
143
160
241
67
229
50
108
144
35
99
254
97
157
65
144
150
241
133
207
125
50
99
20
90
73
107
178
169
142
203
125
31
54
10
37
119
243
143
152
241
148
157
49
151
58
138
254
40
194
26
170
107
40
3
138
18
232
164
41
135
107
180
90
169
172
121
241
205
8
178
107
185
14
194
152
36
240
107
185
29
148
248
170
132
15
49
87
172
46
82
148
172
55
102
233
101
104
223
58
50
35
116
81
211
119
160
35
152
171
22
125
95
21
113
212
151
254
24
78
69
113
110
140
74
116
186
50
31
16
115
241
121
148
140
122
125
97
112
252
230
50
244
135
206
69
125
207
205
65
107
223
152
22
134
202
87
204
254
191
203
160
183
113
151
194
75
21
3
11
34
254
208
206
253
222
46
101
189
182
80
205
92
30
238
256
95
43
152
72
180
36
86
109
50
132
222
186
205
172
225
81
118
98
207
89
20
22
162
113
112
243
225
125
186
95
189
147
79
162
61
34
223
121
220
81
164
55
55
243
143
30
79
17
148
33
152
185
10
185
20
233
207
137
181
68
254
244
252
221
21
254
34
84
11
49
34
175
256
45
92
93
152
45
211
50
211
79
224
213
113
34
90
88
140
45
1
190
224
55
157
223
20
97
200
79
12
110
62
52
73
21
58
109
130
67
10
176
19
113
101
74
90
26
88
143
3
256
89
215
188
167
233
124
132
130
9
222
144
205
164
103
211
159
126
49
121
165
229
136
219
17
160
18
37
241
185
250
79
94
113
8
191
254
144
113
128
219
14
169
59
223
36
22
182
21
91
125
170
94
9
220
50
207
42
74
77
237
35
141
250
188
75
140
46
33
41
186
240
117
4
170
185
229
254
186
40
68
185
176
179
67
121
203
65
151
70
164
136
160
220
68
191
132
201
221
118
42
206
148
68
104
151
6
133
130
67
194
144
34
65
21
46
52
20
219
251
116
234
50
63
33
120
240
31
224
89
169
254
249
253
195
23
229
68
188
121
203
50
152
112
69
28
188
113
170
89
36
142
215
31
50
220
241
11
205
232
104
205
132
67
241
45
144
64
171
203
9
69
21
89
215
170
9
84
101
113
125
82
180
73
151
68
2
164
171
125
117
65
92
223
163
31
221
39
185
176
89
79
248
144
20
23
22
161
177
32
23
256
96
192
117
169
152
81
171
215
169
208
71
245
55
92
142
142
24
200
155
200
87
99
36
72
200
95
89
21
248
182
36
118
92
72
28
135
152
204
151
241
83
65
223
160
235
21
140
232
98
10
30
245
4
181
113
152
144
68
68
58
9
136
160
178
107
20
4
88
246
97
20
121
164
144
170
240
188
254
77
191
190
49
22
45
38
196
188
4
240
74
1
165
221
45
117
115
60
92
240
203
254
109
21
55
120
170
199
45
184
75
200
92
97
57
146
125
62
75
254
108
94
71
36
208
36
117
21
141
115
94
157
151
203
29
25
208
135
55
61
90
191
184
189
230
194
235
205
23
251
84
245
242
58
28
125
73
81
241
140
251
1
220
186
192
4
229
200
113
65
153
144
140
83
223
82
94
206
146
67
94
72
221
141
119
101
160
211
92
30
5
99
118
248
61
246
246
160
231
11
167
171
249
49
235
11
22
34
161
53
71
209
56
256
62
82
20
216
94
146
25
152
71
65
182
186
193
178
22
74
1
166
125
241
144
113
173
224
3
152
132
62
38
222
239
69
5
68
99
205
27
254
10
209
119
184
169
252
151
206
253
9
221
77
108
64
112
20
109
178
38
129
98
9
82
203
205
82
23
120
241
94
94
191
6
41
82
108
115
69
12
188
203
229
3
200
42
181
64
191
58
82
53
61
118
123
136
5
116
29
134
113
117
44
20
151
7
54
127
45
215
44
12
25
142
221
24
254
246
20
96
130
89
206
78
240
25
180
119
244
173
241
152
45
17
200
133
46
235
31
20
106
86
125
35
230
142
118
196
234
96
36
221
12
238
173
192
89
19
58
73
49
159
187
19
78
244
221
29
20
118
78
34
157
254
191
144
161
150
76
89
23
40
175
152
254
200
233
152
153
200
44
46
4
113
176
184
109
112
153
10
17
251
230
8
218
212
125
199
125
10
241
9
191
237
104
219
173
101
133
4
191
253
212
119
223
176
135
232
241
224
13
203
135
227
247
180
78
88
221
124
173
57
254
80
213
218
213
187
81
173
156
201
213
77
133
169
200
254
82
53
65
23
206
204
242
156
254
108
140
140
103
144
119
144
45
247
50
36
145
89
25
13
249
64
247
190
121
94
185
78
77
152
121
183
85
254
224
144
184
36
15
49
90
78
234
234
94
89
152
212
3
245
144
151
82
254
254
141
161
11
119
234
129
22
79
152
142
117
161
31
193
99
149
161
26
242
152
99
26
125
198
200
75
169
42
94
48
163
163
73
82
256
85
255
11
191
171
8
22
65
9
78
70
200
246
45
24
254
72
6
175
103
181
34
25
45
40
89
61
149
56
89
144
112
157
125
161
254
161
89
9
166
163
191
56
107
88
254
149
4
182
4
141
191
35
173
92
136
133
159
35
169
200
156
105
16
173
218
138
224
99
152
133
254
8
156
85
65
79
235
56
116
232
107
25
120
214
144
247
200
170
127
80
128
94
133
138
6
20
103
152
21
104
13
20
78
237
197
20
4
236
161
254
45
200
48
240
203
200
22
112
42
53
171
41
254
156
60
144
82
191
169
188
171
68
82
2
116
182
20
76
53
200
45
8
55
254
43
185
41
22
41
197
188
104
41
159
151
182
107
89
49
254
224
138
136
188
133
252
244
170
102
200
159
254
254
173
45
221
4
215
203
40
246
48
253
145
88
120
109
60
81
244
60
156
203
4
20
78
224
238
11
113
215
43
135
88
104
48
189
88
89
207
7
23
75
235
198
246
198
53
119
56
182
56
38
4
125
189
164
19
133
152
159
234
232
138
237
119
10
5
155
161
75
190
175
122
88
62
28
170
169
78
125
68
124
2
78
107
68
240
212
244
82
21
41
19
90
240
78
244
159
89
57
232
232
82
121
201
23
82
161
20
191
170
108
191
191
200
96
173
232
8
108
34
191
150
133
60
130
201
213
152
149
82
72
197
