183
183
88
183
88
209
95
209
209
184
209
184
64
177
209
54
249
54
50
50
118
111
50
208
208
175
208
111
208
111
208
249
235
175
76
111
175
54
249
65
250
149
65
184
63
235
208
111
97
3
208
238
13
16
184
149
64
111
250
87
250
78
208
220
63
183
220
111
88
3
183
183
76
235
250
228
111
184
248
64
222
82
123
16
223
175
33
174
13
175
123
174
105
172
59
3
13
154
166
181
114
244
129
250
20
183
7
223
94
229
123
168
222
122
181
123
136
187
187
105
7
194
54
240
63
97
203
191
104
238
122
3
59
40
68
105
238
231
28
217
62
181
59
229
64
217
191
156
152
238
100
183
191
250
100
87
183
172
172
175
241
130
253
39
66
96
29
220
3
29
121
222
37
103
40
91
122
181
225
63
166
31
168
47
13
186
129
63
152
141
231
63
60
88
16
181
29
145
3
1
253
183
199
94
220
141
16
194
222
37
130
214
220
168
220
223
108
59
150
76
76
95
201
97
122
193
68
63
79
138
154
122
170
165
229
101
248
122
190
229
63
172
172
91
117
25
175
34
219
37
75
149
208
186
38
75
222
112
123
154
126
14
187
122
168
75
223
238
122
117
18
95
94
37
147
3
35
38
107
222
240
102
75
145
158
97
68
244
252
168
154
121
123
237
60
41
63
9
220
9
237
18
76
139
28
130
140
68
89
163
49
164
9
87
207
207
244
116
182
222
122
122
37
190
164
141
104
11
37
152
63
95
240
19
181
3
37
94
224
97
29
37
184
253
145
140
37
135
87
68
181
182
37
181
37
54
212
172
9
99
28
154
135
37
180
212
149
90
145
151
95
46
190
229
154
252
94
238
94
73
79
121
207
60
252
25
138
244
210
35
132
71
67
231
94
154
116
9
6
220
60
37
213
103
240
241
248
113
151
240
17
81
175
139
158
182
154
222
85
41
28
221
183
38
221
21
168
245
68
122
90
248
138
94
172
122
220
69
152
252
203
100
184
183
168
154
83
89
238
57
182
41
141
42
54
94
111
65
114
139
226
248
244
181
111
6
199
174
40
166
3
151
34
166
207
37
129
67
88
246
198
229
241
103
220
198
169
6
238
65
54
248
116
90
115
75
175
228
154
194
125
182
93
198
85
166
63
248
198
25
37
32
38
253
216
187
62
122
122
38
27
41
199
216
198
126
85
216
216
222
108
185
168
181
251
68
111
227
106
200
195
94
9
244
222
37
206
121
182
90
111
6
190
99
4
35
109
85
97
38
139
200
