59
59
59
46
141
150
150
46
74
59
253
225
185
65
211
191
211
252
248
50
118
164
29
248
130
87
164
252
211
89
193
244
87
84
211
179
59
171
101
142
179
188
7
109
105
191
179
84
91
95
125
31
52
40
244
38
134
21
25
248
140
144
240
142
139
233
233
164
102
40
7
84
138
210
29
87
103
24
229
202
153
26
7
61
32
147
68
253
136
104
89
248
80
27
229
236
59
52
252
110
154
140
206
241
121
247
59
233
95
84
81
59
179
144
162
205
194
153
203
35
26
52
232
191
139
65
7
217
222
132
84
233
25
210
63
46
214
84
10
146
10
109
59
42
191
39
25
116
248
102
138
33
251
179
229
13
42
46
166
179
181
65
29
50
119
210
135
241
181
253
248
221
188
119
42
52
199
42
205
52
24
37
164
7
164
164
154
7
117
169
216
162
182
24
13
7
179
39
254
13
87
36
84
236
221
179
191
125
244
103
166
146
157
191
41
21
74
84
7
49
102
152
147
164
43
39
91
144
13
46
52
21
7
25
181
59
205
142
46
52
41
139
91
58
24
24
81
234
58
205
191
138
121
21
65
169
93
240
52
46
164
46
221
36
233
27
8
41
33
80
36
119
29
26
217
206
164
108
139
164
58
179
169
106
3
28
221
200
169
191
119
170
233
241
79
203
202
20
93
191
130
182
91
29
84
24
13
79
181
230
58
229
164
7
30
76
10
210
3
108
28
38
248
42
3
36
145
153
256
210
93
50
29
24
58
46
195
152
248
42
205
52
73
162
43
46
29
3
45
179
65
29
36
221
135
169
180
183
187
251
91
74
1
164
7
91
180
205
153
86
230
210
107
88
166
191
79
58
139
180
248
116
45
88
36
139
52
179
103
205
162
107
29
65
187
164
52
135
248
210
58
54
252
19
170
204
230
91
110
152
74
252
180
236
55
139
135
107
244
179
256
195
144
203
91
180
110
37
86
180
202
248
215
202
28
115
145
65
201
91
236
123
140
222
86
191
25
230
234
20
125
195
55
191
222
187
250
24
233
65
156
52
169
132
138
14
179
135
170
119
174
256
74
157
111
117
38
187
110
187
176
203
195
91
84
242
169
45
65
139
66
26
190
191
31
195
110
204
232
28
84
187
84
73
52
121
13
150
119
184
37
248
41
116
132
215
180
84
4
248
119
115
108
94
213
28
166
54
205
255
201
202
252
230
88
215
91
135
223
29
115
147
213
215
164
38
237
84
116
190
94
19
108
162
54
32
230
91
164
187
41
193
210
187
142
179
203
139
134
164
83
197
108
152
232
110
179
26
215
139
179
170
91
250
134
55
147
179
213
139
204
123
28
174
72
84
37
213
200
210
24
241
214
168
134
155
230
109
90
115
132
213
86
49
213
214
103
74
21
48
56
143
91
179
37
193
45
238
205
32
253
107
139
244
157
210
213
44
104
73
135
202
170
206
213
29
38
210
163
139
59
134
223
11
134
55
58
1
214
135
95
66
5
238
157
139
13
45
183
167
213
38
148
88
200
56
28
210
5
153
206
216
17
230
216
213
236
198
172
210
42
237
157
62
65
73
33
88
87
91
183
17
17
56
39
139
139
210
11
216
95
205
2
91
13
44
213
84
213
168
44
55
214
63
253
42
215
134
214
192
115
55
63
255
15
213
213
255
13
153
55
66
57
249
15
216
29
79
249
196
233
139
233
153
120
253
63
140
210
95
1
87
234
57
62
110
42
11
220
210
196
210
134
72
204
232
117
230
105
42
213
1
109
62
131
182
153
134
49
193
227
102
146
195
52
233
158
63
100
15
148
120
253
117
183
100
50
107
91
109
117
178
110
139
57
29
210
180
100
168
245
139
158
125
12
49
103
107
241
238
238
101
38
15
189
139
189
193
157
189
12
