80
73
80
29
191
191
191
170
231
164
29
176
88
176
231
166
176
29
73
231
29
170
77
73
176
176
249
59
176
110
253
230
42
142
230
170
74
176
123
164
125
125
33
164
205
71
28
230
29
59
74
18
110
256
217
231
251
33
7
59
249
33
135
89
230
87
205
102
18
123
179
205
167
242
206
59
18
164
160
195
73
130
120
161
166
166
242
179
214
21
253
84
146
2
164
191
211
71
121
204
33
74
146
55
100
240
146
135
53
65
132
191
219
43
205
43
33
208
130
98
249
21
121
120
21
130
100
231
252
186
30
242
120
65
240
141
100
176
204
135
249
131
211
2
249
136
11
11
37
130
181
55
162
184
211
248
195
1
146
176
66
249
84
50
39
75
195
249
112
84
115
100
120
233
136
71
242
231
245
55
112
29
21
59
248
240
201
59
195
253
204
162
8
42
55
121
115
128
245
43
33
84
240
243
137
21
162
21
205
88
253
128
5
84
249
100
146
180
147
249
195
55
186
199
143
7
36
33
162
249
211
230
91
95
236
33
58
84
116
84
125
146
253
16
55
131
233
252
252
66
182
50
112
131
44
253
141
217
59
146
195
203
162
105
223
84
146
115
146
176
146
162
8
88
1
29
245
16
249
252
238
65
89
256
109
128
249
91
89
70
66
33
3
162
179
84
73
115
1
29
249
141
256
195
176
11
166
83
206
55
1
136
29
231
249
204
179
191
235
117
49
75
150
162
138
231
33
24
203
29
22
194
113
29
159
25
194
121
252
89
228
59
32
256
235
230
33
49
146
194
230
91
89
1
15
33
211
35
195
176
215
249
223
73
158
192
101
31
94
230
230
187
3
22
21
22
10
135
3
131
146
136
52
84
33
13
115
116
244
55
203
215
230
27
186
170
75
210
221
33
158
7
214
249
221
52
6
162
146
231
211
21
136
31
75
50
121
225
132
169
169
105
33
236
146
33
95
231
89
33
187
13
130
39
39
1
84
55
13
161
55
55
230
73
96
89
240
49
170
214
65
115
252
33
84
39
231
138
29
146
89
13
159
211
25
223
131
84
252
28
170
49
236
236
10
21
183
144
52
64
97
256
146
89
157
162
170
98
35
167
131
194
164
131
240
150
95
146
84
115
109
105
89
194
8
14
252
66
146
96
115
140
135
84
43
144
137
33
49
146
49
230
60
110
199
162
153
256
62
35
33
82
215
52
241
25
146
253
162
84
25
256
166
223
235
117
29
67
115
230
226
219
192
170
150
55
32
147
240
31
187
31
65
139
2
8
93
84
176
203
171
3
194
194
108
211
47
201
118
86
250
132
93
112
110
8
187
15
150
150
160
201
77
29
176
62
29
84
169
170
190
172
84
256
230
176
39
32
252
155
253
124
158
193
227
164
227
78
50
121
29
138
52
103
137
21
36
78
115
41
140
32
217
124
142
36
214
190
123
96
256
19
198
182
114
73
157
77
12
222
249
169
11
131
169
67
172
29
250
213
162
214
118
139
185
251
222
151
252
77
187
142
43
132
256
74
158
93
30
235
81
100
84
231
176
97
250
186
199
38
63
108
38
221
196
11
26
162
91
39
82
222
32
236
132
19
117
211
25
95
144
146
240
11
114
105
73
198
110
62
59
100
77
131
16
82
38
230
133
62
19
194
216
63
202
10
158
41
162
95
64
3
235
100
78
226
74
190
208
110
31
220
138
3
150
252
120
50
114
101
38
230
110
42
216
137
146
211
117
35
121
17
91
180
66
124
150
61
75
230
128
77
88
75
210
187
44
256
126
210
169
86
100
55
49
214
184
89
179
214
250
58
209
211
75
49
98
162
195
121
182
116
248
165
78
60
3
230
96
53
61
230
158
88
211
91
170
159
52
43
150
128
91
55
181
65
117
49
33
244
62
116
115
84
142
250
214
32
52
144
230
103
110
74
158
176
138
224
121
193
143
185
87
69
157
159
65
248
237
212
186
87
157
229
89
21
75
103
78
87
29
69
247
140
157
61
230
199
60
53
249
150
144
138
249
230
206
219
222
253
115
135
29
170
193
228
40
105
31
124
222
230
117
114
190
93
45
120
91
66
184
122
61
194
110
222
237
247
83
9
166
199
53
47
150
203
53
165
164
65
132
66
157
91
109
84
241
154
95
47
138
29
213
39
237
63
26
174
13
21
139
53
78
197
38
224
178
105
230
115
249
91
162
89
157
96
8
114
75
256
256
121
170
11
256
251
215
165
2
46
133
21
176
11
66
252
248
199
102
84
169
220
13
101
83
57
208
53
138
182
91
134
252
140
32
164
237
53
194
25
83
25
49
193
34
210
138
164
206
249
33
154
204
11
61
147
10
69
157
226
38
199
9
135
67
69
89
112
256
213
91
167
205
178
139
235
199
35
30
220
165
54
255
91
19
214
19
214
60
8
161
13
209
252
52
60
91
202
256
82
78
89
121
180
210
91
250
162
131
43
249
222
39
19
25
53
115
8
87
256
11
204
133
204
89
77
26
205
162
150
252
63
213
203
52
121
134
86
52
9
26
78
121
42
124
215
170
245
49
92
9
89
160
22
228
36
232
115
52
211
82
205
182
179
104
10
139
182
100
91
52
138
164
216
230
199
208
13
115
252
144
144
32
22
78
17
66
116
222
75
146
110
9
140
110
214
230
29
230
230
145
162
26
55
117
55
105
182
62
174
173
115
204
106
161
66
249
25
25
17
66
204
227
190
168
168
237
249
74
168
145
93
27
63
170
214
13
72
42
66
150
122
172
97
174
75
214
252
205
190
55
164
213
178
98
185
232
124
150
226
237
216
150
214
216
230
159
21
138
9
91
121
115
43
42
78
42
162
249
77
256
105
53
65
121
27
167
249
214
222
202
49
220
199
179
53
237
17
86
172
91
242
186
190
11
63
168
11
136
211
120
127
230
136
99
162
117
49
32
115
132
157
42
157
170
209
74
48
104
251
9
77
9
154
222
115
161
249
232
202
178
230
244
121
230
168
167
84
45
115
249
91
253
235
150
186
45
207
19
11
33
162
222
154
153
89
157
89
98
97
222
133
213
73
159
153
73
115
32
87
170
115
235
87
128
208
252
179
164
159
89
249
89
91
120
52
73
204
202
252
55
10
230
157
129
149
75
144
160
99
32
88
88
149
240
74
173
154
139
13
91
218
169
157
59
253
249
139
232
89
179
135
128
157
159
199
190
27
9
252
214
55
82
53
19
149
252
242
255
200
169
56
163
189
230
99
193
198
250
169
53
193
215
169
121
249
29
78
67
250
44
255
179
157
214
157
2
55
211
91
186
163
36
204
36
252
200
36
230
26
168
169
96
19
91
22
110
252
48
70
230
221
49
66
57
157
210
219
89
201
8
199
240
163
157
48
120
213
115
57
48
139
19
56
240
176
53
170
155
35
198
247
255
190
48
29
48
142
255
102
52
134
142
62
178
214
48
152
