146
162
162
87
87
80
84
166
87
80
33
87
176
84
203
146
146
7
59
80
7
205
40
55
40
222
80
95
84
162
222
206
40
80
80
222
138
80
140
140
176
33
66
206
176
140
138
236
66
74
21
7
166
182
135
36
135
165
206
116
84
176
54
162
95
146
7
150
251
167
167
80
166
162
205
150
42
146
165
59
225
205
167
205
191
93
205
54
150
212
80
40
194
166
185
144
182
171
205
40
194
162
113
169
80
7
84
117
196
240
196
95
176
191
167
212
256
239
144
166
27
47
236
135
125
86
88
170
66
37
125
234
108
78
144
182
80
205
196
229
205
40
170
212
233
9
82
146
80
73
167
82
168
239
171
80
174
82
219
40
58
82
169
82
40
82
21
191
93
82
73
10
40
88
205
82
81
21
178
82
191
8
88
80
113
24
24
24
233
43
29
84
58
177
59
40
231
31
58
82
82
37
82
207
7
167
231
82
59
7
60
152
58
91
87
206
42
150
17
162
237
230
231
59
85
50
211
150
239
159
59
82
58
83
60
40
178
82
146
231
21
231
230
254
7
110
58
29
166
50
113
128
21
21
17
52
178
72
7
135
40
73
40
203
123
176
191
162
176
256
186
176
203
21
84
80
207
167
50
176
42
231
84
80
59
256
165
2
80
39
202
210
233
191
21
210
165
124
213
23
85
84
136
165
167
209
72
256
72
73
52
72
146
180
85
39
218
166
52
52
55
218
77
52
58
215
52
88
55
88
99
202
184
55
95
230
58
170
86
224
49
230
229
84
88
60
202
133
97
78
71
22
133
133
105
117
132
145
209
172
78
151
133
205
133
232
138
220
217
107
69
189
228
220
133
133
97
82
82
99
82
133
88
86
209
88
133
178
202
82
202
228
97
133
45
97
97
232
202
152
82
228
211
13
228
29
164
191
29
235
235
82
202
77
228
131
164
164
65
45
256
178
84
53
45
184
217
157
133
186
133
116
72
82
39
82
59
136
228
133
202
95
191
152
133
23
125
23
58
72
15
180
40
170
