95
113
95
40
193
113
14
193
97
14
95
193
29
71
170
136
29
209
14
138
97
75
138
97
75
249
136
14
138
147
136
97
138
136
214
138
94
184
75
214
44
184
172
184
249
138
221
242
231
140
55
167
207
213
140
38
214
208
161
55
62
155
38
7
140
7
136
17
242
231
214
155
123
247
216
45
52
182
140
40
17
62
217
7
155
155
123
161
26
51
213
211
45
217
231
17
221
197
40
161
99
153
94
73
26
122
9
7
26
17
26
17
73
97
3
197
188
143
63
3
140
208
33
94
3
211
45
208
94
149
13
115
216
153
2
2
37
63
218
197
184
27
117
17
30
37
184
208
14
117
45
245
97
137
26
213
73
251
183
2
104
18
217
197
232
122
251
251
245
25
50
17
117
60
137
60
3
22
108
155
183
132
213
28
3
18
216
184
120
197
50
7
216
25
251
232
50
155
155
139
26
251
168
132
3
159
123
243
94
232
171
93
26
62
25
26
192
153
243
67
255
18
180
120
148
51
45
172
60
51
148
3
205
51
183
110
113
242
45
153
60
148
48
57
26
122
68
28
219
137
42
240
148
117
68
8
214
57
39
216
53
139
213
100
3
42
33
164
155
78
20
197
148
159
255
42
148
39
26
148
163
239
189
58
191
99
118
48
100
148
9
232
60
219
90
255
148
155
34
42
218
118
118
140
232
216
58
14
104
163
70
141
18
213
183
84
18
115
216
105
51
210
210
72
126
218
44
179
42
24
43
218
53
79
19
226
210
163
39
118
197
191
164
163
232
232
48
210
72
72
226
161
81
229
36
58
36
117
51
45
51
197
45
34
117
210
125
83
180
68
90
191
145
4
34
74
158
48
140
117
36
64
22
48
24
2
24
191
250
15
43
246
181
36
222
19
191
34
183
246
207
24
232
145
110
210
156
20
110
68
254
99
130
79
255
183
181
129
241
46
18
181
92
216
187
232
48
181
125
4
60
185
24
181
198
26
20
163
11
61
232
2
38
9
171
216
224
130
130
42
232
4
183
43
217
44
104
9
156
4
210
31
154
25
255
210
156
232
197
21
172
14
224
36
143
101
14
218
92
26
81
226
218
130
168
132
6
116
68
130
227
255
248
79
211
210
21
83
247
255
247
107
113
255
210
60
72
125
23
100
23
255
2
193
200
