83
88
236
105
8
129
88
162
240
45
32
114
222
162
242
97
89
140
242
51
74
11
162
108
170
230
105
42
90
206
105
169
147
121
64
5
110
153
10
28
222
206
106
242
129
14
96
8
26
206
55
128
112
209
106
230
138
28
129
55
123
128
136
127
129
70
249
211
105
153
3
214
128
242
150
165
242
26
180
242
61
183
237
137
110
105
62
171
222
128
241
206
128
49
145
50
214
42
196
212
105
220
97
220
246
174
26
214
3
211
96
83
91
136
96
73
150
3
238
129
173
223
190
92
50
135
83
54
3
35
26
3
185
98
225
21
15
96
3
51
26
55
250
96
169
219
208
171
25
150
250
84
96
172
74
55
202
211
81
117
212
61
172
253
91
130
14
156
145
26
96
150
96
218
31
28
111
22
26
87
192
223
206
194
108
222
145
178
87
242
68
69
61
91
89
147
150
64
81
16
181
21
117
150
76
22
15
3
49
144
253
112
156
105
80
202
163
14
196
39
217
76
160
123
206
32
147
156
49
176
105
50
83
110
181
155
144
98
130
244
179
56
125
52
98
51
51
35
211
110
104
176
129
91
212
95
25
76
96
56
91
206
42
69
77
160
231
93
138
122
22
222
74
70
245
96
245
14
36
96
14
74
208
182
181
122
14
107
151
39
143
147
58
236
81
241
105
139
97
122
122
39
107
220
83
127
46
3
83
39
64
196
32
137
9
255
160
8
74
178
25
222
58
212
127
240
83
98
122
172
94
103
239
94
181
8
6
206
105
153
206
175
1
192
160
105
3
3
116
37
221
106
14
119
117
151
105
181
181
17
34
17
2
236
105
200
91
219
129
127
75
153
250
211
17
61
96
64
129
3
51
207
256
147
96
129
138
170
78
176
104
126
105
87
105
120
13
105
15
237
226
188
197
117
231
208
2
86
120
36
117
32
212
198
34
83
198
122
244
75
133
129
64
172
6
95
116
105
253
212
6
34
129
147
2
94
75
75
112
79
217
148
212
143
197
34
12
132
39
153
252
98
223
117
92
131
98
61
105
124
237
176
196
154
122
34
181
29
100
117
105
238
28
101
62
144
9
141
43
16
212
41
120
26
141
207
73
70
21
117
117
34
250
117
8
159
224
160
64
32
184
214
83
67
129
56
245
67
146
147
115
39
15
79
221
79
107
176
137
46
14
215
63
150
174
66
35
95
79
146
221
15
243
103
101
89
88
42
249
101
150
217
154
51
184
83
256
98
74
214
235
79
94
94
251
98
116
219
144
148
30
226
64
226
237
102
238
25
253
250
16
12
153
94
118
108
39
121
12
144
66
24
212
244
17
17
227
200
197
101
221
130
101
51
39
32
165
67
249
200
143
11
79
90
26
178
64
38
127
199
136
254
251
16
99
175
154
12
99
144
210
101
175
145
14
117
251
22
244
9
102
215
81
25
51
18
184
240
185
174
220
112
232
118
46
168
63
70
90
243
147
203
227
133
69
117
120
142
120
146
9
31
67
9
116
158
169
170
159
130
19
22
163
141
220
50
132
219
243
194
183
251
85
248
127
189
122
136
234
32
61
214
151
61
248
91
30
182
79
44
9
178
19
224
102
250
79
83
5
117
57
126
144
61
231
167
99
250
175
175
137
233
251
9
54
248
163
215
107
6
26
177
151
79
116
118
134
175
247
254
246
141
126
19
144
94
215
169
46
172
69
188
222
222
234
151
38
141
192
129
174
232
174
199
179
160
136
72
112
6
132
256
9
64
12
203
133
135
136
12
126
40
52
156
15
127
167
125
163
194
55
240
127
42
72
115
76
202
176
133
79
225
124
242
254
116
23
105
44
86
191
201
199
15
23
114
146
13
158
176
10
16
130
44
190
160
208
151
222
189
12
65
56
32
120
151
161
46
248
208
126
14
222
123
70
70
139
54
222
106
159
163
115
171
154
120
115
224
233
70
190
160
91
116
70
94
133
170
166
52
254
70
228
38
241
64
28
227
85
72
51
248
170
248
203
190
142
83
136
54
237
237
158
172
253
35
33
103
196
151
163
107
46
163
248
163
71
146
171
132
12
176
75
232
235
90
23
133
169
77
14
130
74
112
116
31
237
54
241
192
193
34
116
112
143
155
135
78
163
222
180
47
163
112
196
33
163
91
220
88
132
234
12
25
200
54
144
185
15
253
166
169
206
123
172
235
155
250
52
169
46
172
204
109
184
172
163
189
238
31
77
203
163
210
200
27
238
176
238
35
226
256
70
140
132
84
107
23
194
167
4
12
8
205
77
137
169
256
157
169
163
144
84
140
236
10
256
116
168
197
201
51
128
246
36
11
70
84
169
83
116
158
242
131
169
31
149
214
227
228
15
161
222
106
6
129
189
19
84
132
65
170
207
163
142
13
111
83
250
238
124
241
253
170
248
45
169
114
74
35
137
23
132
95
142
88
131
10
94
23
34
80
108
10
189
89
169
77
35
127
44
162
253
77
241
210
170
203
117
43
120
33
63
180
202
124
65
163
235
15
34
79
235
238
161
189
150
146
12
171
197
103
32
90
146
115
70
224
166
119
88
120
97
107
72
11
169
93
192
224
163
72
215
238
43
240
171
163
12
196
64
13
207
252
192
73
46
111
201
169
48
184
170
37
224
101
116
12
163
203
114
35
99
92
222
11
142
190
148
253
251
114
46
119
116
35
175
132
256
132
158
15
10
241
163
207
117
43
252
169
240
149
137
124
182
183
175
242
83
96
240
166
212
163
31
124
110
231
184
70
111
25
248
95
240
30
207
3
108
10
35
201
114
98
112
113
38
137
170
139
82
117
189
88
169
153
201
35
70
35
63
179
167
142
218
192
163
175
22
19
34
56
58
130
2
41
168
124
124
152
236
88
70
190
64
97
155
30
10
55
137
22
48
93
3
20
22
16
23
117
34
152
93
23
13
205
195
58
189
207
137
35
190
169
38
137
196
249
76
194
176
116
77
171
170
27
13
61
242
163
65
132
94
203
98
75
184
186
158
146
95
113
195
197
149
203
53
224
252
13
35
256
197
8
170
252
164
163
116
218
172
169
256
180
44
122
31
158
116
133
163
229
103
163
201
97
237
128
171
171
179
223
163
158
238
219
89
34
115
91
35
72
120
158
130
23
201
94
175
89
35
238
176
112
219
202
10
253
84
161
121
157
88
91
255
139
27
197
256
228
54
34
116
207
19
99
55
10
133
163
163
180
6
86
88
114
124
163
224
117
169
230
186
17
252
9
116
35
171
163
124
12
158
73
194
169
116
248
207
53
175
136
116
163
242
137
55
101
228
224
158
197
124
116
65
163
61
163
213
210
163
72
242
203
124
64
31
65
218
76
91
63
124
210
34
187
13
14
11
159
214
160
96
16
35
169
86
111
197
233
142
52
94
94
170
89
124
23
232
117
200
108
34
133
41
252
25
168
232
171
168
112
168
242
229
35
163
229
88
175
88
223
38
171
3
163
149
200
156
65
5
77
158
236
218
197
256
13
207
139
218
53
117
103
1
238
144
13
236
28
48
201
116
124
124
99
13
121
65
3
116
67
197
34
134
195
255
37
197
127
96
48
131
21
76
79
88
11
218
124
142
90
163
163
163
115
10
77
77
69
48
100
201
91
242
117
159
101
48
61
64
25
130
37
255
96
65
63
48
104
247
37
232
253
91
163
88
163
22
10
222
10
12
118
116
116
218
203
171
197
161
135
247
34
87
8
79
2
242
43
218
102
163
163
221
163
76
158
48
19
256
203
16
163
63
44
23
213
48
169
170
35
1
61
94
148
228
76
103
106
179
215
40
145
45
14
201
193
236
236
136
163
64
72
10
218
255
179
175
163
232
142
52
148
70
147
88
159
193
26
148
91
94
34
15
148
153
4
142
34
20
149
207
35
223
163
163
133
213
148
179
99
35
163
44
169
148
