28
67
138
138
113
244
192
138
143
66
194
47
212
143
192
146
143
128
192
143
128
128
47
47
171
47
107
113
58
40
146
116
165
84
212
138
66
192
61
170
192
217
47
118
97
217
128
14
97
33
97
40
66
38
84
75
164
47
97
6
156
61
192
147
206
113
208
58
142
126
156
107
212
16
105
6
138
91
151
147
37
21
9
126
6
16
118
112
106
46
62
42
127
237
111
97
14
14
248
54
192
58
118
97
248
1
160
140
121
123
166
230
123
22
180
245
17
23
67
50
6
87
54
50
232
177
250
51
193
234
175
17
125
114
123
217
185
114
47
71
17
82
182
123
80
62
226
23
217
156
138
118
62
50
243
180
162
146
118
14
132
118
193
175
174
67
244
162
205
244
243
62
62
23
78
217
89
21
160
129
111
237
80
143
235
88
77
46
248
250
230
3
178
151
72
2
226
185
217
82
50
17
140
136
234
205
156
235
132
17
77
173
62
25
217
160
162
62
119
23
71
228
101
2
243
30
2
129
130
217
62
217
140
125
226
178
250
251
37
178
178
171
23
178
136
119
62
17
241
51
178
228
215
30
51
181
129
235
118
122
84
160
192
220
160
216
128
51
249
25
206
66
156
119
96
217
209
25
89
125
217
191
217
3
235
241
129
141
100
8
189
106
50
51
40
37
248
30
235
140
178
141
37
178
132
44
123
118
54
77
37
23
85
148
37
125
189
191
102
66
37
194
234
160
77
205
73
10
37
130
65
134
215
95
50
71
134
10
128
196
85
8
13
250
37
168
191
134
37
129
226
47
141
172
151
16
6
82
118
124
10
224
50
28
191
249
156
156
226
156
18
8
242
137
119
34
122
50
147
226
139
256
242
23
243
129
197
243
243
9
108
252
246
233
242
15
248
43
216
86
154
129
160
62
77
83
92
216
129
217
156
86
243
149
6
224
94
175
185
61
34
248
122
106
44
141
22
252
243
130
249
174
131
172
156
141
118
69
237
246
50
54
135
69
56
199
237
20
225
36
9
94
118
122
163
152
248
9
163
13
218
34
61
34
148
46
224
87
212
38
174
47
17
172
145
37
73
185
222
77
244
6
182
143
94
152
77
77
56
62
143
199
129
105
9
82
165
143
46
189
160
37
129
125
51
49
172
17
67
67
198
47
122
213
194
56
28
44
12
189
242
94
94
174
118
141
244
9
10
39
143
163
99
192
47
27
131
167
29
150
246
124
17
9
143
240
61
44
23
50
238
243
239
128
111
37
94
119
43
159
5
99
94
9
204
189
135
64
174
94
220
226
150
15
85
77
72
120
239
235
6
204
174
207
119
77
120
35
156
9
151
47
92
141
148
1
148
118
153
41
119
172
178
86
51
204
243
162
207
207
82
211
224
148
62
214
9
78
154
86
28
191
234
247
206
9
16
173
226
145
62
13
216
194
248
151
23
199
28
6
92
163
157
92
77
22
9
162
246
11
159
148
31
9
116
246
148
207
15
148
14
66
50
141
148
102
204
207
246
216
125
122
20
141
116
207
128
38
160
104
216
94
7
198
217
119
215
33
92
41
148
85
181
129
34
222
138
176
153
157
202
138
53
156
40
157
163
97
41
246
131
44
246
53
50
229
128
26
157
118
97
183
204
198
220
45
207
60
171
85
198
174
168
135
82
108
116
163
141
42
228
6
124
204
151
145
10
199
2
53
15
175
142
225
136
52
14
141
235
83
141
100
47
62
250
250
15
9
255
135
163
232
235
240
142
247
124
72
197
250
199
225
62
35
236
159
182
229
229
231
246
28
203
148
163
95
247
124
252
142
250
28
163
176
52
128
238
141
119
35
225
2
79
21
116
45
159
204
172
99
178
241
204
228
26
189
23
166
247
10
224
244
32
86
88
131
138
17
228
197
117
56
74
3
227
204
142
256
41
42
248
34
125
159
248
83
79
178
250
214
182
203
185
117
201
27
216
148
3
141
77
254
213
194
3
148
228
163
248
108
157
120
197
157
45
197
26
163
163
28
148
12
85
163
10
140
47
173
136
150
110
254
224
82
115
53
238
131
140
72
234
163
109
133
10
114
163
23
90
175
45
44
2
157
197
184
33
218
126
107
235
45
42
86
77
133
163
141
35
141
19
60
117
88
77
145
56
163
141
136
96
78
159
85
124
5
218
218
72
29
235
59
163
197
192
41
148
248
159
77
190
29
78
254
34
77
133
88
61
235
219
45
215
33
60
173
208
234
43
56
116
256
45
163
191
214
95
218
41
29
159
214
158
236
53
134
47
12
82
117
114
190
178
5
248
72
89
55
120
205
88
236
159
117
2
90
75
121
215
163
77
184
126
4
246
133
232
163
201
145
248
95
53
228
158
197
157
163
163
45
214
159
76
163
63
156
55
133
217
23
61
169
64
140
235
163
217
124
5
178
88
108
124
232
23
111
180
91
188
142
118
73
13
89
5
85
133
163
82
155
157
50
163
159
215
47
48
133
135
113
112
226
45
4
157
120
49
185
248
135
232
201
34
157
23
163
202
133
159
187
247
22
229
26
248
133
45
142
72
159
186
23
157
155
163
159
213
163
