80
80
146
146
80
199
80
33
186
191
80
80
135
40
166
191
243
7
7
231
165
80
231
150
107
182
165
186
21
80
146
138
208
7
165
165
121
182
166
7
7
146
243
182
146
80
146
251
136
162
231
95
98
186
150
75
231
162
67
191
121
253
209
166
38
21
95
15
178
165
165
75
209
21
66
66
136
24
136
80
87
228
165
75
162
174
67
75
136
236
204
251
67
75
162
80
80
15
112
114
195
77
256
132
51
21
28
194
22
95
62
235
75
195
74
14
182
164
80
189
165
166
118
144
1
132
165
225
136
118
144
38
194
206
37
166
245
64
191
75
135
182
118
136
202
231
136
165
190
57
95
235
132
114
121
97
234
163
174
80
112
165
112
17
245
217
245
245
112
71
217
154
33
209
191
75
98
209
231
186
242
209
174
206
221
2
245
239
209
98
7
242
136
100
225
182
7
107
22
112
7
209
135
112
51
191
127
253
188
159
165
59
253
209
182
182
195
59
227
130
122
78
251
122
59
48
71
118
82
84
43
182
48
206
17
219
165
122
107
251
71
182
118
249
65
221
165
182
71
27
74
202
7
82
181
112
166
246
113
231
122
89
107
136
221
7
215
112
8
88
25
185
191
181
191
141
136
198
141
127
191
141
179
182
27
123
122
20
11
71
158
221
89
198
230
164
202
181
40
88
82
8
228
194
64
112
27
113
193
180
66
247
80
222
118
17
67
224
191
231
89
42
244
143
89
74
42
150
94
50
114
182
4
245
170
118
121
77
35
168
89
88
222
215
203
88
228
36
94
198
144
185
143
77
208
55
231
96
67
191
117
73
109
17
234
36
83
244
222
17
75
105
21
84
246
182
40
231
88
17
182
231
88
203
88
244
191
208
8
182
74
82
212
234
146
150
138
88
119
11
9
36
21
58
159
146
232
89
224
211
5
109
150
132
113
49
166
206
224
7
211
182
167
198
138
185
88
103
210
104
8
195
54
21
65
164
65
21
231
215
3
155
153
173
171
191
67
185
20
33
180
171
107
138
131
187
176
107
97
80
244
121
21
92
109
244
205
59
247
173
99
107
78
1
102
21
93
200
1
82
216
173
19
123
239
53
6
59
216
22
1
118
224
119
173
65
83
82
207
198
150
224
107
199
188
244
14
4
88
246
102
34
37
203
82
139
236
66
64
88
