147
28
143
143
92
94
128
211
128
143
128
245
58
65
143
92
243
18
147
65
128
28
128
147
65
36
172
147
81
251
58
172
38
93
154
147
108
90
147
17
36
2
220
5
231
211
189
90
217
17
147
206
126
90
80
92
126
251
212
203
17
190
154
98
198
17
81
246
25
126
123
5
171
32
206
141
212
245
11
4
65
92
21
144
33
174
65
123
126
206
126
217
126
217
148
81
126
49
126
61
126
44
160
126
216
153
215
256
160
86
28
246
253
25
4
253
234
125
92
231
202
126
212
123
28
203
148
190
126
9
217
47
148
125
147
68
231
242
232
220
123
256
222
220
172
242
61
234
125
215
5
123
78
109
30
247
34
126
148
229
238
143
17
190
256
31
45
242
81
86
92
50
184
238
34
242
242
126
126
246
177
56
45
126
51
86
72
197
51
242
23
129
242
147
16
45
21
111
115
118
126
64
160
5
174
84
141
16
120
47
111
51
17
61
200
51
16
64
173
140
4
125
47
125
84
16
177
245
171
21
232
217
56
4
200
141
52
232
71
86
200
41
212
16
71
126
51
238
51
16
98
175
145
163
181
175
16
212
182
16
73
43
126
59
143
98
5
92
16
166
126
5
88
151
232
163
4
51
72
81
143
123
177
177
92
166
177
175
201
229
107
16
8
71
84
84
81
62
191
92
253
49
111
92
161
17
212
220
166
161
140
111
184
173
58
125
69
194
107
134
151
92
88
21
160
255
106
182
202
242
202
96
5
84
30
39
81
202
56
123
159
123
222
235
5
138
115
200
235
188
62
231
111
160
71
123
57
125
52
200
17
14
111
27
123
71
191
250
13
143
151
246
211
36
71
209
174
92
123
246
202
34
143
202
10
245
242
253
48
200
141
34
133
98
204
203
176
51
212
71
41
123
151
42
51
61
98
79
217
191
194
76
231
129
125
250
44
231
58
87
151
111
200
160
57
84
64
24
207
194
20
143
51
60
221
165
123
21
62
194
184
84
200
57
14
204
45
52
148
160
156
45
23
36
189
64
98
165
112
112
88
177
221
155
57
123
156
250
218
143
9
165
157
61
111
148
51
123
45
41
246
221
202
197
189
189
73
61
14
123
215
213
98
199
165
66
63
219
71
106
151
157
215
177
96
14
49
51
123
238
73
245
242
237
82
4
246
215
91
202
71
254
51
98
115
21
160
84
51
214
155
35
215
76
62
126
155
9
34
98
225
140
92
110
160
246
165
181
79
133
165
42
246
98
102
61
83
86
14
42
156
126
218
86
76
188
246
232
96
170
17
50
89
184
200
217
149
8
235
143
149
148
177
143
246
8
94
204
130
189
27
163
98
64
99
200
201
71
160
184
36
148
155
98
50
146
112
120
200
202
62
143
57
189
165
215
161
73
21
5
98
163
98
143
193
235
163
14
91
126
22
92
94
19
151
147
215
163
17
106
23
48
174
89
52
149
235
256
161
123
163
139
45
237
64
160
204
218
28
242
186
148
151
118
200
141
184
153
149
180
153
99
99
89
71
76
12
160
236
14
215
89
254
147
154
133
219
12
44
146
245
143
245
160
143
82
160
200
165
57
220
207
224
147
85
88
196
244
244
220
12
159
200
244
200
50
160
64
50
39
126
200
89
12
188
237
177
96
98
160
253
219
85
182
63
77
165
221
163
148
236
218
91
192
32
236
89
51
6
211
106
203
215
184
243
36
110
148
189
15
161
64
72
246
235
45
148
126
72
254
112
95
172
244
163
196
168
64
68
160
244
160
250
201
112
160
12
232
56
237
17
249
57
148
74
180
9
112
22
200
189
156
165
180
68
160
69
74
207
160
203
151
202
202
157
169
203
160
218
240
220
148
57
160
238
36
186
147
148
212
160
75
68
153
50
72
23
157
126
112
98
148
63
12
149
147
98
125
218
160
197
34
194
176
169
168
235
148
67
5
253
155
12
50
148
175
156
106
163
15
38
95
239
29
224
254
12
174
219
241
197
224
5
205
23
112
62
98
96
25
13
215
32
141
153
98
85
253
145
214
244
249
231
41
180
76
150
148
31
74
98
98
39
207
165
5
150
43
67
118
67
5
224
254
148
72
224
31
160
224
177
208
136
182
188
89
106
224
148
215
222
123
77
161
116
125
139
222
224
102
48
197
25
186
248
198
23
243
239
86
11
34
67
76
26
163
148
112
238
167
232
254
125
244
65
208
55
195
49
99
224
208
48
128
231
212
51
243
112
213
71
213
224
72
12
149
208
67
82
25
63
200
95
198
71
28
102
218
97
61
174
74
197
104
163
163
90
241
20
61
168
232
89
114
73
67
108
7
159
98
12
161
232
243
200
5
58
55
218
55
224
67
79
25
139
102
139
91
72
91
160
64
20
153
25
135
157
182
155
55
52
148
202
114
208
168
148
161
64
199
47
183
43
126
47
45
148
217
254
183
102
174
102
89
134
200
245
128
151
245
216
119
103
48
197
25
12
254
189
72
48
189
213
29
82
78
147
48
155
224
17
184
161
17
1
21
123
8
244
48
209
60
66
235
108
106
148
97
23
189
160
82
85
98
151
114
148
23
242
67
220
72
199
147
79
47
23
122
102
163
51
72
89
148
186
110
253
67
197
82
235
161
72
23
116
224
48
83
163
154
72
149
245
12
207
149
211
135
145
25
137
231
95
82
221
58
190
17
154
49
250
61
149
69
38
228
232
32
107
228
143
48
15
64
96
67
199
161
32
226
153
143
159
203
153
76
17
235
75
224
23
122
215
179
216
12
201
209
34
200
114
95
182
38
197
184
115
247
48
28
224
38
199
191
68
65
72
81
98
122
73
213
91
148
181
72
45
117
235
179
163
154
114
148
148
8
169
120
21
57
251
199
161
22
115
48
213
129
98
148
153
10
23
235
126
26
245
181
237
243
106
28
64
62
209
189
72
52
55
25
9
23
115
159
72
197
92
243
141
72
69
27
215
23
61
248
229
8
168
81
161
161
161
48
221
63
104
215
161
141
212
241
167
222
102
21
95
57
46
183
25
213
161
6
23
23
122
213
184
14
22
182
246
106
74
161
38
195
82
72
213
163
82
161
205
215
57
201
140
168
202
72
48
140
57
82
232
163
