88
97
84
143
7
162
242
184
17
251
7
20
84
84
163
18
62
36
251
20
74
21
16
162
203
205
231
151
176
127
74
220
184
8
231
150
140
51
51
163
27
125
231
16
205
18
20
90
166
22
18
8
230
225
151
54
20
62
126
60
90
235
55
46
74
140
163
112
140
50
225
112
235
239
230
88
19
160
125
140
150
75
19
163
90
234
239
156
221
200
86
140
54
41
136
239
232
77
140
110
165
229
204
151
153
113
98
77
16
52
36
18
184
160
221
81
178
221
239
18
175
59
239
51
251
125
4
8
250
75
140
16
98
41
177
20
177
7
166
143
178
249
232
165
175
54
177
90
221
8
151
31
16
209
177
16
221
239
225
239
22
197
239
98
242
54
88
239
177
54
177
22
7
254
41
81
63
76
206
244
235
177
22
84
239
92
81
140
251
41
110
27
177
230
62
209
221
7
71
18
121
50
36
123
208
153
239
18
254
173
110
13
36
231
208
214
204
71
108
121
242
16
235
150
135
239
212
128
170
71
18
176
162
177
98
239
54
24
151
200
242
251
160
175
244
59
102
245
20
107
123
90
177
81
98
64
84
62
153
49
239
190
135
62
160
80
140
20
153
127
143
200
246
54
175
224
40
235
8
143
126
157
34
3
204
54
21
40
34
3
140
48
178
118
254
152
125
18
204
51
242
32
102
22
208
182
215
62
28
165
67
126
47
16
71
8
165
7
191
84
251
112
234
7
54
73
209
150
151
20
194
231
253
36
67
208
50
219
50
235
125
172
126
170
109
71
107
20
126
160
221
244
140
206
161
40
40
7
18
185
153
62
16
213
85
166
60
119
176
244
123
184
170
55
151
74
7
32
251
3
176
98
153
60
102
244
129
251
81
191
191
7
170
166
62
160
204
203
140
251
251
169
177
240
98
249
81
39
59
203
62
253
87
243
152
112
71
180
123
251
234
27
208
7
243
204
166
204
20
50
220
176
107
81
204
156
21
215
7
50
151
98
146
102
152
173
81
160
239
62
128
98
140
190
208
194
23
18
126
209
71
87
40
165
178
11
144
204
47
165
237
81
90
208
62
244
147
59
244
50
187
112
211
219
194
89
165
169
62
204
102
40
191
96
20
211
186
204
160
208
194
194
160
59
50
59
71
102
107
50
65
98
165
153
127
147
135
45
234
18
18
125
17
165
204
121
176
160
50
112
23
234
239
128
40
50
234
244
20
73
117
85
165
40
130
130
98
221
123
74
246
20
82
221
229
253
92
62
223
224
190
200
74
112
36
251
113
63
163
144
190
160
160
98
151
21
165
127
221
81
152
203
151
42
208
96
185
254
20
107
36
140
239
81
23
82
244
22
66
222
178
42
50
240
242
231
112
132
218
244
188
67
45
40
36
176
209
187
152
20
143
3
47
54
204
239
150
151
218
103
239
36
40
204
74
104
35
76
74
74
177
62
200
118
75
131
251
74
62
62
234
3
42
140
85
58
40
23
138
62
44
211
201
192
140
140
103
89
208
251
105
144
152
194
143
21
178
135
10
8
191
89
253
100
66
224
121
18
23
121
112
143
20
182
15
156
130
253
152
44
42
72
138
74
190
160
175
64
107
175
50
242
47
154
68
161
204
112
45
113
146
82
135
117
74
39
192
89
45
50
81
31
209
17
220
8
62
208
112
151
226
206
140
177
205
23
231
157
22
58
71
177
121
126
22
40
83
112
192
36
92
58
107
41
197
223
204
67
18
121
34
59
146
152
215
222
59
107
226
204
218
56
130
98
185
3
161
161
50
140
58
50
62
1
144
34
89
161
211
112
195
44
74
98
126
94
58
102
66
172
112
130
112
111
50
131
87
151
125
8
22
59
250
185
94
105
69
178
78
44
140
214
84
105
178
125
178
92
17
130
50
112
164
105
132
185
62
103
206
62
126
208
151
218
4
75
224
67
7
20
215
87
129
190
172
163
165
218
185
177
218
23
113
176
20
211
177
218
16
20
10
140
64
150
6
204
253
65
234
212
107
254
178
112
88
241
151
25
23
185
159
89
62
180
34
61
175
204
130
231
3
239
171
123
136
234
90
109
220
188
195
235
86
20
218
134
20
204
173
16
250
74
226
254
56
218
239
61
45
20
83
185
11
254
41
43
36
163
106
251
140
151
111
81
20
217
253
209
112
250
211
253
39
133
211
123
119
119
37
153
231
254
205
218
78
189
125
239
205
62
218
113
103
125
125
62
224
234
254
113
113
130
125
83
21
161
20
36
140
214
197
119
144
159
144
254
67
126
48
81
188
192
127
172
253
191
98
218
117
125
204
98
18
214
209
7
41
185
246
86
152
195
123
85
115
209
72
221
239
218
112
204
51
152
117
194
73
71
234
172
22
242
223
241
119
256
53
206
197
52
60
209
125
21
127
131
18
251
34
175
195
148
234
50
140
254
72
253
28
20
204
201
204
191
5
163
71
234
175
82
69
200
125
16
156
2
59
20
50
175
190
99
111
136
185
85
23
10
148
41
119
143
165
123
200
201
224
21
46
109
159
125
165
153
119
20
135
127
152
146
234
94
60
119
144
127
43
123
119
118
61
239
185
214
12
213
94
71
123
71
119
173
251
200
235
125
189
12
123
200
71
9
213
253
43
188
88
51
90
125
62
183
118
72
98
92
23
45
213
106
35
125
67
20
125
225
129
173
171
123
20
76
172
20
20
177
241
192
234
109
229
115
89
119
64
188
72
193
20
67
148
215
191
62
67
125
234
178
72
20
191
161
20
74
235
53
20
125
6
43
106
213
160
2
246
120
226
234
125
78
132
234
118
218
125
20
122
72
251
17
152
254
79
71
81
211
176
119
62
229
56
94
56
30
4
20
133
133
119
189
125
125
69
152
188
82
12
234
156
12
82
245
171
125
93
121
91
115
99
62
234
119
234
61
200
43
81
125
112
125
72
125
133
71
4
125
150
44
249
225
106
53
133
163
130
152
20
191
224
28
177
119
133
78
149
204
20
20
201
176
156
119
197
35
156
69
34
83
107
118
200
43
20
20
124
72
125
160
173
53
234
85
65
20
43
119
136
83
137
125
109
82
90
115
232
189
197
229
127
224
50
48
7
155
137
189
5
218
61
204
148
20
234
170
185
213
159
99
104
189
172
208
125
153
54
79
82
173
234
234
71
187
234
160
118
119
138
187
189
34
4
234
251
218
107
5
194
203
125
119
235
173
88
29
173
188
4
220
50
56
20
72
23
112
248
20
254
18
234
149
79
235
159
69
20
192
190
9
71
133
71
107
44
237
72
119
234
176
23
241
240
79
159
224
45
225
218
190
156
45
217
57
218
254
14
41
71
26
149
232
149
1
127
149
130
254
232
56
148
82
79
78
137
218
191
16
238
254
217
99
203
82
19
72
57
82
254
9
82
12
96
157
82
127
163
98
23
13
254
84
175
220
156
9
26
248
156
201
72
152
200
235
188
86
155
201
156
134
215
56
98
254
23
163
20
153
119
68
201
57
107
96
225
4
177
16
155
125
163
224
232
45
240
26
224
20
89
124
256
189
12
125
72
3
56
45
173
117
16
125
48
79
79
23
72
118
254
186
51
190
13
254
20
189
185
23
95
79
86
230
172
125
148
51
44
218
215
254
224
192
177
106
20
45
235
190
163
44
26
197
177
82
112
163
110
20
88
172
185
225
11
188
228
86
20
5
56
23
3
14
173
20
133
163
173
188
125
12
234
56
220
34
19
20
36
82
124
82
82
235
20
125
163
123
218
19
82
147
224
230
161
140
23
152
3
14
69
57
16
133
56
77
124
79
60
187
153
82
234
56
197
70
15
35
218
82
56
18
235
23
163
163
186
11
5
20
106
197
192
56
163
163
218
163
111
4
145
68
234
137
235
246
156
201
1
56
82
235
186
219
28
30
13
192
136
9
218
23
137
152
20
30
148
39
149
20
148
127
56
192
50
254
96
254
124
236
163
197
31
20
218
133
82
219
34
117
48
119
82
133
148
117
192
218
160
189
254
214
82
82
82
137
5
23
163
173
124
229
23
35
72
163
229
12
117
82
102
204
150
117
19
235
19
242
10
190
34
96
197
23
162
69
219
4
125
24
230
84
4
163
161
163
20
112
173
82
117
82
197
197
48
45
251
163
20
159
230
4
159
173
193
197
234
125
118
202
76
158
215
216
82
219
146
91
48
82
161
19
102
111
45
218
44
125
45
20
52
40
215
163
53
57
124
30
45
236
82
215
32
148
48
45
215
163
148
254
254
69
191
224
133
163
19
197
224
218
12
56
173
57
239
14
161
191
189
163
197
