104
111
160
31
162
128
18
251
174
211
122
80
106
61
47
191
113
17
119
24
17
31
80
191
21
6
237
80
114
206
6
156
84
153
52
231
67
107
225
127
153
97
74
36
21
211
113
19
178
80
58
154
225
220
162
153
180
50
184
18
44
106
115
50
29
138
160
191
128
93
93
3
199
90
212
242
143
211
175
84
90
221
36
84
150
162
208
81
145
113
151
69
62
136
113
69
191
55
38
172
214
215
169
102
106
16
225
7
160
58
146
128
88
146
3
50
81
56
153
160
131
209
239
95
242
36
196
62
250
19
105
92
36
129
172
250
95
38
172
151
130
7
84
225
162
191
148
17
236
191
10
6
107
71
214
253
47
196
17
230
244
153
97
127
149
13
172
239
69
8
249
54
35
111
36
208
240
65
112
25
123
71
175
96
208
235
249
140
38
242
69
225
153
236
3
249
50
242
50
208
214
231
81
107
194
157
146
22
191
169
13
93
153
119
147
94
130
219
146
225
172
242
95
253
115
234
182
114
225
64
148
97
46
127
225
114
56
208
98
52
250
160
62
234
25
99
248
203
147
125
81
221
251
74
17
147
148
7
130
7
201
5
219
153
229
234
80
236
239
89
220
225
40
146
143
229
149
129
81
50
150
121
69
235
93
148
153
74
248
34
156
149
172
46
50
199
220
64
112
13
220
20
201
171
253
95
89
64
74
159
50
60
93
17
150
15
153
74
93
93
34
96
39
74
28
159
47
178
229
165
162
84
90
251
90
114
76
148
237
156
62
228
146
49
110
111
244
50
153
172
96
56
230
244
36
176
237
57
170
129
235
34
234
176
79
140
109
8
76
225
215
38
157
146
138
27
157
251
110
150
102
248
152
184
18
57
52
93
208
201
72
112
72
249
254
184
226
50
195
65
249
249
169
94
55
225
156
183
192
225
201
248
203
5
42
110
162
222
186
32
147
253
128
85
90
61
218
119
29
110
220
27
27
69
128
152
126
92
35
7
215
202
39
6
136
243
62
95
165
112
256
242
244
169
225
98
149
55
229
181
79
57
18
81
249
145
11
50
156
140
211
201
40
54
144
188
248
28
241
12
62
167
125
153
157
136
114
16
104
220
96
160
176
178
44
9
239
123
32
153
161
86
179
211
157
110
9
27
90
110
210
57
62
248
128
103
114
55
46
205
138
165
237
99
196
56
235
14
42
234
248
20
57
225
165
97
112
117
16
143
115
174
98
105
17
6
143
210
190
190
79
191
94
175
156
95
105
190
170
119
211
74
160
20
157
126
93
27
143
238
176
81
53
94
62
157
16
154
123
248
52
252
97
192
167
237
62
47
219
5
160
225
125
50
155
148
86
172
12
223
187
131
251
162
72
230
192
33
43
62
126
160
209
131
119
41
144
211
165
65
225
225
103
112
138
163
110
86
88
81
15
4
225
153
75
153
215
94
98
208
72
22
157
74
211
149
147
31
252
211
256
204
32
192
151
72
17
201
244
236
172
77
190
117
229
174
119
81
42
152
130
12
98
165
147
14
242
229
209
219
238
137
108
101
45
238
191
178
183
81
181
27
5
119
149
75
189
49
143
235
102
74
215
191
218
171
234
31
175
7
225
151
177
34
165
86
56
175
227
84
205
75
132
125
130
184
72
165
124
244
209
220
200
256
222
31
66
231
242
21
72
207
102
185
241
172
140
62
244
144
241
252
218
46
32
7
28
151
88
28
110
72
160
10
34
41
194
44
65
157
132
123
75
142
154
18
110
125
153
254
225
238
33
115
239
6
98
79
79
172
32
162
6
18
237
102
215
119
225
25
72
44
48
143
152
225
215
9
98
18
229
157
175
242
163
12
88
178
112
20
12
176
151
202
97
51
183
74
117
45
52
107
18
69
176
36
90
102
190
208
228
50
119
124
181
175
207
244
196
176
46
208
3
229
192
46
234
136
167
147
157
50
94
64
162
11
240
180
242
172
60
171
22
21
156
121
242
78
114
17
161
55
20
121
223
75
192
215
8
191
79
90
69
172
72
52
157
174
134
47
38
112
114
175
14
159
215
235
191
50
191
199
27
187
27
159
125
244
86
44
204
18
73
192
86
138
17
123
229
114
102
234
23
211
3
160
207
73
169
71
62
41
87
181
160
61
235
15
201
208
171
185
138
28
249
62
37
157
12
113
164
229
208
86
93
120
111
12
165
234
208
215
153
171
223
172
230
130
189
133
215
18
53
62
180
155
192
80
6
34
151
231
90
208
119
23
34
122
37
235
225
16
251
208
149
165
124
189
52
113
20
12
205
175
232
32
245
84
47
24
47
107
221
47
38
21
26
235
232
210
125
80
165
128
92
117
107
126
125
203
71
160
165
56
47
28
96
249
207
69
9
111
102
157
175
93
48
48
125
225
16
107
86
249
28
7
204
148
202
115
163
10
242
251
14
36
234
256
232
234
28
125
138
244
20
105
113
60
172
112
220
110
228
105
163
184
161
254
52
97
190
125
161
53
181
237
121
152
215
79
157
5
115
14
16
145
106
67
163
74
231
196
200
73
13
167
210
5
192
208
47
35
17
87
50
138
251
214
130
188
24
210
194
251
31
178
90
147
72
176
119
117
203
115
196
73
56
169
90
42
204
187
159
161
22
169
20
157
232
20
41
167
41
150
191
81
23
254
23
3
14
138
58
125
208
199
14
55
131
93
132
28
14
244
131
69
9
19
239
234
169
69
14
22
170
186
250
256
7
61
64
219
216
251
233
97
234
12
251
103
138
80
136
147
27
27
180
86
52
190
14
196
10
68
3
72
37
86
1
151
210
184
110
119
172
174
43
190
191
218
131
187
80
96
62
27
81
53
159
145
34
186
229
202
191
37
137
224
187
20
218
91
113
196
225
225
76
110
138
161
198
14
25
125
231
211
225
36
78
54
136
139
166
210
37
163
232
133
239
68
2
66
166
3
67
158
20
115
249
117
215
191
189
131
147
147
71
230
128
11
90
3
93
7
93
191
254
75
253
93
223
37
8
190
187
191
251
20
230
225
230
130
21
125
187
113
186
228
233
180
225
129
157
125
125
201
204
117
138
112
176
136
174
215
9
161
16
19
244
3
18
233
66
66
163
229
107
253
228
160
81
52
108
93
220
11
215
169
189
44
42
43
249
7
90
165
63
49
1
235
108
18
251
155
191
20
12
209
190
92
50
155
242
244
1
210
187
242
172
183
163
65
172
18
59
67
205
144
174
153
214
52
243
62
14
125
124
174
90
8
182
72
244
156
199
20
232
81
20
27
59
73
26
174
210
153
248
18
221
221
219
251
166
75
163
223
250
3
70
200
125
148
113
123
172
73
201
66
37
125
214
191
3
206
27
93
252
251
75
125
191
41
250
202
70
161
13
27
90
184
125
251
73
184
84
251
72
179
208
39
20
249
236
54
239
90
232
65
215
191
245
199
108
13
22
125
186
26
186
75
112
117
221
89
163
204
24
204
65
190
6
153
65
54
37
173
131
54
133
66
204
133
16
74
74
99
155
64
125
6
88
23
156
16
153
170
133
200
229
184
76
5
114
45
79
210
119
41
205
16
70
17
46
184
67
50
203
125
8
7
251
64
160
59
137
125
20
156
202
7
161
187
174
90
153
5
115
251
125
152
92
133
240
42
129
64
201
205
47
182
194
20
35
144
213
167
83
40
16
72
95
5
20
168
63
20
23
251
210
50
207
67
65
244
242
1
26
212
178
253
104
58
58
174
37
2
69
234
211
201
41
73
207
95
93
224
103
21
129
250
24
99
179
221
3
107
9
231
13
156
115
203
206
189
204
167
119
31
20
118
106
186
41
58
20
56
94
128
89
94
63
236
199
174
184
232
152
117
54
147
66
52
74
125
243
46
7
148
6
199
159
187
228
206
92
250
55
206
156
65
146
251
119
147
202
212
178
170
25
9
239
11
69
41
125
72
202
125
125
24
77
47
191
44
50
18
6
125
154
152
108
27
99
75
3
228
140
225
69
94
125
97
211
20
123
73
24
182
250
190
94
9
202
67
224
248
125
90
117
215
94
176
161
1
207
36
133
207
232
154
228
179
118
240
75
152
34
119
152
22
161
174
193
60
42
245
84
11
77
195
163
160
23
133
51
207
221
160
154
125
7
119
15
72
228
77
157
25
125
155
64
77
28
145
214
153
240
164
191
25
84
125
87
34
203
92
20
147
163
48
158
118
157
206
152
63
86
96
248
138
145
152
123
48
228
233
168
118
226
235
48
174
166
133
248
125
125
56
191
182
66
250
36
20
152
84
188
8
155
91
156
244
174
163
187
23
4
42
72
208
205
242
180
56
242
63
147
229
187
67
115
102
113
65
88
94
75
32
245
182
31
71
239
54
217
190
241
172
174
4
46
56
55
72
229
29
167
172
90
173
161
173
56
206
140
199
152
113
117
13
116
23
32
6
76
225
46
5
213
163
211
78
47
156
31
160
125
242
229
236
183
16
133
193
25
227
15
45
133
90
208
60
210
221
242
248
133
125
135
223
126
16
107
92
93
126
12
157
151
232
211
248
210
124
59
58
159
103
19
28
83
70
242
23
131
240
227
160
197
108
46
146
16
84
228
12
164
85
241
191
188
159
222
133
20
188
188
186
159
189
45
78
155
65
221
92
139
179
219
163
83
157
236
113
229
41
160
156
107
163
39
8
44
215
120
44
159
20
38
198
109
86
89
198
22
160
88
253
135
191
91
156
1
240
42
213
156
14
43
20
133
3
222
5
187
98
18
235
244
63
56
125
193
87
198
164
86
167
133
250
56
28
189
254
238
255
139
113
106
149
125
116
248
107
126
225
238
32
73
54
56
31
249
18
20
131
11
239
156
230
27
79
222
84
120
191
125
95
236
125
175
233
250
139
224
170
94
149
226
157
29
114
25
163
218
119
223
157
140
124
125
125
93
20
93
232
9
73
125
29
88
163
229
35
174
230
63
250
200
241
222
175
191
65
188
235
11
133
149
125
65
76
194
133
106
63
175
55
171
41
113
161
53
203
152
65
44
194
55
232
68
202
85
143
59
83
236
161
117
28
198
210
202
219
133
53
237
156
76
134
104
149
83
4
64
39
94
85
155
213
153
37
159
174
190
95
240
19
133
92
200
190
210
184
52
97
8
189
96
20
159
171
29
114
86
4
234
184
20
149
165
205
197
172
87
33
191
5
83
20
212
45
159
96
153
159
44
113
238
45
139
4
135
219
208
166
205
63
43
60
151
119
223
245
125
25
32
46
237
199
106
200
178
20
63
215
201
198
163
121
210
77
108
125
178
209
52
197
225
46
22
187
32
110
97
63
81
98
225
4
111
130
61
4
174
212
125
201
86
186
188
94
93
46
68
138
215
173
215
193
77
7
15
191
85
126
229
2
126
83
5
54
133
130
15
186
45
221
41
113
46
167
120
50
40
47
71
159
228
93
202
19
144
253
161
65
175
157
174
175
114
86
225
62
20
34
140
62
189
104
114
72
127
247
13
13
63
222
198
242
158
20
20
96
167
204
88
197
203
174
166
113
225
115
55
239
229
95
77
34
39
221
63
188
15
190
20
23
125
77
163
152
15
232
173
55
125
140
110
173
34
232
97
136
139
116
192
201
147
125
135
65
210
139
226
160
88
237
20
27
93
110
221
94
171
152
119
225
139
190
188
136
149
94
32
219
188
89
30
17
37
182
199
152
46
151
239
92
55
199
133
71
218
27
174
232
167
233
152
154
254
4
79
19
125
225
58
239
239
161
235
34
148
213
104
37
163
239
19
241
229
21
113
49
146
235
65
185
37
67
228
239
159
92
89
215
93
240
154
55
254
148
93
124
60
23
15
157
237
125
232
20
225
174
146
223
163
229
30
168
110
223
199
86
124
105
237
95
237
159
119
65
170
55
125
158
200
37
190
240
113
161
249
4
200
161
218
253
4
163
156
216
215
174
242
15
56
121
139
33
175
170
63
71
221
125
150
41
221
23
15
81
23
3
48
239
31
207
133
218
71
211
252
24
190
15
236
122
125
113
164
241
97
13
23
72
125
213
88
197
119
77
63
66
120
52
110
164
4
78
225
147
219
48
249
76
165
125
193
113
55
119
87
193
152
118
60
168
4
197
32
95
249
128
27
125
107
232
128
19
166
174
133
32
52
156
229
213
232
191
241
175
205
218
23
138
4
218
129
23
173
119
203
88
74
26
44
238
55
190
53
77
188
15
159
4
239
190
172
190
35
47
253
48
37
149
228
8
250
119
210
105
110
163
94
74
63
15
156
140
119
119
218
85
207
187
133
4
71
235
120
126
229
108
187
231
20
190
25
199
4
132
251
71
218
216
244
249
121
235
225
188
61
216
185
239
237
240
91
4
184
117
245
23
235
108
108
2
91
229
17
199
212
189
249
153
61
20
161
163
246
176
110
216
254
77
114
139
163
23
253
117
90
255
43
181
3
120
11
125
23
58
234
200
37
19
212
34
74
218
120
114
9
161
14
9
193
23
254
23
68
92
133
240
166
125
218
65
159
68
199
23
108
185
99
173
240
119
61
221
42
218
129
232
185
185
245
29
230
39
155
149
232
120
23
245
152
20
104
188
49
49
234
48
119
155
20
10
185
