80
89
7
146
128
7
107
15
7
51
209
26
10
129
18
208
212
63
107
26
221
209
80
229
179
42
129
24
180
107
219
125
189
236
46
113
20
129
84
65
96
141
208
208
113
24
205
50
128
125
75
103
191
223
74
180
162
110
185
83
33
243
170
221
191
20
94
179
172
58
174
184
108
51
233
7
180
46
179
237
167
7
67
252
191
65
181
51
46
164
65
64
65
182
123
231
233
188
24
50
179
91
6
191
182
9
69
92
51
246
78
25
251
171
181
252
92
57
9
182
90
51
9
172
247
182
174
221
58
57
67
88
92
227
20
229
74
36
179
221
48
65
9
149
59
90
66
54
127
212
122
180
125
64
221
181
160
184
132
164
169
67
81
221
21
125
13
191
222
206
112
230
231
20
181
7
167
217
126
164
118
47
95
141
104
160
90
174
246
225
149
98
51
179
3
172
248
178
68
12
90
103
231
141
239
18
248
191
239
20
108
98
59
17
112
98
225
46
104
182
224
180
246
62
127
142
154
222
231
175
227
98
97
116
17
6
29
12
237
101
52
98
98
191
7
81
16
69
252
164
12
23
178
98
140
225
254
225
179
68
98
122
204
4
106
228
34
7
252
29
182
120
204
199
208
123
81
182
207
225
215
3
54
20
221
227
13
112
164
219
205
98
243
60
165
147
182
165
36
192
46
62
228
190
62
101
46
151
224
108
5
231
12
26
116
198
78
231
54
36
27
242
125
211
177
62
86
41
179
222
189
106
247
172
151
138
7
246
208
209
54
112
240
4
169
33
36
140
118
72
18
209
211
179
164
108
165
12
211
182
31
118
239
102
246
36
51
247
251
85
251
182
183
136
237
18
116
248
71
240
96
231
75
231
247
18
179
31
181
116
57
101
101
149
251
18
180
239
211
122
50
207
125
56
140
93
136
247
31
213
253
251
163
98
11
101
125
248
101
21
231
179
255
31
15
57
150
188
138
18
246
112
101
145
247
185
145
140
247
125
113
240
138
174
71
117
134
174
255
224
47
112
64
243
140
204
199
101
59
227
140
4
247
101
246
151
123
163
209
20
112
32
164
173
30
246
118
198
86
93
210
12
149
149
20
107
55
77
74
181
220
248
117
31
20
199
199
14
39
255
220
107
217
199
42
174
250
26
134
13
112
248
101
231
142
119
209
198
67
163
119
68
191
179
248
3
47
224
66
154
180
112
18
59
107
231
253
231
191
95
163
8
207
198
167
107
107
94
66
32
55
145
20
166
191
138
66
105
122
116
5
38
182
224
78
247
163
30
190
116
47
211
160
10
115
207
255
185
74
198
181
199
14
26
61
95
66
163
154
47
119
173
251
239
246
191
182
167
231
89
47
102
63
8
49
189
69
89
256
107
141
213
127
74
119
231
210
76
134
37
112
232
94
197
72
254
201
246
37
58
74
216
98
216
3
198
161
138
37
36
148
227
216
122
135
216
246
118
198
216
98
178
122
71
38
191
62
101
247
254
62
116
112
17
107
227
69
47
145
222
10
3
231
221
89
255
78
106
246
84
135
246
29
243
67
47
248
191
112
130
214
248
42
124
7
197
241
116
7
78
184
58
206
61
77
191
244
26
78
138
247
231
93
7
118
227
63
51
191
34
214
210
29
118
207
174
255
150
174
78
194
10
26
16
102
7
120
155
77
223
149
12
216
255
112
173
130
17
227
247
243
92
26
200
17
198
62
191
152
36
141
243
133
234
38
112
154
114
173
66
207
136
214
246
1
44
112
144
78
72
113
173
197
198
173
14
163
16
44
246
155
255
185
78
42
36
163
219
133
133
45
197
179
59
33
154
93
231
191
131
69
154
171
235
167
199
58
243
118
139
207
109
134
197
52
132
155
114
44
75
115
133
246
157
134
154
179
29
234
148
246
231
114
255
59
40
193
197
135
33
255
77
149
44
92
20
115
68
125
234
102
218
255
173
60
44
218
232
139
44
139
179
4
155
97
158
191
59
148
124
36
139
115
78
247
213
99
57
88
214
213
167
221
139
72
23
120
247
241
60
