40
105
123
88
126
126
177
16
54
225
225
177
126
54
28
54
225
96
105
225
126
16
126
177
126
3
90
206
5
225
126
177
16
177
84
51
177
18
220
3
3
251
46
251
251
177
76
174
123
76
174
54
234
76
251
256
76
96
18
18
126
79
112
177
18
54
14
251
251
18
225
251
96
153
74
165
126
90
148
153
3
51
165
127
127
153
126
50
51
219
248
81
76
153
126
74
127
127
87
81
84
175
26
116
194
59
76
175
148
65
177
123
248
112
96
79
14
165
177
151
51
177
191
219
81
204
54
127
165
126
51
127
145
156
194
165
204
175
126
74
14
50
112
51
222
251
5
14
156
123
50
98
123
208
74
244
219
173
110
96
29
74
204
6
202
153
112
156
38
99
153
137
126
87
126
5
126
187
175
3
143
128
22
14
16
212
143
204
143
38
137
195
34
46
212
112
51
156
51
145
145
47
208
31
116
140
111
98
28
110
128
96
79
101
220
126
96
229
16
126
150
145
47
97
212
204
221
183
156
177
38
44
74
26
237
51
28
112
151
101
123
81
74
214
79
156
177
151
237
98
123
96
189
136
191
91
90
16
70
118
96
150
51
106
126
121
67
246
96
67
50
119
222
62
128
177
126
50
111
237
67
11
26
20
28
62
127
14
256
239
96
132
165
137
106
156
156
221
64
81
156
181
44
109
220
98
109
229
118
14
3
107
109
225
30
105
254
128
246
178
107
177
23
65
41
136
123
20
209
222
16
47
251
165
8
3
128
229
224
71
246
105
184
165
57
28
177
240
102
119
145
248
177
138
111
106
254
57
76
49
251
51
160
79
38
12
243
38
51
200
5
185
165
156
10
173
76
17
20
123
109
119
172
152
18
66
212
144
123
28
51
251
227
41
152
168
79
102
96
18
16
8
12
152
14
190
96
123
125
201
28
4
246
82
243
188
112
246
96
23
181
92
156
90
125
190
96
234
248
212
242
240
76
125
200
3
105
242
254
57
96
47
28
80
22
125
254
133
114
220
28
122
22
20
224
110
224
227
51
12
254
98
5
240
156
92
141
20
20
254
220
20
200
125
20
220
11
248
240
125
119
189
10
20
96
200
200
116
8
156
212
222
249
90
21
22
200
11
47
199
110
131
13
20
224
216
243
81
234
22
41
233
125
16
79
200
249
236
125
55
173
19
20
200
175
102
87
148
173
23
200
254
5
37
254
153
222
18
54
154
254
198
156
86
79
215
224
102
166
78
13
125
125
91
90
201
21
222
183
98
220
6
71
236
93
21
250
204
219
110
102
92
50
244
82
129
2
18
153
218
187
96
70
14
156
14
151
200
82
4
193
158
71
131
131
173
26
55
181
200
125
156
173
200
125
173
156
112
193
69
61
47
239
183
173
76
122
220
163
82
28
188
200
110
96
131
22
10
133
220
133
156
98
191
38
224
254
87
156
51
10
163
4
200
175
212
216
197
35
224
36
200
224
137
7
196
239
156
248
218
221
22
126
200
70
172
160
103
103
94
140
105
20
199
223
200
109
93
200
82
191
249
224
224
89
89
213
160
201
10
126
73
252
191
216
237
189
40
16
12
254
203
98
119
165
122
102
153
218
119
183
189
133
249
234
154
218
175
33
89
147
221
200
9
123
84
70
131
129
200
227
89
156
218
102
155
101
218
81
86
156
110
72
102
36
129
185
175
119
137
254
218
122
93
131
255
5
198
188
248
219
191
147
245
84
191
214
200
232
130
13
148
193
70
221
224
254
62
200
69
90
31
126
102
243
152
200
152
176
178
197
102
8
178
236
5
245
152
246
31
215
110
254
200
30
169
152
43
234
181
243
218
103
5
104
131
176
22
188
156
191
89
73
173
102
219
130
161
142
254
240
213
66
175
30
200
215
86
31
131
160
220
229
234
82
156
126
254
215
43
17
179
109
16
138
20
23
141
194
43
102
102
38
118
214
229
224
106
86
193
125
81
2
28
254
96
239
3
219
139
200
4
163
241
81
222
242
43
224
227
218
24
1
28
179
176
102
134
47
225
224
125
82
156
241
46
227
81
53
198
86
46
43
222
179
256
4
47
48
81
65
137
197
234
133
254
234
167
225
117
172
188
212
167
232
107
218
43
152
23
152
6
232
