229
229
186
146
150
96
115
146
146
146
80
42
66
77
148
80
97
33
42
136
33
163
42
80
256
175
84
66
136
42
84
33
229
42
66
100
96
204
95
70
27
207
44
84
150
176
25
42
97
204
84
59
135
190
114
84
176
171
176
52
33
207
88
11
88
207
235
77
67
132
176
176
114
42
33
84
210
95
95
103
226
235
70
206
44
70
213
33
44
33
33
172
159
42
211
183
100
118
136
176
183
176
97
207
131
70
93
42
40
139
42
63
57
135
139
191
33
97
159
42
97
42
226
77
47
31
248
248
171
44
45
144
222
163
70
118
196
190
66
141
105
58
131
232
207
164
77
70
10
130
193
68
16
95
131
70
164
212
97
120
33
97
58
66
9
135
131
136
28
100
28
100
179
70
227
136
70
227
207
148
118
250
141
70
6
193
141
231
66
66
117
132
70
75
70
222
43
6
70
135
110
65
42
54
54
222
244
137
247
65
43
172
121
66
132
216
147
9
165
37
42
17
166
94
93
28
61
205
182
53
245
226
93
42
105
207
17
9
226
147
66
226
147
154
54
207
180
192
141
56
207
150
245
243
216
94
76
149
11
226
147
207
43
61
247
17
249
17
172
94
217
174
247
154
226
66
122
222
255
174
103
199
255
94
11
207
56
61
241
203
247
154
68
8
65
217
122
247
103
154
17
245
255
42
245
174
13
94
206
61
117
49
117
