145
249
177
203
145
54
249
249
250
54
91
162
162
95
166
166
162
174
177
166
162
250
176
55
192
54
55
162
13
55
162
192
135
27
256
15
27
250
138
31
131
33
13
84
256
203
150
15
126
138
169
84
54
202
192
42
150
172
33
211
52
126
150
203
123
42
126
212
95
150
250
31
138
129
145
84
73
95
162
172
55
91
205
150
248
89
91
21
31
129
150
242
121
151
21
150
150
210
95
202
151
248
21
183
192
222
184
121
27
184
8
29
146
146
25
74
211
31
129
145
150
77
31
11
77
55
181
51
31
216
130
220
151
38
194
172
9
177
123
166
84
186
89
44
181
91
158
191
167
114
95
248
216
92
222
95
52
11
205
172
248
239
69
187
216
32
151
41
165
11
3
77
3
138
114
39
139
177
51
29
21
150
6
215
216
90
187
87
89
113
113
187
2
129
32
31
14
3
129
101
95
63
123
63
90
249
184
153
140
55
112
16
26
182
151
167
79
186
76
112
184
167
75
183
138
28
5
65
167
160
158
42
110
3
53
151
172
236
123
102
222
250
221
123
248
51
79
51
127
165
122
143
38
253
210
26
153
160
53
85
102
138
195
77
174
153
77
236
102
73
87
123
13
175
128
131
215
90
137
46
46
165
129
153
51
55
59
26
253
151
249
230
39
21
215
109
219
113
167
236
138
151
132
216
105
50
86
65
203
97
81
253
182
123
215
249
84
84
109
127
169
46
131
131
67
78
182
110
27
51
237
96
18
190
72
97
140
78
129
102
183
215
116
25
143
191
71
14
109
14
97
115
21
86
123
56
21
126
5
29
23
248
51
131
34
110
224
182
13
243
8
200
160
127
102
174
243
249
150
205
22
246
126
38
118
182
138
26
55
69
240
199
223
97
243
189
9
118
173
203
250
62
167
59
55
73
55
109
127
9
11
194
66
63
151
143
52
72
44
102
181
212
78
19
31
167
165
239
219
78
243
71
200
210
212
210
134
210
251
160
97
129
63
118
3
251
217
94
159
95
50
69
212
17
71
182
50
106
13
126
23
140
156
215
127
73
212
67
87
98
57
73
184
97
220
202
94
72
220
123
123
127
120
154
127
72
118
256
51
81
208
120
127
53
175
140
123
29
181
47
165
243
199
219
208
87
109
95
243
170
224
160
251
79
189
224
140
198
52
199
98
256
147
129
184
148
120
207
238
182
181
22
67
174
99
99
109
61
208
208
193
181
97
204
78
39
15
245
47
54
245
117
221
52
37
107
47
221
77
18
89
182
203
145
146
97
79
226
215
107
255
70
103
79
89
15
70
207
251
91
138
98
53
151
89
243
79
159
29
23
145
87
179
165
217
26
116
100
3
205
47
206
86
209
104
35
160
71
253
79
52
220
99
160
15
167
190
45
142
141
240
76
148
243
99
108
4
214
154
209
26
238
215
138
18
108
77
235
67
231
64
140
193
162
147
142
57
66
67
204
172
243
76
70
109
217
110
177
165
237
11
223
98
123
28
215
211
95
255
11
239
69
246
253
253
224
139
11
79
32
23
235
3
209
191
109
99
3
209
99
227
184
79
54
47
127
253
163
251
72
245
139
209
237
129
200
254
37
5
47
112
104
207
211
61
3
139
200
217
183
243
205
102
136
110
237
253
62
104
89
224
98
18
129
129
250
243
84
112
176
218
256
82
154
19
225
165
121
199
247
176
109
204
237
96
243
139
8
253
95
223
64
211
155
211
223
176
87
136
75
11
230
205
243
142
4
209
174
205
91
11
75
202
15
176
98
193
184
78
19
216
247
193
94
67
203
15
94
216
52
58
47
172
142
237
131
234
64
96
253
44
47
109
58
212
91
22
136
256
184
134
94
237
205
106
165
243
243
221
47
180
122
138
209
136
237
122
105
145
182
138
154
91
70
121
140
225
34
253
206
213
220
23
246
72
57
196
132
84
95
204
75
256
161
184
63
57
120
176
245
216
11
210
230
68
253
197
72
109
122
144
58
123
15
133
138
87
170
32
217
206
144
72
72
172
215
150
247
181
6
150
87
138
15
212
158
120
23
181
137
78
9
208
194
132
90
164
99
77
77
118
61
123
67
106
171
255
254
51
137
255
102
91
254
17
47
142
117
92
102
215
204
115
86
37
91
255
98
71
49
122
242
94
182
73
118
23
210
28
33
235
14
19
41
112
102
58
206
182
167
92
114
11
72
138
133
238
47
83
160
216
167
185
120
1
217
129
33
26
71
47
219
200
123
166
168
217
165
167
184
122
206
248
255
113
200
59
140
26
210
167
164
25
229
86
137
9
123
136
121
136
149
133
110
71
250
33
176
122
1
88
120
75
177
9
227
152
174
230
67
81
251
187
253
242
104
119
124
100
6
211
33
223
1
20
217
63
122
69
141
67
18
189
140
151
160
239
105
14
17
123
247
16
200
172
246
140
13
46
206
246
14
151
61
90
24
134
210
22
138
216
62
4
26
185
180
46
94
86
185
167
133
24
46
129
243
104
46
125
75
46
59
78
256
120
19
26
37
14
250
49
1
198
110
101
246
100
106
128
184
233
57
65
102
250
6
132
246
125
122
120
189
96
185
23
58
199
133
22
132
50
210
115
30
33
199
172
65
132
90
135
116
37
168
41
140
217
185
98
211
132
148
77
14
3
219
132
5
135
136
132
255
67
30
232
13
72
246
58
59
30
112
244
106
98
21
88
234
96
134
61
255
63
208
125
33
22
225
2
39
106
199
187
185
193
81
24
125
101
1
57
217
160
22
99
26
16
98
167
19
17
87
254
112
242
120
120
96
219
60
207
72
246
117
213
163
163
163
135
1
131
205
234
216
1
2
167
58
8
65
155
233
43
199
65
43
87
145
171
142
26
168
33
19
97
20
37
209
122
26
147
130
78
180
94
19
209
254
22
158
224
235
99
43
33
200
78
130
83
172
179
226
63
246
8
220
53
245
219
1
26
51
41
139
200
231
226
229
200
9
193
88
179
79
47
156
215
230
20
85
174
206
20
121
27
224
5
83
68
247
19
173
78
119
244
248
245
81
68
156
69
147
23
141
229
141
68
119
2
163
