184
78
235
184
235
235
97
181
235
184
85
109
181
15
123
184
28
28
14
28
85
63
28
240
127
60
174
90
250
37
90
175
46
28
90
171
28
174
174
206
92
240
246
133
127
131
206
223
172
183
187
111
28
206
206
2
37
172
208
12
54
28
240
6
250
175
140
28
245
181
226
189
28
97
77
54
24
147
37
54
217
28
245
16
141
168
205
24
168
174
246
141
24
88
156
85
110
111
34
246
140
132
239
141
205
174
118
53
187
24
140
22
201
255
237
171
147
168
237
141
235
174
216
158
196
28
18
255
206
178
182
154
34
239
141
253
255
154
94
19
105
18
141
123
216
239
240
107
172
230
239
253
141
4
107
200
196
105
192
180
124
83
9
255
222
46
30
154
16
131
16
255
6
123
14
157
28
168
119
107
183
196
141
222
49
235
137
237
78
3
5
240
30
187
182
57
248
216
107
89
124
3
130
100
181
216
89
184
75
145
70
141
78
22
149
187
130
14
222
14
78
89
227
99
47
47
19
250
211
138
180
78
77
107
89
110
224
184
226
187
67
90
78
187
227
106
230
130
248
212
172
243
158
175
110
206
180
11
109
195
54
250
141
168
171
187
158
160
78
110
187
70
1
120
1
30
119
53
183
244
250
156
116
156
3
120
42
63
5
212
46
4
171
250
4
58
160
242
253
184
87
33
156
82
135
6
15
147
254
224
129
212
250
245
46
60
54
65
249
250
15
129
142
78
43
227
135
235
136
212
158
212
168
237
171
10
6
227
129
178
183
87
157
195
212
223
54
245
30
241
2
94
255
250
114
129
163
249
113
1
184
100
156
14
70
14
241
49
206
184
107
18
31
205
6
152
70
244
88
229
137
87
70
15
129
156
171
91
38
38
163
135
120
217
224
38
190
37
241
58
49
129
15
109
46
116
20
192
249
30
40
49
244
198
141
120
93
47
241
136
47
82
156
77
142
227
224
163
127
5
96
245
24
20
14
56
83
152
47
173
156
168
37
60
191
90
37
254
13
46
152
46
227
206
126
130
152
56
189
56
235
241
158
158
227
48
217
163
168
38
55
241
163
224
136
135
233
187
38
101
124
63
156
56
244
135
58
152
185
241
90
46
137
77
131
144
152
38
157
156
109
21
30
152
156
125
168
90
70
227
156
123
172
28
187
15
48
123
224
60
163
20
156
142
198
186
132
156
185
12
168
187
152
133
136
131
224
198
70
139
136
