14
249
164
80
135
14
195
203
146
150
26
84
22
21
138
166
105
80
75
144
59
136
203
205
203
5
194
80
203
186
80
26
135
236
205
65
147
203
169
49
95
92
211
153
194
176
75
89
195
135
80
30
166
174
126
206
108
186
80
73
191
107
162
89
21
144
59
252
80
35
90
244
231
36
209
88
80
59
129
169
80
194
128
97
146
136
136
236
182
222
31
101
162
174
205
169
151
194
75
203
166
212
135
55
150
95
65
222
128
55
222
31
109
88
256
194
166
128
169
32
176
59
87
10
7
162
146
136
166
194
203
84
146
28
192
128
102
229
136
97
206
138
30
174
194
182
107
201
61
57
91
121
240
194
71
138
80
59
194
128
203
180
138
52
91
144
36
208
95
67
231
231
168
21
205
138
239
40
206
107
170
59
35
231
194
144
77
135
230
77
21
36
59
192
87
121
231
114
194
17
203
231
203
164
130
206
182
32
34
203
73
58
231
186
80
138
174
33
231
204
103
59
25
195
40
97
250
146
32
166
135
10
237
66
249
19
36
182
54
231
239
185
231
194
74
179
240
26
249
190
231
203
32
35
166
167
222
203
31
59
166
40
203
52
144
150
59
217
195
107
55
121
205
112
135
95
27
22
168
195
114
7
59
231
40
231
146
219
87
230
205
205
32
255
206
144
40
144
61
203
54
232
146
80
195
67
251
105
237
91
205
13
195
146
65
31
250
130
249
107
250
236
80
55
107
206
24
97
144
211
250
169
61
150
97
89
80
164
166
194
190
55
59
55
97
168
233
217
205
144
199
146
186
217
37
29
166
169
205
166
252
217
97
59
95
230
113
135
70
128
231
162
237
256
231
244
88
97
240
121
144
164
167
211
84
150
107
186
211
195
31
121
186
93
135
203
97
31
87
195
245
132
59
233
234
138
55
206
144
130
206
231
37
231
180
241
256
135
244
140
121
231
168
206
59
124
194
29
31
233
185
62
146
230
7
146
168
59
164
55
119
146
125
240
144
102
205
231
125
91
80
95
40
59
146
125
231
7
146
194
30
231
68
47
80
65
91
166
5
97
62
80
203
240
205
80
65
93
229
97
31
205
59
186
191
95
183
150
119
195
158
36
113
67
205
231
256
59
75
124
239
183
87
64
7
40
49
190
95
119
55
250
40
164
138
250
150
75
211
11
203
102
145
80
252
11
241
206
65
65
108
182
217
93
195
100
166
205
9
183
166
195
52
108
111
122
31
89
166
110
164
250
150
47
43
186
115
123
179
223
198
244
231
37
203
138
73
132
164
33
80
217
37
203
233
181
239
87
16
146
121
239
73
67
203
205
144
118
138
203
240
195
33
210
210
211
164
84
98
58
87
17
12
152
138
164
95
59
80
24
168
112
203
183
31
90
75
248
210
5
252
217
21
21
140
24
195
39
186
191
145
245
103
93
95
236
186
209
183
190
37
121
140
154
49
166
142
237
241
195
22
136
141
252
211
95
121
110
168
98
102
97
136
111
230
21
256
174
196
168
93
144
98
229
112
181
164
195
74
158
191
30
225
36
164
121
96
205
95
174
32
150
144
92
36
186
121
164
162
180
73
142
93
115
32
164
186
186
118
42
245
236
88
150
138
154
233
81
211
183
165
87
252
203
164
66
93
6
192
252
164
253
135
256
59
90
244
75
121
6
230
168
180
66
7
90
62
66
146
183
33
219
146
101
139
80
225
253
205
21
203
6
230
195
167
252
35
21
5
186
233
171
205
75
252
89
208
179
15
195
95
28
130
150
55
42
241
87
246
136
46
146
203
98
65
55
230
235
237
136
186
191
135
95
43
92
89
146
49
31
98
68
253
253
196
83
164
139
104
206
249
144
206
95
256
75
176
95
245
87
249
55
42
176
146
24
101
75
130
252
205
209
113
6
78
182
29
179
186
32
122
53
243
253
31
24
58
130
211
236
164
25
204
80
28
81
256
243
170
164
230
107
204
175
36
256
144
98
62
170
67
107
72
80
195
95
146
211
167
198
33
52
96
55
91
208
119
8
127
121
150
17
53
230
70
118
254
98
40
208
166
60
107
136
135
199
29
240
87
24
109
89
164
104
58
200
198
87
36
7
92
146
188
253
221
158
206
170
24
92
174
96
89
243
157
142
167
68
15
244
113
182
92
21
41
188
69
54
17
77
95
42
24
132
89
117
95
21
203
107
91
55
129
61
55
75
84
233
40
122
211
96
73
165
164
89
36
80
66
164
137
110
49
98
50
129
75
146
160
217
75
104
89
117
64
77
34
228
139
98
143
28
117
46
205
147
188
228
208
135
28
242
92
82
105
22
84
147
28
17
89
132
198
93
190
138
147
195
193
160
76
83
248
91
122
146
55
3
112
198
206
46
240
217
168
88
248
89
37
92
230
210
55
63
37
87
92
183
28
195
16
244
123
80
139
144
119
123
139
142
35
233
233
170
80
55
87
92
29
101
117
256
157
63
182
168
243
3
28
104
65
78
192
3
60
75
121
195
182
78
135
43
36
66
35
58
123
195
90
120
29
34
67
120
168
35
2
132
58
95
135
91
135
71
190
201
89
31
252
140
205
46
31
233
169
44
166
113
46
174
197
104
19
8
101
193
164
237
203
204
198
164
132
53
87
198
173
78
77
65
238
21
227
125
35
205
151
93
43
123
188
116
63
135
184
59
207
194
103
144
151
190
132
253
195
146
78
136
198
222
136
80
132
17
24
43
194
167
168
185
38
195
58
140
169
210
17
24
230
245
209
219
22
198
215
92
245
195
190
89
27
89
116
181
96
171
192
194
59
102
235
96
175
190
255
210
24
186
135
245
21
184
59
146
77
131
170
171
217
227
113
142
49
237
78
24
80
170
21
230
94
47
101
170
65
170
103
130
59
231
135
256
226
190
132
245
116
135
83
6
119
174
138
35
254
146
24
252
18
113
212
195
130
50
101
122
256
199
49
82
38
200
36
233
121
224
195
198
212
171
255
18
146
80
205
36
25
121
173
132
109
61
184
17
61
49
113
59
179
195
4
171
193
144
164
226
198
221
23
95
239
170
187
183
144
23
116
92
53
95
164
115
146
88
89
11
115
78
102
78
49
167
122
179
243
63
205
224
227
242
207
166
170
244
24
208
115
132
144
2
118
207
255
247
239
172
37
215
199
216
44
248
193
98
64
25
133
25
90
174
43
212
242
47
172
243
63
133
224
233
135
229
93
142
148
37
1
132
40
121
244
253
65
191
50
184
191
121
78
221
130
120
132
49
95
101
208
24
226
91
49
199
228
158
23
100
184
1
188
146
199
120
169
203
95
64
65
61
244
233
15
31
24
211
252
65
1
163
158
208
93
191
121
65
158
224
81
227
204
138
198
255
248
30
63
158
238
65
49
182
34
158
158
222
198
98
122
193
130
30
116
191
158
179
178
255
107
72
34
70
231
1
30
88
141
167
113
193
252
41
127
144
251
190
204
156
135
103
116
243
12
58
43
222
103
182
37
152
152
4
24
84
107
120
195
185
248
152
102
177
241
58
139
47
217
187
185
113
12
43
158
217
198
109
43
152
211
81
11
254
185
195
191
221
116
54
212
53
176
49
2
93
87
152
243
121
132
234
89
46
11
180
223
97
248
2
253
161
216
237
244
169
53
152
162
222
65
254
30
103
110
136
116
125
118
227
4
211
211
138
142
15
236
132
193
217
170
185
30
135
109
182
78
256
169
61
156
169
35
30
190
