14
209
25
208
7
105
122
7
192
201
187
3
16
17
66
187
145
201
39
180
126
143
66
116
195
229
39
182
88
91
216
29
123
123
17
238
111
8
219
29
88
174
242
84
187
195
222
111
87
183
238
183
76
59
183
212
192
73
111
201
243
220
87
111
94
162
164
21
1
38
31
116
225
126
117
5
14
64
225
111
106
203
166
162
201
121
106
1
17
13
162
201
146
144
1
187
111
217
204
180
163
229
248
195
31
61
87
123
146
196
88
225
199
162
31
39
53
17
103
145
38
174
249
21
91
18
110
150
29
10
18
193
184
201
129
111
144
111
21
217
143
145
150
111
29
191
112
29
143
223
223
115
111
111
150
143
256
236
49
96
1
187
13
238
47
186
169
184
5
146
81
45
74
13
243
150
143
55
6
191
164
134
239
96
250
63
111
252
150
179
66
87
41
134
64
102
223
51
16
219
24
134
153
73
17
129
143
81
165
84
146
203
147
14
242
76
83
27
164
146
29
216
252
57
242
1
186
96
234
105
11
22
22
176
64
196
14
239
228
238
63
95
18
108
111
250
25
95
185
105
3
90
67
147
247
3
41
67
16
134
10
216
3
100
250
134
96
43
201
131
13
25
181
146
180
17
119
12
250
93
95
46
125
90
175
80
164
127
210
252
42
25
149
182
111
80
37
146
183
13
111
64
220
238
53
14
223
57
42
69
29
157
29
229
179
217
185
93
14
49
114
201
172
210
147
38
31
132
221
217
229
158
46
49
170
174
108
159
230
29
64
176
191
90
211
90
250
2
38
208
111
189
248
88
168
194
238
17
251
146
22
178
90
212
110
239
219
228
65
248
229
96
39
150
207
256
237
64
88
132
104
211
155
186
231
3
209
176
239
238
251
126
103
124
64
191
43
126
175
112
189
100
228
98
233
256
91
111
145
73
256
111
25
179
42
117
115
170
39
13
147
229
17
248
103
34
18
34
129
184
69
95
109
232
63
221
214
193
229
12
138
216
235
114
201
76
170
241
161
166
83
32
236
222
16
10
37
3
211
219
222
34
231
117
250
202
111
240
238
195
17
172
24
54
57
3
106
183
178
238
116
223
155
3
256
87
73
140
73
215
256
50
223
3
183
37
52
103
54
252
111
80
105
170
114
47
210
93
73
14
171
239
93
223
229
65
189
238
136
229
111
25
189
134
95
5
37
240
22
25
197
110
22
91
120
126
116
162
134
103
56
26
36
49
238
83
115
245
172
73
29
170
106
5
250
120
168
20
117
46
91
155
103
115
50
255
18
69
223
73
218
140
91
96
148
18
35
123
167
113
91
145
13
26
10
221
119
229
229
76
83
238
221
26
145
14
213
73
108
212
44
171
13
94
106
88
56
222
160
57
219
167
226
25
240
179
45
215
210
24
63
42
46
236
170
50
248
238
236
125
26
106
229
91
96
121
233
256
3
175
27
121
105
91
204
247
64
6
113
26
8
103
170
146
38
26
214
76
60
38
17
246
143
60
102
49
46
74
5
210
175
87
69
80
19
203
115
169
190
213
236
169
37
31
195
37
1
1
32
106
34
105
11
192
99
171
105
22
9
59
222
220
103
40
16
160
171
26
233
121
16
190
203
49
144
221
203
120
144
156
57
12
171
246
65
126
126
210
120
52
144
73
26
94
4
167
56
167
108
160
229
32
24
83
170
249
136
26
32
32
190
178
181
95
6
192
67
9
17
171
223
125
108
242
183
35
215
196
220
164
10
109
31
10
10
137
64
106
39
144
17
233
5
56
34
245
100
198
213
137
233
116
172
18
134
58
10
139
196
153
16
22
87
37
207
26
19
131
252
252
109
54
121
223
9
102
249
24
8
238
34
120
249
189
121
180
76
236
91
48
132
108
164
39
207
14
116
205
132
138
176
210
86
147
117
233
10
99
78
116
34
16
256
120
216
238
170
64
41
132
11
233
176
111
226
229
15
136
111
21
197
154
64
115
220
8
171
67
81
167
230
205
220
97
172
123
136
167
214
95
20
161
93
139
167
120
152
217
10
201
9
6
20
252
222
179
149
64
175
249
108
170
62
95
10
65
28
20
20
88
67
100
26
29
216
244
106
8
64
111
139
227
168
95
176
125
253
76
2
96
153
147
49
226
207
56
233
10
216
220
190
221
233
26
191
225
106
207
207
170
63
94
75
204
233
198
63
106
164
167
151
121
26
9
100
67
233
222
78
97
34
192
111
191
119
195
133
207
38
99
215
209
242
176
120
34
29
137
25
158
95
249
39
117
233
38
182
56
237
31
231
1
120
207
100
238
220
220
109
207
9
207
52
110
27
67
238
231
233
125
220
214
44
24
86
111
215
95
231
216
175
220
24
175
207
229
88
31
159
197
145
13
52
56
79
52
47
238
34
161
192
131
200
200
100
196
218
4
245
145
28
13
187
154
233
252
245
45
164
153
216
117
244
100
79
125
152
42
9
220
241
223
137
34
125
167
167
138
106
41
167
252
176
90
84
241
167
207
186
12
135
42
52
255
251
230
111
232
221
220
228
240
12
192
98
34
113
15
45
167
141
149
8
89
11
230
94
242
167
170
27
233
145
78
25
24
21
42
86
189
120
10
199
79
39
25
174
116
133
170
104
52
53
15
95
108
86
153
65
207
241
167
233
167
233
233
121
34
100
115
44
25
176
174
105
204
8
125
174
220
38
229
93
117
136
167
233
189
231
111
27
44
167
94
197
44
167
242
108
11
249
182
120
6
57
149
37
155
106
170
194
64
200
56
101
200
52
203
233
26
220
93
46
167
111
230
214
90
189
34
34
196
111
11
125
9
72
9
167
238
9
220
167
39
56
233
225
40
169
168
22
248
125
223
167
100
220
147
81
208
191
207
245
56
139
26
192
53
117
64
106
175
174
79
110
190
34
19
83
192
191
117
34
213
167
192
178
35
73
249
10
163
10
78
176
190
150
105
28
12
12
250
34
22
247
232
72
179
216
76
186
210
86
241
196
191
197
111
122
99
230
240
192
80
15
230
192
19
146
5
81
9
76
191
255
216
144
229
226
147
181
24
136
230
44
207
223
238
9
99
64
253
180
155
111
239
167
113
111
255
216
154
192
44
196
61
100
26
56
10
35
61
169
145
198
198
110
201
174
42
57
233
70
111
199
238
52
65
106
78
110
120
125
67
111
91
174
10
201
20
10
70
125
135
202
26
230
120
125
43
167
221
244
237
227
215
108
204
120
161
66
197
25
190
24
103
8
125
37
232
9
20
146
90
137
120
133
8
44
122
248
78
247
52
215
240
111
96
120
228
39
67
49
20
38
12
5
120
213
70
117
67
44
192
61
103
55
167
203
78
53
125
81
43
24
53
233
196
186
41
26
239
69
103
230
221
192
29
14
26
192
164
214
57
233
197
4
192
110
197
149
62
33
111
239
106
167
95
26
101
129
189
226
145
115
47
189
26
26
137
26
106
117
253
252
33
117
125
189
164
24
26
125
207
44
41
60
10
79
239
147
230
83
167
149
70
77
158
152
212
138
60
167
57
223
26
20
182
240
14
10
42
192
120
161
73
67
232
167
26
139
140
103
233
35
215
61
35
228
120
10
34
105
69
33
169
120
196
187
39
100
140
20
64
81
61
99
134
10
117
44
215
202
137
81
149
201
112
106
149
50
3
219
189
34
161
225
44
233
253
162
105
238
91
191
247
233
138
256
34
182
190
78
79
122
29
76
70
151
192
52
31
238
100
9
162
210
190
34
63
214
11
186
174
57
186
253
86
232
238
210
186
212
239
230
125
111
72
117
107
20
158
253
210
138
170
146
120
191
125
121
72
19
256
125
182
220
20
192
216
9
196
166
67
149
196
95
198
70
149
120
201
91
192
29
189
228
192
167
57
104
199
33
247
192
72
106
34
182
172
37
158
232
32
10
179
120
20
137
9
73
199
46
170
97
108
173
106
225
20
120
116
217
131
230
190
26
77
100
100
117
13
213
230
72
206
57
125
35
219
179
146
20
55
49
120
242
24
179
192
170
83
20
56
34
10
117
233
24
106
169
116
157
99
192
194
233
117
100
70
176
182
4
72
198
81
192
56
197
161
248
169
169
149
203
4
150
57
96
145
42
111
10
170
91
194
91
237
26
253
16
147
233
210
238
128
56
20
167
5
243
203
194
189
128
69
120
242
176
49
27
178
111
210
17
195
190
201
80
192
242
96
11
9
238
33
86
210
195
11
139
76
221
252
116
115
83
170
115
134
64
39
86
52
156
9
153
65
102
230
128
195
186
99
38
72
56
205
233
69
96
102
189
73
34
210
178
146
139
15
167
190
77
91
10
214
192
70
42
218
31
194
45
192
9
233
249
39
49
34
62
86
214
102
35
83
24
179
169
44
218
9
96
122
73
210
196
170
134
210
91
102
52
35
56
12
228
86
174
202
52
230
179
134
8
117
56
203
238
256
73
210
86
158
35
120
