121
22
24
24
138
154
154
22
138
76
138
110
40
154
96
127
154
42
42
55
209
138
154
209
40
31
64
209
209
132
40
147
105
55
226
7
147
172
209
138
132
94
95
13
211
226
40
74
22
3
40
132
211
74
115
13
174
59
10
162
51
226
121
182
222
132
7
40
222
75
55
129
91
147
217
109
121
81
147
211
162
217
230
116
181
209
55
123
3
59
38
40
147
214
19
123
51
15
226
66
90
74
31
52
247
91
129
38
3
61
208
211
19
55
147
115
110
52
55
123
38
55
90
22
59
210
118
40
66
151
209
93
211
136
232
104
93
125
55
49
38
18
221
84
91
74
182
29
211
179
25
217
52
250
28
22
31
38
205
151
125
193
8
247
19
116
104
97
101
183
26
123
211
90
94
171
205
28
127
104
57
64
205
15
217
31
182
102
217
101
250
122
205
128
102
102
122
37
194
214
172
211
164
97
109
162
217
29
132
29
217
114
55
67
206
97
41
32
97
103
112
206
193
237
103
239
17
179
217
114
238
82
78
212
209
104
91
101
114
28
114
115
209
15
194
129
128
210
102
8
247
211
91
182
214
171
50
82
128
97
123
205
115
153
115
214
97
67
214
55
12
245
110
153
54
15
54
37
238
205
162
4
37
120
172
245
82
115
97
114
54
221
247
19
193
38
217
238
96
78
222
15
238
181
50
115
9
63
34
14
3
247
204
96
54
69
37
128
55
215
66
14
81
193
120
97
193
105
115
4
111
28
104
28
15
47
123
111
171
197
209
193
17
1
96
197
171
184
26
202
115
205
91
14
37
143
114
138
222
9
110
54
120
114
111
28
48
197
153
93
193
199
26
106
164
139
215
213
222
70
6
237
37
13
115
206
143
144
214
209
128
171
110
190
28
120
27
128
184
190
3
193
163
49
193
118
94
197
37
150
109
97
120
204
49
66
74
76
153
161
59
78
180
224
171
153
253
204
225
28
220
145
193
74
245
245
231
98
138
178
154
227
19
118
17
249
213
215
197
227
207
207
17
155
18
2
