36
36
152
115
36
36
143
73
73
146
36
55
152
36
50
31
84
33
176
117
65
146
80
243
162
84
176
170
162
146
170
55
256
162
31
84
23
84
31
194
229
256
162
152
114
203
66
115
90
115
256
84
214
42
84
162
80
80
39
166
165
162
231
73
115
80
119
197
44
84
94
22
107
169
29
162
80
107
66
220
106
75
152
162
106
112
220
152
42
7
23
152
40
256
231
27
73
8
166
113
162
107
174
107
175
44
166
160
210
152
196
225
155
186
22
36
200
8
162
84
31
22
231
152
183
8
186
225
145
22
208
162
162
23
146
8
150
52
176
73
84
140
204
162
31
22
22
166
121
166
22
204
237
95
112
84
31
81
176
29
29
89
225
135
84
220
204
119
170
44
153
215
243
40
29
80
113
95
85
73
41
203
155
196
80
69
69
84
73
113
146
162
146
121
33
215
208
225
153
50
31
98
239
98
40
66
251
66
89
22
240
166
121
98
174
196
85
196
50
121
139
84
203
251
131
88
36
101
215
73
107
203
47
209
204
219
42
186
89
231
152
146
50
81
121
36
112
160
140
175
23
155
146
73
85
225
182
16
204
35
166
204
84
214
32
150
203
62
98
44
77
135
231
211
62
80
152
197
251
21
152
115
84
184
251
252
27
237
146
95
230
231
215
59
215
130
214
80
240
152
36
35
240
88
80
194
76
41
36
113
157
107
146
189
152
152
18
169
152
186
251
80
144
256
119
89
31
42
202
251
99
31
84
60
13
113
175
159
237
186
170
40
191
243
152
81
44
168
213
106
29
162
237
192
152
230
67
231
31
116
146
80
152
99
31
18
98
166
85
119
197
76
110
82
189
182
82
25
200
66
36
89
254
16
121
18
256
195
152
249
245
142
47
152
23
70
152
256
252
117
152
256
251
81
225
153
50
39
243
81
18
256
25
215
16
240
152
31
256
238
146
192
166
152
129
95
190
195
197
47
201
113
51
80
138
140
146
151
29
249
146
107
251
194
121
85
240
187
249
107
31
16
16
152
211
25
230
204
52
85
40
153
94
39
256
219
169
138
42
7
74
202
140
110
228
23
152
10
23
162
48
85
113
215
176
251
139
80
233
82
110
170
129
186
84
71
152
23
240
166
88
157
34
32
235
51
162
106
31
161
31
203
139
33
202
231
232
210
229
131
197
178
27
108
80
215
220
202
169
240
52
52
190
152
231
166
51
170
213
251
72
202
163
164
157
256
152
152
135
248
84
71
197
84
230
104
138
51
254
55
35
238
243
97
23
135
39
146
42
241
162
160
256
47
253
256
253
72
186
74
39
251
56
190
148
203
88
221
213
214
84
157
161
76
215
215
150
190
23
159
155
20
55
127
52
140
177
32
86
213
23
197
249
162
104
63
209
125
152
8
140
186
116
88
52
107
170
249
84
115
107
60
108
203
203
208
176
166
15
169
227
256
152
186
39
106
74
11
196
125
65
159
82
152
203
237
72
35
243
23
152
73
151
186
176
140
236
203
220
152
183
215
176
52
25
178
116
38
240
81
237
251
13
220
44
87
208
152
164
123
152
86
158
59
238
42
176
226
82
121
190
72
181
204
194
214
164
149
35
85
115
146
170
23
196
52
31
121
197
159
200
88
51
240
249
23
72
227
215
201
3
215
205
148
196
210
217
169
237
142
157
185
35
140
190
85
240
58
251
135
11
62
110
229
23
186
219
190
229
138
251
203
201
140
163
57
51
197
85
175
144
196
240
240
25
98
164
146
20
85
7
74
38
238
230
88
72
88
39
148
210
64
256
80
82
20
132
128
66
52
162
121
152
218
142
54
176
149
215
253
210
197
85
239
66
59
152
197
116
170
112
196
191
64
146
173
166
23
38
235
197
197
103
169
226
82
16
139
152
99
139
204
99
157
166
239
84
32
71
190
72
256
72
31
89
80
197
163
72
243
216
12
157
161
25
253
112
56
63
184
191
230
210
140
178
225
252
173
50
88
183
140
84
164
189
62
85
214
220
214
201
35
197
135
168
153
89
89
203
72
44
8
76
186
202
42
36
23
238
152
146
80
46
35
97
133
197
31
180
73
78
135
148
230
73
184
178
228
146
51
59
239
214
23
29
119
148
250
105
42
140
197
140
5
52
201
239
256
256
126
101
225
60
1
203
164
50
88
203
35
74
235
115
159
176
45
85
215
20
24
73
223
35
230
197
186
23
89
123
220
23
181
35
120
74
34
157
27
75
237
138
88
103
35
106
152
65
23
169
168
158
31
35
74
178
239
28
105
23
157
153
256
235
170
73
73
256
111
89
197
72
44
99
64
89
75
239
196
169
197
186
146
213
235
51
37
220
95
23
256
25
8
35
202
27
25
48
20
33
179
190
201
229
140
107
253
176
125
184
13
164
237
94
125
149
6
214
62
182
126
76
194
153
218
249
99
164
6
86
197
165
253
134
157
103
11
88
58
224
3
44
157
239
37
81
89
114
73
159
108
236
85
135
111
244
240
243
116
37
197
107
197
249
8
249
107
174
54
115
25
23
163
137
223
152
65
109
204
240
114
251
213
214
186
239
35
20
171
32
184
56
166
21
107
95
24
238
169
114
24
20
214
123
85
37
33
136
191
220
170
221
35
241
255
241
110
147
44
44
13
25
181
192
81
109
182
55
187
186
181
203
142
10
82
176
103
196
39
88
237
110
23
48
27
242
10
128
106
231
189
140
20
15
241
114
248
220
170
25
3
35
64
171
211
201
256
125
62
250
26
62
239
197
20
35
4
125
256
169
77
44
157
218
140
4
119
148
80
135
37
178
237
23
110
137
54
20
215
166
166
113
77
78
64
30
152
169
46
148
110
195
224
148
129
86
74
253
184
250
148
63
197
13
68
72
8
197
171
10
23
89
54
23
31
186
37
37
73
160
89
234
152
205
105
165
106
34
63
225
203
15
99
122
40
35
159
82
74
107
95
98
232
95
82
8
115
170
8
48
25
99
165
194
252
113
20
20
230
53
219
197
153
142
137
132
233
62
201
203
99
174
65
89
37
10
202
110
63
256
220
46
146
110
72
197
135
148
42
192
194
251
181
107
151
253
202
203
63
34
23
192
114
214
76
52
44
241
88
218
148
228
252
37
165
219
251
107
105
66
72
253
249
141
12
105
23
181
159
178
231
234
109
35
170
19
240
127
34
215
53
203
115
76
92
125
166
215
127
204
181
141
29
135
163
253
107
68
234
187
157
23
73
103
165
73
48
181
25
251
163
64
159
70
242
239
237
199
219
184
177
182
239
64
48
56
256
1
215
213
57
252
72
203
186
32
228
31
148
133
210
54
23
51
215
73
106
115
253
121
201
215
152
72
236
86
188
249
193
215
91
252
140
193
218
250
154
148
193
133
148
32
252
114
23
148
64
57
228
82
171
171
112
111
256
249
186
109
91
251
146
114
167
230
196
230
230
57
219
31
182
48
185
137
191
73
114
37
196
133
184
215
23
78
109
63
75
192
62
115
152
99
171
77
248
10
219
194
88
20
250
110
63
192
48
161
88
249
203
105
35
35
120
20
64
225
204
65
146
220
37
50
230
201
112
203
35
204
109
47
203
25
159
184
40
74
220
25
243
194
88
203
51
210
238
105
35
253
169
148
16
31
23
102
74
237
12
140
102
107
110
79
22
240
155
97
115
85
72
52
67
175
116
42
148
236
228
57
230
56
203
73
201
109
221
214
201
82
89
57
121
228
132
35
211
10
82
106
228
221
79
210
76
32
203
19
161
199
23
37
23
56
37
18
84
18
250
171
106
219
45
96
114
148
78
74
144
23
105
157
37
197
220
139
250
23
186
170
62
225
128
237
237
109
37
97
192
228
93
160
109
251
203
46
109
220
210
141
82
37
88
3
219
24
236
148
183
146
24
127
225
199
64
238
239
175
250
204
76
73
148
240
23
159
135
8
64
84
35
103
78
148
37
254
23
20
61
79
190
133
183
240
78
250
62
67
149
94
190
195
120
53
159
82
88
192
256
56
52
169
109
78
161
220
213
34
178
95
163
170
189
252
231
34
97
72
228
44
169
76
105
148
228
81
82
163
64
159
157
23
48
252
120
210
88
163
54
23
240
250
15
96
224
219
13
149
254
254
109
50
196
86
109
14
53
254
140
160
69
35
117
237
159
256
86
66
242
194
155
161
188
159
106
200
114
190
253
25
23
79
20
5
105
103
148
37
149
109
13
218
88
204
82
124
228
44
106
86
117
228
83
237
46
106
35
198
180
193
175
133
220
96
241
23
42
15
256
20
186
82
35
23
59
153
243
218
152
23
142
81
12
23
25
213
256
124
15
147
77
125
125
234
231
179
183
204
48
64
56
80
242
157
45
207
127
72
23
159
125
77
86
79
235
256
249
52
136
186
45
233
169
32
88
203
140
240
105
255
140
223
238
109
35
95
23
237
25
237
88
111
242
197
56
26
89
68
201
15
91
42
237
64
23
232
62
161
186
84
184
157
239
174
23
115
78
159
5
15
88
56
96
114
222
76
240
133
228
83
72
184
238
252
35
117
156
128
77
109
169
35
92
114
249
10
230
238
121
119
25
3
86
215
219
27
13
32
193
35
230
34
235
148
228
243
234
23
32
159
4
190
250
68
82
76
78
53
235
159
145
220
73
106
237
227
242
106
47
23
233
82
157
228
25
86
153
82
198
118
15
184
170
20
82
57
88
121
58
121
63
256
125
76
28
197
45
20
88
86
48
163
175
73
256
235
237
134
163
215
133
86
155
63
159
169
161
163
93
256
185
107
23
253
110
44
53
218
40
53
73
10
117
238
139
98
146
230
86
163
133
103
249
78
149
190
196
32
237
197
82
48
102
164
249
86
8
148
218
27
42
53
23
184
52
215
48
114
26
33
197
230
23
72
107
159
42
133
184
255
57
169
70
225
178
167
253
228
230
184
65
159
218
64
230
77
82
10
235
190
159
4
5
56
124
15
190
140
197
46
189
214
82
72
163
10
49
230
200
56
249
62
197
77
235
213
228
202
34
218
113
240
111
32
24
137
186
16
163
5
125
42
56
82
52
184
86
190
23
140
77
53
26
219
133
97
149
48
163
200
88
1
74
20
131
190
219
237
57
184
53
198
192
185
16
77
242
149
163
86
27
89
249
191
110
110
29
197
220
64
256
238
235
85
77
138
77
38
228
56
140
244
23
242
112
56
110
78
159
115
242
28
180
249
78
23
133
157
47
190
145
193
124
216
53
117
249
82
23
82
58
86
243
197
223
157
86
82
232
32
45
228
138
65
190
190
237
237
133
163
82
148
202
1
131
42
159
10
161
197
197
230
121
124
207
110
131
149
160
161
193
200
197
215
116
10
197
152
157
229
142
4
110
88
197
197
53
115
158
200
117
241
197
68
117
254
218
163
232
163
