231
146
146
231
29
3
59
63
80
193
175
7
63
65
65
183
205
54
63
16
206
171
206
14
143
54
239
192
143
7
13
209
209
3
231
106
14
209
209
106
176
3
143
10
206
205
63
80
96
201
52
209
105
208
192
164
206
79
168
9
194
164
14
121
79
164
220
92
17
7
3
55
14
209
63
206
192
146
40
226
146
204
90
146
188
209
226
58
105
190
105
204
14
134
203
208
134
206
171
226
68
105
68
226
70
208
9
192
105
206
121
253
105
190
201
190
14
208
146
190
190
171
76
168
84
14
249
188
90
50
206
54
66
118
131
84
208
14
108
68
120
171
190
131
208
186
28
44
190
17
206
150
171
25
5
206
65
168
78
206
131
253
28
194
134
65
206
44
37
150
59
188
90
206
30
37
171
76
50
50
162
212
53
61
43
68
168
190
50
47
14
189
118
22
141
93
77
212
190
171
146
76
80
37
131
41
31
171
92
208
171
171
141
212
165
92
37
91
238
120
105
63
37
54
17
168
171
92
150
33
206
208
158
26
188
206
37
63
30
48
211
188
172
229
115
245
37
212
174
66
2
68
9
57
192
229
68
65
245
231
163
165
211
37
164
226
217
43
145
250
38
187
134
63
28
221
105
195
188
248
37
63
27
192
188
28
207
231
221
238
188
92
63
141
16
168
188
217
191
131
99
54
59
67
156
193
92
195
96
5
49
37
250
237
164
37
190
223
227
14
66
248
116
105
168
171
188
96
226
168
64
212
92
134
248
91
188
141
58
63
192
55
128
65
123
191
243
243
171
114
38
188
116
24
27
99
22
97
38
75
188
34
149
192
211
66
37
190
68
171
188
93
101
24
168
79
38
172
246
231
248
187
191
131
92
24
115
229
2
206
256
156
76
145
3
110
156
101
20
13
92
64
99
104
70
66
137
28
226
97
149
57
116
13
15
92
93
105
107
118
150
86
227
171
248
8
75
7
13
65
46
131
77
28
188
206
14
66
57
188
171
206
38
217
38
216
188
159
101
226
150
188
188
245
105
246
63
163
43
226
3
188
141
10
172
137
78
2
185
227
101
171
171
141
123
180
43
37
46
243
247
24
85
229
88
92
190
76
90
171
128
226
137
105
192
54
188
188
245
30
71
163
114
26
114
28
21
188
9
44
63
169
66
188
183
107
216
188
156
107
31
216
76
14
156
183
26
54
171
96
153
207
171
76
114
183
76
167
137
139
171
104
188
171
256
14
144
2
75
163
135
106
171
93
8
211
116
87
28
188
253
232
188
43
207
227
171
22
168
172
167
76
77
169
70
61
168
232
200
20
207
171
87
92
55
3
89
101
54
37
12
242
125
65
216
96
63
92
171
231
2
76
243
150
79
158
248
1
43
92
88
150
93
26
111
127
137
6
128
55
90
120
227
113
207
174
64
57
236
76
144
172
236
101
188
188
129
219
13
135
107
70
141
25
59
190
103
13
256
46
163
93
43
188
26
235
22
171
126
86
137
181
26
248
38
120
4
163
13
28
9
236
42
105
37
171
137
182
226
26
101
233
168
223
171
195
196
111
192
153
251
55
238
178
44
68
104
25
121
207
94
201
12
141
55
238
169
70
164
94
229
44
220
93
79
64
43
13
70
35
26
158
196
168
185
191
229
201
2
76
113
192
196
68
222
38
226
93
43
138
140
192
15
230
188
100
198
38
85
6
106
88
38
116
250
104
74
5
88
150
247
188
15
253
192
127
70
238
75
70
107
9
238
192
79
33
210
70
13
236
122
256
128
175
225
121
92
103
57
79
15
140
218
192
138
105
105
207
216
226
144
150
43
245
124
27
26
5
70
110
104
136
71
207
93
226
104
216
137
108
123
2
123
229
55
180
137
14
137
186
57
195
207
223
15
9
121
238
150
207
44
192
188
70
103
122
175
137
127
163
150
13
59
194
170
28
189
43
121
13
138
188
218
108
222
245
43
70
124
203
59
148
79
122
86
75
170
121
70
105
236
29
102
194
40
207
43
238
178
107
226
183
104
216
204
90
254
148
3
194
93
73
198
107
163
136
43
43
201
203
15
22
59
103
124
188
65
13
245
220
87
15
13
127
123
140
70
58
22
226
124
7
250
22
242
146
2
250
153
96
92
140
1
103
158
105
1
86
104
158
58
88
179
43
58
235
85
195
43
160
44
114
108
92
148
201
210
35
85
86
108
108
121
94
122
153
110
98
67
19
45
195
168
107
240
39
192
86
230
14
106
94
117
31
43
71
192
242
119
218
205
43
13
103
14
58
33
224
230
150
207
14
201
135
158
240
166
208
150
78
243
188
207
16
146
43
60
70
82
55
178
137
104
77
2
43
232
60
106
158
179
256
207
207
114
81
185
15
60
228
158
109
1
245
185
195
3
169
176
36
158
187
67
191
110
21
70
100
158
131
97
70
31
176
216
137
226
187
158
70
100
164
70
33
70
137
79
191
33
158
36
63
202
100
42
63
132
70
59
9
