187
126
212
126
187
126
138
187
187
126
126
187
126
212
126
129
162
33
127
162
126
127
33
143
250
143
250
128
208
50
250
128
192
127
162
77
208
202
157
250
249
128
230
141
192
32
77
208
157
39
135
202
77
137
237
192
32
158
237
70
176
187
145
128
157
189
220
23
94
189
176
94
189
222
50
77
237
154
94
94
237
32
122
154
189
137
248
165
256
141
53
240
161
154
129
154
216
189
149
42
31
255
248
163
80
249
39
155
129
193
160
141
129
189
161
189
216
207
189
48
122
216
44
39
220
5
176
159
157
122
104
124
69
187
159
25
122
48
9
62
44
215
44
53
154
62
37
178
70
178
222
154
222
199
178
178
207
63
193
11
9
4
48
137
159
154
174
154
48
72
48
163
13
122
70
134
216
72
63
91
154
232
247
72
247
37
104
104
99
26
120
174
45
26
232
159
159
204
197
48
106
25
4
248
15
187
159
158
214
159
11
57
85
15
85
124
133
85
82
253
197
159
82
48
158
48
207
86
159
213
161
82
12
124
148
161
202
72
48
72
48
57
207
218
232
202
163
69
159
82
115
218
232
48
163
82
155
197
202
133
202
213
213
202
