73
146
80
90
126
230
177
83
129
127
127
110
37
81
105
190
105
110
80
105
105
80
126
127
151
28
6
105
200
80
177
138
98
3
250
24
250
37
61
219
146
80
138
80
167
61
233
28
80
164
138
231
250
238
80
8
138
250
160
28
251
160
51
23
151
80
231
206
254
51
3
108
251
242
50
105
105
46
129
51
248
153
54
221
138
245
56
80
5
8
128
80
242
52
208
19
215
220
206
186
245
49
36
93
138
88
80
63
215
242
242
28
160
105
110
160
110
143
50
243
46
51
174
7
204
229
242
143
155
252
163
251
28
220
37
48
80
202
21
191
128
52
235
211
51
105
230
140
165
64
203
111
139
186
11
162
33
166
54
245
191
54
166
174
63
18
139
80
251
122
224
221
250
174
54
159
188
122
154
243
72
123
65
28
84
60
105
220
67
205
54
166
167
61
110
105
37
92
126
243
117
18
74
191
26
153
251
211
140
160
45
67
244
51
182
147
67
177
18
80
4
110
140
42
242
243
96
191
245
5
248
125
72
149
223
98
103
200
127
106
28
66
105
80
125
13
123
167
242
110
105
224
37
188
68
251
7
13
122
83
45
245
239
123
243
165
242
140
102
146
21
139
28
3
148
22
58
172
28
210
47
51
243
74
26
245
54
165
122
44
56
214
33
142
84
166
176
214
243
26
140
183
72
160
224
80
242
17
165
139
119
110
135
33
186
243
122
80
156
163
235
128
58
142
64
66
35
82
80
112
47
105
256
122
162
180
16
129
80
111
181
91
245
37
24
80
80
249
105
256
36
18
140
162
140
130
47
17
167
37
26
103
91
84
159
59
214
167
13
231
237
102
35
52
32
23
156
160
228
73
50
50
236
80
84
72
80
110
243
37
237
122
57
84
170
216
181
36
200
243
191
71
251
220
202
247
80
31
174
72
32
252
80
165
231
215
184
252
67
249
13
190
72
122
189
91
139
34
123
44
59
4
37
117
141
89
205
105
235
176
218
24
135
147
64
52
216
170
9
66
135
39
171
77
154
23
58
235
112
118
188
221
36
191
220
164
161
122
88
50
139
80
91
176
140
174
73
221
214
218
77
84
98
220
216
213
29
208
115
162
39
55
219
147
200
93
188
139
9
54
26
237
155
199
238
139
123
123
33
162
48
77
52
122
31
80
213
91
157
58
154
18
87
35
190
131
181
161
154
167
67
217
80
71
21
237
137
39
109
49
218
91
55
214
170
36
189
125
141
77
150
67
124
105
163
140
163
162
122
112
123
151
147
67
171
163
82
55
93
189
253
12
160
139
87
37
29
57
139
141
60
38
80
80
221
36
237
231
83
147
70
39
138
206
203
243
191
243
138
156
179
66
238
85
252
19
19
176
238
178
143
56
214
24
138
215
61
256
147
245
179
94
24
214
35
82
17
181
139
176
13
243
111
249
100
124
87
148
92
243
154
148
190
235
116
56
37
77
77
48
29
129
198
164
178
163
252
11
23
32
43
220
248
83
13
154
244
237
3
158
186
29
116
227
195
77
177
93
71
241
49
44
34
171
47
23
73
65
195
187
77
92
159
162
112
256
23
119
243
162
193
189
189
164
17
154
23
191
129
164
29
91
161
248
118
237
256
191
167
178
49
17
113
80
52
124
149
116
117
82
23
240
139
125
87
219
240
161
56
26
13
35
190
51
227
114
244
125
49
3
149
91
130
161
19
123
167
106
83
91
139
169
149
126
233
71
164
202
167
86
114
252
178
80
87
202
129
37
56
52
72
163
158
82
212
42
176
148
116
118
216
9
202
252
253
52
82
176
238
141
136
225
159
220
243
198
215
116
172
126
243
236
215
16
136
233
153
159
101
17
245
167
43
238
134
204
84
155
244
252
26
243
233
77
164
137
143
175
250
241
22
45
110
253
141
17
27
217
129
56
195
49
77
142
17
62
46
167
47
82
172
134
23
46
162
38
65
136
216
213
216
46
239
119
198
79
234
49
216
199
172
67
237
175
113
237
221
46
159
24
117
161
55
215
53
148
116
249
243
251
139
146
94
213
85
35
238
250
169
46
40
190
55
229
32
23
208
43
244
213
161
134
176
30
238
121
77
55
10
123
98
37
161
144
72
150
16
245
83
60
161
167
46
237
213
150
216
43
91
217
164
77
53
29
107
194
96
211
81
113
125
243
55
153
117
28
47
244
153
29
217
11
153
129
12
202
200
225
36
44
225
204
213
190
30
84
82
161
26
106
28
215
49
139
211
55
83
18
166
136
72
23
217
237
188
129
36
221
117
164
32
76
216
140
126
36
134
56
6
159
148
256
245
215
82
208
13
51
47
30
242
50
26
224
147
191
164
217
164
36
72
104
141
104
56
34
50
215
116
154
162
235
88
159
241
164
217
5
46
81
148
92
94
24
213
102
161
233
26
48
220
256
25
155
77
160
85
247
144
31
147
61
156
141
17
211
18
247
72
17
162
241
164
107
251
230
217
248
28
84
23
86
241
117
56
241
255
251
24
94
143
141
214
161
244
147
28
91
60
241
60
140
11
191
213
171
216
25
12
242
147
58
162
117
26
211
72
171
116
28
46
14
125
233
216
247
33
39
60
17
250
71
239
17
43
43
43
245
139
198
84
216
200
17
34
147
22
45
89
129
182
43
101
92
20
12
166
82
102
142
231
21
50
69
8
47
101
166
247
191
126
25
168
135
56
114
160
127
89
118
245
60
245
87
28
42
125
229
224
221
215
251
139
46
46
65
219
193
197
139
93
125
71
147
39
216
241
120
131
34
221
130
39
231
72
135
154
151
142
224
202
156
197
42
172
169
68
121
158
117
229
199
8
72
82
69
42
164
142
135
84
58
227
110
115
23
250
117
112
229
28
243
161
213
12
199
43
53
190
49
176
165
162
55
28
39
87
105
161
5
129
216
47
5
105
255
245
142
233
231
9
152
36
204
160
47
96
243
203
117
28
122
92
256
198
167
60
91
196
145
159
240
154
145
204
24
124
243
39
203
84
124
163
26
25
55
23
216
67
167
167
227
193
12
240
207
92
9
151
66
116
124
255
204
124
214
78
24
31
232
86
232
157
13
197
74
21
10
174
176
32
105
176
214
84
25
174
221
190
162
183
145
244
30
64
195
33
243
54
13
158
67
174
49
131
19
146
255
199
17
117
145
199
227
224
5
23
23
131
72
58
19
74
224
237
43
17
108
176
120
240
252
149
135
52
99
169
215
248
207
161
54
19
170
122
163
124
7
72
111
172
163
237
14
19
217
23
210
224
243
163
39
162
42
61
176
124
124
119
117
21
169
23
5
254
42
39
117
200
216
255
10
117
72
32
39
106
17
20
36
12
52
4
216
77
158
39
12
20
228
8
167
220
161
124
220
39
39
159
77
212
141
52
124
193
256
158
86
53
56
104
70
228
235
216
207
33
204
57
234
57
249
36
24
20
230
168
87
124
13
39
124
20
125
93
247
162
33
110
60
242
65
50
124
230
81
224
228
256
247
196
114
19
8
219
124
130
84
202
234
33
207
212
117
137
197
42
46
35
234
107
201
49
178
135
124
191
229
224
