177
117
168
58
128
58
74
74
74
151
249
249
194
177
153
236
165
150
73
88
74
88
75
63
88
117
32
215
32
121
58
165
150
235
32
23
74
191
165
80
191
191
71
151
176
74
32
32
151
95
191
95
141
205
140
140
140
208
16
151
235
230
140
251
230
88
215
162
181
251
249
235
250
63
18
104
140
249
151
95
42
16
95
168
75
184
250
80
164
146
151
205
181
164
251
182
75
52
209
63
75
171
168
138
205
74
97
75
250
84
146
205
208
63
77
84
205
131
206
174
234
178
74
208
181
32
246
114
89
84
178
170
16
27
243
73
184
205
162
73
42
75
114
250
58
104
136
97
117
215
63
55
97
208
168
249
244
25
74
246
174
55
228
250
228
169
73
178
228
15
97
158
32
40
183
97
114
146
118
173
63
90
150
246
252
246
153
173
205
64
73
66
97
73
249
143
193
27
184
177
250
184
84
28
65
216
150
84
243
25
143
138
53
168
240
245
107
55
177
157
52
59
11
31
53
206
173
43
240
244
17
138
196
250
36
237
129
65
96
184
65
43
183
65
240
36
2
52
184
128
226
24
176
176
162
13
7
75
96
73
115
253
107
32
150
13
36
215
91
63
176
232
253
77
101
186
246
135
52
226
6
193
184
96
32
185
183
72
232
131
80
216
249
39
253
247
242
74
120
39
216
116
72
179
138
50
204
221
242
203
92
170
25
184
208
232
162
199
186
131
170
108
168
162
101
39
146
52
132
65
130
168
89
44
164
186
58
104
173
73
184
71
80
164
178
164
96
124
159
154
77
140
100
9
216
77
53
77
246
72
205
130
164
170
188
80
227
171
218
193
167
65
101
77
72
120
227
53
164
231
164
164
168
117
234
72
94
186
36
221
77
241
241
30
101
80
223
28
206
19
43
72
62
74
227
231
120
32
225
250
235
179
150
226
115
210
25
203
252
120
74
19
49
202
210
72
193
215
218
240
172
150
23
53
36
23
164
202
36
9
229
243
203
25
36
168
71
144
107
191
130
27
29
29
196
113
58
113
99
8
31
191
9
40
207
221
179
215
221
85
129
98
226
226
9
243
55
184
184
203
40
244
231
25
241
136
107
48
36
218
7
120
75
78
7
35
59
138
124
66
29
104
180
88
58
35
154
203
251
8
53
191
245
67
203
184
87
218
226
193
17
185
172
150
197
72
29
94
88
166
29
36
224
99
226
158
48
53
150
7
99
48
166
29
99
160
9
197
231
203
197
197
40
125
104
130
30
31
107
210
37
44
88
210
41
100
53
221
226
231
77
210
4
197
195
173
198
202
15
216
198
197
130
244
191
179
184
4
151
125
198
15
130
53
125
119
