123
54
54
95
123
45
106
95
177
242
95
51
177
229
178
177
95
54
123
113
126
79
171
177
126
51
95
28
212
28
96
79
90
126
129
127
96
56
187
187
132
11
93
132
99
11
184
90
132
177
61
93
3
54
93
28
215
54
54
126
126
16
54
215
94
127
54
38
187
51
74
54
96
62
171
219
93
54
222
96
91
50
248
251
46
28
6
96
6
54
250
248
149
65
171
85
3
6
54
97
6
250
96
37
216
174
205
91
54
75
54
85
38
94
82
45
144
205
97
76
187
37
216
94
16
130
94
112
28
97
51
250
9
127
162
216
107
177
51
187
139
97
245
51
243
175
28
49
49
54
51
177
246
51
109
54
255
9
97
139
171
28
94
54
6
250
90
45
197
174
49
76
255
216
204
82
50
175
212
175
51
64
85
245
47
245
168
174
180
210
182
99
197
9
129
107
51
216
168
168
139
250
168
64
129
197
58
210
182
171
66
245
171
49
179
58
28
98
97
197
171
26
245
98
47
41
203
231
216
254
67
59
25
197
4
118
226
36
210
104
83
182
175
168
98
255
37
37
62
157
197
95
197
193
125
255
61
199
58
234
67
235
199
28
36
37
118
244
193
9
83
200
240
231
118
47
9
244
66
24
217
97
197
83
47
171
58
97
173
22
120
246
82
208
47
28
223
102
109
61
157
61
149
197
255
92
156
61
58
58
58
167
156
182
112
104
126
118
61
144
189
173
24
93
171
142
171
213
136
157
156
144
197
149
244
46
192
147
197
172
67
118
199
200
82
109
200
107
157
118
200
149
58
41
156
71
148
75
167
146
58
217
189
244
101
162
181
28
26
200
199
126
191
178
125
210
69
58
61
118
137
140
215
47
126
28
125
241
58
120
6
152
233
74
148
37
157
137
157
250
163
157
144
148
56
197
182
47
118
24
211
100
4
47
6
157
239
20
37
6
171
173
6
157
12
105
178
83
173
62
209
118
197
4
37
158
173
200
197
255
83
148
24
152
189
244
163
126
191
125
147
157
142
148
152
162
71
115
246
189
250
24
37
148
132
78
167
167
43
62
12
156
120
24
5
21
69
47
252
200
152
157
167
36
231
19
167
157
61
229
44
10
173
148
71
20
114
156
125
157
252
37
188
188
236
68
245
36
193
157
156
118
5
21
239
36
254
16
64
234
151
46
199
62
173
89
9
181
148
24
63
157
125
70
197
199
47
20
90
157
119
58
157
119
102
157
234
217
168
210
141
234
252
12
110
20
99
227
148
234
209
227
157
191
119
227
119
24
254
255
99
65
119
227
250
107
217
234
62
127
91
82
125
173
229
36
119
71
84
24
119
26
185
23
157
126
216
156
72
156
254
233
99
58
148
188
234
82
125
119
252
227
191
234
224
157
109
115
87
119
24
58
115
119
197
197
119
193
254
6
197
254
170
125
210
163
119
234
234
191
191
246
12
217
141
41
152
42
173
98
62
119
61
70
190
24
246
254
104
156
99
234
191
152
42
254
254
200
245
197
148
254
129
44
154
58
254
234
160
141
254
23
58
36
152
152
254
215
119
227
254
197
246
148
119
119
24
226
193
188
112
254
26
37
148
99
231
254
254
148
193
200
227
200
58
246
197
254
122
152
200
99
157
148
148
156
36
188
152
229
113
254
141
142
185
156
119
159
255
30
58
193
20
4
254
152
191
82
200
113
44
246
197
246
141
234
36
254
148
167
197
190
148
190
254
215
68
115
197
19
255
197
191
200
254
200
197
197
200
254
157
152
254
119
200
246
82
197
163
200
256
163
