231
166
166
177
177
209
121
84
177
54
7
231
29
7
231
152
166
29
177
75
203
122
106
54
203
166
81
81
130
74
81
74
153
203
81
29
204
204
250
27
146
71
177
89
143
71
80
1
62
98
71
51
128
209
160
152
160
50
204
71
29
7
163
151
50
81
183
27
90
15
222
62
50
71
160
170
96
183
177
163
104
31
88
81
123
163
183
125
163
160
15
175
51
163
113
163
55
90
80
113
208
95
139
127
16
220
177
234
71
85
181
187
163
81
113
29
71
129
162
212
123
113
88
55
218
172
152
74
98
50
212
55
18
237
183
50
96
90
177
127
71
61
145
36
160
143
251
172
74
127
181
54
97
71
1
29
16
96
190
15
55
127
151
112
239
16
28
51
113
175
16
147
160
64
181
71
151
177
242
177
211
216
200
187
128
143
32
54
32
95
172
122
139
164
90
196
87
87
156
225
55
16
118
74
64
76
50
186
98
154
175
16
71
172
127
181
1
113
181
181
140
47
143
54
54
143
181
183
71
5
87
177
52
172
128
208
172
200
204
5
28
178
74
18
209
31
109
69
61
156
209
8
26
253
222
160
73
209
127
69
18
153
181
209
239
54
20
20
3
138
125
45
87
209
206
69
127
71
74
7
32
160
32
3
3
20
228
71
51
150
212
3
205
51
32
184
254
5
251
27
172
69
104
84
81
129
51
51
83
140
96
127
140
19
61
87
251
129
156
127
18
51
69
74
213
211
156
65
116
32
51
122
251
177
51
92
151
61
50
143
109
208
54
173
83
211
69
151
87
144
118
160
212
151
144
26
121
151
197
46
197
93
61
196
212
253
74
223
154
94
211
98
200
50
50
53
104
172
94
51
221
11
67
160
127
132
251
160
177
123
69
221
175
153
26
5
153
186
104
246
190
172
67
92
51
208
250
34
243
115
64
29
139
208
182
250
62
242
204
127
125
143
65
51
251
204
74
61
242
29
115
165
66
254
38
160
254
123
18
199
194
51
143
204
172
209
143
66
200
223
98
172
254
69
86
173
51
154
251
62
18
69
234
83
61
160
17
157
75
32
118
190
239
156
69
206
115
45
151
127
181
45
83
165
112
54
239
174
66
87
172
251
151
239
115
160
94
98
252
27
90
147
233
212
64
172
84
200
165
178
185
51
115
47
18
83
172
144
200
165
165
231
212
209
129
143
251
86
204
29
136
31
6
129
156
54
61
199
204
221
98
127
209
106
211
56
186
205
76
234
4
76
199
54
204
172
133
46
127
51
21
165
24
143
5
195
81
127
251
245
81
206
17
165
20
143
236
99
51
104
51
199
67
62
127
66
52
174
173
1
209
188
67
51
47
41
200
17
118
181
19
74
177
143
99
99
197
165
170
127
96
1
177
81
98
123
251
98
123
69
51
129
96
173
71
126
122
20
209
82
210
58
157
15
165
23
129
118
200
233
36
119
251
16
15
165
1
54
10
177
71
12
6
251
172
229
160
177
19
36
143
15
73
245
251
3
7
8
15
143
173
156
37
64
92
173
197
72
91
242
210
93
4
29
83
114
250
218
143
170
40
127
160
94
200
143
190
83
165
113
209
8
90
225
190
4
234
163
200
104
172
101
104
172
204
230
173
215
225
36
84
96
71
172
208
17
195
123
100
204
81
23
20
55
54
8
123
229
99
163
210
20
64
62
123
92
117
95
156
240
20
51
216
134
58
237
250
156
181
5
129
15
104
63
34
5
40
245
81
58
5
38
254
151
92
255
92
181
166
123
138
180
90
95
231
82
166
163
101
200
156
172
92
19
43
19
255
92
201
215
251
47
190
204
158
200
193
246
72
208
160
173
129
197
181
104
125
131
132
138
120
102
163
255
237
182
166
163
165
89
62
197
247
20
93
181
45
197
246
82
197
72
74
45
155
188
197
51
4
99
122
215
197
72
128
72
62
157
52
245
188
168
241
93
197
204
92
164
152
228
38
204
42
62
133
221
147
52
58
38
62
112
234
32
112
219
193
210
164
200
158
142
84
133
128
92
156
249
210
11
52
228
197
27
152
200
14
245
171
154
245
245
221
245
