28
208
168
28
206
168
112
75
112
105
28
168
206
183
140
92
105
54
43
54
3
91
3
37
105
75
112
96
177
177
140
105
184
177
28
37
206
28
95
95
206
3
147
168
40
54
105
95
177
116
132
79
40
97
132
91
68
54
224
105
209
168
177
97
204
5
140
15
168
116
37
177
132
205
169
136
217
244
199
95
22
95
177
169
134
92
154
105
95
207
132
105
244
211
177
6
68
235
54
109
154
15
68
171
199
15
250
154
68
15
37
199
67
205
95
235
184
132
128
250
117
225
118
230
168
204
222
169
105
211
31
11
25
23
67
82
207
116
117
69
225
65
112
95
168
112
67
230
235
37
229
142
46
72
235
168
55
97
136
236
89
37
175
182
237
66
118
249
45
229
209
77
136
118
225
44
92
55
249
23
184
132
190
204
43
154
78
184
208
205
225
132
67
169
205
171
235
193
235
46
209
193
144
136
250
97
250
205
65
239
205
24
5
82
190
94
98
159
142
228
193
205
66
17
112
184
205
133
249
236
228
205
184
95
120
249
249
55
38
184
4
171
193
168
184
143
77
120
3
249
138
249
25
154
15
158
55
230
189
210
65
158
193
136
132
113
190
228
4
4
184
249
136
118
252
162
208
188
184
166
124
139
146
168
95
124
210
58
239
253
194
63
171
209
54
167
158
173
228
228
120
252
3
65
77
208
63
158
76
168
85
24
249
13
112
138
80
256
13
231
189
15
88
159
249
15
179
70
192
190
85
235
103
253
13
54
211
164
248
13
209
168
33
228
85
120
13
139
233
168
86
164
168
38
82
82
235
229
82
15
171
111
83
77
35
133
81
210
54
171
230
63
3
134
243
178
240
31
157
206
205
239
37
15
35
227
182
157
109
80
239
38
218
63
13
201
210
230
247
117
171
190
1
240
37
66
166
29
247
193
168
33
114
256
235
82
48
24
193
164
50
256
24
59
14
229
235
171
41
99
255
124
13
168
146
146
88
14
240
15
158
52
85
53
14
24
90
203
117
73
188
242
12
3
235
124
203
101
192
14
82
184
100
187
253
178
187
109
