243
184
63
17
168
28
26
17
243
171
168
10
26
79
206
174
248
15
184
181
66
97
181
26
168
51
248
37
28
222
184
26
126
178
178
174
181
216
235
248
67
67
178
106
114
215
248
51
94
181
178
88
117
215
67
174
37
73
135
189
114
126
66
63
66
168
9
222
210
168
168
189
235
88
220
181
216
172
220
220
28
172
126
140
220
195
172
78
51
117
147
99
135
184
131
3
205
122
168
220
117
177
38
3
235
75
172
132
220
63
226
210
210
38
106
213
210
150
42
109
122
109
106
147
3
75
168
147
172
223
10
150
3
95
95
202
3
183
147
183
210
177
38
178
95
192
213
121
13
146
54
183
75
150
89
174
154
117
63
233
153
179
242
248
109
64
233
220
210
153
138
147
147
192
138
127
38
192
65
64
138
82
85
220
178
51
114
127
11
215
183
220
167
99
255
114
205
138
140
184
115
75
38
127
150
255
150
117
114
127
235
127
233
117
233
82
249
40
170
238
235
172
147
50
222
63
184
32
174
176
32
174
65
57
17
75
55
63
82
17
138
179
233
150
167
38
214
146
75
139
181
63
37
75
178
216
75
57
32
105
150
9
123
104
182
197
137
167
204
105
75
105
174
77
76
95
105
145
95
75
59
16
174
84
138
64
42
210
70
103
95
53
114
95
171
214
147
185
63
44
101
123
243
55
215
210
90
255
216
174
132
32
168
256
65
95
55
154
18
40
13
216
46
40
184
24
138
46
99
179
139
249
40
38
224
245
104
47
46
167
216
101
42
8
99
131
104
255
210
167
207
61
212
13
171
119
44
122
122
147
145
216
117
216
175
179
34
132
147
75
105
238
17
144
198
110
122
178
181
72
99
38
155
216
58
147
18
101
49
63
138
216
93
63
249
99
216
63
147
64
117
85
60
122
64
189
139
218
216
97
38
102
137
192
168
63
247
255
114
205
72
187
220
42
97
63
167
150
94
141
164
125
216
63
216
104
216
185
174
216
255
192
63
97
93
99
178
154
54
104
193
255
141
235
104
224
99
250
127
138
99
216
224
99
72
41
124
63
124
193
167
168
123
99
168
105
178
124
168
225
255
63
198
65
99
42
154
140
164
77
141
118
220
66
134
21
93
99
72
141
124
167
144
218
218
13
209
58
119
193
167
216
210
39
70
124
54
193
238
118
202
29
149
63
191
214
99
99
255
186
247
226
54
99
193
218
149
49
149
128
39
72
141
154
247
250
77
120
178
218
99
120
210
141
142
210
70
220
38
104
247
168
9
26
140
9
114
54
147
39
11
139
125
241
214
216
122
37
104
168
185
99
224
148
233
114
70
170
179
99
218
88
255
158
24
57
120
216
203
139
206
233
227
108
63
168
240
74
54
24
99
185
29
54
105
148
69
148
104
238
48
203
149
198
240
247
168
193
33
194
168
117
57
63
218
63
68
118
235
254
216
32
255
82
33
252
168
13
120
72
193
191
68
247
124
168
167
15
247
110
178
226
171
194
228
197
255
161
37
117
255
235
247
143
132
37
241
255
131
114
148
17
224
222
140
212
17
114
222
206
63
63
32
235
101
141
218
33
247
37
225
218
96
131
175
174
226
255
102
1
124
132
185
211
240
236
193
159
226
87
189
255
248
185
148
194
63
247
92
43
171
13
139
117
131
125
200
184
124
57
38
113
68
132
229
254
55
171
92
17
159
193
228
56
188
141
250
218
43
15
139
167
57
71
15
116
48
216
13
191
