130
38
38
109
38
38
38
168
2
204
109
123
204
123
38
172
100
217
60
144
39
10
17
226
60
100
128
17
172
172
31
2
168
229
2
128
68
206
92
100
206
229
31
109
30
2
206
172
221
76
100
239
2
79
172
55
17
100
207
55
2
116
52
245
30
9
182
136
176
28
109
4
40
206
150
60
150
172
55
192
57
28
247
235
207
117
250
240
25
33
33
28
239
250
249
192
134
191
100
110
102
176
192
231
52
9
52
153
79
250
21
250
2
206
70
66
206
98
150
79
207
200
27
231
57
231
73
98
49
256
207
250
116
66
32
172
204
117
208
168
208
220
185
245
217
118
2
60
116
166
137
118
138
1
153
59
138
249
57
60
137
231
204
55
41
168
135
232
206
204
206
168
151
192
231
191
247
253
245
245
17
131
189
43
49
180
232
218
43
114
63
231
207
70
109
239
98
60
28
141
53
69
149
250
14
101
200
145
117
10
43
14
67
166
137
15
152
60
59
189
51
197
207
73
201
255
15
69
77
79
125
28
14
43
89
153
9
12
238
171
105
247
17
161
20
161
236
213
134
67
39
68
8
30
149
52
124
29
153
153
105
244
252
49
128
101
117
1
139
52
214
210
66
2
52
52
168
98
224
128
158
43
21
158
243
255
8
244
125
195
197
38
118
38
179
179
197
9
132
60
228
43
105
171
200
252
26
69
255
117
207
114
51
149
26
55
214
132
198
60
139
116
168
191
2
28
120
197
139
179
239
116
210
139
52
98
120
161
197
99
116
114
145
142
151
172
199
29
158
52
191
247
185
59
161
210
154
188
118
153
235
246
91
210
26
188
191
25
218
55
199
91
116
142
155
160
110
158
63
7
81
9
60
199
218
22
89
252
143
20
239
160
74
37
179
122
105
68
200
190
79
68
78
195
197
247
139
191
38
59
136
231
43
49
232
52
42
210
193
247
138
18
15
68
218
185
51
110
1
141
171
139
247
94
139
255
89
125
141
224
49
67
213
22
128
22
9
43
79
171
43
158
190
78
247
9
91
136
139
174
67
243
68
9
171
36
104
171
183
63
38
149
99
2
96
213
239
255
138
63
104
49
216
256
252
77
141
149
211
214
213
126
18
18
154
216
91
105
191
54
58
235
75
63
139
149
239
73
141
224
150
99
141
49
93
206
247
110
197
224
247
116
15
83
37
38
154
63
68
179
210
81
216
138
203
128
256
4
131
216
120
189
96
126
226
116
18
136
79
54
37
215
26
60
9
91
43
149
216
110
5
94
158
116
142
210
216
179
216
91
189
115
213
94
138
213
247
15
128
36
99
68
158
168
68
15
117
18
15
99
247
93
55
135
113
158
255
171
154
62
213
229
60
97
218
25
82
171
247
40
213
245
99
99
144
214
175
171
217
103
81
213
45
168
168
128
129
6
232
158
168
133
51
37
15
113
128
167
186
46
187
149
255
89
255
113
45
232
134
155
96
134
197
72
56
218
14
255
209
43
26
116
104
197
99
254
116
213
99
247
255
197
186
26
197
111
