236
249
144
25
2
170
33
64
64
11
180
237
55
174
55
89
25
24
183
128
33
33
121
121
1
179
170
162
195
13
52
97
32
153
113
16
10
39
80
138
6
13
170
249
187
150
233
13
19
31
14
170
24
206
55
187
256
60
186
193
196
42
113
223
178
225
236
210
60
187
229
13
138
186
221
146
52
35
230
162
166
225
166
138
78
35
60
88
194
146
88
25
91
256
88
55
162
14
15
75
32
162
22
176
36
109
185
41
195
201
256
170
229
81
170
35
108
237
35
89
55
117
77
151
204
170
236
55
39
88
169
35
31
11
250
170
110
238
29
43
26
219
10
17
13
60
39
41
42
174
107
236
5
195
230
201
190
203
53
93
77
64
137
203
108
144
201
10
75
35
169
55
80
223
76
114
239
206
1
237
137
60
136
29
203
204
3
31
18
31
31
245
166
58
203
250
140
97
64
187
253
250
108
10
78
76
17
226
32
77
97
29
28
195
70
162
60
131
139
3
43
61
176
124
165
138
10
61
96
65
235
13
42
146
211
190
121
31
225
252
41
146
76
64
222
35
14
240
210
59
190
19
146
132
117
167
249
250
153
26
170
19
138
154
13
205
141
35
208
73
238
153
35
24
187
135
108
106
242
192
89
236
185
33
250
219
175
81
236
165
221
31
237
137
83
89
60
170
201
33
185
108
1
135
190
226
8
135
32
130
11
33
229
187
41
219
226
146
116
74
75
170
236
144
34
190
97
89
212
86
10
69
35
204
108
31
79
59
91
110
210
60
31
28
84
31
233
73
150
193
15
256
195
195
5
177
70
190
50
229
60
242
140
156
187
180
228
13
170
21
79
102
235
256
50
179
228
96
108
239
83
187
195
126
60
174
88
194
60
154
219
236
64
242
100
170
176
137
89
31
34
103
169
11
146
196
35
52
199
153
167
11
110
190
135
88
35
90
10
34
153
60
17
3
176
199
176
100
207
76
15
170
140
108
10
223
83
81
242
100
75
184
252
8
136
145
229
39
240
154
252
196
225
89
242
31
208
108
53
83
170
25
153
100
189
11
77
203
117
135
90
14
150
21
229
79
33
76
29
108
88
10
31
229
135
221
154
32
28
195
89
42
26
187
240
18
256
14
230
203
144
168
242
87
256
79
136
187
190
35
100
136
36
252
203
63
10
139
11
207
89
230
91
108
238
135
65
202
253
201
32
97
34
14
63
18
20
65
208
208
170
35
182
27
114
199
10
13
171
175
135
146
229
190
42
25
176
144
55
139
98
100
60
16
88
175
31
135
236
55
71
171
223
256
91
203
236
13
253
186
129
210
32
140
21
32
226
88
18
237
228
144
250
65
205
76
217
35
166
176
33
162
242
256
13
79
176
253
13
140
31
147
100
66
230
196
24
164
11
203
252
208
108
100
236
117
249
63
176
60
210
212
195
135
83
248
66
22
60
94
203
134
121
196
217
31
128
228
240
19
29
116
140
61
102
123
196
164
81
129
54
14
220
55
88
14
83
35
88
203
88
34
252
186
104
10
103
78
97
107
24
121
88
96
42
170
100
256
31
140
16
175
70
253
86
183
70
183
13
34
18
242
252
10
100
212
152
212
96
240
153
245
121
31
199
81
182
208
25
242
242
170
167
10
249
195
28
131
170
139
35
2
35
146
1
235
206
60
250
1
77
60
171
161
169
250
108
10
90
1
180
144
10
223
240
191
31
136
121
146
226
28
67
39
100
219
10
28
89
121
91
201
1
70
230
60
233
19
253
13
88
158
120
131
67
245
8
164
8
58
236
236
58
59
28
102
96
100
60
191
212
55
71
187
154
5
1
229
185
89
100
77
39
187
14
59
201
110
108
84
88
186
33
169
8
236
195
223
135
205
108
10
35
109
154
196
176
120
236
223
182
187
60
121
97
169
33
22
64
229
88
182
119
28
21
18
203
256
169
103
3
16
79
242
140
250
64
3
100
117
217
220
237
236
210
102
69
96
35
14
135
79
84
195
228
10
3
123
131
130
194
100
253
190
63
250
54
21
121
32
179
217
73
169
89
81
195
203
81
132
76
100
201
179
3
236
38
223
130
205
219
18
244
60
35
169
102
107
221
14
239
2
223
94
140
88
113
250
13
199
28
16
89
256
24
24
114
169
256
135
135
228
167
132
212
132
256
65
102
96
166
41
1
15
35
10
5
238
100
135
235
219
75
114
135
102
150
248
66
135
184
117
162
94
94
183
14
74
236
30
13
203
14
175
236
31
61
120
195
217
187
195
175
16
245
10
100
69
102
135
146
9
90
22
41
114
171
236
64
60
169
24
89
102
60
171
211
186
248
66
235
214
171
27
252
8
14
228
64
64
229
3
103
89
184
172
107
3
60
205
121
207
124
138
60
160
229
229
248
32
191
230
2
217
75
171
105
176
75
69
250
228
27
108
232
160
170
184
76
204
5
59
31
158
219
245
175
49
15
35
135
95
230
10
154
145
18
196
187
229
214
120
13
60
229
14
22
124
109
15
203
39
64
210
130
219
11
130
88
256
100
67
207
109
170
100
179
18
121
190
152
79
203
77
132
31
103
121
130
195
89
151
61
169
90
91
196
60
169
228
186
132
89
21
40
34
34
245
5
135
54
2
34
14
30
112
77
175
38
223
168
1
76
137
241
236
3
83
16
237
187
132
103
187
34
2
205
245
96
122
14
16
196
196
73
135
93
135
239
103
8
207
222
25
196
256
121
211
25
130
88
42
39
19
11
170
130
61
74
195
176
183
5
89
203
223
3
15
223
14
39
25
222
134
135
39
216
244
190
203
196
201
25
70
59
207
170
236
42
176
256
18
132
47
121
97
201
27
95
132
75
26
60
108
90
60
176
135
203
79
203
8
187
95
90
39
42
42
1
70
187
3
158
19
191
27
83
10
56
236
150
110
162
39
248
44
105
221
2
221
130
250
39
212
205
164
79
189
253
236
89
10
153
179
160
195
105
10
60
112
185
256
65
123
35
121
199
109
112
250
228
14
119
30
122
203
1
223
73
10
170
42
151
60
205
195
187
19
39
135
101
169
181
81
102
100
221
100
27
15
105
228
142
150
64
147
14
14
161
168
119
115
54
210
91
245
250
58
121
59
59
73
5
180
219
10
236
253
107
91
236
60
43
245
84
210
236
150
241
239
134
33
59
130
207
203
139
30
42
57
238
114
90
16
1
138
147
60
217
203
42
116
60
60
205
179
30
119
229
15
14
84
78
164
88
6
207
139
187
216
100
181
229
226
39
14
118
13
195
64
122
96
59
107
134
245
217
35
1
150
130
181
220
118
39
83
107
187
16
30
223
1
59
132
136
210
61
60
16
111
61
86
222
24
217
60
9
113
16
32
64
240
103
47
100
207
54
73
143
14
100
122
225
139
144
138
198
236
207
228
100
194
60
8
236
146
164
74
180
187
105
35
240
88
19
90
174
236
244
105
56
35
114
249
15
185
1
114
38
17
137
226
135
196
124
131
24
181
137
95
128
198
90
1
102
100
236
190
147
102
14
229
142
5
175
100
35
210
79
42
10
179
1
105
207
83
196
70
195
58
256
223
169
205
154
2
74
57
219
60
35
10
109
196
132
195
5
153
105
42
131
5
69
237
223
93
91
221
243
201
207
73
31
52
64
192
199
63
101
66
207
39
83
179
134
212
1
191
47
76
39
236
35
1
130
47
32
31
60
140
103
100
203
250
81
1
1
30
1
90
229
97
60
223
150
108
195
19
97
65
226
25
211
222
33
236
114
135
59
110
32
130
207
212
115
43
60
77
236
26
9
185
100
57
191
226
183
39
243
219
241
226
30
53
168
32
96
109
219
10
110
140
229
219
220
14
13
1
9
223
151
175
14
193
88
166
247
130
131
59
13
156
67
32
96
204
130
110
60
34
114
183
222
2
88
247
10
235
212
174
226
137
54
24
187
212
70
192
201
248
229
207
119
223
187
227
192
33
229
107
152
207
78
219
197
130
226
1
129
39
231
69
96
27
195
174
43
33
130
93
205
125
100
131
191
193
240
180
2
10
196
233
35
236
130
233
145
42
37
207
229
14
153
39
120
37
90
3
251
174
21
223
135
52
4
169
33
57
101
176
245
10
11
13
251
67
88
181
191
142
121
187
60
181
6
194
251
60
187
131
64
113
185
35
35
78
9
245
59
204
251
236
94
9
193
226
193
100
110
119
9
135
94
25
60
175
70
75
33
168
194
165
1
251
2
100
222
207
29
33
226
65
226
60
88
153
9
226
141
63
35
222
255
1
114
109
256
235
94
9
114
100
30
5
60
135
89
212
30
114
33
245
226
187
130
226
224
137
193
60
25
39
109
224
226
226
184
156
30
238
136
181
19
207
207
255
207
30
43
114
19
228
226
88
100
198
166
17
240
60
175
1
135
218
195
200
175
124
1
1
206
250
191
1
1
108
35
130
124
185
113
100
187
1
1
256
30
245
124
4
30
207
240
230
124
240
27
152
120
226
59
22
135
33
1
112
60
60
46
135
236
97
1
223
152
1
75
59
100
100
1
131
20
60
224
100
111
47
131
47
5
152
181
60
226
47
30
2
120
47
95
60
14
49
4
30
34
30
1
30
