97
97
97
59
59
227
87
26
80
26
87
40
95
59
40
162
155
243
127
95
138
40
65
55
76
49
61
95
206
123
205
14
89
57
203
138
120
113
134
248
40
217
209
194
94
80
31
203
138
110
121
168
110
138
176
98
40
219
164
97
75
219
135
11
206
26
95
104
143
240
69
221
186
83
75
7
76
252
84
67
87
5
137
69
81
71
205
17
136
205
176
64
75
143
176
107
209
74
203
3
40
154
26
55
33
177
71
168
194
112
123
205
216
40
107
135
33
113
59
4
160
98
176
127
172
176
135
154
97
17
160
176
115
42
127
62
11
113
138
206
132
176
94
18
51
181
104
165
205
150
121
43
123
205
248
205
144
205
254
166
245
95
209
248
219
10
8
204
18
107
67
138
203
107
41
211
30
180
43
165
135
64
42
176
220
256
138
160
135
135
113
40
69
224
190
211
206
65
143
181
81
150
31
206
88
135
33
138
145
165
138
102
204
182
127
208
28
176
179
103
14
88
130
18
88
243
150
27
30
101
30
40
40
51
69
196
176
210
97
206
121
113
65
189
149
31
113
166
65
130
130
64
224
199
113
224
66
160
94
160
69
180
138
176
107
166
243
75
241
7
160
69
238
14
166
65
180
17
256
191
176
230
138
102
236
206
240
71
204
118
98
206
70
95
180
8
190
171
64
89
103
134
14
21
138
165
166
167
118
2
127
58
106
135
253
12
185
80
157
155
28
69
250
83
22
231
71
21
134
206
98
106
3
248
54
65
97
132
103
216
128
130
134
9
15
96
87
206
151
105
91
50
134
180
56
180
103
134
167
56
249
165
189
134
190
237
41
81
182
209
63
250
91
97
56
56
66
13
209
65
130
37
2
65
189
30
204
152
107
17
134
245
46
17
59
126
66
17
164
221
98
37
65
96
138
191
183
167
3
98
249
86
14
56
136
59
17
56
98
96
28
237
56
94
33
98
106
98
58
65
205
171
56
184
182
123
195
248
64
56
136
182
180
69
46
127
248
201
243
14
28
211
187
168
56
211
216
134
14
219
12
75
62
155
226
98
138
183
87
114
148
62
26
34
27
12
106
213
249
91
26
89
90
174
144
248
115
223
115
152
55
97
60
249
67
181
17
151
65
51
114
21
189
211
249
211
18
195
171
244
184
103
61
33
56
206
98
192
211
148
10
164
207
230
38
90
107
9
191
47
119
94
34
224
176
26
130
170
235
76
34
182
192
252
90
102
216
90
124
19
175
58
144
55
207
166
131
126
128
231
217
34
99
100
134
37
64
56
28
56
81
155
77
51
63
106
139
214
252
56
111
56
93
212
144
90
38
92
167
56
65
161
244
57
12
134
135
244
105
12
212
219
112
37
3
240
226
134
55
164
51
228
153
113
211
241
175
134
3
199
132
102
181
131
216
108
83
98
206
212
58
175
98
93
12
63
11
172
135
134
10
84
64
174
249
55
123
11
132
89
94
50
17
222
222
57
213
134
11
70
160
11
106
74
172
221
168
105
237
106
37
221
11
120
168
90
90
254
93
181
33
172
57
65
89
223
34
57
150
172
174
19
58
181
50
223
5
25
25
233
134
30
157
89
77
103
119
41
17
185
255
4
49
104
243
38
101
240
161
156
100
156
111
181
77
69
190
95
116
132
243
12
94
103
37
37
70
148
147
50
146
222
188
149
126
74
86
195
225
161
12
200
42
176
132
39
230
2
150
21
148
161
132
115
138
189
78
128
132
168
150
114
24
100
219
233
255
215
171
176
206
26
167
93
129
240
137
26
37
220
148
50
138
63
250
111
75
67
42
30
111
106
55
38
118
55
56
37
201
213
143
50
156
2
16
68
47
149
37
12
56
219
155
29
150
56
199
183
118
114
56
150
81
178
2
28
109
43
81
56
56
128
94
118
39
137
101
41
178
177
148
148
82
181
239
147
117
242
91
77
126
50
163
155
63
217
135
70
150
207
156
76
241
105
100
26
193
231
34
115
73
28
29
142
199
254
124
119
94
137
236
78
149
167
204
26
137
118
85
62
142
62
48
195
211
24
234
171
94
2
95
21
45
94
82
119
70
128
194
105
193
168
5
50
135
167
82
135
118
36
195
57
42
36
70
145
100
85
168
231
221
2
85
161
185
167
65
200
218
119
37
85
178
37
18
33
16
254
21
128
208
219
109
26
63
57
70
226
148
195
241
24
89
89
12
148
215
155
210
157
119
22
161
180
33
118
52
22
68
134
106
241
242
30
85
119
148
76
178
163
148
254
132
82
69
130
200
218
218
111
163
189
188
21
177
210
135
49
192
79
3
217
24
173
22
181
111
82
49
82
254
111
232
163
52
75
195
56
23
76
241
111
111
130
224
253
163
226
21
136
92
253
60
85
69
2
82
96
112
68
56
178
226
23
204
22
106
68
200
111
178
85
159
43
2
204
116
134
46
80
52
163
85
189
85
56
98
226
232
253
155
200
60
48
60
189
156
64
254
218
12
226
111
112
250
207
185
232
119
126
58
72
197
26
26
43
175
250
254
111
133
215
152
163
152
231
45
26
113
76
188
76
136
47
163
111
155
196
163
56
111
148
188
250
218
215
60
60
188
190
155
47
90
117
134
111
90
117
142
133
250
85
163
159
218
111
111
87
69
200
151
163
10
163
60
111
228
107
23
163
116
96
190
254
82
142
99
159
189
34
163
156
120
160
111
85
34
185
226
163
200
232
76
98
159
233
215
223
232
149
81
117
226
99
163
200
111
164
111
224
6
104
226
80
121
111
111
41
159
70
10
78
137
207
173
57
77
246
111
69
41
104
156
2
45
213
41
111
201
111
111
158
111
159
78
148
113
30
226
207
152
159
80
148
163
163
213
108
111
88
169
222
163
186
