61
174
51
182
81
51
91
181
181
51
182
182
182
253
216
73
202
71
187
216
89
202
47
46
175
202
16
6
182
46
16
4
46
101
253
47
194
54
52
216
238
95
76
52
126
53
112
95
208
209
27
208
149
219
208
174
80
183
190
208
230
71
115
202
76
95
201
31
187
202
212
98
146
134
71
62
88
146
181
95
183
175
144
54
95
183
183
237
183
149
149
127
27
235
50
127
98
71
211
251
240
201
225
127
175
183
71
229
62
16
223
175
62
200
229
235
235
188
51
62
50
249
127
62
73
89
31
249
31
137
50
178
133
91
183
64
229
89
188
188
194
133
176
55
43
89
226
114
202
137
200
22
91
245
161
43
220
33
109
55
145
251
114
70
102
62
233
200
198
151
229
183
72
94
137
156
256
249
163
256
38
70
71
73
89
125
31
4
195
47
108
246
223
237
200
139
237
176
12
181
199
190
146
28
13
2
246
43
238
114
231
223
195
13
96
237
253
228
176
216
222
161
145
53
245
102
139
73
230
2
173
253
73
176
214
33
174
65
189
158
193
186
248
164
114
31
70
118
214
55
200
28
44
96
164
161
246
243
40
154
117
168
235
20
31
73
150
161
223
241
38
254
205
170
177
71
206
174
108
199
134
70
114
65
236
236
11
88
24
97
31
253
216
89
241
15
71
211
100
30
136
107
136
84
51
136
170
174
157
16
24
117
82
190
101
178
139
88
241
88
57
233
30
141
254
240
197
253
253
63
233
117
236
142
150
41
112
205
178
88
254
233
193
65
103
193
102
7
205
191
156
110
167
24
216
128
82
254
249
159
191
111
89
254
211
221
55
110
190
142
122
111
128
85
235
40
190
216
167
142
211
177
133
32
254
27
241
195
249
101
184
135
51
176
77
241
148
53
30
53
135
176
111
154
102
148
163
64
150
46
118
53
235
129
249
176
214
254
14
251
220
92
228
131
181
71
241
193
85
86
193
53
176
104
178
255
142
142
12
39
104
86
104
86
34
124
133
24
168
44
222
90
14
77
254
104
159
163
104
133
58
44
39
147
85
167
142
207
129
235
163
254
86
132
101
164
101
149
141
254
86
229
57
147
142
123
76
235
103
86
228
193
151
108
142
61
13
133
140
133
31
51
51
189
148
216
56
104
223
110
14
133
236
77
54
79
233
142
202
56
124
154
122
126
226
241
54
133
154
192
12
178
34
26
132
186
79
134
200
94
193
202
192
216
181
79
72
10
157
117
157
148
202
202
