177
90
208
16
109
111
208
242
177
186
178
242
143
250
109
114
208
192
54
114
228
85
145
114
242
151
114
192
220
5
67
220
203
126
249
77
98
151
204
141
192
36
204
204
194
120
98
212
249
193
77
114
246
77
98
178
118
181
142
200
62
62
129
178
40
212
77
75
43
46
242
211
141
182
182
128
51
194
128
204
156
141
77
77
96
141
51
178
96
128
110
118
182
77
138
177
222
53
239
8
226
156
239
18
140
141
62
89
28
222
7
246
219
128
71
131
185
73
140
192
51
142
85
184
91
212
188
114
141
177
65
140
158
33
18
141
163
98
40
77
163
141
184
140
250
211
21
182
241
254
56
188
246
241
31
8
62
217
53
40
156
185
89
222
71
241
154
202
230
8
224
33
183
230
21
53
7
163
222
88
55
59
41
85
222
184
140
206
152
141
141
195
250
68
177
129
254
202
172
52
32
147
183
250
129
188
145
65
107
181
220
202
77
163
90
99
106
144
154
172
188
206
90
53
91
239
184
146
235
105
184
144
99
106
4
141
14
206
5
150
59
77
107
153
84
91
43
162
188
4
156
244
79
101
96
57
40
72
200
92
157
205
106
52
249
228
12
117
98
205
97
71
221
48
188
40
105
84
181
85
189
145
182
7
133
114
245
217
92
89
97
55
38
105
65
85
56
97
89
250
147
5
59
220
195
72
53
190
144
194
14
55
220
195
4
97
246
153
241
220
217
64
153
89
194
182
55
96
8
148
32
123
24
111
195
50
228
246
101
89
99
220
132
242
63
133
105
78
205
125
79
246
225
163
105
125
162
113
85
113
220
220
59
153
220
62
245
42
131
163
38
20
22
205
124
234
217
151
211
226
189
24
220
65
112
163
59
172
178
114
70
77
76
65
72
42
242
100
79
172
221
77
201
184
144
8
141
77
151
153
130
97
107
178
182
13
206
53
12
85
150
133
54
209
13
127
1
87
109
240
235
229
128
24
19
240
223
87
59
145
192
76
121
184
246
66
227
143
130
66
208
70
28
178
3
124
65
58
150
148
3
13
211
176
143
28
37
131
92
166
3
128
216
62
127
128
201
206
256
206
92
225
92
245
190
144
118
106
54
227
61
250
216
8
141
75
217
178
122
255
110
16
132
228
82
100
117
193
243
166
229
100
112
65
44
93
130
3
184
252
55
166
178
204
195
53
216
15
222
113
163
246
256
243
50
255
171
53
240
1
93
230
118
8
39
217
206
13
109
118
65
178
116
131
227
75
85
60
142
206
243
171
216
13
105
161
66
116
13
17
168
123
9
133
94
125
177
192
124
227
217
196
135
211
75
211
91
220
185
163
168
105
97
65
178
116
230
178
159
53
226
227
76
82
192
123
206
79
178
131
171
128
142
164
177
131
212
204
135
187
28
233
207
153
217
171
70
131
63
37
247
192
68
79
9
217
112
247
14
131
17
9
68
188
131
239
245
178
77
226
6
85
28
113
230
206
154
65
105
66
39
219
114
53
226
65
97
106
105
171
131
237
171
170
92
114
136
37
212
207
6
195
228
131
126
14
21
206
125
178
38
230
92
68
188
50
122
148
38
217
53
40
211
132
84
245
207
50
74
12
17
101
17
149
245
74
114
195
91
227
4
43
216
226
211
28
219
37
227
38
50
158
94
245
117
171
158
55
195
122
224
36
216
50
36
172
75
152
245
142
227
17
128
9
97
94
36
139
37
237
230
68
158
73
226
125
37
12
128
204
224
53
254
211
148
49
231
123
53
216
171
116
83
184
204
49
68
131
39
226
127
132
172
230
38
113
136
237
131
50
226
213
33
123
154
58
217
234
142
245
198
182
65
152
98
171
122
163
54
93
167
17
143
136
147
217
127
61
154
44
83
4
30
83
36
195
44
110
87
38
113
187
13
217
37
245
36
93
22
83
217
65
211
61
226
87
145
49
217
6
92
28
227
123
74
245
37
83
245
127
245
158
195
98
6
85
87
191
61
140
148
245
83
50
36
245
200
1
36
43
112
184
254
147
93
242
176
245
83
150
113
247
68
209
164
6
217
39
106
207
174
30
92
143
61
58
130
168
217
119
7
92
217
179
131
37
101
47
216
66
4
217
55
69
21
28
210
18
65
68
47
6
245
226
126
95
179
144
36
252
211
43
6
245
168
170
7
17
37
38
231
93
36
211
185
208
119
175
47
137
245
129
188
38
68
94
217
36
4
113
157
217
152
131
38
167
65
150
11
43
50
127
65
58
231
9
58
38
226
128
93
188
38
131
6
13
30
50
167
61
113
49
38
28
68
43
36
61
247
127
37
37
204
127
226
171
211
217
174
174
111
174
61
65
93
217
64
93
28
91
19
120
152
217
85
154
43
217
50
150
148
233
123
243
49
37
110
53
224
245
188
188
116
188
36
217
144
134
136
130
59
245
19
66
249
43
160
217
61
68
171
144
142
105
61
200
228
168
171
92
245
38
107
152
4
157
142
69
76
208
217
119
171
192
60
93
121
200
217
101
68
93
37
101
37
132
133
68
224
147
171
68
119
37
49
6
216
65
186
103
169
61
226
168
217
119
123
171
200
131
87
206
65
131
101
83
61
255
190
38
123
171
245
70
150
6
93
245
228
50
101
227
116
68
171
68
226
13
19
147
128
188
254
224
130
225
119
68
68
186
168
172
174
211
171
217
58
101
255
37
160
224
68
68
107
208
158
6
4
6
126
123
154
224
98
68
92
171
68
179
215
36
48
50
168
105
171
171
171
58
191
35
240
37
229
65
187
83
180
142
119
102
224
78
68
179
158
65
93
171
179
43
233
65
233
219
52
38
212
65
217
101
249
170
227
168
179
119
133
43
179
102
64
