165
209
165
209
209
165
112
112
112
112
209
239
165
112
112
112
14
177
204
204
177
209
204
183
204
54
112
177
242
165
219
84
145
250
106
112
209
163
106
149
151
208
177
62
62
50
165
84
208
81
165
62
62
62
50
178
178
98
56
138
84
140
45
242
50
74
140
62
62
143
165
143
106
143
138
98
74
66
140
215
140
31
112
95
123
143
95
220
74
62
238
51
98
51
110
90
204
95
56
95
208
44
177
51
110
127
34
56
231
177
177
145
231
209
79
147
151
17
81
220
16
110
76
85
3
151
126
208
159
209
209
127
84
172
126
118
95
84
165
18
208
173
177
50
18
95
51
28
159
7
239
145
50
204
148
147
127
249
148
153
254
177
148
239
153
251
151
127
209
204
159
143
7
54
50
204
248
151
159
204
177
224
153
110
16
54
87
110
54
126
118
132
84
180
224
51
218
201
224
249
95
43
115
57
214
188
239
165
17
50
69
177
147
159
50
138
27
177
177
21
50
110
50
132
52
254
41
78
154
138
82
94
7
222
188
217
72
218
146
48
16
231
138
162
126
162
26
222
177
100
21
182
160
242
159
169
85
23
62
146
224
72
136
245
98
111
165
237
114
145
176
68
121
230
89
84
94
31
112
51
128
31
197
224
5
62
121
201
89
230
208
163
68
50
99
203
133
104
89
112
159
161
68
55
62
251
245
160
95
253
204
163
12
163
42
115
159
34
104
237
84
131
133
148
90
143
90
82
224
146
182
82
18
155
100
254
163
62
85
69
112
128
166
72
182
224
223
80
72
190
102
163
237
170
85
89
224
85
204
232
138
253
88
136
85
133
133
30
30
103
232
12
94
82
84
163
117
161
12
112
224
51
188
102
12
240
238
190
136
133
74
209
132
85
242
138
165
99
164
90
127
50
138
50
204
155
138
26
82
55
138
204
133
82
187
255
86
112
224
163
82
124
132
85
37
194
1
138
191
95
66
159
95
85
148
84
99
136
191
40
124
82
23
22
12
193
125
62
82
218
136
82
188
221
20
82
193
177
21
50
85
124
133
165
85
85
187
60
99
193
17
181
85
50
187
25
204
124
102
119
136
218
224
165
204
220
197
224
102
131
197
133
82
188
4
193
197
119
240
133
193
202
239
82
125
201
12
232
187
203
240
51
193
51
82
51
159
140
96
133
159
201
96
56
51
50
93
145
145
140
81
136
112
155
93
125
254
12
204
30
148
138
133
127
12
204
34
99
12
237
170
24
12
218
111
20
92
114
69
177
189
101
62
124
243
92
125
163
148
99
92
115
50
237
1
74
211
218
99
187
92
50
50
254
218
51
37
204
218
218
148
197
111
239
214
136
148
148
45
188
163
173
246
82
170
253
163
201
153
194
218
188
16
81
75
148
254
253
188
136
163
148
204
197
125
224
242
218
8
12
133
133
148
224
148
243
218
163
204
244
128
75
133
163
111
133
62
125
214
155
159
195
50
197
125
163
218
218
28
218
115
148
127
25
82
25
197
163
27
204
50
45
163
218
20
127
204
148
197
112
133
148
125
253
50
158
161
148
204
161
21
122
148
148
48
189
161
161
127
148
62
48
54
125
85
45
54
54
20
254
48
163
165
145
50
148
54
161
163
204
105
163
161
30
62
50
216
153
17
143
161
161
216
150
143
197
136
174
127
145
216
63
62
63
218
224
213
82
224
159
25
216
89
69
133
213
218
17
45
196
162
45
197
193
197
62
12
68
148
151
224
163
150
99
170
85
44
178
62
110
163
86
148
163
218
163
163
236
72
218
4
17
17
151
193
123
209
161
218
150
241
125
211
127
82
115
57
26
4
211
120
163
241
242
72
4
254
4
255
28
250
213
2
197
89
224
205
160
224
