168
63
250
250
15
54
235
54
168
54
206
206
176
176
183
208
208
168
150
97
3
3
183
183
15
167
3
63
7
115
15
176
3
235
28
54
208
15
208
183
54
168
135
140
33
190
140
7
164
79
54
63
179
115
15
7
28
176
179
208
9
115
60
5
229
140
84
15
184
167
242
33
131
73
184
140
115
179
202
248
181
235
69
114
187
187
140
208
181
168
85
8
63
73
229
70
168
179
179
205
212
85
145
179
33
185
115
187
137
219
46
209
208
115
202
52
63
199
133
140
165
8
30
217
151
117
178
46
163
240
115
208
171
64
223
26
217
240
8
74
3
233
107
9
168
11
15
91
43
96
117
225
167
135
201
63
60
96
185
187
211
190
11
151
61
238
135
238
61
51
24
239
37
140
72
192
15
38
83
33
239
162
192
97
242
255
236
67
167
195
69
151
149
2
182
72
47
127
180
217
113
63
97
2
67
74
145
133
139
205
119
137
30
179
77
187
67
167
137
126
216
66
34
238
241
30
53
34
36
32
37
210
131
96
201
5
182
57
158
130
98
46
190
60
255
103
142
47
167
30
112
127
98
55
64
200
68
245
46
154
113
25
34
192
3
139
43
37
178
61
97
250
93
82
114
18
78
24
6
19
107
108
180
117
136
144
118
158
239
187
79
201
180
156
102
102
129
139
180
5
90
77
199
6
255
107
187
241
224
5
5
68
114
223
232
100
160
235
77
195
108
72
181
235
64
137
60
98
199
46
109
110
5
199
34
212
145
194
122
241
164
253
14
1
2
241
160
103
167
179
199
136
5
167
67
30
149
216
242
67
86
60
174
142
69
25
18
25
187
18
205
110
160
119
130
119
98
5
247
187
14
37
156
108
16
177
60
223
135
98
229
181
187
189
12
57
119
254
190
94
213
253
34
25
24
250
9
223
110
234
30
37
110
90
190
107
253
2
156
181
132
180
33
235
254
178
34
226
145
187
139
77
184
156
188
215
187
190
60
184
187
5
248
8
82
68
231
98
115
110
46
2
11
156
187
235
41
244
199
187
13
64
171
136
185
14
76
233
175
186
151
69
41
12
17
167
47
5
6
5
244
94
196
78
35
187
202
13
154
223
124
90
200
94
178
30
222
119
60
41
187
190
11
89
49
69
20
69
46
254
6
200
139
72
135
226
90
14
5
119
138
151
130
109
34
237
30
107
90
2
94
34
74
142
89
71
174
190
15
156
82
16
142
211
199
83
149
254
217
61
132
41
98
187
82
2
5
89
200
195
72
135
86
178
222
211
67
36
190
107
61
139
17
8
156
30
168
89
119
70
61
156
187
204
240
171
47
103
119
30
109
190
3
255
191
156
46
172
188
187
204
21
171
187
60
204
136
239
226
190
194
167
197
199
19
237
14
239
69
112
255
139
187
187
130
89
5
182
69
204
195
37
168
18
167
156
241
26
180
237
82
64
109
61
79
96
241
197
235
203
119
90
151
89
184
43
187
30
160
220
188
199
79
211
222
69
30
160
2
1
69
27
89
252
50
53
227
14
130
98
21
217
70
229
229
130
156
76
145
130
223
187
2
10
6
30
14
30
142
128
1
157
63
10
41
47
40
30
22
182
6
241
156
90
121
122
7
75
203
14
191
25
237
187
58
187
117
172
41
24
226
71
103
2
47
2
8
212
197
107
31
21
199
244
189
190
90
94
60
78
169
13
204
23
67
130
241
195
90
138
89
41
251
231
60
223
46
172
119
241
187
108
187
30
222
212
199
100
250
102
190
169
240
2
178
87
190
239
245
11
239
70
28
239
136
190
71
244
119
98
103
123
60
229
197
3
100
181
185
238
41
1
41
14
36
241
239
219
51
33
119
59
83
199
236
185
2
186
98
199
89
223
2
93
119
14
223
117
135
102
187
210
135
119
2
30
152
74
89
245
108
79
136
152
107
130
223
191
229
241
245
137
149
203
14
119
190
142
154
28
69
38
2
74
156
167
16
58
136
178
204
160
11
187
100
152
21
26
189
140
41
133
20
142
65
10
139
100
40
233
65
59
206
72
5
187
32
103
241
30
234
223
107
11
122
114
199
36
195
178
2
197
197
8
14
12
114
226
187
61
101
233
147
200
245
119
8
207
245
154
24
100
107
191
82
147
46
127
88
237
240
119
133
163
238
223
119
130
187
187
10
187
145
109
119
65
43
119
191
256
137
142
222
228
1
37
197
219
250
43
2
136
43
130
24
229
136
12
195
41
205
46
151
201
187
231
24
241
152
30
181
233
113
82
147
222
46
124
184
130
100
83
256
50
205
176
202
60
184
82
235
5
182
160
191
60
195
11
60
212
184
225
83
136
21
21
60
118
135
18
24
197
197
195
222
14
163
185
94
185
245
227
79
119
136
30
187
2
67
142
151
123
187
241
223
107
132
78
226
35
197
205
157
109
245
11
2
59
195
119
63
219
226
172
79
30
183
189
129
156
237
1
1
92
119
151
1
142
74
110
245
107
138
156
30
140
119
197
90
195
60
13
185
197
135
119
187
222
44
5
66
11
256
140
79
118
224
130
192
1
174
3
3
226
11
234
2
234
130
207
190
222
187
69
109
195
107
120
185
128
226
187
207
3
137
194
105
226
131
204
120
145
181
92
67
195
26
237
152
245
150
109
8
103
181
160
156
136
219
94
5
120
53
212
195
142
122
190
131
2
43
69
250
241
42
100
195
2
18
76
130
185
137
248
70
40
192
160
2
197
197
204
130
126
94
223
70
212
14
165
44
2
229
60
24
3
5
32
232
152
9
174
59
160
30
82
2
16
35
53
254
197
172
229
148
82
61
136
135
156
2
61
95
247
253
136
30
93
2
53
184
41
52
2
152
43
130
233
95
48
30
3
11
187
155
136
13
185
37
199
117
207
18
3
190
41
79
23
195
172
250
94
22
107
189
33
171
61
14
61
245
211
78
195
39
180
39
156
37
98
166
226
74
195
46
245
20
132
78
135
196
30
95
182
54
60
42
250
121
91
14
30
169
187
1
245
163
245
1
40
128
196
16
256
60
132
231
132
174
136
109
107
247
197
197
129
51
30
113
197
71
77
195
245
247
1
219
136
163
6
145
94
91
112
14
68
120
224
218
223
102
35
115
217
208
97
241
207
47
79
112
192
211
247
137
1
95
188
123
70
5
60
245
77
43
30
81
121
64
131
41
236
72
63
123
20
72
4
120
105
119
197
52
53
107
152
197
130
19
217
190
30
142
185
68
37
120
206
72
185
22
33
168
2
132
112
224
204
39
185
62
132
135
26
117
120
9
188
92
194
105
30
185
97
174
99
45
120
235
90
60
25
90
256
103
204
171
141
117
231
30
174
49
245
137
132
197
182
191
248
137
156
182
152
244
228
216
54
130
16
168
2
154
2
41
94
82
135
228
60
26
217
4
18
8
70
150
139
245
39
94
199
39
202
60
79
202
112
185
195
109
121
49
24
91
1
14
151
1
94
2
245
64
44
190
237
192
70
215
190
20
130
217
223
78
195
232
109
94
221
139
55
156
194
236
24
156
190
188
40
198
195
206
199
95
58
253
142
60
37
43
234
190
82
246
226
132
224
70
151
188
195
168
91
69
100
89
197
217
114
127
115
11
66
64
33
149
136
228
224
68
109
145
37
226
43
251
12
120
182
185
223
212
43
10
221
105
109
215
231
60
223
163
105
30
32
2
187
199
98
211
60
225
37
198
185
30
114
216
69
137
214
72
79
60
1
190
187
149
38
25
68
25
185
43
168
96
110
133
254
135
134
115
39
199
230
182
1
59
175
190
248
52
27
191
4
191
35
117
119
42
182
133
135
190
43
37
18
237
228
78
158
121
64
135
28
204
195
26
60
171
82
158
154
254
14
28
178
68
131
158
41
91
197
214
24
214
246
69
61
82
199
4
4
195
61
61
158
30
133
179
137
135
136
33
158
199
19
20
94
30
59
231
9
228
78
67
233
216
78
217
175
28
86
100
197
1
6
69
195
14
41
43
200
200
131
61
109
190
72
204
136
245
192
120
49
89
70
33
68
69
174
103
60
110
50
115
20
163
175
246
212
240
78
224
155
9
159
94
39
189
123
251
185
250
72
96
120
82
135
43
82
91
1
158
120
172
69
133
45
199
52
138
226
159
132
1
2
207
198
43
245
189
133
117
52
84
163
60
60
190
181
17
94
68
91
43
83
57
220
206
211
245
216
59
25
207
3
218
74
172
100
236
132
224
1
250
70
48
133
44
14
206
135
105
227
110
109
244
137
41
60
142
120
255
3
133
94
171
2
217
249
245
94
247
123
60
198
94
24
247
82
9
94
53
226
64
163
220
30
213
190
251
195
192
187
52
67
10
67
79
37
69
174
46
207
221
30
161
1
15
202
171
63
193
137
120
49
115
118
174
175
77
70
150
46
55
231
226
128
95
42
93
1
158
226
196
184
139
196
211
15
172
43
53
27
41
30
133
120
197
95
196
46
206
215
66
34
168
119
131
174
158
96
164
183
187
70
110
14
30
136
49
247
131
130
82
4
226
130
63
163
23
60
193
15
245
3
79
22
111
195
197
110
32
238
58
226
26
252
22
217
214
94
132
195
171
190
161
77
178
124
139
27
120
30
99
219
226
26
26
136
227
79
120
71
157
92
195
133
155
131
11
168
206
53
13
226
195
68
72
94
233
188
136
226
220
27
178
30
171
184
120
116
88
94
67
92
132
151
218
38
159
139
226
110
27
82
158
133
142
11
56
106
158
224
149
77
110
116
233
137
111
33
9
39
117
92
9
197
133
252
133
159
55
17
195
1
14
1
157
30
40
68
197
15
42
70
12
124
86
51
161
226
187
91
11
19
252
26
252
68
245
249
133
181
218
197
96
249
217
213
44
60
45
96
120
70
215
132
60
197
235
120
24
155
154
120
120
65
239
193
48
120
193
103
60
214
20
15
206
43
133
22
243
43
232
45
202
