117
164
146
3
81
177
146
107
106
230
121
108
81
239
230
26
146
14
153
31
186
11
14
190
116
186
62
91
170
249
160
150
147
115
160
29
186
223
14
164
127
11
103
103
33
249
147
172
183
14
130
62
242
221
14
252
110
21
89
244
165
88
13
252
170
42
249
243
128
121
127
143
153
91
41
14
108
250
130
17
10
160
192
11
55
172
62
214
18
256
8
249
78
88
187
91
196
55
242
183
123
214
223
79
111
220
143
123
186
55
27
194
10
186
79
110
186
95
153
220
5
19
31
130
230
77
123
115
26
223
55
172
79
146
220
5
162
75
237
108
157
204
163
34
140
67
204
204
57
240
58
228
162
179
236
19
22
180
14
157
91
117
32
30
3
93
204
98
147
123
146
219
39
240
252
102
229
217
97
151
33
206
103
42
151
40
172
151
154
13
192
117
104
250
91
33
172
199
239
8
136
245
214
137
22
8
160
147
13
115
249
13
170
164
212
214
176
192
230
157
170
137
183
8
137
13
66
83
214
11
174
69
96
107
79
195
206
14
6
7
159
33
169
44
115
62
11
107
57
229
10
5
121
160
145
65
120
172
76
157
170
153
140
97
102
28
192
183
86
13
13
252
123
104
10
13
157
251
214
55
86
230
248
174
76
21
235
81
26
214
74
123
184
230
65
63
50
190
30
228
101
39
91
147
195
230
192
47
47
229
75
184
64
172
42
203
203
111
252
209
70
239
169
178
14
237
167
19
222
91
237
230
22
121
22
219
242
180
154
253
115
55
214
55
180
138
243
121
106
57
66
95
117
219
209
30
29
176
250
213
134
136
204
95
223
59
154
116
162
214
191
18
93
172
1
60
124
192
1
10
214
220
223
66
69
14
14
61
182
222
6
206
178
117
145
147
159
45
15
45
64
248
101
86
189
155
64
170
44
181
190
228
184
219
127
126
201
108
248
70
126
190
11
194
189
201
219
219
111
134
63
51
169
175
76
123
79
14
193
40
76
235
189
69
76
184
157
71
127
115
232
203
190
192
219
127
73
76
95
196
110
134
250
200
86
157
44
153
241
222
78
219
250
120
98
249
172
236
23
182
195
17
149
29
56
85
178
172
183
31
28
7
248
33
248
56
27
134
214
256
95
82
136
129
220
96
14
55
240
203
79
217
207
10
10
55
199
8
137
86
191
15
187
112
96
91
42
252
189
40
69
56
222
17
254
130
19
25
75
167
17
28
210
17
222
214
86
135
172
17
44
86
70
237
237
45
1
153
111
116
137
86
180
70
184
238
139
195
137
66
12
61
249
73
192
167
110
111
105
9
70
250
91
69
170
204
56
161
110
213
12
179
34
153
110
145
96
12
249
115
71
211
106
126
70
17
169
178
26
103
222
14
201
137
130
252
75
33
59
228
136
111
182
10
149
81
204
79
140
44
235
74
42
17
178
95
142
77
52
236
240
2
79
42
178
110
83
60
140
91
44
91
45
76
163
14
192
223
220
79
101
91
75
190
105
131
214
145
26
136
137
250
136
167
242
116
250
192
231
130
88
79
204
75
33
2
38
127
88
250
238
56
252
70
109
86
52
214
79
236
56
120
256
137
79
195
190
145
3
48
149
240
22
189
219
209
126
206
153
218
207
86
73
29
213
207
137
139
200
105
75
187
138
79
53
116
12
111
53
137
137
220
106
192
139
53
197
26
44
224
144
235
203
213
101
191
214
219
195
192
139
124
190
70
197
134
249
100
86
174
104
238
56
115
33
78
42
105
137
189
149
14
136
39
59
207
192
192
238
56
184
86
193
137
195
137
45
115
65
228
12
91
26
212
202
219
9
110
197
237
70
69
102
96
56
157
238
26
213
230
34
69
135
137
112
114
95
96
116
214
152
210
150
167
141
149
210
217
173
152
222
86
39
62
111
222
77
192
242
65
106
196
97
230
56
213
86
73
190
26
133
190
114
157
252
252
76
155
52
124
114
221
236
253
223
89
77
213
85
201
100
240
70
153
124
222
71
94
38
12
20
204
42
115
104
12
161
117
106
115
175
157
76
61
192
220
35
196
60
65
69
12
197
193
216
9
12
120
200
248
219
196
35
115
135
76
75
64
13
149
56
149
45
131
192
247
12
175
207
115
9
178
52
38
249
248
56
76
167
110
26
70
199
29
56
117
243
153
237
248
79
252
192
64
196
207
155
10
57
82
145
64
115
214
157
172
29
31
136
120
86
117
135
204
149
14
168
179
76
237
148
252
33
172
149
230
168
134
115
228
242
219
32
149
25
70
113
34
213
217
12
64
224
10
192
252
219
86
8
160
111
222
64
155
64
101
228
249
219
120
193
52
89
44
222
134
163
12
256
223
14
64
199
105
86
103
16
116
70
12
230
228
73
44
115
42
234
134
204
76
213
82
134
137
203
155
155
111
129
214
64
174
39
148
242
249
111
196
110
9
56
115
45
77
163
101
73
216
124
148
26
35
189
116
52
77
35
73
38
73
42
73
163
64
35
145
167
12
42
5
9
155
215
237
39
168
56
212
236
183
62
234
42
30
69
222
207
62
42
178
42
157
13
104
2
115
27
64
178
103
71
86
56
104
42
163
216
163
44
228
17
252
170
104
42
64
212
69
196
42
217
26
219
161
249
197
149
32
178
122
103
134
134
74
133
159
86
134
69
184
149
127
74
53
26
235
12
205
102
89
70
42
163
134
57
166
145
26
42
182
167
38
168
57
69
161
167
172
155
161
104
115
79
101
247
14
213
26
57
9
155
204
214
70
44
86
192
89
32
209
178
237
142
86
13
192
103
26
12
69
79
207
197
32
144
32
230
44
72
12
220
240
204
192
110
139
32
192
244
157
76
131
237
209
91
33
27
60
63
70
163
214
211
252
134
94
45
111
42
77
76
115
210
134
149
77
99
42
12
28
151
86
94
178
26
139
137
120
94
115
230
60
170
44
237
230
178
38
64
70
12
192
44
240
196
155
57
148
197
79
26
134
42
242
33
42
213
11
161
94
215
155
25
217
57
110
115
155
155
27
116
243
96
192
176
94
99
12
15
207
110
26
116
148
249
220
12
42
10
99
237
240
168
134
39
26
62
161
238
137
82
12
218
99
216
137
68
94
25
238
9
14
237
105
214
70
91
232
30
28
32
42
237
51
69
256
13
31
99
57
26
192
184
63
57
117
91
159
99
163
11
170
15
57
33
236
150
158
155
44
117
115
99
207
232
45
10
196
111
236
210
57
215
85
104
57
214
197
218
149
253
82
120
127
57
228
120
158
155
99
81
39
214
148
228
95
190
161
217
115
66
62
192
99
11
192
161
45
31
134
61
247
124
99
42
91
134
211
27
149
218
196
99
193
133
48
134
189
155
155
57
219
70
134
254
197
178
197
236
207
161
39
199
91
102
77
196
25
2
42
218
255
219
117
9
28
44
207
240
27
48
115
159
209
184
111
189
237
48
240
13
57
25
33
252
115
252
49
86
101
178
117
53
197
115
196
214
117
158
48
172
70
10
163
82
197
69
86
99
176
91
213
79
228
70
94
235
220
116
99
161
101
197
99
161
159
57
237
124
255
99
111
139
213
237
48
197
218
133
57
99
99
131
213
63
12
159
207
44
53
197
94
214
120
193
134
32
196
63
214
139
90
203
197
25
237
155
106
197
120
203
155
197
224
233
236
111
48
213
155
15
201
124
124
218
197
101
255
248
229
76
56
133
218
99
139
213
242
111
31
196
48
26
102
14
76
192
48
133
103
61
124
158
224
111
232
139
26
81
134
252
76
220
111
64
84
81
61
201
84
10
201
86
81
111
201
158
80
