58
81
150
30
204
184
67
207
75
67
91
110
147
19
89
204
54
147
39
164
236
16
147
153
174
91
9
219
138
84
231
220
135
33
32
207
94
29
94
75
237
117
169
135
33
29
233
244
61
222
135
223
50
256
207
174
138
144
109
31
13
202
112
84
11
62
29
62
207
184
220
121
112
237
138
52
135
115
80
237
33
13
115
138
17
34
52
44
122
231
44
249
10
93
249
244
115
249
135
106
169
11
11
29
159
226
249
47
25
242
44
245
212
109
55
42
91
252
181
39
108
42
28
223
237
128
170
231
223
237
123
249
115
62
42
42
42
181
11
5
176
154
74
178
117
172
9
245
256
147
176
176
146
17
182
100
100
38
135
164
128
61
11
107
31
212
245
123
83
83
17
135
219
38
115
121
39
25
135
52
95
105
126
100
54
44
154
181
38
84
147
42
115
42
11
242
154
49
39
221
211
219
39
218
73
42
33
62
195
9
128
109
104
176
218
249
100
51
11
242
126
31
33
172
84
207
135
33
218
140
245
54
11
207
245
66
104
33
187
233
94
129
115
214
30
42
115
207
157
237
104
157
233
39
114
245
175
91
94
160
250
3
250
76
170
126
28
237
82
52
104
94
135
140
170
110
218
175
2
50
150
100
54
170
130
3
33
219
24
4
129
34
114
64
84
172
42
214
60
195
100
33
176
39
81
3
3
140
157
115
94
165
18
115
120
53
33
256
216
33
195
249
16
94
174
155
51
17
213
239
178
51
178
138
170
213
216
48
237
195
51
16
216
146
16
177
91
114
114
52
114
256
94
60
123
30
213
94
99
120
202
94
52
94
167
91
216
202
44
51
138
60
216
50
247
94
147
99
52
99
174
52
164
77
147
52
99
239
77
255
50
148
114
94
172
52
171
255
155
94
213
99
139
218
99
172
52
199
247
57
52
104
82
133
9
218
162
247
50
99
256
94
28
89
82
92
133
216
82
99
133
92
23
9
92
157
188
214
104
133
162
28
112
118
77
148
72
26
188
50
218
99
172
48
133
184
62
217
94
28
247
52
184
99
197
213
157
86
139
176
149
184
247
256
218
172
249
218
86
149
116
213
155
149
25
86
189
26
133
176
118
85
82
56
12
48
82
214
56
232
218
214
53
86
56
85
45
48
26
12
234
218
155
86
48
26
45
162
256
23
133
149
82
189
163
176
56
12
204
105
23
106
155
115
26
115
109
85
249
82
218
232
94
84
45
42
197
45
220
45
12
82
159
72
84
82
106
82
84
256
189
82
157
45
82
45
159
84
149
161
163
133
235
56
213
73
186
19
155
115
56
45
124
40
45
45
161
155
134
86
72
12
202
155
155
189
117
159
213
115
193
26
232
192
12
56
161
45
155
82
45
157
56
215
82
157
133
148
