97
182
138
154
138
244
154
243
97
231
206
67
231
154
122
172
231
208
251
172
79
208
243
141
212
79
154
87
58
58
58
79
24
6
58
58
58
24
58
129
171
58
24
24
154
164
171
160
154
93
171
58
6
58
171
212
87
6
241
154
171
188
166
24
126
224
171
129
93
24
194
87
92
24
141
87
37
93
128
154
227
92
165
93
122
24
122
87
93
28
171
50
6
6
87
122
17
171
6
129
223
24
93
128
243
227
141
165
122
171
122
11
223
132
98
171
24
141
37
109
124
194
171
205
109
205
122
243
99
137
24
224
132
171
9
227
124
24
205
246
227
132
227
31
229
124
38
176
171
188
122
38
33
24
132
132
209
24
178
192
198
218
24
247
132
11
24
24
6
71
187
183
220
224
132
190
193
24
24
132
70
241
17
168
127
63
185
63
95
127
256
26
55
198
25
183
236
120
224
43
105
202
43
205
188
9
171
146
132
205
115
224
81
24
202
24
