180
84
166
223
135
135
203
144
101
146
205
256
170
80
144
59
95
42
195
7
164
95
233
33
121
203
95
135
146
135
59
167
146
146
162
243
128
135
95
162
25
28
66
135
162
121
219
100
19
146
166
67
176
88
137
176
164
166
80
165
256
240
249
31
66
84
29
215
109
146
67
16
166
166
42
174
88
25
165
8
76
84
195
29
67
194
83
242
143
256
220
134
73
232
196
31
237
83
137
67
61
134
237
120
141
256
164
33
234
242
84
256
104
22
128
190
208
242
64
75
134
243
224
242
51
42
256
8
100
191
133
240
194
190
128
40
256
89
196
225
143
84
242
122
135
150
134
228
159
110
89
81
134
115
80
108
134
56
134
238
162
84
240
233
145
188
10
52
166
11
112
243
134
192
18
214
249
195
174
134
196
25
75
35
129
89
233
54
83
17
72
60
86
18
190
190
120
51
100
83
146
213
134
150
72
174
25
129
6
65
256
25
27
135
73
106
124
134
150
138
72
86
194
66
134
13
80
87
134
162
83
208
208
159
128
181
81
240
88
134
55
150
162
151
162
25
90
242
33
35
166
66
105
162
215
151
112
110
191
151
253
256
232
255
148
162
75
25
66
25
134
57
25
219
208
153
30
88
94
249
210
83
172
62
186
56
73
87
128
23
134
256
190
216
233
26
62
149
135
243
150
64
121
8
22
50
249
42
35
73
235
228
56
103
166
54
235
159
233
144
176
157
12
76
134
31
56
218
13
216
15
25
55
23
134
162
56
35
84
207
2
72
55
192
56
150
66
66
150
89
235
134
88
15
57
237
238
13
45
233
56
33
28
191
35
186
110
161
112
85
104
2
72
199
203
9
107
140
157
252
190
31
15
102
86
66
239
56
148
42
56
153
110
25
91
13
76
215
203
31
223
155
106
52
202
106
186
86
85
163
163
172
28
240
157
186
110
146
213
102
190
76
56
57
11
31
213
116
195
134
57
150
207
207
162
155
92
76
72
13
106
167
116
12
231
45
32
15
248
249
9
190
251
18
148
252
162
255
23
52
120
45
56
216
149
124
128
230
49
255
215
57
213
157
163
76
134
190
215
141
159
202
31
85
110
210
197
86
45
232
230
162
73
190
44
235
136
115
25
202
86
252
157
197
105
112
233
159
134
159
56
163
139
10
228
134
138
110
215
103
51
16
149
3
153
91
134
26
214
23
207
215
202
189
240
216
153
26
102
170
115
169
139
172
69
110
219
110
79
213
134
105
139
15
86
223
231
9
72
92
134
139
248
189
111
8
48
134
153
237
9
123
55
106
76
214
163
153
238
256
199
144
112
161
84
157
58
149
219
208
157
82
12
163
210
45
193
19
223
64
42
74
149
170
4
242
52
163
236
210
150
233
72
194
215
111
94
139
99
9
35
215
26
77
167
236
76
202
44
72
191
251
148
237
27
170
163
121
73
56
72
154
130
159
230
212
72
44
153
23
45
8
230
180
115
110
193
163
55
42
10
235
199
48
9
44
73
63
52
155
171
236
159
76
149
57
79
167
23
159
236
134
99
157
86
157
214
153
157
157
115
85
148
139
110
65
110
105
123
157
45
133
142
176
45
163
56
169
210
76
157
45
250
26
115
110
86
178
8
154
201
215
237
79
186
237
15
58
12
180
58
159
56
182
155
9
163
139
198
49
38
110
210
219
72
72
213
210
220
88
85
72
88
155
163
231
161
239
178
175
157
115
88
190
48
202
139
175
88
71
74
139
9
48
23
107
155
72
112
157
57
45
24
15
170
139
213
213
195
213
195
255
215
233
192
161
149
225
57
82
115
24
225
54
155
115
72
247
15
163
185
134
249
72
45
210
181
53
246
139
225
216
157
56
225
159
205
157
80
134
210
232
210
215
43
230
19
13
149
134
247
163
216
15
216
86
190
45
82
85
139
193
45
115
5
163
214
55
48
225
144
247
39
53
159
117
1
179
133
163
163
139
254
85
72
110
31
48
15
213
21
20
116
72
249
155
157
48
163
63
93
15
116
9
163
121
60
27
210
163
139
45
167
185
184
202
132
157
45
12
232
45
124
45
45
251
213
145
139
213
215
157
48
155
247
63
221
15
56
72
72
232
63
134
213
249
215
155
48
15
197
247
210
238
72
72
157
149
82
202
197
72
42
155
163
72
149
56
85
149
202
72
252
186
210
82
72
149
15
214
210
158
72
210
158
139
