244
101
88
230
88
230
184
88
36
230
176
36
203
162
87
166
126
88
87
240
128
225
36
55
212
123
67
244
65
211
87
104
123
138
138
31
54
177
128
84
55
128
55
128
165
55
79
25
139
138
166
169
221
177
169
88
177
237
237
16
156
123
97
104
87
55
35
186
177
205
195
151
160
87
240
84
231
160
87
52
87
195
47
203
231
166
87
87
138
110
176
70
67
73
27
50
160
87
139
65
231
187
73
40
200
214
165
254
89
254
14
256
221
254
36
39
231
164
65
194
112
254
194
67
231
67
71
36
231
130
165
114
159
233
65
230
123
221
58
35
230
138
151
36
231
104
135
202
160
54
97
171
204
165
84
54
254
126
248
66
209
17
179
136
105
27
202
92
52
112
54
151
231
151
160
7
18
245
71
167
75
219
97
70
142
209
97
54
206
164
89
42
112
65
81
230
36
64
114
97
244
12
3
32
190
62
52
87
65
130
13
89
170
206
138
170
137
112
254
200
150
31
43
136
6
27
143
166
209
165
65
35
135
165
119
97
190
54
126
152
27
179
28
65
56
95
182
230
157
243
231
233
36
151
204
143
214
229
249
168
11
4
126
177
209
198
240
215
97
72
92
45
189
115
204
239
179
196
135
229
170
209
100
71
115
145
154
73
113
4
53
71
191
6
82
36
222
168
213
28
97
192
11
65
22
202
177
6
138
180
28
137
130
168
88
110
105
104
202
93
187
130
248
210
95
130
32
223
123
241
110
28
204
135
50
3
8
164
97
41
4
4
28
256
25
222
204
137
62
55
97
11
143
187
200
229
37
121
168
87
6
75
54
143
86
44
110
168
206
77
157
11
97
169
50
188
93
134
28
39
117
130
153
28
144
88
42
187
234
168
93
198
135
188
67
65
200
65
186
43
143
156
190
110
239
183
152
96
7
188
55
250
114
135
245
199
45
77
143
70
11
45
180
219
200
188
11
28
187
11
119
3
240
54
186
250
86
256
199
11
174
122
6
230
56
179
108
228
1
38
90
232
200
20
54
176
5
151
88
71
187
3
28
4
179
138
3
81
53
206
5
231
127
209
169
9
176
92
91
222
169
187
115
71
135
244
187
6
253
194
44
161
25
71
71
178
55
175
169
46
35
6
28
147
38
213
152
42
92
92
31
46
112
202
200
241
235
39
18
88
209
73
137
245
168
70
187
202
138
28
22
71
160
61
43
115
199
64
184
143
188
18
229
137
5
147
147
1
209
89
180
214
122
187
56
216
254
93
239
110
44
243
190
142
65
174
221
117
209
256
10
101
81
43
32
253
135
28
152
179
56
200
9
191
28
168
169
6
43
76
93
52
93
188
60
109
172
6
79
60
62
38
31
94
102
245
171
251
92
50
70
180
184
138
102
240
200
71
49
107
18
122
202
192
169
209
61
240
117
55
52
183
178
256
24
187
230
119
90
149
233
183
188
137
149
211
24
27
102
121
150
142
56
12
126
168
126
136
18
117
122
214
252
237
205
24
209
146
199
106
172
137
211
41
43
182
103
52
209
24
182
210
137
151
25
52
54
21
164
202
254
74
97
24
245
205
69
46
239
24
20
160
233
178
88
171
244
58
74
24
206
143
36
82
60
234
219
240
253
41
141
95
86
28
135
176
210
76
60
37
92
214
159
58
156
42
200
111
71
94
143
124
5
241
92
135
241
252
117
209
171
175
250
149
112
202
236
86
183
14
241
79
206
250
89
100
245
180
85
178
89
64
56
143
76
58
113
187
206
117
206
17
233
240
17
70
2
37
120
206
22
189
202
1
228
209
208
209
250
204
104
28
100
36
249
237
30
89
148
247
184
18
118
214
251
122
196
170
33
64
101
137
204
199
171
117
253
102
17
130
69
174
107
58
14
204
92
192
102
189
2
198
97
2
74
57
102
171
195
222
70
44
209
122
229
208
113
93
199
113
151
54
115
92
234
37
171
120
126
252
100
200
124
209
241
17
36
113
1
221
9
197
169
21
119
18
151
114
249
255
216
200
75
70
102
249
220
253
100
208
87
44
187
196
107
41
245
119
178
187
50
138
100
235
44
231
44
252
226
183
5
189
220
239
38
104
211
37
64
40
87
20
171
228
197
250
150
136
46
126
125
254
137
83
239
206
97
171
208
118
65
209
3
139
86
222
130
200
256
206
74
28
109
211
125
149
154
79
182
240
92
108
41
180
154
171
252
178
100
250
235
109
54
156
184
214
250
1
70
58
60
173
252
87
1
118
157
3
9
88
191
221
190
137
187
40
240
152
209
150
79
45
222
168
229
88
75
223
125
109
137
42
24
118
136
208
228
101
180
143
155
58
28
22
247
146
92
50
92
100
100
1
167
197
14
70
125
189
208
60
117
112
205
231
96
58
119
5
49
180
149
188
115
37
137
125
64
157
137
190
33
33
132
125
62
110
135
252
14
118
118
196
12
256
125
125
208
187
96
139
62
222
152
58
119
75
180
149
117
210
137
167
167
220
119
85
37
37
192
200
246
17
4
149
182
17
159
60
12
3
24
195
92
241
32
250
28
125
39
187
28
20
250
112
204
255
105
188
200
33
82
58
222
85
85
175
135
4
157
167
106
149
134
32
50
234
109
229
75
33
254
223
168
114
178
106
19
255
37
117
125
189
57
154
24
17
101
187
78
103
163
105
196
101
148
127
241
70
116
9
44
137
148
199
246
117
46
24
132
125
85
37
119
188
200
7
200
132
256
108
191
4
130
212
48
85
244
222
210
87
4
13
4
190
114
114
205
4
208
151
241
50
49
22
43
254
82
30
37
34
4
92
158
85
4
217
233
24
19
213
229
7
57
56
169
43
183
31
2
47
190
134
30
62
113
7
180
22
253
28
67
134
157
120
65
197
49
173
188
96
14
17
44
108
70
154
65
63
132
227
44
171
151
195
54
92
30
75
85
114
223
208
63
193
195
60
22
22
197
254
154
30
245
119
85
104
14
33
192
187
124
142
119
199
101
60
255
79
124
208
106
200
254
108
120
195
151
111
30
33
93
111
122
124
229
109
134
1
187
44
183
85
67
227
171
227
62
171
200
205
136
110
95
209
161
85
85
44
54
30
96
32
241
39
199
22
200
60
70
241
191
188
145
114
85
167
213
117
30
234
4
19
227
207
1
85
220
229
208
95
160
187
109
68
15
49
241
122
158
44
137
213
208
156
220
132
57
4
130
168
194
241
229
4
151
14
245
112
132
167
235
245
168
68
62
175
85
141
188
67
217
206
14
241
254
188
15
68
112
175
203
137
219
96
70
111
94
196
241
96
60
188
15
200
173
127
107
60
10
187
5
92
4
132
120
119
76
70
23
68
134
23
156
81
193
51
113
23
110
152
68
173
171
242
92
117
168
156
209
193
156
167
116
4
89
119
179
4
73
64
111
47
107
2
171
178
208
242
200
30
68
92
226
187
223
247
228
111
76
63
106
184
76
187
184
192
23
108
156
119
187
22
65
14
4
68
68
90
152
133
4
239
1
173
37
214
201
120
6
213
30
76
193
116
228
152
196
152
4
158
171
92
76
33
44
68
107
132
6
96
200
33
36
39
48
105
9
142
178
156
220
12
158
5
49
4
132
30
240
244
9
229
4
173
250
142
60
96
38
70
196
132
107
152
14
175
191
116
120
142
156
144
47
200
119
196
158
121
249
133
146
239
2
64
196
135
132
132
13
199
76
132
196
21
187
163
109
131
68
168
79
90
210
2
130
214
239
193
100
251
1
201
196
151
36
158
88
119
7
116
193
188
14
145
78
46
82
192
18
250
135
90
64
191
207
111
120
110
90
224
234
53
211
86
200
234
5
79
132
4
93
192
120
171
30
107
70
28
14
232
201
90
44
2
196
4
96
196
225
179
63
196
187
70
119
64
60
249
229
238
65
130
200
53
63
78
226
2
156
15
63
150
71
111
28
229
15
156
111
6
156
119
63
224
19
76
4
14
12
5
131
38
111
255
59
193
156
191
5
132
68
188
21
12
153
192
64
195
120
215
64
229
182
52
13
196
196
152
68
207
119
69
64
35
73
175
20
14
173
43
79
156
156
188
124
242
86
43
35
33
201
120
196
220
116
