166
80
80
80
7
80
29
231
161
73
183
31
231
253
165
7
165
231
80
66
231
231
160
166
80
80
165
94
61
160
165
7
7
174
174
67
87
174
186
67
7
165
7
239
147
83
152
165
143
159
7
239
143
240
143
143
126
126
126
166
231
17
98
87
34
165
126
126
104
231
67
36
87
67
212
229
209
67
161
126
121
67
242
185
199
129
221
36
231
98
126
162
126
172
165
242
126
212
17
249
144
67
194
125
231
126
194
161
231
77
51
205
108
216
185
174
51
83
126
216
126
188
28
94
94
51
217
126
212
172
249
203
231
141
66
125
221
17
147
29
212
7
44
20
186
126
251
83
138
126
51
125
162
126
212
217
251
212
51
141
126
202
147
20
83
165
239
104
221
20
225
202
211
144
212
94
125
25
17
121
126
66
212
182
126
147
194
125
172
126
25
251
9
134
217
147
17
25
17
126
207
125
199
189
123
61
186
174
32
126
17
246
256
84
141
126
9
94
104
217
147
221
51
83
7
29
83
20
125
197
17
202
20
87
94
232
176
83
51
245
126
25
115
141
66
96
118
104
225
135
221
118
20
18
212
132
143
20
126
256
66
225
55
115
20
147
73
244
243
147
251
17
226
61
92
66
20
215
251
185
94
178
92
232
162
242
203
104
20
47
83
31
243
216
216
216
25
246
146
231
159
206
221
174
89
166
89
99
215
9
9
44
99
20
66
99
136
225
94
74
125
84
208
231
242
25
221
152
87
118
67
67
115
244
99
191
231
113
125
99
209
214
113
221
20
87
231
146
223
104
128
133
153
114
94
61
191
191
128
99
251
76
161
150
221
209
13
25
251
225
165
99
182
189
222
256
25
104
135
161
71
122
217
128
17
20
251
125
218
154
25
8
36
118
202
162
115
94
145
128
9
165
154
40
140
92
115
107
202
125
114
214
153
27
115
40
232
104
247
104
161
197
31
7
42
157
200
18
20
221
217
20
25
115
89
197
153
99
215
5
232
118
125
161
97
141
7
215
135
195
191
86
50
7
75
20
215
215
161
256
115
125
20
74
232
253
162
203
185
25
125
141
197
9
25
95
3
229
99
92
209
230
67
256
214
115
115
162
129
17
52
202
55
35
165
161
232
222
237
99
149
59
50
140
205
42
125
157
74
130
114
58
125
253
208
63
82
237
135
25
166
115
197
99
73
195
99
221
157
98
225
92
256
256
83
118
85
178
42
139
126
33
165
32
25
217
129
125
125
161
252
136
178
59
125
125
184
156
42
73
215
174
162
123
228
255
186
124
209
154
25
232
90
109
178
50
67
115
8
150
73
215
108
202
213
133
33
222
72
115
115
123
95
178
177
170
184
30
48
166
92
197
20
73
184
186
145
82
115
6
32
204
94
162
125
178
31
214
197
139
64
215
82
1
185
20
206
221
20
256
253
171
220
91
213
20
235
20
104
52
77
25
201
213
72
203
135
143
202
146
32
94
8
25
139
171
12
238
52
115
131
29
202
232
114
215
172
229
66
214
66
65
7
50
250
159
115
115
27
232
202
231
77
145
196
68
115
79
34
80
16
71
123
235
239
56
171
202
83
154
27
72
249
27
202
66
186
48
230
31
238
230
8
157
88
162
161
242
113
215
202
178
161
35
3
217
199
83
8
197
151
192
5
23
235
14
64
195
60
193
232
144
202
161
81
173
232
20
202
32
218
189
26
150
114
36
79
161
202
216
92
36
45
213
118
51
163
73
115
247
80
157
132
115
220
202
66
125
90
150
25
215
72
157
202
157
220
75
145
110
6
152
49
191
213
184
225
67
82
82
160
63
184
194
184
213
178
78
197
3
220
220
242
82
159
5
191
99
157
243
32
133
169
184
157
255
25
29
91
82
172
213
119
250
82
21
250
95
211
22
14
133
76
182
173
202
114
114
150
178
88
63
202
159
183
196
19
29
242
218
214
133
15
88
220
33
57
152
59
68
191
35
123
3
225
23
95
155
239
94
202
240
147
31
202
187
82
23
184
202
161
221
42
64
92
191
36
202
153
123
202
17
190
242
213
157
133
148
197
159
79
88
48
159
211
19
215
178
14
202
157
117
246
192
74
82
202
202
82
243
202
48
245
64
184
32
197
28
96
120
104
155
73
215
23
125
153
157
182
85
74
91
215
195
115
73
242
174
186
157
26
114
160
250
99
214
202
82
157
157
26
195
157
173
127
36
59
53
52
82
82
117
85
215
125
239
109
144
82
202
202
117
4
215
74
155
114
8
213
26
82
178
16
181
52
20
232
157
95
149
79
114
114
88
156
213
245
89
202
97
159
215
199
155
62
196
197
120
187
199
88
234
239
45
23
231
99
159
215
148
42
16
62
4
155
74
36
199
25
52
157
82
187
169
48
117
113
229
14
173
222
214
85
229
64
195
161
239
221
248
157
48
159
89
198
206
147
14
82
133
23
13
190
229
102
215
159
61
14
82
121
202
157
85
107
215
157
202
26
20
89
159
48
48
202
208
82
215
29
82
175
35
113
52
89
60
37
135
157
191
253
82
149
82
247
86
82
215
96
23
72
48
202
106
120
193
45
148
247
48
109
12
51
82
175
99
82
72
96
125
213
104
127
50
169
213
157
104
45
11
99
215
2
234
196
214
140
61
64
215
66
72
48
48
212
72
232
78
237
47
60
127
202
190
123
23
103
213
242
202
94
104
159
213
147
64
190
175
20
186
229
200
20
82
149
215
214
200
157
104
243
32
148
199
133
48
82
212
94
62
145
25
201
215
8
196
82
206
157
72
72
172
178
33
52
88
178
153
175
213
115
159
178
5
2
19
20
159
11
69
200
14
163
208
159
214
14
109
213
197
16
242
215
36
141
50
215
77
193
159
82
32
149
148
23
63
217
5
201
197
213
175
82
82
103
82
82
82
71
90
98
157
115
161
213
48
133
217
213
157
32
192
115
212
23
251
160
133
245
202
98
49
42
201
72
84
91
240
55
88
112
64
218
5
56
152
193
66
230
82
232
52
159
202
219
34
159
217
98
23
245
163
48
213
54
153
157
48
23
82
216
45
20
161
120
189
61
213
163
146
223
35
72
35
159
202
14
76
19
40
161
173
133
133
155
21
157
215
232
155
160
199
23
232
221
89
147
187
185
157
112
232
8
133
126
157
204
14
77
10
82
45
213
84
125
86
202
110
98
115
48
173
73
90
119
213
156
229
104
49
83
11
66
232
48
35
202
156
242
136
163
202
213
159
148
240
133
228
78
163
23
197
232
146
240
207
153
223
157
12
247
190
50
119
56
84
229
136
23
215
185
133
82
213
160
43
245
153
90
32
140
155
162
157
131
123
48
197
133
56
136
53
23
161
52
155
77
34
90
48
197
82
245
184
38
89
214
159
136
90
72
255
189
36
19
43
27
157
148
64
223
161
156
3
48
255
173
242
140
53
159
133
85
90
185
162
240
120
62
72
152
213
8
56
56
84
232
36
69
197
206
73
93
133
45
48
133
133
77
249
133
189
136
133
56
31
133
52
57
109
197
19
148
133
213
157
23
216
213
159
215
19
43
28
25
229
129
240
133
242
43
228
214
162
249
53
82
120
78
183
218
133
77
155
96
85
251
28
232
56
117
72
25
213
133
20
121
52
157
69
157
188
133
133
166
19
202
52
197
157
133
45
52
53
82
216
82
85
148
115
