205
244
33
244
203
150
10
146
178
31
146
33
10
161
196
231
106
208
121
37
135
130
123
211
168
150
123
186
182
3
135
3
130
75
110
171
166
67
106
208
211
59
242
3
114
96
165
43
111
204
33
244
17
10
90
208
157
166
118
106
166
133
17
174
114
136
111
123
147
86
106
172
132
145
172
217
114
150
219
131
59
242
99
220
251
56
152
35
228
112
145
9
145
99
112
111
204
92
118
75
204
66
146
204
185
239
174
253
71
98
9
234
244
172
230
172
127
66
151
220
62
214
3
14
86
205
71
244
192
87
101
251
98
17
253
3
224
212
17
89
204
85
17
187
144
219
71
132
151
30
73
96
244
172
244
9
17
251
102
140
89
157
36
220
208
55
217
76
106
204
151
84
43
3
112
100
123
228
11
71
147
249
59
204
71
122
104
87
130
89
50
87
72
9
251
3
204
121
160
242
150
59
217
106
150
208
127
143
254
89
163
57
140
172
66
253
11
147
248
121
189
16
84
151
139
217
220
65
232
130
59
86
65
59
129
133
94
189
3
107
172
60
51
17
136
89
146
160
180
129
172
192
204
11
199
115
151
89
33
126
87
2
32
160
254
192
132
92
95
43
120
51
254
141
122
90
152
38
91
22
44
152
72
94
150
12
196
90
222
94
114
242
92
214
164
159
150
14
54
12
51
151
203
33
242
11
220
170
95
190
233
71
133
220
117
211
218
106
217
219
151
107
38
222
114
15
94
132
109
85
114
139
22
102
109
132
155
219
33
200
251
189
157
11
137
134
100
11
79
9
84
42
214
199
129
216
200
25
52
191
122
208
208
114
87
192
213
70
191
200
149
27
206
154
130
79
154
49
208
155
27
254
122
70
9
84
13
124
119
254
9
145
154
9
216
109
9
174
5
97
208
15
211
124
181
97
86
86
156
51
217
84
12
120
27
38
26
69
218
1
150
15
3
122
16
106
63
224
9
153
209
31
127
59
200
154
244
156
115
132
174
101
124
48
27
26
96
7
150
216
253
139
133
175
14
197
153
216
164
154
176
218
151
134
129
150
70
163
220
33
3
76
111
72
12
154
34
118
62
109
154
132
177
9
108
136
97
123
90
60
237
202
34
109
106
204
2
2
157
56
72
98
9
134
149
250
101
76
96
120
56
16
52
106
154
192
78
245
80
245
29
111
156
21
29
247
51
25
1
254
218
181
157
140
14
150
52
123
161
101
162
216
59
149
16
55
107
102
159
137
138
231
151
76
51
38
34
152
124
237
131
98
256
254
9
220
181
249
254
215
149
254
226
154
98
127
44
113
49
66
200
163
163
191
138
131
100
76
88
86
147
45
178
9
100
197
246
77
60
60
131
205
200
163
44
117
207
145
138
246
226
100
9
117
235
200
149
207
71
223
145
245
215
9
64
109
99
254
60
117
101
117
189
145
78
72
30
181
135
89
200
46
131
19
216
81
158
160
34
30
145
70
246
163
235
77
254
220
78
109
232
149
61
27
100
70
115
243
243
150
70
64
98
133
107
56
138
39
32
124
150
36
136
28
163
120
216
79
92
4
238
102
92
71
225
192
159
207
237
225
184
200
155
176
254
95
92
216
234
53
204
145
163
86
117
207
148
79
30
231
17
30
100
120
231
31
98
218
25
160
60
131
161
26
108
53
181
250
44
224
46
57
17
250
77
109
152
67
10
148
122
60
56
33
79
148
66
137
42
163
33
122
182
98
241
92
81
236
130
61
70
200
255
108
149
159
81
28
137
129
132
226
96
226
189
207
67
161
159
45
3
232
254
137
9
176
217
52
118
125
114
137
200
117
136
78
70
161
181
78
241
226
32
96
39
232
181
76
4
52
163
133
5
13
221
232
132
161
80
70
207
44
44
19
4
43
33
117
42
62
42
100
142
132
54
218
215
6
20
100
77
232
218
66
2
229
254
111
207
56
109
224
249
161
70
94
44
207
223
137
189
124
96
245
19
190
30
119
218
227
82
30
195
207
255
220
247
254
225
220
155
39
163
132
106
66
60
211
19
158
96
148
117
207
111
247
232
125
43
120
39
96
12
224
232
94
120
220
106
120
120
60
137
106
189
92
70
200
161
220
34
32
137
79
120
192
86
120
32
192
159
163
9
248
197
39
39
3
53
117
33
