96
110
127
142
172
172
172
128
172
160
127
164
164
164
147
164
172
216
127
160
105
123
164
211
128
123
38
34
165
167
164
104
217
37
216
147
207
229
37
37
216
122
38
205
141
110
94
250
168
38
154
226
129
216
1
247
94
94
216
38
103
123
61
38
216
226
129
141
164
247
74
6
190
216
94
220
1
216
174
34
167
104
251
127
94
37
28
74
98
176
216
122
247
216
58
122
65
241
154
244
61
179
68
94
141
129
181
163
146
235
172
6
104
168
174
164
143
179
174
132
124
177
154
77
147
83
9
77
221
235
221
126
15
181
171
34
89
38
65
205
15
89
179
17
147
216
104
77
171
193
58
38
164
248
239
53
158
37
210
141
171
168
152
138
129
249
58
250
80
9
15
15
1
9
165
255
1
141
101
185
250
174
179
50
168
71
191
101
154
99
63
45
250
190
38
168
158
119
28
61
247
28
198
179
234
93
107
230
38
38
241
250
173
58
169
179
179
122
90
96
179
93
104
255
179
193
179
158
250
121
229
169
233
133
241
179
128
180
180
168
53
142
167
171
142
198
179
68
82
168
53
171
179
241
157
157
58
82
253
241
37
41
4
179
61
246
248
154
253
168
158
82
158
38
241
179
183
233
116
15
63
205
179
38
179
153
179
193
168
233
179
167
184
37
233
