51
51
51
51
123
35
87
51
212
59
35
146
69
36
56
126
212
123
94
59
126
6
17
31
98
223
36
31
31
240
17
59
146
123
17
194
206
127
253
94
88
33
4
143
172
51
80
147
99
27
170
21
123
98
204
165
205
55
67
243
143
160
5
17
59
243
143
80
21
21
143
74
98
127
166
126
243
36
208
75
150
27
31
165
243
55
214
211
235
203
149
190
127
222
162
135
17
203
162
146
228
99
55
51
217
123
55
83
127
143
217
218
88
123
128
211
21
146
75
55
162
59
17
84
80
235
84
165
99
190
117
84
165
235
174
132
190
51
128
235
165
126
56
158
88
186
67
18
51
143
165
31
21
184
239
36
65
191
3
160
59
165
87
138
123
135
114
136
84
122
115
126
88
162
123
127
55
237
172
67
84
218
51
16
190
212
74
150
174
165
212
183
171
42
165
150
13
136
140
201
165
190
42
194
51
8
67
134
184
11
174
3
88
13
202
140
165
248
165
184
248
16
17
208
176
166
123
62
123
237
115
174
66
7
228
51
85
63
33
115
74
184
132
132
212
120
130
248
159
140
117
184
208
186
11
165
73
235
244
51
18
50
177
92
62
149
174
231
57
50
67
175
151
18
132
153
160
54
120
92
200
254
138
50
182
153
72
184
235
218
154
16
16
127
18
116
132
222
190
209
51
123
143
91
196
95
181
66
184
182
92
62
74
230
151
165
166
179
92
132
224
172
229
180
39
196
243
132
99
209
163
64
3
244
149
245
59
232
256
232
255
73
195
149
215
237
16
239
198
54
165
165
14
239
163
28
235
228
177
221
222
182
231
203
17
239
126
22
232
54
76
67
230
183
225
97
123
177
127
75
3
230
75
181
182
154
175
84
95
54
217
75
75
35
28
201
231
66
16
21
113
228
160
71
228
212
216
124
176
158
178
181
35
64
82
176
126
222
151
64
184
222
201
171
165
256
182
31
176
183
221
172
146
180
133
110
112
161
245
222
175
95
84
17
17
35
98
250
218
99
65
182
200
250
181
66
106
128
124
215
149
72
71
197
71
84
222
99
252
153
71
73
92
109
109
170
72
72
71
29
72
99
104
138
29
182
245
254
184
153
10
177
251
95
229
85
4
132
75
184
183
71
49
78
75
158
146
98
169
86
138
221
181
5
107
151
42
151
43
164
110
122
96
182
108
127
65
75
49
4
188
251
133
20
214
176
133
68
85
89
143
181
230
50
251
75
50
123
51
200
73
253
162
152
195
133
151
253
196
11
82
218
117
224
187
55
10
176
140
89
9
54
85
95
208
60
197
207
44
217
85
177
122
249
175
85
208
215
72
122
17
200
117
200
154
131
250
111
240
72
237
154
224
124
78
44
245
95
190
125
222
177
98
52
204
75
72
27
176
123
72
72
253
31
137
82
226
105
218
31
189
73
72
72
73
72
86
158
159
84
125
208
11
151
177
49
73
105
85
31
240
157
208
72
248
182
158
133
255
164
232
108
82
181
241
84
44
20
113
114
35
245
66
58
157
248
235
170
72
131
200
114
184
42
37
49
61
44
72
236
248
45
224
114
65
217
48
130
82
131
161
63
200
216
208
129
245
97
115
3
177
11
202
248
133
82
47
178
232
63
49
132
188
200
232
44
55
218
111
207
21
131
221
153
188
45
170
182
133
230
215
46
71
213
192
236
220
71
9
79
85
38
184
188
96
248
220
157
38
38
213
210
101
82
181
218
161
4
224
255
222
255
21
17
40
229
181
82
131
14
72
237
218
159
226
232
232
202
23
108
20
228
238
160
48
82
221
44
44
218
191
101
226
239
46
151
115
89
177
232
122
133
207
246
215
101
140
249
53
120
82
124
221
131
187
133
200
159
151
249
82
158
135
119
178
139
16
200
48
192
215
119
162
163
200
39
58
200
206
149
192
158
191
191
