55
58
243
128
243
231
195
243
87
195
87
121
55
40
40
231
40
58
40
240
203
206
243
121
195
59
49
243
186
206
17
87
195
211
87
128
182
211
40
40
14
143
206
226
208
143
14
17
14
17
33
13
211
211
26
37
40
17
182
182
208
211
8
211
186
106
89
143
143
211
182
135
105
143
17
150
243
224
65
226
241
182
40
123
136
211
106
55
211
143
206
211
136
109
217
59
209
208
132
182
109
136
135
135
136
80
205
120
109
208
197
120
208
204
32
118
79
55
9
109
95
143
135
136
65
183
208
206
135
122
113
97
79
122
208
97
183
2
118
226
250
208
188
118
97
16
166
136
78
60
97
241
97
118
107
28
192
223
118
78
207
217
55
97
223
171
110
11
206
136
222
3
118
253
187
33
231
80
11
226
135
141
123
95
136
226
63
132
175
211
223
132
3
183
118
28
249
175
37
77
219
249
70
226
204
188
79
1
77
3
97
79
224
215
242
227
33
13
217
227
14
11
97
172
246
166
13
204
168
198
13
131
131
153
133
136
63
237
215
147
199
50
52
182
13
70
131
189
70
128
204
143
158
13
224
236
208
208
207
143
85
136
207
131
208
11
222
208
3
250
56
15
159
207
95
208
42
70
232
143
165
208
165
165
139
250
123
171
13
13
181
110
68
56
208
43
202
165
143
45
184
246
56
55
124
171
249
181
230
137
143
139
164
75
165
224
133
139
209
131
56
15
63
230
114
227
228
209
182
199
249
131
165
209
78
129
157
143
43
129
33
209
198
102
238
120
158
70
129
124
209
124
82
72
84
196
209
202
157
52
82
31
91
157
132
49
120
163
89
198
129
202
23
249
165
43
207
165
6
6
99
