212
126
212
251
212
71
212
126
147
151
156
251
79
251
88
208
251
160
123
123
160
160
123
160
84
17
162
123
239
253
239
17
125
162
94
160
251
162
215
250
215
251
127
98
172
29
251
54
160
84
23
153
250
23
140
63
127
111
111
72
251
186
251
23
251
186
18
111
239
251
162
14
251
225
115
225
37
18
162
111
76
77
251
251
225
151
235
251
251
207
71
51
235
235
251
225
235
32
54
253
14
218
18
127
153
251
22
237
253
196
172
127
115
153
51
125
251
71
69
225
220
251
215
251
123
145
151
215
215
189
123
90
123
76
23
213
16
251
215
216
16
252
251
58
212
129
76
251
54
251
143
143
251
22
216
225
94
190
251
225
251
251
127
128
127
202
23
127
98
51
45
186
251
26
18
47
18
18
153
216
125
251
129
90
57
225
54
207
225
57
90
51
189
213
163
18
69
50
153
111
51
110
213
3
128
18
225
76
251
177
18
9
54
215
251
155
12
216
57
251
81
238
252
12
251
253
23
23
151
51
251
98
159
153
45
149
81
177
216
238
123
127
105
57
255
251
9
251
57
51
76
202
200
57
216
214
79
253
29
18
220
127
9
120
214
235
225
24
12
57
230
251
23
90
147
57
76
16
44
230
91
207
147
181
181
94
12
54
51
22
177
153
69
12
177
235
153
236
255
236
127
215
127
177
51
220
18
255
255
251
127
174
45
18
127
219
228
255
64
181
195
34
255
156
216
215
215
216
176
216
177
86
74
251
159
163
57
215
16
57
94
215
20
177
12
216
4
177
127
255
76
57
159
251
251
173
99
255
94
195
251
173
251
177
64
201
81
74
12
25
53
159
242
215
251
153
159
161
160
153
54
123
54
74
153
113
12
155
120
255
239
123
44
232
117
73
74
45
251
85
177
251
215
94
255
149
42
106
159
72
177
189
127
159
119
153
106
74
242
20
94
9
147
16
153
149
54
20
149
18
20
225
123
253
48
90
90
157
120
104
160
149
207
120
54
108
16
215
82
112
177
148
62
178
225
82
48
12
16
225
204
16
99
71
16
16
177
219
81
16
115
18
120
251
54
50
64
16
210
186
229
16
123
16
45
56
255
71
16
56
177
64
16
201
199
127
50
197
254
23
177
113
225
19
16
163
119
16
54
16
158
103
114
64
119
82
163
19
16
140
210
85
3
10
45
23
195
229
74
16
23
115
23
16
52
178
5
189
210
62
24
45
189
148
189
23
210
64
48
76
27
163
189
113
185
210
140
149
13
82
153
12
99
157
163
178
210
5
239
213
210
35
255
163
71
114
148
210
210
57
57
145
210
251
140
9
16
239
44
71
18
149
168
161
22
4
20
232
50
168
12
149
178
44
159
157
20
197
133
178
57
174
178
161
218
76
159
213
107
23
255
149
56
56
254
99
237
114
219
215
237
56
148
223
190
85
163
26
202
99
148
148
141
255
120
232
4
4
119
157
200
193
23
56
89
148
56
214
148
89
254
4
250
47
173
47
47
62
47
213
120
29
