3
49
106
26
63
227
242
219
242
242
242
227
253
253
75
29
219
242
106
86
219
75
242
81
126
75
242
151
126
61
27
81
81
76
84
160
242
153
141
162
29
71
141
127
96
187
3
151
115
26
127
75
84
61
141
71
98
177
84
176
29
72
29
96
94
187
151
208
208
208
175
243
72
61
150
84
154
84
84
71
84
243
122
84
52
156
255
143
29
96
128
84
19
162
202
33
166
42
11
245
253
242
141
143
138
243
197
75
52
134
84
122
80
143
243
155
175
72
143
122
243
242
162
202
90
183
248
202
243
143
84
114
183
42
178
243
142
175
6
197
6
96
243
175
72
243
46
115
115
206
85
155
176
194
89
46
243
250
175
241
251
232
243
165
97
97
85
89
6
251
63
175
176
69
127
127
55
123
25
126
52
202
232
243
138
89
151
46
98
151
52
46
63
156
112
126
175
126
75
146
160
165
199
147
81
156
21
54
112
34
164
160
6
239
220
164
16
126
6
99
151
160
210
123
81
164
200
239
164
189
126
126
6
12
126
210
16
126
155
81
241
113
126
21
42
209
150
206
6
19
209
242
24
209
197
209
28
62
160
145
197
198
92
205
205
158
249
208
69
242
126
197
25
28
38
197
42
255
210
238
160
92
197
82
197
15
202
155
86
156
203
12
127
15
4
105
162
210
