29
31
203
121
176
211
146
237
31
42
29
42
58
162
162
74
21
84
97
80
203
25
84
146
7
203
121
204
256
146
146
180
203
31
83
162
97
80
191
256
33
58
75
80
230
162
203
224
204
65
29
89
130
31
194
21
146
42
166
59
205
42
146
222
31
121
203
132
117
194
162
121
170
162
146
244
194
231
146
80
75
108
190
205
31
244
227
84
43
185
80
191
13
231
33
199
162
203
3
80
250
138
93
97
231
162
52
42
162
166
67
164
7
202
42
176
244
27
182
201
211
42
248
16
202
162
52
202
84
164
7
160
138
166
162
144
52
162
65
104
179
73
162
29
42
162
130
240
80
174
201
203
252
80
121
84
150
80
18
185
91
170
256
21
146
84
216
29
237
42
146
140
174
121
185
221
73
136
162
102
84
162
169
97
203
138
55
62
216
256
115
88
256
219
52
42
144
199
150
144
164
42
215
132
115
31
144
73
146
162
250
3
36
65
43
171
146
84
25
256
80
21
203
166
230
25
113
165
43
158
121
31
73
237
115
169
42
231
222
83
144
170
135
249
59
144
206
10
176
208
162
21
84
95
185
162
144
153
144
164
95
203
146
113
7
166
168
38
91
223
144
256
42
191
180
84
227
254
22
35
81
65
42
121
240
22
56
203
146
22
144
231
256
24
52
214
164
253
144
203
35
162
88
248
150
108
144
25
194
84
56
236
31
113
52
185
42
162
171
162
215
247
194
121
42
144
84
185
215
42
25
88
88
203
215
194
56
35
115
171
95
21
249
240
92
252
139
202
185
185
104
116
84
202
128
202
84
211
84
214
60
59
206
146
116
136
202
230
176
205
202
58
45
219
72
206
22
214
166
153
32
112
45
202
188
203
138
84
203
84
170
112
185
40
186
164
108
194
146
256
31
138
164
108
229
231
69
42
169
215
89
89
108
164
23
118
130
169
177
153
58
150
194
205
191
190
148
26
166
73
23
249
77
186
252
176
70
74
179
176
202
159
215
191
206
190
115
25
35
68
52
185
153
202
144
146
186
38
25
42
202
128
44
72
22
169
239
200
38
73
31
42
214
202
45
40
249
146
213
171
232
128
116
217
190
240
138
186
214
74
219
81
83
13
33
213
170
84
203
153
70
55
61
21
202
202
232
202
162
80
73
88
256
194
202
176
256
164
56
195
224
186
171
153
144
169
88
215
194
99
183
74
170
42
166
166
95
84
181
29
203
236
88
186
153
222
146
249
171
146
256
113
89
96
214
214
203
28
97
93
196
155
202
84
21
211
219
72
146
153
215
256
252
176
32
25
252
141
96
211
89
169
47
55
240
132
130
191
175
102
200
197
35
256
42
52
175
203
118
229
197
36
164
97
47
181
202
88
256
35
84
206
28
146
202
73
256
87
32
227
118
224
73
80
42
146
5
89
87
239
112
215
80
144
256
152
214
91
160
87
191
49
190
147
31
166
84
229
157
138
194
35
166
69
144
253
221
232
191
35
164
116
73
176
188
256
84
141
25
45
73
230
161
256
80
28
165
122
166
28
89
19
77
230
183
95
49
52
122
95
29
75
115
191
115
243
23
240
72
22
169
65
221
202
186
179
221
35
122
121
32
98
170
59
203
65
39
39
31
121
21
29
25
185
162
132
42
80
203
78
91
124
121
62
29
115
229
169
164
199
152
52
182
117
82
23
256
84
65
221
52
146
231
253
91
199
215
52
150
103
164
229
256
213
52
121
58
55
171
141
215
121
113
171
200
191
144
202
164
180
221
217
146
169
121
75
28
73
23
113
191
144
8
33
186
157
52
188
81
21
28
214
42
42
35
21
248
170
214
249
10
199
72
84
216
202
15
14
203
202
157
253
205
113
49
72
169
91
56
91
96
88
194
107
170
242
146
186
230
146
249
157
200
60
186
194
186
78
137
54
194
131
213
196
186
91
164
162
188
186
49
190
191
162
65
35
3
121
215
179
96
42
120
162
79
179
159
73
115
179
35
81
204
161
67
240
203
87
4
34
164
117
42
73
116
191
204
52
80
176
130
185
86
52
89
75
219
215
254
65
210
62
21
190
118
80
36
115
35
231
169
174
254
91
144
72
146
43
113
213
213
11
42
88
37
91
231
121
256
213
191
107
11
11
32
110
29
206
102
194
238
202
234
107
256
80
102
5
202
128
155
112
44
184
152
239
249
151
213
91
249
157
191
91
107
196
191
215
3
153
213
162
170
216
213
190
157
93
230
132
21
33
2
178
23
7
84
67
23
10
211
35
158
230
25
191
127
248
170
176
144
95
183
86
36
210
124
65
240
213
159
39
21
2
176
180
35
157
35
176
73
74
170
93
58
214
256
115
240
68
93
42
217
231
178
95
55
8
159
157
33
254
199
91
211
91
52
103
55
203
180
256
91
42
202
121
141
200
215
146
119
57
157
36
231
102
89
231
82
72
72
207
202
236
35
249
170
2
252
197
31
253
65
10
225
240
36
240
176
219
230
109
15
55
242
249
202
157
115
84
13
10
24
190
195
29
240
146
29
136
230
249
215
169
91
33
213
196
111
78
252
70
113
176
157
240
43
219
24
84
191
169
182
21
90
155
217
197
214
210
256
24
256
99
58
186
117
35
18
52
144
240
119
145
170
67
255
77
146
170
36
221
144
5
111
119
25
256
194
169
107
256
31
89
202
169
88
31
186
253
84
31
91
239
180
252
65
42
249
190
33
91
189
215
118
227
176
231
140
202
236
35
214
97
254
42
130
107
2
52
240
236
200
156
175
253
25
173
118
103
19
212
80
137
199
202
52
36
107
74
121
254
238
176
132
230
185
134
119
173
89
40
219
191
157
109
185
253
186
205
219
82
149
166
191
78
227
29
25
113
135
84
58
86
194
200
115
167
36
107
96
30
230
202
42
5
73
149
36
52
36
256
157
215
252
52
63
132
210
86
88
70
191
230
91
83
84
200
52
113
201
244
115
191
202
30
93
19
195
149
246
49
230
211
191
102
186
249
192
156
217
186
252
238
249
168
98
150
188
180
240
246
230
185
252
156
10
86
65
156
156
115
19
58
63
98
245
238
136
249
230
31
170
197
52
191
101
78
98
136
240
256
42
193
113
169
256
249
213
185
177
35
201
252
48
61
215
193
195
149
89
191
7
17
221
20
244
203
42
170
84
86
84
98
196
149
45
198
200
250
202
186
61
136
173
52
230
144
32
30
186
19
181
241
88
6
146
91
156
256
201
102
157
159
197
91
193
36
231
173
249
11
244
186
129
229
202
214
135
153
120
138
35
151
102
235
251
43
164
25
191
102
88
196
53
43
115
152
146
192
200
35
141
72
136
186
252
36
88
185
238
19
106
181
231
197
238
45
126
88
72
50
169
202
72
256
45
185
159
170
124
198
35
256
113
221
198
88
98
115
91
157
133
88
120
231
101
240
79
10
189
138
113
230
73
36
107
130
137
157
111
173
125
145
191
201
183
64
240
244
78
36
52
137
32
15
198
10
184
62
