142
90
90
49
89
90
142
90
90
90
49
12
8
12
46
190
142
11
245
11
46
89
151
71
90
121
12
190
24
252
10
14
8
11
71
10
187
90
195
145
14
90
175
190
142
142
151
204
132
116
138
196
113
35
183
71
10
71
142
89
50
190
245
116
158
114
248
60
253
181
134
88
142
128
248
97
248
225
107
114
116
113
208
247
182
225
126
248
123
225
76
192
16
12
100
97
241
240
183
122
248
71
237
245
122
156
60
10
226
192
59
192
113
50
60
60
109
41
248
192
248
182
250
100
137
116
192
60
151
181
171
100
128
109
198
107
114
5
171
5
5
10
19
10
41
192
154
241
226
71
132
60
60
100
228
206
208
179
100
254
145
28
122
170
199
135
38
90
46
208
113
71
226
9
14
209
25
145
192
154
9
137
137
100
109
135
92
137
81
151
117
161
233
215
254
49
26
135
50
228
250
89
171
101
233
199
216
63
100
38
108
94
201
92
37
100
114
216
255
38
95
160
233
181
11
252
107
245
211
115
11
210
204
120
203
168
14
71
100
93
222
104
81
172
60
94
168
127
101
190
149
9
136
207
148
210
255
244
18
150
90
206
230
142
169
114
118
120
74
184
233
113
182
192
100
105
50
26
122
101
59
181
38
129
236
171
230
172
39
167
39
39
75
127
248
168
17
100
49
150
181
2
45
5
98
228
100
130
63
118
132
9
134
233
132
127
122
39
192
26
60
117
30
211
13
206
56
196
60
192
196
136
182
168
225
204
17
61
60
217
215
153
120
71
245
102
81
26
56
216
9
39
204
189
148
5
114
98
37
233
78
60
233
100
120
254
171
210
91
100
76
26
6
222
132
75
100
239
207
233
199
100
185
182
60
233
79
213
122
249
118
32
69
210
248
179
115
134
79
17
130
7
117
13
252
39
249
193
101
75
122
214
225
76
115
105
167
55
230
38
68
70
216
153
100
60
199
106
167
233
192
190
130
77
105
171
113
89
190
100
92
100
60
108
243
210
155
184
29
60
9
130
154
188
214
207
122
39
213
104
105
115
60
130
236
172
32
60
77
44
235
28
39
131
156
244
100
225
249
100
249
122
182
154
117
250
100
38
100
216
239
183
33
85
100
200
130
179
60
178
100
178
168
60
245
9
79
132
210
53
216
117
60
7
120
130
135
230
60
183
45
167
136
230
117
70
13
101
90
236
69
62
86
33
29
60
105
254
196
13
9
107
116
83
150
60
63
211
210
216
118
187
157
72
13
60
100
255
254
249
13
13
109
159
86
216
100
236
235
248
233
192
246
216
239
66
106
73
100
112
145
192
71
105
142
179
104
26
115
140
70
100
181
54
50
74
29
86
220
148
37
187
55
100
196
117
117
223
145
29
86
204
171
39
8
69
86
37
39
54
178
178
135
149
15
233
240
110
100
168
83
132
70
100
197
241
239
117
226
74
58
98
252
192
248
153
200
91
74
109
183
68
159
124
137
117
79
241
188
230
82
32
178
109
79
168
159
100
117
122
117
129
10
199
248
75
119
237
129
168
60
232
66
73
63
193
8
100
84
100
100
117
216
1
60
100
145
68
150
11
219
129
70
214
107
13
171
88
174
141
219
100
216
106
158
122
199
163
100
100
181
253
63
84
149
38
100
154
86
11
192
246
83
117
117
2
142
175
252
136
149
100
45
39
122
85
48
52
4
241
119
26
114
100
243
158
235
241
60
189
160
227
60
13
42
60
136
157
60
117
126
142
199
88
85
56
13
99
232
15
190
109
40
230
100
42
73
158
141
67
170
192
49
114
241
120
101
228
117
132
168
53
241
68
57
168
70
190
60
150
181
132
94
64
92
171
200
116
108
120
180
181
95
171
9
77
216
158
184
128
134
60
163
32
171
9
40
233
28
95
229
100
256
178
15
45
78
97
39
235
54
114
10
60
178
70
73
99
119
124
106
86
48
2
52
178
100
188
114
70
256
28
115
154
237
237
68
137
216
241
37
226
248
226
134
101
110
159
228
26
52
129
60
235
226
79
241
154
229
187
110
125
197
233
90
150
230
170
106
216
112
216
56
4
96
122
157
220
88
117
247
176
45
168
67
241
109
60
118
117
105
241
11
102
52
164
246
39
250
178
92
62
55
55
181
102
187
218
246
163
82
63
69
241
109
130
52
117
101
202
117
91
199
161
202
17
171
82
241
235
247
125
124
248
133
235
196
246
228
109
181
79
226
81
176
222
210
94
117
56
230
42
216
218
77
248
86
199
48
163
63
205
147
150
137
161
69
29
104
250
9
157
207
1
48
117
148
114
56
78
229
73
28
117
54
124
142
228
161
133
102
193
149
122
68
69
75
147
131
133
179
122
11
136
113
149
60
130
235
159
135
247
56
2
40
69
17
178
109
63
158
53
6
178
145
131
122
181
129
139
69
102
246
63
181
78
69
117
62
134
216
94
163
176
134
86
39
25
102
19
181
167
94
247
15
228
237
53
149
158
248
224
233
192
15
122
212
246
250
57
243
153
102
211
218
2
117
85
199
139
63
133
9
181
13
133
82
230
33
159
255
109
66
17
28
4
9
114
42
78
181
69
246
137
192
144
148
35
247
29
218
27
10
99
67
117
137
181
115
137
69
79
181
171
82
38
120
229
249
44
69
25
218
145
197
159
246
26
43
192
225
26
178
82
231
29
65
118
79
10
155
232
79
125
113
113
133
150
134
86
28
245
189
232
15
114
79
112
109
113
29
251
73
24
214
73
232
99
216
52
105
247
48
216
75
103
192
104
4
248
222
1
52
207
216
56
115
101
159
26
163
42
86
30
248
249
26
200
86
245
236
118
163
214
247
139
197
79
72
217
193
130
137
70
82
197
127
45
78
180
94
104
38
133
154
137
92
247
247
154
131
39
210
245
184
210
206
132
125
159
247
109
198
199
124
86
232
96
181
122
8
55
181
168
211
150
29
199
198
252
66
136
211
197
94
85
135
170
132
243
249
132
81
139
226
198
100
53
210
96
247
247
133
136
205
248
184
210
234
39
226
60
100
102
130
148
82
19
246
155
167
205
235
123
117
247
213
37
37
66
105
198
217
82
220
117
26
69
137
117
55
256
79
98
235
29
136
9
245
26
4
232
233
56
227
171
232
117
5
224
125
44
55
56
122
117
255
150
5
102
29
171
55
60
60
171
218
64
120
155
9
48
132
70
98
117
158
241
37
78
105
112
77
104
192
233
122
127
29
24
60
187
197
134
171
178
199
117
255
33
106
23
228
193
38
10
171
184
242
26
180
67
122
184
136
105
23
135
77
77
26
12
69
96
158
18
137
249
39
53
32
139
181
174
131
81
196
109
149
63
140
117
213
12
255
116
238
247
149
180
223
38
46
158
25
157
181
29
122
247
47
246
110
139
158
189
100
49
176
139
151
235
130
210
82
255
132
248
210
57
63
131
53
26
40
120
197
237
127
247
178
180
247
216
86
168
17
221
63
118
38
94
216
56
58
48
249
32
247
60
45
232
214
154
168
70
69
105
132
183
160
157
137
48
210
247
88
232
136
105
235
75
241
136
179
210
181
66
120
122
247
248
104
248
219
116
109
75
207
210
102
62
185
254
246
70
60
122
167
131
78
39
72
45
211
15
82
124
86
153
137
26
76
132
127
63
9
118
70
179
43
250
247
211
99
247
110
9
129
252
210
210
42
155
198
132
158
122
218
39
45
105
211
238
114
79
246
105
183
75
155
10
99
164
232
134
45
236
26
134
168
158
150
37
218
8
4
91
75
124
164
117
93
133
38
94
50
37
247
99
42
233
45
178
48
29
86
72
33
246
115
117
159
123
85
12
70
113
37
226
29
79
11
162
56
210
182
199
117
9
94
4
89
115
216
76
234
120
102
57
253
49
247
207
32
120
69
227
94
82
31
118
218
39
89
143
12
247
206
102
252
159
17
46
195
19
117
70
117
169
101
247
117
218
161
187
38
139
112
137
246
134
207
246
121
45
150
164
42
3
226
52
75
181
247
71
86
227
207
154
9
207
134
69
5
218
79
52
118
63
27
48
198
212
180
181
167
29
227
33
46
26
96
221
171
227
158
28
96
11
232
252
99
182
45
34
137
148
233
113
188
139
140
86
96
233
202
244
31
134
105
218
210
124
56
38
159
11
197
210
38
163
124
134
101
4
179
132
96
38
179
124
243
168
74
167
99
247
117
12
48
112
46
14
158
72
103
38
122
184
26
184
9
70
136
133
20
187
101
240
130
233
118
124
23
70
91
192
124
10
23
154
38
233
216
11
192
133
37
114
187
91
200
6
130
47
245
233
158
190
175
216
174
17
199
23
187
237
198
227
4
26
167
180
116
159
52
226
220
38
53
120
244
245
93
157
38
26
124
232
202
249
45
230
52
42
157
131
155
120
13
33
39
237
101
63
28
132
134
172
233
218
255
60
199
139
199
134
255
79
132
218
248
45
233
171
38
46
105
167
47
32
108
157
86
133
132
218
167
20
150
246
252
38
207
124
233
38
210
31
168
133
215
194
229
233
102
100
15
36
167
102
230
190
226
179
115
194
46
53
63
82
46
178
33
101
133
133
193
110
38
46
101
192
133
145
133
122
176
192
12
104
202
167
236
218
70
119
38
210
124
31
38
94
157
23
86
248
145
207
116
110
179
52
248
249
233
122
167
77
192
102
154
26
179
31
137
38
255
115
139
30
179
192
189
255
179
9
240
45
14
139
167
232
101
171
108
210
181
137
42
100
38
23
76
12
139
192
207
12
45
116
134
122
176
155
215
233
23
48
158
167
167
178
199
155
233
117
232
101
39
