225
225
239
126
131
63
131
126
123
126
131
17
171
92
129
126
118
171
92
118
126
118
165
85
118
171
85
118
132
85
85
133
77
118
132
17
99
92
136
85
132
17
17
217
99
118
85
99
141
131
217
9
17
124
118
118
122
118
9
133
85
85
98
15
99
17
92
77
122
65
92
131
85
15
15
124
99
216
99
92
9
27
118
132
118
9
99
85
46
92
75
118
118
118
199
40
85
212
211
31
107
145
228
104
91
207
133
118
195
99
251
99
249
237
103
70
92
250
31
103
36
103
100
212
91
27
132
8
35
75
92
236
92
89
150
35
99
242
170
89
92
75
240
251
187
31
35
199
71
212
35
118
22
92
85
194
108
95
89
38
239
228
256
118
141
8
180
15
124
237
35
95
91
135
103
102
103
35
108
153
41
211
65
194
79
93
110
203
251
110
241
188
103
150
28
35
256
135
240
65
142
165
145
73
133
212
99
135
94
237
231
8
103
168
170
65
240
147
187
170
25
218
75
239
35
186
170
251
136
95
151
98
116
241
103
164
118
40
10
108
138
123
52
223
193
223
237
223
107
109
138
256
99
95
28
94
251
25
135
151
223
230
190
169
55
101
75
170
81
188
73
107
230
65
99
74
192
128
151
102
8
211
81
203
8
91
8
81
135
35
228
81
93
59
239
223
25
95
28
153
147
256
249
98
218
147
79
180
240
36
47
210
64
229
35
253
112
98
47
58
33
170
55
40
21
250
22
101
188
132
202
110
138
186
91
240
181
252
52
88
170
29
240
203
110
124
150
27
98
256
35
122
223
128
196
35
35
91
110
153
71
236
85
164
205
91
203
35
170
35
18
180
121
186
169
91
239
196
83
201
75
31
13
138
203
70
186
252
75
40
237
240
133
103
220
77
96
236
138
135
164
142
116
35
180
180
222
223
121
229
96
190
252
195
164
248
190
145
170
35
224
32
242
25
203
219
194
242
219
256
166
236
160
128
146
249
256
239
81
107
93
35
170
98
170
74
50
218
188
194
40
242
103
41
98
31
240
236
147
244
186
25
190
13
239
135
239
170
231
46
181
8
89
186
36
76
140
167
187
190
190
55
186
135
207
237
138
220
92
204
49
143
179
46
170
194
132
35
110
184
89
93
244
74
240
5
83
98
103
32
146
75
238
110
240
108
160
211
10
33
170
64
253
115
147
203
133
38
93
221
196
190
236
73
240
3
95
188
99
38
248
8
42
132
96
75
203
138
252
35
10
83
108
8
124
252
147
35
64
40
136
202
60
138
10
40
3
35
115
43
221
121
180
186
140
38
33
138
5
207
67
253
251
33
144
43
76
10
46
240
170
38
25
178
240
35
165
124
8
138
210
8
240
8
144
251
33
140
147
92
223
169
256
164
87
35
169
194
170
170
99
207
25
250
214
196
93
153
95
133
151
179
138
194
210
190
240
203
253
223
228
240
39
8
25
65
107
196
93
74
167
237
32
35
170
103
31
83
158
35
163
214
33
170
46
240
124
151
242
158
252
5
123
240
33
124
240
203
233
170
140
33
170
35
67
222
3
89
240
113
196
109
190
14
8
35
147
144
195
36
201
203
35
10
138
218
196
160
196
176
188
83
108
64
121
218
33
196
35
13
31
140
207
170
186
138
64
57
38
190
179
24
65
181
195
188
191
194
26
33
118
74
76
99
203
181
103
240
35
113
186
31
236
33
124
252
46
249
203
204
224
203
244
224
242
186
22
91
135
224
240
13
101
192
151
92
256
91
252
227
50
195
180
138
253
196
170
140
121
240
237
203
195
90
47
26
203
25
83
176
223
242
87
170
40
81
67
35
256
47
223
233
221
29
135
231
25
196
64
224
35
227
67
188
142
170
236
151
93
31
35
188
33
239
242
31
35
221
67
236
183
83
65
24
33
158
236
42
218
43
242
121
40
31
142
83
165
124
135
25
169
91
50
224
67
252
176
121
103
224
202
170
39
207
170
186
196
243
170
196
55
181
61
41
142
147
223
74
218
203
34
132
228
177
36
83
241
188
252
169
239
133
126
186
240
240
19
196
31
103
186
30
135
195
115
10
181
33
218
192
140
52
33
112
252
144
31
35
218
169
34
213
35
169
121
256
33
147
34
252
180
35
100
201
188
10
186
25
170
256
11
34
5
65
196
98
135
135
203
10
35
47
25
250
199
62
69
40
229
224
35
223
169
240
34
165
139
140
55
62
112
203
240
33
14
203
83
89
196
81
224
83
103
169
52
254
52
219
176
221
146
169
135
135
36
176
25
151
196
170
33
52
201
52
139
186
33
221
101
124
224
135
187
186
240
203
240
180
170
169
14
83
72
188
136
118
130
35
199
218
216
52
26
25
86
241
249
52
250
216
124
99
215
158
135
9
67
218
133
216
14
218
60
256
104
91
240
67
216
203
30
42
241
254
254
254
61
148
241
135
216
99
256
99
83
199
241
43
9
174
241
174
4
35
4
14
148
4
241
241
200
216
70
216
174
255
148
87
216
9
44
11
148
53
218
11
216
224
14
201
169
9
186
49
148
216
53
9
99
30
70
224
70
52
91
216
101
35
254
35
254
240
148
35
70
10
247
124
4
31
52
197
9
70
254
9
194
103
158
203
78
148
148
31
89
241
10
170
4
60
53
255
48
53
220
130
19
9
223
88
10
146
34
48
53
111
255
19
193
196
35
252
195
53
10
35
9
70
170
33
35
16
60
120
116
100
137
241
137
9
166
64
242
91
201
256
186
100
82
10
35
9
186
201
148
203
193
70
72
