166
80
121
80
189
145
58
87
87
205
237
189
221
166
87
7
237
244
208
107
89
208
166
191
208
205
166
22
89
217
208
17
94
28
87
7
128
94
75
107
211
95
220
17
17
219
17
95
166
59
206
220
123
208
147
95
102
166
231
91
239
150
217
239
94
182
33
231
253
40
150
8
150
67
128
13
31
244
112
67
127
220
33
112
7
94
107
94
84
40
67
231
42
203
239
47
20
91
231
231
112
205
21
95
237
47
231
84
14
80
47
58
106
244
33
21
166
129
20
67
47
206
231
7
88
231
182
36
127
244
17
7
231
220
194
119
166
40
27
138
21
212
107
141
231
194
47
49
66
95
42
191
244
22
183
95
222
206
18
183
146
185
21
21
21
185
239
191
194
198
47
176
256
20
21
49
138
151
146
7
183
227
7
160
7
180
185
183
189
227
138
112
27
225
20
80
165
21
7
85
239
73
209
141
136
7
207
47
20
191
239
170
7
189
112
230
21
239
220
138
191
180
75
10
180
239
7
225
188
114
14
21
229
180
106
225
153
20
136
20
169
183
244
92
198
240
107
107
75
191
80
175
245
151
250
156
114
165
209
185
153
42
88
18
244
150
21
64
16
185
188
136
185
192
180
231
151
250
240
41
254
202
192
119
108
145
52
107
185
152
136
180
97
10
143
68
231
117
73
105
154
119
175
211
183
198
91
95
63
92
18
246
75
67
68
121
246
239
20
47
14
14
15
136
84
169
52
147
231
173
236
112
209
171
90
46
151
144
21
20
239
189
143
129
136
185
121
194
122
56
189
42
87
125
209
231
188
78
104
15
254
21
143
212
191
181
50
231
224
44
144
92
17
225
250
159
175
27
115
232
68
115
90
91
125
113
50
125
63
49
122
87
199
75
225
222
207
225
206
185
118
235
26
45
254
207
115
20
35
244
143
191
207
109
181
24
114
88
204
160
17
125
115
82
188
92
208
24
223
214
181
141
125
246
114
196
138
117
188
33
17
173
92
141
68
18
154
62
125
225
191
199
125
195
242
28
168
63
188
20
254
28
109
188
21
69
125
78
20
115
70
118
119
213
185
20
46
130
167
208
21
167
4
208
17
168
62
68
68
109
56
168
109
9
138
254
227
167
34
25
24
208
50
208
254
118
186
188
178
229
208
118
113
119
39
251
118
67
231
119
69
147
246
231
207
118
124
39
109
132
119
195
9
114
32
125
36
14
231
138
107
61
49
26
97
234
224
79
61
191
20
191
38
125
124
213
36
191
