126
80
101
160
46
73
126
67
187
62
145
180
126
177
204
46
101
205
204
241
220
75
65
126
240
84
205
44
71
135
121
106
95
46
113
29
180
29
67
36
95
71
71
50
87
170
156
113
166
98
230
36
75
121
80
244
151
204
29
98
176
252
128
115
244
128
220
87
209
130
241
97
115
98
115
5
31
75
36
137
87
107
3
151
58
71
237
97
71
14
241
136
237
97
75
230
67
231
58
250
204
165
88
50
205
229
151
138
107
138
87
248
50
154
230
59
4
142
187
126
128
240
160
75
29
62
115
87
252
3
75
97
87
138
77
27
164
230
194
151
55
107
130
6
164
204
205
138
71
14
151
136
10
187
98
244
30
50
98
165
107
98
11
170
138
223
244
11
101
231
149
130
138
80
115
28
223
254
138
112
2
11
50
244
126
176
136
130
138
204
230
38
98
81
207
236
5
11
27
27
90
190
36
164
113
36
241
62
33
44
55
138
50
168
46
151
215
200
109
11
62
98
132
208
58
71
133
115
128
30
123
128
98
117
58
160
36
33
128
108
244
110
29
87
50
200
104
61
108
252
204
195
137
6
115
194
61
71
230
156
163
235
89
108
237
97
152
142
195
11
107
47
200
112
180
27
27
187
187
151
250
50
61
168
73
190
251
119
168
112
5
116
250
190
11
140
214
87
112
204
170
11
130
55
160
230
98
180
119
13
22
104
98
205
11
105
55
112
201
84
230
214
235
243
115
71
36
242
17
71
71
227
170
241
222
241
98
98
33
126
27
29
46
200
17
11
221
252
248
244
119
234
79
254
71
200
203
50
98
109
151
62
98
36
252
4
112
70
138
50
6
81
65
75
46
62
179
148
11
81
172
244
137
98
171
164
6
50
142
137
10
164
195
250
5
145
185
117
95
164
193
30
237
70
182
204
113
5
30
249
101
158
2
195
235
190
71
87
155
92
89
151
65
117
33
44
11
62
155
137
196
132
41
152
33
241
149
6
33
244
252
3
252
190
22
104
64
187
112
70
29
241
241
130
227
36
163
193
252
104
203
70
250
171
204
71
164
222
56
70
97
104
137
34
156
175
29
252
36
104
182
134
41
170
256
187
57
8
11
11
171
101
252
196
132
95
63
237
5
90
34
30
30
155
2
231
182
2
252
116
156
163
101
204
184
142
70
116
214
46
254
30
200
70
131
71
195
150
78
222
9
57
15
71
46
252
137
2
5
20
9
216
30
71
241
8
15
63
32
9
182
182
9
116
90
119
231
2
138
101
200
112
50
196
101
97
241
15
151
60
151
97
5
171
114
195
31
101
200
81
122
102
237
30
33
226
20
123
190
37
33
2
234
1
30
241
33
226
152
157
142
154
46
248
46
98
185
152
97
81
168
137
248
27
77
254
174
221
252
142
122
119
200
155
30
25
217
227
63
38
137
137
176
98
254
30
43
205
25
21
156
52
9
243
228
119
254
237
200
249
163
237
248
241
17
10
200
101
137
56
64
70
180
62
142
58
237
122
252
116
156
130
144
241
154
57
100
15
187
148
182
156
70
156
223
50
138
130
130
135
226
187
97
161
201
163
133
137
192
207
168
252
64
164
30
200
30
2
187
17
70
30
237
56
163
133
116
237
252
77
105
25
69
156
65
184
62
11
163
116
58
254
2
34
100
39
38
63
44
227
200
30
30
187
9
70
200
33
1
21
97
142
101
63
226
193
60
248
6
254
223
254
50
200
87
251
110
163
163
58
148
17
107
241
244
122
3
235
64
137
44
70
200
30
141
130
101
254
237
168
247
70
2
254
200
254
226
171
71
149
52
81
236
142
141
142
133
163
142
142
57
160
163
112
163
124
116
67
69
38
115
192
254
241
50
226
46
32
256
116
24
119
234
149
46
131
63
141
156
132
34
214
56
185
142
97
43
46
44
167
128
144
104
66
70
46
46
30
227
58
163
149
137
6
56
70
70
6
160
180
254
38
119
70
38
159
79
38
13
134
152
70
245
70
5
63
156
38
233
59
57
66
100
116
163
249
151
152
246
142
200
142
2
30
89
191
149
199
254
30
30
2
163
142
70
128
30
119
142
112
31
244
194
30
15
70
142
193
227
6
77
247
30
254
9
66
46
156
159
50
63
141
171
98
79
116
141
9
216
124
142
2
125
77
130
9
63
11
142
241
63
241
30
101
163
156
168
70
200
30
174
142
190
9
9
187
9
97
134
63
104
115
38
201
30
77
101
70
112
137
254
15
187
70
30
152
101
220
124
156
200
156
241
142
38
152
227
241
254
149
158
200
149
101
187
9
142
168
126
56
149
224
30
87
70
152
179
171
40
179
171
50
101
30
142
200
79
158
6
13
163
2
70
3
43
2
38
249
112
39
184
156
254
254
108
33
77
113
171
119
148
70
130
130
200
37
44
241
46
22
182
70
57
119
193
216
137
156
116
125
70
121
227
152
152
63
124
156
241
22
158
30
37
37
113
30
254
2
189
6
131
9
225
185
130
116
174
248
30
37
39
37
234
109
47
248
254
13
48
63
200
85
221
254
2
156
30
130
104
200
187
63
30
192
207
137
15
120
81
24
20
174
142
113
130
46
98
2
148
30
148
6
126
79
63
205
101
30
254
43
2
57
58
248
47
86
152
175
200
30
205
187
205
125
24
47
125
229
57
224
254
132
13
1
254
224
126
71
167
15
101
40
187
119
130
2
2
171
95
46
193
108
119
198
246
250
192
170
95
47
237
190
133
11
63
107
30
154
234
234
242
107
171
229
116
98
206
241
126
242
38
130
8
175
254
190
168
14
168
41
204
24
24
101
30
101
204
37
227
221
192
153
227
20
114
234
163
171
119
205
146
169
144
93
185
137
130
15
130
6
12
229
234
2
93
47
79
37
107
113
90
206
54
168
144
56
152
121
113
150
156
137
255
24
130
2
187
103
107
254
30
132
156
179
8
30
128
24
221
30
107
2
148
44
56
242
224
113
46
143
121
83
198
205
119
43
187
192
37
227
15
152
185
148
229
246
2
89
8
144
171
206
163
63
169
132
79
220
193
37
119
254
193
188
119
200
48
79
56
168
53
116
77
101
235
58
224
224
171
12
97
169
37
158
168
254
24
137
245
121
193
178
193
98
142
21
189
47
133
230
164
192
30
134
158
14
56
22
97
30
187
33
235
193
58
166
146
46
8
184
47
187
187
188
163
100
97
24
119
160
168
142
242
142
168
48
220
187
107
193
146
39
219
193
193
166
116
46
79
1
80
1
14
46
137
35
105
126
56
142
254
22
179
224
37
121
234
126
101
115
187
171
158
156
244
119
179
242
227
187
156
117
163
