212
165
138
231
165
156
181
181
138
84
240
123
51
253
75
94
171
74
98
98
2
138
174
243
181
80
51
174
243
36
81
243
243
122
176
113
170
181
94
199
222
174
51
36
156
83
81
121
181
27
182
113
181
208
94
254
69
113
254
243
114
27
160
244
89
145
36
222
252
54
212
54
171
40
29
181
204
243
200
205
252
209
206
204
138
231
225
174
138
139
67
84
177
138
183
84
113
40
190
196
177
21
177
115
200
177
89
89
253
250
184
177
51
190
174
250
242
177
14
51
107
52
55
132
51
138
98
51
199
254
250
254
87
33
254
181
67
243
208
182
190
174
94
36
92
151
122
177
40
98
154
160
204
216
199
200
114
181
36
36
17
254
40
107
21
141
182
230
151
99
40
127
94
252
209
254
107
28
24
40
106
250
71
94
212
40
113
256
28
107
127
94
113
98
141
121
36
94
109
171
147
162
84
94
33
115
62
170
127
141
172
40
151
162
176
51
85
184
188
174
182
89
94
188
113
146
125
200
190
113
190
84
256
150
113
102
58
84
58
144
107
221
211
28
244
115
99
155
82
34
107
248
125
242
182
231
34
130
194
104
91
244
128
201
231
5
87
71
244
50
135
216
239
126
16
155
200
243
176
58
105
244
115
160
165
146
178
41
141
200
106
36
254
77
165
71
107
155
15
21
85
231
129
110
162
113
58
216
4
242
181
181
20
116
219
231
209
20
194
171
165
56
195
55
148
99
253
185
256
182
125
63
86
188
85
254
85
115
110
78
75
104
138
14
50
240
254
245
174
35
9
18
190
216
54
8
84
181
167
185
126
114
248
183
181
188
200
28
85
64
85
244
35
99
183
126
148
254
208
250
181
126
100
85
249
185
41
206
160
216
145
118
136
99
142
62
231
212
51
114
234
97
149
145
242
107
51
62
166
230
16
77
212
85
195
28
137
99
181
99
39
52
256
59
207
112
33
141
148
226
66
126
85
186
208
177
244
9
204
164
8
85
198
85
145
221
242
175
177
242
145
5
123
86
73
160
145
156
200
126
194
31
82
133
200
242
206
71
85
85
172
119
102
172
156
33
126
192
106
39
114
116
23
28
200
80
93
85
91
85
66
242
28
67
85
176
208
138
172
145
189
186
145
212
160
119
250
177
106
253
2
85
254
189
87
157
86
88
160
203
85
138
2
171
181
23
34
85
160
65
92
160
120
178
85
85
181
177
208
41
152
156
3
146
85
25
160
145
146
168
15
106
180
216
154
240
41
138
93
106
51
133
85
123
69
151
85
28
85
213
56
254
229
189
172
123
79
119
33
151
213
254
2
242
97
62
149
237
51
101
82
85
91
85
19
235
12
244
149
199
76
19
56
35
197
254
81
254
176
82
23
254
242
165
229
123
123
216
86
28
256
145
254
95
123
106
191
106
190
238
190
85
106
85
106
200
237
90
133
82
188
243
42
151
143
136
200
25
85
199
2
102
15
227
47
256
134
237
15
223
237
189
200
129
133
71
71
213
168
103
49
82
133
90
237
245
155
200
3
235
106
200
145
85
73
149
204
177
254
197
85
163
186
186
156
32
33
82
254
91
110
115
210
94
197
60
71
22
197
31
85
61
82
151
156
237
96
82
237
145
220
21
158
145
91
81
123
163
92
255
53
240
106
256
146
149
56
26
175
82
159
77
216
53
254
85
160
33
250
188
256
254
15
149
157
256
38
197
56
242
186
156
106
52
18
158
13
156
167
254
5
182
103
245
118
106
85
170
145
222
33
135
83
31
145
42
61
241
242
86
35
82
254
98
28
190
152
164
45
184
60
230
126
83
44
82
82
82
163
228
25
49
254
213
212
164
178
160
169
147
236
200
186
190
159
192
150
164
1
192
154
85
178
126
64
115
200
108
79
237
85
254
10
82
31
35
237
140
230
61
240
82
22
72
194
168
61
200
146
237
82
50
89
16
254
61
62
207
121
118
84
164
199
252
35
222
83
33
200
161
50
200
89
235
149
254
61
146
254
113
169
138
149
27
228
61
10
16
11
169
163
190
253
3
200
170
122
35
64
37
200
214
250
245
44
242
10
252
204
33
79
72
216
146
202
137
82
37
149
31
42
220
220
31
34
140
110
64
184
186
231
18
216
12
159
115
256
244
82
139
154
129
96
91
133
140
10
207
18
256
219
200
82
190
230
109
203
54
31
199
82
188
67
81
31
25
200
159
200
30
135
254
174
147
14
83
254
192
216
200
133
219
54
9
124
250
232
12
178
186
185
62
219
42
39
41
228
237
64
254
107
35
91
30
43
194
186
121
119
200
252
61
145
15
43
242
76
213
196
91
178
247
104
200
254
22
200
236
124
175
66
25
103
220
216
196
241
256
196
144
91
190
172
200
82
91
230
147
184
92
10
146
103
11
216
92
88
156
10
83
61
47
244
133
22
82
149
159
72
238
13
82
133
229
48
117
200
82
1
86
213
242
188
186
216
39
200
60
105
12
84
94
133
169
189
14
228
25
31
110
96
44
44
200
200
186
27
156
98
115
153
192
200
61
240
207
120
35
196
137
194
81
98
43
82
22
145
53
88
236
221
22
238
22
32
92
242
200
2
214
98
242
64
61
145
83
22
160
243
242
200
176
112
14
22
133
36
104
221
53
236
176
9
96
35
244
125
252
256
135
138
64
79
91
65
207
199
193
185
133
176
147
35
64
133
133
26
137
60
35
190
10
36
103
190
94
16
38
64
10
249
83
216
236
242
196
200
200
192
200
213
47
126
205
21
67
137
230
255
172
219
200
176
228
232
35
130
247
200
150
21
221
149
61
25
117
236
201
242
185
166
237
26
149
106
82
39
176
57
216
25
115
200
174
140
166
133
178
64
26
10
199
72
252
237
253
207
64
224
188
77
256
256
221
214
255
162
83
106
234
213
140
155
221
16
236
252
25
103
56
194
133
232
179
98
210
178
83
200
200
12
200
91
64
32
31
84
178
237
255
199
94
129
69
189
100
153
52
159
187
190
221
91
105
105
240
237
199
238
61
254
235
36
25
221
190
31
174
106
131
64
87
253
170
35
224
100
133
29
189
174
43
108
189
254
227
31
22
212
15
120
173
246
190
35
79
25
76
64
48
102
238
200
189
190
251
254
162
15
189
53
228
72
189
47
219
239
189
115
117
35
64
253
48
183
96
240
82
236
215
133
44
86
86
238
169
120
91
195
83
25
35
184
42
111
64
91
98
82
158
220
98
64
221
254
187
133
82
117
201
35
163
190
200
64
240
91
160
34
154
219
22
221
86
171
237
88
111
115
108
5
174
196
238
104
190
61
94
70
178
12
207
14
253
106
149
195
186
73
86
223
14
86
200
99
210
238
76
254
76
244
194
179
133
195
219
219
61
201
12
230
192
33
2
31
201
236
32
169
161
146
220
106
111
91
18
43
196
190
73
34
102
11
238
48
110
219
106
190
255
87
25
192
102
44
43
170
200
254
43
10
196
32
64
248
86
124
25
10
190
146
3
186
133
158
91
207
256
88
105
133
200
86
85
83
10
228
90
75
89
242
129
174
42
79
31
19
87
38
87
10
119
133
82
19
57
44
64
222
64
34
83
237
198
88
14
212
88
161
184
10
145
178
256
94
189
19
53
218
140
86
182
220
64
15
196
118
256
104
159
254
65
80
91
64
94
155
18
175
236
85
103
61
213
21
35
69
168
133
53
84
88
35
69
106
86
147
32
10
190
189
34
94
213
255
105
116
31
35
29
84
164
214
88
214
254
27
190
64
56
102
110
221
22
31
81
256
189
55
242
27
252
149
249
192
76
133
55
102
219
178
148
228
133
169
34
252
88
196
11
236
157
188
13
110
207
230
212
158
46
137
200
5
53
105
232
155
27
240
53
189
27
52
31
27
166
39
255
19
170
106
56
187
22
73
86
44
25
21
198
224
163
137
199
179
198
203
10
249
149
196
112
73
178
35
178
186
212
32
88
200
83
196
221
192
255
35
232
170
34
247
155
192
253
190
86
106
124
219
87
79
41
86
223
238
86
69
253
110
157
189
192
201
151
221
195
62
157
169
57
146
94
31
103
22
158
124
8
64
3
186
35
238
85
250
76
86
10
256
134
106
88
106
175
124
133
25
25
256
74
31
96
246
201
115
74
77
32
249
196
206
12
53
176
19
22
163
10
124
10
48
223
124
79
256
48
64
35
201
213
238
176
192
153
34
110
228
201
31
254
110
238
11
240
196
124
8
86
201
76
76
149
242
237
220
56
34
162
189
25
221
74
161
86
169
81
196
149
64
121
42
240
10
10
45
210
174
42
45
196
34
252
215
64
238
