80
89
97
97
95
186
40
164
186
130
55
55
59
65
29
7
95
87
166
35
91
164
146
194
208
146
249
25
7
59
162
10
69
203
161
59
174
186
26
186
62
7
166
84
186
169
182
80
170
237
58
115
194
65
17
176
50
252
213
242
25
58
80
240
223
179
76
205
190
170
69
80
31
195
115
220
160
115
52
102
115
31
220
160
161
27
153
186
144
195
55
186
89
236
186
186
194
151
113
121
169
199
137
132
237
38
132
186
146
179
136
174
89
107
219
194
26
107
115
138
25
17
113
139
74
91
91
74
172
7
113
237
244
98
89
121
186
11
26
115
22
146
121
26
80
7
250
26
180
40
250
167
242
169
199
8
121
62
71
236
189
31
186
138
81
73
107
80
87
143
74
252
126
52
51
139
98
174
186
123
253
58
248
91
59
186
172
80
222
127
103
98
51
11
91
199
84
62
22
51
18
66
136
71
18
59
165
252
179
18
66
143
146
91
174
89
195
59
127
91
172
89
189
174
146
186
80
251
222
135
112
25
59
222
71
164
178
150
11
213
164
130
169
182
146
253
66
38
145
155
135
59
217
204
127
213
33
240
186
176
98
84
62
252
81
176
62
108
248
231
213
165
5
204
26
111
143
80
213
7
84
150
33
214
218
74
74
39
229
89
179
169
69
218
31
8
74
90
177
121
181
217
198
214
141
222
195
61
172
208
223
244
98
69
121
165
139
62
128
143
177
51
256
35
221
190
8
102
51
177
55
39
150
120
94
240
58
90
69
62
6
165
218
121
150
199
62
128
198
204
117
218
150
44
118
256
186
103
26
170
105
150
216
98
248
115
138
33
99
33
6
218
195
42
251
244
216
107
98
92
143
42
144
234
166
186
191
117
49
89
51
166
160
6
90
54
32
177
240
165
221
173
200
227
182
141
204
22
103
203
32
165
144
143
115
172
216
146
54
35
91
200
141
255
173
200
42
99
176
198
188
89
107
22
146
42
159
192
221
8
24
188
256
40
7
252
54
188
242
200
29
251
237
148
231
246
242
58
140
172
99
218
253
176
65
145
17
19
248
73
46
81
217
10
248
128
225
174
57
33
151
128
148
113
41
188
153
7
33
99
208
188
239
242
225
144
181
162
118
218
128
200
206
128
225
98
32
250
202
123
233
105
173
185
94
204
25
182
75
84
200
9
55
164
167
11
84
252
42
136
45
53
75
42
118
118
52
105
25
162
170
35
14
41
39
218
45
200
43
44
200
99
186
254
62
176
239
118
138
241
196
73
44
173
121
240
75
67
153
91
45
196
130
244
59
35
138
204
118
14
98
218
118
173
231
200
104
125
246
157
10
87
65
44
157
214
157
219
39
169
182
65
110
256
218
138
118
42
256
185
153
152
54
157
25
162
222
219
45
252
236
130
89
238
252
231
215
250
198
194
123
157
106
214
34
255
118
231
146
118
45
186
151
142
215
235
237
194
75
153
59
121
219
218
116
107
237
139
45
222
29
8
177
26
89
252
231
45
190
101
64
98
110
10
151
78
230
122
23
155
75
23
29
87
102
65
80
240
188
45
237
121
146
231
174
102
17
89
203
62
31
124
195
228
121
183
243
138
222
42
65
233
24
121
197
252
59
146
194
95
23
130
194
65
151
190
107
62
142
89
166
97
235
256
88
231
176
49
24
113
241
95
62
186
146
1
189
64
222
42
23
31
169
203
221
195
7
253
97
219
62
211
231
135
11
118
190
25
182
170
169
19
29
176
205
88
230
195
185
190
26
146
64
7
122
45
80
179
157
38
83
128
64
243
29
135
217
195
52
13
9
220
6
35
230
255
20
75
142
75
122
104
121
18
45
45
91
229
41
238
228
77
146
142
50
118
8
29
67
195
203
120
67
64
67
18
60
118
164
66
110
256
179
194
84
162
245
23
246
224
135
186
110
174
75
10
118
145
174
174
29
166
130
83
8
176
50
130
180
207
209
11
110
83
189
115
207
204
91
35
71
243
67
55
94
121
71
137
218
22
110
217
129
137
169
170
68
140
115
26
153
130
113
134
96
67
77
155
109
220
170
173
89
231
195
104
58
161
65
99
45
68
200
8
241
89
8
112
34
25
144
226
17
224
240
33
26
112
42
185
25
89
45
88
31
130
134
99
121
256
23
176
219
107
167
135
157
207
14
141
58
40
96
157
203
241
227
40
130
14
45
210
195
116
31
95
97
72
205
211
64
169
129
243
199
89
17
201
59
197
116
84
125
104
14
174
128
51
137
128
255
28
141
11
101
128
207
87
4
89
64
213
51
149
231
64
18
155
155
190
169
128
227
164
134
170
64
72
157
3
230
64
157
227
162
51
250
197
230
128
164
231
64
157
227
45
164
256
157
19
94
65
64
149
24
163
227
157
41
212
64
87
95
255
49
245
252
148
134
134
244
96
69
46
238
96
83
245
231
156
120
239
103
83
70
250
50
135
78
4
250
50
108
96
34
136
147
250
238
91
83
255
90
48
238
238
207
254
254
141
238
34
67
192
190
227
156
38
101
131
240
160
41
92
90
68
211
188
134
197
191
46
19
11
101
173
191
72
98
205
160
191
82
46
41
227
144
102
120
189
197
19
235
142
197
182
68
