91
91
143
115
143
96
115
217
84
143
6
231
146
213
121
217
225
52
225
232
225
19
162
140
72
150
140
162
232
153
162
52
10
242
147
151
221
172
220
91
140
172
10
153
232
176
126
251
127
102
127
202
204
251
153
110
256
69
212
6
161
172
128
29
54
38
176
212
140
48
157
138
214
7
140
84
145
237
50
217
252
231
8
103
48
105
50
13
163
231
105
172
55
145
251
112
50
212
197
50
112
50
48
32
140
150
50
54
204
18
51
105
181
57
251
153
18
249
106
127
50
18
18
18
50
105
18
105
18
213
50
65
249
189
100
162
251
178
105
145
18
145
76
145
45
105
110
51
159
79
51
38
161
16
182
109
213
105
18
217
74
248
26
34
50
149
51
252
115
105
233
175
208
252
217
129
76
51
19
51
19
96
51
129
242
83
208
251
8
74
83
242
110
50
2
110
178
176
145
147
208
34
65
242
162
145
18
18
39
99
34
159
202
145
105
93
51
115
237
239
38
159
8
76
149
74
81
161
79
251
213
140
232
190
57
248
218
123
123
134
86
52
242
237
42
242
153
83
86
161
16
80
204
16
219
79
107
86
16
57
163
147
18
110
144
236
74
48
25
25
232
69
74
17
210
1
30
202
202
19
9
214
110
161
181
112
129
3
149
161
238
207
72
236
93
242
153
215
74
250
197
44
123
138
81
197
145
219
54
1
11
112
66
66
161
178
79
162
32
17
220
62
33
74
153
222
39
53
86
6
44
145
149
243
204
176
31
195
213
45
26
11
96
115
59
45
219
162
202
100
207
75
56
192
109
38
86
86
35
169
56
62
146
202
50
195
139
232
100
44
115
186
112
242
184
52
161
35
17
72
159
45
238
39
84
32
116
111
72
169
238
148
38
70
39
66
133
73
164
210
159
161
62
239
44
48
157
153
239
240
48
129
91
32
195
74
114
165
195
249
73
56
124
192
143
127
11
243
194
72
115
172
33
172
72
17
115
165
202
18
195
29
51
66
213
227
86
243
110
67
44
76
235
18
94
46
91
165
256
218
43
195
76
118
140
44
207
110
123
29
44
109
135
140
221
140
159
69
77
76
165
14
45
209
203
139
243
46
239
74
18
242
9
79
185
42
3
46
117
215
218
214
167
220
15
77
25
129
139
159
61
238
165
3
110
69
222
77
16
169
55
59
51
61
115
66
45
165
226
161
206
123
199
202
121
91
53
129
172
117
15
163
202
177
112
3
149
123
46
61
199
251
84
161
85
114
115
232
214
157
141
202
134
44
157
232
10
215
19
218
178
18
202
199
60
159
139
202
73
213
50
169
141
115
77
177
15
237
180
77
190
110
50
21
114
43
85
56
165
155
6
48
14
163
209
213
214
161
39
214
26
132
124
45
209
94
32
18
242
59
240
54
85
202
123
148
207
213
159
184
46
142
8
161
209
63
23
50
72
62
106
31
232
249
228
23
142
225
135
232
232
142
209
183
155
35
31
13
94
138
218
56
188
118
159
111
202
70
232
85
215
42
42
157
72
178
202
165
155
228
161
209
96
56
94
148
165
56
42
63
42
232
23
82
133
85
232
45
155
135
159
241
82
99
53
197
178
20
82
207
113
82
218
112
29
82
218
23
15
232
197
45
202
85
192
82
197
133
235
133
38
155
166
23
85
133
160
61
241
238
197
197
161
82
163
161
157
232
111
120
4
76
111
79
232
79
243
79
218
213
72
133
178
235
23
133
191
232
23
85
163
157
232
51
148
53
38
59
237
226
82
148
85
23
82
178
72
23
197
99
5
157
190
155
155
72
45
99
72
190
26
189
210
25
197
232
161
45
202
69
111
82
82
9
82
45
68
147
148
33
82
72
232
12
99
82
53
197
148
45
82
132
201
23
235
197
155
106
72
226
227
197
48
157
82
255
99
72
139
99
155
69
31
189
189
242
25
61
232
242
99
215
48
235
82
96
23
148
66
232
191
174
79
242
148
242
159
228
85
78
192
86
134
228
69
159
197
85
76
64
161
238
23
197
133
186
33
10
82
82
124
12
219
104
255
76
132
155
12
164
242
53
104
86
134
124
218
228
72
202
84
155
192
45
148
102
82
69
86
228
207
161
242
52
202
218
72
53
82
64
53
197
82
201
189
23
69
23
94
228
104
117
157
219
148
120
196
27
53
197
10
82
221
242
73
201
133
12
228
76
115
124
237
38
149
61
149
48
201
155
23
12
189
201
155
23
45
53
215
213
149
149
23
202
157
157
48
13
85
