89
31
251
229
151
59
121
251
65
89
251
170
24
229
79
87
97
253
121
87
93
97
93
253
24
251
242
162
22
87
236
95
253
10
227
101
108
59
103
87
27
95
22
46
180
230
101
93
87
151
89
46
10
180
87
108
180
7
46
27
31
250
27
180
71
129
40
110
204
29
242
142
205
32
110
40
28
110
95
62
140
248
170
10
222
142
33
239
87
142
103
135
113
46
251
40
59
180
116
79
222
38
138
238
95
171
116
138
250
47
173
110
40
32
37
87
22
108
250
183
250
173
103
46
208
205
87
135
24
219
180
168
46
108
239
46
81
29
238
206
33
34
173
182
248
176
121
250
108
89
244
225
47
180
250
64
24
119
242
21
253
118
168
27
92
94
171
58
212
93
250
220
24
59
87
236
253
102
116
92
28
18
142
22
87
121
108
222
168
171
246
168
205
173
14
143
40
37
138
108
222
238
244
183
110
241
71
28
29
146
129
103
128
14
24
132
24
29
205
93
205
229
115
242
223
181
130
223
250
58
95
95
229
245
219
138
246
113
3
29
190
205
41
58
205
101
83
71
46
40
29
176
58
18
208
181
24
93
54
253
180
224
211
113
183
17
231
236
222
142
229
113
250
38
108
41
58
36
118
14
183
199
173
205
115
32
190
171
58
154
98
55
28
47
200
140
32
204
31
22
223
40
87
18
173
92
4
113
83
250
3
52
167
119
205
241
251
164
28
11
250
61
17
21
65
30
151
143
58
231
242
4
92
113
246
75
21
32
46
251
18
151
198
211
134
201
229
119
150
18
36
150
119
103
150
40
251
122
38
16
119
46
58
55
121
18
92
34
167
91
129
194
174
4
65
245
36
151
93
181
225
117
147
14
94
39
113
256
4
191
17
179
251
138
108
205
229
18
4
183
107
139
250
58
74
28
30
150
92
246
73
231
144
58
124
116
10
118
47
191
4
251
18
74
60
94
134
212
103
33
246
123
4
250
117
178
112
92
149
243
201
13
118
170
119
231
121
137
92
138
150
246
91
139
90
32
172
167
18
117
18
180
24
138
230
8
231
94
22
182
253
119
151
30
190
190
119
245
11
203
180
244
223
42
201
173
229
14
230
8
4
138
141
118
223
95
254
47
121
114
21
61
6
93
60
139
134
224
134
36
204
7
18
138
81
89
83
46
219
223
199
160
229
187
103
221
223
190
138
90
201
102
118
250
228
246
132
154
250
7
229
179
6
24
118
4
7
253
5
233
74
187
229
137
93
103
4
143
7
179
246
101
4
134
154
222
172
42
172
74
201
58
172
116
38
116
3
203
116
231
251
238
184
15
223
167
237
83
74
97
176
169
205
113
169
117
89
121
178
4
114
138
71
164
256
107
229
61
4
187
65
11
170
142
15
122
179
180
69
11
96
222
222
15
116
222
28
182
185
142
68
238
246
16
55
152
244
124
134
151
16
108
98
1
102
24
172
47
116
93
18
237
243
118
238
223
236
222
101
187
31
112
71
71
93
160
180
250
21
141
225
61
254
61
126
160
125
97
251
92
141
244
110
169
81
69
245
203
251
68
68
91
10
216
155
93
68
42
68
25
165
205
24
68
93
47
223
142
171
234
71
107
230
222
132
89
222
68
68
242
114
100
140
224
20
24
124
230
132
191
205
179
241
68
89
103
50
131
240
154
103
131
24
109
113
114
112
59
219
131
68
198
135
141
59
101
108
199
20
77
13
191
164
33
42
68
5
113
39
244
5
171
164
144
182
204
169
92
37
162
60
212
102
221
20
15
102
122
108
102
60
121
60
251
142
244
196
223
141
20
20
20
255
92
68
180
182
36
147
144
173
227
236
68
61
205
19
221
74
112
246
102
154
117
141
241
227
206
100
18
102
108
79
191
100
206
115
101
4
221
255
255
95
89
161
182
195
79
37
173
4
122
101
37
255
1
141
137
55
4
173
255
65
98
193
214
237
120
83
198
237
233
203
19
198
116
256
