113
249
7
249
58
31
121
150
185
105
80
108
65
146
162
121
108
146
31
240
65
59
176
146
136
29
59
249
59
166
59
144
166
70
116
135
144
256
89
33
166
110
146
166
194
151
95
121
234
80
182
59
151
121
240
200
25
187
7
58
58
40
7
135
121
7
229
59
195
229
164
195
40
195
210
249
7
97
151
93
40
169
17
121
206
71
253
29
194
16
29
29
40
135
205
7
16
240
101
90
108
135
16
205
59
59
33
47
52
229
40
136
182
187
58
59
186
229
191
187
121
150
55
95
200
40
190
169
55
164
146
7
182
40
205
58
205
205
130
29
40
96
89
227
101
164
40
58
5
113
101
132
248
46
88
65
93
28
187
116
14
21
233
187
236
108
95
224
80
194
229
58
171
194
30
176
166
1
162
153
206
169
206
166
122
111
229
40
223
195
229
29
7
144
169
111
166
86
21
221
153
203
236
55
160
205
7
150
33
228
186
179
21
8
135
54
146
171
40
169
227
205
88
101
126
230
205
135
144
141
183
250
249
250
185
205
140
59
70
208
203
132
3
97
59
169
105
59
229
139
227
30
141
2
183
17
135
6
179
83
108
229
28
113
254
113
146
191
243
6
206
203
144
154
95
175
89
28
248
150
244
10
24
16
18
192
166
30
14
203
248
205
230
194
171
89
179
153
46
253
204
139
169
150
170
222
33
244
40
28
195
103
46
37
229
252
89
30
84
80
1
106
74
58
187
119
166
71
206
43
65
106
242
3
65
227
141
2
41
135
138
106
2
7
183
122
146
205
206
1
128
166
246
37
230
182
179
21
144
107
130
219
205
195
183
34
40
63
107
169
215
164
183
59
187
239
229
89
96
230
132
195
168
22
83
67
38
35
246
178
208
111
205
201
90
195
150
141
192
212
111
135
100
5
62
168
135
8
144
203
160
180
58
31
250
208
223
149
80
107
65
248
150
107
31
90
113
194
253
199
97
164
180
37
150
28
97
144
97
115
250
135
141
46
205
100
170
100
138
58
24
80
58
227
36
152
90
65
49
1
121
179
144
141
229
183
132
14
132
41
229
14
38
203
170
90
8
27
28
18
144
135
160
80
229
41
208
198
169
138
168
1
241
249
113
179
29
187
235
3
141
54
121
171
179
40
170
13
182
6
31
116
229
139
93
234
243
211
97
46
58
171
107
101
205
88
58
111
256
135
137
47
156
229
252
28
183
47
212
164
75
90
107
146
58
187
108
78
35
65
254
121
146
118
121
58
71
59
93
171
89
118
182
194
164
107
27
123
47
33
182
205
203
31
3
241
141
164
4
195
182
195
91
3
2
234
242
167
221
184
63
64
169
187
229
13
135
141
74
231
106
231
21
11
175
192
173
176
195
216
30
156
25
179
229
107
40
81
90
65
34
184
253
89
73
205
63
68
58
144
239
176
252
65
88
170
95
168
65
169
79
84
150
63
166
90
182
97
121
33
64
231
54
8
182
60
195
93
113
254
97
46
186
201
234
35
238
101
249
65
144
64
135
248
1
217
140
169
14
122
6
64
107
212
183
89
187
111
153
29
194
175
20
208
180
182
248
167
10
5
126
55
130
130
229
5
252
232
167
222
140
170
33
242
186
33
95
203
248
214
191
238
40
59
154
83
111
142
256
210
201
90
231
211
113
27
199
135
29
35
8
185
201
181
238
135
162
130
33
235
231
46
50
121
130
5
96
124
59
55
122
33
191
18
28
30
113
201
237
59
135
74
90
146
25
182
183
181
21
8
89
83
40
14
7
212
5
156
130
14
171
158
79
97
32
36
24
6
28
3
136
256
81
180
156
252
181
229
168
69
182
59
256
16
122
65
135
184
10
90
176
130
75
14
187
180
227
187
76
89
91
130
97
231
10
46
194
205
66
74
175
14
50
34
140
97
8
102
126
76
206
117
55
196
16
35
144
253
144
238
227
236
17
156
135
102
113
181
181
248
111
227
200
32
182
157
164
21
162
75
33
107
128
1
241
241
179
151
241
40
38
44
96
195
134
241
193
208
236
231
201
171
164
252
30
217
77
103
162
135
203
65
66
30
90
203
203
10
169
73
65
166
79
109
221
30
234
220
184
36
106
239
28
153
109
182
170
63
124
98
102
151
108
144
256
93
98
95
72
187
138
217
93
169
121
184
50
90
137
52
135
229
100
100
217
240
187
29
220
102
230
153
91
135
185
43
80
59
194
16
236
236
60
233
91
21
185
236
78
146
170
50
105
158
222
217
109
36
63
97
30
142
188
34
186
229
109
13
60
21
193
108
116
16
103
254
169
192
28
108
222
151
166
227
244
233
250
75
20
200
169
204
32
164
5
208
149
121
150
58
75
237
111
169
185
140
150
140
25
223
55
203
233
30
242
20
17
37
187
59
196
6
73
233
253
10
106
225
146
221
201
5
135
195
76
6
136
229
139
47
142
171
107
49
141
227
59
86
66
196
60
33
10
33
86
252
19
203
93
31
252
175
29
96
28
169
5
176
192
252
120
84
135
64
11
69
108
150
110
146
98
185
236
129
203
59
236
192
11
186
65
21
151
201
88
88
33
144
19
150
14
131
28
10
217
107
90
34
226
223
21
256
146
186
151
184
81
195
27
58
239
33
196
233
79
170
187
93
210
34
35
24
244
175
238
142
243
237
156
91
141
176
40
256
52
151
167
93
113
115
35
127
20
65
142
36
248
182
164
107
59
111
14
96
31
65
110
185
33
169
233
73
206
58
187
233
88
208
244
13
77
25
28
238
192
21
61
89
190
1
103
212
229
8
24
223
185
1
150
10
195
247
108
236
246
231
212
252
220
76
33
229
111
1
175
41
186
217
11
50
151
241
108
10
92
112
58
192
64
229
16
53
152
113
38
89
203
233
79
126
239
165
252
240
14
241
96
184
162
156
5
219
96
254
59
19
26
205
40
8
10
96
244
64
160
206
111
33
250
25
184
176
34
58
50
59
224
186
35
2
170
83
179
179
111
181
93
195
40
108
205
169
14
74
242
151
6
162
241
220
76
138
223
167
251
194
224
187
185
180
169
18
60
53
206
250
170
147
229
198
184
185
190
240
43
231
205
61
8
59
189
93
134
78
144
124
240
6
203
135
195
75
203
6
248
128
14
90
190
121
14
24
16
107
185
158
240
220
241
52
34
147
14
35
121
240
248
49
58
209
100
107
117
248
222
83
238
14
69
96
187
231
34
240
169
88
111
24
229
111
3
198
245
188
220
169
66
96
108
140
170
88
83
37
14
93
151
109
124
195
256
21
14
92
132
164
52
92
75
141
252
146
14
106
15
10
147
66
8
108
237
34
251
147
101
125
156
177
111
88
145
76
34
245
5
21
72
89
124
170
106
73
151
192
108
47
5
87
142
34
41
98
95
138
169
180
35
147
238
73
35
196
232
9
2
37
189
219
118
210
73
64
166
135
221
211
184
73
171
135
121
41
14
187
87
43
65
141
1
32
46
132
241
203
132
83
130
35
61
138
207
113
38
65
59
194
171
149
175
89
206
240
195
6
236
246
169
7
150
67
62
227
93
40
170
221
205
131
52
184
108
89
182
1
239
209
198
150
14
118
108
203
238
67
67
147
240
19
226
96
110
160
174
252
5
241
199
26
36
211
107
16
109
211
250
5
174
5
238
221
35
221
71
96
64
253
183
89
35
59
69
98
221
46
252
46
93
34
198
142
238
195
2
33
209
169
206
143
19
179
91
170
205
25
226
64
10
47
121
128
139
96
198
205
6
173
181
37
90
21
94
229
7
158
103
37
219
10
241
65
35
208
209
41
24
198
241
132
108
230
10
46
3
89
110
153
201
223
49
244
194
173
41
164
115
212
5
233
33
6
65
199
32
254
203
196
36
88
229
256
65
47
15
203
88
8
24
139
196
47
241
90
142
170
14
198
184
237
24
223
108
139
156
32
93
142
76
78
169
243
142
219
256
147
200
89
169
73
144
184
5
8
147
132
65
199
19
47
135
35
71
5
53
199
198
142
187
107
35
174
5
172
6
2
111
201
142
17
152
139
243
1
191
206
150
140
240
154
144
6
224
34
246
174
226
15
119
111
223
46
245
66
11
236
15
91
37
130
89
132
21
109
238
49
26
78
8
43
76
232
26
219
38
121
229
238
114
110
196
93
132
37
239
1
138
50
64
174
139
111
240
243
19
243
199
224
73
210
61
138
135
154
206
137
199
187
106
127
195
64
92
209
196
37
58
236
195
238
241
145
248
47
108
243
69
16
124
146
43
26
153
111
24
219
69
253
238
1
187
15
115
121
14
68
135
200
137
206
168
90
25
138
4
9
6
69
229
160
13
221
199
144
171
108
126
13
31
186
142
126
195
224
189
59
203
150
229
17
207
28
167
173
227
2
235
66
69
200
92
223
194
169
73
109
194
195
200
106
60
174
224
132
5
237
201
254
101
1
182
14
158
10
65
17
93
242
128
69
174
65
9
34
25
141
24
167
65
198
64
1
102
39
205
104
97
207
30
223
236
203
128
138
24
88
181
27
237
229
160
111
83
127
123
164
87
124
255
79
55
96
65
83
91
50
203
199
254
231
235
193
102
192
214
237
1
55
83
103
34
135
126
246
64
113
208
137
46
171
35
138
183
172
127
132
228
17
19
65
88
14
145
26
100
26
219
96
246
34
99
201
1
8
238
191
142
86
139
237
185
199
40
253
211
126
135
24
238
248
173
97
101
59
46
103
21
169
130
131
248
164
35
219
219
111
219
121
132
102
171
149
212
69
165
164
25
108
31
169
88
186
190
5
55
179
93
89
199
201
4
59
5
216
252
61
194
26
38
49
94
245
187
211
26
52
174
96
69
49
88
69
134
196
231
241
35
210
246
132
58
5
230
153
196
174
30
44
67
87
226
128
245
173
170
24
195
143
116
55
239
228
244
37
52
97
61
184
170
141
198
60
88
88
199
199
187
252
142
8
28
103
190
179
120
174
158
221
37
73
255
169
41
200
195
60
65
1
28
21
60
94
27
144
104
182
138
190
61
146
158
228
246
181
114
107
110
182
182
231
124
190
110
231
194
182
67
136
176
13
78
252
59
212
6
211
25
31
238
96
118
69
30
245
35
35
216
231
58
87
20
124
94
123
69
245
65
192
73
2
8
199
59
130
35
31
64
168
28
174
53
33
222
83
52
161
61
54
141
26
201
190
97
30
210
255
235
198
212
17
137
171
19
246
200
125
158
154
21
233
55
182
28
103
55
134
252
244
130
32
47
76
214
97
142
112
47
97
103
96
204
199
46
27
24
198
215
236
181
81
185
20
11
60
19
161
61
194
167
104
198
100
202
222
16
104
66
188
198
96
238
55
220
104
25
142
171
238
55
108
132
47
124
236
34
186
64
199
181
214
125
79
121
81
141
49
7
57
117
241
216
92
200
27
43
132
120
238
172
52
238
171
53
188
120
176
181
78
68
132
22
8
78
83
22
35
229
171
226
245
195
232
114
233
245
246
162
227
38
