151
151
40
38
248
40
151
97
145
41
248
97
14
97
81
97
59
204
187
190
222
222
81
249
6
60
14
92
242
62
190
46
187
92
145
97
63
108
8
231
3
226
226
14
238
180
95
8
100
33
206
3
17
33
163
180
81
181
220
231
33
125
23
62
33
181
217
14
171
238
196
20
100
187
37
97
3
248
180
198
208
109
23
77
134
117
129
97
231
181
100
226
31
39
205
238
183
89
75
39
114
154
4
58
114
58
248
37
23
171
45
70
40
100
14
47
59
250
92
142
70
167
229
126
20
60
29
171
241
8
38
229
29
214
65
41
58
100
171
60
33
182
202
202
195
171
60
59
251
179
90
97
247
214
181
57
224
37
183
169
189
65
70
154
202
112
68
6
1
245
75
90
45
29
97
58
42
33
61
250
108
23
198
171
163
29
164
67
179
229
205
245
90
248
1
244
154
124
20
38
70
1
171
40
246
106
198
24
14
191
185
212
39
56
70
1
148
150
233
48
168
123
125
238
56
78
1
27
134
15
205
210
15
179
168
168
62
14
123
229
30
245
168
4
4
171
202
14
33
229
26
20
228
182
204
137
36
137
30
33
224
60
7
33
122
227
33
168
52
90
20
29
85
183
40
90
176
2
90
90
100
100
167
156
102
244
154
154
125
223
203
160
180
198
76
29
5
55
131
210
228
66
216
46
23
167
194
69
180
168
135
56
33
70
37
239
249
125
159
73
100
252
227
24
180
100
144
183
40
157
14
6
1
168
63
175
229
88
59
189
72
67
141
192
205
244
105
59
136
4
243
227
6
144
29
95
100
142
4
168
90
46
227
107
244
84
100
129
176
233
60
171
42
88
1
40
245
141
2
140
70
37
203
248
70
52
137
196
108
167
35
129
1
176
195
142
187
79
156
44
7
78
59
59
59
15
4
180
196
225
12
33
247
226
148
136
236
198
139
226
15
180
249
93
205
192
102
240
122
115
1
131
71
206
39
235
238
105
125
135
37
235
229
248
110
14
116
214
217
205
64
14
59
20
100
235
13
179
139
198
20
181
168
60
195
187
140
102
248
167
101
86
115
207
1
60
79
117
102
2
193
222
16
139
122
60
244
223
76
20
214
171
67
233
79
144
47
236
32
195
131
64
169
129
179
150
183
250
1
252
31
181
175
46
14
73
94
183
100
3
97
125
45
213
205
168
32
179
54
199
135
25
14
15
114
236
183
46
128
20
227
108
57
144
188
14
100
175
195
88
122
181
142
16
184
20
184
135
60
70
135
14
63
117
70
189
35
77
60
154
217
203
35
20
205
100
236
33
46
131
20
14
139
59
233
59
60
1
33
217
102
153
135
210
229
223
136
45
109
106
39
18
1
74
7
32
58
109
107
69
206
230
52
213
182
179
167
157
109
244
108
28
151
192
195
135
184
221
223
241
220
255
195
253
39
106
191
183
131
179
222
153
39
95
241
20
109
156
75
69
122
88
201
129
4
3
226
15
26
203
183
171
26
187
166
101
233
193
91
108
29
15
221
142
46
236
56
58
100
122
250
252
120
226
187
190
26
153
10
179
131
167
203
18
248
227
117
37
129
61
154
108
70
37
24
76
108
251
187
130
187
3
122
93
205
207
255
3
171
59
1
108
132
180
110
154
146
226
108
1
234
108
25
39
58
215
88
140
142
68
190
239
116
57
21
16
117
60
60
184
85
59
151
93
1
6
225
4
78
212
21
196
233
153
239
124
246
246
14
102
33
56
13
136
114
40
110
63
167
90
122
179
132
135
31
2
105
90
18
53
51
116
153
135
60
25
37
89
25
171
176
110
155
117
100
180
255
106
161
174
58
101
194
250
240
154
127
10
100
140
139
220
184
54
63
60
238
137
74
187
223
229
156
250
14
35
183
36
205
144
171
154
179
57
101
15
70
167
177
81
106
122
108
108
226
40
59
108
47
227
149
167
57
118
36
122
176
22
41
250
165
102
100
9
176
222
167
233
135
16
203
136
110
205
164
63
114
39
221
78
108
167
16
29
179
164
176
82
8
77
78
14
242
39
187
90
199
225
59
52
1
111
60
152
195
100
101
72
250
123
39
243
42
107
205
70
101
63
54
1
6
153
158
20
154
45
158
167
57
122
20
57
82
249
70
122
60
135
34
41
187
139
107
109
108
129
251
37
33
38
108
41
198
33
248
235
59
186
222
244
180
106
179
15
103
229
37
203
135
205
131
221
82
28
135
57
154
168
25
108
38
243
167
14
240
18
184
35
191
160
79
138
224
168
190
14
14
125
14
176
70
158
233
190
13
79
210
135
223
180
63
125
223
126
24
210
135
108
122
13
216
46
131
243
74
191
33
24
252
227
24
229
210
226
53
130
79
239
245
171
45
130
39
219
130
227
248
248
245
65
229
67
98
175
101
180
229
62
170
39
135
144
59
205
15
46
130
230
180
182
37
137
11
171
136
122
135
124
106
24
243
155
117
24
162
45
88
47
236
122
2
2
167
103
255
122
227
41
41
10
101
14
229
20
179
23
142
216
95
24
100
185
228
199
20
61
72
93
14
122
242
81
203
19
169
179
110
181
132
223
100
108
164
107
119
129
32
40
171
14
167
11
26
69
147
95
150
139
185
29
149
27
72
33
113
165
240
83
116
210
226
181
14
161
196
252
21
9
247
66
147
45
48
16
23
5
68
93
180
100
42
54
148
88
1
233
103
169
239
63
20
219
24
108
9
107
10
229
26
208
179
34
205
8
248
108
240
100
205
195
221
140
253
3
233
229
105
113
221
59
53
155
54
162
109
180
14
229
167
226
240
11
39
35
10
195
115
63
110
205
131
167
88
79
235
107
100
4
171
92
45
192
11
224
167
210
228
167
226
138
26
53
49
24
142
131
240
241
72
233
182
119
18
179
24
216
212
1
113
108
167
150
131
236
34
144
167
181
226
93
24
24
236
243
6
206
71
63
240
193
122
142
240
42
126
239
83
106
154
86
137
100
123
222
5
81
15
248
102
14
77
47
174
241
223
137
105
39
37
249
175
30
181
100
252
167
135
25
122
199
233
101
136
14
93
24
229
187
187
154
88
20
28
210
68
56
125
210
24
110
117
191
167
201
201
131
144
149
109
105
167
1
1
138
112
228
116
1
4
181
117
256
72
222
72
139
60
139
100
34
28
100
227
168
27
105
125
59
1
46
239
109
101
108
103
139
134
63
182
78
225
20
145
235
93
46
138
199
60
248
180
233
108
78
52
243
144
118
107
27
82
248
163
8
1
70
34
6
59
16
6
135
220
63
53
100
43
179
63
89
255
77
8
226
212
158
59
237
124
248
93
10
15
179
2
30
115
199
10
246
245
29
86
24
86
5
39
144
10
80
20
28
117
182
46
250
199
137
24
38
245
117
22
49
54
25
58
167
227
122
56
250
78
110
109
170
53
43
246
102
130
179
242
195
181
70
14
187
187
144
176
134
63
188
30
168
3
72
20
88
230
158
168
230
116
145
49
182
236
24
24
248
245
138
63
78
180
205
125
24
122
63
256
139
185
108
46
33
88
27
139
59
169
191
250
33
202
164
14
109
10
13
11
179
40
185
119
33
69
39
81
210
240
135
60
236
61
198
14
172
77
93
245
69
78
93
6
179
19
179
122
161
24
252
212
169
116
100
24
248
39
95
58
205
221
130
242
240
35
108
117
158
24
87
32
74
107
141
158
193
139
220
139
22
60
116
35
125
223
210
7
187
28
234
66
90
65
190
35
59
49
108
139
6
116
66
56
249
202
230
144
225
105
110
1
127
109
186
63
154
140
256
4
61
108
110
132
181
8
179
1
34
4
65
253
24
20
210
167
167
110
185
169
158
110
113
76
239
158
62
31
2
154
59
107
132
236
20
119
63
210
33
212
245
124
90
100
227
250
225
182
108
107
230
218
63
167
236
108
20
229
72
126
181
56
20
47
71
233
20
187
150
219
196
156
136
190
141
7
154
196
246
252
108
131
1
247
245
63
168
100
132
37
168
168
33
24
70
149
150
109
153
253
66
20
64
114
173
47
181
142
153
240
150
24
81
58
78
199
239
117
117
220
16
114
238
250
49
39
32
107
13
139
131
227
253
3
116
142
35
122
123
63
60
34
154
52
239
227
201
117
96
87
229
116
210
70
252
192
1
68
65
50
24
46
6
183
54
169
16
41
224
35
119
113
5
14
35
5
76
20
243
30
167
1
140
1
24
5
61
14
192
108
103
108
202
58
167
182
149
78
100
246
203
117
248
90
68
5
73
219
148
220
14
202
139
49
153
55
182
219
163
52
158
175
176
101
240
77
14
114
32
24
233
153
117
63
117
96
145
59
135
24
38
19
31
132
179
149
117
33
141
8
25
5
24
124
2
167
25
133
167
170
210
233
97
24
125
214
218
104
179
153
242
182
1
201
233
196
86
205
158
1
229
23
14
24
14
210
20
24
90
133
187
23
132
189
14
119
14
192
15
217
233
60
233
46
93
223
100
63
20
13
60
86
14
187
117
35
201
33
38
71
24
24
141
16
21
20
154
222
169
168
1
8
11
52
71
88
37
219
197
223
96
196
153
140
178
253
34
116
164
125
125
248
108
233
188
24
108
70
201
60
55
179
242
24
4
214
117
154
226
240
141
212
25
231
219
28
227
30
182
24
20
49
249
56
139
109
248
227
108
183
60
53
93
219
114
28
233
66
141
233
68
1
134
60
17
131
86
151
96
167
39
79
183
235
10
34
241
167
205
113
1
93
76
195
247
153
179
167
93
175
100
250
117
120
226
3
81
34
1
210
8
139
4
71
60
147
64
100
110
183
239
93
33
219
97
253
93
195
60
236
240
20
121
248
109
60
246
79
117
34
34
20
139
125
158
30
183
167
33
47
24
132
222
93
241
108
146
132
103
244
39
10
54
112
68
170
60
218
202
250
180
108
2
79
27
256
179
220
70
91
193
201
78
14
167
233
248
159
5
179
218
132
237
119
60
245
215
58
129
14
76
230
175
59
95
187
203
167
89
167
246
212
166
100
227
109
187
255
10
147
96
100
42
125
179
73
187
231
191
158
163
78
20
167
63
133
241
114
149
167
83
173
11
24
248
115
236
13
190
34
68
210
1
169
223
219
222
93
185
108
233
116
24
59
76
115
107
248
35
238
61
210
149
125
72
14
100
234
4
224
230
132
170
100
233
96
170
215
60
11
74
252
74
102
35
108
11
140
139
199
133
69
170
234
132
190
195
2
180
132
173
154
196
210
183
199
241
248
2
187
248
233
187
119
100
244
24
87
131
89
223
142
94
245
227
28
246
62
229
139
188
78
201
4
119
153
2
230
223
209
10
37
24
199
102
230
109
125
187
48
86
125
175
24
236
131
219
242
96
65
233
63
233
223
108
147
1
132
212
148
254
1
230
233
18
5
2
169
105
103
134
201
103
212
43
58
5
25
109
24
93
1
60
60
219
74
239
40
131
58
109
78
24
137
236
146
169
42
167
35
77
175
70
64
180
132
1
78
132
145
24
37
8
4
121
154
187
158
169
189
229
137
82
14
39
192
245
151
3
219
144
243
182
230
35
95
229
230
154
93
212
29
227
93
233
5
198
26
187
156
119
58
253
145
149
179
180
199
111
60
183
251
252
256
20
122
141
122
114
131
250
182
234
226
179
122
217
230
125
193
238
41
45
43
30
250
248
45
79
219
44
33
227
154
63
173
189
58
210
19
24
181
141
237
75
2
35
109
193
8
56
90
94
125
169
14
233
103
245
115
116
223
235
222
32
109
133
70
7
35
117
24
235
1
202
122
223
109
57
103
63
109
229
96
108
242
193
248
46
24
142
10
253
132
79
236
246
180
100
140
96
238
191
253
32
20
223
242
107
130
136
94
242
229
170
53
152
181
125
51
82
102
168
167
181
226
185
167
91
158
202
79
252
167
251
149
167
20
32
14
196
181
167
233
175
114
39
210
58
232
167
236
86
8
34
170
222
170
185
14
210
180
22
93
153
125
154
224
236
167
219
236
119
39
132
241
187
122
154
210
180
145
227
193
14
132
235
210
196
30
201
122
167
93
229
100
10
229
109
229
179
57
223
201
5
137
191
220
59
222
223
130
222
40
229
234
167
223
187
125
243
60
132
252
167
109
58
33
75
132
30
46
233
120
210
64
32
210
246
125
74
252
14
63
119
24
251
49
168
64
176
114
205
249
153
93
210
224
60
196
24
253
118
130
242
125
196
193
63
117
224
90
256
210
243
147
147
90
242
108
81
96
187
191
164
223
102
252
167
248
8
120
5
32
117
13
57
60
132
39
185
115
236
132
217
60
19
182
100
2
192
35
246
79
134
117
198
135
131
206
136
88
34
179
58
50
197
219
90
246
68
147
23
91
124
8
141
183
34
135
115
132
246
31
53
170
35
101
2
195
192
78
1
196
118
234
227
182
233
78
222
223
193
86
88
75
170
60
170
37
24
252
88
96
197
95
81
187
167
64
24
100
109
227
27
94
43
174
231
10
135
38
59
15
156
24
54
132
181
64
138
219
136
81
75
90
88
100
210
141
198
248
131
59
100
185
89
252
198
46
163
227
139
64
216
212
157
48
252
190
108
59
233
21
184
76
125
108
163
103
60
32
233
120
107
237
136
86
210
47
169
181
179
247
32
193
181
187
167
117
20
120
227
35
117
3
240
53
60
86
185
28
145
99
167
210
122
96
207
129
78
119
122
181
234
105
100
75
234
100
182
246
224
1
34
233
60
229
159
132
96
185
241
61
248
248
253
28
114
88
198
161
1
238
198
17
233
163
14
24
236
114
185
198
145
24
119
103
229
95
195
125
109
251
18
56
18
248
46
248
60
82
210
132
78
90
45
10
218
119
90
193
46
46
145
40
72
227
224
248
167
139
1
135
76
248
20
123
227
60
108
88
201
84
96
46
253
46
237
136
154
212
89
18
109
34
124
60
253
247
220
118
24
233
23
252
6
34
69
52
161
67
198
49
18
18
248
46
90
26
122
187
86
2
114
114
193
6
46
18
176
14
181
181
134
88
234
135
34
86
136
76
120
233
53
96
73
198
70
235
196
78
35
185
53
86
215
181
88
198
109
170
115
38
189
107
252
249
158
198
198
24
158
248
169
229
100
163
185
11
115
45
107
231
72
115
252
102
115
140
200
96
252
185
14
45
187
101
32
44
60
188
200
198
44
155
5
44
117
248
198
77
122
202
114
224
210
248
41
159
28
178
182
57
63
247
233
