123
7
123
56
253
225
8
196
7
126
113
7
216
175
126
153
126
126
203
79
191
18
18
126
74
81
162
123
126
90
174
251
174
156
36
51
254
154
18
156
18
16
251
54
51
251
16
64
126
50
239
51
45
51
7
99
74
51
123
34
79
145
165
177
123
123
26
67
61
123
239
129
16
74
251
251
127
90
165
129
231
51
7
106
16
51
20
79
34
20
106
129
239
45
239
239
51
251
91
174
235
106
126
251
177
90
51
153
225
175
106
123
90
20
61
18
74
153
106
99
165
67
18
225
251
251
174
123
16
225
5
51
138
126
90
239
145
254
206
152
156
251
1
243
153
176
62
81
201
16
225
191
74
229
251
225
62
123
225
5
123
51
94
126
169
127
225
69
127
251
61
26
17
127
251
126
234
6
69
147
17
143
50
3
174
199
239
51
74
94
84
239
51
143
104
142
140
234
29
54
98
94
123
140
69
127
197
225
18
238
44
109
251
123
126
126
145
244
94
147
113
246
69
90
178
251
251
83
122
174
167
251
234
123
234
129
50
245
178
18
127
72
51
127
242
54
184
16
71
50
94
47
127
36
54
85
90
126
151
62
209
245
17
34
244
251
84
245
102
20
251
174
96
231
140
82
192
152
152
225
36
143
85
143
251
85
140
214
151
36
94
76
140
29
140
66
81
126
151
151
110
143
102
111
76
251
120
251
251
175
140
54
15
247
36
51
215
155
71
218
251
147
90
239
208
76
16
251
81
21
199
156
115
51
140
123
50
50
88
208
106
143
94
51
104
51
232
190
129
152
62
50
244
239
251
153
234
194
126
235
219
9
251
129
189
7
7
167
51
251
50
204
145
5
50
111
54
167
121
50
152
9
148
149
204
251
106
216
64
16
17
62
167
216
62
177
50
208
98
249
72
181
9
20
216
204
112
96
143
120
210
76
81
18
145
20
174
76
156
54
102
244
94
126
208
126
197
219
148
234
148
175
97
222
163
36
129
34
204
143
251
190
184
50
50
148
254
62
26
57
156
159
184
209
254
231
143
225
27
72
50
159
50
36
229
9
140
153
126
175
178
182
56
20
121
147
184
225
215
126
16
16
177
202
26
173
209
106
125
141
129
217
204
235
23
242
18
5
51
88
5
51
36
16
249
175
175
16
62
152
94
21
251
175
44
112
181
175
22
126
7
74
226
38
62
50
176
74
175
175
251
191
140
167
254
74
226
159
207
56
156
5
160
7
178
82
57
76
50
4
236
148
112
148
126
140
218
110
47
71
91
200
50
208
81
190
190
191
222
239
51
84
50
5
62
16
18
239
50
47
199
198
145
141
143
153
47
21
239
38
174
71
184
152
255
234
4
222
88
94
177
56
21
178
5
198
200
105
114
18
85
208
74
21
251
140
200
16
143
216
57
96
107
204
251
134
50
50
156
234
62
254
34
190
191
251
62
148
45
20
239
58
113
50
219
123
81
129
174
251
149
112
228
246
221
111
94
47
91
255
148
244
140
119
62
104
50
18
177
123
127
125
191
107
13
161
36
50
148
126
159
209
190
234
12
34
151
181
19
62
219
155
175
62
239
254
45
140
50
50
52
86
129
102
13
239
7
255
44
112
251
204
120
104
21
81
50
234
18
85
38
104
41
62
133
73
234
66
66
81
22
107
51
27
215
225
225
48
232
209
219
166
51
216
188
200
148
50
81
62
203
48
62
97
156
204
102
177
242
50
80
18
163
80
71
156
166
66
218
166
209
143
54
224
140
56
191
175
234
175
128
248
251
224
165
159
98
248
200
166
50
155
183
88
62
19
96
140
112
163
126
81
84
119
98
71
56
143
125
231
40
50
165
48
54
80
36
208
194
17
62
51
81
48
155
160
166
216
41
5
165
62
91
31
12
190
50
188
151
165
20
189
218
98
92
207
160
47
50
69
123
151
68
8
211
12
143
165
254
24
86
125
110
51
62
225
218
143
227
7
40
3
246
149
208
8
20
188
74
155
36
218
84
225
143
72
213
50
44
47
151
25
26
151
225
7
88
138
48
34
81
182
126
148
148
189
239
26
62
71
217
125
110
170
200
20
188
186
148
204
159
244
218
51
20
62
62
160
22
133
200
204
143
34
21
231
245
165
47
177
18
116
54
148
62
7
4
105
62
28
225
155
168
62
54
36
50
42
143
151
74
71
155
8
176
48
50
12
3
71
62
209
140
23
166
209
7
51
99
56
242
162
76
166
213
202
160
76
98
50
125
254
50
68
20
116
200
149
138
254
234
161
71
26
62
251
95
217
222
222
245
125
105
251
112
50
7
66
112
80
158
129
125
139
249
48
59
160
98
215
23
65
50
92
96
64
185
188
221
99
133
3
50
18
87
7
153
153
225
62
163
40
218
219
92
79
3
115
248
120
140
44
209
204
44
148
52
148
7
175
20
160
215
83
94
254
20
99
165
7
20
208
43
62
140
107
217
163
153
18
59
189
48
193
31
160
7
119
218
184
152
107
91
163
9
80
34
125
80
234
69
56
41
151
221
80
20
19
112
7
208
166
85
156
148
203
20
185
96
7
204
165
125
155
63
20
110
98
151
4
62
29
48
207
234
200
200
144
119
207
200
20
148
62
42
20
234
254
112
161
23
7
207
232
142
28
166
180
5
215
50
185
71
81
49
174
7
178
148
56
204
160
14
80
28
20
160
173
163
148
169
50
110
62
172
234
17
201
152
62
189
125
20
119
20
216
96
26
245
170
216
148
234
245
81
254
76
245
112
173
159
20
234
194
200
215
155
140
220
217
62
50
133
163
51
106
141
62
13
197
169
197
50
161
200
20
173
72
98
200
197
155
82
237
119
99
218
213
64
197
224
152
42
71
8
218
50
15
149
245
74
120
20
213
44
254
72
67
200
133
220
245
204
191
215
219
76
98
62
119
153
8
133
7
211
48
36
26
254
81
37
133
161
115
4
234
115
160
234
107
160
44
47
13
110
160
81
165
120
39
165
99
110
125
45
140
148
19
99
149
217
197
163
62
197
163
36
152
120
234
126
159
152
148
123
106
25
217
163
98
28
7
119
157
236
161
44
7
7
16
198
153
44
235
16
119
157
173
20
204
107
57
156
61
163
245
8
62
96
66
214
50
173
173
234
151
28
5
175
4
62
152
253
81
152
133
200
173
61
248
65
20
78
77
155
119
234
25
124
198
152
151
96
86
115
53
200
41
197
74
253
239
199
152
234
225
161
197
197
152
159
208
188
152
148
227
234
71
155
151
46
51
119
197
157
151
152
197
97
110
125
112
163
20
68
18
197
148
10
199
20
148
148
184
81
148
106
42
112
200
99
71
218
72
20
48
232
92
119
152
86
54
7
155
106
82
159
88
161
125
74
56
8
254
125
155
188
152
234
159
189
82
7
7
72
195
133
48
48
54
120
133
125
166
73
106
234
232
148
19
163
48
48
48
94
119
119
92
77
238
230
198
249
149
106
234
256
197
48
127
91
234
81
157
56
12
48
48
56
92
161
190
48
25
130
215
163
159
201
12
12
169
219
200
207
133
108
160
256
224
88
163
27
246
44
218
146
12
197
241
227
47
70
140
78
189
213
99
203
155
151
163
75
115
84
155
224
99
106
174
155
148
189
232
73
119
197
94
48
72
196
147
20
214
130
200
218
20
190
148
250
34
148
106
146
189
251
155
234
189
27
4
214
180
232
4
20
12
41
201
221
125
161
235
133
45
4
26
235
9
12
105
189
159
148
12
44
45
20
155
82
12
44
189
106
189
105
213
148
149
214
189
12
111
155
214
234
196
201
157
155
81
145
218
110
105
213
106
207
148
155
111
189
149
109
134
61
20
125
189
200
147
207
219
48
189
48
252
155
221
190
99
152
189
213
173
99
196
131
155
159
196
145
72
149
111
197
48
189
213
189
204
189
163
218
197
67
134
111
197
104
23
72
26
