230
84
132
84
230
28
162
138
28
28
230
93
29
28
210
75
121
231
210
210
105
224
253
220
121
126
89
74
40
253
102
126
112
126
158
126
203
210
249
126
172
222
203
164
217
249
230
204
143
217
108
17
180
28
18
102
128
128
87
94
115
47
164
89
164
55
87
196
203
139
62
143
139
128
222
67
249
204
164
150
212
165
102
139
217
150
162
55
205
172
210
164
249
202
201
160
62
204
182
214
55
229
42
67
230
139
162
178
121
164
205
102
75
89
205
60
181
71
178
139
94
89
59
71
219
150
55
138
204
67
165
194
102
48
59
36
2
222
164
142
136
179
59
219
222
165
136
43
230
146
128
59
89
190
256
180
2
136
24
202
169
45
5
219
75
230
184
24
31
164
35
59
165
136
165
72
72
93
169
58
205
58
28
136
205
67
31
216
95
59
76
203
153
48
47
210
56
93
18
182
182
122
219
18
128
58
59
170
229
23
178
182
223
230
5
147
178
58
24
182
37
63
146
226
250
88
129
66
2
115
208
36
206
219
58
40
136
170
138
22
181
114
136
135
179
107
88
104
138
225
210
217
182
83
187
58
248
181
226
131
193
65
138
34
211
66
73
47
34
128
138
213
178
211
210
128
226
212
170
202
58
248
136
110
113
166
34
54
157
31
30
141
82
136
110
64
8
223
107
212
210
139
7
113
178
89
205
58
67
181
23
202
212
167
56
170
151
14
24
143
203
178
35
21
46
149
135
46
178
179
212
226
152
74
67
17
179
143
166
108
231
112
14
108
30
215
23
204
139
212
210
8
160
29
59
42
139
212
20
246
86
44
17
205
106
14
24
8
226
33
23
210
42
213
210
42
93
14
24
141
8
151
201
205
110
163
139
105
174
129
119
5
38
213
107
160
121
48
182
142
191
17
132
149
7
220
128
163
33
161
6
220
195
254
142
245
205
147
91
9
107
149
91
26
250
23
176
26
42
49
246
202
49
56
125
211
181
253
108
202
226
212
217
107
105
252
49
118
7
58
140
31
240
8
93
46
46
140
46
223
20
6
136
230
49
161
7
136
71
24
217
166
150
250
107
16
142
9
219
107
168
187
175
44
49
182
214
210
65
7
181
70
49
231
11
127
163
238
4
28
7
125
49
13
6
137
253
75
139
92
168
4
138
65
18
135
181
61
93
255
125
190
107
20
187
16
65
251
136
24
154
187
120
132
216
108
83
79
20
93
49
212
46
236
107
217
181
231
107
48
187
134
153
240
88
214
72
135
98
52
187
90
154
15
47
32
107
231
144
179
60
167
170
91
179
32
21
170
150
179
20
179
214
142
167
255
181
252
132
139
91
145
167
4
216
253
167
165
98
101
37
151
184
58
132
23
141
204
33
11
178
30
30
204
254
72
243
248
64
195
250
167
171
231
178
90
178
164
122
98
164
109
137
59
216
191
5
118
102
95
194
90
191
233
33
191
181
152
252
163
46
59
48
256
174
41
20
86
7
220
107
118
163
37
252
207
244
33
214
226
132
231
228
109
167
86
163
246
233
21
41
78
91
69
23
90
39
20
10
102
233
167
206
23
36
68
163
93
123
113
189
213
109
163
126
109
233
23
227
191
167
38
59
2
175
59
144
210
46
15
141
144
213
1
245
30
30
3
125
89
224
2
158
106
212
227
97
233
213
110
220
233
2
96
78
211
82
23
59
187
94
174
14
150
36
222
231
235
185
245
88
213
200
38
36
46
5
173
150
210
67
50
181
189
93
136
83
68
167
189
243
118
190
30
173
241
248
153
32
57
2
245
224
233
89
36
167
142
231
89
122
160
231
150
123
129
144
67
130
252
215
233
167
222
132
173
184
118
233
122
55
97
67
233
105
108
105
64
122
23
107
144
156
226
123
156
14
129
226
167
23
251
23
207
215
77
210
136
89
190
245
217
235
172
68
251
104
2
217
179
204
2
198
233
226
64
129
82
54
187
15
60
97
54
205
170
142
94
36
122
126
230
137
14
191
2
172
198
36
179
37
226
224
9
154
128
82
3
14
94
30
174
1
60
157
28
28
217
67
30
153
156
254
130
154
221
30
156
217
147
65
3
211
252
109
161
233
122
198
14
197
144
195
23
60
65
60
65
30
87
194
101
28
122
172
65
3
255
154
174
86
193
97
38
125
37
69
198
58
164
247
222
156
239
1
233
153
180
49
48
211
142
25
154
197
100
89
29
25
211
241
229
91
160
126
100
97
168
167
249
60
255
210
57
1
156
215
9
43
120
153
129
39
116
215
64
217
39
13
247
122
190
255
217
28
236
243
180
105
93
141
216
14
210
174
246
94
239
28
171
28
129
125
245
13
243
175
32
78
53
198
60
136
50
123
216
53
20
199
61
171
170
200
125
199
60
20
24
91
215
171
114
58
242
108
175
166
115
174
233
229
33
175
1
200
76
2
100
198
94
187
229
171
144
179
95
108
37
217
126
215
241
141
248
126
235
227
122
20
20
94
117
211
239
123
186
65
243
243
2
53
188
225
179
33
28
75
69
104
241
160
249
54
33
126
145
127
245
125
59
183
51
197
14
148
38
126
15
53
49
126
65
212
247
116
227
128
125
203
129
158
87
174
86
129
100
9
196
111
140
171
114
146
227
132
181
127
70
129
187
123
246
43
171
246
254
65
28
227
60
250
43
216
94
5
198
191
170
125
251
132
248
72
217
145
227
179
49
204
251
43
33
19
241
6
211
147
225
95
255
76
153
109
255
151
168
187
53
214
198
199
216
53
168
129
82
244
37
37
83
125
38
160
239
82
37
109
197
198
171
198
198
5
100
241
174
123
191
246
246
171
173
198
3
100
245
191
87
207
34
37
60
28
243
117
246
254
43
37
160
39
215
214
197
37
199
192
94
37
28
19
3
206
198
191
117
65
256
254
247
4
226
158
20
28
37
4
245
167
28
256
122
70
4
117
161
241
227
199
224
4
154
53
197
226
43
9
251
255
14
191
1
37
161
12
94
256
234
68
182
244
68
147
53
191
238
3
122
8
200
83
78
206
148
224
195
101
123
215
217
168
19
54
4
161
173
35
9
191
187
144
224
245
171
1
238
169
191
43
68
191
187
53
78
38
119
224
224
123
20
203
