164
55
164
80
80
194
146
150
55
29
150
29
95
29
194
95
31
95
184
97
97
29
170
146
184
97
97
84
150
143
80
95
229
97
143
67
229
210
29
175
225
108
205
225
143
162
205
33
63
29
97
95
150
33
94
97
208
114
150
55
151
55
66
210
87
208
179
153
151
206
151
256
67
55
179
250
42
166
75
114
17
220
64
174
140
100
208
249
208
129
168
77
17
15
230
7
73
51
249
98
166
205
40
153
65
129
117
32
230
42
32
143
170
77
32
183
231
40
205
17
164
86
9
208
162
168
202
244
51
167
17
87
165
114
164
194
240
183
66
98
55
32
87
231
202
100
17
164
157
159
87
205
42
100
114
25
166
159
17
77
55
180
176
17
17
176
183
164
243
176
86
131
176
168
159
166
41
240
51
44
202
222
97
169
164
97
5
60
128
93
180
164
40
205
107
128
194
113
164
249
49
11
179
255
128
38
205
178
249
179
180
244
117
58
117
164
96
5
40
225
176
131
52
179
194
29
113
90
222
203
87
53
87
190
90
230
194
32
124
28
25
166
229
229
38
179
179
28
97
205
220
164
172
183
230
94
89
91
124
97
95
235
146
138
91
136
238
53
222
95
91
95
139
15
114
61
58
97
133
183
166
40
205
146
49
95
118
220
211
140
38
225
182
199
136
194
58
9
146
57
94
221
7
28
17
83
74
203
136
225
249
46
172
107
172
140
250
168
11
131
203
162
57
183
80
175
221
58
166
142
241
168
196
170
226
176
55
242
146
97
114
74
190
199
71
221
46
112
73
89
128
109
91
17
164
229
58
136
97
211
130
75
38
97
149
15
154
182
179
42
96
75
150
16
6
116
244
94
39
170
139
226
203
72
139
131
241
94
95
150
39
127
121
65
121
215
219
190
6
168
121
127
175
256
239
221
128
9
83
172
146
210
46
159
9
235
139
109
179
255
80
6
100
105
144
160
184
215
63
51
227
16
85
251
229
147
63
93
145
126
163
146
144
182
168
127
120
223
97
51
5
169
34
254
85
205
63
173
128
235
236
223
165
182
210
169
229
194
132
175
193
127
172
105
87
32
166
114
22
30
199
215
166
136
199
207
113
223
235
17
97
120
199
6
114
145
64
127
164
73
239
193
182
88
144
205
233
64
6
44
131
212
6
128
231
88
69
145
23
254
145
183
252
212
142
223
198
241
78
119
236
205
215
112
233
250
182
77
67
38
105
93
46
73
199
97
183
36
44
154
216
184
75
34
206
93
212
5
241
97
93
63
28
179
126
133
67
236
229
239
36
182
177
114
182
120
127
183
126
253
89
6
138
17
198
182
210
241
29
80
93
206
254
30
187
252
136
3
87
126
154
36
92
77
142
32
233
217
144
126
34
25
208
58
6
107
212
144
179
127
101
179
80
233
83
188
15
88
164
82
154
2
144
233
168
179
66
25
226
3
19
142
17
123
96
146
203
38
46
61
65
255
172
255
240
166
46
243
83
24
66
38
203
140
66
89
132
193
191
103
137
221
80
80
194
205
80
121
83
206
166
226
29
2
177
211
233
53
255
241
92
56
46
58
199
118
68
174
219
6
212
75
48
252
168
208
142
19
66
73
49
95
87
193
184
205
164
241
197
138
58
38
40
164
132
78
87
58
215
216
149
188
182
124
168
131
168
40
190
238
96
49
123
224
101
87
255
47
222
131
88
131
100
38
5
179
178
179
11
59
151
146
200
224
54
255
181
216
73
217
146
188
244
17
238
224
75
215
182
84
131
154
42
217
124
58
2
109
37
224
233
16
24
224
225
212
139
95
3
78
221
55
40
188
154
212
108
233
28
87
82
58
247
66
154
167
13
184
36
219
150
3
226
32
87
104
244
29
6
174
28
245
93
224
233
40
221
87
16
19
227
237
6
28
246
87
62
131
112
144
98
224
246
138
87
135
50
144
37
124
154
205
101
168
179
182
92
167
61
77
194
242
167
128
220
65
16
196
167
162
169
26
181
87
217
65
37
164
205
39
128
102
168
235
83
220
158
138
6
53
102
35
164
233
46
122
198
81
181
110
6
168
229
58
88
37
233
247
102
222
28
205
78
233
183
146
205
216
47
53
121
2
248
247
168
233
124
122
206
227
158
93
178
247
233
55
236
104
18
171
166
122
168
11
89
28
16
18
168
154
132
11
179
154
128
93
238
175
81
67
169
61
255
233
126
1
144
235
87
21
87
92
61
171
141
180
65
61
167
110
237
127
247
102
247
2
38
126
38
168
21
216
244
253
5
235
243
29
154
17
87
121
18
120
164
82
154
65
227
166
158
231
102
131
169
179
179
179
57
91
192
59
191
164
89
243
230
179
179
194
134
5
171
166
241
101
81
154
96
216
2
158
58
168
128
241
17
154
154
53
93
120
188
96
55
229
255
156
61
55
4
38
52
41
253
222
93
179
158
244
158
58
19
65
125
5
207
175
83
52
36
78
204
207
194
37
166
227
191
144
52
104
80
179
57
233
157
248
132
158
11
43
172
238
34
255
45
247
166
6
174
169
194
168
157
157
174
179
124
121
179
175
187
166
37
197
