7
160
165
143
143
143
83
160
67
107
194
234
143
67
107
80
244
17
144
67
183
224
211
80
183
211
183
146
107
244
211
244
205
58
151
174
97
162
244
80
162
80
234
203
183
244
59
166
244
224
75
98
7
175
98
146
100
51
200
154
107
208
59
175
80
85
59
208
194
63
143
165
154
87
51
90
92
90
51
18
154
185
244
209
237
52
59
143
24
50
234
160
209
75
224
151
142
125
138
18
151
194
87
162
58
90
253
154
243
209
21
188
89
75
240
162
143
209
115
208
209
208
138
219
165
89
143
152
80
146
243
209
87
208
118
143
184
92
215
251
199
208
151
165
253
38
143
104
208
208
254
75
125
146
224
204
165
200
143
203
244
217
243
115
52
146
209
183
90
195
7
185
98
231
224
143
194
16
231
151
73
240
128
66
209
243
182
216
173
128
185
143
225
104
87
224
165
165
165
212
81
199
209
208
95
206
244
125
254
254
143
46
121
211
113
31
154
216
160
131
49
128
121
140
123
150
173
243
243
150
194
204
160
84
11
92
188
185
209
136
183
51
156
71
26
92
160
177
200
126
92
90
244
70
204
129
104
198
162
76
84
251
6
13
234
62
246
160
87
256
184
121
46
92
194
142
112
170
177
150
104
241
202
238
165
142
87
177
3
118
188
200
251
92
140
15
160
84
7
87
7
208
118
13
18
222
123
32
161
254
195
90
208
126
118
244
123
199
88
112
220
47
84
107
30
63
73
209
160
168
222
114
19
92
83
188
106
85
19
123
222
153
160
199
32
222
224
254
58
165
251
83
197
126
185
224
136
33
21
62
222
18
160
73
126
197
199
214
87
165
123
228
73
16
165
85
242
208
71
123
209
163
75
209
13
51
168
251
88
125
89
67
221
209
208
63
175
83
167
123
85
194
75
169
160
54
136
128
215
121
34
206
153
54
174
15
71
133
191
160
188
222
54
209
24
160
209
208
121
36
173
152
214
41
67
158
198
18
253
169
153
204
92
4
27
113
168
126
173
106
181
22
225
77
209
188
188
200
243
158
252
92
112
20
164
118
22
153
164
120
30
71
92
21
124
225
106
209
236
246
188
124
106
126
200
92
202
31
34
63
184
211
18
120
17
223
66
18
107
25
126
71
126
244
251
81
18
67
184
87
138
107
125
58
221
17
177
176
200
176
144
106
175
77
169
208
135
173
204
217
208
122
246
124
17
123
79
225
170
254
163
94
148
207
230
18
154
21
238
243
163
24
21
200
33
88
160
254
190
252
122
110
172
194
254
207
165
58
125
68
200
124
139
236
46
212
172
251
123
254
191
17
177
92
141
52
133
211
211
97
21
17
96
21
131
224
179
177
210
202
2
103
242
54
21
18
237
17
51
8
17
63
212
21
53
191
240
179
191
153
143
109
246
123
182
237
171
126
98
8
242
131
176
164
54
53
17
21
185
7
202
224
51
222
185
190
208
241
209
172
77
174
28
68
123
17
129
12
28
18
236
26
77
110
39
217
21
254
152
236
103
24
129
141
217
247
17
191
177
12
135
123
24
140
92
123
75
129
176
125
170
18
246
27
8
200
31
13
135
194
230
97
194
133
191
205
254
209
172
163
208
208
234
211
39
208
217
114
111
89
142
25
109
194
206
103
106
44
219
136
182
129
142
131
130
179
153
227
63
133
101
27
191
100
217
8
107
21
58
51
217
16
179
25
15
144
193
248
191
133
168
63
82
129
224
5
58
98
77
179
254
88
179
236
185
132
17
123
248
34
116
20
208
8
127
142
51
12
92
205
234
44
140
196
110
176
136
212
78
77
69
239
123
51
188
179
176
253
188
111
217
89
218
224
233
75
24
168
190
104
94
72
5
75
63
156
211
256
148
138
135
94
21
97
121
202
58
219
100
233
187
158
145
150
235
187
243
68
153
219
37
117
158
208
94
8
176
168
116
169
145
12
247
208
189
137
1
41
244
124
185
32
185
62
153
100
15
200
148
97
239
15
115
37
63
13
20
16
202
164
92
149
81
224
33
241
224
205
233
68
128
37
124
163
34
137
231
176
231
92
234
179
176
81
120
234
65
212
81
234
178
42
188
137
224
168
81
209
6
189
142
49
131
191
233
62
8
168
184
139
164
172
176
92
200
33
92
125
224
209
179
120
200
233
218
193
19
52
102
12
105
213
136
136
176
11
238
176
15
62
185
20
212
173
104
136
18
148
112
5
148
133
234
95
148
81
116
56
57
233
69
224
198
132
114
118
137
181
125
197
193
76
22
254
89
139
116
41
224
200
162
54
82
133
11
111
89
56
114
133
148
168
173
210
82
145
246
112
18
188
246
20
148
168
218
234
109
173
208
192
208
116
126
68
94
68
168
244
12
12
163
68
116
225
3
209
224
11
25
108
87
156
30
166
173
155
20
173
99
42
230
152
14
173
49
22
124
228
161
158
39
39
117
