150
208
162
208
140
140
140
208
67
140
117
126
208
84
222
117
126
143
117
17
67
117
174
177
84
84
217
222
140
17
177
217
62
208
143
3
174
62
212
17
62
222
67
112
40
46
84
40
50
3
62
50
160
10
208
199
102
217
74
160
250
102
29
64
122
211
165
51
106
51
157
143
50
115
40
106
160
70
235
29
177
121
220
133
40
184
75
75
194
133
97
115
51
204
138
62
28
220
95
208
133
96
75
204
77
3
160
74
34
63
157
39
243
75
123
67
203
243
211
63
6
250
209
72
136
211
39
112
220
95
122
29
112
186
123
15
162
106
237
146
192
154
40
136
243
10
151
208
214
36
204
143
136
184
138
208
231
63
153
181
154
84
123
97
160
143
66
72
250
231
50
172
51
77
104
213
143
21
209
46
231
77
54
220
237
222
102
72
111
162
75
206
220
15
13
54
208
63
104
183
153
29
115
75
187
143
137
182
212
226
54
136
183
201
14
251
15
3
81
97
94
77
245
143
194
63
71
75
51
248
165
14
178
147
184
211
231
209
182
203
11
115
182
97
45
6
229
77
194
40
95
184
155
151
154
112
28
183
208
61
217
66
143
13
6
72
183
103
15
239
212
66
9
106
181
211
147
141
28
11
184
97
155
97
61
112
143
177
136
13
66
160
155
3
150
184
215
123
250
23
71
54
219
248
75
120
39
165
132
61
137
231
29
54
22
136
17
229
162
128
87
115
132
136
162
156
94
248
75
61
138
140
22
221
199
155
123
229
28
136
109
87
91
211
17
244
113
18
222
141
154
153
220
3
151
63
215
83
215
67
90
158
141
183
183
141
218
78
94
184
126
161
250
36
128
54
231
212
15
17
154
98
87
67
11
208
95
215
114
143
231
147
69
127
49
141
231
154
61
41
112
113
90
204
165
150
208
182
17
62
107
87
98
97
88
70
222
66
55
178
118
150
199
67
71
41
21
141
98
7
75
215
78
41
64
209
51
206
183
158
11
226
204
63
192
228
3
39
178
97
55
4
34
198
141
248
210
178
114
147
147
181
211
123
217
26
210
191
184
153
185
211
215
90
236
40
211
128
88
97
1
165
92
211
208
10
174
28
247
63
194
94
92
215
97
40
143
29
114
208
55
127
83
81
91
5
92
204
40
112
212
94
71
219
168
102
130
40
153
154
151
185
143
17
198
200
78
172
118
143
61
75
199
168
89
248
21
130
226
29
181
160
92
114
183
67
70
177
34
185
156
231
212
222
41
53
204
132
180
194
22
66
75
40
182
195
66
28
98
143
106
40
1
178
21
29
185
219
175
199
1
184
188
91
248
184
141
101
28
57
250
226
63
1
200
28
97
6
126
194
173
246
185
18
43
182
161
99
128
180
19
12
51
25
190
61
143
92
98
91
194
54
1
154
75
204
146
184
181
16
191
127
225
20
156
90
132
153
120
194
75
129
143
4
209
83
109
123
217
75
204
218
28
54
250
197
126
26
225
182
196
90
182
15
17
112
28
118
188
94
215
178
124
165
156
128
126
226
53
98
15
228
114
132
63
12
13
17
78
57
177
222
43
147
188
201
198
13
131
136
131
193
15
217
92
165
54
181
160
193
29
217
248
21
6
43
18
66
181
24
201
245
196
15
40
101
29
224
151
141
227
184
124
181
204
153
151
193
47
151
181
47
114
224
188
63
239
183
47
11
255
182
153
175
183
25
63
154
37
119
28
234
188
207
224
91
154
165
170
92
243
121
239
250
92
120
220
125
120
111
210
160
238
237
119
191
141
123
82
222
99
136
129
112
132
18
82
97
107
138
87
220
109
153
168
177
143
75
78
40
183
131
204
209
124
220
9
190
27
165
224
242
209
83
114
94
89
219
145
122
123
209
99
191
211
127
184
205
98
28
95
184
244
235
217
122
97
76
4
143
154
136
233
181
168
248
41
62
175
195
41
137
128
224
146
29
39
237
238
222
149
222
122
143
94
34
17
108
105
105
59
138
91
87
199
101
224
222
1
30
191
78
244
142
183
123
193
122
22
63
136
88
64
47
102
63
30
2
46
53
18
122
239
40
131
41
191
137
193
237
200
208
219
235
222
216
63
256
84
81
116
95
62
84
224
118
114
187
7
164
150
224
101
137
2
223
236
249
222
102
33
9
83
44
25
216
136
64
71
81
118
231
184
187
104
57
84
13
245
118
216
194
19
224
216
127
103
41
26
41
177
157
120
238
115
22
193
157
212
182
139
168
255
78
118
66
216
116
4
216
79
37
168
97
191
3
237
91
239
74
23
197
223
39
224
137
37
31
216
29
168
137
138
208
47
18
178
160
206
24
8
43
172
230
131
105
94
94
122
254
222
99
15
241
124
84
50
255
184
140
44
104
48
93
81
87
19
91
176
184
53
193
208
120
49
49
174
197
150
19
43
49
125
242
99
100
100
188
158
9
171
140
227
49
224
100
26
78
255
224
141
15
235
249
97
91
115
49
223
217
58
217
83
198
25
93
232
66
9
83
100
39
174
154
39
78
112
120
116
67
59
198
227
246
137
147
184
184
163
49
188
216
44
72
217
49
208
61
125
4
184
211
49
120
7
48
252
116
193
255
49
21
55
105
27
39
110
231
25
95
93
58
193
49
116
158
255
139
65
204
55
83
95
154
171
235
15
154
166
73
48
4
255
184
163
233
48
48
192
6
198
130
139
224
120
6
78
83
180
135
14
178
6
245
61
212
230
72
15
6
87
226
226
120
256
213
255
28
192
139
224
63
225
256
120
139
232
61
217
9
224
184
55
238
83
241
157
193
198
23
120
247
135
4
49
43
241
232
191
100
207
120
49
