177
74
74
178
253
206
178
211
204
245
219
206
87
165
215
222
33
172
165
165
123
122
123
87
39
15
215
128
190
97
122
182
122
212
240
122
182
122
42
128
243
172
172
51
67
120
17
87
42
42
97
103
172
190
187
67
105
123
21
123
147
74
11
182
87
84
176
112
128
129
84
223
67
222
184
84
87
67
147
184
61
123
25
77
37
69
168
144
65
43
87
101
84
246
223
61
150
67
61
206
120
10
154
87
242
40
112
69
67
182
90
199
195
165
70
225
12
243
165
105
84
66
174
226
138
9
243
223
69
242
195
144
249
204
70
83
140
92
140
229
28
37
206
99
243
243
211
174
25
12
83
87
9
231
37
28
54
235
39
226
39
3
236
12
67
3
3
141
34
66
121
136
135
204
9
17
154
185
236
120
181
136
217
54
212
182
12
4
231
181
42
154
136
135
32
192
92
226
43
36
255
37
25
141
183
61
21
32
60
146
217
18
7
70
253
141
92
79
154
206
141
217
83
141
72
60
61
61
87
26
205
70
169
225
231
98
26
231
5
91
88
67
226
65
135
64
226
149
59
180
60
206
149
240
190
149
217
44
231
42
245
18
9
245
7
1
100
77
248
124
253
46
131
239
60
44
53
105
64
249
149
141
245
226
60
226
21
206
58
172
149
61
206
144
105
231
221
22
225
127
130
100
20
7
105
43
223
121
131
226
192
66
70
207
14
46
21
44
136
175
241
136
43
250
115
43
185
229
77
144
14
226
107
44
147
190
53
139
41
223
140
92
205
199
24
7
17
207
226
70
103
123
105
58
185
17
226
18
92
245
39
132
93
24
215
122
176
191
250
191
198
135
197
178
117
206
107
44
229
43
18
14
81
121
36
161
208
195
130
226
161
95
129
188
245
120
55
61
229
130
252
105
174
105
81
38
32
120
130
236
4
96
105
24
190
122
223
14
77
127
166
90
195
179
222
207
9
223
17
87
8
222
217
135
201
28
197
69
1
222
39
190
17
61
132
9
236
248
239
90
16
39
207
206
180
225
135
31
93
245
220
33
217
175
61
101
204
87
207
16
170
122
25
131
118
78
48
17
11
103
178
88
119
183
201
130
118
180
5
245
9
117
213
10
245
72
94
63
216
154
42
61
130
221
174
36
107
245
153
91
195
8
220
223
187
253
207
88
89
122
130
227
138
63
24
256
196
63
222
199
171
219
9
256
34
167
250
235
207
228
170
121
81
100
231
121
217
223
131
70
136
34
204
125
147
122
105
149
117
180
63
226
130
46
7
17
172
147
204
122
171
179
178
188
1
69
41
239
256
212
125
223
34
229
166
126
93
207
135
201
248
171
6
242
94
16
14
91
127
88
179
195
207
115
36
120
39
37
114
190
98
237
247
69
126
107
39
1
233
201
186
117
207
83
243
4
49
108
175
121
169
223
39
58
84
142
172
204
34
83
187
37
13
32
14
253
10
30
235
63
14
176
58
239
114
227
248
207
40
124
32
25
26
26
75
190
171
145
36
237
221
117
33
187
24
4
97
120
185
39
151
172
18
197
156
105
253
236
113
207
64
26
93
52
91
241
172
111
175
187
84
150
147
89
26
35
129
5
230
83
169
216
8
196
245
21
6
221
27
120
66
33
230
188
169
91
88
119
43
223
227
26
108
91
96
238
235
212
152
255
256
88
89
75
105
62
191
247
10
42
222
41
42
175
91
53
164
188
249
42
39
249
19
106
31
114
42
174
169
205
241
181
198
147
99
186
33
198
58
31
117
26
30
40
249
168
9
79
197
168
226
79
192
3
6
210
