162
162
7
42
206
162
206
183
225
229
145
7
225
229
34
145
194
256
29
252
106
42
3
248
229
225
106
248
196
176
144
185
220
256
219
67
67
59
185
106
3
100
7
249
67
175
67
130
59
145
191
189
172
125
189
3
8
211
150
106
24
14
1
149
18
35
63
14
190
107
191
125
76
192
22
201
16
248
163
76
189
249
14
189
156
214
130
106
28
8
75
107
136
75
145
14
96
125
96
125
220
6
106
192
1
150
14
156
178
196
39
120
6
76
89
106
211
196
8
14
96
226
177
222
20
171
175
18
95
18
106
222
113
149
110
254
108
107
10
31
192
7
187
254
106
223
134
125
5
242
103
187
189
252
106
142
176
126
16
96
220
231
64
125
34
212
13
13
34
98
10
181
36
34
96
142
240
107
219
93
47
223
10
239
204
96
187
203
252
235
116
1
156
189
195
13
38
251
177
8
46
90
240
219
111
10
50
96
35
31
40
60
104
212
179
106
81
251
153
194
39
187
169
239
223
191
12
187
201
35
5
58
103
248
41
248
240
20
36
194
78
100
46
104
34
189
177
144
154
103
20
177
175
5
129
22
251
46
219
59
192
38
100
47
182
195
119
18
119
47
235
96
64
117
16
52
11
149
135
96
110
65
156
171
4
194
96
39
110
196
58
149
219
108
169
210
16
251
237
8
1
201
2
201
156
170
37
103
63
192
175
34
125
223
177
179
62
15
24
141
58
83
179
104
169
182
35
236
169
114
187
8
15
222
1
135
29
110
230
65
30
111
18
38
220
251
101
201
20
203
40
236
111
150
195
5
45
229
201
14
225
210
47
134
256
35
189
5
205
192
60
29
34
237
60
200
60
229
178
169
205
26
103
235
52
196
39
35
200
146
10
238
24
5
16
81
30
47
113
46
239
8
74
192
105
251
38
201
34
95
196
10
35
64
81
90
47
25
201
10
160
38
93
27
74
240
60
108
74
10
119
3
163
201
152
233
150
90
35
33
44
64
119
46
233
31
58
60
219
196
119
187
135
229
201
196
117
194
210
169
8
151
14
242
240
96
236
43
35
253
96
18
24
241
6
35
33
90
236
169
210
10
64
196
125
244
187
144
111
249
256
46
196
220
169
240
111
170
65
234
14
111
223
35
1
200
238
241
239
64
113
64
225
90
10
146
34
107
238
253
96
35
1
205
151
76
47
90
119
5
10
235
22
65
10
229
16
14
10
191
5
71
219
5
75
223
5
223
24
14
239
10
64
47
81
1
81
111
156
121
107
47
89
96
10
125
59
96
185
30
169
19
121
169
107
234
58
248
35
101
35
34
191
166
245
93
20
225
64
39
58
1
167
242
158
35
10
11
242
47
146
253
108
235
119
100
101
20
83
38
187
1
6
14
119
14
30
248
236
251
60
108
3
201
5
1
125
160
144
198
242
201
252
96
240
141
8
229
34
20
229
46
170
60
205
83
229
20
29
104
195
14
152
130
201
108
58
121
24
18
46
108
228
196
36
111
111
96
214
219
108
46
205
108
242
252
24
6
195
14
201
1
119
191
96
104
220
8
35
134
44
201
169
26
6
169
92
63
104
163
196
16
20
167
241
16
21
240
196
76
236
107
187
225
130
86
108
1
20
40
229
108
47
169
103
191
241
119
5
111
217
34
24
35
89
253
39
156
240
167
119
8
20
60
108
108
34
229
35
76
125
229
35
46
195
12
90
35
254
64
238
256
35
225
242
250
203
30
24
238
88
210
242
169
119
69
18
200
47
229
44
169
248
96
238
18
250
194
108
22
24
24
205
236
130
8
238
125
233
22
108
13
96
103
14
170
88
148
234
34
167
141
191
137
22
130
149
217
71
89
14
6
65
41
59
191
182
4
252
241
10
60
119
1
230
63
191
201
225
116
104
156
13
198
18
236
34
242
52
155
130
248
116
16
158
190
81
201
1
169
95
240
236
196
26
228
90
163
194
35
47
201
135
256
1
34
193
103
6
16
6
88
220
180
89
229
201
233
191
27
98
73
113
5
119
6
131
135
223
169
14
242
201
10
10
240
46
89
251
125
107
58
185
194
240
81
236
193
164
205
183
250
214
89
248
130
27
240
81
236
50
119
153
88
221
33
223
88
196
248
35
238
195
219
130
252
191
169
169
34
179
10
194
116
121
64
225
93
88
144
63
256
201
201
58
1
18
152
26
58
119
8
241
205
253
65
14
256
254
154
178
81
2
65
64
96
189
169
142
223
240
105
240
170
22
208
239
57
16
35
119
90
1
130
30
34
156
60
116
121
108
201
252
219
10
103
22
47
18
201
59
49
14
64
108
205
229
22
191
107
251
31
193
196
187
242
169
119
8
171
113
5
78
214
36
115
118
46
1
205
118
22
10
108
201
205
192
196
96
18
13
235
113
236
107
103
201
71
107
57
135
242
90
222
191
191
60
187
253
169
170
251
108
20
89
39
223
88
241
16
96
240
130
100
24
20
178
74
190
35
194
225
107
63
107
6
238
8
222
231
55
175
24
119
64
24
119
167
119
195
146
166
186
24
240
14
170
64
187
90
223
88
195
96
256
14
201
35
169
88
70
229
201
58
8
190
14
24
60
60
20
101
71
210
116
100
60
46
5
240
47
185
13
96
34
20
223
20
24
204
135
107
46
24
11
195
169
24
14
241
108
229
89
34
28
203
170
107
150
252
201
47
88
47
24
236
195
52
35
20
178
67
185
201
129
60
1
113
11
158
225
201
130
205
65
200
163
227
151
108
242
6
223
5
233
90
248
156
239
180
201
240
47
33
140
144
26
169
196
108
167
203
241
187
200
125
14
70
201
56
242
20
108
60
201
169
4
250
76
236
107
250
190
200
115
60
204
169
195
16
107
170
249
47
134
90
219
88
137
135
169
201
10
164
248
16
119
11
196
34
146
119
130
229
108
201
169
236
169
201
83
201
8
36
34
113
192
244
119
25
119
34
201
81
229
90
122
121
39
22
139
113
163
119
108
113
36
201
236
195
203
30
113
64
156
240
42
90
187
74
103
201
236
217
81
240
167
1
45
194
46
96
39
240
158
233
236
229
195
153
47
238
20
2
248
5
33
110
250
60
201
201
57
134
242
194
220
130
201
135
223
108
242
185
65
223
6
103
96
14
22
191
242
111
187
125
169
76
22
180
201
170
20
14
238
74
14
225
111
137
121
106
241
125
34
170
96
100
223
111
1
24
223
201
14
195
252
251
103
256
149
149
14
47
58
8
34
150
203
5
60
36
35
26
24
149
169
225
116
238
130
195
103
236
196
35
36
58
212
8
191
153
2
113
100
212
153
237
238
8
18
35
6
59
14
107
108
212
229
187
223
49
14
252
192
201
229
90
201
87
203
24
56
90
224
200
229
201
1
158
10
171
187
121
24
139
135
119
3
228
192
185
5
174
201
63
187
111
234
113
89
10
194
201
119
35
185
22
113
35
238
153
76
10
201
135
240
195
234
170
145
60
108
14
121
201
46
229
13
64
14
252
201
187
210
238
89
201
74
240
201
180
175
14
191
175
6
24
201
119
169
1
175
89
169
17
8
83
238
248
187
1
231
240
223
169
119
196
111
47
1
201
239
201
207
65
238
103
253
170
213
169
14
201
196
90
74
219
191
252
169
64
121
212
34
1
34
256
213
187
135
149
242
252
201
81
163
14
194
250
167
130
18
96
233
103
223
213
229
14
64
241
234
219
103
44
179
90
198
14
96
159
83
14
233
108
14
1
144
108
233
139
96
113
6
90
14
57
151
107
201
175
240
194
187
7
130
240
35
30
238
173
119
249
10
252
24
90
130
223
223
201
213
187
170
6
35
223
201
58
223
236
187
5
10
103
116
250
14
49
90
220
187
130
241
107
169
153
7
62
181
248
58
240
223
256
151
212
237
201
14
119
210
113
158
35
74
93
236
146
20
30
205
192
219
14
201
242
1
35
10
10
240
229
126
242
108
72
21
60
169
119
249
98
234
223
239
60
156
6
195
187
201
186
111
88
47
119
5
71
195
103
187
65
250
37
72
3
47
34
8
170
34
1
90
159
119
93
90
14
96
90
64
113
145
125
90
119
119
46
111
96
38
229
49
36
187
244
179
195
139
223
20
6
237
5
225
103
187
194
167
13
69
241
11
103
170
187
201
201
59
198
247
195
1
229
90
14
170
162
116
5
185
79
75
167
185
60
223
39
172
96
5
229
47
201
62
212
83
35
223
251
14
60
242
187
24
8
90
147
223
16
90
10
121
10
64
108
219
96
248
223
89
119
16
119
65
27
101
191
169
130
4
233
90
103
60
198
8
231
238
79
10
125
119
212
135
125
154
152
229
213
191
14
194
2
135
38
6
119
125
108
196
201
8
5
181
116
28
47
187
238
229
134
187
187
242
175
108
125
239
169
237
90
47
88
108
47
170
10
119
14
130
34
229
93
201
242
130
47
100
206
170
125
238
223
101
142
130
203
189
59
201
46
1
256
187
203
124
119
248
239
236
14
223
10
34
35
18
241
76
24
64
46
47
33
34
155
248
211
117
201
205
64
57
90
36
93
108
64
93
24
219
236
194
109
116
5
166
244
89
223
119
187
10
129
28
3
102
172
170
243
24
47
142
8
241
119
60
140
121
210
1
169
205
20
253
64
58
156
236
93
169
110
144
125
61
19
60
241
212
177
1
187
83
28
201
187
248
121
24
256
72
191
244
201
34
21
96
251
22
130
154
256
244
164
14
229
196
20
213
16
201
1
79
238
61
58
132
201
187
13
238
76
203
2
169
225
130
240
187
36
201
60
203
225
214
149
210
18
32
28
191
36
24
108
227
196
253
13
89
59
121
244
236
1
46
187
60
59
64
204
13
14
187
227
142
22
93
236
223
126
250
103
45
210
155
185
108
126
46
81
250
70
253
203
1
12
201
169
195
129
64
114
103
256
187
81
201
134
24
132
122
114
119
205
240
156
201
121
6
156
30
65
201
130
47
186
229
223
110
64
27
24
64
1
130
90
121
1
35
100
60
130
121
119
169
239
149
96
21
35
107
1
38
169
5
248
24
34
196
136
121
5
191
70
239
201
102
214
236
1
135
46
20
36
60
169
8
219
203
245
14
90
203
35
35
14
41
238
72
167
256
229
61
83
76
107
130
34
142
109
34
187
169
6
34
201
46
187
167
22
60
239
238
179
203
139
5
10
90
36
89
130
135
14
212
130
69
130
24
130
239
1
100
169
14
153
130
20
96
121
108
89
100
236
6
221
167
96
221
47
130
191
156
135
81
34
34
126
244
90
103
24
94
35
158
167
96
130
2
187
90
210
58
10
8
186
34
35
34
203
61
5
1
234
253
169
10
61
127
196
167
65
103
16
24
107
229
76
236
24
24
144
169
108
187
6
103
20
158
102
86
185
83
189
30
187
223
135
170
224
1
236
96
195
102
8
134
219
100
169
61
201
10
219
203
201
111
107
50
10
65
1
6
242
8
244
223
93
169
24
90
69
238
103
24
238
116
19
113
36
256
201
46
34
203
201
46
147
148
233
37
223
1
201
58
1
223
14
46
30
240
78
1
1
14
121
14
167
130
119
30
175
201
187
195
220
121
245
135
76
137
213
2
103
119
169
24
1
191
35
169
185
170
195
35
203
24
81
239
119
179
240
155
135
5
201
58
35
38
119
43
20
12
58
71
34
134
201
135
238
78
126
24
61
252
61
126
30
38
1
134
20
4
1
119
196
193
89
185
34
130
119
90
180
169
201
101
107
18
34
201
119
61
1
