84
166
194
162
186
162
165
166
84
186
166
162
31
166
126
144
42
129
186
194
98
174
104
194
244
104
67
251
96
84
126
94
219
110
31
174
138
38
129
93
209
7
67
42
80
15
127
67
194
81
67
210
127
34
51
97
132
129
87
79
198
3
135
115
138
174
232
62
38
120
194
225
231
14
186
199
9
63
154
138
96
62
175
231
174
54
174
115
172
107
149
129
186
94
242
98
129
231
211
32
103
15
62
96
13
107
174
96
87
17
172
186
97
112
194
51
106
202
29
87
16
165
237
29
147
112
94
94
87
27
174
176
94
201
25
138
25
221
58
166
97
44
83
27
199
116
129
87
27
34
231
172
138
28
66
123
172
174
202
147
211
172
27
129
172
166
190
10
174
164
86
166
87
199
199
243
44
200
91
26
122
174
212
166
231
240
94
62
172
199
166
31
94
249
66
50
165
232
209
227
67
165
9
243
87
147
122
26
174
214
159
172
88
122
157
122
50
199
110
244
87
80
195
225
80
244
239
9
141
113
84
174
31
88
102
174
80
122
172
227
96
203
225
97
181
113
7
172
23
181
153
40
129
128
186
26
147
153
144
218
84
63
26
22
123
203
7
9
165
94
218
87
140
129
66
153
212
87
55
217
7
203
244
9
224
200
181
155
154
251
26
33
23
172
9
174
122
212
176
35
219
9
53
225
94
170
141
80
148
73
50
52
243
153
141
55
67
214
120
94
26
55
254
120
177
94
214
169
62
243
209
186
88
117
207
64
210
243
62
123
181
230
140
55
18
129
59
206
154
7
135
169
71
93
130
80
172
62
177
222
155
94
138
33
189
225
115
25
84
25
94
203
28
31
244
170
172
43
203
102
117
90
153
220
162
147
99
222
74
154
84
211
155
94
29
140
98
67
154
72
239
39
25
90
66
154
172
123
21
66
46
249
172
203
62
174
37
129
123
28
126
176
138
84
105
27
203
83
173
117
99
94
123
186
31
138
7
29
181
221
121
116
55
138
49
245
105
65
68
122
105
49
186
90
77
24
99
99
84
218
79
108
126
13
226
9
200
27
239
249
99
249
174
214
255
7
215
245
94
89
49
181
66
217
42
9
211
219
94
256
123
198
113
141
169
52
9
42
25
168
89
87
205
203
89
108
84
17
172
254
194
37
211
131
256
256
154
177
17
46
126
21
28
205
141
83
97
172
9
9
177
57
146
95
155
147
169
132
91
31
35
154
211
219
206
9
160
43
34
83
72
204
155
144
237
200
232
165
149
202
160
17
68
125
28
195
174
254
117
213
99
135
105
117
137
4
154
169
9
23
226
130
69
28
227
206
49
235
204
83
198
23
13
230
117
44
164
99
33
243
120
31
211
40
242
82
242
210
149
206
50
235
52
251
104
203
50
37
160
159
245
49
226
151
34
217
117
242
121
117
8
185
205
197
82
231
71
170
44
181
217
199
169
37
184
50
213
207
162
252
28
120
204
94
71
245
130
37
50
126
188
163
233
120
144
83
71
227
65
230
80
104
113
162
91
211
107
10
245
31
215
65
180
169
133
211
216
172
113
113
23
29
52
91
200
144
180
244
57
113
188
67
50
50
82
85
37
35
128
71
21
230
106
227
11
157
28
243
206
133
34
130
19
71
83
28
133
195
232
103
23
244
149
113
80
227
217
209
69
38
243
227
14
195
19
11
127
9
195
227
117
53
94
19
163
232
29
205
104
82
47
19
243
227
110
252
82
133
169
39
98
19
191
157
65
185
56
87
188
82
232
84
190
80
232
133
188
89
160
147
194
251
182
188
49
253
232
241
154
113
123
36
221
214
188
9
142
120
87
154
113
129
142
232
232
12
84
35
133
198
164
241
120
174
235
198
121
136
127
110
133
244
157
121
186
96
218
169
23
53
72
88
48
152
192
168
132
227
143
244
113
191
39
193
168
87
230
244
237
39
188
19
136
232
247
188
248
139
105
198
32
224
158
133
8
85
164
188
198
218
244
21
21
23
49
23
197
105
87
99
22
170
244
83
218
23
191
143
82
9
68
168
223
215
9
105
218
84
233
23
2
23
81
243
90
139
99
118
233
85
157
56
164
198
254
250
255
198
233
179
244
214
161
87
219
233
233
214
244
78
82
129
133
54
249
210
218
38
106
233
210
202
244
43
188
179
34
224
254
218
179
158
111
156
233
35
100
248
238
28
233
139
78
169
233
20
168
139
195
218
238
42
102
104
105
249
233
203
186
233
133
76
168
98
38
253
256
95
44
256
76
34
10
85
85
178
201
69
216
163
133
254
