176
11
54
106
165
225
192
250
14
112
177
209
112
106
106
11
165
153
40
250
54
28
204
209
7
177
209
209
177
209
153
212
42
204
40
212
126
54
209
212
40
165
212
177
204
128
7
177
7
194
246
7
165
165
165
74
7
225
50
54
104
208
183
166
162
246
250
129
209
165
165
191
83
204
165
112
21
165
248
14
162
27
80
127
127
46
140
248
197
99
182
123
145
99
99
83
113
248
6
140
132
163
132
99
232
163
191
165
123
123
132
148
84
145
225
136
208
107
83
197
99
123
98
27
172
113
140
99
204
77
59
231
114
11
98
154
138
163
136
123
104
12
244
159
98
123
77
231
107
83
165
127
99
243
231
99
99
46
46
7
12
149
163
98
219
151
197
244
99
251
161
98
118
173
33
251
118
128
62
163
59
155
71
123
103
115
176
98
145
231
126
99
231
98
251
151
47
18
187
163
18
98
6
25
251
84
31
109
128
154
20
97
87
199
81
251
140
165
50
147
160
98
123
187
172
5
173
50
187
40
126
199
128
124
163
163
98
7
172
20
62
99
164
98
180
56
40
181
163
180
223
191
42
183
36
69
160
50
163
172
119
249
12
142
208
94
36
162
156
231
239
250
87
242
98
21
183
181
89
79
89
94
210
123
20
126
126
88
200
239
256
74
51
154
181
140
99
152
215
161
36
4
90
204
204
83
125
195
214
50
9
123
180
253
200
132
20
196
84
36
62
4
132
129
165
50
244
177
18
156
63
130
197
98
129
159
156
83
130
156
148
181
244
94
62
4
194
98
61
125
217
180
4
99
130
253
254
237
108
192
152
36
155
94
215
83
231
181
37
200
188
227
191
254
256
118
122
197
22
160
165
90
163
251
228
251
210
36
15
123
4
227
90
231
217
62
251
215
54
223
106
253
127
126
51
108
231
35
36
98
251
103
217
175
217
123
63
37
214
108
132
147
51
173
99
160
153
185
31
163
224
79
48
51
67
126
163
235
26
224
163
127
107
125
53
245
173
254
99
225
9
163
245
244
44
24
76
118
173
163
165
245
54
234
204
31
245
217
254
4
26
152
109
212
200
47
246
74
217
123
182
217
217
207
90
214
50
149
234
152
152
253
191
234
72
14
148
208
130
224
244
148
152
43
173
14
254
54
106
73
245
213
107
109
148
197
99
200
245
133
83
31
244
20
149
22
48
115
26
130
194
231
245
49
191
245
194
21
104
27
144
200
2
197
221
153
173
79
104
231
231
234
49
200
42
232
200
200
217
231
254
245
123
152
126
208
109
126
99
43
47
143
87
54
143
210
231
126
65
249
115
231
130
231
245
245
126
24
217
152
255
6
245
113
152
36
179
40
31
231
214
127
165
180
176
141
115
180
19
113
23
156
113
205
245
53
78
142
180
115
115
129
40
113
234
225
12
21
180
20
214
153
152
6
216
144
218
241
191
216
218
216
94
205
72
159
43
216
104
123
43
29
173
43
152
173
43
118
198
247
65
43
245
160
78
246
231
217
198
130
234
255
246
18
43
216
107
254
4
107
4
141
209
43
132
197
255
7
209
4
216
1
197
149
77
122
78
165
213
197
161
173
152
241
205
137
146
68
173
191
48
56
197
120
82
198
197
114
