80
80
80
143
80
80
170
162
146
209
209
67
186
166
143
115
176
194
194
209
143
164
80
208
143
84
165
128
205
88
121
165
143
146
165
87
87
162
115
165
121
166
170
166
144
194
165
165
165
143
143
176
143
165
165
143
165
164
143
143
186
164
143
87
208
165
112
208
208
84
231
138
165
162
208
208
208
209
162
88
87
209
204
237
208
190
150
146
204
208
143
146
67
240
208
209
87
103
209
209
208
146
208
80
138
164
194
164
87
209
58
194
80
162
209
112
209
143
75
29
186
203
75
84
67
194
143
205
174
176
209
67
59
75
209
75
209
256
162
144
80
208
146
162
209
204
143
84
67
52
146
29
248
208
164
194
248
50
170
80
162
176
80
67
165
208
209
209
146
80
144
162
143
208
112
166
208
84
143
80
209
165
208
209
150
138
88
144
205
230
249
165
150
236
7
230
164
150
174
143
144
243
203
150
248
80
7
150
204
230
176
143
17
115
80
162
150
143
208
183
22
80
95
87
230
208
22
204
230
143
145
41
80
143
189
186
219
249
186
143
208
88
31
143
112
206
94
84
248
243
162
21
150
137
208
80
165
84
208
209
31
208
13
209
146
219
252
243
208
95
162
94
204
87
203
123
84
80
217
22
205
84
44
202
1
165
186
15
41
143
182
208
208
112
128
208
80
21
252
54
130
194
208
243
248
162
112
138
84
166
94
205
144
203
106
128
67
237
205
61
194
104
170
114
72
2
130
157
194
243
84
15
194
14
21
14
208
138
208
243
52
115
208
177
143
157
114
202
146
169
158
50
203
1
25
243
25
97
163
243
191
153
150
14
123
106
33
84
67
162
150
94
80
170
191
177
216
214
80
143
112
185
186
146
66
84
3
208
182
153
58
84
82
163
243
36
174
243
72
58
225
185
144
136
165
102
66
150
50
84
193
110
14
75
217
144
243
205
160
165
195
75
136
163
104
177
176
59
42
40
160
256
209
133
202
42
204
110
153
191
80
82
157
110
7
185
195
52
66
236
127
198
85
209
232
216
130
17
153
110
127
42
84
102
170
50
203
202
243
71
243
66
231
208
202
243
162
122
59
145
101
18
42
104
125
95
191
243
101
112
107
121
22
174
63
36
110
42
17
18
194
195
90
82
95
144
198
52
136
50
177
176
205
138
17
205
202
236
138
35
22
62
72
104
67
191
186
174
194
101
27
104
54
205
125
218
202
170
18
209
156
174
198
107
58
154
190
107
214
35
21
130
163
153
52
218
161
174
31
95
230
104
190
63
97
112
227
143
191
243
133
165
206
133
112
217
174
133
58
133
82
236
191
191
209
112
115
37
33
177
213
163
7
112
207
22
51
53
144
94
94
163
204
104
162
202
243
191
180
161
120
84
160
54
162
191
54
165
66
42
106
67
191
208
199
140
21
104
104
80
37
242
151
105
174
3
203
199
228
72
143
64
204
217
230
231
211
125
70
144
95
229
67
174
56
174
133
33
135
27
155
222
112
124
190
80
7
59
181
21
14
112
91
127
156
249
41
97
135
123
58
83
174
42
52
160
130
199
34
162
135
231
51
90
33
193
110
111
58
58
50
58
173
204
213
4
155
135
85
140
23
90
191
22
58
54
102
87
11
173
195
151
232
171
159
7
111
143
11
27
58
128
221
137
115
117
4
18
111
17
84
70
224
110
217
236
133
133
229
224
115
88
44
217
63
159
61
151
215
110
237
229
255
255
189
123
100
75
2
216
223
221
205
181
220
20
140
243
26
247
113
128
92
110
192
230
171
196
17
72
37
133
32
76
159
78
196
16
247
154
243
212
44
220
26
246
122
216
109
123
188
47
198
141
133
154
37
218
218
251
197
193
126
163
125
232
172
204
108
7
154
17
14
168
158
219
102
43
161
125
135
204
171
13
143
174
229
123
189
79
31
67
94
170
172
232
100
47
22
227
148
45
96
67
100
29
245
11
143
92
91
6
166
33
9
86
230
93
142
32
224
48
84
17
231
171
176
122
209
182
132
210
97
153
210
133
228
130
153
43
142
133
29
44
179
216
86
6
154
204
91
28
134
135
226
82
52
231
247
133
105
241
53
206
230
123
142
77
100
142
44
67
52
229
255
135
247
46
32
142
212
139
59
40
135
231
153
17
109
145
94
248
82
247
213
69
142
86
59
162
183
42
42
42
251
42
195
198
87
115
163
101
251
163
77
195
60
36
28
159
210
255
216
198
115
184
168
132
9
60
30
255
205
148
222
103
10
179
111
243
150
42
57
214
181
137
46
100
185
80
210
232
140
210
37
159
37
52
78
59
134
36
26
207
135
4
185
3
179
213
132
48
59
233
59
155
135
207
61
110
243
37
89
49
26
87
78
104
59
205
59
4
89
205
23
59
214
45
33
7
116
120
168
20
126
194
227
107
115
59
59
49
217
111
130
186
167
130
135
23
115
241
37
77
121
135
12
173
210
9
80
20
121
130
73
36
36
255
135
255
36
45
23
179
58
43
215
48
213
58
