170
59
50
165
112
29
34
249
121
84
27
88
67
67
31
67
252
144
112
203
84
17
121
116
214
67
65
256
67
29
176
88
176
169
164
176
183
95
138
221
240
242
89
38
25
54
189
22
242
239
91
211
143
230
54
75
5
146
8
251
159
209
203
90
204
96
110
75
256
158
80
225
184
63
27
235
56
202
203
35
252
251
63
159
31
170
213
192
112
253
57
54
252
210
52
145
40
63
253
89
248
25
214
256
76
114
84
176
3
174
252
203
162
204
231
62
209
143
162
206
256
242
62
251
73
73
106
61
235
25
18
47
89
71
203
215
71
244
135
110
145
169
73
253
235
183
230
135
256
63
35
65
209
89
223
67
235
18
35
184
24
141
42
54
8
248
83
7
52
54
54
50
108
18
230
209
58
54
166
88
35
58
208
25
151
186
48
88
183
194
108
84
170
42
230
175
31
144
229
179
229
21
235
38
18
256
71
56
138
212
190
255
237
117
144
237
209
203
7
11
80
170
7
65
42
93
74
108
41
98
58
220
52
101
231
215
136
236
138
153
115
32
211
169
87
42
169
67
231
52
53
153
170
190
253
32
73
213
214
44
206
176
75
88
186
146
132
113
128
239
10
136
69
229
25
180
102
32
59
129
22
106
195
106
63
122
108
68
139
7
104
67
21
32
238
128
128
202
203
101
113
164
52
47
104
256
63
58
65
91
224
87
128
109
32
60
175
75
8
50
8
201
212
166
240
88
36
153
190
29
110
146
120
46
35
149
32
83
22
215
83
212
203
167
159
55
202
52
110
27
84
146
75
95
106
52
117
212
65
179
91
162
61
88
237
161
228
52
191
87
62
78
87
91
31
88
54
29
243
195
214
47
249
236
18
71
66
147
182
7
185
220
52
253
31
34
113
220
66
93
162
243
40
52
236
240
166
117
162
116
164
249
113
76
243
7
87
17
15
91
195
61
7
84
218
7
61
149
28
99
203
123
140
117
73
168
148
110
88
97
88
78
148
101
105
138
88
25
190
50
229
215
63
89
216
54
54
52
169
6
7
144
110
112
58
192
63
35
39
176
203
88
164
206
213
16
117
94
194
61
116
122
49
202
203
220
31
74
21
147
26
153
25
168
134
110
190
42
67
46
213
55
63
221
59
238
229
53
184
21
35
48
208
25
62
181
214
225
88
184
15
215
144
45
140
27
155
27
23
91
33
22
215
249
109
83
185
228
101
252
117
169
88
13
214
179
214
28
121
70
167
256
155
46
101
153
52
110
159
10
148
73
153
62
35
56
25
52
109
28
71
69
219
242
213
154
136
198
146
33
174
176
185
67
11
28
87
159
146
256
202
153
109
137
209
29
3
236
195
10
29
190
197
76
178
203
249
88
232
148
91
48
72
164
19
79
72
154
118
236
42
161
31
48
146
62
110
174
180
25
65
191
84
196
136
142
168
224
164
218
64
227
193
19
52
79
159
52
202
127
10
202
110
220
89
256
215
235
207
153
256
174
50
249
184
115
63
179
138
67
74
91
146
252
230
149
9
178
52
83
230
154
91
132
13
23
33
165
174
208
102
9
32
122
199
176
78
144
222
191
242
210
95
174
170
159
182
74
26
15
55
129
255
196
238
154
164
170
122
78
224
32
144
153
3
221
230
256
154
178
237
67
190
118
185
76
15
94
103
155
206
120
101
215
158
63
37
223
182
118
185
151
174
114
178
76
252
62
253
170
181
91
238
43
154
104
195
169
91
213
174
165
114
122
198
238
5
72
103
94
256
89
221
240
190
52
236
129
94
228
110
31
72
139
114
235
215
215
72
95
146
224
85
132
220
71
252
243
159
105
162
154
235
16
66
48
159
31
87
219
121
221
229
197
64
88
153
121
193
191
189
215
10
161
201
34
25
183
238
194
8
52
253
48
121
177
178
63
165
195
229
94
236
3
203
61
94
170
241
89
7
40
136
94
63
76
129
157
94
223
34
189
166
155
69
13
117
201
102
153
184
161
73
129
147
74
101
117
185
97
215
190
193
72
219
153
88
110
7
218
195
95
215
215
89
83
25
108
94
190
230
178
174
69
170
240
69
172
75
178
164
189
151
21
35
18
144
129
159
103
227
32
193
10
255
242
40
61
178
69
148
178
28
84
48
240
196
201
147
169
73
3
181
148
74
94
29
238
161
201
179
21
195
93
149
190
195
240
99
200
83
256
35
214
176
157
132
184
242
3
45
68
149
126
26
169
61
64
74
31
89
52
36
240
45
131
169
148
172
35
170
36
67
18
201
15
11
145
37
73
26
34
169
154
128
35
89
153
232
215
147
64
32
253
18
45
86
110
94
155
150
110
115
108
164
178
94
153
186
50
237
255
151
105
248
155
237
155
153
192
127
68
19
74
223
64
88
125
153
255
10
216
155
199
45
48
193
15
120
250
10
114
99
199
221
6
176
121
12
218
176
178
134
214
147
70
62
210
101
122
170
23
18
161
79
26
138
202
197
238
78
128
175
174
52
69
198
50
53
108
19
161
76
45
172
153
10
256
232
48
221
214
31
174
212
10
11
11
201
203
181
120
161
74
176
74
74
183
87
121
149
145
108
214
219
115
82
169
207
13
180
99
249
240
160
178
249
19
219
161
52
186
17
83
129
237
94
41
242
89
172
19
140
79
255
180
48
221
88
102
83
148
182
202
163
28
140
114
181
250
79
199
53
229
170
146
42
105
91
94
180
57
104
149
238
79
191
175
198
193
102
219
238
197
126
11
12
116
62
32
175
216
103
120
140
73
10
122
102
91
230
240
48
169
72
141
58
191
220
122
203
237
249
64
256
176
9
84
225
67
240
57
230
207
167
30
44
60
31
42
237
146
69
240
106
255
214
240
48
64
163
96
25
167
120
48
83
169
196
52
213
232
19
214
48
139
96
76
211
248
23
199
238
122
249
25
44
48
148
169
240
237
32
144
170
132
121
140
106
148
30
57
91
65
78
87
220
193
56
59
23
20
249
22
232
114
28
166
58
182
153
238
171
253
23
59
255
97
238
49
220
161
32
219
35
34
196
120
102
235
115
150
216
120
195
229
64
205
205
221
7
10
237
55
83
26
13
12
199
30
60
161
19
3
23
197
111
83
252
139
134
91
91
214
89
22
215
45
222
197
53
216
48
38
220
91
12
215
25
170
104
179
230
121
148
39
157
34
49
248
85
45
12
83
113
190
96
127
6
55
43
57
236
26
242
193
113
237
77
247
143
12
10
128
99
206
126
256
106
106
72
72
104
113
10
129
77
12
238
4
142
139
82
207
10
45
129
10
232
107
79
45
186
192
157
247
204
55
96
232
133
133
197
218
94
23
149
175
201
108
222
232
247
83
189
189
34
83
66
175
152
49
215
49
197
195
136
24
35
72
113
149
45
45
226
250
102
226
111
228
25
157
19
193
197
117
216
82
210
201
4
248
45
228
91
210
228
201
10
133
63
201
228
35
201
196
228
196
38
238
111
96
196
129
210
238
137
201
250
201
111
201
201
38
210
221
104
201
30
219
102
23
134
14
189
248
201
196
96
