80
162
256
143
256
230
208
208
31
230
146
29
221
165
209
194
165
221
143
59
209
7
221
150
51
162
172
230
178
18
170
83
172
231
128
161
14
17
123
256
172
221
21
190
146
17
140
41
221
81
84
153
231
67
212
18
17
212
5
5
107
232
100
239
143
228
229
212
185
253
166
84
17
13
149
184
70
229
140
1
42
27
5
181
204
63
10
177
20
39
162
27
115
2
165
28
160
31
84
39
171
164
181
248
7
221
63
172
7
79
225
81
52
107
67
177
71
164
31
181
119
123
3
97
194
208
166
162
221
90
39
39
177
18
123
143
1
1
199
37
235
117
18
64
119
251
172
64
215
150
169
177
147
63
208
59
165
72
140
140
125
29
117
203
215
75
210
225
204
71
235
59
10
139
110
143
4
56
162
246
256
71
18
146
248
85
181
155
239
85
137
234
88
117
98
95
225
74
90
72
92
254
222
45
46
209
32
3
251
60
253
202
172
151
177
123
132
71
3
223
197
47
229
3
77
21
172
168
72
249
225
77
87
159
251
251
82
136
204
22
102
251
23
201
159
139
22
77
150
212
197
215
42
208
119
222
178
190
178
50
41
215
145
112
136
72
140
45
61
152
109
86
203
1
125
16
168
144
76
235
42
215
28
209
83
227
171
3
225
184
200
222
72
251
239
52
50
215
151
80
5
136
5
143
146
172
58
204
143
120
189
3
86
168
29
159
253
72
185
222
217
197
151
98
208
31
239
139
196
190
146
180
255
13
5
208
123
197
176
245
82
225
61
147
90
178
71
32
176
11
42
225
256
88
190
239
239
98
33
110
75
84
95
85
220
215
39
178
128
220
32
202
168
211
72
13
184
150
182
215
215
39
235
59
228
73
203
246
5
222
249
248
11
180
19
64
69
33
114
67
150
190
181
132
179
85
179
150
136
80
33
209
91
209
171
171
110
115
204
3
254
33
222
3
7
117
230
256
39
209
251
96
136
7
159
43
72
27
119
238
146
183
190
85
178
75
110
183
207
88
173
176
120
3
242
215
215
46
225
222
146
177
6
146
185
235
95
140
14
144
106
117
219
251
109
29
200
115
180
52
123
223
100
199
235
253
169
249
136
149
72
33
255
199
204
201
222
133
131
217
88
249
221
124
88
240
88
183
220
22
119
203
208
54
203
246
82
138
123
10
131
16
125
201
101
65
245
60
133
122
183
91
239
238
157
217
1
85
77
41
181
175
204
207
219
181
175
102
136
249
162
119
14
103
83
9
78
54
77
178
5
239
211
112
184
205
75
116
170
32
85
70
199
176
199
191
29
20
114
20
55
94
31
170
1
8
95
251
40
40
123
240
239
125
9
96
42
20
34
176
109
91
75
42
69
150
88
9
254
38
171
228
9
138
156
238
88
168
112
13
15
202
119
20
4
147
219
131
9
157
90
219
114
83
239
72
119
229
168
253
27
22
41
177
238
27
236
140
28
138
76
244
18
135
124
217
136
51
251
112
1
125
105
16
1
133
171
64
179
116
75
249
77
82
208
60
156
59
119
7
17
96
115
20
140
58
229
120
221
230
182
36
102
84
83
252
11
162
174
85
222
72
171
182
176
97
208
3
63
183
33
171
131
225
40
183
39
1
67
176
254
239
73
184
41
184
32
235
242
18
82
91
255
173
74
236
102
94
219
149
135
121
95
131
102
239
119
158
39
204
108
14
235
238
208
249
173
110
54
134
187
64
178
94
220
1
9
125
131
172
34
122
128
114
192
216
10
178
116
239
250
22
168
114
55
119
117
64
246
85
49
77
123
61
199
72
210
102
53
250
114
54
3
250
219
177
131
76
30
155
73
119
76
150
33
77
90
240
107
71
225
119
122
57
119
170
131
18
28
1
144
237
237
26
82
106
182
117
178
30
34
168
54
59
30
91
28
168
15
201
49
79
66
177
199
66
198
117
256
171
131
85
33
63
152
250
30
253
238
125
13
88
117
114
167
63
57
87
224
136
100
124
16
26
41
76
3
144
207
85
180
90
235
14
145
56
73
61
60
167
235
230
239
108
30
14
120
22
141
214
12
14
90
25
164
103
50
208
210
201
238
109
143
230
115
239
115
16
251
158
170
18
88
8
144
53
85
117
3
230
65
42
150
102
116
203
235
208
70
82
64
94
51
20
228
63
233
61
169
238
170
17
181
117
35
161
114
199
221
103
157
184
175
208
109
15
191
118
195
75
52
183
72
103
88
204
43
243
175
169
249
52
41
51
123
105
22
214
225
39
255
14
30
86
31
1
15
222
248
109
145
105
158
193
234
27
85
73
170
42
126
240
238
122
38
228
13
67
223
109
136
239
199
169
117
39
103
238
127
167
126
82
103
67
102
158
28
167
8
42
242
107
77
93
201
100
53
246
42
188
8
56
246
131
192
122
208
20
76
16
30
243
154
93
193
186
196
114
207
3
122
96
250
182
63
75
31
51
249
108
145
14
166
153
253
85
256
170
232
25
125
73
140
137
179
243
108
196
41
103
94
26
93
141
18
103
16
75
77
238
235
182
56
93
225
131
131
61
160
85
154
249
199
65
129
222
54
126
155
147
64
121
248
199
83
178
193
86
187
135
10
88
170
60
118
136
121
89
83
65
175
83
90
227
112
195
178
160
85
72
222
112
153
210
85
199
83
176
79
85
133
246
42
67
117
175
134
71
62
136
59
96
27
36
195
86
54
237
168
114
38
168
11
167
30
171
113
72
15
57
241
20
158
198
139
237
158
84
150
42
118
27
256
228
184
221
214
103
250
88
16
136
70
125
53
100
85
95
190
10
73
242
168
203
182
167
73
122
41
100
53
85
86
122
89
119
19
57
236
117
85
199
85
219
39
10
100
72
253
18
201
235
67
236
249
219
167
35
222
249
70
153
151
164
125
199
153
13
192
9
97
88
175
109
83
222
134
179
91
13
9
35
153
46
239
229
55
8
122
76
94
84
249
2
222
212
95
60
61
251
166
181
116
153
27
89
85
91
194
252
61
108
119
156
177
88
89
50
32
229
131
180
41
218
38
155
211
73
140
38
221
89
134
17
238
153
103
13
189
250
46
62
205
249
228
69
255
94
27
242
90
213
88
54
77
25
24
14
200
89
50
137
160
75
242
38
28
232
238
126
85
69
95
1
27
193
89
85
55
219
128
108
136
14
168
164
13
165
98
77
13
201
122
252
153
159
249
151
47
75
125
85
85
20
103
52
52
201
120
198
215
13
97
50
91
117
26
128
186
91
138
96
205
28
218
38
246
85
77
37
235
27
255
60
8
238
55
20
246
85
252
167
61
39
149
144
114
160
235
63
36
37
11
234
51
169
91
83
223
197
245
108
14
249
52
209
87
85
110
133
211
245
82
73
101
124
195
177
97
153
33
69
17
158
122
38
99
223
122
85
212
134
27
169
76
83
110
174
166
21
72
213
213
25
115
52
229
104
27
87
14
242
27
171
6
12
17
61
27
124
133
65
76
121
85
253
127
242
72
29
29
172
27
105
85
131
63
29
8
133
160
38
73
117
27
24
190
86
108
103
134
167
168
170
97
52
134
124
85
124
85
32
167
167
77
24
221
190
34
2
48
125
203
41
93
93
130
215
48
75
118
193
164
207
105
238
169
17
38
91
147
69
230
197
185
157
155
20
19
210
115
186
58
34
196
77
16
73
138
193
95
214
249
52
238
170
137
83
87
46
85
124
229
75
209
194
8
204
115
73
60
73
85
218
91
91
239
113
134
85
159
139
228
34
197
206
245
27
129
89
242
236
93
228
109
252
138
91
77
204
21
68
124
32
62
13
222
61
85
43
164
37
153
118
166
242
48
251
84
170
114
228
85
97
64
42
83
156
62
208
134
38
20
189
70
213
57
174
60
118
69
53
73
124
126
150
50
242
181
191
13
70
85
121
10
101
206
228
139
85
146
13
231
92
85
61
181
155
106
186
170
238
14
96
52
236
26
252
133
166
1
124
133
103
158
252
91
26
14
85
77
139
89
133
19
129
181
61
124
95
202
26
184
137
136
170
180
61
178
21
207
190
239
6
138
194
167
204
198
160
232
9
240
221
253
175
108
229
167
107
6
63
85
148
29
102
122
179
202
110
227
37
214
91
256
256
77
85
78
198
28
33
85
253
249
125
191
219
148
138
247
16
156
81
20
26
182
93
157
256
227
117
247
60
239
14
57
103
110
240
27
2
185
104
218
111
83
62
225
108
242
162
85
50
85
31
85
10
242
85
238
57
38
91
247
196
116
135
104
85
174
38
24
157
44
256
102
244
60
125
198
38
256
191
85
85
13
103
88
85
26
54
176
34
83
236
37
60
121
38
38
108
158
76
197
6
85
202
195
242
30
42
255
252
24
89
125
5
29
143
175
237
38
96
35
104
202
115
132
162
133
42
127
121
124
24
97
83
180
227
25
98
85
65
65
168
107
11
144
7
201
237
87
108
196
125
61
85
138
85
242
59
62
251
207
146
24
159
124
237
202
161
58
77
113
124
85
130
219
18
76
54
221
117
145
85
85
207
233
195
242
174
243
182
174
85
38
196
27
255
35
32
26
21
57
116
85
107
14
94
223
103
20
188
223
201
59
65
13
216
167
238
91
49
210
175
211
136
170
94
210
219
53
179
174
243
35
144
81
72
34
9
146
223
240
172
233
180
83
233
146
219
251
169
239
146
222
202
237
129
244
186
93
180
149
203
91
38
59
85
249
102
60
48
199
47
133
195
202
174
94
123
158
219
28
49
65
129
15
219
19
227
85
11
85
52
144
141
90
219
132
183
232
11
61
6
256
251
252
179
243
6
129
199
85
201
19
69
196
255
21
198
231
199
180
221
149
184
25
109
34
236
103
242
125
137
64
84
199
85
97
198
1
146
89
139
62
227
65
182
16
252
61
227
79
18
61
57
110
34
199
89
172
219
73
115
88
115
182
18
228
22
250
26
102
47
167
221
139
67
244
65
129
221
38
201
212
82
202
199
115
41
227
231
152
47
76
221
22
222
223
116
221
137
18
251
68
39
126
67
170
75
85
153
227
222
252
169
244
13
256
236
146
83
114
35
108
254
22
89
19
167
77
62
253
240
236
202
229
74
186
242
212
169
158
222
221
122
47
180
38
139
58
32
135
121
152
146
239
48
