226
151
59
26
178
94
144
55
121
3
83
203
79
55
192
84
55
196
234
195
86
52
21
7
73
142
9
162
75
135
231
52
67
7
71
7
115
135
70
146
58
49
21
205
100
211
205
250
208
192
174
150
144
177
33
166
242
114
107
205
203
146
74
215
115
58
19
145
103
135
140
145
190
74
194
136
222
215
146
174
73
140
205
209
121
249
222
52
205
126
26
190
3
89
94
124
13
73
151
33
178
56
87
196
169
203
84
98
56
103
199
145
59
67
17
185
75
7
31
242
106
150
115
146
250
203
185
150
203
58
192
2
224
147
253
169
124
103
206
62
21
84
40
243
115
241
237
30
95
147
182
162
98
95
10
224
84
232
166
205
221
139
73
205
194
147
89
190
142
24
168
17
229
70
164
199
84
84
8
176
59
164
181
184
183
88
89
221
139
92
203
74
160
94
84
67
83
203
146
232
230
213
86
233
7
63
154
84
139
253
241
220
46
21
141
56
147
209
184
74
94
108
184
83
69
199
231
64
67
132
230
33
45
74
77
235
87
55
73
210
65
56
121
61
233
62
121
209
13
194
28
117
215
51
24
215
95
210
75
203
179
182
90
253
145
125
166
107
56
139
166
92
29
170
138
89
75
139
69
170
39
159
121
167
139
84
63
97
205
220
150
89
191
179
67
132
226
86
210
93
149
87
186
31
45
160
87
252
55
166
65
146
80
86
164
191
219
242
169
74
70
94
72
64
28
75
84
81
229
63
87
182
95
180
182
131
136
90
189
72
225
139
135
91
46
20
29
74
100
121
58
170
89
121
172
58
29
239
210
179
125
13
232
189
166
125
80
249
33
211
98
256
104
170
203
219
235
86
203
81
196
106
139
91
184
31
65
125
100
164
168
100
166
210
247
132
166
94
223
136
14
162
87
22
142
37
174
150
151
77
199
179
169
136
162
90
75
25
194
24
72
190
7
106
113
104
17
212
54
153
146
109
75
11
190
30
75
66
166
233
104
27
243
231
223
209
45
29
174
59
182
203
162
201
179
162
44
132
223
107
199
61
189
30
201
122
182
24
235
20
50
74
144
215
171
167
222
32
121
11
235
66
166
253
112
144
125
31
58
184
135
209
53
50
222
79
104
6
58
219
1
29
194
256
213
72
39
256
222
244
144
48
162
75
190
3
243
59
112
58
213
210
199
48
141
85
19
220
29
139
105
252
80
64
102
199
137
105
189
62
256
215
58
170
84
225
20
15
20
209
25
175
199
235
134
25
220
6
83
141
256
222
116
135
39
145
91
21
256
58
42
226
63
84
212
117
215
139
83
93
220
136
80
166
240
167
25
244
173
209
180
239
256
84
103
201
25
206
110
20
167
105
244
243
105
115
112
238
226
18
15
24
74
72
37
110
179
241
219
199
6
105
199
146
154
256
45
55
129
25
142
249
19
69
139
36
63
184
63
253
129
19
243
199
199
29
72
199
72
92
139
86
227
167
203
203
77
136
169
90
241
220
89
233
63
220
28
167
193
28
252
28
76
256
238
35
117
15
28
39
215
212
21
193
58
153
31
244
201
215
63
112
196
8
82
191
243
142
52
84
14
166
23
244
79
69
162
230
79
223
256
210
193
167
63
131
53
79
104
72
144
61
184
19
237
25
233
72
187
5
10
15
215
170
89
144
45
221
46
105
184
233
45
134
83
8
1
34
41
256
36
61
72
45
227
57
173
154
54
161
180
241
191
28
181
29
172
85
85
69
53
127
211
16
97
175
245
59
80
31
65
72
215
96
96
83
181
238
114
69
90
72
197
67
194
118
17
6
113
20
8
34
35
108
220
190
101
26
194
73
186
16
255
231
185
91
42
149
183
183
64
39
142
32
215
20
170
131
215
210
169
14
232
77
17
97
76
50
4
26
150
74
13
101
29
77
81
171
45
144
216
167
21
229
114
158
145
145
237
13
171
175
121
147
62
215
215
160
252
158
235
94
215
236
228
174
201
114
166
19
82
1
76
50
20
97
228
225
4
30
225
73
16
26
103
35
147
161
232
74
101
16
114
69
231
73
73
39
137
32
113
32
201
13
185
172
238
232
183
5
144
32
84
14
88
170
10
193
221
34
194
214
38
85
162
83
212
223
219
8
137
76
246
185
153
176
25
253
229
5
184
146
185
38
138
89
144
106
137
215
13
117
39
138
239
76
246
173
49
203
119
170
116
74
223
215
253
16
116
183
8
114
84
228
61
108
194
27
72
189
24
88
17
149
116
231
142
99
20
237
178
223
127
113
116
178
253
80
203
18
196
189
147
152
219
24
223
42
62
186
147
75
218
146
28
244
85
11
96
28
20
32
256
227
156
146
239
27
16
55
132
64
235
82
36
88
203
160
10
30
160
203
235
62
49
190
127
35
56
191
72
223
88
50
246
107
61
100
207
197
142
154
175
189
145
49
177
89
250
233
116
88
27
146
18
61
26
1
20
60
126
139
198
96
116
123
227
27
147
22
130
89
1
145
190
65
80
256
87
184
138
60
13
194
20
77
219
145
14
216
84
132
87
35
219
176
256
67
107
90
201
117
160
217
231
24
101
227
237
122
114
186
119
121
49
88
85
210
215
11
108
63
251
102
170
174
90
110
110
72
90
90
122
18
199
13
139
188
203
181
228
21
89
130
195
1
253
22
184
231
197
57
191
150
65
98
125
104
247
225
219
134
1
73
124
89
221
113
9
221
56
63
197
65
82
19
82
252
53
169
138
8
221
139
18
228
212
234
231
256
107
238
91
98
82
197
180
94
12
76
12
138
256
140
175
142
96
104
142
242
142
156
219
189
175
146
132
215
5
53
201
147
119
1
12
113
78
223
6
228
82
158
256
42
36
18
12
125
125
79
48
170
88
109
119
219
238
100
122
199
12
43
230
116
41
76
184
108
53
92
172
5
229
3
175
248
31
54
189
24
230
229
184
253
87
162
14
132
82
91
108
194
146
8
139
140
74
49
23
222
135
96
139
21
48
215
91
90
167
91
184
197
81
1
152
124
235
21
144
82
96
255
114
200
94
145
85
132
201
111
26
164
158
78
127
50
241
184
65
1
110
96
134
52
237
133
22
24
179
186
125
196
24
21
20
89
50
72
139
84
202
112
219
35
158
237
91
184
49
133
64
65
4
180
107
196
53
210
159
130
142
121
248
41
53
235
49
37
170
152
80
19
19
133
181
99
52
144
53
238
44
170
4
203
154
148
20
214
57
82
171
233
214
49
15
53
158
199
173
218
102
213
133
157
29
119
19
83
52
145
48
53
133
63
210
229
57
61
240
57
79
83
105
32
101
156
50
181
163
35
146
89
149
253
219
190
22
210
256
35
42
15
78
255
157
133
158
249
133
184
124
72
53
86
221
193
133
256
189
227
178
160
178
219
42
99
53
158
76
106
52
103
133
202
158
124
139
210
146
240
157
238
232
133
232
56
218
158
130
157
85
157
15
106
199
186
195
240
91
166
23
157
193
124
150
230
88
166
210
94
213
148
67
256
146
249
72
91
210
157
23
128
256
188
133
186
158
168
148
