236
14
29
40
29
7
65
35
230
128
21
135
55
187
183
183
80
183
75
32
29
168
183
117
33
227
239
183
168
93
136
14
209
52
60
60
183
100
208
81
33
100
42
183
250
138
129
239
177
93
29
35
147
225
54
248
89
176
97
170
209
177
10
175
164
239
50
88
46
84
88
50
97
60
47
93
136
175
98
230
16
109
60
165
3
115
206
147
145
17
16
114
121
175
129
132
132
140
223
50
66
63
95
135
236
250
66
55
16
183
233
74
179
225
6
140
84
136
136
185
81
105
222
10
17
178
175
105
239
222
222
95
229
16
100
86
115
253
54
39
151
131
29
28
207
208
91
96
39
26
38
136
222
160
20
145
244
75
60
33
135
178
95
105
128
74
132
151
91
33
105
6
128
187
136
88
178
51
184
111
20
207
25
195
54
66
88
100
222
105
8
49
195
110
14
183
145
90
70
31
64
75
60
183
54
153
136
136
230
183
60
87
11
225
203
235
237
100
5
151
36
183
84
63
54
231
126
208
178
174
183
33
87
114
181
185
87
33
183
204
33
132
226
36
135
89
89
3
220
59
29
13
59
79
71
160
245
50
65
90
246
54
128
95
100
100
106
55
100
38
40
253
222
109
33
245
240
60
54
184
150
187
182
226
30
128
96
16
96
33
34
253
187
150
91
90
114
130
80
256
97
100
230
33
110
124
229
25
135
179
174
59
102
13
155
10
213
89
176
30
220
244
166
176
97
222
13
91
189
10
31
26
108
164
79
109
229
87
96
150
187
59
60
64
30
118
187
28
30
174
59
174
229
183
38
31
131
59
109
208
229
151
249
100
222
1
195
79
49
88
124
174
214
109
239
100
39
97
150
103
71
47
90
1
183
206
240
211
223
67
102
208
32
187
37
48
176
21
90
16
3
41
164
5
90
77
151
133
86
150
137
100
222
109
40
123
100
229
132
123
249
79
235
60
229
100
219
60
129
41
119
90
223
71
212
11
90
88
59
102
78
132
97
190
75
129
109
171
1
116
39
176
256
24
235
33
40
40
187
108
37
185
95
89
185
154
40
253
136
79
230
175
60
147
59
223
31
5
69
7
66
124
129
230
245
250
240
256
203
97
104
92
7
230
54
100
12
239
235
132
65
212
147
30
41
7
178
256
235
84
97
135
129
7
245
129
100
90
141
40
236
100
220
32
10
10
222
221
2
237
100
223
15
60
222
181
194
208
1
25
59
219
249
223
60
24
179
219
147
223
60
60
60
24
54
21
226
244
102
118
131
27
59
7
183
187
5
179
179
33
3
240
235
33
230
132
26
55
118
1
194
139
24
195
4
132
132
135
187
153
118
151
109
125
227
73
70
212
10
144
170
195
86
156
132
236
135
184
161
202
135
136
192
18
130
32
153
21
249
136
193
39
123
17
219
248
24
130
156
109
21
192
4
52
255
136
245
100
5
18
24
208
24
226
44
191
119
93
81
223
96
77
50
100
7
96
100
169
5
102
78
100
60
132
159
89
230
211
77
29
70
100
208
174
113
123
137
65
151
208
144
208
93
172
212
131
193
149
109
198
78
75
60
125
123
187
100
115
163
223
122
11
131
147
252
31
132
41
242
195
103
187
217
77
207
67
78
77
44
59
225
142
93
251
123
25
93
230
60
235
100
140
104
237
147
182
114
41
32
60
204
191
240
131
87
40
33
19
39
195
12
137
52
203
88
21
32
57
208
114
33
223
147
154
212
60
240
11
77
135
109
204
100
228
39
172
131
72
78
122
62
62
128
69
184
128
176
21
47
156
147
118
11
194
137
26
142
230
102
251
65
139
122
170
114
15
130
36
49
25
172
132
128
119
170
50
54
114
87
195
225
122
97
18
128
3
131
102
62
4
230
95
114
184
30
47
108
187
62
93
108
78
103
168
208
194
97
144
62
225
47
83
77
95
84
192
123
228
113
9
156
172
204
41
131
192
225
237
193
165
114
76
131
2
189
136
209
29
60
146
229
110
233
120
33
1
40
225
171
109
109
195
60
60
70
211
16
172
185
29
117
224
133
60
1
73
202
96
141
33
225
50
88
245
25
245
118
117
8
163
137
132
41
60
49
37
172
92
34
231
98
48
31
239
79
81
56
29
56
57
224
50
185
193
118
93
35
14
221
32
44
108
30
250
90
254
251
171
17
212
124
233
135
208
136
64
89
150
79
210
92
98
68
14
78
92
41
247
203
10
50
14
12
9
223
82
81
187
1
89
43
5
60
171
27
104
31
31
59
151
102
2
100
196
59
92
136
192
113
131
85
242
53
253
235
45
56
179
66
60
135
77
4
77
217
133
190
126
90
6
2
223
31
23
207
4
67
246
126
42
207
5
171
208
224
207
77
137
133
92
130
113
122
32
235
90
133
10
125
229
158
235
77
220
123
90
27
18
25
86
171
226
90
90
192
126
191
192
195
250
60
137
193
66
139
131
131
229
15
207
245
201
109
47
77
45
168
188
250
53
41
121
119
72
137
31
12
19
56
72
133
86
42
42
72
214
133
73
1
208
171
49
190
226
163
82
53
179
235
217
159
82
31
46
193
107
1
54
23
118
239
92
54
5
20
46
123
172
114
12
189
70
70
39
46
42
183
78
6
125
49
71
72
214
187
179
70
207
49
184
88
1
12
39
72
83
125
179
192
39
229
141
120
68
117
195
1
148
245
229
33
226
212
42
193
133
114
226
243
208
82
53
117
43
163
193
33
174
168
168
44
193
36
125
195
53
198
192
168
82
43
114
152
72
172
44
193
142
97
199
49
193
97
142
155
16
40
163
159
244
133
82
142
97
88
198
193
135
15
39
178
124
157
117
115
100
78
1
193
168
78
82
78
15
135
44
157
159
30
193
130
30
1
254
20
2
2
216
88
184
125
116
95
254
191
254
125
27
137
184
95
80
119
126
155
255
101
252
70
182
117
78
20
2
214
184
234
159
70
133
130
100
228
130
97
133
193
2
97
70
1
70
226
2
42
234
53
244
70
32
15
120
70
155
137
130
245
33
60
163
22
157
232
