126
47
176
38
153
33
38
153
220
65
220
38
87
33
47
162
162
74
74
176
220
33
212
65
36
177
38
164
225
177
164
162
127
126
209
73
225
176
67
58
204
112
220
27
67
194
176
33
33
153
98
209
155
26
129
98
160
160
199
98
153
165
205
84
212
143
25
130
123
84
165
130
89
212
162
162
98
153
164
67
44
165
153
128
96
113
123
213
164
84
36
165
84
203
129
135
128
212
253
237
135
153
165
29
249
198
62
208
59
118
212
33
150
212
98
176
213
146
74
191
143
62
150
211
23
42
153
27
237
77
74
182
160
67
21
61
135
23
237
210
205
50
123
202
215
110
60
182
191
135
109
33
135
139
113
77
112
156
23
194
191
212
96
176
130
156
203
21
69
191
17
41
213
147
126
33
211
87
139
165
112
214
13
191
182
208
8
69
204
112
39
23
74
120
106
112
204
210
83
117
104
231
29
212
203
138
211
105
115
182
144
67
180
204
115
123
112
170
115
102
94
176
60
186
74
69
138
237
83
182
44
150
126
104
127
51
18
17
166
138
29
62
81
165
207
70
151
195
2
91
67
21
201
156
150
118
165
7
3
115
50
62
208
182
44
80
42
132
222
40
60
195
52
36
206
3
135
191
92
176
83
92
92
207
162
112
59
244
245
253
87
170
33
64
208
96
162
78
243
74
59
246
146
231
68
17
27
135
170
74
211
195
173
237
208
146
25
135
60
196
256
49
231
95
147
218
12
146
60
167
184
164
95
132
36
207
39
115
40
148
59
212
166
203
231
89
60
140
120
151
165
24
210
213
211
238
52
23
60
4
211
165
144
59
245
95
169
209
206
165
176
193
253
59
206
140
74
232
50
15
211
59
140
220
96
112
207
67
36
130
40
178
60
93
148
162
252
28
23
220
107
12
87
237
231
4
239
8
237
91
184
241
58
130
140
7
95
151
176
36
165
8
141
52
167
144
98
60
2
185
214
121
42
231
204
36
216
98
101
220
122
172
60
187
71
123
214
139
58
37
202
71
116
231
52
214
144
1
179
141
22
244
112
141
248
231
21
3
87
73
238
20
101
140
54
194
157
54
209
180
95
235
25
120
179
16
21
58
71
222
92
202
84
163
54
195
236
190
60
3
145
212
170
43
21
140
214
118
230
161
90
160
224
54
101
1
194
86
214
52
250
120
12
100
72
23
186
132
231
4
120
6
160
98
157
204
210
52
72
190
204
204
150
60
47
100
120
119
163
216
93
53
211
223
241
195
210
28
39
21
192
72
159
141
136
137
176
58
54
236
220
236
151
185
163
123
84
20
39
118
213
6
153
72
70
22
172
71
213
152
231
60
236
213
21
59
15
154
163
151
52
132
83
137
83
170
59
26
185
7
214
83
5
214
125
5
233
233
141
136
136
182
224
204
162
161
192
244
67
59
81
100
90
30
125
21
89
77
202
151
200
59
39
125
24
118
21
178
85
137
71
251
205
32
123
213
93
254
15
33
123
45
192
100
100
74
14
60
211
185
112
66
244
187
221
181
221
136
87
255
244
163
40
116
20
60
92
155
131
31
254
233
210
8
90
58
132
70
50
171
32
9
100
136
170
122
160
180
75
125
139
109
160
236
236
209
49
217
217
3
91
204
148
6
229
236
195
54
67
83
136
67
196
188
116
92
116
109
3
61
234
61
148
210
125
195
52
185
83
43
5
58
132
146
233
78
67
254
36
209
1
245
60
40
124
95
195
74
148
150
150
185
67
119
220
163
81
77
200
58
161
208
135
157
116
90
60
244
124
163
246
100
114
78
216
195
142
125
100
88
25
119
220
59
116
220
18
142
217
112
152
233
14
36
236
63
207
83
83
225
24
177
17
207
137
173
61
139
87
87
152
220
187
174
39
41
156
144
178
133
234
132
24
70
218
210
211
125
72
99
148
100
254
32
193
17
178
79
244
47
2
100
121
104
72
168
163
159
167
39
178
52
94
43
208
179
47
88
109
71
39
199
70
7
74
244
170
120
148
139
249
100
90
220
124
37
66
19
116
147
36
151
72
219
65
113
74
233
224
182
245
78
24
50
119
1
70
58
153
77
62
199
150
71
180
65
233
1
244
210
17
132
237
90
26
78
131
120
30
70
241
236
241
77
27
215
37
33
83
16
50
14
114
11
97
24
179
150
150
77
87
187
149
49
185
172
53
233
90
89
147
213
164
117
62
81
193
60
188
177
185
225
243
59
117
199
179
217
100
188
198
152
59
97
118
132
185
139
65
39
246
30
233
218
132
117
1
35
43
218
117
48
108
157
185
30
18
92
113
131
24
185
199
203
119
241
43
117
100
60
97
239
150
132
148
160
131
36
20
77
100
25
254
125
36
254
230
53
145
180
60
173
68
97
72
30
20
185
132
156
233
86
254
60
255
228
198
49
78
33
68
229
2
152
254
67
77
185
215
133
86
96
184
211
48
188
124
139
116
255
48
184
199
2
137
49
27
116
185
30
60
139
117
117
137
67
47
163
68
224
24
119
215
15
7
23
134
235
10
36
2
188
33
210
173
33
60
210
79
133
179
30
137
101
113
231
2
34
233
131
24
167
30
184
156
43
213
152
210
137
32
78
77
163
188
130
131
76
157
44
60
130
173
173
30
45
167
94
117
137
81
43
119
137
230
14
78
60
24
84
49
137
70
30
43
139
100
30
132
137
187
55
179
46
77
47
224
79
41
117
183
39
160
198
43
198
167
246
2
23
251
64
20
78
33
120
203
21
191
118
117
33
48
15
134
134
137
173
210
117
125
167
63
68
100
63
173
78
235
220
152
112
48
68
15
2
57
100
30
139
42
74
134
33
48
218
79
224
20
116
15
210
179
132
72
86
233
86
77
68
210
14
234
211
210
48
155
117
188
218
159
124
139
185
224
94
70
210
99
116
2
134
49
224
141
234
152
118
42
233
191
30
167
137
117
163
156
72
48
133
137
152
152
46
