256
205
121
33
121
176
103
162
176
256
146
33
186
194
31
229
150
205
59
203
194
176
205
25
95
39
91
180
65
176
162
154
143
237
107
80
91
138
154
185
206
154
220
29
205
88
29
84
209
146
47
122
127
253
202
220
52
212
184
31
94
212
147
55
204
127
253
162
146
176
212
38
33
204
206
59
91
154
249
74
185
52
150
38
208
89
141
220
141
54
222
31
194
216
189
154
55
55
105
127
151
179
249
7
154
73
166
174
93
126
84
249
16
127
69
127
97
155
250
174
32
170
47
181
231
33
105
95
169
250
65
216
129
69
105
3
231
88
32
154
26
71
87
105
230
65
3
95
178
130
212
59
21
19
136
141
174
210
229
33
189
203
240
78
190
130
240
222
127
172
178
1
100
187
104
181
19
239
233
190
57
170
223
35
108
36
10
174
35
201
132
114
222
157
132
7
34
94
244
203
194
74
220
194
64
36
76
220
253
137
10
106
79
248
66
123
107
230
201
252
176
176
36
247
146
178
111
132
10
6
26
31
50
195
146
149
31
32
31
174
123
132
216
132
66
14
244
149
146
231
32
132
50
152
248
236
61
71
16
9
187
131
87
179
50
132
230
210
18
248
191
21
185
203
218
24
218
251
256
111
172
175
6
201
93
81
247
195
132
12
116
194
236
131
121
205
32
223
30
42
18
244
111
146
229
121
190
170
34
132
149
108
244
184
201
53
32
146
211
211
238
1
89
203
11
57
256
13
32
238
124
194
69
240
22
203
103
146
231
103
218
192
25
27
11
108
64
67
149
77
64
91
145
238
89
199
74
212
19
74
91
104
11
10
201
103
84
93
220
60
22
147
64
111
25
38
207
25
149
61
191
76
175
34
154
107
39
32
129
221
66
104
128
58
229
164
201
244
212
147
234
230
2
190
256
211
57
3
25
117
108
79
228
201
44
190
93
201
89
190
219
135
207
64
252
103
223
10
236
31
238
83
74
130
13
8
96
184
67
81
114
32
57
34
111
64
163
111
157
152
64
58
12
196
64
59
158
32
147
121
253
38
256
134
253
69
41
219
88
94
69
199
189
56
58
250
108
69
64
157
190
128
3
252
14
96
96
65
35
135
145
21
57
61
213
201
34
64
35
225
88
248
201
182
14
147
89
236
253
96
26
31
64
44
146
69
240
146
114
26
167
28
12
61
64
201
214
76
170
52
226
149
169
49
34
76
204
203
74
18
13
27
230
156
235
117
192
195
76
69
204
103
16
79
15
34
134
114
149
91
69
121
247
69
169
91
103
192
44
108
224
108
256
127
240
56
238
102
65
146
61
80
196
83
220
28
140
145
237
156
2
153
174
238
229
5
154
197
252
34
83
244
201
238
96
49
196
244
10
96
58
214
49
248
146
219
123
185
69
256
225
18
248
103
45
186
252
91
83
121
26
149
21
146
244
42
61
97
10
256
201
8
238
18
10
52
139
83
223
76
120
35
107
207
161
34
221
56
73
80
26
149
243
238
247
251
103
256
238
96
227
18
237
195
238
43
61
237
57
67
203
35
230
121
121
59
219
32
244
61
147
204
106
82
256
10
189
247
119
221
139
251
154
129
8
219
256
229
213
253
238
244
83
35
254
64
25
169
190
61
174
67
25
219
91
186
201
133
102
228
88
34
221
35
223
35
56
207
140
224
69
133
133
170
238
203
117
61
253
234
52
240
34
63
64
157
256
46
146
227
256
42
238
201
70
180
52
120
150
211
91
190
174
196
14
74
60
238
244
170
221
26
190
110
38
170
80
197
212
139
61
108
200
72
57
93
64
178
238
34
244
223
57
219
170
219
120
33
152
137
232
52
14
213
26
21
163
12
108
12
69
35
26
26
26
256
72
61
91
24
210
226
191
94
34
74
10
250
201
139
172
35
215
213
158
152
201
248
224
10
199
207
98
107
192
219
186
9
9
34
61
196
235
65
147
237
13
22
196
26
223
221
39
10
42
169
116
56
81
226
45
224
203
207
204
170
218
219
248
202
10
196
89
201
110
11
61
244
128
217
235
201
221
79
184
196
102
26
108
129
219
221
157
190
69
134
9
76
67
102
26
26
226
56
34
201
190
178
79
69
86
229
169
190
244
190
226
221
219
35
161
128
129
133
85
135
252
255
129
77
238
10
64
10
61
26
157
134
98
215
238
45
64
61
255
246
124
69
149
26
54
244
157
49
230
10
254
47
226
118
128
255
91
252
42
213
213
99
218
9
147
245
108
42
161
244
170
77
52
10
89
86
66
213
56
218
247
166
172
110
149
153
161
221
214
98
245
31
115
26
42
192
98
214
25
42
202
171
214
45
235
252
141
141
83
221
198
243
131
86
219
36
149
73
199
141
81
232
102
26
226
156
45
99
213
94
159
223
252
150
217
238
215
156
196
201
91
117
155
214
252
189
176
56
22
32
108
161
107
83
121
147
31
26
26
246
17
12
43
72
252
161
166
12
192
120
128
26
91
256
51
120
69
155
216
210
128
196
149
89
89
196
196
148
249
215
244
84
201
230
15
81
98
61
247
160
42
91
214
207
34
9
22
43
120
72
223
69
214
230
214
12
72
113
61
56
120
147
202
48
9
86
120
56
120
56
48
221
182
147
28
115
71
91
64
149
149
213
113
26
134
89
164
91
23
146
14
34
56
26
242
77
26
157
