175
175
162
150
114
90
119
126
106
154
8
229
24
90
90
150
90
46
228
28
228
106
8
185
229
32
108
10
175
34
229
156
13
206
250
14
27
119
90
206
90
130
245
187
229
14
90
105
18
208
206
18
234
14
33
24
126
8
90
119
61
28
28
147
212
105
2
61
156
142
40
200
245
229
223
90
113
206
90
169
71
142
229
105
14
229
70
108
182
70
108
58
90
187
119
228
241
90
241
8
245
119
156
250
223
113
1
241
212
20
241
79
142
2
254
119
5
191
211
234
203
90
8
187
254
90
90
14
211
116
200
6
241
126
119
90
58
200
141
185
153
59
223
234
200
115
225
175
127
14
234
142
171
70
19
61
59
241
241
118
229
195
229
223
71
30
171
18
118
20
28
137
47
20
244
96
40
244
64
185
90
136
228
79
21
2
175
46
14
18
2
1
90
229
187
234
14
90
20
204
35
40
35
1
249
22
229
187
187
8
40
152
229
90
236
241
152
90
109
190
190
34
254
149
119
59
227
130
241
108
171
142
47
142
90
151
113
229
1
121
176
225
14
30
70
2
58
101
108
33
119
113
109
119
119
251
175
89
113
190
195
187
253
195
125
47
239
144
152
128
229
119
187
234
152
107
90
69
229
58
41
229
187
33
160
36
5
228
128
229
229
113
142
236
200
185
123
84
119
190
156
119
142
61
251
64
195
229
30
142
142
8
93
185
130
71
113
171
113
152
244
154
236
204
252
121
55
186
190
113
69
119
223
2
113
37
154
100
61
187
142
152
90
119
2
59
113
130
101
195
138
46
239
227
195
240
107
229
35
191
132
113
241
142
113
30
55
107
142
121
30
144
5
141
37
121
30
168
212
6
142
29
2
59
151
30
19
195
59
229
160
160
212
96
2
37
59
182
221
6
95
229
142
65
135
36
2
234
114
222
30
7
95
36
223
59
54
180
8
14
251
68
165
168
70
30
76
229
20
119
234
206
239
171
8
59
187
32
113
119
47
2
185
2
20
254
14
2
119
89
35
28
229
119
89
204
24
152
109
89
89
65
7
108
119
125
113
59
200
36
64
2
107
24
152
171
107
1
113
171
175
119
64
108
229
108
252
103
130
96
229
211
109
43
109
119
70
183
191
253
21
1
199
173
89
126
5
170
32
40
79
5
19
119
2
33
107
245
5
239
126
195
1
21
222
94
234
70
224
98
142
200
30
125
128
24
142
59
152
217
3
71
135
135
244
20
18
75
241
200
2
119
142
78
160
195
182
20
156
21
93
89
89
109
217
222
30
6
244
108
142
135
21
211
94
59
253
121
194
156
113
40
185
47
234
107
195
105
180
69
244
2
92
239
1
11
180
234
180
169
128
222
234
119
234
209
11
241
58
119
19
239
196
119
79
36
34
191
160
20
59
191
244
138
87
119
146
89
211
237
195
30
170
55
190
135
75
41
130
201
20
130
230
244
234
119
220
21
5
248
253
30
156
33
222
93
92
170
190
130
71
36
119
84
244
108
90
170
150
241
239
231
113
230
34
30
59
152
234
152
61
233
254
185
38
59
229
27
130
237
74
14
70
33
222
142
36
1
16
152
10
246
67
58
244
90
96
92
8
244
233
168
194
11
22
5
49
116
76
241
154
26
71
22
113
244
222
36
200
43
108
234
33
255
135
47
96
64
170
152
119
183
234
181
2
119
191
187
113
231
142
41
30
71
123
252
7
119
135
231
40
156
245
81
2
204
192
4
182
30
187
195
36
59
142
211
96
1
171
223
231
165
217
217
245
160
187
40
30
129
241
246
83
168
121
87
229
109
130
46
60
61
226
47
185
156
153
18
18
100
151
124
175
33
30
119
183
92
33
156
169
81
201
130
187
79
223
109
183
229
223
231
156
113
59
130
231
90
234
103
176
47
204
206
113
107
156
128
47
152
182
75
229
121
256
107
153
198
87
2
195
24
60
160
119
119
229
142
111
14
58
30
142
141
58
2
255
254
119
59
60
233
203
47
6
136
65
119
240
254
37
107
111
60
135
156
59
191
98
32
46
234
237
110
119
151
59
30
62
135
138
60
31
14
28
211
206
5
47
198
59
142
160
10
228
5
187
169
156
179
182
58
119
24
2
76
15
90
219
113
182
41
125
234
244
40
180
168
122
229
252
61
67
254
237
47
2
223
244
179
93
156
211
36
191
5
5
14
152
187
167
20
58
195
136
217
14
119
107
256
113
217
152
107
245
245
227
98
119
122
59
229
152
233
1
14
58
146
5
59
2
187
152
244
236
40
137
31
228
79
135
130
107
135
92
119
239
236
90
98
211
179
187
234
244
91
1
58
244
64
71
226
2
182
65
35
40
118
1
18
185
14
1
58
36
187
1
217
14
70
233
70
169
100
200
96
87
137
153
93
234
22
36
5
64
59
152
119
241
36
46
113
10
59
182
2
14
30
21
191
231
229
33
78
113
185
195
2
248
89
108
128
10
59
92
195
169
119
73
141
152
152
229
14
217
2
234
135
59
21
135
1
113
196
107
185
229
96
195
217
107
185
139
109
119
1
222
40
113
16
156
142
107
254
83
229
191
187
108
174
187
16
237
14
107
152
229
70
2
130
215
244
14
222
98
119
156
194
191
21
121
2
41
191
156
195
70
250
203
205
233
152
181
231
20
137
6
2
64
125
130
39
36
154
36
41
66
89
200
111
201
185
187
5
241
152
103
156
64
30
27
152
241
130
5
91
239
108
65
120
250
30
125
24
96
1
160
141
2
195
24
223
103
30
2
26
47
239
152
2
184
107
96
244
61
100
119
187
1
130
59
35
5
3
251
226
16
170
107
223
240
243
178
58
30
135
121
88
33
191
185
30
57
56
59
113
83
160
195
14
119
1
1
21
41
170
2
195
182
240
60
130
187
206
191
180
107
152
144
119
244
244
16
21
8
7
58
59
28
100
225
125
41
58
24
113
3
142
256
125
128
33
39
195
95
160
236
156
156
223
58
107
195
185
114
126
185
119
30
152
166
229
187
141
119
152
135
90
90
244
198
169
152
182
33
95
170
234
119
20
195
16
182
150
194
83
78
41
113
244
2
170
5
12
125
217
58
119
118
140
96
36
8
1
225
1
205
47
139
130
201
58
89
142
8
14
93
107
121
137
78
125
195
70
1
41
21
125
58
10
103
139
90
221
20
185
107
168
151
241
7
181
244
253
64
254
172
132
152
30
84
33
14
229
58
8
130
19
41
113
201
47
7
242
234
142
22
136
64
5
47
83
142
137
1
135
91
21
200
5
217
47
199
231
160
234
225
58
107
226
187
43
229
59
40
239
47
204
113
253
217
92
36
1
244
207
13
21
240
228
187
43
25
125
223
40
119
231
14
254
33
191
7
113
103
131
243
42
129
125
227
35
244
119
191
95
169
200
60
5
250
50
107
158
40
193
136
234
30
40
65
187
178
229
8
1
229
132
241
142
119
231
70
24
100
152
131
187
195
18
46
41
108
153
173
130
58
227
137
18
130
185
30
225
152
185
18
125
244
91
180
130
195
67
58
2
16
130
24
24
198
152
130
154
1
125
21
244
119
53
185
89
89
27
33
180
30
146
245
40
25
65
152
49
22
191
95
125
21
240
245
152
240
125
114
195
130
200
187
2
38
182
192
185
110
119
195
195
195
137
1
234
59
198
229
225
125
17
14
30
195
113
229
65
245
86
46
24
89
130
182
138
212
160
22
165
119
195
200
233
190
114
241
140
185
192
60
108
15
35
2
108
1
150
234
89
187
24
250
24
119
182
233
89
107
125
195
65
251
195
195
130
130
10
142
210
39
152
248
236
5
125
50
47
221
229
203
33
120
191
119
14
162
30
160
92
119
138
14
14
235
114
60
137
33
152
121
135
168
125
243
195
251
128
93
107
244
109
142
178
229
199
187
119
206
242
125
86
100
41
47
33
200
20
8
191
180
21
24
195
237
119
243
245
119
241
152
223
33
30
229
125
70
113
156
249
195
119
170
30
125
152
2
113
156
119
39
119
117
185
14
171
189
185
191
124
47
21
58
250
231
119
138
30
30
2
22
14
241
1
47
33
59
60
253
30
49
113
195
124
203
36
2
191
41
33
10
1
33
21
137
135
67
151
195
5
200
81
229
212
221
55
152
107
211
18
236
173
185
119
65
24
211
90
37
225
194
160
117
139
187
119
244
1
135
204
24
119
239
11
170
195
150
137
191
109
240
116
156
237
22
28
211
107
108
70
90
130
137
205
237
70
241
135
179
234
137
14
196
203
100
190
11
125
60
229
60
191
152
107
152
91
107
108
28
2
8
130
30
33
234
5
97
251
187
186
61
156
14
137
119
131
254
8
241
24
49
229
107
60
1
77
190
191
34
113
132
109
206
33
226
239
142
2
147
60
191
231
191
152
168
60
206
137
181
100
137
156
2
145
200
107
60
36
119
125
86
33
125
246
219
60
32
230
30
194
55
2
70
14
39
195
30
227
125
187
46
135
78
217
107
141
134
205
8
2
231
190
70
142
187
123
95
182
9
33
139
152
117
6
170
39
114
200
60
245
240
244
35
184
32
169
182
40
41
95
60
245
195
21
35
36
146
152
135
229
58
22
21
233
120
191
182
156
255
20
114
30
235
207
119
228
28
233
113
65
40
160
132
142
107
132
21
152
253
119
2
93
130
187
92
200
206
211
2
33
14
135
195
203
220
2
221
119
162
250
152
40
10
2
138
14
185
187
244
194
22
182
177
246
49
40
100
30
92
138
27
184
42
96
152
187
104
198
241
171
107
5
5
107
217
61
248
250
187
59
9
154
204
2
134
185
119
40
195
70
11
65
34
135
195
49
24
160
130
231
140
190
206
33
234
36
13
5
238
63
192
40
119
87
244
28
8
142
24
244
130
236
65
100
41
195
246
44
248
33
33
125
147
107
210
240
152
7
60
144
119
58
143
70
156
62
35
203
60
88
137
104
33
38
231
36
107
99
109
107
227
130
135
137
137
113
187
201
95
73
119
137
5
220
152
195
60
248
137
142
135
217
60
130
9
35
2
34
64
113
144
58
91
2
244
1
137
62
33
121
65
24
65
58
185
198
135
199
67
254
190
137
30
144
113
142
63
33
196
208
192
224
176
39
1
170
21
113
116
191
31
1
227
142
241
137
35
119
70
25
70
169
89
70
160
245
190
131
71
142
33
200
116
152
190
33
212
5
244
18
37
223
62
136
71
65
118
5
130
241
152
191
150
42
5
67
234
190
30
241
91
196
70
5
107
102
49
20
36
241
245
14
130
182
5
58
46
33
191
60
107
187
192
206
67
93
156
241
30
70
242
245
35
67
74
241
113
123
24
8
119
119
64
190
185
102
184
185
182
119
33
10
216
136
33
40
156
156
154
187
70
196
103
182
244
5
125
10
125
256
60
119
79
256
152
169
117
181
198
119
119
142
40
100
18
152
119
195
119
2
113
185
245
225
33
70
135
55
109
24
135
191
119
100
67
47
119
59
144
185
88
117
86
125
70
102
40
251
125
244
70
46
113
253
137
65
64
104
201
70
10
59
58
42
241
9
144
107
187
196
114
109
141
167
60
191
60
33
57
219
78
119
14
47
198
44
241
38
203
68
125
125
70
195
137
58
70
1
125
234
125
156
99
47
18
49
185
91
102
236
242
135
220
106
187
24
152
242
58
236
42
125
199
40
243
20
49
18
35
125
32
8
234
4
9
13
218
241
40
107
187
192
137
223
192
33
107
102
119
173
113
170
88
134
39
41
119
108
104
64
125
61
193
41
2
1
119
40
106
19
39
241
180
131
15
88
182
46
125
132
113
241
207
244
233
94
203
113
104
101
130
69
38
42
90
60
123
152
30
13
138
169
194
58
83
2
60
87
240
136
113
192
255
181
220
102
192
101
163
241
119
151
136
187
174
32
1
125
4
187
65
58
130
122
78
70
207
226
2
41
58
113
241
198
119
33
36
115
152
40
113
88
222
139
234
147
9
196
236
110
5
113
202
53
28
233
195
132
70
255
116
135
234
47
238
147
107
151
241
9
70
47
241
9
159
190
39
131
222
122
233
42
182
152
4
4
231
7
200
152
130
167
34
78
193
244
5
19
31
222
40
96
254
32
35
94
69
129
152
171
142
78
15
113
36
6
61
137
234
113
120
244
130
78
205
119
119
102
219
79
64
229
142
2
88
90
241
179
60
223
64
132
231
244
116
119
113
182
237
182
114
79
151
130
55
113
41
176
48
226
110
121
226
61
61
88
81
248
11
122
42
130
181
113
179
39
85
181
30
107
181
6
1
65
152
49
116
30
147
46
11
182
2
78
76
137
207
109
70
244
206
229
122
125
142
196
130
198
113
119
122
30
100
43
147
109
107
132
70
187
39
117
244
117
196
109
70
229
219
240
114
110
35
55
52
15
207
24
24
65
223
207
129
129
124
132
167
119
168
130
42
132
235
255
