106
184
110
242
242
105
3
110
54
111
235
97
54
110
242
56
106
228
88
242
73
3
140
27
228
177
242
184
110
56
3
113
75
97
75
16
113
88
140
208
105
127
242
140
27
249
183
242
209
209
250
31
249
133
32
149
72
56
249
116
184
140
63
73
35
151
88
97
110
86
54
189
53
95
108
65
97
140
105
110
177
86
220
184
16
132
14
129
27
231
14
248
72
177
230
94
219
86
231
16
209
86
159
14
63
230
65
189
88
242
242
172
145
129
219
192
86
16
226
54
110
32
166
110
142
50
145
45
88
123
256
85
27
225
238
31
208
242
242
102
92
110
46
165
231
129
243
177
62
3
208
163
123
242
48
129
86
172
256
141
8
28
170
201
129
178
34
110
145
251
233
28
154
50
18
219
108
153
129
176
92
92
107
111
62
64
18
175
256
85
110
3
86
237
40
250
3
250
246
28
226
3
46
12
215
11
50
256
137
178
51
85
134
244
154
114
111
219
222
233
134
27
11
79
220
102
133
50
235
201
190
176
10
200
11
190
199
27
63
244
25
3
81
250
63
180
159
133
256
74
27
178
110
145
79
160
140
184
24
28
180
85
153
149
149
215
110
103
54
212
235
200
209
86
153
42
205
153
16
114
252
140
180
116
149
14
256
145
180
242
242
50
110
16
180
111
111
145
170
250
222
61
49
196
238
26
35
198
186
16
160
240
240
41
49
187
117
233
219
220
86
231
147
149
145
244
34
123
252
248
203
31
180
138
160
240
16
6
117
252
124
138
256
123
222
190
210
85
1
236
68
25
72
133
57
76
52
215
27
100
10
45
25
15
201
111
219
231
196
133
130
46
172
249
86
154
69
23
7
164
83
238
192
219
27
220
143
215
10
256
55
10
196
172
33
95
190
238
103
90
64
219
83
126
179
76
127
219
215
172
138
35
108
96
74
73
107
116
149
245
120
14
15
69
252
236
46
256
135
117
177
34
12
124
86
10
117
111
192
150
244
236
214
105
219
23
103
172
105
210
154
69
154
217
35
238
139
236
9
5
96
233
89
192
204
114
201
148
220
149
101
201
153
226
25
247
235
235
224
82
201
46
12
133
52
81
136
252
170
9
248
38
35
110
73
190
10
221
45
219
95
82
229
196
15
178
158
64
248
181
144
129
164
82
138
64
177
255
82
33
214
12
196
105
139
178
196
188
252
31
212
202
13
201
63
138
184
170
117
35
114
137
232
219
31
180
126
176
221
54
256
11
105
215
238
94
113
237
170
222
134
192
238
195
117
24
79
5
103
82
233
240
190
32
5
94
25
52
238
192
96
220
139
69
196
195
242
164
150
35
15
228
34
256
255
60
169
220
121
124
54
35
85
189
139
194
203
25
245
235
94
117
11
106
103
175
123
196
19
105
230
134
76
61
238
256
20
26
126
69
61
238
221
44
4
3
190
239
228
215
190
50
238
22
170
190
28
99
76
61
172
108
221
158
178
139
254
76
8
240
86
25
145
219
182
194
190
82
235
229
238
224
242
23
82
255
82
15
235
146
35
252
134
148
203
96
93
151
76
106
145
1
157
235
22
255
238
221
74
110
147
10
217
140
35
186
145
117
96
238
230
135
141
31
91
157
233
82
164
10
248
230
43
35
103
145
215
104
236
160
82
181
203
31
214
219
61
111
52
172
219
235
34
140
179
34
79
102
12
229
201
32
149
27
3
19
85
93
82
133
93
64
213
32
106
238
54
81
51
213
102
72
83
122
122
9
16
110
238
15
161
96
76
34
35
137
140
147
42
35
252
174
204
82
236
204
26
149
219
211
238
94
85
169
229
76
134
228
32
170
35
76
226
139
56
19
210
82
256
189
149
63
77
210
82
99
238
26
247
153
96
89
76
16
192
256
48
170
110
10
76
69
10
88
256
149
174
14
160
62
256
26
122
16
27
238
245
99
96
170
42
115
88
15
216
169
69
75
232
154
65
238
227
46
219
176
91
134
32
227
210
230
116
190
230
111
252
5
31
117
64
195
190
76
248
52
117
110
50
190
134
10
223
110
196
121
130
253
10
25
117
223
64
35
248
103
117
31
51
76
210
44
170
228
252
42
31
44
117
179
129
219
9
250
247
52
103
76
147
15
38
46
256
89
215
213
22
220
31
211
76
165
196
193
134
216
51
82
154
38
145
139
236
108
210
35
51
38
227
240
63
236
196
197
88
220
207
201
219
16
186
116
69
34
121
190
124
42
84
210
219
139
201
85
198
42
32
64
26
178
93
217
174
146
81
186
31
99
38
85
25
235
255
64
14
173
147
195
215
154
186
187
31
183
65
13
165
8
215
74
32
154
238
11
148
100
19
103
101
249
141
26
110
249
204
193
220
108
53
141
242
132
216
240
190
214
186
25
32
25
44
27
54
139
181
182
256
240
240
79
91
139
11
217
147
16
76
238
214
184
82
164
116
103
134
39
248
40
39
190
198
96
168
120
170
223
76
172
169
129
170
121
33
70
253
82
85
47
15
91
201
25
13
67
29
222
173
25
91
154
176
247
31
64
207
32
15
242
42
203
158
238
163
83
135
25
94
199
236
111
31
134
115
170
76
196
61
219
180
256
248
44
169
34
26
64
82
13
219
56
166
12
238
34
157
223
216
252
242
248
85
129
131
190
6
12
196
26
252
240
207
102
110
171
146
223
121
141
150
69
96
42
10
147
196
139
136
102
118
69
19
220
96
10
120
105
198
168
153
150
237
149
73
55
163
99
169
238
11
96
222
219
69
196
163
77
19
55
38
174
172
202
219
10
175
224
238
160
190
132
34
230
96
134
8
128
60
83
13
199
227
237
115
25
169
219
133
108
101
111
196
76
83
111
64
93
25
64
64
82
237
139
32
207
158
73
103
56
159
153
69
140
102
256
187
15
35
9
122
174
201
256
238
84
203
219
249
76
235
42
158
85
201
189
237
256
199
31
74
212
111
219
240
55
47
93
164
186
104
115
39
38
76
207
104
238
178
117
141
108
256
192
76
242
34
43
167
91
35
12
63
154
101
237
236
93
46
14
236
102
146
73
182
221
189
104
154
13
219
192
192
201
169
238
141
163
26
82
164
217
218
223
42
138
237
85
105
91
52
161
248
253
145
83
57
103
201
38
75
196
107
169
110
248
172
76
154
26
82
169
14
194
190
83
100
212
24
14
116
149
256
19
237
41
201
134
93
91
9
76
26
72
34
31
249
79
196
47
115
25
126
131
86
206
163
25
232
201
84
134
85
183
149
134
47
219
65
16
108
128
103
26
76
186
153
94
229
240
170
236
214
94
206
88
16
181
210
17
91
219
91
83
34
224
22
139
172
134
70
78
196
10
77
95
119
138
222
219
252
44
88
176
69
134
19
86
69
194
64
203
10
31
181
106
251
116
61
32
35
134
147
192
52
41
154
169
55
196
250
70
64
104
238
224
106
91
123
93
35
182
33
34
69
250
74
32
63
62
31
169
221
35
64
163
8
69
190
73
169
33
61
10
69
161
181
31
88
76
32
256
137
252
248
104
17
62
83
250
108
190
67
252
104
85
238
219
201
216
142
102
64
252
201
64
42
238
19
41
76
83
249
196
196
96
235
39
256
38
38
146
221
207
169
44
26
43
10
212
81
242
34
174
105
227
44
186
199
65
31
38
75
31
253
158
196
57
100
25
186
196
145
196
232
172
207
28
25
148
183
61
110
61
47
169
57
77
73
201
172
35
77
134
44
253
240
67
10
66
42
238
61
61
57
45
134
163
242
152
170
226
35
93
195
66
56
196
170
32
32
34
130
61
64
64
102
42
210
221
189
45
170
91
217
195
31
76
73
101
39
223
256
186
247
79
219
35
96
110
212
201
161
123
115
256
236
84
15
91
226
52
104
86
83
86
147
110
31
186
139
64
172
114
34
135
192
38
147
64
221
179
187
242
199
35
221
2
35
256
203
210
223
128
94
201
47
38
190
186
39
210
223
204
133
10
203
247
218
118
102
134
172
170
91
158
13
163
221
210
155
89
25
172
237
10
242
83
62
220
64
102
169
145
34
190
196
116
105
76
226
120
256
99
14
201
12
149
172
207
56
76
169
196
256
249
227
242
245
137
69
237
227
199
69
243
158
190
190
217
256
10
110
178
219
139
134
243
93
10
31
256
35
201
158
26
152
207
238
172
44
237
63
91
217
25
52
12
157
10
157
69
252
196
189
192
223
149
135
67
38
186
110
110
256
192
242
237
256
240
169
56
210
43
102
120
15
91
91
57
39
251
242
19
121
116
201
252
170
221
223
10
128
86
214
210
255
19
52
110
73
39
190
22
219
247
57
86
253
144
238
64
31
213
237
12
152
173
141
34
141
256
79
175
144
219
27
32
122
62
34
45
226
190
190
86
77
186
27
106
40
110
238
231
221
43
196
76
1
256
237
242
25
45
249
105
117
240
88
237
43
31
30
145
154
152
76
34
74
210
121
196
115
28
76
72
174
207
70
69
52
154
253
79
195
56
187
33
221
213
43
198
86
14
228
235
64
31
202
145
190
24
196
69
161
57
236
154
91
237
205
221
238
111
210
110
238
238
178
83
190
238
196
153
237
175
207
144
236
94
33
34
96
120
79
157
110
238
26
221
213
34
19
17
211
143
56
79
69
256
193
86
199
210
32
26
219
41
190
78
64
88
35
149
32
117
240
30
69
238
121
169
122
134
158
202
26
170
115
29
190
86
147
201
26
238
26
256
214
56
157
170
43
110
186
73
221
163
10
149
183
115
157
27
236
155
252
94
201
56
221
79
145
238
13
91
238
242
32
219
215
223
221
110
17
73
219
214
252
237
201
64
124
93
31
17
104
153
219
218
35
86
194
49
102
192
35
170
133
224
254
26
38
83
199
238
35
247
210
242
140
249
197
105
190
178
35
110
169
252
94
52
238
253
96
192
190
232
139
186
170
155
115
76
66
157
176
235
35
203
236
201
12
56
52
149
213
203
35
122
61
201
39
56
38
115
127
252
249
106
198
196
161
167
250
134
64
42
56
187
10
34
202
83
110
83
210
61
26
86
252
34
204
35
236
240
108
232
238
65
45
219
43
91
155
195
170
240
213
256
238
25
26
186
60
25
94
201
64
204
189
52
115
86
56
238
26
157
130
15
15
26
256
