51
51
51
6
75
6
75
95
75
141
40
141
150
51
222
222
40
110
150
122
75
14
54
141
181
75
182
143
63
40
75
14
143
110
183
122
150
105
46
63
46
122
97
183
6
183
141
46
122
14
63
75
87
38
184
105
209
122
223
126
206
184
47
129
127
46
63
106
106
222
15
122
223
106
162
126
135
209
135
149
205
165
67
135
172
154
61
78
14
52
111
128
61
135
54
245
165
160
52
154
87
66
183
105
206
185
102
64
62
181
111
130
243
223
126
123
185
184
138
135
154
102
96
147
1
194
109
51
231
96
66
122
96
60
106
183
181
1
128
1
172
154
181
82
111
246
131
21
71
128
141
131
219
245
231
131
245
3
131
182
138
5
138
97
108
96
154
108
126
46
154
178
66
130
125
219
128
123
46
111
231
130
131
111
165
178
225
85
63
151
46
143
206
192
181
245
182
178
39
3
96
219
28
165
111
178
194
108
27
109
46
228
49
160
114
85
129
182
53
66
114
123
111
181
246
85
142
230
129
135
88
81
85
14
153
178
151
194
182
131
172
131
118
3
108
235
128
228
135
114
3
142
96
76
153
243
154
245
139
250
191
85
100
95
172
88
245
174
111
100
109
109
92
192
245
201
27
231
211
109
125
238
248
13
13
88
57
100
187
30
181
14
120
183
192
90
92
135
109
196
92
111
131
172
14
131
256
114
129
191
109
131
158
215
55
245
14
109
64
191
138
90
71
68
120
123
201
132
131
131
172
120
135
250
132
71
28
109
189
95
138
150
242
52
129
70
174
14
51
219
3
153
153
61
93
245
86
174
187
131
63
222
141
181
174
1
51
63
192
160
154
183
236
143
138
236
100
150
245
189
3
94
135
150
103
140
140
90
50
100
245
124
79
177
222
249
53
31
92
160
172
139
3
94
27
192
102
106
114
206
149
231
64
181
192
135
63
69
220
109
196
121
109
248
126
2
186
248
6
38
75
96
223
183
245
2
149
12
21
118
13
135
109
185
245
202
94
169
51
10
151
6
150
38
94
229
50
74
122
229
73
189
189
116
1
153
139
13
3
223
223
245
38
1
10
184
134
116
197
136
177
22
37
135
1
14
60
222
100
10
91
15
177
74
94
42
101
87
59
49
52
69
242
38
75
245
239
183
138
233
74
38
27
253
135
124
109
134
17
76
150
157
92
30
75
245
109
246
128
116
109
95
15
230
174
64
46
109
197
106
256
122
172
220
153
136
96
105
65
87
116
177
96
235
139
253
42
3
239
247
184
27
151
134
11
59
34
164
122
111
154
128
250
26
252
88
52
3
13
91
114
56
63
109
54
26
91
208
13
122
215
248
228
107
124
191
154
164
77
169
98
88
60
193
64
38
235
191
114
40
139
114
50
53
52
110
93
51
122
114
174
81
1
230
102
69
236
143
75
28
131
77
181
45
238
125
158
64
250
219
221
47
157
195
183
205
203
255
76
71
64
64
238
96
38
247
124
31
164
78
14
125
125
47
1
196
140
125
49
194
39
187
92
210
110
118
76
139
109
132
26
47
203
17
25
150
145
57
239
143
116
104
8
105
96
57
30
131
100
63
219
107
52
216
5
213
219
243
10
210
183
50
206
38
38
76
206
5
52
3
96
154
2
105
51
14
77
108
132
238
124
20
52
13
76
19
114
139
21
102
193
233
34
132
185
29
49
253
122
105
119
14
15
238
235
212
184
203
84
156
119
249
57
13
13
220
92
236
8
13
11
10
165
177
243
54
104
153
37
236
141
196
75
108
78
241
227
170
178
55
184
60
9
236
149
164
102
215
5
49
38
240
156
102
219
109
120
151
91
227
132
109
54
184
59
252
247
216
167
10
124
54
160
46
30
38
125
250
189
73
103
43
202
52
242
193
240
124
190
87
169
19
243
20
239
253
110
246
238
190
4
37
102
248
26
10
235
193
238
29
210
139
175
247
184
190
186
152
131
250
243
13
247
250
228
238
178
201
143
95
77
238
131
76
203
247
173
236
103
182
108
82
147
245
109
130
244
210
170
121
63
167
217
248
216
9
30
28
34
10
237
86
78
138
99
34
188
63
136
157
240
237
19
118
139
240
49
233
14
243
82
11
15
202
208
140
71
252
249
213
1
201
20
90
42
219
76
1
170
67
38
199
195
237
203
139
220
11
190
134
235
88
236
85
146
131
103
53
147
106
149
241
118
215
150
100
73
88
25
53
157
211
63
214
238
204
31
38
52
149
30
10
215
91
238
102
236
179
25
116
213
86
73
174
210
158
145
102
42
235
91
169
139
253
210
141
149
1
164
240
248
78
134
235
245
184
204
250
96
217
134
190
20
204
92
132
128
156
21
77
235
243
240
89
230
5
103
110
134
219
132
34
91
189
242
190
170
121
169
116
158
109
63
139
104
30
214
71
63
116
179
116
156
131
150
222
184
252
178
217
217
249
164
4
221
19
110
77
31
202
184
199
210
221
238
52
121
114
109
189
55
147
21
244
115
237
91
162
13
31
15
190
102
6
35
15
8
203
167
121
30
145
26
214
31
199
240
26
174
224
34
240
1
193
78
232
76
124
139
15
56
236
86
134
103
29
243
52
155
176
167
169
187
86
82
2
102
239
122
118
78
27
13
216
114
43
207
238
102
94
181
74
250
159
253
15
38
31
217
20
248
230
248
158
86
10
179
34
173
131
10
73
252
91
256
41
15
134
14
109
34
134
193
55
208
236
196
149
238
103
221
71
15
3
190
152
236
19
13
170
37
82
96
213
135
235
138
138
55
22
256
109
2
219
253
203
34
55
235
237
168
171
238
198
78
224
43
78
89
109
109
103
63
55
220
107
1
150
195
87
64
1
75
79
252
248
243
109
30
61
84
73
42
61
12
214
77
124
91
153
39
30
69
55
182
16
82
224
128
132
228
166
27
202
256
228
91
121
63
45
238
70
159
73
2
190
6
139
110
173
170
43
173
195
211
145
116
77
205
238
19
13
114
201
14
219
238
163
31
3
78
30
89
52
198
69
28
15
30
116
122
2
169
238
138
78
123
158
14
62
213
62
15
91
102
117
248
236
121
47
64
19
195
157
43
35
91
238
13
157
78
65
26
89
43
183
252
83
82
184
147
240
34
31
76
40
217
178
71
149
157
163
139
252
151
44
71
35
48
215
33
89
26
229
152
91
25
96
150
102
95
215
157
224
18
56
238
69
142
60
79
18
219
163
256
99
238
198
157
164
164
213
187
43
116
3
91
96
56
31
228
2
48
145
86
250
142
31
65
78
70
134
93
217
43
108
117
228
238
116
76
240
61
156
150
138
252
61
83
163
240
35
119
105
107
217
170
150
231
10
13
35
203
189
136
139
131
210
134
91
46
120
93
214
88
48
99
214
184
184
103
213
34
154
42
30
63
42
121
234
186
52
107
109
234
149
77
161
64
22
48
70
78
110
1
29
77
201
83
52
12
159
119
48
146
1
52
224
132
61
137
88
149
237
198
163
179
210
170
218
223
13
129
77
93
78
154
228
158
13
34
78
216
52
191
56
169
163
224
99
120
137
207
196
10
15
79
132
12
47
191
207
48
67
119
159
