80
80
166
73
52
80
253
231
80
73
52
231
231
88
80
84
84
203
244
52
244
84
97
88
52
209
136
59
121
194
94
146
31
59
32
97
59
208
59
164
191
136
59
186
208
84
150
59
205
240
84
146
203
97
235
237
146
205
231
121
209
80
80
176
205
31
209
150
7
29
235
176
8
80
208
235
231
166
84
162
209
217
186
146
7
97
208
146
252
183
88
217
73
42
162
162
191
7
52
136
230
168
204
146
73
203
29
251
151
203
84
146
162
205
40
252
209
36
166
209
73
252
256
209
17
114
170
40
120
168
191
204
191
205
186
40
168
209
186
113
230
42
191
119
191
170
169
209
150
228
158
162
7
146
170
113
41
175
214
178
230
37
214
204
61
40
29
89
164
209
21
29
146
211
208
186
231
7
164
230
146
195
206
143
203
162
87
139
177
169
170
40
143
151
242
40
195
204
205
166
143
185
211
18
205
174
203
252
143
91
143
146
214
97
204
175
240
239
108
83
209
98
20
50
96
206
40
170
4
143
75
87
169
159
191
169
242
83
240
231
139
195
208
154
162
25
140
240
21
139
212
237
20
154
256
25
209
50
146
186
51
42
47
240
206
243
239
195
154
1
143
256
191
191
18
109
143
86
51
22
194
15
219
221
256
98
243
234
27
21
208
52
63
231
74
33
107
212
86
34
147
183
162
138
121
1
51
31
121
42
231
86
83
22
102
78
193
208
157
154
205
25
125
67
243
143
140
129
7
253
128
15
16
191
55
146
18
209
199
162
51
143
47
73
231
246
186
191
246
10
125
165
115
231
166
99
140
122
222
78
151
159
176
73
92
231
65
18
91
194
20
243
205
119
171
78
143
91
176
1
51
138
191
16
121
225
209
18
109
212
231
176
1
154
50
94
13
41
42
182
147
231
8
122
124
204
89
182
206
18
18
15
5
231
139
182
88
177
89
88
184
129
59
231
3
211
83
177
91
231
165
243
176
125
169
193
209
150
119
52
20
7
59
91
172
225
185
143
121
15
177
61
181
62
193
125
1
107
89
28
20
15
231
229
231
136
36
15
7
125
80
124
256
117
75
18
54
207
209
59
49
119
194
182
169
130
136
15
212
182
228
62
55
125
191
15
205
136
161
27
206
172
15
75
169
138
91
181
194
59
130
135
194
154
207
235
68
164
91
183
191
245
30
168
184
1
118
113
21
8
246
143
200
135
245
141
21
21
226
204
49
62
130
165
20
146
230
20
68
228
17
39
90
206
63
182
183
203
38
196
107
195
235
51
71
135
182
178
121
135
153
122
41
191
208
138
228
129
122
188
246
182
109
156
20
125
13
125
143
135
119
150
27
165
250
245
125
75
184
107
75
234
136
206
206
62
226
118
50
225
208
42
20
211
215
117
67
31
185
125
130
125
75
168
71
21
67
244
250
19
68
125
228
186
76
245
138
190
246
95
141
141
165
168
162
18
119
168
227
88
119
141
198
152
185
9
90
165
49
1
236
185
119
202
184
107
150
250
136
20
244
141
1
125
67
120
141
125
105
227
184
184
209
225
45
183
68
119
157
20
208
152
207
64
183
37
224
125
32
119
237
227
141
148
119
243
120
109
1
61
68
246
22
221
61
198
207
200
68
128
95
107
243
163
120
227
158
61
56
227
20
109
237
191
168
181
19
22
30
168
61
29
19
118
11
221
136
53
17
68
227
30
244
29
17
8
239
118
53
119
227
118
173
136
151
198
227
227
19
229
12
119
167
174
107
82
131
87
17
227
30
211
198
180
61
97
179
227
168
118
37
82
108
109
227
1
61
179
11
173
193
136
34
185
255
141
68
124
227
211
158
191
85
118
159
246
249
159
179
65
224
193
68
125
224
246
65
114
227
227
132
116
30
114
249
101
116
215
59
246
188
246
107
233
179
215
78
171
171
173
152
191
