146
203
7
176
166
146
80
166
186
204
121
203
18
22
203
203
166
151
166
248
80
80
253
35
37
180
166
192
10
236
238
146
37
186
203
111
59
31
80
84
84
37
37
211
166
169
186
105
248
88
80
238
146
37
37
89
146
37
183
35
84
238
192
169
211
167
256
121
80
3
27
211
64
135
228
37
57
146
87
256
236
80
97
10
105
84
210
256
67
229
233
253
238
140
76
210
243
250
125
211
256
27
201
91
55
33
221
46
241
64
208
201
30
90
162
14
211
91
145
21
86
81
162
37
37
170
64
208
64
60
251
108
167
37
34
169
153
253
125
64
38
184
102
178
80
174
220
76
117
37
220
34
87
211
195
8
80
49
37
64
170
37
150
10
238
37
179
41
14
41
167
188
154
252
183
37
74
167
37
206
37
38
223
37
240
248
121
1
203
13
38
240
102
6
64
54
169
210
145
190
248
96
126
192
186
24
125
183
64
251
34
108
186
35
253
90
67
229
37
34
236
80
162
166
37
225
175
187
88
88
104
220
37
89
107
16
79
175
146
174
169
229
8
5
238
46
189
86
35
128
235
90
120
185
186
250
115
127
37
96
64
169
153
238
225
67
170
76
28
65
19
238
50
186
179
8
181
195
16
19
243
49
93
88
219
203
121
178
201
19
225
5
37
229
175
203
170
144
21
169
142
126
122
151
96
96
47
187
34
236
223
37
193
37
248
104
147
10
13
146
8
8
37
89
25
75
147
4
127
236
201
198
31
37
194
150
164
138
77
179
34
123
140
76
34
199
146
187
87
10
221
69
15
181
103
121
195
256
37
210
108
159
228
175
116
37
144
19
169
113
90
37
125
185
108
106
34
38
236
65
142
35
135
153
235
110
229
124
111
64
253
171
68
47
32
215
136
255
15
230
167
203
27
91
38
128
146
86
60
238
236
63
87
28
28
186
64
210
8
103
238
179
238
175
64
38
35
37
18
74
108
8
170
76
89
195
35
103
196
235
58
170
203
65
83
229
28
175
236
58
22
14
168
203
93
127
15
8
140
74
35
203
92
4
102
93
37
175
195
32
4
34
223
76
38
101
37
96
50
95
194
203
31
183
8
106
256
111
35
178
85
151
121
170
4
22
114
227
139
240
225
248
37
252
37
206
220
250
250
237
180
219
230
201
253
58
64
2
35
114
92
170
179
108
54
184
201
235
183
154
35
65
126
58
106
8
248
235
8
64
5
8
238
14
144
243
14
37
206
5
87
103
37
199
5
175
220
28
92
128
79
238
129
174
35
248
37
229
206
170
245
223
40
211
194
24
221
58
6
251
97
6
12
116
8
140
219
37
13
211
223
201
178
28
10
162
248
217
83
251
63
181
65
203
61
212
64
8
244
31
127
34
92
64
160
51
108
96
103
54
206
34
154
65
58
64
30
51
201
209
34
25
8
41
59
103
79
170
64
187
61
93
229
4
5
6
1
10
132
238
184
161
153
256
103
248
37
90
212
167
169
164
144
16
37
103
121
32
212
179
37
58
5
93
108
201
41
87
170
194
142
238
117
196
139
2
55
110
114
179
37
236
238
121
125
49
13
92
189
82
248
199
121
8
64
5
178
201
37
169
6
92
101
229
93
241
108
83
6
25
116
10
61
79
113
154
37
77
210
54
228
210
24
1
125
10
190
238
65
201
96
187
64
126
174
201
103
8
238
250
92
113
190
4
28
100
35
240
189
5
10
219
165
12
170
229
108
35
122
10
201
96
11
210
61
128
110
85
124
196
201
94
61
221
144
38
37
180
6
87
108
37
184
85
251
190
1
64
167
8
105
51
146
219
91
67
83
87
238
145
83
170
37
37
175
37
192
236
138
142
43
31
38
251
34
81
79
111
16
70
25
28
129
144
25
3
191
63
255
252
196
64
9
103
196
70
64
103
147
8
58
113
60
250
38
140
64
166
8
240
169
98
34
85
104
191
76
37
25
184
37
31
6
238
63
108
77
102
96
37
61
81
65
196
90
69
103
38
169
247
60
115
201
170
253
89
210
86
229
34
37
219
134
38
139
251
251
248
35
37
19
248
6
61
37
108
25
58
206
79
83
110
105
196
34
154
90
91
192
250
256
236
82
206
61
240
169
170
171
1
19
85
64
256
210
196
154
210
38
244
238
34
12
113
201
196
201
61
85
248
104
154
91
201
76
195
240
221
238
169
63
6
219
137
85
169
10
34
169
219
61
147
34
195
21
178
61
122
11
114
4
170
25
65
121
65
190
133
145
4
201
133
94
238
111
221
128
251
194
37
32
253
41
43
34
34
65
83
13
206
250
34
199
221
255
8
230
182
244
4
238
116
125
10
89
238
21
105
37
220
122
230
37
101
129
223
146
83
167
55
61
88
255
85
37
89
196
69
238
34
14
134
108
61
170
96
198
229
19
154
125
175
76
116
29
3
207
125
113
203
38
35
37
220
63
24
174
196
190
106
128
1
139
32
175
252
252
14
185
6
37
169
122
206
242
105
113
229
104
201
3
25
11
233
184
187
216
94
112
37
145
199
81
201
240
21
181
39
24
36
61
38
199
139
196
171
220
210
210
175
102
125
16
37
201
123
81
134
144
4
193
8
186
79
129
252
108
8
219
79
18
212
39
24
85
122
147
220
210
76
86
34
174
19
154
235
61
29
61
164
171
220
219
85
25
231
6
35
70
76
22
108
5
236
129
169
139
127
8
174
182
63
212
144
38
26
34
247
247
255
19
171
28
179
106
22
122
25
6
229
63
174
108
46
105
255
127
35
49
6
170
49
21
26
170
37
256
122
28
59
67
134
203
25
5
35
94
244
256
106
198
64
96
147
102
8
129
1
201
216
221
135
201
196
16
104
64
64
207
174
138
64
219
93
225
37
238
136
196
238
121
122
164
171
63
171
156
1
25
67
156
31
134
154
47
35
243
160
247
229
230
28
210
201
24
105
203
253
201
147
13
41
207
170
171
105
76
34
101
183
88
194
199
156
101
220
61
10
149
122
46
74
248
101
6
129
176
122
79
242
26
5
247
236
180
101
221
139
221
247
25
68
8
156
223
176
61
76
4
115
237
142
154
39
56
38
108
38
6
61
216
156
64
164
247
180
201
247
94
37
19
134
146
15
29
42
134
55
170
81
221
57
171
19
169
167
211
29
253
24
127
6
57
128
236
256
134
256
102
251
228
164
108
118
59
190
243
242
47
47
147
110
108
229
47
34
117
188
47
154
62
82
88
244
251
119
35
218
186
142
239
134
190
196
196
122
242
46
247
201
93
210
169
167
147
253
196
198
64
182
119
168
141
88
108
9
230
39
57
255
69
8
16
24
227
223
255
3
154
24
177
4
192
47
91
20
193
149
201
224
109
149
124
248
246
41
196
119
147
37
227
183
61
241
227
26
147
147
122
212
226
168
176
154
134
102
18
246
120
252
212
230
142
168
122
102
247
242
243
154
174
69
147
18
63
138
129
46
154
201
93
127
122
248
24
255
247
201
24
137
175
43
168
137
213
93
154
195
201
229
220
160
136
141
227
47
255
47
232
57
57
97
37
222
241
247
160
15
184
22
247
253
247
241
76
216
86
255
185
158
141
167
182
242
122
171
255
154
133
198
171
6
198
4
210
46
247
4
31
256
154
8
46
158
187
6
24
6
210
252
55
246
181
95
255
188
26
4
227
18
134
247
180
79
61
195
207
230
198
207
63
59
216
223
57
128
141
24
248
229
24
181
252
154
188
109
175
187
133
255
122
247
239
156
139
79
104
46
61
235
198
247
228
79
46
178
171
229
131
76
163
119
43
10
138
246
15
24
91
163
6
38
177
37
81
227
247
20
219
122
154
171
184
179
132
168
171
163
205
218
227
167
37
37
34
232
76
246
250
254
90
122
180
252
97
13
122
90
63
6
168
247
204
37
37
141
246
184
238
210
46
187
171
189
98
163
131
256
132
86
14
193
241
73
229
6
3
246
97
111
241
2
195
37
92
119
77
119
227
46
132
167
247
241
227
24
37
24
227
188
24
111
46
43
171
6
24
4
241
191
