143
143
143
109
96
109
96
109
123
143
208
208
109
74
208
109
109
145
30
151
236
30
177
67
118
248
89
90
145
90
24
208
98
140
121
151
220
160
248
30
92
98
5
192
90
129
253
46
196
18
113
74
92
109
160
6
26
6
60
220
196
220
129
128
74
37
96
90
117
165
185
119
181
177
60
26
196
236
65
208
138
229
206
92
75
206
220
65
65
116
95
19
114
212
90
26
220
236
201
165
51
248
6
143
181
107
243
226
86
14
1
89
28
107
219
117
90
11
65
40
246
98
129
220
109
236
92
30
117
151
81
90
2
21
65
28
129
116
117
28
229
109
220
160
30
34
2
68
129
33
217
220
6
151
75
138
129
220
127
206
2
28
28
96
187
130
151
129
244
94
131
81
223
181
205
6
61
116
86
74
38
4
39
223
17
130
92
236
4
181
59
183
30
141
118
236
74
250
223
61
129
200
90
122
141
35
147
109
3
1
248
103
44
254
116
37
220
86
46
155
107
110
1
128
137
132
144
117
9
110
204
187
95
254
30
212
122
128
117
212
92
31
58
236
252
129
199
28
110
207
60
181
154
137
11
195
125
254
125
8
5
86
140
135
122
46
40
122
117
120
19
2
185
130
129
19
14
188
219
60
185
122
192
141
256
1
56
226
254
33
169
172
223
74
236
42
235
181
110
142
1
87
75
41
109
197
39
33
142
51
119
151
226
226
144
79
113
235
236
225
179
39
254
14
220
207
23
14
31
90
236
101
223
6
227
151
13
180
246
13
236
230
181
147
201
216
26
220
192
105
74
161
36
79
165
65
149
100
182
222
169
76
206
117
165
39
95
86
32
52
6
248
177
41
179
117
32
9
138
1
198
171
187
114
109
9
132
167
34
28
129
116
96
122
42
113
90
156
137
79
141
46
206
5
167
207
181
30
254
248
129
217
104
246
90
203
96
30
105
239
20
229
168
53
16
91
183
40
243
201
198
92
137
53
154
39
254
183
75
130
100
215
16
98
113
254
39
229
33
217
39
130
229
2
153
181
183
171
156
28
256
51
1
5
236
249
42
154
62
217
225
39
83
105
253
20
167
220
100
3
93
220
137
79
182
18
250
100
153
90
114
187
222
116
171
171
153
88
108
88
113
17
246
64
24
112
66
254
117
182
33
195
4
132
227
94
39
154
87
187
154
100
33
179
119
156
185
74
10
7
81
19
246
167
206
154
114
229
131
175
6
245
171
183
38
101
141
12
3
167
14
213
223
39
255
169
34
245
168
234
137
174
105
181
134
141
214
179
55
195
106
126
222
149
124
201
46
30
9
161
253
185
216
78
106
13
39
110
196
68
176
126
247
60
214
110
60
189
9
88
56
108
117
249
149
30
6
135
30
208
231
62
34
223
183
241
20
9
6
1
154
6
217
62
14
2
211
90
60
246
117
130
39
4
246
77
245
20
130
221
226
24
232
253
228
181
211
223
1
14
198
132
4
28
39
92
216
171
14
153
78
59
107
206
179
207
192
5
179
137
145
107
132
158
14
219
39
41
170
16
62
208
100
230
86
153
167
226
231
168
107
192
72
206
239
100
226
241
42
42
189
9
28
5
124
220
117
152
254
233
142
235
236
132
109
151
228
140
182
59
204
246
95
2
96
161
200
65
222
36
150
113
114
239
138
176
254
39
246
222
27
1
236
135
86
191
222
65
2
74
181
235
107
107
137
237
199
148
64
132
13
37
230
200
188
210
160
28
216
1
77
160
211
141
59
246
6
64
96
24
192
239
138
228
70
182
222
96
74
222
56
39
43
49
41
46
183
230
157
175
64
246
2
168
23
76
182
123
122
96
14
27
2
140
77
168
235
60
91
228
14
79
14
196
183
184
246
163
117
255
176
120
5
132
132
130
92
67
157
246
170
169
229
14
195
92
196
182
208
154
246
250
132
64
52
56
8
245
83
222
75
33
196
195
33
104
100
195
132
39
84
61
180
233
30
172
60
33
235
188
245
132
28
195
188
30
206
74
168
86
207
230
83
1
192
70
39
171
160
70
96
209
44
74
191
217
5
125
161
130
29
21
164
241
24
129
72
94
34
201
86
180
216
227
244
193
39
144
3
221
33
144
167
39
4
229
216
229
171
247
78
57
108
132
220
100
79
72
112
227
174
196
30
171
31
35
142
230
28
79
77
176
223
107
132
2
227
156
1
137
21
139
37
201
142
132
223
14
178
28
117
253
25
90
151
215
11
112
212
245
59
78
245
195
57
38
236
59
69
224
123
101
190
14
6
117
56
246
139
117
76
2
15
79
72
170
187
178
56
140
124
91
171
227
135
168
255
196
142
255
183
4
28
137
167
130
227
26
236
192
196
28
96
86
132
191
30
142
109
161
156
172
181
39
228
255
124
254
20
100
207
195
2
115
11
168
88
225
96
245
65
227
180
229
229
38
30
223
199
187
88
142
60
200
59
42
37
182
73
224
234
70
227
187
187
117
135
79
206
213
222
228
139
219
97
170
24
86
86
158
245
171
105
57
171
77
138
131
94
252
123
184
188
139
207
38
176
192
18
5
100
201
23
187
102
229
248
132
32
130
124
1
188
52
43
39
10
137
188
145
77
223
167
173
20
173
59
37
184
132
144
188
79
250
216
214
240
163
172
9
171
149
79
144
118
254
114
44
83
175
233
44
9
210
133
171
90
233
196
15
190
109
157
49
116
102
233
14
58
108
60
95
42
140
59
187
206
21
50
194
15
230
181
37
229
10
4
159
207
196
169
237
39
20
135
14
142
74
43
219
168
236
20
101
174
75
108
224
59
59
26
187
130
108
43
221
28
135
39
2
49
139
195
144
46
229
60
51
127
205
31
180
230
27
17
99
13
132
67
247
169
248
102
79
103
243
214
245
199
196
207
124
14
240
195
199
25
198
217
129
255
15
28
108
83
134
190
28
87
170
168
175
130
117
194
59
4
246
70
41
219
37
110
229
147
77
255
9
254
124
169
199
125
132
70
13
255
40
159
207
69
255
9
154
57
224
10
207
196
182
229
1
57
69
30
1
57
236
228
205
35
33
26
230
246
41
219
117
68
142
131
122
192
55
77
201
183
188
163
24
60
255
40
187
236
255
241
125
120
196
46
93
25
22
35
88
125
240
233
15
233
208
43
235
188
173
138
121
252
57
133
56
192
97
49
20
83
233
100
88
26
112
169
40
94
252
83
139
216
208
187
171
21
245
1
154
216
87
105
158
216
85
174
233
247
168
43
130
70
203
77
51
185
228
26
214
120
172
256
30
171
168
117
100
228
169
203
26
229
14
20
38
160
194
124
187
185
39
178
178
222
114
15
207
122
39
114
135
40
19
245
185
233
27
74
219
178
38
150
116
216
124
160
203
4
122
42
161
57
116
29
241
252
236
26
255
228
125
137
53
218
118
178
44
70
196
131
135
69
15
181
101
222
144
53
106
196
86
109
54
77
247
124
188
67
176
14
125
100
115
198
215
125
81
183
151
147
70
199
114
167
222
154
105
75
188
246
93
228
58
109
118
10
116
102
100
27
132
2
178
232
82
100
170
233
187
222
97
169
207
214
182
63
171
192
106
174
217
2
153
187
219
170
198
77
51
170
42
109
227
210
10
39
236
68
94
179
78
24
102
69
102
236
229
19
30
170
210
100
171
153
2
155
105
79
131
30
20
26
102
79
198
124
72
64
227
84
158
89
20
197
69
61
184
102
26
4
24
219
237
212
120
174
171
30
39
197
144
23
117
230
51
158
198
52
130
83
247
46
61
59
218
24
150
53
255
43
48
133
229
72
253
168
120
55
138
68
148
168
19
78
199
210
100
93
207
178
10
114
43
198
176
179
70
238
120
132
170
145
103
46
55
93
203
241
189
20
249
242
140
198
100
69
154
188
103
190
43
173
195
144
10
2
216
120
140
218
246
255
24
189
227
137
69
250
115
188
24
52
103
48
174
48
255
226
2
152
155
196
124
33
