123
123
123
123
243
174
174
195
147
205
147
105
175
126
34
96
94
181
154
94
73
147
106
122
9
111
90
51
94
177
34
250
105
250
222
106
255
253
154
76
5
94
199
9
249
212
9
245
207
9
52
9
207
88
207
88
110
99
9
190
81
151
110
252
27
88
9
9
86
94
129
248
55
55
94
145
120
89
154
18
58
255
197
105
99
94
157
12
107
237
105
71
16
66
105
136
207
74
206
149
95
138
28
73
55
77
9
97
120
115
226
255
211
99
9
137
26
250
129
128
237
85
221
9
56
146
99
217
41
87
106
199
211
121
121
95
95
99
128
174
155
9
85
150
56
178
106
220
28
178
211
99
12
204
27
39
182
220
9
30
197
106
161
42
94
99
42
189
114
138
9
116
8
85
15
174
14
45
42
105
136
256
127
196
247
27
145
54
176
106
163
17
99
134
106
155
79
57
95
45
220
220
238
17
114
12
14
216
157
52
223
128
178
27
56
28
26
112
174
121
56
243
26
72
77
149
192
123
172
114
99
110
17
106
133
45
99
26
213
219
86
129
149
222
215
242
114
9
79
161
42
19
190
218
157
56
73
252
163
219
157
174
161
140
57
82
44
69
110
99
140
202
199
155
161
77
219
105
189
168
218
236
64
163
242
42
45
114
44
86
220
190
178
134
28
74
136
79
189
213
44
157
56
134
161
163
142
157
9
114
232
232
112
53
133
216
150
108
110
114
133
117
110
176
64
157
210
174
128
184
222
77
105
202
110
197
95
158
181
237
96
120
73
55
233
26
110
213
228
115
110
196
66
159
157
110
96
56
26
77
157
157
177
157
139
163
238
99
155
77
155
222
6
163
106
56
249
172
140
63
12
181
6
32
232
218
94
9
236
124
99
9
190
178
64
13
56
124
207
131
235
94
215
28
57
157
215
56
64
134
73
124
133
45
134
115
81
86
54
86
157
45
183
184
96
215
157
86
163
110
26
124
232
77
238
77
124
110
45
102
159
79
56
110
117
86
170
232
163
86
86
159
13
117
207
140
26
218
189
32
26
129
218
155
150
117
41
238
110
77
86
155
249
86
190
86
133
99
214
79
228
32
222
210
56
133
248
204
15
163
15
77
228
79
237
210
236
117
183
77
129
183
111
134
150
159
190
73
27
178
238
86
5
13
48
170
214
75
53
236
99
237
117
52
73
115
183
145
56
44
163
149
210
202
190
85
77
94
129
77
235
10
148
64
178
45
11
145
73
73
45
145
16
45
53
145
212
117
77
237
237
56
110
238
95
77
252
77
45
157
86
77
53
235
215
115
248
56
86
10
139
77
75
248
44
157
183
218
96
131
75
73
45
51
77
124
19
163
85
157
214
124
240
241
99
189
133
124
157
95
145
97
115
150
99
27
157
164
64
228
73
163
52
131
111
215
105
13
238
29
44
219
77
13
99
77
48
103
157
99
19
15
213
149
53
77
56
46
175
157
77
110
155
238
74
248
53
45
131
218
183
57
218
214
45
202
46
45
148
178
228
77
86
148
153
215
215
155
148
46
6
142
252
72
159
64
134
131
12
189
131
46
48
15
45
145
45
252
9
197
44
236
46
213
124
57
81
161
23
105
241
155
64
76
51
26
124
111
77
163
9
210
154
77
157
124
139
148
25
158
69
159
145
207
26
155
85
56
53
155
41
82
26
81
124
189
182
86
64
26
157
12
48
56
220
37
53
148
9
57
45
110
189
46
242
56
229
45
111
38
23
159
48
155
22
189
38
26
77
12
12
155
189
167
48
159
12
163
73
157
189
86
213
76
207
149
48
44
155
12
45
163
57
56
142
45
155
213
155
26
145
56
155
145
214
23
163
76
26
131
82
155
214
53
220
155
159
56
157
155
155
45
213
45
155
72
