29
209
153
67
91
73
91
29
84
91
55
162
142
250
36
26
7
84
205
205
7
66
29
74
55
74
26
205
222
163
11
223
26
26
33
176
73
180
203
181
105
13
164
7
107
164
208
204
74
13
183
61
106
93
252
35
230
36
24
58
204
13
106
51
61
25
191
129
127
29
172
138
190
172
26
27
39
230
216
216
13
230
129
112
185
216
113
239
135
145
7
36
170
89
74
94
163
94
138
74
172
248
154
221
1
216
182
240
250
239
122
199
206
112
237
88
191
256
239
223
109
216
22
65
92
109
65
109
36
154
250
42
172
92
1
59
129
102
237
94
109
74
237
151
13
3
18
206
129
109
59
172
7
74
203
62
169
138
230
163
40
216
236
91
101
109
127
253
151
112
247
154
89
87
211
104
145
89
102
125
108
221
199
125
184
191
60
203
106
255
60
65
1
253
138
69
233
180
237
135
60
216
1
10
64
60
127
242
140
121
115
42
153
31
204
87
216
239
115
253
89
204
60
240
71
122
169
22
252
30
35
18
251
190
43
51
155
72
125
154
145
189
251
154
54
106
255
87
98
10
86
37
138
162
216
104
59
194
215
75
30
69
172
191
219
164
125
253
35
146
189
218
10
186
214
65
199
237
39
190
10
64
242
80
21
1
1
66
234
217
242
246
194
115
203
30
23
129
75
115
204
86
106
241
60
243
94
130
255
181
144
50
23
104
203
184
7
200
186
112
115
218
156
89
34
239
16
18
80
73
62
243
206
101
252
112
144
206
2
17
102
44
184
255
117
194
184
44
234
15
115
241
202
144
210
220
166
14
130
175
16
30
61
184
90
199
12
220
7
187
137
200
225
3
104
102
117
2
184
176
10
218
44
225
37
225
243
219
112
218
247
216
165
222
217
103
60
80
21
175
72
247
172
190
12
112
174
137
46
82
40
166
30
69
256
225
175
16
171
158
154
225
256
59
61
8
163
163
16
222
117
196
219
174
45
220
225
212
112
1
95
169
14
191
116
73
239
239
212
60
253
35
30
58
192
116
118
216
231
140
216
60
237
8
137
204
80
225
174
20
183
7
121
153
40
180
219
245
160
178
27
27
60
212
171
191
69
247
239
182
256
117
117
116
114
200
212
151
23
82
216
125
54
167
253
14
179
54
193
195
74
5
5
140
125
217
216
233
52
235
167
116
225
194
154
204
204
105
202
25
84
201
186
65
72
14
124
212
152
146
225
166
44
62
176
129
174
88
18
171
252
229
208
121
143
61
168
31
242
90
159
140
64
46
225
230
117
242
175
201
253
20
62
117
116
215
230
72
66
21
253
133
76
149
191
196
92
7
14
13
7
56
158
229
167
157
190
151
25
72
245
82
237
40
245
123
171
36
34
133
160
31
140
125
120
43
20
221
254
20
190
167
64
15
106
234
101
36
130
149
20
153
82
120
35
7
7
226
124
200
219
163
49
137
23
200
42
159
216
171
142
170
30
131
191
224
35
70
40
20
201
96
167
217
74
125
137
153
72
254
71
116
226
154
241
129
116
252
16
137
149
61
104
212
35
242
159
142
23
68
237
225
40
60
12
137
24
192
85
166
72
74
60
113
192
128
117
256
248
39
133
73
158
241
156
100
82
60
170
40
218
215
194
200
191
216
142
20
179
117
212
48
20
252
255
124
210
80
175
91
57
196
72
248
35
197
44
3
63
85
66
1
77
132
15
186
32
200
215
154
199
169
137
215
60
133
60
60
16
80
152
163
25
35
82
96
167
104
254
70
202
82
133
116
237
85
248
17
82
35
227
56
124
200
157
224
36
241
117
128
212
101
125
218
204
56
167
101
142
219
31
236
196
170
179
215
170
189
85
88
157
190
216
194
43
238
10
157
70
70
216
73
175
11
254
233
119
124
242
193
27
163
24
216
68
73
227
215
196
155
224
241
117
52
195
213
34
31
25
252
94
148
23
56
254
201
161
137
182
200
135
197
102
188
68
149
188
116
106
116
221
228
215
10
254
171
68
82
137
213
82
20
50
125
133
32
23
71
74
15
56
189
189
247
97
163
137
13
142
189
146
236
35
154
200
22
44
88
217
196
38
73
25
229
35
23
203
113
157
215
70
163
12
20
22
2
230
142
130
151
148
19
72
174
142
14
220
24
256
142
145
154
246
237
192
82
37
237
117
125
170
72
142
74
256
218
166
241
159
15
25
200
142
163
44
170
60
252
56
12
124
116
30
170
60
40
39
71
35
186
142
189
184
142
132
188
200
242
22
13
125
151
30
104
104
35
88
55
140
174
2
98
88
139
214
85
53
142
80
80
82
221
82
163
234
42
139
70
142
142
196
89
193
210
102
99
64
194
137
82
149
56
64
104
254
223
83
42
82
72
111
158
137
171
101
134
82
163
76
214
42
3
82
10
2
31
24
237
77
167
161
135
30
173
25
192
117
249
251
117
64
30
193
85
113
70
209
24
113
104
251
243
256
160
99
221
170
255
35
148
20
186
251
31
142
116
103
249
72
219
115
42
153
254
70
45
186
35
13
56
32
35
42
256
94
232
256
6
160
115
24
115
137
241
238
202
200
163
129
60
79
57
196
124
142
52
247
210
23
237
163
20
210
14
223
216
52
120
200
196
238
237
154
242
28
15
137
106
151
201
119
8
158
107
256
185
237
254
254
89
192
150
100
236
151
104
120
99
159
16
164
160
189
133
184
149
35
96
255
35
20
234
201
30
206
55
78
202
137
124
72
69
72
142
24
200
156
96
49
31
133
163
2
214
72
125
137
237
156
254
31
71
115
160
254
98
15
72
256
121
230
57
6
88
134
221
232
159
179
219
134
173
61
240
86
23
252
199
210
200
23
213
30
64
240
56
11
52
56
61
35
256
133
213
61
255
35
30
132
237
95
255
210
251
22
200
199
186
101
151
139
163
26
256
31
12
233
61
10
13
199
52
163
72
120
197
207
107
256
170
139
12
59
148
170
56
61
41
103
117
134
193
186
25
30
255
117
86
10
133
247
42
2
142
94
35
91
91
73
157
35
228
72
134
103
104
6
72
134
240
99
15
157
86
174
11
157
249
120
57
214
169
148
219
35
186
201
30
242
203
10
72
88
35
210
17
95
149
91
256
170
56
240
53
218
120
213
75
60
52
134
196
94
163
42
91
215
158
216
240
134
94
65
256
13
133
10
202
72
160
201
120
216
169
133
134
237
237
247
256
186
163
35
26
159
186
240
161
39
115
133
10
11
190
8
163
146
171
82
133
189
238
15
11
44
91
216
45
52
86
34
101
200
213
213
161
45
26
146
88
182
159
196
133
223
52
79
161
21
61
159
133
36
155
256
197
214
17
14
133
155
76
61
56
213
64
186
199
240
42
133
193
56
163
88
115
238
213
155
240
9
224
107
228
113
45
83
14
158
