208
208
208
208
59
11
11
209
59
209
157
143
239
165
80
143
165
176
240
176
143
209
190
115
208
166
62
80
186
143
208
194
123
208
209
209
209
123
62
225
21
138
184
215
84
98
115
7
84
162
7
215
84
162
231
102
211
162
149
190
186
188
7
74
153
174
79
102
203
127
73
197
162
57
216
256
26
157
84
190
176
118
213
123
123
99
132
217
73
123
204
28
123
11
104
3
135
190
217
112
216
104
27
249
117
211
92
135
97
98
249
73
92
104
117
155
118
17
176
133
188
239
28
117
207
36
104
143
83
143
50
202
36
26
208
237
208
132
97
26
216
185
208
138
211
118
67
33
18
138
118
29
3
14
176
79
79
232
33
204
18
94
215
232
164
72
202
216
14
228
67
218
11
135
239
78
109
32
215
157
206
206
159
192
99
79
28
73
135
143
118
50
94
109
232
232
84
26
135
197
206
211
64
199
98
147
206
50
79
142
237
182
252
33
202
72
50
217
118
188
232
78
109
180
235
202
33
250
250
25
92
53
149
50
42
104
67
78
149
174
217
223
206
226
223
221
143
223
150
207
202
49
218
29
64
217
147
206
94
92
215
4
212
17
49
78
224
9
249
213
184
49
26
142
142
162
188
32
226
50
97
23
184
223
245
192
3
255
104
32
178
232
232
188
188
78
24
97
174
97
178
97
33
82
82
9
172
197
9
188
230
226
97
190
190
215
215
28
32
74
207
45
99
133
133
95
50
17
171
128
232
127
123
133
157
66
42
123
1
25
29
172
25
84
74
74
84
29
202
174
99
123
13
214
51
12
224
150
136
150
11
190
128
223
143
232
190
178
17
206
206
211
150
176
17
138
97
256
235
4
241
67
133
73
123
82
226
183
206
150
40
53
172
161
184
82
99
228
84
255
9
176
132
249
155
211
77
197
99
114
160
67
225
1
255
232
1
133
133
138
85
225
44
101
106
95
197
29
188
77
77
123
219
118
99
99
15
77
197
128
217
228
73
184
255
22
77
133
216
85
132
171
232
146
59
162
52
83
228
77
183
230
50
239
206
200
256
216
232
39
63
164
228
176
99
138
27
159
197
181
252
121
155
230
144
174
155
185
54
13
56
188
77
226
218
115
99
28
148
86
144
133
77
17
226
63
226
189
133
157
226
4
77
224
99
228
255
248
26
115
232
85
99
207
154
102
122
255
246
77
50
246
157
48
133
85
210
133
133
63
133
131
57
157
115
54
133
43
54
21
120
188
133
132
157
72
82
206
131
84
3
133
228
228
26
13
150
208
202
254
101
131
21
133
228
28
150
43
104
179
217
54
131
95
85
82
176
227
15
183
218
202
176
235
243
243
176
174
255
83
54
228
73
174
148
66
100
115
82
255
69
115
243
29
202
120
66
43
146
43
63
90
176
85
77
228
256
43
202
82
85
200
245
247
187
228
228
131
213
9
3
192
199
159
100
15
77
133
77
226
187
124
179
192
43
133
