28
165
143
160
106
160
98
165
200
98
243
211
51
245
151
172
51
243
243
105
151
172
47
51
243
172
151
47
217
217
28
105
243
105
151
123
96
243
126
105
61
123
141
54
54
154
231
41
96
172
96
217
51
54
54
47
66
106
66
68
66
54
66
47
106
41
54
197
83
74
123
66
28
153
26
92
99
92
154
123
212
94
92
9
186
172
202
25
172
99
174
156
129
35
61
106
28
98
199
126
126
92
217
131
84
174
118
147
74
110
104
194
73
243
41
232
141
97
51
197
94
74
246
129
143
197
27
153
99
203
99
231
253
197
84
208
208
153
67
197
99
146
66
36
115
253
143
153
69
239
141
162
197
14
14
194
97
208
98
160
209
252
153
92
107
171
126
239
171
7
168
33
74
206
150
98
71
99
34
190
209
33
251
65
140
10
162
84
36
51
162
54
199
33
84
156
99
25
141
95
4
162
99
204
221
206
242
215
136
162
16
60
156
171
171
190
242
172
92
162
27
98
122
29
50
222
136
111
89
99
230
198
127
71
221
99
126
107
71
213
54
256
162
179
244
186
162
99
230
75
29
162
255
221
99
54
162
213
99
230
184
172
54
173
135
161
48
243
249
40
178
177
173
225
161
127
49
129
15
190
42
35
52
40
179
155
213
84
126
29
123
15
232
156
122
232
222
44
253
71
143
99
177
118
95
162
208
162
141
197
243
7
123
127
107
197
65
40
233
232
200
74
114
197
150
50
181
55
15
184
129
71
204
181
122
52
52
69
89
84
232
54
94
197
162
162
92
251
94
36
175
163
162
29
33
136
158
197
165
138
244
204
199
74
122
89
246
254
175
121
202
197
104
121
244
190
130
197
232
213
197
200
210
114
157
51
107
171
99
188
98
98
153
165
125
215
158
46
85
175
175
253
84
224
245
239
162
43
172
178
245
207
174
72
99
113
98
159
191
224
122
120
113
71
210
107
101
54
13
213
202
167
16
8
152
101
113
36
200
52
145
202
52
84
19
175
21
218
210
175
191
36
36
175
167
200
3
56
47
9
52
113
191
127
54
14
62
23
108
210
22
127
202
222
253
83
152
227
4
71
71
222
232
72
172
41
139
158
230
197
162
144
109
45
80
82
197
71
144
213
45
122
197
191
109
109
44
163
113
254
59
11
48
15
7
13
12
108
197
149
213
84
22
121
18
255
202
143
24
160
236
197
33
165
167
245
161
149
195
189
193
230
117
60
201
245
197
185
162
84
98
81
149
152
72
196
254
12
79
71
197
239
239
215
163
105
239
197
42
72
99
152
71
60
19
145
119
232
106
72
52
161
70
45
119
116
3
60
104
197
71
202
152
214
145
202
60
56
192
191
105
35
104
145
56
157
106
208
82
242
144
193
161
202
45
199
232
105
151
189
60
23
252
158
79
26
160
56
220
200
237
178
45
184
197
19
220
256
60
256
133
215
19
35
133
233
152
160
179
165
201
86
56
214
197
76
25
82
218
151
247
115
201
233
219
45
255
189
43
133
186
133
190
73
77
23
77
189
193
106
189
1
252
86
157
202
35
233
224
38
186
102
56
196
121
82
72
69
83
115
52
157
134
228
233
196
233
202
170
238
255
233
