186
231
186
182
80
75
230
95
231
75
95
230
87
126
112
127
84
174
95
186
138
138
107
73
75
8
126
222
107
186
186
222
206
95
95
174
174
138
181
246
222
17
17
237
107
181
95
118
51
174
75
114
8
206
246
181
184
107
136
66
174
141
237
138
206
51
118
141
114
222
118
51
107
181
141
84
246
28
66
246
51
51
121
181
29
237
174
244
118
211
234
211
206
107
9
92
141
141
244
94
126
118
182
211
136
66
27
181
118
174
114
211
182
182
182
94
136
136
222
231
181
92
87
75
154
174
211
181
180
217
231
182
118
226
87
141
154
75
66
141
98
92
47
122
118
226
118
92
114
92
226
198
78
226
154
172
198
226
139
198
123
154
217
92
168
222
181
195
107
154
182
107
174
104
182
160
195
254
195
58
70
154
214
190
182
78
182
55
94
95
138
233
249
226
141
226
216
216
195
141
216
233
255
182
27
107
19
160
255
252
247
168
39
216
244
107
94
168
141
76
106
122
122
46
179
107
8
182
255
182
141
122
235
174
195
122
104
216
107
9
138
122
122
198
198
182
136
114
130
150
106
244
135
141
94
46
182
122
235
225
47
247
115
124
198
124
139
160
198
246
157
216
91
39
141
124
182
235
110
135
7
15
116
135
142
174
135
51
47
135
29
205
156
135
60
216
65
164
55
223
47
205
244
108
205
253
7
154
255
38
154
73
60
253
32
181
114
192
117
132
182
48
176
168
247
247
33
246
142
66
139
150
21
176
243
248
80
115
88
253
141
166
76
115
63
132
30
186
226
141
29
19
154
149
141
182
63
91
88
198
182
32
183
179
152
246
7
179
227
20
255
122
96
246
73
147
235
222
246
183
213
245
207
247
142
141
53
178
179
9
30
21
233
158
34
255
47
109
156
53
184
75
109
107
18
111
185
152
254
145
141
226
191
252
109
224
245
164
124
245
227
191
152
49
152
246
149
47
244
233
173
149
111
94
212
179
226
191
38
101
152
179
156
152
252
224
248
188
180
191
118
236
6
244
156
174
236
68
142
198
