98
91
194
97
203
121
19
103
110
8
116
194
103
103
182
207
223
212
67
196
103
226
41
97
77
135
64
32
223
136
223
228
1
64
229
248
182
147
108
81
196
108
9
132
235
67
224
27
76
103
207
102
224
178
103
59
71
67
81
201
17
131
34
228
135
201
185
96
111
229
17
237
201
236
17
22
59
95
201
223
201
131
64
201
147
10
64
17
97
185
178
207
240
223
225
147
108
34
147
67
228
231
132
201
61
100
225
77
238
33
64
231
66
31
217
126
25
53
5
28
96
190
90
28
136
67
201
207
150
249
77
150
108
84
199
164
28
104
131
31
143
190
12
5
53
209
201
50
31
211
57
248
207
42
226
97
17
97
209
77
21
225
67
150
211
128
136
66
231
249
211
211
53
99
122
196
178
27
182
12
237
227
8
87
95
192
83
153
9
66
145
81
172
209
8
97
73
172
60
21
67
27
66
118
118
145
93
231
184
209
217
53
207
84
148
222
77
136
91
136
199
10
150
209
91
133
44
181
83
9
101
181
108
181
226
206
211
77
145
77
21
122
17
209
114
118
252
118
17
66
128
130
225
9
91
42
222
186
182
171
178
172
66
12
17
21
231
21
201
131
38
209
9
17
9
94
91
66
39
19
145
140
17
150
105
184
118
116
223
181
66
53
147
140
116
171
37
17
123
66
245
94
222
9
131
33
211
33
9
181
222
172
17
143
53
43
123
211
33
103
77
209
105
135
61
135
154
122
66
118
116
172
132
247
17
171
135
174
195
123
243
133
38
17
246
174
110
142
208
66
128
245
53
17
208
208
123
211
118
228
131
222
226
9
100
117
212
17
174
78
60
77
123
96
109
226
53
66
60
104
226
209
39
53
162
217
42
174
122
1
100
17
117
167
118
212
77
137
122
66
212
100
9
11
9
174
66
118
19
174
2
9
53
217
4
60
53
231
246
247
39
199
118
104
231
174
123
238
204
154
216
53
79
174
182
100
66
208
60
116
211
9
216
85
59
101
60
66
247
189
53
60
245
9
182
141
3
2
216
17
66
94
9
60
187
69
135
60
77
94
102
162
141
122
237
94
77
176
132
118
60
14
171
17
60
216
216
131
226
66
49
126
33
118
117
94
243
118
44
249
137
67
184
141
121
4
116
100
243
137
116
185
4
33
194
131
120
190
126
145
141
247
141
79
246
36
238
145
66
207
99
33
236
226
244
132
70
141
150
60
255
249
17
1
137
117
231
123
30
60
238
60
94
245
245
212
94
255
1
226
246
93
249
60
17
255
243
36
132
132
216
244
226
207
70
182
38
176
35
14
227
66
226
17
14
137
165
174
145
115
126
96
69
94
92
33
94
118
60
123
30
187
60
105
105
87
217
99
128
182
36
87
91
66
2
44
1
9
33
42
123
100
94
137
217
251
1
207
9
212
179
243
229
117
78
117
92
26
132
43
55
60
38
207
87
187
231
2
60
174
37
207
59
133
226
60
3
185
191
14
224
174
55
66
58
130
61
50
2
1
128
243
250
193
50
117
182
122
117
255
91
30
234
255
255
123
243
129
244
30
1
109
248
9
127
191
207
193
191
101
9
234
207
191
203
144
207
164
107
166
93
130
93
137
9
92
237
38
182
193
182
78
105
246
11
60
186
60
19
9
9
185
141
135
62
100
66
174
255
136
191
6
78
130
255
21
68
245
226
174
110
70
15
1
120
147
237
100
210
36
185
117
44
58
249
132
255
128
135
150
128
226
49
58
233
224
110
217
93
119
36
101
43
141
216
25
74
135
135
171
130
137
118
226
1
60
30
226
28
61
185
142
19
99
152
226
58
187
187
243
227
203
226
100
167
174
19
102
217
174
1
61
185
248
1
188
179
107
164
119
170
217
100
195
234
160
99
31
188
120
208
60
117
2
185
118
174
200
141
14
14
19
150
162
166
6
1
224
120
60
218
218
247
174
78
92
198
60
188
91
226
78
231
38
104
233
130
202
21
188
43
147
187
58
231
216
187
236
127
204
69
184
117
122
118
24
124
43
184
152
247
61
120
32
130
11
29
216
188
165
164
227
30
166
179
197
185
24
187
1
188
135
146
120
188
179
152
183
122
144
235
42
185
247
243
55
211
233
194
256
47
28
144
152
43
131
231
207
91
242
179
43
60
4
100
247
185
233
109
187
231
150
184
179
124
183
16
51
68
52
47
113
112
162
198
2
78
231
224
256
179
176
227
118
60
10
10
187
227
111
111
187
179
171
60
2
43
147
198
211
146
120
246
79
132
144
205
14
69
137
205
187
5
227
50
31
200
42
221
133
75
168
179
60
179
193
121
196
205
91
164
171
42
249
256
144
42
113
33
187
190
91
246
31
170
137
179
122
226
241
176
221
31
72
233
179
137
146
179
72
191
179
135
179
179
192
179
137
100
