80
80
80
146
138
80
80
31
80
80
166
75
166
231
205
121
7
59
7
7
231
80
138
169
151
164
97
143
31
66
7
69
160
69
98
98
98
80
164
186
172
21
204
176
172
256
199
197
204
179
172
184
147
25
69
172
147
165
186
59
231
165
80
66
199
83
73
73
199
165
99
197
137
87
137
137
99
256
87
165
77
186
165
73
27
66
157
191
165
163
197
99
138
207
58
51
99
73
137
99
136
165
87
17
165
137
65
252
207
252
217
74
104
39
25
190
148
207
170
65
203
217
252
35
112
142
112
256
67
179
176
60
65
217
252
44
207
3
3
142
77
3
52
65
42
3
142
252
150
241
142
221
40
179
104
44
252
112
108
150
99
232
98
191
39
207
3
221
142
142
252
104
99
207
115
202
3
192
9
77
195
104
136
125
195
73
15
135
169
104
104
58
58
179
104
169
73
160
142
221
142
150
104
52
221
206
67
218
169
143
77
206
99
165
166
77
67
125
205
228
184
77
40
165
221
169
152
231
142
113
202
251
99
152
69
38
11
218
244
213
144
197
185
250
148
165
14
15
104
167
221
221
119
256
228
252
160
207
207
25
62
14
104
220
126
195
142
148
67
130
127
61
42
192
152
152
191
247
131
247
40
40
67
152
8
250
9
104
125
160
152
188
8
202
138
252
8
107
123
17
42
163
256
197
15
132
152
248
239
123
79
256
170
231
157
123
17
152
144
99
141
143
65
17
250
25
184
192
85
117
126
190
67
175
107
250
242
123
145
207
200
144
85
199
160
115
25
83
59
72
157
220
159
86
252
99
238
38
124
8
118
197
144
44
6
250
137
207
69
245
76
59
255
238
86
131
99
255
39
97
178
104
85
216
97
141
19
160
90
191
64
131
85
113
217
82
207
244
255
113
152
214
85
142
77
186
232
19
137
141
216
154
165
246
107
152
38
39
152
162
39
202
163
53
64
217
220
90
6
70
142
110
132
96
102
25
83
217
142
64
162
30
137
1
136
120
243
102
65
137
77
230
77
160
105
197
230
65
229
175
28
58
186
142
187
215
232
44
85
77
186
27
90
85
33
160
70
72
197
136
120
163
44
110
1
85
42
193
49
9
90
6
8
90
178
207
135
27
161
209
39
226
141
1
235
247
16
91
185
36
147
163
130
69
148
33
125
154
127
207
137
75
178
36
89
120
139
44
77
38
77
90
157
77
203
39
117
161
27
163
67
61
115
170
235
216
62
90
204
161
195
73
60
67
181
19
152
33
106
146
120
204
158
229
77
169
176
70
157
18
98
19
69
198
90
157
204
1
216
117
161
137
119
161
44
192
70
39
82
117
149
44
44
154
207
244
8
23
44
135
137
77
67
82
161
120
70
79
199
209
70
192
9
144
154
44
115
152
161
197
200
33
13
30
197
66
244
82
254
39
104
100
44
39
70
60
197
77
152
232
105
117
25
160
137
234
197
244
195
117
115
200
39
70
244
120
56
115
200
39
42
21
120
213
70
176
15
112
187
39
30
244
207
191
82
149
195
189
120
12
42
254
197
25
213
15
77
126
39
137
196
137
15
117
195
5
125
27
137
125
20
117
201
152
113
192
234
2
107
144
98
119
70
144
70
200
234
85
119
59
39
100
50
100
47
235
9
200
50
119
124
192
113
24
234
107
234
100
137
246
156
70
101
200
79
53
187
98
156
119
107
119
119
161
90
152
113
12
12
234
234
39
152
179
190
120
113
2
152
14
234
70
100
185
197
197
48
197
156
119
72
159
40
