181
195
31
97
81
112
31
74
209
80
209
209
136
97
203
81
181
153
177
80
62
153
194
246
73
222
90
32
177
130
246
239
51
177
175
177
141
54
177
200
195
177
46
46
150
71
16
130
253
222
229
176
46
129
36
129
153
212
152
129
248
253
165
127
109
16
151
200
209
222
212
165
239
160
205
248
129
248
120
147
204
175
254
65
127
109
50
180
176
90
240
244
46
114
248
152
16
74
106
109
147
54
106
153
112
212
111
219
109
90
126
177
83
96
254
75
224
127
46
160
212
251
90
219
76
174
17
39
229
126
37
254
174
106
231
194
2
129
83
200
151
129
192
212
14
198
118
151
200
20
127
200
131
90
127
90
151
147
246
200
25
47
248
127
205
8
248
176
192
254
212
127
121
238
204
175
192
198
200
44
79
153
97
234
11
90
94
248
145
219
224
11
61
106
6
219
222
90
149
90
8
14
225
140
90
254
250
131
98
208
141
224
111
246
200
6
212
220
187
115
113
140
131
106
147
7
153
63
90
109
47
89
194
224
91
98
109
74
141
171
111
180
177
134
69
254
134
129
145
6
248
116
5
137
54
47
38
115
71
205
200
6
106
183
132
180
141
220
189
46
57
54
111
175
205
163
181
176
128
192
3
146
246
87
109
155
216
37
145
171
106
200
47
63
6
230
128
183
222
55
248
113
79
6
174
90
220
171
220
175
87
137
231
90
71
198
141
79
209
154
111
3
189
64
20
106
68
14
51
118
51
183
20
102
74
38
165
108
182
118
189
151
141
118
79
16
47
248
94
30
102
248
242
149
38
10
11
30
152
224
149
189
192
227
152
152
20
90
248
152
54
225
67
20
90
71
175
28
239
79
6
51
8
57
54
238
177
106
145
181
64
12
234
29
118
12
237
154
101
57
209
136
75
109
69
2
192
183
20
151
163
111
106
239
78
189
3
172
181
20
171
248
254
137
74
12
64
61
12
140
71
38
219
38
61
79
62
172
160
192
181
151
210
93
71
239
13
123
44
79
71
64
44
12
238
94
209
67
192
13
71
209
189
178
190
192
134
34
222
93
47
149
225
148
38
156
106
137
248
177
11
28
248
220
77
137
219
181
225
220
210
67
127
254
205
64
189
118
141
248
254
25
238
114
136
3
6
134
250
106
178
209
106
16
178
192
141
20
248
71
137
92
217
71
38
79
194
243
188
251
20
151
148
189
237
237
44
36
115
248
54
254
248
106
181
12
93
105
18
125
254
136
70
123
212
188
248
79
16
148
108
208
151
188
188
118
27
142
79
217
148
251
254
153
219
252
106
118
244
115
51
85
245
134
68
210
147
134
173
240
3
64
237
105
206
134
79
224
110
109
106
227
233
134
163
153
93
191
81
198
187
107
123
183
224
188
105
219
93
248
79
134
93
106
248
192
224
10
64
46
240
210
238
20
27
54
101
237
181
36
199
112
62
191
152
109
248
14
152
5
75
142
188
188
77
142
22
163
115
44
253
140
134
38
209
118
248
205
38
192
242
238
56
118
254
248
142
171
181
153
129
57
175
181
129
71
188
192
76
65
118
69
250
241
59
13
127
81
77
70
6
126
235
22
177
237
29
129
93
243
240
155
248
241
114
129
68
149
210
127
147
216
16
101
137
95
129
86
93
11
237
222
110
118
235
145
13
54
65
106
216
254
4
238
20
57
237
16
159
240
237
64
38
248
189
93
102
248
57
11
11
22
242
125
254
123
145
77
163
193
248
253
130
192
64
125
154
58
149
55
164
139
114
164
192
235
122
241
37
190
164
118
225
196
127
219
212
75
254
79
43
12
147
147
210
127
188
192
183
154
125
125
2
187
68
6
188
173
192
248
248
228
210
20
220
227
248
34
11
245
11
74
108
248
134
137
18
108
84
3
167
54
24
93
81
38
56
36
19
225
125
125
38
81
188
175
20
14
78
81
59
44
181
139
192
4
3
229
243
230
92
34
44
252
248
170
57
51
39
50
96
175
175
200
219
4
152
233
227
125
139
141
59
34
125
139
237
251
250
170
238
247
4
248
149
113
201
138
38
16
210
223
196
229
224
24
4
116
238
245
183
40
139
248
187
3
190
154
175
14
111
220
195
29
192
65
6
208
139
171
96
148
64
217
14
81
183
50
69
248
241
191
37
87
222
76
4
11
57
183
188
2
93
217
191
76
126
239
248
134
219
26
79
152
63
248
92
139
27
210
14
188
18
188
49
37
56
28
79
228
222
44
147
110
79
241
1
137
119
137
93
192
168
92
12
147
38
183
116
251
18
134
111
29
89
188
140
137
96
208
15
163
188
24
4
199
127
248
14
92
44
248
188
64
152
54
207
248
24
236
103
58
22
63
139
180
1
175
44
245
140
149
163
89
233
101
70
116
116
175
247
22
140
118
26
239
139
70
231
239
210
6
22
76
68
247
201
132
63
38
68
188
149
106
191
178
109
196
125
252
63
116
34
183
139
239
191
87
22
248
64
208
38
137
216
242
29
64
24
20
17
21
249
28
97
124
224
247
101
183
247
175
101
240
175
229
188
11
139
238
134
169
175
222
150
76
110
61
248
139
29
229
239
28
134
10
200
200
101
212
79
172
10
188
229
248
224
242
248
247
149
4
231
46
156
4
188
44
88
30
140
112
175
220
188
90
3
163
119
188
163
201
28
106
22
144
228
24
247
45
4
175
16
233
237
179
92
252
29
190
248
156
161
10
216
238
60
86
153
188
182
29
63
224
152
103
125
4
13
158
242
38
83
96
109
127
64
103
55
137
139
183
234
220
106
18
130
22
68
212
38
248
137
3
129
34
105
76
153
144
147
196
191
239
64
102
224
171
158
30
154
178
44
146
19
96
197
54
63
139
179
146
188
209
163
210
56
174
248
63
175
108
168
188
188
223
127
154
68
148
220
188
248
33
250
160
70
248
182
119
71
190
188
229
168
188
163
103
97
44
244
34
63
242
97
185
61
193
175
145
108
248
228
156
139
116
10
134
238
227
236
47
248
12
116
149
216
196
18
108
233
178
256
180
68
217
4
68
124
188
245
166
236
179
3
127
63
187
152
183
219
42
108
164
244
191
220
66
14
188
93
221
103
108
168
248
151
139
192
15
57
152
90
93
94
57
137
188
233
62
242
115
140
184
188
242
210
224
18
192
170
215
13
87
24
224
160
76
141
167
50
116
144
255
188
56
26
70
229
103
14
101
124
92
134
66
154
73
139
196
108
145
53
134
13
172
191
168
192
57
201
37
52
16
149
92
44
236
66
14
78
6
252
244
253
144
46
252
116
139
64
238
27
28
223
13
219
108
47
137
145
154
237
125
37
134
134
241
115
68
149
214
86
145
158
158
187
249
22
237
68
163
101
57
139
210
183
63
139
134
154
19
152
70
24
134
233
235
108
49
117
188
249
45
132
126
210
160
61
4
175
57
37
191
37
167
15
61
127
239
37
86
170
52
64
43
61
32
55
45
121
31
61
192
254
89
41
52
158
234
70
190
108
75
216
73
214
25
122
84
154
148
63
168
149
15
134
57
110
239
68
236
249
203
101
134
210
90
248
3
164
159
247
97
33
38
239
228
70
194
84
224
194
13
99
30
151
134
55
152
171
145
198
205
206
118
92
153
22
101
26
15
247
152
22
116
79
57
253
35
219
19
148
4
148
86
236
253
188
29
152
57
37
101
104
238
188
193
38
248
47
175
240
155
148
229
124
83
47
224
158
46
229
63
73
152
4
68
194
248
227
21
210
138
44
152
254
68
57
125
52
167
249
38
134
150
130
229
81
168
96
92
92
9
164
207
248
168
4
239
248
250
4
86
4
193
57
63
137
52
134
44
188
46
24
141
68
180
149
129
24
163
96
89
20
10
158
68
44
224
189
116
167
197
68
111
44
158
117
92
4
248
4
68
45
24
148
92
236
188
188
68
232
132
182
148
89
188
167
246
198
234
68
155
4
4
152
