80
151
177
145
151
144
145
146
7
113
31
220
220
237
145
253
253
212
181
126
220
209
126
209
75
228
161
121
50
165
153
160
151
231
160
143
220
151
223
73
251
81
160
32
172
220
220
151
244
160
51
212
165
121
118
148
151
209
143
49
220
223
209
87
212
249
204
220
126
143
154
151
73
145
166
200
62
165
150
76
237
166
90
253
36
177
161
226
172
127
225
172
237
161
36
246
99
122
143
172
17
120
232
21
51
84
146
170
146
69
172
143
146
51
124
98
104
51
172
51
85
176
170
87
104
17
36
239
256
97
25
104
166
115
47
69
50
14
146
172
146
172
217
172
244
11
208
172
187
54
256
54
54
20
177
153
148
196
202
172
148
254
170
122
200
154
162
231
99
254
226
67
256
115
226
28
226
199
54
115
142
186
94
217
152
200
66
254
242
99
154
66
165
254
247
25
249
160
148
2
62
238
195
25
123
216
150
2
136
152
25
196
99
231
97
223
208
239
140
242
77
60
186
81
172
244
123
44
201
193
203
92
166
187
254
165
226
17
250
73
206
186
156
213
69
188
104
130
254
18
42
100
175
175
110
137
226
99
85
52
200
160
136
255
74
141
219
83
85
130
72
160
107
4
186
256
23
105
110
200
226
234
124
104
52
2
104
245
138
14
165
155
83
71
60
255
14
2
200
98
187
112
71
79
243
200
65
250
94
156
217
98
62
6
122
22
50
70
21
199
105
70
226
79
147
209
70
196
71
67
172
99
191
52
191
8
196
195
160
235
195
62
92
254
98
106
70
15
194
174
244
52
73
217
157
190
122
50
104
176
62
137
199
98
83
14
72
123
192
17
107
2
200
61
106
70
141
43
151
242
225
98
221
156
213
83
71
58
185
112
151
253
221
109
187
185
151
66
199
72
66
188
211
63
254
62
201
181
243
17
243
106
52
152
62
77
201
137
243
200
21
73
215
112
29
65
48
81
199
124
84
69
128
110
71
254
10
254
24
98
185
44
91
187
151
74
219
218
249
255
140
247
27
226
243
254
157
163
198
151
60
160
250
98
202
62
104
120
7
215
243
200
126
73
219
220
123
145
86
69
84
166
105
103
156
119
226
172
43
83
237
148
107
148
61
218
62
99
149
69
205
98
160
17
79
99
63
104
67
250
199
234
219
218
129
66
188
224
160
148
195
115
29
53
52
148
188
254
62
163
60
157
20
77
137
122
188
189
12
230
31
201
34
195
165
115
53
33
156
138
240
163
5
255
105
201
200
202
229
138
254
187
165
98
197
31
137
31
156
112
243
202
4
155
5
195
189
115
20
254
200
73
72
130
137
52
226
70
147
62
247
50
115
194
164
235
60
148
198
120
160
246
115
252
190
133
83
43
20
223
80
42
31
49
23
256
189
152
4
133
204
212
27
200
188
160
251
52
188
133
60
187
29
120
91
79
131
224
190
163
216
148
82
27
226
36
195
188
155
33
86
160
37
148
98
212
243
53
217
77
126
184
109
106
207
82
175
133
137
67
84
198
204
249
148
255
165
221
4
100
148
84
115
73
197
35
48
84
217
21
112
34
182
45
91
199
60
136
213
85
202
207
25
148
163
254
111
133
249
115
159
188
254
190
212
130
147
138
10
100
16
161
216
190
170
84
83
153
42
10
55
120
142
91
207
60
249
161
148
73
207
189
50
91
148
125
148
98
88
199
183
199
245
148
110
87
226
82
157
170
124
188
70
76
182
215
214
120
133
41
60
106
118
201
249
8
138
98
133
159
204
232
148
163
254
244
94
86
86
224
234
156
124
190
133
115
70
104
199
220
218
72
197
226
50
156
221
43
130
91
204
188
62
48
124
37
216
117
213
159
146
31
98
214
128
249
200
218
122
98
72
125
216
133
60
120
182
202
195
89
98
224
53
48
175
123
130
2
219
124
159
159
218
220
44
157
80
70
128
186
98
26
185
192
216
69
128
170
82
104
100
60
126
196
77
82
65
18
115
47
133
56
47
157
213
12
10
70
115
60
224
36
52
165
26
69
73
255
98
65
26
44
157
105
233
166
48
8
62
100
226
122
147
160
45
246
133
31
185
189
133
148
115
188
70
72
204
73
254
244
224
85
157
234
218
256
184
142
214
155
156
163
71
219
190
145
224
255
156
53
115
161
43
115
70
184
159
213
91
2
178
243
151
197
200
85
199
157
71
189
28
30
200
156
53
234
249
115
15
133
187
90
156
236
87
247
80
189
157
255
165
156
61
100
213
70
175
197
191
152
216
163
120
42
104
152
119
126
219
232
93
218
48
52
245
189
148
213
133
122
33
159
234
71
188
64
100
20
189
159
221
216
52
213
189
47
19
200
133
122
252
199
256
115
213
234
202
94
234
91
157
247
87
199
120
118
98
178
165
125
125
115
70
249
47
88
133
147
117
21
189
254
100
2
191
246
255
148
76
124
125
129
244
124
152
247
156
163
249
254
254
41
152
115
156
104
46
57
26
214
157
254
148
207
256
218
191
188
163
102
48
85
254
163
224
200
247
99
193
