127
123
146
146
123
49
211
253
31
108
196
89
108
174
95
203
174
253
88
31
31
66
162
121
31
121
146
17
108
88
174
108
66
135
108
209
121
31
141
208
94
9
94
174
9
141
66
9
206
37
9
141
94
37
75
93
141
37
95
84
122
122
37
256
141
158
37
172
9
198
256
162
17
198
47
141
9
141
54
94
97
211
162
113
176
122
150
79
110
79
79
138
17
164
47
245
33
211
154
154
246
79
164
92
150
212
79
168
35
110
17
154
71
228
228
246
33
114
198
198
172
109
3
150
33
54
154
10
66
25
131
79
227
128
174
14
136
150
256
4
47
217
131
55
67
217
3
141
138
206
197
198
245
150
28
211
174
230
195
138
72
14
204
246
21
176
44
174
202
28
150
141
230
217
59
94
37
221
172
100
157
176
137
25
202
4
142
122
110
107
174
217
246
197
204
206
14
142
33
33
181
197
217
83
181
114
211
141
122
100
15
54
59
217
211
124
14
246
150
39
31
42
94
15
37
35
150
131
141
43
15
211
33
142
241
59
157
229
244
73
226
184
24
109
63
246
60
174
226
229
3
229
181
226
41
141
99
122
42
49
14
39
173
149
216
132
3
88
59
54
229
171
217
68
28
107
208
168
132
136
110
54
79
255
138
131
170
150
253
207
184
31
110
182
39
245
107
181
65
39
132
18
4
150
35
11
198
198
226
132
88
235
223
144
41
68
245
27
97
211
55
43
226
173
226
97
247
15
120
120
17
141
21
43
1
226
223
231
202
159
33
142
158
231
99
215
128
226
235
226
226
223
202
216
217
154
137
146
206
75
204
203
190
174
59
40
243
141
226
135
132
11
252
223
44
173
226
88
30
33
227
120
137
107
109
70
41
256
3
123
3
141
207
142
19
79
150
19
109
216
14
49
8
159
40
225
246
241
190
39
174
64
135
82
66
99
114
36
7
54
227
17
219
79
89
216
150
236
158
25
226
155
115
218
150
18
226
178
52
181
28
216
77
228
141
86
226
108
114
123
136
192
183
175
236
79
141
3
77
138
197
235
168
17
247
247
114
214
117
175
178
9
223
128
154
150
51
39
203
153
36
190
223
114
149
185
158
149
86
4
189
131
100
68
226
79
195
83
1
250
187
94
181
128
77
55
68
56
226
84
95
51
117
253
82
219
250
39
100
88
100
145
247
100
53
178
25
203
120
37
68
195
78
196
232
7
74
181
42
216
129
82
45
235
140
45
39
214
55
100
226
166
211
109
216
227
224
51
190
13
159
226
204
174
217
86
114
216
25
207
181
100
174
9
192
226
114
86
43
218
43
117
43
37
171
21
226
252
171
255
15
227
64
203
172
176
117
112
16
79
1
228
187
171
5
159
64
255
247
77
171
184
207
37
19
109
95
241
249
131
63
207
11
114
243
77
114
218
109
131
139
82
117
42
172
71
104
122
116
3
211
68
247
117
222
245
168
197
255
33
55
217
171
37
75
199
197
141
86
1
136
118
124
60
135
245
129
197
15
82
220
211
211
158
117
114
114
49
17
100
196
135
128
249
174
228
114
45
247
224
109
15
120
86
51
8
14
161
151
171
211
55
88
114
227
244
19
176
82
226
236
132
117
174
226
129
19
195
207
30
122
39
117
199
129
97
196
53
255
132
211
137
49
200
107
158
235
193
153
26
40
235
59
15
160
168
144
138
129
33
217
157
197
37
145
39
82
19
77
150
79
217
135
207
79
68
112
1
115
200
226
178
232
136
170
49
199
198
158
10
136
226
68
49
37
104
136
52
63
122
37
116
43
127
226
16
122
207
137
135
174
240
223
39
158
168
158
230
24
117
171
10
82
57
216
4
94
178
133
122
243
250
69
136
230
222
1
104
247
129
15
199
199
127
136
120
139
33
115
129
3
49
94
104
158
9
255
39
49
239
44
33
12
226
94
83
224
95
11
13
163
240
252
131
197
72
197
216
179
158
193
230
53
17
137
43
139
45
15
77
124
193
222
192
221
131
230
3
255
120
214
140
76
78
12
241
145
249
207
253
42
44
68
197
151
252
39
178
43
86
33
252
70
120
11
11
202
29
132
230
29
124
248
149
49
255
210
213
