40
40
40
99
172
226
132
6
40
105
106
216
174
94
40
9
94
111
9
40
114
94
9
114
239
65
97
111
94
216
95
9
66
243
109
9
94
54
174
9
94
243
174
66
66
94
67
127
174
9
174
94
54
146
189
54
87
31
127
142
174
94
174
174
216
129
174
216
54
94
94
54
94
54
174
94
216
127
121
216
127
174
248
66
93
58
104
174
94
9
80
170
174
80
174
174
174
94
83
94
174
216
54
174
94
146
174
94
9
94
174
56
99
114
54
114
94
174
188
124
94
197
94
94
94
9
114
149
197
56
104
249
174
114
99
219
178
82
249
178
94
216
204
247
184
54
228
12
228
177
82
197
188
114
9
54
178
174
80
5
48
205
48
235
228
161
50
188
188
27
177
148
94
114
235
86
12
184
247
15
50
114
104
189
114
114
54
37
184
148
85
63
214
235
114
15
184
56
57
146
16
235
54
184
99
222
12
82
184
27
235
63
73
86
37
216
99
99
40
99
235
82
178
189
208
146
250
235
235
136
235
59
63
44
184
59
85
97
184
109
184
192
82
56
235
148
73
82
208
86
85
172
26
88
31
45
54
235
148
27
184
99
184
95
85
114
26
114
114
150
235
82
111
99
114
140
97
184
183
184
109
184
219
218
212
184
136
230
109
104
114
94
250
38
230
114
184
235
150
99
85
212
88
86
249
230
133
26
188
82
53
178
9
123
232
6
48
63
95
208
56
219
194
168
183
215
114
12
54
54
235
6
4
219
53
239
94
82
242
82
148
250
176
140
184
69
208
95
155
132
206
99
9
184
148
9
114
34
176
12
208
85
53
35
50
131
161
99
153
27
38
188
140
184
85
111
12
9
140
194
32
148
168
99
218
217
9
181
64
225
235
176
15
228
184
235
245
63
210
235
9
94
1
184
155
73
256
9
182
219
202
12
78
223
84
184
184
248
78
73
82
114
120
129
184
74
96
61
159
85
150
148
50
235
61
193
32
75
85
99
230
12
245
148
176
240
57
12
159
2
228
184
219
235
1
81
85
176
129
235
56
72
168
188
184
140
127
105
2
66
3
129
85
77
219
197
91
131
150
12
15
197
97
85
67
148
95
168
105
189
153
155
146
73
84
94
85
128
139
77
253
56
15
32
32
15
105
147
32
12
12
212
148
29
69
148
184
3
228
131
3
116
189
134
12
56
197
52
163
184
184
184
178
215
9
162
163
189
188
77
207
73
79
256
49
20
14
12
82
76
214
197
147
12
105
163
178
148
42
189
210
189
85
64
237
245
159
256
197
56
131
31
174
39
153
61
26
69
105
197
54
120
127
86
161
184
86
219
110
189
189
139
222
12
56
176
56
12
131
12
214
82
25
66
79
162
132
196
176
199
220
172
127
74
32
161
170
88
106
66
146
150
255
26
110
82
157
159
218
28
230
102
82
69
13
32
88
31
124
232
199
219
86
251
73
156
61
177
19
189
203
255
216
51
219
148
21
242
106
255
251
26
155
43
162
219
14
189
240
105
82
91
215
224
61
189
56
10
48
136
189
190
182
222
248
155
25
115
73
237
81
12
196
48
162
12
225
178
45
10
86
153
216
111
183
89
82
91
174
13
145
13
74
55
225
211
203
155
26
248
210
170
88
203
230
69
210
184
82
242
74
230
11
170
88
25
222
56
94
189
159
120
159
256
25
12
12
196
15
163
176
38
29
238
120
114
256
219
161
11
212
163
91
253
40
86
58
91
256
228
215
250
25
91
249
146
104
238
10
240
104
146
82
64
163
138
189
124
110
86
220
148
227
52
96
13
116
55
149
255
31
240
148
69
42
196
148
138
48
56
249
96
25
57
91
171
73
187
176
91
26
1
56
32
189
146
32
170
82
131
169
56
167
212
225
3
151
182
64
121
35
230
249
248
44
162
106
122
104
207
67
12
112
179
193
13
44
148
10
32
45
104
161
189
44
117
249
187
64
155
13
31
56
100
73
148
176
148
56
187
199
158
32
249
155
77
76
102
249
146
219
56
139
186
232
42
203
26
213
238
190
255
196
207
255
185
82
197
203
214
250
134
12
26
155
91
12
155
45
12
192
88
86
155
189
57
86
27
237
249
153
104
196
12
155
83
31
133
81
155
56
42
111
159
159
93
82
242
242
56
120
69
238
86
52
56
238
42
72
149
249
256
245
235
81
153
56
42
124
238
193
86
230
120
230
192
157
201
103
215
214
14
82
159
133
189
149
220
197
82
35
236
39
255
190
56
253
56
238
23
26
163
203
45
255
149
32
119
161
94
86
153
82
138
86
86
31
26
196
56
187
210
31
106
56
31
12
56
12
79
222
45
134
155
18
26
124
42
86
201
240
14
56
185
86
161
45
219
52
133
213
94
26
56
86
82
26
159
103
13
12
82
81
64
57
238
86
86
240
170
148
155
76
238
189
192
12
56
56
155
157
213
