186
186
142
248
248
38
38
11
34
61
11
170
105
38
220
151
127
220
50
248
220
120
11
248
38
69
14
128
220
106
69
138
38
111
192
14
14
71
79
128
106
14
138
38
128
111
79
128
71
138
189
109
192
101
142
144
138
230
101
206
123
101
78
64
245
112
145
142
37
245
37
71
44
182
123
211
183
132
241
142
154
171
29
44
245
28
239
230
112
114
17
44
2
206
147
216
137
63
75
94
206
174
102
28
206
206
65
2
147
172
112
204
102
29
142
75
29
160
247
241
81
17
172
220
216
81
160
134
1
237
26
229
99
215
206
11
94
109
206
174
86
138
142
147
46
86
229
136
229
106
204
206
12
34
206
81
49
41
215
229
179
198
248
239
35
93
96
253
30
241
2
144
115
109
104
155
252
168
115
247
156
245
173
240
129
221
247
101
227
150
46
193
28
174
22
229
20
57
112
174
3
40
34
197
67
123
5
90
44
145
92
29
174
91
236
211
247
125
132
200
14
74
79
240
24
250
216
142
107
41
17
210
26
99
172
156
188
105
240
90
229
89
11
3
154
46
200
200
109
126
129
156
250
29
78
189
61
28
18
68
109
91
174
26
90
79
58
28
238
154
208
92
216
241
81
144
241
108
240
241
126
94
208
115
180
200
155
125
197
24
206
236
67
34
23
155
113
94
5
26
155
122
229
99
219
4
241
210
26
248
241
198
141
112
44
225
48
5
216
74
28
40
41
174
211
227
74
5
247
72
229
93
215
179
134
81
153
233
232
182
181
15
155
178
232
69
216
43
236
26
23
82
223
123
196
68
247
174
21
218
20
145
123
5
109
232
200
197
108
27
247
211
206
11
236
226
154
79
218
77
113
70
174
117
2
211
122
218
212
156
90
218
46
212
45
61
179
147
30
57
199
219
207
132
30
154
136
51
157
168
171
53
154
181
63
9
28
199
108
78
212
181
174
185
248
43
244
226
73
123
39
200
93
116
22
218
174
218
106
255
96
9
39
94
26
106
74
201
123
28
219
39
211
83
236
235
5
78
206
123
58
109
56
255
197
216
256
83
247
74
216
217
58
202
53
247
211
216
252
2
95
252
68
21
21
36
253
233
241
92
124
154
14
182
245
145
236
199
238
17
17
26
222
236
30
154
83
173
79
17
182
133
142
252
120
192
28
49
180
26
34
248
139
39
233
252
23
224
98
42
247
5
154
110
74
182
2
5
181
48
194
239
79
45
120
120
34
122
216
145
171
216
8
120
66
26
117
227
227
42
254
239
222
68
236
35
91
117
245
196
247
95
181
247
247
108
93
145
238
200
254
207
178
30
100
81
207
134
192
39
154
148
247
208
137
254
145
233
50
93
155
60
216
61
247
226
222
32
242
56
247
120
39
167
232
236
95
60
245
252
22
13
94
122
110
149
132
26
134
221
187
255
188
168
240
233
144
179
96
40
206
109
213
10
67
205
213
200
174
96
95
58
219
6
247
93
5
252
19
86
141
94
6
67
220
201
26
207
42
139
233
236
254
158
247
99
26
236
217
122
255
93
247
179
125
102
158
179
148
204
247
10
71
237
60
43
154
142
13
226
197
30
134
245
144
61
169
66
37
86
9
138
253
252
75
245
249
137
249
117
79
134
95
95
17
22
237
233
77
167
233
252
39
168
175
114
45
173
6
22
122
236
42
13
135
224
92
216
49
197
230
45
134
61
158
13
197
105
156
216
238
242
247
29
232
60
149
48
154
104
120
60
131
24
182
193
183
198
233
143
26
133
60
28
59
231
233
248
189
210
232
78
183
255
242
158
189
161
86
69
138
181
202
102
155
92
123
94
91
240
207
66
243
232
193
247
233
137
54
182
233
252
58
137
255
60
256
68
95
100
241
49
100
60
210
241
216
