43
84
43
217
43
169
43
191
195
169
21
75
249
75
135
144
29
97
179
80
80
169
21
138
11
138
33
162
134
29
29
29
186
217
166
176
176
29
162
162
143
130
203
84
105
173
41
91
217
49
88
78
150
80
245
88
209
176
191
80
186
84
29
191
74
102
5
138
103
230
24
29
209
75
8
253
102
208
80
191
150
90
251
165
59
33
90
7
195
192
31
243
166
97
36
228
90
190
29
203
21
228
59
90
142
27
137
186
3
80
150
231
60
71
113
184
8
51
166
112
240
109
113
182
88
235
112
90
205
205
113
165
251
84
136
112
182
102
209
177
195
95
3
136
66
69
130
244
91
52
11
209
146
136
66
104
182
13
138
79
13
3
252
29
118
138
51
105
115
75
150
233
208
69
177
91
71
71
83
90
135
250
90
209
162
181
211
236
138
152
14
217
209
140
113
84
140
78
49
138
29
195
182
177
199
8
105
74
113
130
51
29
165
213
5
238
82
145
109
91
77
51
193
45
178
121
209
108
90
115
170
105
90
250
230
14
222
175
178
1
229
87
5
250
3
40
109
249
90
182
198
237
113
251
170
162
211
64
87
230
209
65
132
74
195
51
87
65
66
233
150
150
163
206
186
74
164
137
150
17
87
55
235
15
89
60
3
182
66
66
109
206
87
256
59
150
251
62
115
87
33
138
5
211
138
66
3
91
151
151
182
102
33
211
182
109
210
62
33
75
67
40
78
67
174
90
188
140
138
140
150
113
62
30
135
151
181
11
125
109
67
90
153
90
191
67
108
71
109
145
150
136
66
143
87
109
67
168
46
145
174
126
177
135
137
199
165
46
211
182
135
29
33
152
107
177
165
145
90
51
165
222
31
109
143
132
87
145
222
36
52
224
118
130
113
108
137
40
224
119
134
150
200
146
30
113
168
132
217
172
130
76
135
153
90
119
7
94
78
254
26
114
145
75
64
150
75
33
134
91
135
17
135
95
192
38
216
17
147
250
219
90
171
54
87
119
26
55
181
118
104
211
2
155
226
130
145
137
5
200
97
66
78
200
135
97
118
204
109
100
254
17
135
254
237
43
187
36
192
135
75
135
224
189
152
132
33
17
184
156
208
216
195
97
152
204
30
100
122
78
254
14
113
61
78
119
176
33
89
245
245
87
118
30
118
135
60
176
187
214
50
109
98
109
30
113
79
113
113
184
90
53
226
19
94
113
254
42
33
114
70
75
4
119
254
216
108
30
226
216
216
100
79
8
116
118
33
247
224
137
113
79
14
70
24
226
144
184
17
218
99
33
33
33
4
132
125
168
215
130
70
151
92
68
118
226
75
46
224
94
200
60
33
217
70
224
185
252
125
203
109
30
44
245
224
117
70
11
226
33
113
170
119
188
36
245
195
188
14
245
30
14
113
188
168
240
29
70
99
36
68
229
132
113
119
190
224
140
4
123
63
96
68
245
132
2
115
65
4
142
68
17
68
92
171
119
226
188
68
224
30
254
68
245
17
68
254
132
132
226
137
231
68
79
70
53
68
68
207
200
200
151
1
17
92
82
224
68
100
89
100
188
200
211
100
132
135
188
162
188
200
68
119
152
188
242
234
172
137
254
200
200
173
119
224
173
68
200
226
173
188
234
15
188
200
171
52
200
152
234
21
173
200
173
171
63
68
200
200
173
254
173
65
130
188
137
233
188
200
10
80
254
37
66
119
44
101
78
126
172
188
171
152
200
61
15
43
78
188
226
188
188
241
168
88
