73
194
73
80
80
211
84
121
89
211
141
203
98
97
114
141
40
40
141
231
164
75
143
114
231
231
36
109
43
154
31
25
17
59
80
80
89
203
141
84
253
209
135
141
31
185
164
17
154
171
80
166
209
244
164
59
231
195
231
147
231
129
154
94
123
225
194
166
256
17
103
209
129
67
135
154
18
28
194
194
171
113
67
40
217
67
89
67
256
164
59
172
43
67
211
154
166
97
8
97
182
217
166
17
209
191
67
172
205
231
11
172
40
36
78
17
66
78
40
135
100
40
67
124
172
223
185
67
135
40
217
31
207
196
209
8
217
166
36
172
191
36
210
211
36
166
227
239
36
223
223
4
36
213
203
75
194
143
40
108
185
75
1
1
75
17
68
217
107
65
191
186
191
66
109
75
4
221
176
191
43
30
123
138
108
185
208
185
132
137
36
254
138
191
91
182
194
29
221
78
7
21
40
141
176
75
75
125
29
40
68
205
18
1
128
71
113
36
256
66
176
225
121
209
68
156
141
205
244
205
49
71
113
33
33
58
254
181
198
166
13
83
185
205
138
137
225
55
59
59
144
244
144
244
166
89
181
107
141
144
124
13
141
67
208
59
109
33
58
113
71
166
97
74
97
244
141
205
184
21
205
21
80
59
227
33
173
121
239
194
234
125
68
55
205
95
21
185
229
223
67
244
125
55
113
80
205
8
66
244
8
121
126
152
21
173
21
239
194
195
40
68
58
188
36
170
218
75
119
194
17
37
126
188
187
244
244
194
221
68
4
58
227
113
37
184
58
244
205
227
169
29
205
4
135
59
126
180
92
125
37
128
4
206
170
58
188
135
90
74
193
144
74
37
21
164
128
68
107
20
150
125
34
7
67
225
65
74
245
22
17
193
191
64
31
208
143
1
174
16
108
103
33
58
113
242
180
140
243
182
204
67
125
223
67
65
17
117
20
182
175
108
113
65
144
203
113
125
125
87
217
140
164
108
7
231
150
17
66
205
67
71
129
206
87
4
116
125
49
87
65
180
214
144
60
67
180
68
89
194
32
4
32
93
19
170
245
108
49
68
49
65
150
92
101
144
110
256
65
168
14
88
54
236
208
14
158
39
112
114
114
114
49
64
191
256
39
72
210
177
183
68
167
175
131
20
183
65
206
164
24
78
176
233
233
180
233
60
54
89
231
177
5
167
38
180
196
144
212
66
175
209
60
2
87
175
132
126
190
231
190
233
176
131
93
212
121
135
92
180
117
206
95
239
10
200
96
20
171
103
191
117
162
205
250
164
183
233
13
42
227
108
113
108
1
121
96
110
236
175
90
103
202
1
4
24
24
117
198
22
231
131
235
108
68
46
110
102
119
96
178
28
131
131
13
223
13
117
108
60
103
212
119
233
211
167
84
170
60
191
76
248
244
63
212
6
53
65
230
242
47
223
131
146
202
135
203
179
134
130
178
139
233
142
139
182
239
112
23
28
200
212
39
182
64
96
20
254
10
168
36
239
20
24
251
231
76
96
240
47
137
68
113
16
4
242
236
198
151
31
90
141
146
7
113
254
73
220
68
1
236
241
158
239
117
58
231
141
108
145
90
131
117
15
250
102
58
92
164
188
167
190
200
60
221
10
167
43
164
1
63
248
246
96
246
233
123
103
220
96
181
71
229
198
181
238
10
200
147
175
13
59
71
141
200
220
249
167
238
147
142
239
121
49
188
58
29
248
43
59
192
103
196
119
212
100
100
97
212
32
142
13
107
71
24
230
119
195
59
101
119
64
37
179
24
13
3
125
119
18
117
25
178
18
113
59
137
156
229
32
88
142
142
137
24
164
53
96
93
117
22
33
190
49
87
117
79
248
233
233
249
53
84
167
208
49
245
169
86
24
198
46
117
60
179
58
139
127
131
193
86
91
53
102
58
212
210
249
53
241
152
53
46
142
151
53
68
53
253
97
223
20
233
3
93
86
230
132
59
208
197
150
164
25
121
196
100
135
22
100
256
125
223
150
68
75
53
53
117
40
100
173
117
32
130
18
107
96
169
20
78
131
157
119
43
3
245
234
117
11
244
34
18
131
32
253
167
254
24
53
100
86
58
167
70
119
59
239
53
159
73
244
167
229
230
179
159
53
107
128
239
133
185
239
69
60
87
244
53
184
36
33
229
100
153
131
173
253
231
53
149
137
61
156
100
191
137
254
188
156
4
236
254
67
6
27
137
4
37
198
24
58
128
72
125
92
188
4
188
72
252
245
245
234
125
87
60
186
24
60
4
60
99
117
120
14
213
137
139
139
117
60
191
60
77
137
4
68
120
125
191
