143
7
244
162
143
162
143
208
143
208
165
208
208
208
143
208
194
143
162
162
48
143
105
143
162
231
143
143
145
145
204
84
183
73
48
157
143
143
143
203
84
143
29
71
136
209
209
112
218
12
84
138
157
73
87
84
138
71
84
138
112
73
164
73
145
143
165
177
162
86
104
231
164
166
121
191
123
90
29
251
84
73
71
209
123
123
123
163
160
230
209
208
208
217
165
143
4
87
243
251
104
84
160
251
126
231
57
29
48
254
89
217
161
67
162
208
162
8
108
231
208
204
208
205
176
89
143
17
176
17
36
165
172
104
157
230
4
95
165
211
162
143
172
80
17
163
194
58
66
36
84
256
72
8
22
189
136
29
150
212
149
225
29
231
136
97
208
166
235
185
149
150
75
225
97
115
72
211
172
111
115
58
181
231
143
164
93
95
150
157
29
128
128
236
256
93
189
127
138
121
54
95
140
36
97
136
159
205
225
123
7
172
208
140
208
87
185
87
187
123
64
143
132
21
175
113
95
37
6
211
128
136
211
127
128
153
159
143
58
87
140
87
140
82
159
104
212
54
111
225
5
220
87
164
29
162
6
52
14
225
77
167
37
87
114
191
97
153
253
140
220
132
115
234
191
87
74
153
66
185
119
227
71
155
163
99
175
138
218
87
251
140
208
238
96
11
111
109
153
22
17
115
163
147
68
143
92
220
128
147
133
147
165
218
118
217
90
136
151
196
191
208
65
143
37
224
123
148
215
126
143
123
50
147
87
138
20
210
148
107
1
179
51
200
69
191
165
225
40
110
115
42
177
123
216
104
170
224
107
87
138
43
209
148
28
107
165
11
104
209
194
90
256
66
165
243
127
104
26
87
51
205
119
156
187
43
210
165
74
26
188
68
205
145
83
69
97
200
243
165
141
147
243
243
138
243
115
165
221
123
102
99
118
254
162
20
66
21
126
129
143
40
1
143
208
140
27
165
231
51
66
184
226
49
171
18
212
117
95
187
59
66
129
104
218
20
3
145
79
51
206
84
107
111
74
176
244
210
104
107
203
204
197
165
22
17
211
218
98
191
152
138
66
184
180
51
235
101
138
7
224
13
90
28
209
16
165
66
79
165
247
208
104
225
57
66
47
28
20
160
197
209
234
217
234
205
174
16
136
90
16
205
90
155
206
50
256
28
218
54
204
95
25
234
97
218
74
98
128
140
247
20
128
95
111
119
93
50
105
20
43
119
173
189
148
92
138
51
247
216
148
163
74
153
165
92
224
165
205
188
173
90
43
37
92
144
247
218
200
218
238
188
224
104
68
66
141
21
247
143
112
221
245
92
208
21
105
105
199
178
95
214
183
94
113
94
165
138
94
107
173
40
20
213
107
106
191
20
246
231
208
57
20
245
51
105
105
172
92
54
173
103
97
151
218
148
43
171
225
120
54
237
130
224
148
182
218
237
200
178
165
152
246
225
105
173
118
247
254
182
38
247
54
231
237
118
44
59
54
4
178
173
193
135
20
243
54
244
254
168
203
244
119
7
202
73
118
168
148
250
73
231
99
84
48
213
28
48
148
193
48
188
179
19
202
82
164
104
234
204
202
167
167
202
182
31
82
193
197
148
246
71
178
191
161
200
90
224
160
63
209
200
105
202
144
67
21
204
171
181
191
139
191
202
198
254
161
78
208
247
151
126
208
15
225
165
52
25
239
198
125
249
226
217
168
218
161
99
182
165
181
226
218
37
161
48
119
121
254
171
225
3
92
147
247
239
121
168
37
92
72
161
231
249
211
150
171
179
150
150
171
255
247
150
141
104
107
171
132
142
156
168
133
152
246
133
133
59
63
158
85
135
191
130
133
235
133
142
168
205
254
163
247
58
163
197
252
37
