38
38
186
244
170
91
7
170
166
255
205
164
174
121
38
129
38
94
40
95
164
38
89
93
230
205
150
84
225
138
87
129
88
40
40
95
243
231
186
208
97
83
208
95
170
229
114
165
151
208
90
136
123
36
17
19
239
170
186
38
184
256
205
87
98
252
94
87
128
237
237
166
121
186
90
154
98
231
146
19
237
17
7
36
135
34
154
66
94
166
59
231
89
194
62
75
244
138
113
7
237
7
61
190
172
107
194
167
239
108
172
231
179
83
59
89
209
183
34
167
18
67
216
224
179
195
203
80
170
183
194
95
143
69
107
176
83
108
212
89
165
69
69
167
54
64
154
33
113
176
4
24
251
211
105
4
8
165
125
251
199
25
256
231
33
61
132
89
166
221
61
195
154
125
190
59
203
167
186
165
244
28
173
244
64
89
182
129
24
59
60
8
243
79
8
129
195
139
243
208
165
182
129
38
244
6
109
25
243
104
5
167
99
83
94
18
186
36
135
108
126
24
12
185
25
202
67
167
110
146
181
18
78
210
99
94
77
94
231
41
125
90
90
249
38
113
3
18
90
99
168
6
192
240
77
220
147
206
59
94
124
89
90
147
81
220
35
153
106
125
97
212
54
54
191
3
211
204
163
127
151
88
94
256
186
26
230
2
127
144
248
64
59
86
186
77
119
127
14
38
14
62
40
166
158
5
249
126
88
230
184
106
177
238
225
223
140
96
91
229
6
178
140
42
8
12
223
184
56
204
186
61
59
225
20
140
102
125
201
238
125
125
140
74
40
96
26
39
76
96
167
225
111
93
73
34
72
64
21
65
97
3
204
190
10
95
190
86
170
11
34
85
149
72
89
64
125
4
34
131
140
228
1
4
204
18
116
178
217
153
91
204
252
199
151
88
121
179
190
191
131
125
203
64
225
33
79
140
220
164
230
121
96
225
79
238
235
106
65
21
237
111
44
184
151
26
223
81
90
238
209
222
230
93
34
189
204
27
248
236
28
190
163
191
108
18
163
201
163
194
46
202
64
235
86
221
76
126
34
10
61
201
96
19
140
14
234
61
12
189
27
64
34
175
163
175
202
76
171
14
97
110
54
103
185
186
81
90
238
121
56
248
146
240
169
13
55
153
142
215
28
158
238
158
32
42
158
249
250
250
163
90
236
96
155
235
37
12
7
63
163
32
85
238
94
10
228
225
1
38
34
145
37
21
105
12
186
88
44
236
228
178
203
93
238
26
18
64
69
209
52
168
219
76
47
152
202
25
145
158
61
99
34
82
85
244
5
209
204
235
86
86
127
71
204
197
42
106
134
27
228
238
1
32
167
15
235
28
26
118
134
217
42
179
34
158
8
49
145
94
102
195
221
250
235
105
31
235
175
87
246
238
178
222
213
199
22
35
81
213
124
9
171
18
248
25
52
85
2
19
199
96
134
250
76
32
13
146
42
221
57
147
18
139
235
242
256
73
210
190
21
46
44
185
65
77
86
118
202
155
54
86
163
10
223
229
201
214
26
146
31
163
99
108
54
184
219
82
186
223
159
54
163
175
111
158
31
69
27
169
107
175
179
94
200
192
112
52
13
169
164
140
3
122
42
125
49
252
186
139
42
188
163
76
111
163
178
57
178
96
237
8
133
176
73
202
98
214
159
44
228
17
163
76
134
200
245
178
133
197
213
238
34
72
222
85
19
142
236
229
55
177
21
209
137
10
196
139
209
14
236
250
130
156
26
229
54
150
203
125
99
8
242
28
219
76
237
145
61
31
94
61
125
134
190
136
39
45
252
139
15
10
161
32
89
219
153
104
163
10
200
54
134
160
245
86
105
253
85
197
54
235
191
202
34
115
91
248
8
193
64
201
57
58
91
159
240
221
69
174
129
256
52
169
213
184
184
57
240
57
196
148
17
52
88
203
133
221
57
232
50
134
35
159
256
238
108
69
72
96
79
97
133
175
174
221
222
176
238
238
8
228
203
42
73
201
63
192
216
121
123
184
76
193
196
64
41
33
31
124
184
52
210
133
240
34
147
146
256
199
201
215
10
204
216
199
54
65
139
213
240
252
232
229
82
161
190
174
47
125
116
223
164
213
168
111
201
9
31
213
72
202
105
25
57
44
255
196
240
229
218
238
229
98
63
221
35
240
118
117
124
115
139
255
82
73
25
183
97
69
111
10
101
15
26
195
15
32
77
144
117
163
45
55
9
127
184
235
26
207
211
55
246
52
8
232
63
115
197
82
237
187
76
161
35
69
133
93
139
212
44
244
184
95
199
76
13
36
31
76
88
115
67
35
159
25
230
115
212
48
184
82
203
133
232
236
174
18
117
76
147
63
52
190
35
236
197
244
236
102
26
134
21
142
155
245
169
63
15
237
228
93
25
35
76
183
228
163
134
238
3
42
69
114
55
184
190
170
228
42
223
219
53
13
201
191
161
213
161
181
26
134
191
202
148
91
213
236
63
15
27
184
25
159
242
125
36
115
204
56
128
61
31
55
148
213
124
19
161
133
213
12
240
149
105
53
232
26
230
125
243
97
232
53
111
155
88
184
31
23
149
232
210
26
170
48
22
184
243
237
168
230
213
223
61
102
228
45
139
189
254
22
220
122
169
139
95
186
27
13
27
31
69
134
74
237
106
120
213
202
34
170
193
27
64
249
252
203
202
185
213
159
101
252
163
34
35
42
218
165
56
235
44
146
115
161
163
79
64
213
253
170
15
209
63
72
189
26
44
170
213
163
10
161
239
103
197
120
67
15
195
148
252
134
91
189
163
91
245
136
186
184
197
184
163
170
235
146
15
155
145
202
161
213
99
70
115
36
35
86
134
133
53
252
77
125
72
232
200
120
216
120
139
169
10
125
31
17
15
256
115
256
195
237
255
232
163
125
236
155
222
157
15
190
163
15
4
216
44
189
33
215
161
139
48
228
120
30
144
84
44
91
44
216
158
45
155
186
161
15
227
213
57
241
133
148
163
235
247
218
10
72
211
256
33
184
197
218
155
148
197
