22
177
186
209
186
74
199
136
208
208
186
186
84
186
153
186
199
84
63
84
54
52
52
110
209
177
52
186
110
32
209
110
110
251
113
251
251
140
251
140
140
72
251
222
140
177
54
208
251
74
140
140
54
208
18
54
54
199
197
54
251
140
251
18
186
18
140
110
51
189
145
107
225
54
84
251
251
107
25
51
153
225
54
251
72
164
54
215
225
51
199
177
177
54
140
12
177
251
140
74
174
198
18
110
51
245
177
51
74
239
80
123
202
89
251
164
164
237
84
245
123
25
86
194
94
25
51
199
177
181
251
251
235
251
58
237
143
251
237
82
18
164
42
251
89
19
164
135
25
242
58
140
165
177
151
58
19
246
146
194
125
18
19
242
18
163
19
135
19
82
19
18
189
17
77
253
128
58
246
25
251
19
58
129
22
3
135
18
129
135
237
120
19
85
18
245
18
42
251
140
3
86
135
143
51
19
82
85
19
174
203
135
192
98
19
203
51
147
110
62
178
178
109
225
19
50
242
94
51
125
7
179
82
85
173
42
172
6
94
50
22
246
172
8
143
19
99
39
245
192
22
189
219
219
190
94
12
96
126
94
24
19
202
160
32
135
12
26
94
19
9
72
85
126
12
135
49
178
54
120
127
94
19
29
12
135
172
26
94
94
239
214
9
237
223
189
82
245
174
54
94
91
251
189
126
9
110
94
42
91
189
174
189
215
172
189
122
249
167
94
91
42
249
9
12
99
50
40
7
42
94
164
72
215
82
174
174
215
94
178
190
94
190
176
249
122
167
176
129
42
12
174
94
94
49
153
1
62
120
94
243
62
197
113
24
24
214
174
155
174
214
23
7
174
107
148
94
99
77
174
49
99
178
102
199
94
174
24
39
44
117
15
174
174
174
174
181
191
120
39
9
99
174
99
99
199
91
216
163
205
216
7
219
99
174
120
167
199
174
186
94
39
120
99
66
100
174
174
174
99
176
120
99
99
19
19
120
39
174
79
94
99
24
9
176
94
173
94
163
216
246
193
148
122
127
246
99
174
174
24
58
62
157
193
147
120
148
199
216
94
172
83
9
58
99
53
48
99
237
94
99
247
174
82
209
148
94
94
39
50
239
1
99
100
99
61
66
161
1
69
94
24
94
39
171
82
233
24
215
76
237
233
61
174
99
94
99
82
174
216
12
209
233
193
198
219
48
9
94
215
58
53
233
9
174
163
42
100
99
49
207
9
94
100
222
227
12
24
225
56
177
218
94
239
54
111
222
199
197
199
9
233
94
127
39
85
94
237
9
185
52
237
255
72
251
197
216
99
83
99
9
94
48
1
24
9
30
148
148
99
99
82
99
239
9
225
100
9
76
99
8
251
99
91
155
240
148
99
120
39
148
48
19
83
235
189
193
225
54
99
100
117
121
94
99
174
99
148
115
193
99
82
235
184
100
149
145
1
252
82
255
69
224
190
192
82
82
117
48
87
104
218
192
190
237
82
147
99
42
99
149
216
72
192
49
255
176
174
148
158
255
252
42
48
197
163
82
99
64
82
117
197
218
159
197
202
99
72
48
48
75
246
106
48
219
192
120
82
82
149
48
82
216
99
82
202
47
49
145
48
192
241
91
255
256
72
19
157
82
202
120
247
99
82
99
255
160
99
99
82
232
186
100
133
82
148
210
72
19
133
218
104
86
133
72
99
82
72
72
