208
54
37
129
94
129
102
91
129
128
38
69
232
129
94
220
127
181
168
243
129
77
222
136
50
37
6
50
6
150
100
128
143
140
128
111
150
157
129
94
8
70
13
149
83
136
145
60
211
106
50
126
243
8
12
140
150
26
153
172
51
79
34
122
122
242
3
38
129
175
216
11
222
8
174
154
12
122
106
226
90
255
50
175
6
106
126
1
111
102
174
12
106
105
189
34
24
77
79
77
6
172
223
187
34
34
122
122
106
105
13
51
76
150
33
148
129
177
131
122
162
230
174
131
47
131
162
106
192
187
108
33
195
129
187
14
208
216
42
108
12
129
33
33
208
83
150
226
172
175
8
131
189
105
98
16
172
89
46
6
46
77
197
51
180
172
195
197
97
212
192
8
222
123
126
77
142
250
250
128
100
60
46
140
153
157
225
51
189
47
226
74
196
123
94
105
12
93
38
56
140
111
123
153
123
131
183
212
3
14
123
85
85
175
216
149
89
172
99
189
85
111
153
219
215
111
19
184
126
215
126
6
111
187
44
74
216
175
126
245
19
92
94
153
192
32
141
126
105
24
12
6
47
141
141
75
70
104
93
81
214
170
98
22
18
178
81
95
118
19
112
106
250
123
85
175
239
231
128
156
63
64
143
85
81
63
114
81
231
149
50
85
184
36
162
6
132
155
73
130
85
70
76
50
130
130
222
81
251
142
153
197
143
8
174
211
69
143
153
118
246
126
155
18
85
230
106
174
156
82
153
18
82
118
53
231
151
81
189
132
165
81
188
202
85
151
151
53
184
184
85
98
197
189
199
99
232
165
76
165
189
220
19
218
165
243
85
160
19
85
107
81
86
230
165
165
84
85
246
79
1
5
178
12
189
122
141
53
156
12
62
63
85
70
8
81
148
36
245
90
188
109
198
82
143
218
255
250
175
235
237
85
193
14
72
250
142
69
94
4
197
215
215
44
128
215
1
188
198
139
12
107
4
148
218
145
6
236
77
115
254
78
85
217
115
75
23
232
219
112
199
70
216
160
207
91
209
155
207
255
23
23
216
163
139
75
197
24
70
23
149
254
243
190
91
207
247
189
217
115
207
215
73
140
140
102
215
26
138
3
64
193
69
31
160
239
245
23
94
217
111
150
4
188
243
138
115
150
64
107
149
247
209
215
247
138
104
150
237
139
145
237
94
205
75
237
150
52
157
138
247
215
238
247
115
207
138
190
199
216
23
205
79
215
247
250
232
54
157
106
52
145
32
207
161
32
57
106
237
33
98
227
23
6
218
247
94
124
155
216
58
133
243
23
99
31
209
73
154
58
164
15
73
155
247
232
12
184
134
247
207
158
164
76
99
26
99
197
247
145
238
215
199
58
197
216
210
237
207
153
214
38
32
92
202
202
153
213
61
158
214
52
176
115
94
139
168
218
161
161
255
132
158
218
161
117
213
99
72
213
149
132
48
