162
211
211
7
107
211
59
211
256
194
65
166
202
166
194
59
95
7
250
150
80
59
128
58
32
166
190
179
231
142
244
205
162
7
166
42
146
51
162
107
128
231
127
203
205
128
55
130
190
127
212
59
95
162
58
7
97
203
185
28
59
190
40
205
34
172
29
80
205
97
210
24
184
212
242
36
7
30
41
59
29
97
205
13
80
42
231
3
219
195
40
231
171
169
144
11
102
58
11
129
135
41
153
28
210
219
144
162
128
166
3
3
69
64
108
153
59
184
166
58
59
144
59
129
31
3
176
96
194
164
144
241
215
205
161
41
135
75
47
162
121
129
59
164
22
198
140
135
206
21
242
144
164
127
231
80
162
76
138
164
24
205
41
195
33
164
110
215
179
59
3
73
195
65
164
164
166
242
102
140
108
97
110
102
166
144
87
13
6
39
147
13
164
3
55
29
3
75
209
87
31
129
7
42
93
59
75
110
97
75
7
116
144
144
51
69
171
11
211
113
65
53
131
211
190
135
135
228
128
58
154
110
206
243
171
244
168
84
166
31
54
110
59
164
87
243
132
137
17
73
97
115
108
59
179
89
57
208
77
7
29
180
58
75
58
58
123
75
231
164
39
240
241
205
222
123
184
80
150
241
75
128
69
236
73
164
172
144
115
86
242
204
211
241
154
97
135
208
250
97
7
179
230
11
190
191
122
89
179
135
91
89
80
117
7
205
40
176
65
22
171
162
205
31
160
75
61
138
153
182
162
130
84
29
55
95
122
167
28
58
231
75
73
142
209
166
83
138
3
96
123
238
59
190
7
164
227
112
91
115
58
205
231
58
146
31
55
13
136
24
172
42
41
242
135
107
51
136
80
151
84
176
128
55
58
80
144
194
235
138
240
181
164
128
252
18
208
18
89
167
146
59
59
75
168
141
29
87
84
40
231
176
122
104
89
244
55
226
191
211
6
162
65
216
102
27
166
59
58
6
199
243
37
75
198
235
192
18
87
164
241
223
28
151
252
174
252
38
140
151
190
31
28
176
93
24
243
144
210
244
64
191
59
31
197
181
241
223
181
65
115
112
256
31
11
242
181
247
104
170
135
169
64
194
144
89
190
75
140
178
151
140
241
65
114
202
88
240
59
179
66
178
211
144
83
42
6
11
117
21
136
113
86
244
40
195
146
80
121
7
192
243
176
231
40
164
244
243
87
121
75
166
141
102
194
179
25
32
65
171
104
83
67
84
115
131
40
209
126
104
181
44
244
59
189
13
150
58
52
91
7
11
98
128
113
28
66
65
104
116
7
59
117
59
219
84
84
58
194
165
154
138
146
214
135
207
128
223
75
84
28
204
75
73
122
164
102
25
138
42
117
244
162
59
22
205
194
135
139
229
9
10
151
117
208
172
190
105
189
199
81
217
11
91
221
222
140
164
47
166
243
115
256
117
210
181
227
178
134
91
190
6
243
134
217
207
107
25
17
84
33
31
140
29
63
97
252
70
144
137
170
130
166
176
102
17
69
67
233
172
11
237
116
128
68
40
80
132
83
248
239
239
40
117
177
179
116
212
32
253
121
44
249
185
142
164
66
141
187
215
236
77
39
88
59
117
80
249
253
89
17
114
115
216
217
197
3
142
137
162
40
237
246
189
203
17
102
183
110
166
236
71
69
256
66
66
231
241
208
109
187
79
122
9
59
128
183
59
97
255
88
255
60
135
10
115
162
115
151
177
97
249
157
153
197
67
32
122
189
98
17
103
28
61
135
120
226
203
65
115
74
176
136
194
35
149
130
84
107
21
169
217
44
11
32
18
83
183
154
185
150
210
8
12
73
167
182
209
254
142
7
140
42
116
68
191
251
231
182
110
75
253
37
117
10
174
109
252
86
166
67
166
17
122
110
86
195
201
20
166
191
58
125
227
107
112
195
240
137
170
184
58
144
199
55
71
99
239
144
202
83
110
39
243
246
187
135
25
162
184
166
159
127
10
191
154
195
99
235
188
86
233
60
170
86
23
248
182
60
222
151
105
108
195
195
150
193
135
1
55
205
81
142
83
89
128
181
204
166
247
121
172
110
64
75
61
197
171
21
216
195
221
243
223
65
5
113
185
147
233
67
67
35
18
113
156
97
234
253
138
186
117
118
186
183
11
127
251
83
90
182
138
64
228
32
47
192
166
166
65
191
191
195
226
12
22
93
233
195
240
253
83
180
203
70
210
191
182
84
249
253
136
244
210
67
255
170
195
169
55
187
29
209
223
58
233
32
166
154
253
142
207
187
219
105
243
186
59
66
24
113
229
245
195
250
32
234
42
222
10
25
144
221
205
88
147
11
64
244
256
116
192
58
239
58
198
60
1
223
239
91
29
234
146
141
141
75
21
114
120
12
199
178
244
131
54
205
86
182
130
192
193
20
248
4
45
170
61
49
141
76
10
59
88
132
250
144
202
255
97
130
182
18
58
240
95
116
200
162
216
31
88
79
76
98
229
117
2
130
120
235
76
171
198
130
29
227
240
130
121
106
104
194
58
117
46
217
115
108
241
245
138
171
245
223
164
141
99
105
35
24
203
215
140
161
135
170
52
200
93
91
179
139
197
165
52
134
83
16
66
195
90
111
186
132
138
132
100
186
172
226
172
185
233
193
59
253
164
88
244
130
80
65
239
122
132
52
135
93
15
43
54
149
122
229
36
91
52
251
227
147
72
195
20
165
39
245
18
144
55
121
41
191
1
106
203
243
33
185
61
196
211
57
89
32
123
121
129
83
32
217
122
195
91
117
241
80
13
135
58
135
227
215
215
253
68
209
132
24
37
36
171
121
231
40
227
226
122
175
235
142
256
186
120
85
128
191
119
207
43
188
89
186
122
107
41
29
47
38
117
142
65
146
121
198
165
57
198
227
140
219
58
102
59
241
100
143
211
225
13
60
70
18
184
151
6
36
32
59
128
80
110
249
7
142
223
59
43
161
100
241
198
233
130
219
185
107
122
175
99
205
24
99
59
72
255
224
178
193
55
70
246
235
29
102
20
83
1
251
227
194
103
217
158
110
145
155
148
145
99
82
130
234
52
227
167
36
245
142
81
141
57
237
132
86
121
122
170
185
235
203
237
231
117
16
193
24
30
247
13
109
58
32
125
65
93
60
24
141
239
227
99
60
218
236
101
43
4
58
167
196
247
117
178
14
91
226
58
41
244
59
160
167
254
60
182
91
143
117
72
197
193
231
217
1
136
77
187
46
108
167
235
116
139
41
104
142
205
210
58
187
206
65
161
201
2
230
107
117
227
167
122
122
197
217
64
33
5
58
161
93
111
116
40
214
122
145
227
131
215
157
167
83
233
82
45
4
195
244
42
141
191
109
185
217
217
120
256
252
73
117
1
47
66
149
58
36
8
73
81
16
175
1
110
227
243
216
143
209
245
169
169
160
122
94
22
101
223
217
30
185
54
241
243
253
33
240
191
122
238
188
241
238
53
33
59
161
234
113
253
60
241
24
205
174
178
239
124
253
6
22
100
161
165
255
130
30
253
141
155
116
197
174
24
122
80
119
71
138
100
42
60
195
49
221
60
45
244
39
195
75
205
135
242
88
174
69
181
158
226
17
30
211
71
109
215
143
176
55
162
113
154
120
10
171
42
1
115
175
30
166
58
142
66
255
170
16
243
156
227
7
24
83
231
135
88
32
76
239
11
124
140
108
179
119
109
28
11
131
124
211
196
251
241
132
254
221
86
9
133
185
145
108
194
104
252
202
247
142
78
83
42
106
141
30
2
135
20
47
198
122
227
49
4
171
35
244
190
195
186
244
37
70
102
17
240
24
151
120
190
211
142
49
24
136
91
142
142
23
171
6
59
199
52
58
49
49
178
198
49
199
211
169
39
110
191
10
86
104
124
33
63
207
171
55
55
42
137
199
39
174
49
72
174
99
171
55
86
189
25
58
73
211
91
146
153
135
169
136
10
204
171
248
55
167
43
40
17
55
122
104
152
64
40
226
19
241
225
55
79
218
205
201
75
208
215
78
178
35
197
34
122
65
256
205
195
24
78
191
61
33
185
63
148
30
208
40
205
201
142
31
171
211
17
190
89
243
117
17
12
19
130
108
253
169
167
83
121
224
203
142
54
23
65
167
171
63
67
186
195
227
61
227
31
196
142
149
122
186
58
186
65
205
84
16
241
34
98
171
125
256
76
171
170
101
130
58
244
97
2
241
102
227
136
158
247
23
188
171
8
7
213
33
191
186
27
171
201
124
240
121
14
237
78
107
194
189
35
49
158
238
186
57
203
12
33
215
169
39
201
35
19
196
215
80
120
120
238
171
194
88
134
52
73
147
73
19
137
35
77
24
186
144
137
104
103
117
35
103
169
58
256
58
190
