10
105
121
105
110
186
164
116
80
105
164
212
146
256
253
195
203
6
195
166
6
38
59
211
223
248
58
58
169
6
7
75
39
166
24
166
80
240
60
223
146
35
169
142
170
169
38
113
35
176
65
125
93
180
8
37
97
139
135
225
234
31
164
147
58
229
179
225
254
169
6
16
253
1
80
65
194
42
240
127
233
1
89
241
205
35
117
256
14
176
151
175
35
169
103
89
203
194
206
35
223
251
176
36
194
73
65
180
234
176
205
39
169
247
80
19
223
203
131
169
113
55
46
20
121
141
191
203
205
84
185
256
203
59
46
205
240
116
121
46
59
169
180
103
151
122
205
253
67
244
59
119
195
22
169
233
203
186
20
113
122
253
240
36
1
28
166
71
136
217
6
130
88
169
195
194
33
125
18
2
37
7
113
195
252
231
141
93
103
88
151
195
34
146
195
175
59
166
80
254
4
11
103
95
135
166
191
135
103
121
146
176
179
166
229
87
21
153
108
97
119
6
64
59
256
222
186
139
27
201
223
144
29
59
103
19
35
244
212
27
7
46
47
171
142
146
7
145
58
38
162
13
93
134
31
256
80
233
35
35
206
142
88
61
38
185
67
136
113
22
100
108
136
41
46
247
58
223
100
37
24
239
248
3
46
33
240
248
225
4
195
166
160
40
171
119
113
164
145
119
205
179
244
61
141
166
137
1
240
171
122
6
245
231
195
138
185
6
6
156
203
113
27
154
7
180
35
34
231
186
254
250
162
96
1
137
107
121
236
253
103
223
121
36
217
103
140
229
205
30
146
87
125
194
183
253
191
80
1
101
229
221
210
93
91
179
169
121
59
194
233
191
222
35
1
166
252
21
88
191
135
253
233
134
194
145
40
96
52
184
241
7
175
119
38
107
164
152
137
108
253
229
27
119
107
88
49
185
103
249
1
136
89
191
6
248
169
180
58
18
203
89
229
6
103
7
136
167
250
6
107
144
59
27
19
71
191
229
35
206
185
194
141
164
38
58
169
241
185
126
35
169
241
151
91
89
35
223
24
221
253
244
107
225
225
93
210
107
137
41
24
252
1
245
169
68
195
89
108
65
31
203
131
89
169
83
107
201
39
231
221
113
103
113
167
33
122
103
191
93
36
119
142
205
252
248
169
20
205
40
113
122
195
144
121
6
203
164
146
166
194
113
22
35
93
241
241
35
36
210
121
60
238
234
229
75
10
184
36
244
5
36
242
7
10
205
185
223
93
113
52
7
89
164
239
195
36
61
142
93
35
225
96
52
241
253
136
144
88
113
97
19
103
146
170
203
63
203
201
191
37
130
139
241
223
34
241
253
191
113
60
19
142
146
121
34
241
244
194
1
83
205
90
83
205
195
18
221
223
169
121
47
229
211
130
244
210
58
223
180
211
83
139
180
194
61
88
14
152
252
71
97
91
156
33
70
187
58
34
195
27
28
46
46
229
195
145
75
242
1
5
121
203
25
107
61
191
238
14
97
14
24
28
235
229
108
22
21
19
60
203
67
244
235
229
113
36
35
164
119
96
142
101
16
223
108
36
180
195
248
233
58
238
195
203
179
152
32
38
113
140
234
83
240
61
169
223
179
8
116
7
113
183
40
223
38
58
169
31
139
88
130
30
142
195
88
185
250
191
31
147
43
1
125
241
198
205
113
166
183
252
242
83
201
93
122
164
142
236
88
240
150
107
108
190
6
252
58
36
169
125
14
24
113
147
49
169
119
119
196
137
59
27
141
47
113
131
128
108
169
250
40
38
65
47
240
5
195
60
15
67
103
229
34
203
121
229
235
108
89
75
203
240
108
146
88
170
144
144
194
167
242
167
170
20
89
146
182
108
169
123
88
113
33
154
223
184
223
253
58
225
31
229
8
8
31
36
58
114
92
175
205
182
175
227
90
139
142
38
156
229
96
195
137
203
236
90
31
7
1
24
125
169
240
209
47
14
244
169
47
236
116
175
223
22
233
135
248
6
4
169
169
41
8
91
64
231
67
21
144
89
141
227
186
127
144
5
130
139
36
93
64
241
154
107
116
103
221
8
144
169
242
5
88
107
116
132
196
143
229
46
24
24
170
73
107
191
205
203
61
40
88
170
253
210
251
34
201
203
113
195
130
7
244
61
170
24
65
210
135
79
142
113
59
191
47
236
131
160
113
129
191
139
61
31
65
180
227
191
22
236
36
96
65
125
24
134
242
242
111
201
81
172
130
7
196
169
204
79
235
14
225
169
20
129
7
6
63
58
229
111
47
175
113
195
142
195
191
41
5
122
5
238
59
38
47
236
21
46
241
107
135
219
240
40
5
234
146
130
103
224
191
88
125
240
6
170
234
169
229
109
100
146
58
186
233
19
121
253
144
31
227
223
252
116
237
58
8
203
13
184
194
144
82
144
24
1
208
40
227
233
142
142
60
91
11
180
89
90
212
135
180
169
158
113
58
8
144
130
83
180
194
190
168
142
233
191
231
14
253
112
73
57
240
185
144
164
5
235
46
32
35
203
24
18
229
151
33
194
201
223
236
108
40
142
54
47
47
252
113
21
203
252
61
238
206
111
113
114
238
185
18
142
229
142
144
96
89
144
241
24
248
96
107
65
47
30
142
150
139
180
46
235
241
89
231
89
113
191
180
116
126
256
144
103
152
21
198
144
11
164
113
241
4
225
144
241
65
125
58
35
22
198
240
46
102
121
256
144
166
113
88
130
1
201
180
186
158
93
180
113
108
168
166
88
195
183
74
154
185
113
89
90
116
191
88
135
111
21
229
158
113
156
113
241
191
107
244
59
250
58
200
37
166
5
195
65
229
20
248
169
210
210
79
236
119
229
203
125
33
103
113
2
160
201
201
63
5
73
184
142
6
37
2
223
108
253
211
201
146
65
244
221
203
152
168
241
47
103
93
90
7
235
201
236
250
65
19
46
241
241
8
166
36
74
256
144
22
154
96
144
47
121
40
175
41
58
164
30
242
89
113
97
212
130
170
55
36
73
144
65
103
187
201
16
83
170
142
88
107
118
240
138
122
178
36
190
242
248
88
88
35
223
234
137
46
77
96
73
144
65
107
41
256
169
151
203
235
46
46
201
241
181
132
252
195
20
46
201
250
239
89
128
19
126
41
35
144
77
24
55
151
21
158
116
5
122
103
183
179
253
19
32
142
170
121
206
65
89
89
180
78
130
205
146
169
186
61
90
253
231
46
6
233
179
203
113
14
144
256
58
240
206
1
1
30
36
21
40
5
11
241
180
89
253
146
191
203
186
130
74
121
103
144
135
203
186
65
142
130
256
200
206
78
223
180
180
180
142
41
6
190
175
107
1
206
156
5
46
256
130
83
235
92
142
191
20
233
24
130
131
229
16
22
248
180
21
187
93
248
169
47
109
146
167
158
169
89
229
180
74
139
90
219
242
251
146
103
4
203
142
158
228
195
248
89
256
22
37
179
253
250
156
229
154
244
248
203
190
144
65
246
221
13
144
253
226
65
3
37
187
33
31
241
109
24
88
180
144
108
7
102
244
175
65
203
47
169
144
117
144
222
229
21
5
125
89
186
34
223
65
158
156
41
142
240
130
47
34
31
11
206
203
65
74
87
114
111
113
144
239
164
21
144
103
142
103
108
223
170
244
20
78
78
224
127
236
144
36
233
103
119
180
211
10
37
229
142
24
88
151
113
24
7
144
47
231
121
144
103
65
35
234
205
55
166
152
65
156
83
119
83
20
212
58
103
241
250
154
221
194
47
7
34
128
252
236
188
142
229
28
144
241
35
151
237
75
34
113
1
152
191
164
241
233
144
231
239
88
158
181
107
151
74
227
156
24
139
22
146
221
108
20
65
41
169
242
248
118
188
179
241
115
8
113
81
59
24
58
1
242
169
169
145
6
47
24
171
130
118
154
93
65
71
33
253
111
65
103
5
224
1
228
47
31
169
137
88
242
114
171
195
6
201
175
229
34
87
236
103
103
166
244
195
236
167
22
229
185
191
135
182
224
203
193
20
233
103
6
116
241
79
65
237
93
196
90
55
191
169
240
36
107
244
122
227
169
231
47
20
18
182
35
40
154
191
238
158
160
180
252
193
225
117
154
2
79
108
24
238
93
229
144
185
256
103
169
183
40
24
187
96
196
47
113
109
135
224
119
41
83
198
116
28
22
40
191
113
178
65
78
34
183
21
138
24
151
65
4
122
250
229
229
246
130
125
250
28
88
195
113
168
253
63
24
24
241
114
18
47
98
183
58
212
10
114
180
241
6
252
144
121
208
171
158
20
130
190
6
169
8
21
240
89
65
250
144
206
170
35
194
125
220
89
193
169
6
46
64
166
236
229
131
101
241
227
44
65
103
124
167
228
96
227
116
83
76
46
93
108
104
40
201
98
206
187
47
222
93
28
93
65
241
242
238
251
240
121
83
191
83
252
93
236
237
113
65
252
139
179
16
184
89
187
156
229
250
190
169
130
121
107
53
63
116
35
117
46
93
200
67
65
59
185
55
227
219
168
179
142
229
108
106
142
18
168
40
19
130
223
103
92
103
119
53
122
78
87
139
168
144
239
156
46
222
19
187
198
1
121
65
222
34
236
102
156
101
116
191
58
229
31
6
37
58
211
190
108
203
241
65
169
253
41
37
83
193
193
89
113
234
100
239
178
93
116
83
116
187
113
140
81
194
65
198
65
237
124
228
184
130
97
115
196
28
156
193
88
40
142
37
139
53
31
88
144
98
141
5
171
6
206
234
116
205
171
193
229
113
140
130
229
225
152
230
240
24
198
93
195
42
90
24
6
52
241
168
18
14
36
158
114
219
58
113
236
142
229
227
101
63
201
24
108
180
240
142
39
41
13
254
88
168
113
152
256
244
89
113
256
41
35
22
198
41
107
88
92
205
103
15
211
256
119
198
123
230
124
240
125
