251
165
162
127
18
18
162
127
84
127
51
126
84
126
113
106
177
74
205
231
11
165
74
239
225
166
50
18
225
202
251
239
202
75
165
140
225
177
74
177
165
165
209
239
165
106
96
126
140
59
174
96
208
177
160
55
67
220
139
51
97
181
54
209
125
84
87
122
51
208
51
22
182
253
61
40
98
185
146
51
251
67
225
97
209
191
97
209
5
186
140
251
36
3
177
186
136
95
220
162
96
75
251
174
251
51
181
18
165
97
205
153
244
209
209
153
51
209
16
209
93
20
55
123
139
51
185
11
29
82
36
153
71
209
123
78
126
123
40
253
234
153
222
126
251
162
123
51
230
87
71
123
127
16
177
194
51
209
251
234
18
237
112
162
212
146
54
162
13
18
184
16
221
54
176
18
209
36
212
10
87
41
225
33
200
256
229
28
209
71
47
140
71
123
165
209
208
127
251
28
186
18
28
160
151
156
208
251
25
151
181
92
177
51
123
181
172
94
220
52
34
143
186
115
208
89
151
51
253
41
140
127
84
84
71
151
75
85
126
165
41
54
51
115
81
244
190
22
229
123
204
118
212
160
126
208
87
172
253
126
71
126
101
222
22
175
87
205
222
123
208
8
21
208
143
238
239
206
52
98
6
11
126
253
143
209
241
105
234
151
26
200
46
162
118
176
51
61
98
115
89
28
86
200
18
81
229
51
81
198
126
71
34
10
34
156
156
115
126
88
254
52
31
47
151
217
136
104
32
213
14
143
106
119
5
51
8
126
164
194
126
234
126
254
220
196
99
39
115
115
143
156
96
149
67
221
147
249
77
49
156
253
98
208
200
84
105
165
114
6
31
4
82
52
98
143
165
96
84
118
115
229
47
127
235
81
76
61
59
162
126
178
103
153
52
103
133
41
157
177
165
89
126
138
8
135
9
67
145
106
174
216
136
143
80
75
90
245
51
10
143
246
40
162
218
71
62
251
98
62
60
47
251
167
20
62
9
4
12
107
145
116
149
62
157
34
156
165
173
99
62
169
91
123
31
115
76
61
126
52
15
154
143
11
191
211
165
67
49
98
84
103
109
13
62
92
177
174
27
117
211
160
156
238
175
119
86
165
98
42
151
153
96
124
79
79
178
109
225
216
62
220
200
103
125
248
248
6
129
254
5
218
31
98
118
9
234
138
176
47
178
167
129
220
210
47
160
96
64
10
162
172
153
218
3
181
177
51
153
118
124
42
108
51
225
123
160
67
231
225
32
119
231
244
167
143
103
82
90
118
12
62
191
198
50
80
71
221
86
92
119
105
88
148
200
12
177
215
62
231
203
52
211
141
175
70
84
238
47
194
126
208
173
129
149
3
231
98
118
64
189
227
31
148
62
118
134
138
105
78
118
41
210
215
118
3
199
205
218
27
90
109
160
211
98
41
82
160
78
60
211
118
232
67
162
160
36
182
230
102
181
162
218
76
181
218
90
98
122
141
95
254
136
177
199
98
104
217
103
156
71
237
28
28
84
153
25
56
92
191
153
232
71
136
221
192
133
28
52
219
232
66
250
241
159
217
36
211
5
7
105
92
160
62
161
62
221
236
254
250
41
169
41
23
167
219
82
245
153
7
123
115
5
133
71
51
23
199
199
21
57
183
244
102
4
220
129
169
156
98
227
46
92
49
67
137
18
136
19
253
70
75
107
184
230
143
7
92
177
165
229
89
136
221
255
143
17
9
18
136
221
83
165
200
78
225
125
139
6
99
7
148
20
230
82
172
143
222
172
217
156
205
165
103
20
116
227
182
177
127
52
148
165
46
17
72
95
172
46
142
9
169
125
110
94
39
44
112
108
91
18
133
210
44
207
97
217
198
161
247
38
17
120
85
6
172
69
95
181
190
177
71
17
178
136
253
165
20
188
177
44
125
172
136
245
76
202
82
208
38
21
233
112
41
4
54
67
125
12
79
182
191
67
177
76
229
181
20
98
54
107
183
108
72
92
159
97
178
90
15
227
25
18
93
36
226
112
78
104
208
71
123
217
222
54
107
11
6
97
150
129
216
200
101
13
200
17
207
141
144
30
221
240
143
136
133
61
120
148
151
17
41
255
250
39
212
181
168
95
72
208
86
255
63
85
155
47
243
146
148
66
143
107
171
237
232
17
17
66
104
17
133
99
129
41
205
51
164
123
112
151
173
156
142
163
191
204
222
158
23
68
171
244
54
148
204
174
247
114
151
5
158
54
120
181
225
207
250
181
244
95
250
77
86
62
165
159
128
194
58
177
51
169
107
131
173
109
98
151
14
9
5
131
133
84
244
244
13
94
207
246
232
131
99
52
92
68
170
82
43
232
14
39
17
178
168
173
25
224
14
138
5
84
54
225
34
168
217
11
99
168
54
213
125
211
52
223
68
123
199
173
69
191
240
120
226
221
39
120
161
124
84
131
124
106
216
187
66
52
107
250
219
197
192
207
149
163
78
4
253
251
175
239
124
232
195
173
226
157
27
143
193
5
20
220
192
226
120
99
191
191
173
