75
165
7
29
209
84
21
209
29
230
209
80
29
208
194
143
91
230
143
112
150
27
143
33
150
36
230
209
44
50
146
17
208
84
112
11
50
88
209
162
202
84
208
11
208
209
162
112
84
18
79
209
209
112
203
184
26
127
11
80
17
118
165
194
209
176
176
143
209
98
209
169
143
151
191
185
112
165
242
136
209
62
17
165
102
75
98
230
161
72
91
202
115
10
115
62
157
127
138
112
47
20
65
140
44
127
176
140
21
140
185
202
118
113
42
27
129
115
145
74
39
50
91
27
75
69
74
222
50
113
145
189
79
165
143
165
191
91
72
73
115
217
17
151
87
121
11
66
176
7
191
86
218
126
230
194
115
140
64
202
202
209
98
136
230
136
172
136
220
84
189
139
209
22
191
95
149
136
86
42
127
136
98
191
231
214
7
105
202
51
224
66
157
234
7
114
239
39
177
165
3
177
42
176
111
170
84
194
160
74
74
20
213
26
114
227
177
27
72
72
165
189
5
213
177
177
177
161
221
8
133
163
96
52
185
163
19
106
159
232
240
98
45
253
60
202
202
7
220
231
143
144
191
220
18
86
90
27
135
103
17
191
203
172
60
185
86
177
170
18
197
169
7
16
19
239
162
27
136
109
110
139
28
160
26
202
202
194
41
85
155
33
217
12
74
90
7
62
18
95
26
7
165
239
114
105
240
74
90
250
84
34
253
55
118
241
105
54
160
239
230
165
79
66
205
163
140
21
39
165
227
234
19
162
18
113
213
234
140
122
221
28
118
114
222
181
2
234
215
112
165
222
133
114
31
162
197
160
139
51
131
110
155
114
97
113
74
105
162
56
62
11
155
51
115
34
204
7
140
52
36
39
27
157
115
56
79
74
159
172
85
112
26
22
256
256
191
240
62
72
7
74
140
112
90
197
197
84
8
71
151
51
240
162
165
133
249
87
62
76
249
246
91
214
7
89
102
84
172
165
51
86
135
114
191
57
201
18
99
199
161
7
208
141
54
90
164
222
253
79
51
157
115
86
77
26
81
164
18
50
72
194
25
84
72
191
69
191
164
246
84
72
185
51
50
27
112
8
118
188
105
128
17
72
169
128
133
115
203
191
149
106
94
77
171
82
113
251
18
79
60
242
69
72
27
202
165
253
153
162
202
7
209
176
150
223
197
165
85
115
44
162
77
47
225
26
73
118
72
204
73
109
191
83
251
50
191
109
202
7
106
184
127
49
131
232
131
163
7
103
18
74
162
184
53
84
195
255
78
76
119
202
26
197
204
215
72
62
172
199
197
161
118
161
72
37
59
131
72
10
7
191
85
34
33
21
150
106
47
131
121
72
13
109
176
157
184
162
29
133
77
243
81
251
163
204
82
74
251
175
216
123
228
113
60
249
17
249
54
74
155
176
36
189
54
171
202
20
41
81
13
99
106
222
7
161
113
137
249
33
195
213
202
115
76
83
99
220
54
3
105
112
48
121
21
121
191
232
215
197
32
119
82
155
45
36
56
229
159
125
82
99
36
155
43
155
159
31
246
193
197
158
106
31
176
17
204
202
232
218
99
12
100
56
245
177
171
254
236
232
72
42
191
109
7
84
197
39
163
228
72
36
184
191
213
140
124
195
191
109
60
77
99
125
112
161
7
58
57
133
26
155
3
197
56
234
232
133
198
26
99
131
72
248
91
56
140
241
242
79
143
152
74
56
254
204
59
33
220
109
241
77
155
27
139
163
137
171
58
218
76
99
150
143
207
62
99
225
159
197
49
59
191
204
99
197
74
99
75
72
218
150
178
72
113
100
56
136
114
204
204
150
110
199
56
184
67
113
112
231
91
218
59
86
246
56
27
139
135
191
107
218
43
153
59
59
191
56
145
158
129
173
50
62
5
20
214
108
172
113
27
241
211
254
72
202
80
197
202
181
185
140
28
84
12
49
133
50
137
36
79
56
113
19
99
253
58
204
249
57
196
125
85
72
18
185
153
54
74
114
150
213
214
197
72
254
151
28
217
217
206
28
255
23
22
254
72
143
82
153
251
99
245
71
72
163
72
102
197
72
23
159
113
17
204
198
19
48
188
133
208
91
22
49
49
48
19
198
72
217
102
1
195
53
72
60
13
153
68
83
244
229
251
72
108
211
7
71
72
52
47
22
147
204
143
182
213
80
163
191
92
68
220
26
229
113
176
220
204
195
50
105
4
159
191
197
181
197
199
68
125
244
56
204
195
120
197
156
224
28
215
195
218
34
172
156
48
4
225
28
132
195
70
6
195
254
70
133
68
165
4
197
211
204
170
70
68
68
207
211
186
48
254
229
231
251
30
98
48
100
30
20
158
56
36
211
26
218
131
226
48
48
42
51
36
163
163
53
140
68
193
232
126
112
222
117
232
48
47
202
126
53
163
42
192
191
45
107
253
197
48
191
254
39
20
1
42
112
146
72
20
126
245
189
197
20
140
245
161
254
232
191
125
137
213
213
68
52
125
53
42
207
26
147
163
