160
227
214
106
231
231
14
236
177
87
8
46
145
145
145
14
110
145
145
149
189
58
222
46
36
145
240
251
145
61
84
14
209
47
58
61
47
126
209
177
104
14
8
231
251
250
251
201
177
145
47
251
145
106
14
250
61
126
145
145
34
36
231
106
177
239
251
14
231
177
126
177
126
251
239
58
73
14
14
126
58
61
58
58
231
126
145
62
61
10
239
209
106
58
58
237
145
231
196
58
14
251
231
220
14
190
51
133
61
61
251
190
231
58
231
58
212
14
129
18
126
61
8
47
61
177
220
58
51
67
129
58
126
58
250
57
57
250
244
106
231
51
203
61
73
129
251
58
58
251
61
73
250
199
61
106
47
192
219
250
95
237
14
74
145
145
126
96
73
199
69
251
250
129
145
177
119
145
36
129
90
220
54
47
138
129
52
231
238
129
52
14
83
61
247
145
129
250
250
250
18
62
58
14
237
51
250
251
142
90
51
96
231
250
76
61
58
69
61
95
34
250
58
34
238
220
238
58
244
250
129
58
126
103
14
123
231
222
129
250
123
231
61
250
61
250
61
251
123
225
58
123
251
190
58
251
14
145
219
225
105
61
58
105
203
166
251
8
95
129
106
57
14
14
58
225
231
250
194
250
14
8
251
46
92
123
147
126
251
183
96
203
83
123
210
46
123
58
199
108
129
20
25
51
18
36
126
104
231
58
145
25
231
222
123
250
147
170
58
61
97
14
61
29
251
69
61
147
95
104
20
61
64
61
190
58
244
153
147
250
38
123
61
123
250
69
142
153
250
55
194
28
121
121
25
69
106
129
51
15
251
199
246
28
190
55
55
243
92
123
145
227
237
55
111
250
121
136
73
76
147
47
47
61
177
61
145
91
250
103
14
141
34
28
251
41
251
51
67
11
14
253
135
51
239
61
129
90
208
61
65
14
97
97
144
129
222
194
111
51
27
81
18
27
256
73
58
95
251
97
176
123
18
119
251
15
238
71
128
124
15
243
117
124
13
73
145
177
104
144
105
55
61
26
214
51
250
250
251
123
232
18
190
201
113
91
42
234
141
26
54
251
18
18
18
16
61
93
246
172
51
202
15
121
123
177
128
47
138
59
140
256
69
51
27
20
146
219
242
51
197
238
210
250
52
52
123
81
147
25
57
51
250
227
15
51
236
16
149
57
210
149
175
128
219
224
27
250
52
123
120
246
251
140
16
251
253
41
50
251
28
104
213
165
69
31
158
69
52
250
52
73
210
26
51
243
135
56
41
98
172
73
172
37
234
189
168
31
166
69
5
25
69
20
89
51
253
89
250
229
246
158
51
243
219
41
203
208
89
129
195
41
221
196
251
156
42
69
243
31
28
24
138
210
221
191
104
221
237
11
153
51
250
250
172
156
160
221
69
237
253
19
67
58
200
73
219
103
129
251
175
147
243
139
160
4
55
170
181
26
213
179
250
25
243
250
229
236
251
251
19
52
47
129
50
123
168
81
95
73
89
128
170
19
73
47
151
136
85
93
147
253
13
110
251
93
52
19
158
193
136
89
240
253
246
153
123
227
129
208
31
144
25
104
41
182
243
24
140
182
179
106
8
207
159
31
154
182
210
25
212
116
129
218
46
14
180
243
16
37
157
122
94
77
139
104
221
18
212
89
171
123
235
104
147
106
110
213
4
165
52
25
193
216
158
221
71
164
196
129
104
27
146
129
121
140
153
51
210
206
41
107
236
171
147
239
216
216
51
124
140
74
74
218
125
221
182
139
98
140
51
52
248
123
129
57
139
69
25
222
61
239
141
251
139
123
75
129
208
204
198
197
243
213
175
194
195
95
17
8
208
199
48
171
57
243
81
216
240
8
216
154
4
104
71
134
121
89
103
186
94
189
81
77
57
71
69
90
104
194
133
229
150
129
19
182
204
21
69
174
94
216
247
71
71
243
41
227
221
98
199
107
5
88
104
48
196
208
221
98
165
9
84
232
213
234
246
71
61
9
98
243
245
62
50
200
227
121
189
239
238
129
4
153
221
147
104
57
239
216
155
98
37
195
65
43
98
5
67
174
155
43
155
144
153
155
52
136
91
221
5
24
25
41
21
239
194
94
50
239
210
255
53
23
139
244
99
94
228
186
149
219
71
36
221
213
155
135
123
71
120
91
197
174
155
207
213
139
255
94
219
163
133
239
11
173
69
26
127
71
37
52
4
102
60
163
180
26
132
94
155
33
169
221
47
204
21
91
212
102
219
4
104
94
65
239
216
254
76
26
134
33
139
15
175
117
142
197
210
163
188
197
216
116
139
26
251
26
107
105
135
94
19
255
69
106
163
107
78
4
127
26
218
163
49
255
175
26
4
190
55
54
57
33
198
197
49
197
72
237
107
255
57
108
