3
3
7
181
3
151
6
3
105
223
20
20
100
126
239
106
20
183
14
64
239
14
64
208
181
186
3
14
255
20
250
181
12
250
58
3
250
3
250
52
222
251
160
100
62
129
179
129
150
3
104
106
183
58
181
195
75
104
106
160
40
160
122
24
106
217
60
233
237
19
40
11
211
212
216
231
35
60
19
71
60
150
34
61
3
122
192
3
211
3
136
136
196
84
98
196
191
177
69
183
199
136
150
160
171
196
150
217
60
18
165
142
18
50
79
198
71
46
230
46
142
18
46
229
189
76
229
46
79
122
209
136
244
147
147
222
13
244
229
3
245
6
238
206
206
76
87
229
28
130
130
111
128
6
244
64
236
1
3
249
64
71
65
24
114
236
172
3
71
208
139
79
30
212
249
244
106
160
142
67
1
208
190
219
126
190
106
20
60
231
196
199
116
249
195
95
173
116
196
190
190
38
1
63
67
87
150
249
24
229
102
110
190
190
217
73
1
1
18
243
17
235
216
1
55
67
55
71
65
15
55
76
196
173
67
160
152
126
141
8
198
76
225
216
56
89
15
131
16
6
237
252
184
183
1
184
126
17
243
173
47
225
15
139
126
198
246
15
1
239
122
87
106
141
246
114
93
147
188
252
193
219
57
20
55
173
22
37
83
20
6
166
38
114
224
238
189
32
158
225
198
183
87
101
152
194
191
104
70
152
210
93
187
23
70
72
208
237
107
139
256
122
201
244
70
134
198
23
20
167
152
187
122
122
200
220
160
210
225
184
142
173
166
20
56
188
105
187
200
217
171
173
101
219
69
236
67
152
210
36
78
107
95
101
67
152
111
155
219
246
106
228
252
246
30
191
210
145
200
83
20
15
111
39
70
248
92
58
224
60
111
219
26
106
122
85
82
198
16
171
14
49
50
246
129
220
111
20
44
106
111
95
171
188
189
6
235
111
106
217
92
60
96
139
111
201
228
206
121
201
173
187
80
164
145
203
235
188
217
118
203
30
8
30
241
187
200
220
54
173
154
111
187
69
105
227
1
116
111
106
118
13
34
41
111
47
111
196
30
34
77
237
28
159
111
57
79
34
160
79
50
15
200
184
111
64
15
34
187
79
149
236
80
81
114
26
114
69
86
181
1
217
188
79
181
181
24
72
140
149
188
222
111
233
47
105
90
133
106
189
183
134
124
228
102
160
187
188
96
111
12
145
189
181
75
7
35
248
13
102
46
107
222
90
86
111
145
101
220
22
248
145
102
114
220
72
111
230
79
201
109
38
111
167
64
105
188
219
246
108
111
198
177
79
178
232
22
79
111
106
79
110
10
192
43
106
149
10
141
79
189
12
103
145
254
189
228
221
26
238
13
203
86
3
220
34
35
106
230
4
5
106
178
38
111
228
192
254
222
149
5
109
12
184
30
86
111
106
196
192
31
220
191
64
254
238
187
201
63
201
228
157
57
93
152
102
220
108
236
149
230
10
217
42
102
55
134
223
149
192
96
94
106
76
236
79
198
74
31
145
34
176
10
118
86
69
110
131
192
86
215
47
102
162
18
166
236
20
228
111
79
111
74
170
60
38
26
201
238
12
76
86
239
53
114
111
80
43
236
102
254
12
69
238
111
111
4
228
12
69
228
230
155
201
