59
59
166
59
242
242
59
11
11
66
249
143
80
36
25
138
249
84
80
143
80
7
212
162
80
17
165
66
66
160
204
67
66
67
135
249
138
84
150
204
66
17
50
204
204
55
174
7
253
15
146
66
138
243
129
230
186
89
127
55
243
115
221
98
112
143
67
127
55
66
94
71
243
150
218
153
143
94
91
204
174
154
249
221
89
221
153
35
15
243
23
2
13
174
128
42
217
130
17
31
98
165
128
81
203
165
153
128
195
91
52
23
129
174
98
80
2
143
213
2
143
50
195
184
55
256
94
35
55
2
98
122
89
2
174
35
35
104
115
35
154
35
31
2
69
253
127
234
217
2
256
66
84
2
221
128
9
29
212
188
128
160
18
1
89
184
98
147
211
130
175
35
2
175
35
143
121
2
208
143
2
26
2
50
2
35
31
221
89
2
2
89
55
208
172
234
2
35
208
2
35
89
140
98
133
234
16
35
151
35
66
40
39
26
239
42
81
89
153
130
35
35
204
146
115
13
232
1
17
104
239
91
234
40
153
86
98
208
211
127
164
150
214
150
196
18
143
196
214
69
69
196
40
174
221
129
222
39
89
234
191
236
208
234
67
165
234
196
98
35
96
147
219
51
221
64
152
203
96
127
13
26
79
128
219
219
215
195
165
1
174
162
85
191
86
219
244
88
7
171
256
242
2
76
230
159
35
81
84
35
127
2
249
56
33
214
144
34
143
82
21
9
256
35
56
234
159
25
178
172
155
127
71
36
105
160
62
215
186
155
33
16
204
148
251
249
148
36
166
231
231
82
242
113
34
221
140
1
194
21
160
217
102
196
71
209
196
20
51
55
209
148
148
127
113
66
147
196
9
140
165
7
62
217
45
52
127
127
25
210
221
62
214
251
140
234
99
73
208
99
105
214
170
232
75
20
46
21
197
170
25
102
86
2
214
2
151
47
251
113
185
115
143
139
214
85
52
143
117
99
17
143
253
29
169
106
200
242
123
72
148
76
157
123
9
246
107
215
82
249
86
19
79
117
112
74
8
112
85
71
225
209
96
204
244
140
50
99
72
99
213
99
120
227
224
108
242
255
115
72
191
59
46
74
141
35
207
166
85
175
200
204
225
94
118
112
148
14
197
201
249
195
72
45
213
118
134
191
110
197
99
56
224
155
143
51
148
246
99
72
19
99
203
155
221
256
78
99
72
17
43
104
72
246
232
224
197
221
227
99
242
120
148
34
72
72
249
135
56
209
252
245
148
232
134
92
218
141
197
242
225
113
240
214
72
232
245
115
213
150
252
72
59
113
148
159
15
242
143
245
246
149
59
31
51
135
31
148
107
219
30
182
193
72
94
119
72
158
235
246
180
161
99
99
182
213
4
51
150
17
115
245
99
99
184
123
50
72
227
120
197
79
192
191
246
214
72
197
218
59
83
204
140
17
97
99
252
18
44
120
237
149
232
197
52
129
56
56
99
197
155
218
213
232
245
198
207
14
143
155
68
53
238
215
200
208
72
49
120
115
72
48
243
112
204
153
197
186
151
72
99
120
164
44
81
244
26
54
215
81
99
255
86
197
120
182
182
54
213
215
79
27
164
16
81
72
79
52
199
213
172
111
33
197
243
161
197
81
165
213
4
17
26
213
197
197
199
18
148
49
68
102
133
179
193
124
175
210
72
92
23
151
153
239
211
82
11
215
173
16
232
141
11
140
63
106
210
254
87
153
193
140
53
94
193
20
148
175
192
167
177
93
255
179
61
115
193
217
227
12
179
20
189
23
98
239
81
173
133
153
193
124
81
210
82
197
50
212
254
148
179
197
57
104
57
161
244
68
111
190
102
200
236
45
99
75
197
82
131
48
23
197
241
246
36
23
