146
146
15
235
183
235
15
87
128
27
243
168
243
66
80
48
231
116
123
174
235
67
176
128
110
53
115
231
235
235
251
87
204
149
80
186
124
87
172
211
214
211
235
53
166
33
208
55
172
124
15
105
143
143
214
143
87
231
123
197
190
143
143
29
208
138
214
115
179
40
256
214
79
143
138
52
138
52
138
235
66
256
176
154
213
79
143
37
129
143
59
184
14
199
37
129
97
88
129
235
7
165
154
14
5
225
9
244
129
105
208
55
143
244
66
172
37
14
7
14
76
65
129
80
64
129
222
97
14
199
203
14
192
212
236
143
96
105
136
178
22
174
251
194
184
138
75
231
164
65
25
143
16
14
123
129
109
102
235
154
38
18
154
143
165
164
85
172
53
58
109
178
76
129
109
154
143
59
244
143
38
38
128
94
52
174
235
136
172
121
176
7
80
231
105
154
135
136
235
136
16
139
164
154
169
109
18
94
22
154
236
92
95
121
7
251
222
154
162
8
29
122
216
250
243
17
247
66
17
199
85
178
145
65
108
31
129
82
142
205
129
73
95
123
51
247
84
29
94
8
243
31
84
128
109
112
66
116
174
24
190
132
150
22
247
183
154
249
183
108
63
115
123
65
90
9
193
90
171
174
51
129
179
172
29
183
196
53
91
60
176
15
133
54
97
151
190
174
180
109
122
29
193
210
87
94
63
122
63
132
136
183
86
63
174
205
171
141
233
66
154
192
176
103
151
116
109
78
15
243
31
252
13
63
123
116
243
176
176
174
87
197
85
219
32
131
15
247
256
109
140
168
22
56
193
97
183
210
174
151
176
174
178
180
244
174
151
87
95
219
13
222
10
63
109
243
116
112
83
54
62
252
208
63
109
219
114
116
101
160
22
190
226
228
92
106
203
204
176
68
109
129
176
25
176
183
109
94
8
114
127
199
109
113
195
154
92
223
216
208
5
107
138
224
252
136
29
95
87
138
219
147
156
252
209
30
106
102
55
50
97
19
172
26
167
200
38
146
150
29
109
32
190
188
226
112
235
174
162
110
243
9
51
146
138
235
99
54
168
121
42
192
151
39
127
252
29
87
145
3
216
162
213
132
213
13
102
134
131
114
63
74
90
233
7
246
244
58
180
211
138
30
205
254
95
138
155
77
110
167
138
175
39
47
121
19
38
133
207
108
162
231
235
151
168
141
157
186
95
184
86
13
237
87
180
155
205
197
170
91
171
106
78
101
208
212
237
213
163
183
132
92
115
189
145
187
5
82
75
157
170
133
144
157
214
180
59
180
207
163
209
192
163
168
232
104
75
73
205
92
24
124
186
160
52
231
155
236
136
89
85
189
124
55
189
87
205
57
212
55
155
22
86
79
131
57
157
1
197
142
136
157
84
236
189
54
141
133
59
26
120
88
229
164
86
39
102
63
180
142
29
149
132
240
86
132
196
193
133
86
44
250
93
167
114
23
85
73
248
98
99
81
167
167
100
232
23
180
86
251
171
180
58
159
179
236
157
157
157
101
118
53
16
133
82
86
192
158
58
252
135
180
193
142
99
79
193
78
157
9
37
252
135
79
44
23
94
157
85
180
245
127
214
133
157
142
214
24
245
170
133
134
82
25
45
134
157
133
78
