188
188
188
188
188
188
188
188
242
19
110
204
7
204
22
97
188
50
98
204
204
204
7
162
17
250
7
215
204
242
200
7
17
215
88
162
8
36
87
204
17
62
204
62
242
62
184
50
112
50
219
62
159
205
18
89
112
123
215
65
164
7
7
194
17
162
256
87
88
184
206
62
164
235
123
208
36
184
250
74
204
81
67
151
185
215
112
160
71
231
27
160
133
160
18
71
200
89
76
231
67
77
162
220
206
74
27
223
123
71
115
151
165
160
41
85
77
77
27
162
187
231
150
36
7
159
17
219
41
150
27
50
164
188
87
67
22
121
160
140
178
129
164
223
76
67
50
249
223
10
209
212
163
64
71
253
242
129
165
223
67
172
22
22
83
27
249
256
151
189
189
51
39
84
140
36
119
220
165
115
163
135
203
85
153
140
230
177
77
212
67
204
162
163
199
126
71
231
5
181
83
22
40
7
215
129
254
160
231
163
172
113
163
206
123
22
98
62
26
35
187
123
215
74
230
41
219
95
231
151
137
84
77
27
135
237
162
26
113
41
41
220
50
40
230
112
119
65
126
113
222
163
89
237
39
29
229
7
71
27
146
236
253
40
47
103
22
251
225
67
17
163
50
224
51
107
121
223
50
67
215
36
162
77
162
75
147
153
57
237
212
36
27
90
20
117
107
77
237
254
254
160
136
231
247
237
27
200
186
51
84
36
133
90
151
16
89
22
22
209
62
22
81
237
162
160
220
112
77
10
151
87
137
27
220
93
75
221
143
254
129
51
31
48
224
113
249
84
123
75
26
107
160
31
27
253
229
34
140
162
71
211
17
143
102
231
223
137
225
74
103
134
229
184
65
114
26
211
229
98
129
95
135
29
36
41
214
57
242
40
22
36
72
110
84
133
27
129
221
41
254
71
231
90
83
19
50
231
251
84
39
145
90
115
8
75
188
177
22
41
224
242
51
67
231
3
79
146
121
123
201
232
244
244
90
247
8
237
83
39
137
129
139
51
55
127
50
77
138
77
251
237
160
202
85
153
231
90
36
110
39
188
113
74
207
139
163
140
237
36
91
84
242
65
229
50
226
81
230
137
31
157
209
160
207
129
119
143
144
230
186
7
176
211
143
154
51
25
240
90
225
237
69
22
95
71
77
93
165
119
36
147
221
188
84
251
71
136
47
163
163
10
177
237
200
117
81
154
74
124
75
176
220
253
89
124
55
51
65
51
253
190
254
163
212
74
248
3
119
111
225
162
47
91
129
22
62
112
145
77
7
39
45
51
125
51
47
256
226
84
160
85
95
36
225
77
71
239
225
64
90
55
200
95
68
190
250
225
37
147
5
250
191
157
221
124
36
164
231
129
244
143
6
58
140
77
220
3
200
93
4
196
157
31
213
127
48
212
129
91
91
188
90
159
90
33
157
162
230
153
184
58
71
75
112
55
58
220
220
161
54
51
163
5
166
84
231
107
190
188
98
143
77
2
48
188
90
143
38
215
254
126
242
244
119
127
140
117
214
126
113
54
225
40
147
220
6
51
143
125
91
21
190
207
220
43
66
130
153
123
28
51
41
97
77
172
84
253
111
251
113
119
159
61
112
26
132
91
107
98
190
33
50
81
119
50
41
157
121
74
6
84
177
22
18
51
217
250
6
129
207
107
237
239
119
163
5
90
230
50
237
129
207
51
47
152
152
65
143
83
204
192
62
235
221
225
11
10
80
113
198
223
163
203
82
158
113
22
83
160
124
2
17
145
229
178
151
253
140
231
15
95
90
135
90
254
43
242
42
231
90
31
227
84
119
89
5
212
6
174
208
62
138
92
95
4
220
161
142
77
180
36
138
84
84
66
115
98
18
227
75
51
192
114
210
75
174
218
65
22
143
190
250
112
138
40
84
226
81
209
176
86
254
41
123
229
231
176
160
181
9
50
24
112
20
98
115
19
117
254
92
138
41
152
113
241
152
160
84
90
180
119
82
219
227
160
6
89
229
254
239
41
44
119
191
135
92
54
122
184
221
27
67
22
221
137
56
151
17
96
126
42
254
152
128
140
18
55
112
178
67
31
115
212
198
42
207
114
41
152
70
159
8
188
207
17
136
191
123
36
190
160
90
36
239
231
27
3
150
138
48
66
176
202
204
74
87
148
160
186
20
75
251
126
251
219
254
254
239
175
88
119
229
51
78
188
249
239
113
192
130
183
237
246
78
91
231
190
41
253
41
130
217
239
118
112
62
255
151
253
176
198
254
204
157
33
231
231
200
151
14
235
79
144
71
229
191
6
120
153
64
160
245
154
53
150
237
170
228
96
130
200
207
75
214
253
254
200
113
118
84
191
121
191
6
188
129
207
254
200
58
48
87
62
146
5
113
120
124
254
120
87
156
98
154
118
53
191
231
51
26
177
13
188
221
208
220
20
165
44
156
67
20
70
84
86
231
156
36
47
95
254
235
62
113
239
254
17
41
127
18
35
48
115
230
28
83
160
251
183
41
183
119
21
152
142
80
18
107
191
151
78
121
9
222
194
67
211
113
118
61
97
185
11
208
44
107
42
53
121
176
148
120
138
142
6
152
191
224
7
84
207
254
200
253
172
254
21
70
119
211
84
200
42
136
43
235
48
96
71
208
130
207
9
177
53
194
178
4
90
176
17
107
42
178
123
207
4
177
228
253
98
196
188
71
198
21
219
22
177
134
211
173
161
7
3
174
20
188
237
176
120
176
20
129
44
240
189
174
98
165
9
119
185
134
240
63
254
143
98
13
221
148
88
7
200
120
208
21
113
246
46
59
12
246
184
28
119
209
121
53
105
63
211
211
94
98
134
239
141
211
230
6
173
253
42
135
41
120
240
151
254
88
138
196
20
99
138
205
94
254
156
97
99
132
68
4
118
194
136
51
254
77
243
253
20
20
46
151
9
68
12
248
182
141
228
138
254
148
163
70
61
4
173
249
31
113
230
152
151
224
141
230
59
174
20
253
209
174
150
138
194
163
246
184
36
71
84
63
254
4
70
99
222
165
110
227
209
53
137
250
177
55
213
141
124
246
174
186
148
151
174
43
136
66
151
157
142
134
118
165
171
200
254
137
253
120
121
188
99
94
9
53
134
119
131
99
123
56
110
22
173
129
125
246
96
205
200
234
42
165
42
138
119
87
68
156
163
19
98
158
131
173
200
207
152
163
173
89
14
94
12
239
200
215
236
123
218
97
59
196
242
53
120
147
108
138
243
155
171
156
4
237
207
44
98
174
24
22
97
42
68
74
254
53
90
201
14
209
4
20
94
140
170
48
120
204
44
197
27
68
125
78
53
69
120
254
222
174
207
207
200
66
254
156
68
118
234
207
151
197
254
48
45
99
148
242
49
124
13
238
124
32
174
160
197
241
42
33
224
82
4
194
169
201
90
244
156
188
155
97
133
156
249
119
248
171
48
196
130
209
68
99
240
82
32
254
148
133
91
207
254
48
53
182
219
5
50
207
129
200
44
163
169
26
82
62
171
80
119
204
35
95
63
64
50
148
207
33
4
125
207
48
117
39
53
75
94
254
101
22
252
207
99
99
205
80
207
113
63
194
207
53
191
45
136
48
248
20
117
53
200
91
48
215
48
26
22
87
196
189
118
119
22
207
117
10
107
68
72
148
48
159
53
10
196
238
19
196
96
48
218
196
163
201
225
160
110
82
118
48
48
197
89
89
82
197
48
196
163
218
148
213
137
4
123
111
152
26
163
224
227
35
201
19
169
44
78
48
197
77
161
238
163
86
4
44
163
152
119
163
91
10
224
90
131
228
178
133
119
197
178
161
249
82
19
121
249
196
163
211
181
115
57
88
188
40
86
241
112
17
197
254
218
19
218
3
141
197
241
45
153
246
69
53
218
196
141
31
200
53
115
49
53
86
48
196
224
133
200
196
234
141
109
48
177
227
119
81
227
197
48
48
196
141
224
119
119
148
246
48
84
4
68
117
48
198
156
82
152
144
133
48
48
48
119
161
