220
145
86
86
231
162
25
162
211
128
25
162
128
25
129
251
170
140
201
131
256
115
232
162
129
45
197
129
28
162
232
162
139
131
63
222
26
140
147
129
150
23
26
40
115
56
212
23
162
91
162
91
219
214
222
86
27
140
86
199
176
29
176
115
140
23
140
69
209
27
157
230
176
249
94
157
94
249
181
67
147
99
23
174
94
174
59
94
197
174
44
133
189
162
232
159
136
165
140
61
45
84
213
147
216
13
114
40
94
106
177
84
115
243
140
94
129
177
140
231
197
243
237
73
99
165
72
166
66
133
83
161
72
176
155
52
192
215
9
94
85
127
153
161
9
66
99
84
123
77
254
177
83
114
133
94
218
14
84
59
112
87
155
123
94
226
99
140
140
20
123
84
162
216
13
127
94
218
72
177
126
94
221
94
216
147
94
123
174
73
125
161
140
254
147
202
219
69
99
20
44
94
94
184
230
69
94
20
94
154
213
150
161
159
48
154
157
230
88
39
72
79
94
12
159
148
140
72
94
129
94
170
94
44
174
169
99
94
74
94
88
218
129
147
42
225
140
133
39
94
104
250
75
72
203
204
21
208
129
51
115
23
176
54
94
45
129
147
59
174
133
14
123
29
153
51
39
221
150
127
51
163
155
129
104
193
94
33
20
253
162
20
144
105
127
123
99
127
147
99
72
174
52
129
53
72
178
184
12
127
54
56
112
26
216
74
174
174
94
199
198
62
63
140
105
176
155
127
56
91
163
104
226
72
160
23
235
39
72
161
60
237
127
189
120
75
127
216
98
178
239
208
94
131
253
155
163
155
76
62
60
88
72
253
135
204
204
140
3
57
57
89
26
72
127
99
172
214
25
190
83
45
197
59
174
163
162
184
56
216
52
207
36
253
127
71
98
84
23
8
209
39
57
197
199
63
239
163
196
246
20
174
215
246
72
167
140
155
198
14
202
72
224
197
71
56
99
62
41
105
72
210
224
163
197
48
127
235
23
48
99
162
197
181
256
94
85
42
174
99
215
28
39
189
62
9
113
79
250
23
16
120
200
216
162
215
215
151
25
116
255
255
23
84
26
156
23
99
85
72
26
127
162
9
160
94
237
109
181
63
71
53
215
72
94
45
140
59
66
189
246
28
52
44
165
88
239
246
153
197
99
42
76
96
127
161
163
133
181
1
155
194
48
61
174
239
246
85
74
215
81
63
72
96
115
153
256
246
72
23
89
182
72
33
16
156
126
50
51
246
246
66
62
23
223
166
62
212
23
16
153
86
74
99
44
99
26
131
133
254
74
72
9
246
62
178
209
157
153
79
216
123
165
22
10
19
23
197
67
106
179
176
94
125
138
153
163
22
237
141
22
215
99
133
50
216
48
223
5
92
45
197
200
112
82
215
96
215
153
160
9
23
163
9
91
138
212
5
31
76
51
196
193
254
197
156
197
138
78
21
3
9
27
77
70
59
212
23
246
5
18
72
23
157
224
197
18
88
23
153
98
222
149
204
200
149
162
77
112
196
112
197
149
120
215
92
106
159
232
224
23
133
153
82
153
215
143
148
153
215
82
76
7
23
255
197
92
23
124
5
212
197
52
184
92
39
23
22
129
199
21
99
215
135
207
45
122
239
92
215
50
85
99
124
163
77
254
159
199
133
78
96
210
91
240
120
216
85
197
200
213
222
77
39
197
66
120
197
156
51
23
77
196
120
237
92
175
181
92
54
23
82
166
72
23
192
57
184
84
149
72
141
228
48
156
230
82
249
53
82
215
50
214
213
91
149
246
39
163
213
86
23
92
102
113
161
176
57
144
125
82
23
121
82
184
56
66
77
92
110
215
239
215
149
79
126
224
125
171
51
96
48
176
45
144
134
159
213
176
23
204
77
196
106
169
79
253
255
72
57
60
92
102
79
5
97
161
77
255
72
118
224
54
120
60
50
256
56
213
82
5
91
56
109
151
235
255
51
12
117
23
215
48
1
156
98
197
255
48
100
51
77
125
124
77
94
176
207
54
120
235
197
12
51
31
126
75
117
131
129
176
229
89
163
26
23
76
162
13
246
100
77
64
48
213
189
157
34
253
23
200
150
133
124
127
255
109
52
125
123
54
192
144
144
88
99
37
3
88
9
31
88
14
13
127
23
176
215
197
14
133
242
249
153
77
69
132
132
82
3
224
127
82
23
161
147
48
115
173
147
149
249
86
130
32
102
72
120
21
192
81
72
86
147
56
66
96
32
64
160
86
140
74
130
48
35
91
110
133
72
86
60
102
92
48
124
86
49
21
227
114
246
23
14
65
45
133
121
139
160
53
230
245
39
52
23
197
94
188
161
72
159
163
26
56
39
189
115
86
174
157
125
199
249
11
48
72
161
81
84
204
189
69
213
232
120
45
174
99
148
188
237
148
63
104
82
48
99
2
216
86
249
155
91
120
188
23
94
206
48
115
215
159
169
47
104
42
72
115
199
197
82
202
215
56
161
56
85
197
23
72
204
161
124
131
139
139
26
60
40
153
207
106
23
72
189
163
215
82
82
42
148
57
44
159
192
115
215
86
131
218
60
77
178
133
99
72
23
197
96
60
86
99
72
218
23
72
234
156
49
23
48
155
53
202
117
12
159
72
82
157
72
60
155
155
82
12
197
