80
80
166
65
132
66
83
123
35
123
65
166
248
123
80
80
66
79
88
166
132
182
105
113
88
168
211
51
51
219
86
123
53
21
134
189
34
88
51
181
220
36
75
36
201
67
54
80
217
54
111
88
28
211
166
59
84
209
247
212
145
172
135
67
217
132
54
118
141
54
84
65
11
172
182
26
72
169
24
26
127
211
5
172
220
174
76
250
203
203
83
15
83
141
121
252
224
186
208
242
228
54
89
80
89
206
7
206
51
80
127
203
192
166
89
75
176
33
206
8
84
103
80
46
141
134
205
199
153
228
176
49
181
174
30
127
177
175
111
75
95
109
203
29
235
80
177
230
88
65
145
95
29
204
201
186
170
34
65
84
69
242
151
65
73
177
176
114
244
35
230
97
35
139
26
28
83
58
206
153
186
165
219
69
183
92
93
166
174
28
80
253
135
253
150
48
135
252
219
206
186
216
252
201
88
90
191
160
164
238
28
175
84
245
60
218
75
179
89
230
169
201
177
204
30
62
141
170
57
252
166
98
44
141
75
73
15
27
141
220
30
171
237
169
200
210
235
32
171
169
183
84
136
98
213
253
83
146
181
138
121
84
222
52
67
60
75
75
250
91
147
242
118
203
103
26
162
3
212
116
169
110
181
121
250
206
94
242
183
150
89
8
127
214
79
75
253
92
201
230
54
153
132
75
140
166
38
235
170
194
177
57
227
151
171
103
9
60
89
175
240
212
194
92
46
46
227
213
256
35
252
218
192
224
9
121
138
6
41
83
150
145
201
12
230
195
9
206
167
31
134
220
129
71
166
127
153
60
18
115
240
144
71
171
97
211
34
8
75
230
156
141
80
171
92
55
130
42
238
210
218
208
218
221
250
8
86
113
213
86
92
40
169
174
139
36
203
172
12
134
196
198
160
3
253
11
86
209
70
9
12
44
52
29
194
79
236
126
60
80
86
208
143
5
195
9
44
79
28
182
6
90
12
181
29
126
72
94
153
240
175
211
146
254
253
151
211
57
11
118
227
73
236
237
151
132
245
64
152
199
212
245
34
141
237
141
92
73
90
218
230
156
33
83
188
9
46
156
71
189
238
171
10
109
162
156
102
253
64
218
242
53
45
219
253
105
9
220
238
33
203
73
69
91
64
28
70
52
212
253
146
141
236
65
240
241
144
38
220
169
218
98
171
187
8
187
185
175
8
186
217
94
110
128
182
15
91
228
206
203
103
198
245
180
87
218
203
108
212
242
238
256
107
176
240
200
76
42
230
231
113
21
253
34
186
108
171
155
94
166
218
104
28
115
169
127
35
141
140
209
81
171
112
191
21
123
28
30
10
81
27
60
70
211
48
10
92
220
182
256
196
5
154
182
122
171
83
111
128
25
10
248
36
90
212
214
114
91
74
162
60
192
190
201
106
219
81
237
199
208
199
98
219
81
66
112
213
146
212
161
200
73
15
69
169
231
169
36
19
240
238
123
29
169
180
61
80
113
252
65
226
17
10
141
100
74
162
112
55
76
221
104
91
80
217
181
119
28
169
34
183
139
170
224
130
103
8
211
114
186
238
111
28
72
10
8
196
206
189
201
179
32
181
128
219
212
87
139
187
112
203
209
175
156
11
235
32
15
195
238
69
243
220
13
67
187
25
144
202
110
83
72
236
250
196
208
158
172
213
238
253
127
121
14
110
203
220
56
9
156
220
163
127
44
141
256
253
13
97
166
219
105
186
187
127
127
201
64
105
134
64
212
92
214
203
121
217
196
212
26
245
194
102
86
252
154
19
185
141
206
256
140
163
10
212
212
245
90
156
208
129
182
217
188
231
33
110
79
182
235
201
141
240
141
253
181
240
5
5
245
140
10
199
106
201
255
28
121
6
240
64
150
33
35
246
43
80
10
219
253
154
37
60
60
172
170
233
201
235
222
106
41
141
217
94
212
172
249
170
97
174
228
120
100
88
219
228
109
171
147
139
179
37
1
92
188
153
203
226
95
237
17
35
156
79
65
256
217
103
26
87
156
141
21
104
213
242
121
134
10
88
103
189
64
42
34
91
76
213
89
146
130
35
130
56
230
109
14
205
64
168
171
201
57
219
21
50
10
10
213
110
253
206
118
160
111
64
62
245
48
175
130
13
34
177
228
222
25
92
81
240
248
55
211
141
117
110
170
175
64
135
25
217
92
129
34
256
67
175
141
253
92
153
83
122
230
106
113
145
83
217
9
92
80
56
183
10
135
252
44
17
170
83
100
199
137
26
108
91
83
141
114
66
55
41
147
199
51
73
2
172
32
229
110
43
205
17
61
121
96
96
240
196
208
238
182
181
227
101
70
212
91
62
16
64
92
10
217
65
16
244
122
25
142
138
140
118
132
68
73
235
64
221
128
134
184
98
182
47
238
42
35
92
107
93
227
22
205
18
226
21
170
187
217
177
195
96
132
68
217
26
183
163
222
54
213
112
213
88
182
65
194
22
246
112
43
252
74
64
171
76
51
140
171
211
33
192
238
154
172
168
159
240
141
119
190
79
222
217
161
201
11
213
154
181
123
90
136
241
41
111
182
112
134
111
183
110
98
122
182
39
109
64
194
245
51
146
142
25
158
177
198
80
192
178
217
170
78
15
123
113
55
203
178
73
226
190
146
182
231
160
220
236
69
43
108
190
212
14
175
137
5
35
245
169
73
2
135
79
140
228
10
171
171
126
55
196
207
201
41
19
91
186
149
229
206
141
213
236
103
237
39
61
206
139
14
48
230
142
228
211
120
84
61
74
26
76
112
248
201
180
35
211
8
12
134
175
195
95
109
169
256
11
34
38
68
196
223
83
235
181
91
182
35
110
79
211
200
182
47
115
150
35
33
237
144
214
223
181
240
240
62
217
156
52
192
211
65
253
11
124
98
2
203
5
141
97
228
182
96
35
213
240
24
121
207
253
196
96
15
200
219
219
70
166
144
88
89
205
82
64
43
170
21
242
195
38
155
231
15
54
11
34
205
227
22
94
86
208
132
38
80
135
136
47
160
222
160
256
191
226
105
39
35
256
252
2
83
169
21
88
111
11
63
30
217
224
33
50
222
62
49
127
217
18
84
140
181
13
146
97
60
16
61
234
175
156
162
141
182
206
229
86
1
199
211
103
114
242
155
170
66
184
110
76
148
55
1
130
146
76
228
141
238
157
161
147
253
52
74
17
252
198
195
83
187
17
77
126
6
203
185
166
25
17
147
140
116
134
79
181
35
229
63
144
65
217
141
194
141
212
25
236
21
70
235
188
201
102
179
205
180
11
61
35
100
8
152
65
219
75
236
35
170
14
64
141
103
22
201
35
219
193
207
42
221
11
237
66
189
190
35
102
126
92
122
256
183
31
212
168
77
184
31
120
135
238
231
60
18
195
95
195
211
33
91
25
30
134
147
8
198
256
190
199
191
180
237
121
92
169
151
84
240
245
112
169
207
8
89
79
187
73
80
11
217
8
203
237
213
202
256
39
87
37
238
121
74
112
201
236
252
43
138
108
224
236
13
156
30
170
171
149
4
217
200
104
92
242
231
175
118
88
14
237
191
108
234
93
42
89
184
33
201
91
158
22
169
223
187
149
241
201
32
22
197
35
98
132
223
240
194
81
170
256
80
242
188
236
22
151
215
10
41
222
100
30
102
139
110
212
103
49
202
236
159
153
80
219
80
143
121
74
229
206
38
28
207
11
47
14
228
233
30
173
241
196
30
142
235
212
192
176
156
30
54
156
201
96
256
181
219
168
142
51
5
222
201
212
49
219
25
240
115
64
247
219
64
12
210
49
8
22
146
137
69
159
192
156
31
154
188
92
59
110
147
61
34
42
167
100
133
6
35
49
118
196
152
71
17
103
69
39
236
222
8
209
38
103
83
219
92
245
222
228
93
230
240
147
90
34
105
29
45
118
133
161
132
197
27
203
30
153
119
149
70
199
36
212
115
57
207
121
1
2
25
101
247
61
6
75
43
141
65
8
154
236
38
21
110
48
10
248
192
10
249
104
230
227
217
229
244
121
45
39
128
170
46
34
83
5
96
191
201
157
170
192
236
83
66
187
91
213
241
40
228
142
141
118
139
119
170
34
96
219
110
10
119
159
89
8
152
199
64
141
35
49
131
1
107
24
27
91
34
162
190
192
250
238
137
140
182
178
137
196
170
87
232
11
73
38
79
51
37
134
218
134
190
20
242
57
192
167
43
217
64
49
180
196
24
252
11
11
190
169
234
169
65
223
52
143
188
46
65
84
107
91
195
256
141
238
100
40
201
173
79
219
230
30
83
248
8
171
188
121
46
76
196
226
166
69
242
100
196
252
163
45
234
81
52
142
122
196
114
207
24
203
111
35
115
153
222
146
25
122
5
154
98
104
192
177
32
79
64
43
93
89
108
74
72
141
199
34
170
89
234
240
57
201
196
159
61
96
238
219
13
141
142
228
147
241
170
220
161
190
103
203
92
187
13
65
164
229
147
11
201
81
83
94
187
140
248
126
156
137
214
9
42
189
35
56
223
241
198
8
186
8
227
5
139
2
248
93
198
38
68
254
34
30
128
104
35
79
92
201
192
13
102
90
229
192
74
35
201
256
110
237
244
147
229
244
102
222
198
77
147
256
206
108
169
197
206
111
192
240
34
89
67
179
91
135
35
122
137
5
91
76
128
1
80
61
70
135
32
90
64
49
91
3
39
143
147
26
96
120
32
96
223
86
206
229
238
244
38
145
83
29
100
188
41
204
34
199
2
2
70
48
80
44
256
91
73
248
209
189
187
96
93
150
221
197
69
93
170
201
166
170
161
195
211
100
25
39
89
158
46
89
3
134
112
29
79
49
102
74
253
135
251
110
100
256
110
100
217
232
91
24
244
68
196
80
206
73
214
205
185
217
117
10
89
1
256
6
128
178
194
36
10
240
192
89
33
91
124
249
247
255
247
8
128
226
38
10
31
221
198
228
64
6
137
170
252
236
194
86
252
185
216
65
196
235
44
196
11
106
35
116
186
169
91
89
226
142
136
228
65
93
170
10
217
221
47
171
141
211
181
1
135
79
38
147
122
244
174
238
102
156
70
187
226
43
19
5
222
203
32
179
43
229
22
49
90
226
96
194
248
107
10
201
123
117
146
196
187
253
32
30
153
103
252
70
205
216
253
156
154
144
60
136
67
135
211
240
78
91
201
73
60
168
81
254
38
146
251
235
43
174
64
65
238
168
100
229
210
206
232
176
6
224
91
206
100
89
5
78
226
158
80
147
9
242
227
174
9
174
102
69
240
86
70
196
120
140
157
226
195
196
93
128
108
227
214
78
33
212
9
147
60
79
237
43
70
31
201
180
167
96
198
45
22
102
243
138
42
198
196
117
213
92
70
37
254
61
235
133
37
25
120
233
89
77
25
158
56
216
224
212
169
139
237
198
179
101
114
185
99
146
222
145
135
142
60
211
62
96
9
185
17
38
78
96
128
233
15
59
236
76
69
220
212
187
130
219
245
233
92
25
212
46
224
117
169
30
155
22
230
74
237
4
65
30
123
168
1
197
192
247
234
170
4
104
244
102
124
11
239
38
59
90
64
65
24
60
255
254
86
92
217
136
159
187
188
10
38
41
93
65
22
146
102
156
124
244
19
238
98
14
247
168
227
11
170
154
217
192
252
97
244
196
227
254
252
13
3
14
90
56
248
236
43
30
241
253
88
38
172
32
127
132
227
9
66
70
168
11
42
35
34
76
198
77
174
237
192
60
37
192
100
235
117
166
201
31
19
50
135
12
6
169
193
160
247
231
176
64
100
200
112
106
147
136
10
228
186
25
150
244
115
151
106
201
212
238
201
38
156
201
213
3
241
10
91
64
206
96
106
49
244
134
256
41
86
189
96
214
247
169
78
91
253
115
248
9
198
175
238
167
50
25
201
124
126
189
217
241
65
180
56
34
140
38
255
89
164
211
21
69
96
32
128
124
123
244
111
184
235
19
190
27
65
192
195
158
134
255
216
134
226
187
55
9
109
62
112
149
217
16
117
190
229
170
70
122
153
120
69
43
130
256
14
65
246
254
135
227
196
5
238
137
217
219
237
226
150
163
23
255
194
28
28
142
34
135
229
35
66
227
164
131
135
126
9
91
207
106
3
195
86
170
130
206
100
102
3
57
240
135
222
46
65
235
82
59
195
120
237
30
26
30
83
105
43
54
244
116
214
12
9
49
38
57
38
237
171
172
170
200
42
89
91
164
35
211
203
188
204
251
226
32
250
223
5
199
32
59
82
128
153
130
2
10
21
136
35
206
117
78
124
193
28
19
14
86
54
185
30
174
123
211
21
102
64
64
130
11
95
226
245
163
78
37
28
250
33
1
102
170
36
109
4
237
31
233
5
95
31
109
76
250
219
236
230
154
55
70
38
200
249
186
84
203
245
212
194
32
28
250
219
238
43
189
105
139
216
231
168
28
226
137
3
33
256
206
38
83
78
223
232
64
84
70
168
121
60
53
24
211
10
195
221
219
14
198
11
70
211
38
28
191
84
164
196
234
161
193
35
176
30
182
178
73
234
33
185
91
119
166
14
119
207
149
246
221
170
195
238
35
34
141
192
17
117
211
81
213
199
223
120
25
164
86
168
95
88
217
117
115
195
31
14
21
192
33
103
56
238
147
117
91
196
4
238
196
199
135
120
231
158
100
103
189
217
250
194
99
35
108
64
70
139
140
56
25
242
163
81
115
49
18
250
144
197
4
182
207
170
174
66
133
52
211
65
132
136
25
11
240
235
77
152
90
203
76
201
149
254
133
206
103
109
65
54
187
61
133
9
182
111
156
237
140
14
30
69
152
69
17
146
103
39
210
35
196
10
116
196
92
130
103
155
152
61
126
166
34
115
67
108
138
158
11
4
224
211
70
119
122
19
119
192
113
138
229
14
170
249
4
217
156
187
198
6
224
96
250
120
47
133
49
238
147
230
13
238
137
253
191
99
172
36
249
52
185
210
192
200
22
194
97
203
219
102
137
12
156
236
39
13
35
168
200
102
217
49
256
39
110
135
226
243
256
245
92
167
49
17
70
190
109
158
48
238
157
14
149
91
190
211
223
43
49
190
116
256
256
60
120
69
121
190
18
123
54
34
17
60
195
130
5
90
131
156
146
4
188
204
62
17
41
21
82
252
173
203
132
15
190
179
113
144
41
217
192
168
90
200
104
60
194
90
214
89
19
70
50
252
68
11
185
220
135
100
217
90
139
33
83
138
71
254
70
168
195
198
146
256
90
109
240
217
168
180
66
175
174
49
70
228
61
61
120
132
61
201
86
197
26
103
46
221
138
200
81
170
245
185
122
144
46
199
156
78
227
255
81
70
201
233
182
179
173
158
18
119
156
174
238
79
224
1
132
88
217
41
229
144
200
184
43
244
222
223
135
33
134
187
193
132
117
192
92
171
43
200
200
127
57
83
248
118
200
34
238
245
156
156
125
117
68
185
35
67
135
43
120
76
43
5
169
43
235
65
28
89
188
204
240
35
90
35
168
132
156
49
35
156
19
