7
7
205
62
55
73
77
237
55
186
55
77
237
87
87
88
221
186
115
36
71
201
194
25
117
11
7
87
36
87
172
7
36
186
7
253
36
76
98
186
230
150
55
221
160
160
87
98
40
186
153
160
170
150
61
240
7
127
98
117
127
102
172
7
116
215
157
35
143
18
230
31
40
155
35
169
31
135
174
256
150
76
237
153
64
116
146
73
214
25
19
115
38
155
170
55
13
94
94
145
52
36
57
19
219
170
160
55
137
160
186
199
39
87
203
209
44
26
219
91
91
11
186
157
238
214
116
42
106
170
238
91
67
155
157
159
31
170
229
214
192
110
57
23
116
102
23
221
31
18
170
203
221
249
59
256
105
251
219
61
149
238
111
159
184
189
229
84
252
74
108
184
252
61
86
32
239
23
239
44
82
32
26
239
108
237
23
218
249
52
249
86
38
150
86
238
105
186
170
37
225
98
52
54
190
52
13
26
55
208
213
45
26
10
12
7
135
175
225
189
140
94
31
239
105
225
150
111
146
161
184
225
69
76
61
250
164
31
164
153
207
32
37
87
252
10
125
94
140
140
32
15
57
218
54
204
23
25
105
35
138
9
190
190
186
122
256
157
106
249
199
83
212
145
151
146
32
38
138
64
229
237
251
176
249
201
86
170
82
110
23
235
253
238
77
134
138
145
211
160
174
214
26
13
210
164
72
47
23
4
140
44
8
77
248
176
251
190
4
144
14
196
140
95
72
179
249
125
176
161
214
84
74
23
72
8
175
194
110
144
140
23
23
190
21
221
144
144
199
251
76
120
69
144
103
104
31
10
238
215
9
186
230
93
220
61
120
64
153
204
228
86
145
23
10
153
183
72
105
39
64
23
133
134
23
99
205
153
220
155
196
205
72
37
202
26
214
238
174
26
38
198
238
215
88
251
52
45
73
26
23
22
59
190
59
108
120
214
143
210
138
61
33
27
9
8
51
219
209
175
143
143
249
249
250
45
102
213
69
239
69
172
155
116
223
50
157
105
134
134
87
196
202
193
111
95
23
45
157
213
186
71
202
253
153
64
85
112
31
134
79
213
202
252
35
125
112
170
178
192
236
23
77
52
82
186
218
107
52
220
219
79
204
61
125
91
155
253
251
214
28
72
210
25
115
81
229
143
108
52
72
62
69
205
94
64
254
23
184
214
85
178
178
45
73
201
25
149
138
15
253
72
129
256
121
130
229
238
106
77
121
65
45
178
110
41
202
106
212
132
214
196
214
51
225
91
253
230
48
77
110
72
214
24
139
85
146
32
216
114
127
230
117
172
23
35
162
104
145
229
159
197
174
69
232
81
154
195
237
9
240
196
139
210
27
203
197
130
23
189
23
20
35
70
243
9
215
35
202
186
215
63
175
202
99
242
162
76
55
32
249
203
223
237
9
31
115
19
67
5
44
203
83
58
25
211
132
249
128
77
193
23
178
65
135
214
117
107
35
16
214
110
76
8
16
115
77
208
119
187
146
110
148
127
256
153
218
35
22
170
229
219
35
210
24
79
72
22
52
25
200
166
161
87
190
120
39
23
72
157
184
155
125
208
170
91
66
252
19
132
248
8
155
69
70
31
120
85
178
233
31
237
223
73
197
74
215
225
23
103
35
125
218
162
146
26
138
52
225
69
23
237
125
208
213
9
184
161
201
39
6
155
72
12
94
45
54
250
154
202
249
20
53
161
63
119
232
67
87
191
119
74
225
223
119
79
64
249
155
187
20
208
16
42
200
223
99
221
9
42
149
10
221
22
184
114
22
73
125
104
31
88
155
70
20
145
188
110
200
82
170
31
190
32
155
115
171
195
134
116
218
32
168
72
35
170
215
119
104
93
77
57
215
153
82
8
121
25
44
176
118
37
247
125
157
28
124
72
32
160
20
54
7
88
153
223
215
133
253
28
4
72
163
190
186
16
151
170
54
210
253
224
175
67
205
73
82
215
25
69
173
107
110
74
138
155
148
215
72
225
153
208
150
203
187
34
32
81
202
119
20
26
145
25
247
155
255
162
104
137
101
15
28
72
154
213
237
164
163
156
11
104
132
190
104
107
118
82
127
215
194
54
125
70
213
150
234
72
125
27
113
98
79
55
204
20
154
13
250
76
94
125
232
50
48
6
19
225
252
247
72
184
190
119
128
52
255
215
153
83
5
3
215
74
112
119
128
96
230
82
20
59
214
74
222
153
218
222
183
28
216
118
69
102
113
237
69
38
85
252
8
13
107
83
163
256
215
211
179
237
218
156
145
145
112
193
241
10
35
237
193
81
3
64
52
34
256
182
155
241
127
221
70
76
239
161
197
125
227
67
58
104
61
67
179
190
35
184
155
28
155
20
183
84
98
240
171
179
85
20
72
170
57
203
104
57
253
66
25
122
160
98
183
115
87
32
45
153
208
41
93
127
206
210
204
29
242
20
160
58
193
144
58
156
183
52
189
161
58
118
81
36
118
69
180
184
170
53
252
136
151
83
215
150
239
112
251
203
83
136
8
23
33
252
108
48
67
138
190
147
157
202
155
76
160
93
219
113
240
148
253
232
35
147
146
237
117
211
45
112
167
104
122
22
215
210
38
163
148
121
48
239
198
136
214
39
142
237
222
23
117
125
98
83
150
40
144
31
63
210
170
254
239
160
142
136
102
113
63
230
253
239
126
47
173
134
171
153
18
172
67
48
196
25
253
71
250
78
200
31
210
14
157
206
224
10
20
114
115
23
20
228
20
139
251
65
110
82
196
46
8
183
99
153
242
53
210
173
40
122
20
97
119
41
23
181
89
31
26
139
112
117
20
85
36
223
237
34
214
199
85
210
82
72
218
181
121
126
208
151
169
165
165
183
127
39
160
240
23
25
43
251
163
77
232
242
167
171
83
216
142
113
72
78
210
20
20
53
45
129
25
252
240
170
16
224
124
108
104
98
237
148
218
51
227
239
253
24
242
243
77
167
185
184
157
4
41
165
252
20
193
206
127
129
93
185
115
237
81
85
76
113
210
35
119
229
228
185
48
134
127
21
194
229
241
126
23
207
102
151
142
237
180
248
133
133
220
51
20
183
223
219
119
252
210
39
248
112
119
137
23
63
89
242
188
157
48
69
31
157
238
157
230
67
46
131
136
208
241
198
196
166
31
174
207
32
48
89
87
200
24
65
113
175
160
39
210
112
24
65
253
121
43
158
151
67
223
25
127
42
93
77
71
142
14
131
215
229
64
78
4
94
140
16
200
239
207
188
253
126
98
74
200
174
71
142
52
63
188
201
122
25
9
229
8
237
16
61
210
63
188
202
116
183
89
210
193
74
43
23
101
237
210
163
71
200
227
201
197
59
71
81
218
113
241
71
48
201
200
121
121
27
229
229
155
236
20
78
171
71
48
150
128
124
117
24
200
249
79
170
30
184
98
16
63
68
4
48
124
20
32
30
57
188
155
190
163
109
68
48
137
79
130
163
82
119
253
188
171
87
146
197
13
159
131
197
89
89
45
215
33
131
78
40
48
232
62
116
151
119
163
48
127
108
108
78
232
192
196
172
225
240
210
12
48
24
98
24
188
171
232
173
152
242
68
68
237
119
65
48
241
38
224
235
237
140
232
163
12
101
200
200
163
163
79
254
101
86
200
56
200
57
232
163
68
