232
177
102
107
7
64
7
253
118
75
111
246
176
216
115
102
160
102
7
194
222
115
177
67
176
242
199
110
115
110
205
39
67
220
7
191
209
196
247
191
253
248
145
253
220
191
220
220
91
231
115
33
180
7
110
87
209
160
127
174
7
54
113
144
165
165
165
176
149
21
150
69
66
110
220
18
92
54
7
69
7
176
209
63
217
115
176
138
221
92
192
165
87
127
84
50
122
248
7
207
225
194
243
135
231
55
209
191
87
203
151
252
209
146
130
231
126
40
252
151
74
151
33
28
71
84
162
84
17
84
7
115
150
176
191
66
208
191
235
217
84
51
183
127
241
59
51
75
62
183
63
51
74
251
228
236
25
98
74
45
74
191
69
153
82
172
51
59
29
209
87
211
204
209
209
17
176
33
62
225
28
115
98
166
219
217
29
57
79
161
154
214
69
117
87
98
176
62
74
194
140
28
65
36
207
115
143
219
51
74
143
18
67
125
231
68
206
84
161
59
251
154
18
219
80
59
151
98
115
256
64
115
172
66
44
220
145
84
195
26
143
136
187
69
18
36
33
135
50
31
209
66
122
181
94
87
50
153
92
104
143
43
33
104
59
36
143
188
177
132
188
146
156
113
25
106
172
209
81
204
66
156
166
144
10
208
33
244
219
19
196
130
117
66
209
50
62
59
36
125
104
92
249
23
244
87
251
86
51
165
104
18
71
94
242
115
146
251
97
75
165
50
21
226
36
151
46
59
126
180
69
244
229
151
219
44
94
44
15
242
180
176
42
33
118
19
251
254
195
242
232
33
144
130
189
69
84
79
195
144
58
92
179
204
29
231
177
26
139
162
156
106
42
241
242
256
231
33
113
33
148
241
151
60
1
243
138
33
199
199
126
249
251
190
167
113
161
9
247
220
161
99
191
130
231
80
14
138
8
130
231
1
52
122
180
136
116
94
199
165
33
18
249
116
251
117
176
251
60
159
86
6
177
254
70
256
179
8
218
174
14
151
53
81
191
94
22
6
51
137
9
21
199
138
9
195
71
234
227
36
243
216
18
126
160
191
251
16
144
96
227
200
87
161
242
242
21
60
14
136
6
165
98
231
232
31
70
102
164
147
130
38
180
125
112
74
9
17
36
209
155
17
131
245
89
3
110
176
205
90
81
239
197
170
243
102
29
52
29
147
42
112
197
194
225
112
153
70
234
194
36
27
9
39
243
256
73
88
176
92
119
121
92
18
244
8
217
60
251
124
153
221
60
81
119
61
174
164
191
17
112
174
106
20
80
232
36
140
229
1
25
92
152
111
83
153
230
20
116
33
90
234
199
199
90
138
137
49
208
191
175
209
221
253
146
84
167
191
69
200
174
20
240
11
204
7
205
191
7
68
122
68
209
208
170
144
130
39
60
254
1
49
243
172
85
70
33
98
73
203
156
138
79
49
97
71
13
162
218
119
119
22
249
177
71
208
107
97
60
152
162
23
157
51
54
191
73
161
200
68
3
80
107
7
229
73
164
72
219
36
9
183
84
151
128
191
244
181
221
176
105
75
237
113
100
256
143
183
98
164
71
113
89
254
156
256
173
13
36
152
149
89
88
174
7
231
113
84
98
143
82
1
21
33
76
33
153
244
18
69
148
4
29
90
60
121
146
143
217
52
52
202
83
85
208
130
135
56
52
152
186
81
24
195
4
120
227
13
175
87
26
254
150
83
73
199
17
243
157
36
146
254
61
26
18
251
89
110
135
117
36
13
188
74
76
183
25
83
202
17
99
33
208
243
99
232
180
16
143
190
99
1
33
121
246
70
104
88
99
104
84
88
51
231
159
94
191
20
173
219
231
109
83
221
145
244
195
195
237
66
254
152
152
155
106
151
195
231
188
195
231
49
56
60
106
73
98
107
96
42
204
162
226
15
133
56
121
30
56
88
91
95
246
194
122
49
107
122
143
47
118
22
107
120
18
107
126
227
119
1
143
41
223
106
240
77
119
76
203
135
239
113
138
112
23
70
62
161
191
157
144
112
204
216
21
227
10
213
224
234
107
218
234
7
195
243
246
53
109
173
118
2
195
209
107
115
152
26
162
16
235
136
230
180
20
87
174
239
50
13
141
96
163
25
12
32
33
160
254
152
121
70
204
191
11
151
125
229
119
160
114
202
231
152
212
115
192
230
157
4
240
234
216
240
40
125
192
42
70
184
117
225
188
206
202
7
212
8
117
180
157
160
107
212
188
20
27
118
144
192
49
11
137
39
33
207
174
23
143
239
59
152
20
100
190
188
225
152
74
254
187
20
164
125
254
187
119
231
224
226
67
180
22
191
114
218
17
20
234
125
235
211
193
125
52
57
62
214
86
44
154
224
119
66
230
232
43
107
160
225
119
33
161
118
196
212
104
191
100
23
79
191
224
151
191
155
239
122
207
107
152
15
46
49
61
254
60
107
208
162
74
188
110
31
231
115
234
60
185
50
244
225
82
180
100
194
163
146
194
237
234
125
52
152
121
152
9
42
230
146
236
189
210
8
146
52
61
190
125
70
200
197
7
113
46
61
104
233
98
125
4
43
28
143
17
119
100
210
152
50
118
159
215
173
36
48
210
48
202
104
164
52
89
197
110
52
47
151
119
60
136
239
24
101
218
71
204
253
112
49
166
191
121
214
208
101
1
191
209
237
211
166
200
13
166
253
100
197
152
196
13
210
253
219
68
68
211
156
235
80
208
25
71
7
221
128
68
97
31
239
11
113
100
44
52
1
253
59
78
68
68
198
210
149
200
202
122
197
202
154
80
143
68
113
98
230
234
125
254
112
174
179
130
19
167
30
176
44
135
210
214
73
158
200
163
70
112
66
50
256
68
130
242
191
30
252
152
202
68
