181
67
67
181
143
87
143
181
143
87
62
17
62
166
203
165
157
87
203
160
160
160
165
165
50
138
123
50
157
50
50
52
165
50
209
98
50
148
128
209
160
209
32
31
97
97
32
98
95
97
50
36
31
178
178
91
98
32
128
49
32
243
129
109
165
98
172
160
172
118
31
219
165
165
55
98
109
85
165
143
96
172
212
211
91
143
9
41
51
9
98
62
221
87
172
165
126
94
118
104
211
98
17
160
196
85
208
200
41
75
208
156
112
211
150
118
204
79
5
181
5
66
62
245
237
207
79
96
107
154
37
219
118
87
219
172
2
156
204
50
194
50
98
165
104
136
100
219
17
79
111
106
211
86
26
30
79
110
111
85
13
79
71
71
69
199
226
165
61
79
81
102
208
127
220
98
99
86
106
2
56
151
95
46
85
20
17
85
220
111
13
218
7
3
106
2
85
105
44
34
106
90
82
204
11
133
86
107
37
60
200
9
189
86
82
205
204
184
91
196
219
17
85
196
79
82
33
105
9
160
79
43
205
138
106
218
118
2
82
192
44
126
76
61
139
25
44
90
82
94
10
85
256
152
82
14
136
111
32
196
105
174
192
26
96
82
100
207
85
90
94
2
37
49
117
82
82
192
69
133
220
237
152
34
109
125
65
141
211
218
156
76
90
56
79
106
37
138
238
33
2
199
100
159
14
100
2
26
238
10
51
180
85
120
107
47
241
152
85
39
133
198
91
226
102
69
207
4
123
160
10
86
192
191
173
133
57
134
187
168
135
90
148
218
33
12
230
133
203
159
4
56
196
106
6
22
39
200
79
26
196
86
25
128
220
238
83
20
240
2
43
101
2
161
200
100
10
105
37
201
43
117
222
215
32
154
37
32
180
196
60
42
214
196
115
10
92
66
172
1
102
226
186
143
79
240
111
1
56
132
196
44
17
218
42
70
112
69
219
196
17
91
253
196
115
25
48
122
156
191
149
79
59
72
21
86
43
82
70
189
148
3
153
79
33
148
196
246
35
213
30
174
197
111
82
156
39
189
230
253
79
35
32
10
79
147
237
141
189
122
72
125
227
238
149
238
86
207
213
76
163
14
207
50
102
256
110
50
11
170
14
247
187
13
67
192
85
111
115
121
207
76
155
252
154
196
212
17
97
25
17
187
247
79
245
67
25
78
220
207
12
70
5
242
196
12
5
157
10
201
218
180
30
235
12
137
173
163
137
107
62
17
222
168
138
170
17
148
253
118
207
133
140
159
238
190
43
240
115
242
111
196
196
188
99
61
133
25
187
187
117
211
170
13
219
92
220
35
214
89
218
221
28
140
31
196
174
70
3
69
56
207
207
69
2
133
237
14
69
72
174
106
238
8
72
153
133
70
230
27
224
154
4
115
218
91
26
111
196
14
133
256
196
37
49
125
9
159
182
12
11
85
13
170
211
247
21
125
138
124
77
156
42
201
49
196
124
249
196
240
152
2
107
14
207
141
159
79
26
196
130
92
115
196
6
213
137
159
130
14
196
26
196
6
64
218
180
13
223
159
159
9
26
69
35
96
56
127
97
115
10
69
128
42
120
72
13
70
106
91
176
56
150
67
13
230
173
211
231
167
26
40
42
92
49
86
35
47
230
156
196
55
196
159
133
111
120
121
214
133
69
219
238
70
31
203
10
61
147
173
187
256
196
10
17
196
249
198
34
26
196
9
26
59
10
10
10
194
220
201
133
25
196
135
163
3
181
106
71
115
238
70
70
192
96
91
196
134
48
174
223
137
213
99
120
110
145
195
3
4
39
150
207
11
13
82
174
125
221
135
103
249
159
47
251
196
238
64
247
83
105
63
117
196
1
69
141
91
4
196
38
26
247
26
115
103
33
124
212
12
108
110
74
224
221
9
26
8
55
226
6
133
193
224
243
4
111
173
111
77
14
161
42
10
21
219
200
9
207
44
4
81
35
121
78
224
135
5
10
91
79
137
91
226
127
33
219
167
256
133
148
117
199
170
43
121
43
35
133
221
111
39
196
147
156
220
133
26
203
12
147
238
10
160
221
217
135
26
207
133
219
106
53
242
61
10
187
106
136
187
207
82
96
56
70
37
226
133
192
96
235
102
207
10
187
192
201
148
139
117
70
12
12
79
227
8
120
67
170
9
227
196
70
192
10
170
192
48
115
100
12
61
204
195
213
34
