126
126
22
128
69
128
126
89
110
128
36
69
94
94
76
166
128
110
145
112
115
36
160
192
231
219
36
66
94
243
174
90
74
209
122
94
20
110
94
140
174
67
231
174
98
51
196
226
64
66
138
76
66
143
40
122
242
36
66
138
36
231
127
128
128
50
94
104
25
244
66
233
253
233
61
66
160
216
216
202
244
119
122
94
147
147
161
36
69
194
165
147
199
32
209
146
61
174
94
172
36
147
231
71
94
17
156
94
61
102
231
20
221
202
221
94
98
174
98
165
66
231
71
115
161
94
115
94
221
44
222
76
147
233
24
25
3
256
36
73
119
244
172
36
174
221
174
104
174
66
215
52
174
231
244
73
254
163
3
52
233
215
244
112
36
36
174
17
198
52
165
162
185
165
46
22
221
17
202
204
36
231
230
116
36
174
164
174
83
18
213
173
66
162
94
104
98
94
22
210
32
190
79
17
119
36
112
162
139
17
147
49
162
21
17
49
243
185
62
52
165
36
49
165
62
46
170
94
253
245
94
167
197
167
83
236
104
156
173
156
249
156
147
160
25
66
46
191
42
119
210
50
26
87
13
255
156
156
26
21
115
127
22
91
91
36
32
89
54
119
119
49
52
198
162
238
48
121
174
75
17
210
72
222
85
204
241
255
63
94
193
204
72
215
94
69
204
239
98
94
210
102
111
194
173
216
74
172
112
202
152
115
221
210
139
13
82
26
122
119
159
48
216
245
94
210
119
36
119
36
248
229
153
156
3
246
241
45
107
189
173
145
254
200
142
242
200
179
256
142
255
200
244
106
193
119
21
94
234
191
19
199
98
254
17
238
26
234
48
152
178
102
13
203
203
52
66
99
210
245
133
17
167
127
216
111
239
215
234
48
68
156
152
240
208
94
149
139
216
180
3
152
116
189
254
119
171
145
249
68
161
252
254
21
235
61
156
57
116
34
81
156
190
215
116
247
189
167
34
112
57
47
53
164
213
208
1
221
119
119
254
216
54
152
58
105
71
215
188
138
101
215
15
176
142
116
26
111
57
73
188
188
89
252
119
143
68
116
200
210
15
256
241
24
82
160
179
16
197
207
57
152
145
200
237
149
227
234
145
6
119
71
152
197
54
142
234
138
247
219
170
255
168
99
57
119
255
152
167
121
205
116
234
152
233
79
139
210
135
124
159
173
253
207
236
118
145
234
102
118
105
52
216
200
193
61
200
125
252
161
247
234
238
234
167
28
116
156
248
199
63
116
200
234
197
116
84
82
47
16
152
202
142
166
254
234
152
197
186
188
253
152
255
224
210
190
254
119
141
71
160
73
139
94
161
75
210
216
152
200
197
139
188
139
179
38
149
139
197
26
20
134
51
110
152
22
37
254
234
239
119
224
241
151
252
243
167
255
197
203
167
20
63
81
255
221
224
224
190
63
99
152
200
210
232
188
204
32
224
234
158
110
102
152
153
187
214
116
142
170
218
99
152
163
210
142
83
197
103
188
124
88
151
228
197
145
156
197
156
40
152
167
156
16
167
152
237
148
254
181
62
229
116
108
216
149
207
81
83
82
184
172
191
193
37
94
220
254
116
162
170
34
134
69
196
157
138
39
152
152
152
210
242
204
92
185
224
54
153
153
254
5
15
167
234
202
179
125
174
188
64
256
73
234
256
238
232
19
159
254
88
228
152
202
224
191
76
224
224
56
195
234
200
24
236
34
252
213
91
57
252
83
210
210
115
116
26
193
241
190
152
227
119
254
38
167
101
116
52
210
116
104
145
148
247
224
172
116
142
188
168
76
122
104
237
229
210
21
38
101
141
34
255
210
73
200
134
184
149
120
215
200
188
164
119
226
127
185
198
116
149
91
15
40
241
73
152
63
88
101
193
4
116
47
105
152
196
102
234
193
167
180
219
142
193
17
199
57
230
237
47
190
200
211
197
125
116
152
164
72
15
35
254
63
115
48
212
234
83
125
117
223
215
241
37
10
238
134
140
152
197
234
188
234
179
234
190
232
215
69
68
71
61
241
193
139
64
105
31
254
76
155
94
149
238
111
15
224
256
159
142
241
156
110
52
208
247
233
168
152
185
213
210
116
197
183
16
241
222
152
235
9
121
63
201
64
139
210
116
152
240
210
188
240
234
219
224
32
19
88
203
210
190
220
197
104
252
63
149
89
121
255
17
142
186
203
105
125
234
115
210
94
234
186
216
210
234
72
210
119
223
197
156
169
63
94
219
145
238
210
119
234
156
85
145
224
116
48
15
173
134
233
152
142
139
210
200
229
52
200
188
168
116
254
191
13
119
210
142
124
11
157
232
34
158
209
192
173
35
210
200
127
192
87
120
116
210
149
196
149
184
69
116
78
15
52
64
52
119
228
48
175
57
101
230
142
55
3
238
152
201
48
147
152
118
216
199
152
238
152
19
25
115
60
179
63
215
159
237
191
241
15
210
190
240
116
188
234
167
28
203
200
238
135
256
14
103
161
235
56
197
101
62
38
136
61
152
210
254
247
187
256
244
242
92
147
203
204
252
111
139
220
199
27
156
206
190
179
43
221
116
14
119
163
11
142
102
240
37
119
242
210
48
119
220
210
168
198
193
248
192
32
199
42
179
169
157
52
68
234
102
210
116
161
195
119
237
167
204
57
174
234
217
196
32
222
66
69
134
158
158
210
46
152
16
19
144
69
248
224
215
66
162
203
188
200
191
236
215
241
61
234
191
174
255
188
142
219
34
247
93
221
110
63
69
13
248
19
116
142
201
134
156
224
164
151
189
111
24
68
220
171
238
193
94
238
254
129
230
199
116
101
122
5
158
116
200
236
213
219
197
39
116
53
248
133
211
206
142
134
169
152
145
175
234
152
119
83
163
139
10
94
204
15
241
96
110
210
149
254
199
116
122
234
122
123
210
210
154
142
102
19
69
61
119
254
20
178
102
69
254
252
196
91
232
240
152
237
67
137
193
116
136
142
39
15
24
46
153
212
35
31
242
149
142
122
65
91
119
234
35
64
139
31
42
94
189
175
210
31
119
134
31
52
164
210
152
152
133
142
216
196
82
110
210
233
35
241
64
115
15
249
219
76
48
11
227
35
152
13
152
191
116
142
19
52
199
247
220
152
248
86
152
142
171
234
203
139
213
210
157
119
200
139
241
255
201
105
139
238
142
201
167
11
167
241
81
103
139
49
233
220
65
241
119
220
81
34
35
248
176
52
167
139
247
125
48
116
232
8
38
87
193
119
116
167
210
210
115
139
93
219
161
142
62
210
139
42
119
105
142
52
64
238
34
69
142
92
11
164
238
69
164
94
179
88
212
5
167
65
121
190
73
101
142
144
118
119
221
221
190
15
38
199
48
192
2
83
138
83
238
32
254
219
24
57
179
56
232
134
144
224
48
204
152
11
197
31
198
76
116
52
158
238
201
214
104
69
200
101
149
76
69
139
152
108
196
119
12
89
152
210
152
242
159
238
105
96
152
56
179
122
167
52
186
199
93
179
108
210
115
210
38
196
69
70
83
204
227
52
116
11
179
119
221
116
158
167
116
210
69
194
11
210
252
134
221
13
142
116
201
248
106
201
123
91
234
110
230
152
105
26
15
8
238
13
10
249
34
213
152
119
158
233
233
64
212
198
241
245
27
199
199
198
84
147
64
248
149
203
69
158
122
116
120
200
240
42
116
201
13
13
110
133
43
248
48
110
110
234
201
9
155
64
217
152
105
91
124
110
228
103
203
167
227
115
238
164
216
116
220
52
242
200
123
10
134
152
57
116
57
147
110
116
139
170
149
193
167
82
38
104
79
123
117
25
31
158
210
196
145
194
158
119
220
197
233
168
219
55
31
124
247
52
90
134
210
158
163
214
233
116
158
63
69
110
241
194
171
158
67
139
63
213
94
223
116
142
233
111
118
220
255
142
110
139
242
52
256
56
205
167
201
139
241
25
201
116
91
233
248
34
139
233
158
15
158
142
161
231
233
253
158
19
240
238
167
104
233
142
116
220
142
159
21
198
116
167
134
35
119
48
116
116
167
179
158
158
198
214
52
227
52
86
199
180
139
139
110
58
139
158
116
139
139
