253
211
243
71
130
231
206
231
231
130
46
127
3
3
90
3
54
34
54
3
93
190
222
81
129
93
151
190
34
249
127
2
3
219
81
106
195
183
147
177
54
147
40
16
38
127
187
90
190
129
177
76
219
220
174
114
187
74
74
129
151
51
147
129
222
177
129
38
107
243
110
127
136
105
174
209
177
190
127
38
105
153
28
105
46
206
187
175
123
17
175
127
105
89
75
74
147
46
102
46
33
123
74
123
97
127
254
33
6
118
6
226
6
99
226
109
175
6
104
141
223
97
175
223
91
123
125
250
92
49
6
141
235
141
102
14
105
33
138
174
6
174
141
126
153
221
62
156
222
28
33
131
78
128
235
89
126
91
94
55
174
36
212
156
128
104
126
123
4
40
30
4
220
104
126
28
182
65
30
226
30
127
245
30
30
54
222
30
114
237
30
54
235
92
138
123
172
206
212
6
206
205
16
104
174
6
87
54
63
167
104
28
128
28
200
228
98
40
250
3
6
37
30
37
156
28
250
97
131
37
113
156
6
100
103
153
245
94
154
92
104
75
104
142
28
137
3
113
241
199
27
54
54
217
154
142
96
250
137
68
6
245
63
37
21
116
30
68
167
171
217
51
142
252
154
75
142
233
254
217
14
75
154
54
171
181
172
233
174
46
32
216
172
174
252
6
137
200
109
114
171
6
199
160
217
116
97
241
147
97
83
104
49
255
193
113
216
70
141
4
227
179
49
97
174
32
207
172
75
59
46
255
6
226
216
35
109
5
63
29
83
6
252
14
18
226
6
222
93
225
208
255
145
137
224
76
116
61
241
70
101
130
26
47
195
207
247
114
183
168
101
6
233
179
64
42
46
14
66
125
70
47
49
193
123
193
254
109
28
187
69
61
116
179
211
129
109
15
18
232
100
94
154
125
221
174
131
70
207
68
106
131
102
211
63
96
65
13
32
83
153
187
32
217
37
158
164
183
226
109
78
19
218
68
226
1
17
1
60
94
131
153
219
179
233
207
214
78
199
70
15
6
14
14
55
60
172
183
6
174
197
214
70
153
120
53
132
70
77
168
53
129
83
172
1
188
245
131
109
44
28
241
83
109
188
60
197
187
64
168
245
207
109
6
174
44
14
174
227
173
219
131
83
14
61
70
187
44
188
145
126
226
6
129
32
153
163
147
167
128
1
14
114
193
37
188
132
17
199
178
94
226
49
246
187
76
104
246
182
230
232
31
14
5
44
234
241
138
31
132
66
79
137
78
43
77
244
246
69
241
132
1
102
78
188
47
17
187
228
224
43
224
81
195
132
207
93
49
185
227
108
157
227
104
142
245
1
4
78
248
43
203
101
193
227
57
215
255
185
157
15
59
