113
110
98
97
183
40
146
248
84
55
106
106
84
21
170
98
244
101
236
29
128
192
3
29
162
25
8
115
208
29
110
29
209
204
214
150
29
97
177
115
29
179
135
33
112
208
113
91
113
64
42
101
27
211
75
91
151
45
190
252
150
186
29
194
58
165
17
29
36
162
106
91
64
164
106
249
143
143
151
84
183
113
235
36
220
162
71
150
58
73
97
143
29
98
128
180
208
165
192
123
106
95
96
91
252
143
45
186
165
58
33
17
66
123
3
115
83
250
106
162
249
112
94
14
73
143
115
123
31
14
106
128
97
130
128
163
71
91
97
58
90
225
250
123
249
107
225
91
183
249
8
150
45
230
201
64
143
8
249
208
94
244
165
165
195
8
128
150
150
36
186
114
40
21
97
162
116
128
84
90
143
71
90
225
249
87
107
55
208
14
163
67
41
36
87
106
225
162
128
11
250
90
128
241
31
151
75
116
36
162
232
58
93
28
150
162
11
235
130
128
128
7
231
59
42
55
65
162
163
137
55
144
55
242
107
106
29
231
36
208
33
32
130
146
228
28
8
107
231
41
251
241
28
203
231
41
194
55
244
119
211
164
211
50
249
98
229
235
151
37
110
65
55
41
164
107
231
29
128
55
253
204
116
170
222
136
8
65
208
179
54
143
146
183
163
225
168
181
183
130
144
130
87
164
168
253
164
27
243
59
235
164
183
86
58
54
75
38
202
55
107
153
101
105
243
65
222
98
94
40
40
153
40
130
253
11
99
253
144
54
205
146
58
181
231
181
115
130
256
190
252
170
162
84
70
29
29
146
58
230
229
36
123
40
40
97
40
208
60
223
84
205
42
146
58
97
58
28
235
58
175
110
7
231
230
40
243
22
22
29
163
9
130
103
182
179
75
130
171
243
169
85
184
52
182
235
103
31
69
153
64
130
47
164
33
207
130
132
103
100
241
166
228
176
240
55
146
83
169
11
247
95
67
37
128
59
202
237
36
167
108
47
59
97
164
8
147
117
103
195
210
205
164
231
75
242
42
35
237
60
179
203
85
79
110
40
232
132
58
231
202
58
208
168
194
42
91
36
41
42
182
33
36
169
248
135
42
25
191
203
75
118
209
73
174
33
52
217
50
209
74
209
169
146
200
155
65
131
230
191
100
75
125
182
103
151
108
75
191
108
118
75
154
186
254
135
97
33
141
240
248
31
130
105
227
185
146
209
37
239
118
91
118
138
209
209
236
204
118
5
213
67
235
203
138
209
205
178
141
70
146
85
108
63
118
33
35
191
256
54
84
209
170
135
22
30
100
108
253
236
206
59
118
29
236
54
171
67
22
88
176
142
249
180
46
230
230
233
22
141
72
84
12
163
16
118
130
62
24
118
70
180
6
210
26
238
203
73
58
142
169
107
168
78
142
169
97
125
180
203
169
180
211
119
62
221
29
73
70
25
154
47
142
135
74
128
42
243
148
128
179
168
230
104
148
52
125
241
176
77
118
154
73
99
51
130
189
154
84
236
118
230
18
253
243
81
181
181
12
198
191
197
181
165
186
236
169
231
205
22
176
171
176
239
5
18
240
61
245
155
174
206
181
241
240
193
205
94
190
61
159
132
150
118
118
191
255
198
41
252
52
70
234
113
20
113
171
216
8
117
243
224
185
74
113
205
52
118
220
107
51
167
239
52
145
214
203
148
167
205
151
53
118
224
190
6
141
118
137
170
55
20
216
55
130
187
130
137
113
139
141
25
234
242
61
254
81
118
118
118
241
222
212
129
112
176
81
220
22
234
129
222
182
187
75
51
241
246
129
214
118
231
242
182
179
190
145
122
178
142
220
23
218
174
113
244
74
81
129
117
174
122
123
48
222
131
241
57
218
75
198
248
224
224
227
126
212
61
74
74
210
145
220
153
231
131
180
145
5
155
141
61
245
141
154
34
198
114
149
47
183
5
38
141
174
126
96
152
90
5
117
178
180
22
41
183
174
117
218
117
220
224
62
102
37
34
182
254
231
103
224
165
37
198
74
227
5
174
48
35
231
231
94
227
181
218
160
18
94
67
183
191
103
23
218
17
174
182
141
13
6
48
47
102
241
9
198
161
154
158
182
158
23
9
47
125
83
234
224
207
198
43
24
19
165
222
154
198
197
52
50
23
67
34
165
67
174
121
9
91
29
29
90
249
198
207
241
114
98
223
218
29
12
108
6
58
77
224
247
223
26
119
67
243
4
189
59
116
48
