71
136
81
239
62
50
81
73
62
208
112
144
114
190
201
81
136
50
96
10
201
106
145
224
209
90
16
87
127
177
231
145
3
177
189
220
177
135
225
177
177
251
127
204
74
239
3
74
175
114
162
116
36
98
222
204
135
52
123
204
251
201
106
50
75
123
220
51
18
162
176
123
162
123
90
127
143
153
240
152
106
135
51
65
146
251
106
102
182
81
151
143
204
204
98
81
74
162
153
64
234
150
251
126
162
123
205
11
192
244
3
150
189
238
11
251
171
146
59
56
75
233
175
143
71
140
54
18
192
34
98
84
18
253
220
251
84
23
251
11
200
23
69
153
126
23
119
189
225
214
123
123
51
162
123
79
156
150
44
162
123
177
167
214
7
225
241
51
222
18
123
126
126
123
140
106
126
225
225
251
47
241
71
110
51
154
23
29
23
225
162
123
123
36
251
85
49
18
250
18
205
51
123
106
152
123
79
74
129
64
150
253
121
150
151
248
147
115
123
54
126
239
135
151
87
208
175
239
123
156
220
74
182
98
251
69
200
177
54
192
76
54
102
62
84
19
115
102
123
215
131
250
74
143
225
79
248
251
20
119
201
23
19
189
213
127
250
153
47
215
79
41
214
214
209
128
144
90
18
189
241
214
20
110
146
106
177
203
143
181
131
253
69
34
16
54
90
147
203
175
214
225
224
225
105
239
129
34
100
62
127
177
211
189
45
194
147
5
74
123
54
96
76
62
123
153
147
229
150
239
138
37
105
239
162
54
177
130
28
50
215
54
162
98
41
46
92
76
143
8
153
182
127
192
89
90
152
54
90
68
58
190
81
153
246
123
110
136
152
223
89
47
54
208
54
20
132
249
189
89
215
152
125
56
71
97
54
47
160
23
20
36
123
76
87
74
92
16
55
89
214
24
44
129
17
118
23
209
178
188
241
92
152
219
214
179
143
54
45
214
89
148
224
212
214
20
143
249
107
215
177
153
45
50
157
52
119
92
54
93
225
24
20
113
71
30
102
153
64
153
191
107
171
131
54
160
153
233
116
152
25
237
239
109
25
23
214
92
214
134
63
4
126
90
48
160
51
56
171
85
132
24
152
16
243
54
26
165
87
204
157
4
82
82
192
209
82
22
134
23
87
107
252
22
200
200
24
200
50
97
218
125
82
175
96
7
119
215
82
150
51
213
175
162
239
92
56
214
218
71
20
48
218
20
200
32
159
82
126
7
24
150
143
136
173
7
197
15
92
239
239
24
119
119
204
173
72
213
251
72
15
234
45
250
32
204
75
20
20
11
206
89
173
8
23
189
211
160
72
188
107
8
36
28
214
50
107
154
49
20
7
253
228
208
37
214
152
200
82
98
36
173
126
123
110
134
249
31
53
222
188
28
171
8
50
40
213
222
82
201
22
82
107
188
239
36
63
215
92
134
18
154
226
38
234
40
200
41
200
108
50
49
207
23
20
23
26
174
142
110
200
174
72
125
134
34
134
207
55
158
201
253
212
85
222
207
254
20
253
200
254
170
54
72
149
50
54
125
200
149
153
200
50
168
4
218
113
26
120
218
159
20
225
63
253
111
174
125
53
148
158
229
160
20
151
200
158
113
68
89
64
125
253
89
20
246
113
111
40
215
23
92
85
92
159
82
83
168
218
86
232
99
53
229
246
66
251
157
63
152
246
198
119
201
125
224
89
5
123
201
198
229
68
4
188
45
133
123
97
111
215
201
201
65
182
244
73
180
229
239
177
123
168
50
254
111
157
88
157
156
201
89
156
211
45
20
141
254
168
228
20
118
180
215
234
118
234
163
118
224
230
230
78
71
215
250
226
82
28
150
254
56
20
204
232
125
254
125
56
82
26
149
48
232
254
168
133
60
48
125
161
26
37
149
168
163
86
17
171
45
163
117
185
159
133
202
