108
108
190
190
84
194
176
176
190
32
176
256
135
135
171
31
230
169
97
256
179
121
130
203
179
135
256
176
146
97
194
130
252
60
190
151
59
146
216
33
137
203
134
176
59
174
130
135
205
27
112
31
220
146
199
89
121
146
165
176
146
59
59
220
13
195
121
140
88
115
134
113
2
107
161
233
9
136
59
62
137
140
187
253
97
115
220
183
187
203
212
35
169
42
157
31
14
190
80
35
244
146
14
253
17
146
107
59
33
140
91
138
130
187
49
206
157
253
59
112
33
170
59
199
137
130
89
110
117
31
14
256
73
179
187
3
256
95
117
21
166
157
169
195
105
109
137
42
199
230
42
32
167
127
211
219
135
89
252
169
57
37
130
14
150
139
30
69
147
137
236
195
146
231
80
179
212
60
193
253
13
169
108
256
212
127
203
51
150
114
225
89
129
199
38
256
140
105
105
13
63
92
152
30
195
242
83
13
203
33
169
190
185
121
122
129
225
214
137
35
3
14
226
145
180
112
30
237
225
179
203
14
253
25
60
212
244
195
174
137
195
162
146
77
195
170
44
105
250
62
244
14
71
70
116
114
2
180
60
70
11
219
11
52
60
10
5
252
137
42
44
137
47
251
135
83
190
253
212
195
219
174
192
31
251
44
174
63
44
60
26
26
251
169
248
33
130
214
60
220
40
219
172
206
12
146
60
70
25
71
195
31
5
63
186
14
238
190
137
145
187
70
253
237
78
174
105
44
60
104
226
127
210
60
179
226
62
143
70
87
235
60
226
102
102
66
247
226
214
154
156
137
70
179
30
140
29
75
60
228
219
129
225
181
22
13
50
33
25
179
49
47
121
117
64
227
251
54
248
230
203
138
179
10
129
102
64
92
109
237
8
14
240
136
136
32
129
14
138
137
226
171
171
253
245
70
179
237
70
137
190
12
235
147
138
192
194
1
169
1
235
240
247
181
46
220
103
121
70
169
25
60
212
51
136
196
180
122
256
13
89
150
122
181
11
240
127
227
122
229
167
70
222
107
129
206
50
190
238
64
171
122
13
195
135
181
102
247
175
182
44
60
256
143
51
247
196
179
62
33
226
195
2
227
147
103
116
44
113
226
233
134
34
221
147
63
38
189
76
70
103
248
154
194
60
104
115
122
115
90
244
33
244
99
136
18
25
256
226
71
70
252
181
8
116
108
141
65
34
247
24
121
170
14
201
58
226
221
79
78
129
116
170
108
239
140
122
239
129
219
66
226
145
240
243
196
58
122
137
139
247
122
100
8
154
184
137
154
233
244
245
79
244
87
101
63
199
51
194
51
143
229
78
244
5
219
179
10
180
167
65
170
245
70
92
58
83
147
239
180
121
129
35
110
176
182
33
221
154
235
241
230
236
179
24
221
77
241
41
164
58
187
59
27
70
238
57
70
137
60
116
247
44
73
164
5
154
127
65
77
116
196
182
191
100
130
142
174
44
65
58
147
104
33
216
154
245
130
181
25
134
167
14
238
140
28
187
160
167
245
195
13
150
153
55
101
70
100
205
158
87
237
17
37
21
1
13
253
142
227
49
210
179
41
103
77
217
198
244
227
71
222
244
198
254
157
167
222
122
174
226
246
47
241
1
46
34
240
93
35
195
231
38
222
199
33
129
168
34
94
67
38
154
125
61
244
116
240
5
255
57
91
216
248
109
198
179
122
169
101
103
227
203
154
122
241
154
216
243
121
185
93
34
181
153
130
226
160
68
216
254
216
2
187
163
101
233
122
22
203
154
244
37
198
96
60
154
248
91
199
138
67
93
60
237
168
60
216
14
43
33
229
241
130
70
142
247
46
116
108
216
179
222
253
154
102
167
37
245
179
107
103
2
20
171
245
226
33
138
122
166
118
58
147
135
106
5
21
243
233
243
2
223
14
182
17
58
122
43
194
138
174
65
92
255
33
41
159
137
254
58
134
38
144
129
229
255
179
254
91
164
33
205
233
59
216
101
70
13
168
65
231
199
179
123
27
2
108
60
216
2
180
144
216
186
154
5
101
134
94
19
174
200
34
43
58
216
55
142
124
93
65
38
94
108
200
30
143
222
93
183
171
101
101
167
158
129
168
114
18
37
37
248
121
167
227
31
53
144
167
144
136
60
135
92
37
101
214
108
154
60
122
65
255
179
179
254
108
104
114
102
65
64
188
14
108
52
38
94
205
4
15
138
163
180
38
98
108
233
174
145
216
30
249
101
4
116
144
132
248
216
179
246
30
38
13
241
179
222
236
167
37
255
216
169
54
116
116
132
162
167
252
164
98
194
247
89
228
255
116
131
88
203
255
221
256
198
116
190
225
171
94
214
238
179
116
170
55
168
171
52
248
53
101
122
32
203
58
212
16
169
6
237
253
142
248
116
252
122
98
14
134
97
116
83
205
252
252
91
219
16
76
252
186
120
167
171
198
103
134
70
