151
204
208
151
42
111
242
76
174
208
56
25
174
146
172
231
240
3
231
110
74
147
240
222
116
231
110
76
74
26
127
74
231
172
127
129
76
3
76
76
127
103
57
74
220
230
26
127
127
177
222
104
196
222
172
76
203
127
236
145
230
222
220
127
210
74
51
220
220
220
127
222
235
140
210
110
222
236
9
222
127
8
238
220
127
145
145
210
219
106
105
238
215
112
222
184
82
57
249
181
178
140
231
182
222
236
64
110
127
135
140
51
179
95
215
38
249
145
153
249
106
153
72
174
161
26
249
62
28
32
127
29
51
32
244
209
32
161
74
220
210
94
54
3
26
28
210
54
249
219
147
153
86
3
236
28
32
172
38
202
62
235
164
220
215
32
150
166
32
183
29
121
240
86
74
122
201
74
159
29
101
38
64
74
163
178
184
209
230
182
140
250
226
153
38
52
54
184
215
92
230
129
137
164
72
74
50
101
216
51
157
213
15
148
74
183
236
245
150
214
101
74
86
11
148
22
216
92
141
51
32
232
22
157
157
139
250
249
117
230
44
147
129
139
104
46
164
3
3
23
81
67
16
169
208
44
155
53
219
256
145
244
145
9
215
170
162
171
117
210
244
157
104
253
86
244
11
145
117
149
255
90
216
150
64
99
54
74
223
116
46
23
150
104
231
34
145
205
174
202
83
52
52
256
216
145
120
44
252
162
62
204
213
77
163
205
146
150
216
211
214
115
65
219
38
23
70
205
33
38
106
219
145
232
235
74
205
240
249
235
105
141
145
216
9
236
11
83
116
64
165
169
117
37
86
79
204
211
105
168
56
104
216
209
23
115
139
218
73
149
229
26
162
32
84
168
84
29
222
252
106
79
117
145
79
146
46
216
223
229
87
101
148
116
94
138
255
99
122
148
247
76
9
86
237
117
48
63
192
120
216
155
26
229
63
182
35
9
75
138
51
246
139
120
134
139
112
211
83
235
62
139
204
145
31
199
7
230
139
201
112
74
3
115
255
86
147
250
145
145
213
255
16
235
9
54
75
255
69
232
11
196
103
255
104
182
117
134
5
90
79
26
182
145
229
3
74
66
243
20
248
218
26
147
94
155
77
38
23
127
214
147
64
184
101
154
23
156
117
172
6
167
237
231
26
249
47
153
184
117
20
116
127
82
126
44
251
116
56
163
191
126
182
105
233
154
36
252
163
122
116
235
235
235
163
220
167
154
56
145
235
26
127
122
143
164
37
13
24
154
181
108
91
110
4
9
6
91
142
204
127
119
207
211
248
198
64
160
181
26
117
110
90
9
181
149
190
38
235
53
96
231
219
85
198
23
14
7
84
116
149
94
155
227
164
90
163
26
164
24
74
137
71
46
26
46
12
75
117
253
122
121
101
97
127
90
190
227
64
252
137
182
77
219
26
182
184
104
127
116
66
155
5
14
153
255
215
153
90
50
237
104
247
181
152
34
26
138
168
250
44
47
219
14
116
46
64
46
241
14
91
37
23
128
5
20
198
50
131
154
101
198
12
142
158
151
250
47
77
142
115
233
164
101
122
88
247
227
170
96
23
38
153
113
136
5
137
63
139
131
14
225
207
198
84
14
185
28
144
41
28
250
9
114
88
142
41
229
2
138
117
81
114
101
29
251
88
115
241
63
163
245
204
181
40
77
14
24
159
107
71
209
172
255
256
231
14
125
9
240
46
191
180
83
201
209
255
117
163
89
128
9
204
193
49
168
14
137
240
38
189
256
151
211
9
107
231
250
35
130
46
22
241
117
37
37
153
227
161
17
101
13
117
140
182
40
217
228
46
46
82
35
53
129
116
171
88
198
241
37
231
56
209
43
78
40
228
6
30
88
185
154
42
172
170
46
101
41
255
142
43
210
166
142
119
140
116
222
116
239
210
73
24
27
120
209
13
22
159
115
159
204
224
142
49
37
200
228
75
133
43
43
207
82
241
133
42
82
142
224
178
178
169
247
32
24
256
245
187
79
241
72
79
188
149
244
85
88
6
158
220
116
142
172
158
183
63
140
82
159
188
214
120
170
124
224
8
75
228
214
200
224
214
19
19
162
159
42
56
49
24
44
154
49
119
237
24
142
44
3
85
133
52
4
168
82
210
84
2
