51
51
111
51
177
51
111
111
111
111
111
111
51
111
111
111
54
177
111
51
127
127
111
54
127
111
54
105
145
106
105
177
54
105
123
111
123
220
54
127
150
111
177
54
106
94
239
177
145
143
143
90
128
111
111
50
90
36
90
143
98
98
160
98
112
112
127
150
208
242
127
150
160
165
111
165
204
165
98
165
208
150
242
34
165
54
112
209
80
138
165
85
242
85
16
98
146
89
163
85
54
165
74
11
252
176
111
85
253
54
95
186
231
56
244
73
80
40
97
225
48
40
61
83
83
12
123
253
215
12
68
149
15
79
184
40
240
220
149
168
64
149
31
7
220
68
229
106
178
113
229
79
158
251
95
59
225
84
7
250
106
186
56
36
99
229
7
183
10
189
106
172
151
151
250
66
232
196
28
251
151
189
103
253
41
229
36
208
77
7
239
81
242
97
10
171
221
41
202
103
221
221
218
56
175
197
239
208
103
54
67
36
196
54
253
196
28
126
151
173
126
106
106
81
253
22
160
218
119
218
153
127
201
171
93
172
86
67
115
242
221
123
67
17
103
22
133
221
27
159
218
201
193
232
62
98
210
97
221
71
86
48
160
218
21
232
26
27
32
81
242
140
145
22
212
126
27
147
200
133
181
45
153
251
113
249
10
15
22
199
120
22
140
38
84
62
73
113
94
22
127
22
212
138
253
253
84
59
150
210
90
48
86
242
15
61
240
111
108
212
253
212
172
59
207
62
61
82
99
44
130
47
191
232
83
229
136
21
223
187
50
214
76
12
127
22
147
26
158
27
24
4
128
47
246
218
151
47
61
203
81
172
22
80
153
253
201
106
239
120
3
99
90
90
150
65
91
173
242
147
72
93
242
4
54
54
6
229
190
48
210
241
3
242
62
48
48
82
231
172
133
242
48
224
27
192
3
218
209
242
242
166
87
218
41
202
120
87
120
123
3
183
3
140
242
181
108
242
90
6
231
221
214
82
106
183
221
245
56
246
67
242
32
61
205
163
250
10
207
86
22
214
192
235
61
163
162
83
48
215
131
26
77
127
18
61
144
19
77
120
165
61
76
160
153
174
144
227
228
143
255
172
204
221
189
85
184
204
97
249
77
47
74
120
112
111
163
124
159
151
108
9
240
61
114
4
209
197
48
124
155
71
212
155
82
157
120
219
133
133
48
133
133
184
69
48
172
165
133
159
116
157
24
213
