204
145
145
250
190
145
58
190
104
230
58
29
84
153
145
84
143
190
230
115
6
84
128
176
104
253
86
101
253
86
84
138
164
153
54
153
52
115
86
99
146
84
55
38
184
84
199
99
146
65
128
23
164
84
67
98
84
170
52
65
84
150
106
256
84
84
146
128
248
176
197
35
211
215
23
93
157
138
101
155
52
74
157
28
242
135
222
132
138
79
23
159
116
116
28
84
130
135
141
222
28
54
51
182
104
44
157
23
64
74
182
42
84
164
206
54
193
128
84
130
256
154
242
105
34
221
181
147
84
211
130
230
150
84
145
202
102
222
202
163
55
123
11
230
208
211
211
176
211
208
206
206
250
208
256
214
165
52
186
114
204
208
115
163
28
208
205
28
54
218
176
45
132
163
211
28
205
112
92
222
136
206
59
59
210
54
54
179
28
95
214
114
84
3
195
66
136
3
154
54
222
84
136
56
54
206
206
72
92
127
124
143
52
172
112
35
206
54
99
11
105
3
172
211
52
144
172
85
38
105
136
95
37
56
206
127
127
28
28
183
127
172
92
35
129
114
154
114
63
84
52
202
208
162
37
92
206
26
129
76
37
92
92
84
116
204
139
139
163
60
164
92
37
129
242
196
255
175
57
129
108
204
35
235
51
139
57
44
51
133
72
233
4
57
38
237
76
204
165
19
14
133
214
92
242
160
160
69
122
155
1
57
85
184
250
154
189
122
242
76
161
5
99
163
63
235
3
3
248
242
4
163
3
82
4
4
4
106
53
4
111
4
202
253
163
163
27
53
230
184
211
92
157
153
4
230
190
76
76
232
213
235
82
63
11
198
68
157
82
137
