97
174
174
87
231
87
97
11
59
67
59
170
97
150
130
240
67
87
130
8
11
130
55
182
97
205
95
150
144
223
97
95
8
130
223
13
55
209
11
95
8
67
67
54
151
54
97
244
244
8
223
212
97
87
97
150
206
206
209
229
55
138
3
182
203
244
212
182
229
75
97
54
108
229
97
55
3
95
206
67
67
132
75
150
151
8
97
141
209
196
138
196
241
5
132
231
40
183
209
212
10
122
79
222
171
231
14
211
171
168
150
108
211
21
136
158
206
222
151
164
244
40
114
141
208
79
229
158
114
182
231
132
24
136
138
3
87
132
37
222
211
40
107
136
122
41
211
17
132
92
177
46
107
54
114
182
227
108
206
171
107
136
182
129
168
17
68
132
54
114
138
192
108
40
171
227
63
171
171
51
141
136
63
209
182
136
132
206
60
76
180
171
235
122
43
182
88
41
205
109
120
107
164
206
75
229
46
182
88
168
168
168
235
168
118
68
205
141
54
141
171
15
28
131
150
171
206
59
28
182
168
168
239
28
74
246
172
235
65
85
198
75
227
181
87
141
217
182
95
205
129
237
150
150
18
9
181
217
17
211
145
9
54
63
28
182
29
182
219
132
235
16
28
28
168
28
54
171
231
41
34
114
109
216
206
217
136
197
122
231
246
226
54
54
235
37
168
192
61
182
114
168
122
43
71
246
114
169
244
123
118
61
168
108
141
222
171
114
95
206
37
63
122
181
29
136
168
62
9
183
181
246
54
13
168
168
252
67
181
122
68
188
246
177
168
63
114
226
70
168
132
8
171
40
114
168
114
245
58
131
197
102
150
168
245
188
182
182
206
206
206
3
130
118
77
77
205
85
77
15
181
206
245
46
227
235
15
197
70
182
141
147
188
74
233
171
206
141
54
114
246
117
198
122
21
206
24
95
70
122
217
188
167
121
97
206
249
211
68
131
9
226
68
206
182
181
181
226
132
217
220
217
193
125
179
42
124
114
15
77
141
68
231
132
69
79
24
132
217
255
245
224
37
188
167
220
93
79
198
77
78
207
241
241
77
105
37
68
217
182
216
37
99
109
217
92
37
245
229
235
182
77
109
245
227
43
168
101
168
182
3
141
37
208
92
171
253
106
54
131
182
43
70
182
54
13
241
27
245
68
169
99
220
109
115
246
167
195
63
197
94
7
187
164
200
92
65
245
168
176
168
171
85
55
226
101
101
192
130
1
217
253
184
122
26
234
7
37
53
168
68
226
73
68
241
49
171
130
42
181
60
142
132
245
180
101
21
211
171
200
142
217
169
58
178
14
217
15
118
14
187
99
84
146
124
141
28
178
26
226
37
226
256
68
42
138
15
168
188
158
176
53
95
37
226
114
167
241
178
118
132
13
95
59
132
160
224
27
233
124
206
14
151
226
63
148
223
13
115
109
78
142
142
17
158
128
108
117
223
170
114
256
77
171
169
168
239
151
60
171
223
4
1
254
69
142
92
43
223
109
25
121
178
85
158
195
178
101
223
229
8
105
46
3
189
38
15
27
8
186
43
124
168
38
76
171
158
240
34
86
187
24
117
135
78
