34
230
34
97
145
184
145
111
50
79
244
72
145
45
23
145
23
5
177
72
3
174
148
160
163
222
69
160
174
174
112
232
177
106
145
34
3
208
3
14
9
106
153
3
172
219
98
148
153
111
208
238
148
94
162
162
145
111
148
148
242
153
72
217
74
14
148
162
99
177
126
238
72
148
214
172
148
99
49
212
174
204
148
96
84
94
9
217
69
201
34
189
197
146
79
163
3
110
76
192
44
94
117
192
69
9
189
123
148
220
148
147
126
111
123
69
57
191
51
51
148
123
26
51
82
123
236
111
34
148
150
114
243
231
111
235
140
99
99
99
106
148
218
99
111
69
86
99
99
242
149
111
126
140
99
129
99
99
111
174
236
202
140
111
106
62
99
148
106
178
111
148
148
106
56
137
69
108
106
69
163
216
46
6
149
66
115
216
196
99
228
231
202
238
86
219
228
175
5
228
94
214
111
192
140
253
148
94
190
64
163
137
74
155
154
148
111
222
31
159
231
9
189
196
145
3
35
10
76
175
106
149
201
48
192
106
96
189
13
111
76
94
52
61
39
228
170
74
189
188
201
215
41
192
192
64
93
201
34
14
235
197
64
236
238
202
10
146
192
201
56
13
32
163
155
112
149
85
111
178
184
178
178
64
219
175
189
12
240
74
217
12
236
108
189
178
215
145
26
12
12
228
53
163
149
111
14
172
12
189
106
110
201
224
202
196
220
228
148
64
201
238
149
35
86
86
163
252
76
15
161
201
249
10
61
33
189
81
201
214
238
23
32
170
189
86
219
196
192
149
8
159
102
145
237
72
175
242
235
169
170
202
149
57
242
169
112
38
32
69
64
163
223
236
238
202
19
237
109
214
202
149
149
232
12
215
43
123
169
201
32
207
153
215
10
93
196
56
163
39
44
111
215
161
212
73
219
53
22
161
140
148
215
237
145
236
242
149
173
249
238
134
79
219
15
161
79
88
178
15
134
196
56
213
201
148
12
72
192
146
219
100
232
215
10
215
65
214
110
182
79
256
64
198
215
131
163
45
240
253
136
12
151
23
215
51
41
48
56
149
192
94
140
51
64
161
55
64
94
215
220
192
57
230
64
14
161
52
186
215
170
155
82
228
72
13
51
213
69
189
12
169
149
163
215
218
252
69
86
32
86
149
252
72
161
57
56
76
219
214
250
12
27
215
161
161
53
31
99
170
72
124
115
203
163
106
213
12
77
23
186
32
73
140
136
148
159
31
72
219
215
56
170
202
197
161
149
163
91
202
155
108
161
85
72
72
86
86
102
148
155
189
155
102
25
25
23
157
215
23
23
215
215
10
239
174
34
158
117
86
73
252
34
44
238
197
237
155
155
77
149
155
12
163
194
64
111
72
106
76
196
169
56
94
99
149
72
133
192
155
249
94
155
72
45
48
196
32
102
56
106
163
222
23
86
76
201
196
240
56
149
230
161
215
134
89
157
72
72
190
189
213
170
219
9
112
215
56
65
155
237
149
155
238
23
197
56
23
161
133
155
155
215
72
155
112
3
161
23
117
23
157
76
238
196
23
192
19
91
161
204
81
161
159
155
12
218
159
10
214
31
238
112
72
48
138
34
72
215
32
115
76
134
219
196
26
202
157
252
72
214
26
238
82
155
86
31
155
157
86
57
62
161
256
120
235
32
163
133
148
75
110
238
196
82
23
190
155
32
26
159
72
215
72
228
73
189
12
155
157
218
201
26
116
213
149
213
34
190
23
111
25
115
232
31
72
102
133
72
69
155
237
117
101
161
163
197
73
157
253
110
45
48
192
213
149
56
238
157
199
230
57
72
23
63
155
82
9
228
155
163
67
91
148
81
56
72
12
42
48
149
190
155
15
197
64
148
94
149
249
256
238
12
256
72
9
155
149
148
72
19
44
27
25
13
72
72
192
155
15
48
69
94
72
155
72
56
255
170
115
216
48
69
12
149
247
72
63
163
252
10
72
25
133
26
115
48
133
74
228
26
12
175
252
56
82
115
213
31
155
155
215
72
190
72
196
237
197
72
236
112
115
82
72
167
26
72
197
166
155
155
213
72
203
155
115
23
194
31
232
196
133
23
9
102
197
94
72
232
72
149
19
72
120
112
157
256
72
94
178
23
215
72
155
115
53
72
72
148
155
124
186
155
76
72
35
155
221
91
72
174
12
45
12
157
72
69
189
197
32
215
15
93
159
72
204
238
215
115
134
161
72
82
213
197
221
72
48
12
25
86
35
256
215
207
65
72
197
189
78
103
72
242
72
197
61
79
256
72
64
155
115
48
204
103
203
45
197
72
72
86
159
42
204
219
15
34
42
242
232
26
82
48
204
155
232
196
197
215
38
232
197
120
72
242
159
218
200
215
115
72
237
72
27
45
208
72
161
256
94
196
82
201
190
12
238
155
13
76
82
159
120
157
196
82
161
84
10
161
213
25
215
53
256
48
69
160
256
23
72
163
48
72
72
72
213
161
197
148
232
64
256
72
232
197
72
219
197
213
48
72
64
117
72
23
189
25
72
25
45
133
72
186
161
31
48
35
91
82
155
133
197
213
159
115
45
76
144
237
120
252
155
45
218
99
159
112
93
186
189
148
48
218
12
117
12
149
56
159
134
86
103
169
218
197
186
12
120
232
148
161
186
155
159
12
256
155
48
197
201
56
48
72
72
232
48
48
189
133
159
161
48
72
45
159
45
155
48
213
50
48
159
56
159
23
13
159
82
72
48
232
48
204
72
102
72
48
236
72
120
45
72
159
133
72
48
161
197
133
133
48
48
133
133
72
48
48
232
48
48
48
86
42
48
232
72
99
161
163
213
79
133
232
159
159
133
161
161
148
213
45
