206
208
209
7
242
208
7
7
206
242
208
71
209
242
71
239
208
225
54
208
29
75
244
71
126
36
244
54
177
47
208
89
129
244
129
154
225
165
115
113
107
7
143
67
213
153
51
243
67
71
242
231
194
154
87
231
33
7
71
151
208
244
244
74
253
212
95
74
21
166
213
74
235
146
99
113
36
135
143
107
95
251
139
154
71
235
165
107
84
168
225
21
186
186
208
145
243
143
235
144
225
27
67
208
251
21
84
18
243
225
243
208
95
17
98
250
250
29
80
127
113
243
188
239
29
216
143
208
209
162
213
199
165
51
235
19
121
25
209
36
183
185
95
59
67
168
235
121
209
44
74
136
125
17
151
225
251
143
208
67
129
20
91
121
125
11
18
239
29
151
118
128
27
251
150
177
27
91
130
186
36
51
150
132
209
25
57
113
67
51
169
151
243
191
153
36
127
91
91
130
21
154
256
160
66
237
17
251
185
76
199
146
64
51
216
98
237
256
17
147
55
255
106
36
126
253
150
17
121
5
21
81
160
239
161
79
17
209
17
94
216
9
26
162
10
76
17
63
255
71
115
126
35
231
67
15
112
20
162
104
186
55
20
73
73
230
253
75
158
109
154
163
189
255
181
65
104
253
206
94
218
202
99
165
17
161
87
216
87
92
146
244
168
92
17
169
160
21
160
254
73
25
129
14
165
162
90
83
160
252
244
105
106
162
162
10
42
121
99
129
126
47
104
143
133
243
62
174
154
168
20
19
216
187
241
231
27
231
216
256
94
216
25
71
174
115
94
94
112
9
255
143
170
221
244
255
255
165
115
174
140
67
104
25
165
89
75
35
214
1
243
99
20
165
99
216
67
25
20
195
67
216
25
104
193
216
26
7
94
218
42
161
85
54
202
20
104
194
216
97
76
72
215
5
72
212
149
20
177
159
76
102
55
84
219
237
221
104
215
255
43
25
221
62
85
223
25
150
72
21
91
255
163
195
20
3
221
255
174
79
150
102
255
41
199
42
80
5
244
67
255
149
193
229
107
165
113
230
255
99
221
94
80
51
8
74
72
255
48
211
216
215
67
136
255
232
98
197
99
104
255
204
174
125
74
20
160
9
253
146
44
10
213
157
129
136
232
67
237
20
3
12
157
59
91
249
173
82
242
255
163
13
219
163
248
74
146
112
249
67
209
125
67
20
231
53
91
67
251
22
197
219
94
255
190
197
200
216
52
67
197
204
98
44
194
12
94
230
21
213
49
218
174
43
112
91
67
53
174
243
216
212
255
21
116
174
94
237
115
200
255
125
116
44
190
69
139
116
199
214
194
251
89
190
67
89
112
86
190
129
53
220
255
67
67
141
162
214
29
133
125
129
129
165
242
238
38
174
194
116
153
200
214
216
192
67
20
251
115
2
213
32
106
148
147
216
129
208
221
148
166
176
131
4
73
208
218
220
160
125
72
150
200
62
163
203
232
73
116
67
163
36
242
249
62
10
116
62
115
240
91
11
148
57
89
161
84
106
148
186
230
222
52
166
160
44
16
255
130
160
201
84
52
145
190
190
190
124
36
240
240
204
144
219
232
254
116
254
139
208
70
210
70
186
254
180
180
59
209
91
70
101
56
199
111
83
254
82
27
101
38
253
209
252
190
242
71
172
249
73
221
133
69
154
214
255
17
205
213
229
148
67
130
164
199
196
14
64
120
216
106
184
70
39
13
230
14
221
70
10
27
31
42
184
238
184
106
163
252
123
223
237
201
228
224
124
228
253
249
237
25
184
43
229
190
216
88
219
42
144
35
44
252
76
54
102
14
157
238
169
118
116
101
255
188
131
133
192
224
240
124
192
35
197
222
106
44
178
114
88
64
178
196
114
114
249
237
248
190
25
170
230
88
228
3
203
99
238
186
4
91
114
64
200
186
20
27
253
10
33
190
35
20
196
249
116
114
104
118
85
32
153
88
116
192
240
138
88
230
230
85
77
4
116
196
50
33
237
137
219
82
184
86
70
244
244
144
79
124
253
207
169
88
170
146
42
151
193
172
256
256
252
133
88
201
73
35
35
115
220
137
256
77
114
88
157
69
110
64
13
101
115
228
124
244
133
238
82
88
228
91
35
131
172
214
170
176
23
228
252
253
14
114
213
166
201
42
220
157
108
185
101
133
201
1
249
79
76
82
179
133
228
222
178
121
256
201
202
10
190
232
118
103
108
256
111
35
34
201
240
82
103
169
