29
118
29
222
107
84
1
223
151
7
107
1
29
1
126
126
145
182
212
62
126
212
126
126
154
181
208
62
138
212
46
226
194
225
125
208
191
58
47
58
150
199
164
212
62
222
164
181
127
164
127
210
122
111
226
130
212
123
97
128
118
174
136
59
154
224
87
68
139
222
166
127
37
74
109
214
181
125
208
212
132
154
118
58
90
186
97
237
61
59
87
74
212
213
222
229
182
146
92
164
87
220
109
224
136
119
66
24
58
254
119
59
130
57
37
3
92
177
205
24
174
230
61
97
227
68
102
58
40
43
180
181
75
152
104
7
212
127
75
237
58
198
181
107
95
57
141
194
125
181
102
95
129
231
182
236
37
78
75
182
182
54
222
222
132
125
67
118
118
162
122
125
164
68
125
160
118
204
118
118
125
114
119
182
46
125
122
67
160
66
152
58
182
75
141
66
203
83
160
30
181
30
181
167
14
141
97
160
113
183
87
160
225
125
212
225
181
1
221
225
219
119
86
246
102
191
141
243
57
225
212
162
212
125
107
150
147
138
125
92
58
140
125
172
221
182
125
132
198
84
77
143
181
246
87
105
132
18
160
7
68
182
37
78
225
114
113
18
254
237
71
224
58
150
132
125
125
217
21
26
217
182
171
57
125
254
75
125
68
98
83
83
225
8
184
162
18
109
5
125
151
102
143
134
1
206
145
188
167
151
147
185
104
138
254
243
230
181
208
143
143
251
94
231
211
22
84
141
200
182
17
84
84
143
104
5
30
254
132
184
50
171
217
125
125
176
127
87
33
152
125
64
87
1
125
125
170
118
97
217
84
50
106
125
129
87
182
118
24
181
187
20
138
84
151
162
1
203
24
171
255
53
84
105
132
181
118
181
23
251
44
110
125
208
1
225
229
1
243
230
30
169
245
241
60
251
56
150
25
208
182
162
84
125
251
238
143
142
167
102
254
205
86
138
69
171
171
29
171
162
66
84
19
125
200
230
155
254
24
125
1
151
1
56
42
66
8
167
169
11
55
12
86
246
118
171
157
50
214
207
50
6
172
176
171
115
200
208
45
135
1
62
20
147
91
106
143
109
31
172
167
168
171
64
26
215
125
94
142
214
118
56
157
247
236
222
178
129
45
230
35
210
94
203
213
170
210
30
159
206
57
125
252
214
157
20
181
66
115
157
86
92
167
149
162
157
155
1
190
247
189
20
50
86
163
86
250
29
90
250
125
45
188
15
115
73
133
249
236
194
125
94
157
118
167
256
226
115
106
106
249
224
254
26
148
109
86
45
16
48
26
171
3
110
214
109
225
56
177
220
44
249
163
143
159
161
86
161
115
202
45
48
186
175
214
134
220
30
148
188
116
227
115
44
136
157
144
249
193
1
202
27
114
181
139
161
28
148
115
157
45
214
32
171
86
175
150
230
84
57
237
159
148
157
12
45
73
37
125
115
144
13
94
9
13
22
78
230
230
89
208
161
189
157
109
109
106
155
157
230
155
232
44
45
214
157
148
45
232
155
86
157
62
207
142
26
189
214
252
48
31
157
189
86
155
109
25
213
237
76
135
167
157
64
249
232
167
57
56
48
163
155
109
11
157
12
189
133
77
78
214
142
157
148
57
157
91
177
179
214
252
139
163
159
210
230
247
45
139
89
159
56
77
159
202
200
211
56
91
157
48
115
155
159
214
213
214
161
157
22
157
139
228
115
23
56
86
214
140
45
139
155
161
40
56
163
140
155
157
165
157
159
45
12
157
168
26
124
232
139
184
153
161
213
218
86
115
45
159
157
125
117
134
134
184
26
184
148
161
157
161
168
74
45
213
115
45
82
139
72
57
159
56
186
57
44
42
144
77
161
155
115
159
139
155
45
157
28
159
125
213
210
37
159
45
148
232
45
41
213
161
48
77
157
159
236
214
133
217
23
153
23
159
148
159
72
189
157
60
45
69
123
213
56
236
161
186
168
163
142
159
19
148
55
56
157
45
142
157
42
232
163
45
26
26
57
48
163
163
101
163
159
214
45
157
161
25
161
12
149
77
155
226
155
159
12
157
161
159
56
189
45
213
163
133
178
252
155
139
26
45
155
56
56
157
45
157
45
106
133
155
52
26
109
104
157
153
120
157
86
57
139
150
189
213
52
157
191
155
219
214
53
69
224
8
202
225
232
148
85
159
26
133
43
112
218
153
48
238
64
157
73
45
157
26
202
232
60
168
189
214
157
161
161
157
48
163
155
214
161
26
48
45
214
106
148
169
214
134
215
163
109
161
159
44
45
214
163
134
159
157
139
148
202
213
189
249
57
214
213
213
45
213
157
25
157
155
52
115
134
218
189
168
148
159
73
48
56
157
157
56
86
26
52
155
80
116
189
149
159
44
227
159
157
45
48
57
157
159
214
157
157
157
45
52
86
232
161
214
56
48
56
256
214
168
215
115
238
202
184
73
73
163
52
214
139
115
34
45
159
214
45
157
86
253
157
161
139
139
155
226
159
57
226
252
73
45
161
45
131
45
219
144
159
45
155
56
26
31
171
142
159
117
157
159
139
26
57
45
159
56
213
189
178
57
157
133
161
144
255
213
159
45
157
95
213
197
163
155
56
157
148
210
155
157
161
157
202
12
114
157
157
139
215
161
45
139
139
213
159
159
189
237
237
45
86
148
155
148
214
161
8
57
157
159
157
45
5
56
45
161
56
214
56
100
52
214
192
230
139
132
56
75
86
115
56
159
213
157
213
163
219
252
178
159
115
56
224
139
198
213
213
157
159
32
85
43
213
157
139
76
157
232
157
157
26
158
133
170
161
155
148
214
57
56
159
214
148
159
249
233
232
45
161
56
56
210
12
189
42
157
252
45
109
48
157
74
12
161
210
189
161
45
157
210
213
163
161
44
220
15
159
232
159
218
214
249
189
252
139
214
155
64
45
95
15
157
213
155
94
220
45
189
149
139
56
52
134
48
56
115
112
170
26
134
199
148
232
56
161
148
155
157
163
202
157
115
148
56
213
159
76
214
132
58
134
45
130
230
26
45
189
134
214
173
56
52
155
157
215
232
94
56
57
56
124
157
161
215
204
54
45
148
148
15
199
189
189
26
159
48
189
52
213
148
115
214
159
26
213
45
213
252
73
157
228
56
218
170
159
155
45
219
105
159
157
76
256
139
45
115
107
157
139
213
219
232
56
214
73
161
213
20
134
163
44
213
56
45
159
214
232
157
214
45
161
57
163
232
238
12
213
56
157
57
214
157
210
56
252
197
202
139
157
105
45
139
45
159
161
26
97
221
218
56
157
232
214
159
232
157
159
124
232
48
189
45
157
157
63
134
213
232
214
157
57
45
238
57
210
39
56
45
134
45
157
52
12
73
161
56
218
159
45
213
72
214
148
157
56
10
134
139
45
134
161
72
45
161
148
214
161
45
157
26
52
161
50
157
238
86
202
157
115
56
26
213
157
60
213
214
237
115
238
45
232
213
213
155
249
73
249
214
12
159
201
134
159
45
38
77
45
163
161
45
161
157
56
159
45
157
124
134
45
159
52
48
45
47
249
124
157
134
26
52
213
214
60
115
161
115
157
60
213
155
238
134
158
56
213
157
45
60
134
238
139
214
189
134
213
115
133
213
157
148
26
45
159
45
157
213
202
232
52
232
157
52
25
232
189
109
76
45
214
45
45
45
1
48
148
24
56
163
56
238
159
63
45
232
20
158
12
199
157
155
213
148
45
57
148
232
63
45
104
189
157
213
48
85
99
48
215
210
215
139
57
256
155
57
213
85
110
155
45
56
161
214
52
110
155
155
157
247
213
48
56
56
45
163
52
116
20
45
116
45
56
213
161
242
161
252
213
134
189
159
189
42
45
48
134
256
157
56
116
157
157
157
202
45
218
230
159
161
163
157
25
48
52
157
110
189
57
57
202
157
202
210
157
161
249
159
159
148
157
101
56
15
249
213
64
213
32
202
252
149
214
232
252
159
45
155
210
161
213
149
189
157
52
72
72
52
214
157
45
133
157
48
159
56
213
157
213
45
161
202
134
139
210
221
161
159
161
214
45
157
31
189
159
45
45
115
45
213
196
159
149
149
213
218
214
157
161
34
157
232
213
23
159
132
159
159
45
157
35
252
57
12
213
35
134
157
157
157
44
157
161
255
82
213
56
56
232
44
196
57
157
202
159
214
45
157
232
134
149
134
189
52
193
73
213
52
134
99
69
133
213
214
56
139
44
72
237
213
213
104
213
149
159
11
238
52
256
163
148
256
201
218
73
256
104
57
56
78
45
149
139
39
159
56
149
157
155
26
76
159
48
213
213
134
157
134
157
134
12
213
86
159
56
213
57
157
202
52
72
196
232
52
213
55
134
161
232
149
161
56
157
148
115
210
52
157
161
213
202
202
86
134
157
161
214
161
86
232
232
256
52
157
207
44
155
10
196
221
214
139
60
159
252
213
134
214
214
170
52
232
163
104
52
155
213
52
213
213
215
213
57
161
214
73
236
202
232
188
115
161
215
163
104
149
249
213
133
157
88
155
148
45
57
65
189
148
115
26
56
134
52
202
134
26
213
190
157
202
161
249
155
45
232
45
56
70
161
56
163
215
133
60
133
252
155
12
100
134
99
157
52
45
189
45
155
157
56
213
247
213
34
256
104
157
256
230
42
161
149
33
48
48
213
163
157
155
157
213
148
115
157
159
213
159
149
104
6
155
155
45
216
148
159
213
256
213
99
72
157
35
124
76
163
157
60
236
