222
15
190
222
40
222
3
204
40
59
126
222
126
126
40
3
59
225
126
239
171
250
61
54
187
113
222
54
222
126
219
220
190
54
40
220
51
239
220
177
97
206
223
248
16
219
230
97
248
184
235
205
63
61
46
28
54
172
181
184
51
184
54
79
187
79
184
114
68
239
5
7
82
123
181
97
209
220
88
123
199
184
199
8
111
54
75
75
123
183
127
63
15
184
225
184
235
181
124
83
46
65
139
28
127
46
87
113
7
83
220
220
63
184
54
113
239
54
177
177
6
183
114
223
184
250
235
147
8
86
184
248
114
220
235
168
105
76
105
123
220
222
222
181
199
177
206
105
34
75
38
114
46
95
239
177
56
222
113
250
147
177
105
243
56
114
75
225
79
183
15
177
189
225
60
225
181
54
110
75
223
206
172
190
59
225
46
184
54
83
105
105
116
243
113
75
243
4
225
222
206
95
225
184
176
51
7
102
73
225
87
54
105
198
225
154
51
184
225
176
198
206
85
57
51
141
38
219
114
54
130
94
71
54
3
6
144
16
131
189
87
192
184
168
159
165
181
159
206
222
97
206
225
94
94
177
246
168
222
246
209
225
5
176
244
208
75
177
79
54
29
3
129
104
54
184
225
198
41
19
133
178
209
104
95
203
104
177
5
206
193
141
177
147
177
175
46
105
176
24
182
244
46
6
54
92
104
245
87
209
73
239
217
206
154
208
7
14
99
246
104
62
252
91
209
177
47
212
126
91
253
171
183
226
237
245
54
10
99
252
176
217
71
168
176
98
208
17
99
205
174
104
129
90
90
247
17
145
54
39
138
114
61
102
24
18
247
154
46
207
217
104
65
11
250
212
252
17
154
198
209
188
177
237
167
230
67
104
44
94
90
220
67
247
38
92
234
98
211
28
99
105
219
28
67
97
138
129
94
116
217
89
167
98
75
211
205
141
217
14
127
154
221
217
177
37
100
63
200
90
217
207
135
90
21
14
109
171
99
205
129
98
105
105
135
43
114
57
177
250
197
44
206
217
14
76
106
231
130
64
154
108
105
17
116
37
207
231
131
212
168
137
177
16
78
90
255
154
39
91
154
223
90
127
171
130
128
129
245
106
158
191
154
104
175
189
58
241
175
6
116
189
128
74
154
250
250
31
11
37
182
177
188
177
136
134
44
29
193
79
189
154
60
154
129
147
170
101
254
141
147
162
134
140
162
130
171
147
102
187
231
30
17
192
147
44
241
130
85
11
29
88
65
241
144
240
230
150
229
86
147
205
46
250
239
237
106
141
6
11
137
245
120
256
105
11
171
105
44
125
77
6
6
219
233
133
123
242
151
108
150
141
75
254
247
187
233
76
97
118
164
147
79
162
205
29
64
132
141
240
223
88
188
57
195
102
206
160
46
237
154
156
133
74
11
32
97
236
236
191
8
70
149
140
219
28
113
103
135
162
230
11
77
46
118
112
236
62
113
140
241
220
110
229
138
50
195
169
158
176
86
81
158
2
124
96
77
114
2
135
135
11
107
11
244
89
57
55
51
176
25
195
144
244
135
18
253
182
226
196
29
120
188
98
11
16
245
130
25
108
250
181
254
151
49
163
187
6
121
49
11
220
158
28
250
70
6
220
144
199
81
65
51
175
118
142
177
75
154
71
66
44
112
177
2
222
120
60
176
18
171
107
71
138
151
248
3
239
253
256
240
181
19
40
113
11
223
21
120
55
118
92
222
100
4
28
253
116
14
97
219
3
47
43
36
237
55
142
240
217
132
244
228
75
242
244
36
142
63
240
159
231
66
168
135
151
51
244
25
113
138
151
187
158
121
63
44
106
118
244
58
256
183
43
256
241
24
53
8
70
63
42
77
84
206
219
151
212
10
91
252
176
13
30
230
156
176
236
70
209
171
154
70
247
150
68
50
27
55
237
194
169
2
2
170
66
2
13
214
221
202
137
121
14
2
8
70
118
206
230
6
26
169
40
103
176
2
114
74
11
106
91
218
74
137
130
248
75
67
20
63
176
210
214
169
15
247
242
67
214
214
241
178
81
87
192
68
46
142
152
176
182
180
168
124
2
254
113
253
8
137
67
205
103
2
179
184
63
63
63
222
15
130
36
176
212
137
196
14
10
217
63
194
225
121
176
252
118
65
97
142
208
30
131
214
52
12
182
38
114
59
196
70
2
9
63
107
34
6
2
68
75
11
114
206
36
161
119
8
182
17
235
104
113
124
11
30
113
249
89
43
224
242
214
44
27
181
40
220
152
185
49
40
201
51
150
85
174
137
130
198
125
151
117
184
181
227
217
256
11
189
225
86
253
152
102
214
208
88
54
118
36
70
247
144
225
170
226
239
144
195
138
79
244
154
194
3
197
34
55
29
201
79
79
137
188
176
125
231
231
227
217
171
133
231
176
176
188
256
178
176
58
241
11
173
108
86
152
132
229
226
63
85
205
203
227
219
47
70
217
79
114
30
141
58
171
184
12
47
131
47
79
151
176
78
54
189
83
107
2
182
254
202
66
24
150
191
67
114
120
104
119
88
49
14
33
2
196
40
40
152
79
221
187
114
47
214
137
79
151
157
101
60
135
114
40
100
131
91
65
79
114
114
33
30
8
206
70
130
143
56
114
114
187
33
25
57
120
227
189
14
115
136
99
102
192
241
48
182
131
135
52
13
53
33
166
35
109
22
161
200
53
243
223
102
119
240
176
47
235
132
78
144
15
113
109
9
241
224
176
104
144
11
132
198
15
79
79
205
136
43
227
14
107
14
131
247
70
135
70
114
30
228
14
49
40
138
79
107
247
88
150
142
228
228
245
22
192
116
198
131
235
49
202
77
109
200
48
100
252
70
79
115
49
113
135
14
53
30
41
70
79
227
14
137
202
39
33
60
