205
71
123
127
143
123
50
27
123
89
203
123
50
162
172
110
251
27
84
248
27
98
58
242
236
251
88
143
214
121
162
27
77
50
251
50
27
143
209
62
215
150
17
205
65
242
177
62
73
249
205
140
75
50
81
190
166
115
148
214
50
214
166
203
16
253
41
252
160
225
148
54
50
151
146
231
253
160
97
59
148
54
184
238
125
74
40
31
52
225
110
62
175
11
225
50
175
90
214
27
225
40
62
24
75
37
22
225
59
121
54
180
143
150
50
225
73
182
140
153
251
180
50
50
180
97
75
136
147
191
125
124
112
66
253
55
125
244
208
27
164
102
113
105
24
89
159
225
209
66
139
82
111
162
218
62
208
161
106
51
240
163
38
125
175
162
208
25
25
251
176
107
136
4
242
240
23
202
15
147
175
77
77
208
74
209
26
23
90
118
154
105
162
176
237
206
27
51
242
215
183
232
204
133
81
144
160
38
118
41
206
117
190
208
106
24
162
147
50
170
73
237
29
235
33
249
56
59
31
157
235
90
231
51
162
66
72
161
251
166
251
47
207
163
63
66
107
40
34
206
12
42
231
95
186
63
133
42
119
249
90
177
239
72
26
2
24
176
15
66
102
218
239
177
157
204
88
45
90
237
98
71
181
133
239
251
85
254
66
77
250
110
159
77
81
27
250
249
33
95
157
48
244
218
249
32
54
85
52
239
155
182
239
239
146
17
242
152
127
186
20
127
47
51
182
192
118
251
73
15
170
232
251
56
106
161
76
112
42
27
215
42
23
15
26
249
239
38
162
120
13
106
42
124
106
72
35
138
72
15
110
206
76
15
56
27
244
239
77
45
222
125
185
215
149
18
251
238
85
163
184
25
232
163
181
89
119
55
161
115
105
85
204
85
189
71
160
218
89
128
179
228
225
213
239
128
140
45
202
209
162
54
93
209
101
197
173
27
56
232
215
8
161
217
190
76
79
194
225
248
159
163
85
222
48
161
205
128
115
162
202
192
25
157
191
115
203
194
221
18
156
159
189
185
125
213
7
251
215
81
239
27
57
137
185
225
42
161
64
71
121
119
156
91
229
153
232
215
137
13
99
23
42
4
20
222
83
161
20
62
173
20
85
152
67
202
8
84
48
184
115
39
98
39
253
11
89
177
122
224
124
161
225
221
213
87
139
124
62
124
15
231
28
215
169
242
190
244
17
148
162
99
204
125
73
197
161
200
27
110
166
182
215
192
82
181
253
31
218
197
185
232
8
131
190
123
173
25
204
157
69
160
118
13
125
124
151
82
13
153
110
82
77
149
125
186
20
250
225
251
161
232
42
140
56
211
202
148
248
18
73
163
55
214
145
98
240
232
23
107
202
153
42
44
218
8
74
162
99
108
145
18
225
112
98
9
157
202
115
112
53
161
218
251
120
89
137
251
162
20
56
206
178
115
235
18
254
189
19
190
53
12
40
162
186
85
189
239
50
120
251
166
115
225
76
89
44
178
202
197
85
113
9
140
44
82
222
120
12
139
204
72
15
44
203
77
156
214
193
32
25
157
153
6
189
20
232
113
27
161
20
44
155
139
140
19
110
102
157
27
19
252
65
149
163
251
23
115
53
225
119
125
232
146
146
102
149
63
133
125
26
104
34
178
146
197
15
52
157
249
125
27
152
125
166
70
12
69
13
204
157
34
176
161
115
42
193
134
82
85
159
44
232
204
249
120
197
48
48
77
214
13
213
82
197
125
190
25
32
166
243
140
47
82
237
25
26
48
190
215
152
20
176
158
202
54
20
102
80
152
155
82
133
20
26
82
72
82
218
80
251
80
82
161
115
218
184
47
82
158
36
218
197
155
197
48
232
239
200
161
111
72
48
88
197
218
80
159
215
120
197
88
20
202
213
48
125
173
239
48
213
48
125
139
232
193
45
45
228
232
218
134
6
