249
162
162
230
230
138
222
29
205
162
209
243
209
209
130
209
59
75
250
250
90
205
73
190
136
40
222
209
243
230
250
190
209
209
250
205
209
136
205
209
32
230
75
90
136
205
177
209
243
138
162
114
222
39
204
55
231
146
182
177
21
182
7
177
138
204
209
182
162
75
222
181
204
103
33
204
182
219
128
222
138
165
138
26
164
209
182
169
39
80
28
75
80
181
211
181
190
80
36
164
165
7
56
209
165
88
231
164
39
164
138
165
222
244
229
75
194
165
208
165
91
213
116
39
106
87
34
51
165
206
65
165
165
7
160
138
222
244
209
190
143
39
209
208
209
209
97
190
128
209
72
209
208
215
208
97
249
31
208
97
143
69
222
154
143
33
143
129
143
206
27
244
164
235
52
29
106
205
85
95
92
29
106
33
208
129
208
204
129
250
29
235
42
221
116
85
69
250
231
182
91
176
166
105
230
244
143
140
164
142
221
79
204
150
144
81
3
69
208
29
221
184
105
46
187
10
244
157
150
128
148
150
49
150
128
72
98
69
150
92
212
64
147
29
95
42
202
250
147
178
212
142
99
250
93
201
52
50
93
182
242
110
72
85
150
157
15
112
46
112
97
208
50
53
174
25
29
208
181
69
214
108
208
150
131
142
147
111
128
85
157
183
50
181
29
54
33
29
50
250
14
197
31
8
167
40
244
168
178
187
171
6
89
120
95
92
40
192
52
128
165
73
150
36
66
151
209
204
74
174
25
158
116
118
66
247
217
128
110
7
144
29
45
161
142
151
28
9
224
9
28
75
182
150
74
9
82
127
171
59
120
2
116
28
204
106
206
95
153
9
14
209
131
174
143
2
72
149
6
116
97
249
92
129
89
195
197
127
31
55
15
20
136
181
70
204
78
177
247
230
107
243
203
20
226
166
92
123
131
226
20
200
202
226
87
153
39
151
206
124
141
174
236
122
97
208
80
106
253
161
170
54
129
2
236
62
250
129
160
23
51
251
68
226
20
130
5
200
131
136
179
21
122
249
28
47
247
120
206
125
16
14
56
70
6
136
108
62
174
96
250
51
19
248
14
233
204
31
8
72
164
168
86
34
151
154
164
72
23
14
21
248
68
4
223
222
248
27
223
226
215
245
210
122
62
19
248
230
34
38
150
119
251
238
198
155
37
125
4
36
195
233
122
181
161
142
233
195
168
233
143
5
248
223
19
8
248
79
18
253
233
33
226
109
34
167
251
20
110
36
128
19
52
192
8
19
171
124
129
122
54
58
37
230
56
233
79
186
70
251
146
63
194
4
8
85
217
4
91
210
19
216
171
150
70
236
180
248
140
139
172
77
243
233
194
140
123
219
134
141
169
79
194
38
54
78
193
222
248
37
4
85
208
251
248
42
130
112
148
140
39
240
160
195
167
142
196
19
34
135
189
151
122
2
135
78
209
55
210
82
251
248
54
233
51
195
115
142
141
17
81
254
122
240
186
88
112
136
107
219
208
122
86
133
60
52
187
114
115
56
107
52
172
142
157
32
148
198
135
6
176
52
63
154
8
130
55
136
77
75
204
14
15
114
241
249
56
233
106
9
122
142
142
242
71
251
104
187
92
32
3
233
151
135
38
52
217
72
185
168
124
253
141
202
83
95
216
83
104
197
179
63
181
167
54
115
51
140
216
19
193
96
139
236
190
241
244
116
122
115
181
19
87
122
255
69
78
202
74
194
233
123
44
20
249
249
198
190
88
141
37
193
138
161
135
158
26
32
135
247
168
15
193
36
251
63
21
251
211
247
254
63
195
154
59
229
164
63
216
110
84
131
10
62
106
198
198
178
194
183
202
122
15
122
178
26
77
178
139
142
175
92
124
78
3
216
32
63
175
67
70
96
133
16
33
193
133
243
178
105
255
240
15
3
131
3
193
230
133
82
105
36
211
178
178
91
75
133
115
75
210
215
75
15
154
30
228
97
55
55
139
75
105
48
55
232
158
104
48
208
174
247
77
122
232
148
101
15
222
116
82
179
255
204
122
133
92
106
28
30
7
152
148
5
168
227
144
101
225
123
3
77
200
