29
110
29
192
167
248
145
13
107
229
120
79
219
103
18
179
79
176
74
143
204
29
22
196
204
107
59
75
177
177
181
167
24
50
177
90
79
52
212
183
183
69
177
146
146
204
62
177
47
11
169
204
177
169
118
103
86
211
220
84
235
46
32
69
76
101
179
138
108
229
2
169
92
92
227
110
177
192
153
29
177
146
169
212
112
69
211
201
126
30
90
154
192
79
44
151
74
58
45
66
220
47
167
177
115
108
84
182
223
74
112
107
154
74
79
66
153
220
248
183
167
71
124
204
223
167
137
50
89
192
112
192
192
242
123
167
56
131
116
127
69
175
14
126
30
92
195
60
51
192
104
37
5
146
10
112
250
11
14
153
177
132
63
123
96
52
99
81
153
86
182
235
69
127
66
104
137
174
60
177
12
154
204
131
250
171
110
167
104
18
5
211
183
143
240
205
10
101
36
14
61
2
103
66
226
19
183
123
192
213
128
96
5
236
74
183
178
231
227
99
140
251
212
9
26
50
244
79
135
63
104
170
128
64
239
50
10
41
140
27
201
110
149
36
135
143
25
82
216
104
95
149
63
97
32
45
63
130
50
95
202
153
110
137
47
123
149
126
30
156
147
21
82
105
94
195
174
219
97
94
119
220
72
44
115
104
123
236
219
202
149
66
44
85
94
223
11
217
127
94
223
174
60
96
25
105
94
161
140
51
104
176
38
199
10
149
221
67
174
54
84
85
115
72
88
149
195
237
16
94
75
240
96
110
147
220
57
63
212
248
139
219
140
17
60
219
190
136
129
198
237
224
204
109
74
140
204
82
242
26
149
167
30
63
94
114
67
123
115
92
25
2
229
180
75
176
142
182
94
57
66
192
104
71
66
96
30
105
50
219
95
32
193
219
82
241
121
74
45
151
54
16
19
161
123
180
153
183
176
99
109
151
30
94
114
94
149
155
193
74
88
248
149
137
66
94
115
174
95
220
202
130
149
1
242
198
81
190
129
193
99
178
17
88
143
216
149
51
66
232
8
83
87
106
85
149
149
219
217
177
99
37
19
79
57
25
130
174
17
100
149
12
191
19
63
134
149
116
94
155
141
85
135
117
51
2
123
149
25
216
219
52
211
11
120
120
191
149
176
116
87
67
149
231
28
94
15
149
127
57
104
206
193
18
92
221
120
69
2
95
82
118
121
190
189
190
10
231
193
2
149
112
182
182
74
70
149
134
227
8
192
96
241
149
216
74
105
248
193
174
109
131
161
8
254
85
231
174
94
118
2
193
66
219
181
89
149
203
199
18
17
193
109
107
243
155
74
193
248
5
66
207
8
233
85
149
204
242
256
240
181
135
204
85
18
58
190
94
187
8
30
149
222
161
149
48
57
30
5
56
160
181
54
63
63
226
247
185
251
5
181
149
58
85
149
215
177
193
182
66
118
245
118
190
69
43
46
250
9
149
156
61
118
190
41
30
60
41
120
242
86
99
207
30
182
66
190
181
149
8
54
30
112
2
85
168
240
174
149
245
112
202
30
82
44
151
2
60
3
172
250
26
43
82
149
120
47
2
226
243
203
9
190
9
243
10
204
56
109
82
159
5
193
66
164
102
85
149
194
82
102
182
198
63
216
149
129
129
101
158
190
149
185
172
175
36
206
47
25
12
132
164
85
149
18
9
193
151
133
93
219
116
235
25
204
36
184
87
69
112
5
140
92
59
134
152
142
82
115
62
175
233
26
167
176
45
2
43
190
181
130
172
118
136
130
219
45
82
219
251
82
57
217
57
149
227
170
3
206
7
149
153
66
153
82
190
163
66
190
86
94
102
103
63
9
8
9
112
41
30
153
181
140
235
133
85
137
130
129
67
226
240
163
178
54
252
172
82
190
117
142
211
252
28
153
130
140
15
240
137
10
112
97
62
163
115
138
253
19
190
221
19
109
138
193
93
190
137
112
207
207
200
94
159
32
61
140
159
17
63
110
147
221
61
254
71
9
153
244
137
113
4
223
172
93
26
66
90
86
49
118
62
112
155
202
88
129
190
221
167
63
112
227
117
91
69
176
235
61
94
181
72
26
113
172
173
241
245
182
129
25
98
30
248
109
64
94
207
225
223
83
244
49
50
160
98
72
82
140
180
37
10
130
112
103
110
38
96
224
112
231
76
215
157
50
210
216
54
139
199
149
25
26
53
82
82
85
163
26
241
103
163
237
110
138
232
48
252
82
139
71
234
26
178
210
204
82
30
105
167
151
92
204
82
82
219
89
26
154
113
44
204
178
103
173
11
129
64
235
105
210
216
179
236
109
237
5
129
212
181
210
182
27
137
2
221
18
56
255
256
210
76
104
174
178
93
72
82
153
89
175
21
253
98
212
125
54
234
129
118
50
104
139
50
204
240
165
23
85
140
53
53
10
224
243
210
203
244
227
241
70
231
165
110
204
72
108
193
165
237
74
204
210
81
185
182
241
213
129
190
212
237
17
26
229
223
49
167
216
163
243
25
241
23
245
57
120
195
200
139
10
30
139
210
237
179
139
180
23
159
74
108
21
210
210
74
153
115
82
239
153
98
83
140
120
214
89
140
168
231
255
30
50
154
237
251
17
49
45
57
137
161
63
123
109
85
74
228
78
63
178
85
48
87
50
218
152
17
30
157
104
100
128
159
216
227
70
102
178
190
241
102
67
104
246
2
50
187
139
167
93
254
54
30
57
229
245
157
233
210
177
17
154
210
63
23
91
190
36
254
255
207
50
222
103
48
48
53
167
234
22
214
253
117
53
48
57
218
57
66
53
49
198
139
30
36
232
139
45
148
49
74
152
193
132
241
243
163
130
210
255
233
43
100
193
48
93
234
10
179
159
255
104
161
70
23
36
154
72
44
30
132
63
157
104
220
62
137
241
152
83
30
215
137
53
23
168
149
68
93
142
69
139
82
48
48
57
50
216
83
177
68
120
36
66
255
240
207
155
78
36
161
187
223
161
82
82
149
116
247
247
1
210
255
48
161
19
255
241
159
53
48
135
82
159
239
170
159
226
232
49
60
32
255
193
213
210
130
133
117
154
57
216
210
57
210
255
48
63
159
130
161
163
195
104
122
139
136
111
111
227
198
102
204
15
229
102
167
159
218
167
111
199
157
48
139
191
14
111
224
133
152
53
210
188
104
247
232
148
4
255
232
159
92
155
148
56
21
232
23
102
232
23
232
81
