97
97
97
84
28
105
135
8
176
135
231
38
40
144
105
166
231
205
231
1
125
205
28
231
28
7
105
28
40
59
231
28
55
108
128
146
96
123
59
205
40
231
170
108
38
7
222
7
58
156
251
29
28
244
166
37
231
205
128
170
164
125
58
75
40
37
186
231
108
58
231
75
28
123
96
7
29
37
128
229
58
205
40
97
128
97
103
58
96
58
7
16
223
18
67
7
40
7
251
244
18
38
253
135
97
166
251
251
251
231
36
127
250
191
107
7
128
205
24
201
36
223
40
225
250
125
107
40
205
107
225
194
25
174
169
139
191
104
138
40
225
230
108
150
174
24
191
91
122
10
113
243
17
123
22
251
106
40
88
47
10
144
75
58
179
14
244
194
164
63
83
54
231
65
126
212
31
3
63
105
206
87
250
191
106
58
6
54
89
75
40
129
129
185
59
212
250
107
106
107
7
122
150
22
33
206
230
220
143
52
129
74
243
75
75
31
150
141
7
51
135
88
220
91
141
168
129
40
194
3
25
210
171
191
191
181
89
244
254
206
248
243
138
162
105
231
40
191
220
109
191
253
59
174
119
217
125
36
217
36
9
186
212
188
168
244
164
168
116
248
245
51
129
191
28
212
168
198
182
182
122
7
116
250
216
244
212
188
59
129
1
110
252
231
191
244
125
92
244
251
256
37
246
83
244
181
11
182
191
243
125
220
240
235
203
217
28
209
239
107
172
88
181
237
198
179
103
81
234
53
75
251
186
246
234
226
125
191
125
125
125
228
33
144
188
243
125
28
41
212
125
235
172
119
103
125
126
182
246
125
122
125
108
208
212
185
1
152
113
141
84
188
125
191
125
125
250
125
251
154
164
49
64
165
125
21
206
125
256
154
123
235
185
248
125
228
226
147
119
73
125
185
125
180
225
208
244
126
191
176
164
125
125
9
147
75
125
125
172
226
122
181
20
244
208
248
28
223
143
122
94
129
141
147
39
132
198
125
4
33
122
234
32
63
234
125
212
129
125
144
122
103
125
125
17
63
125
226
182
188
127
1
129
170
172
211
145
125
119
125
215
125
51
168
95
144
63
122
122
222
132
22
9
160
49
122
149
132
209
125
185
143
194
25
206
172
17
186
84
19
24
1
234
118
92
20
141
256
125
152
222
151
24
176
172
59
230
9
141
246
154
9
143
181
143
125
144
154
24
147
9
141
125
172
122
129
223
212
152
129
245
74
20
188
246
183
9
9
211
118
97
89
51
127
143
120
181
31
253
238
250
184
20
24
181
59
249
1
65
107
223
125
132
222
109
95
173
182
181
6
154
189
24
24
24
129
102
125
131
114
125
201
201
141
9
177
84
109
125
121
29
84
246
191
226
184
215
183
119
135
125
122
49
136
6
144
54
196
25
54
92
20
184
217
122
131
253
122
224
123
226
252
125
154
79
181
223
22
125
184
125
216
138
41
183
149
91
183
109
149
24
64
250
230
256
49
54
128
204
119
107
125
250
37
184
18
252
240
247
245
122
173
165
121
122
250
219
237
250
28
154
237
20
184
143
129
32
256
128
105
133
9
250
9
158
9
20
56
231
165
24
171
212
26
173
136
144
31
225
140
125
173
236
241
74
98
24
216
198
165
10
98
171
26
199
131
18
78
12
75
118
91
90
9
198
97
59
128
110
238
144
44
158
154
250
140
50
242
236
132
247
94
81
19
128
125
147
198
152
91
4
205
205
136
129
24
89
177
109
90
198
4
170
178
118
78
199
183
49
54
4
5
17
153
170
128
235
40
212
6
198
215
163
168
37
4
115
122
108
236
235
242
144
54
2
69
40
90
168
88
212
56
24
42
47
15
27
78
191
248
103
125
90
12
141
106
94
64
184
183
38
102
189
183
90
125
242
180
115
220
41
173
24
122
198
78
77
9
95
69
26
12
121
227
125
95
168
103
121
180
163
141
183
148
109
190
149
57
78
108
155
94
220
186
134
110
49
165
104
188
205
151
226
196
53
201
141
118
177
78
168
200
235
95
97
198
170
175
43
13
193
110
110
95
95
232
223
38
206
35
169
125
137
191
239
108
9
244
95
91
228
134
181
54
254
205
26
173
64
169
235
174
149
236
49
69
73
218
248
169
125
221
104
9
235
135
222
62
238
54
133
235
86
64
191
101
76
7
141
34
148
178
49
238
238
147
192
64
242
252
154
4
44
78
148
162
19
170
178
52
252
154
198
184
218
108
82
238
19
46
177
4
10
96
102
247
198
201
238
152
72
252
52
104
152
218
77
83
252
79
254
52
218
187
196
120
124
152
201
254
118
129
167
185
37
28
46
68
117
