147
147
147
127
107
127
107
147
165
212
128
212
211
128
212
243
51
243
243
206
66
128
211
67
212
212
127
160
182
174
211
174
67
182
174
181
174
143
107
212
174
181
243
87
94
94
244
174
211
94
127
94
91
181
143
182
182
122
182
51
91
185
47
172
243
94
165
181
174
211
122
66
83
165
91
182
109
136
94
94
182
182
128
172
182
172
55
211
172
91
3
136
176
17
10
132
84
129
181
166
86
206
243
222
182
91
205
39
220
181
172
94
135
66
141
183
55
127
182
211
233
174
28
37
182
66
231
118
130
128
222
51
182
217
182
147
94
21
118
183
206
37
28
236
58
66
118
147
33
43
9
68
37
122
28
203
132
51
17
105
136
115
147
25
196
9
244
17
36
226
220
47
226
176
86
9
176
196
146
49
147
55
28
197
243
246
118
9
39
141
94
9
59
29
94
244
32
226
255
92
91
231
122
118
28
245
236
49
58
196
138
16
195
17
142
91
138
108
253
138
197
31
220
118
92
21
207
92
118
245
21
2
9
9
58
49
31
105
255
216
3
167
212
110
118
154
122
245
212
3
231
207
26
246
141
147
63
1
118
123
91
217
174
10
172
225
211
245
118
94
138
28
238
199
206
154
123
211
182
143
245
227
17
211
123
239
118
253
165
223
207
79
143
211
226
92
13
18
246
227
49
14
226
105
135
239
211
1
187
228
4
135
135
215
174
1
245
217
74
167
231
9
83
68
169
134
231
20
211
145
60
87
227
236
123
246
110
76
105
71
167
220
115
36
210
154
204
239
10
219
146
239
205
236
135
143
221
56
231
109
239
165
166
243
147
37
123
243
217
144
179
132
128
93
120
93
227
33
243
211
221
204
243
245
95
181
226
69
58
145
229
196
168
58
160
10
168
231
168
184
51
61
110
156
22
128
135
162
165
251
224
147
21
179
217
231
199
61
4
228
217
136
195
123
70
77
28
244
32
79
223
233
253
167
92
251
102
92
233
242
242
227
136
91
184
217
86
13
171
179
217
128
135
58
49
4
246
37
144
75
70
214
55
86
123
94
9
75
63
61
38
141
13
214
127
211
59
13
217
66
55
178
115
86
243
164
170
251
169
76
15
185
140
227
185
18
102
58
86
93
144
184
127
115
102
229
128
28
142
103
185
108
15
37
157
39
24
10
156
49
113
223
223
123
171
42
151
150
156
9
140
229
208
17
182
39
83
31
105
126
37
120
58
156
127
143
167
211
28
52
44
242
226
37
219
140
113
168
45
38
142
235
36
124
140
94
233
214
155
212
248
108
251
242
167
193
63
167
91
119
232
193
246
88
52
226
114
221
31
228
142
77
167
223
53
167
29
139
33
208
61
55
83
223
55
118
229
193
217
168
122
207
202
120
206
4
36
105
199
93
253
32
160
113
156
37
248
241
49
116
93
9
158
38
217
52
218
239
193
142
230
123
248
248
226
127
158
156
66
244
93
217
83
229
212
142
32
10
248
213
156
179
52
168
37
105
116
52
83
193
168
233
38
248
249
71
215
248
154
142
226
1
27
92
109
157
102
164
89
32
113
172
43
248
226
1
71
167
179
164
4
119
116
226
125
110
138
28
179
25
22
105
143
235
100
83
125
120
206
207
116
233
112
158
217
253
59
156
58
30
61
243
29
172
154
193
255
123
113
14
130
43
105
202
245
59
83
23
4
243
155
167
183
49
60
4
1
122
71
110
38
175
119
193
116
135
233
108
135
198
171
177
132
239
109
160
122
139
25
177
135
75
4
181
243
118
123
113
59
248
164
245
99
179
245
173
58
142
113
122
205
142
231
156
122
15
172
147
245
179
119
43
23
193
30
113
173
191
24
238
41
58
9
25
245
92
245
125
116
113
24
198
142
115
179
122
153
167
164
72
233
245
229
4
113
150
24
179
67
207
61
197
119
119
1
132
173
92
14
141
90
6
205
231
120
191
30
241
202
210
120
227
19
171
36
243
6
116
119
227
173
121
126
185
245
193
52
83
1
147
154
147
185
229
187
104
110
120
53
4
245
23
186
192
167
60
78
164
125
92
254
188
88
40
254
212
52
119
119
220
66
187
245
171
141
142
68
104
9
207
142
92
252
167
171
96
119
37
256
49
210
89
49
252
42
68
244
23
49
142
152
226
23
188
