208
138
166
55
67
251
251
59
194
67
208
251
208
27
162
208
242
12
62
209
172
15
112
208
71
175
130
208
7
213
54
71
242
136
199
238
213
242
242
87
253
31
97
208
112
55
67
231
7
114
165
208
15
17
67
99
133
102
52
186
3
97
231
84
162
230
151
194
66
136
112
215
62
22
242
171
208
150
231
242
208
140
208
209
112
190
15
209
208
208
213
67
21
71
128
71
203
191
32
75
163
236
160
253
230
23
190
114
55
209
130
88
22
225
7
174
242
239
136
161
242
136
31
121
253
121
231
59
186
87
208
204
21
138
160
128
249
150
249
130
160
143
186
62
239
236
239
31
16
166
36
107
144
231
231
81
20
215
255
225
239
162
242
224
242
95
225
127
195
17
7
209
95
18
20
164
253
242
162
63
77
75
22
95
32
7
162
191
213
228
7
97
153
105
6
27
75
74
90
162
27
162
231
27
161
32
151
195
175
143
143
189
225
85
140
242
40
174
215
16
172
231
63
239
73
18
191
194
90
54
125
29
161
105
8
7
153
225
50
136
20
153
59
212
105
164
150
98
7
20
166
84
92
164
249
136
211
192
155
253
115
52
162
206
63
85
144
31
253
131
195
153
63
31
185
7
85
161
165
71
218
123
98
143
217
7
95
242
155
253
122
215
149
80
77
215
119
77
160
98
63
235
155
239
52
27
31
146
143
77
50
153
153
75
165
160
177
213
183
232
63
150
98
225
42
25
95
125
92
150
51
63
215
170
107
73
190
202
98
73
133
242
66
21
184
7
162
50
160
143
105
144
150
155
253
220
60
16
172
113
13
153
21
115
65
253
117
7
52
190
221
117
27
226
153
195
85
183
130
77
119
144
135
84
71
218
225
221
160
164
50
113
62
107
215
153
125
98
199
135
63
150
26
77
195
162
160
194
56
152
140
140
215
98
253
255
71
98
2
185
98
136
60
37
253
50
157
25
147
36
105
172
150
211
160
157
150
113
51
83
242
21
155
174
108
1
125
125
242
4
221
160
204
244
229
89
221
14
98
191
125
80
151
125
189
156
63
155
50
118
194
86
53
44
27
213
85
119
98
28
127
130
208
72
197
220
204
151
141
244
203
85
63
7
73
121
107
30
185
232
105
84
47
15
151
105
28
240
117
28
144
200
135
192
106
219
185
125
20
42
70
187
215
75
85
138
165
252
13
41
86
63
13
143
98
63
138
63
221
217
135
36
178
21
113
128
64
36
147
162
225
18
116
242
245
106
63
36
23
35
43
36
211
20
230
237
26
212
41
32
162
27
89
239
27
172
209
86
215
215
106
106
27
23
18
121
199
146
106
56
178
116
167
218
239
193
73
185
162
67
31
76
41
40
183
80
162
53
90
83
53
253
76
221
121
105
239
110
117
231
63
142
18
194
218
106
89
16
115
67
249
234
110
81
42
227
166
93
126
160
77
28
63
153
24
29
21
98
8
221
174
7
231
42
58
231
125
119
72
63
113
205
227
251
74
152
61
147
171
215
177
94
105
165
75
23
89
6
214
23
89
244
24
243
12
211
66
66
162
253
41
221
7
42
223
48
178
35
230
215
64
104
125
191
243
256
63
28
23
171
160
32
18
191
24
165
50
104
130
68
219
160
234
215
234
160
125
91
41
4
112
218
104
203
256
24
4
98
63
219
144
36
244
247
21
125
94
151
249
244
160
165
23
128
49
193
90
89
119
119
178
47
89
21
253
125
108
37
58
112
20
88
119
116
253
94
152
7
131
47
165
79
256
228
43
107
175
218
23
217
215
114
21
190
165
178
229
67
222
244
163
243
62
7
229
212
54
44
254
6
63
209
1
63
136
152
125
85
82
63
34
230
219
186
173
160
21
195
173
135
20
198
63
85
82
121
127
19
215
153
151
82
83
240
202
83
214
23
81
162
112
186
171
152
181
183
106
152
231
215
42
215
72
94
92
127
20
73
13
41
109
163
113
125
239
88
63
119
82
234
117
110
251
35
85
86
48
11
220
81
18
234
72
242
112
63
1
183
23
169
244
155
131
192
26
125
102
44
254
88
33
41
95
74
127
162
218
168
239
135
211
74
191
161
24
19
239
8
194
215
91
8
30
72
23
125
189
127
202
11
4
185
4
111
63
71
169
64
79
50
26
112
88
187
20
194
183
16
183
125
72
96
82
203
61
94
108
234
128
34
125
62
148
71
250
28
25
127
49
72
95
65
133
178
104
213
239
241
86
189
212
74
225
231
83
36
112
28
73
36
248
163
39
73
217
235
109
130
44
251
201
128
253
240
234
141
244
64
106
185
173
160
6
23
37
21
125
135
8
247
217
114
200
24
16
50
127
193
169
36
239
225
85
213
238
93
47
170
135
61
215
210
108
156
133
165
195
131
142
24
242
127
222
136
63
234
253
83
175
89
95
114
144
96
18
10
14
65
127
63
47
194
93
159
187
70
121
30
247
126
24
64
254
129
21
225
128
72
251
178
174
195
217
6
45
92
250
242
85
106
135
160
129
2
239
20
229
23
82
89
114
76
44
21
47
178
23
183
72
231
104
234
205
70
6
59
242
130
197
126
82
96
110
60
16
64
34
186
135
170
231
126
160
83
204
114
114
35
93
62
151
78
207
53
93
20
212
193
93
26
98
51
136
132
250
77
121
192
20
119
14
240
179
126
242
203
190
15
18
44
125
100
147
218
96
230
242
185
106
67
47
114
251
136
6
80
48
6
167
25
61
107
112
243
159
197
32
198
72
140
215
65
90
251
214
70
36
210
44
191
160
89
18
16
61
23
82
5
250
133
198
236
93
178
215
151
88
69
35
193
47
239
124
143
242
69
181
103
181
219
150
247
167
181
70
14
215
88
82
113
200
194
4
211
32
89
106
2
195
218
125
169
187
35
151
5
127
71
55
99
13
238
200
152
198
72
133
113
21
100
114
76
129
170
118
88
36
197
160
20
110
163
76
197
45
174
234
98
225
143
244
26
130
98
92
93
42
250
74
183
119
47
6
14
23
96
134
32
117
254
136
230
98
242
153
79
125
187
135
147
207
35
88
108
32
166
247
75
1
44
9
23
137
200
199
224
170
16
47
237
47
69
160
88
104
61
172
152
57
233
181
162
210
11
3
200
78
183
175
131
208
98
133
53
183
191
62
83
131
119
199
41
159
193
209
49
136
160
106
49
203
167
86
242
20
245
65
145
243
133
204
5
19
198
254
49
33
130
16
148
114
5
132
223
8
203
82
105
215
213
10
130
226
107
20
48
113
205
89
140
107
6
148
56
193
173
4
246
155
6
60
51
96
19
6
60
215
218
33
72
71
87
192
159
35
198
232
210
155
207
72
131
229
218
204
46
185
240
191
130
137
23
23
180
35
96
118
35
75
224
246
194
60
71
241
234
212
217
36
213
104
185
164
135
104
69
14
221
144
87
241
14
82
169
196
205
151
169
126
173
48
130
71
210
198
79
246
20
119
19
27
200
172
78
38
35
197
100
173
206
103
181
78
133
190
82
12
47
44
220
138
10
187
97
197
70
226
88
9
174
239
75
4
99
35
77
226
25
20
160
119
115
23
69
148
27
173
20
130
65
6
53
163
182
32
171
102
42
140
207
185
157
206
83
154
54
42
155
44
233
151
20
141
88
195
94
116
54
70
72
77
136
99
226
48
20
173
197
97
20
42
214
191
251
90
112
178
214
61
76
46
197
46
218
157
247
174
228
213
121
232
123
88
251
124
195
61
155
12
161
44
23
247
216
81
226
140
218
163
66
197
217
5
42
107
53
57
48
20
152
162
185
247
184
232
107
4
124
124
178
57
57
151
9
131
48
19
240
135
104
232
35
48
238
25
115
31
218
200
122
251
104
82
24
198
202
35
39
131
33
152
255
163
99
133
178
32
39
197
77
48
140
124
147
197
200
53
48
155
35
151
215
77
148
161
72
131
189
161
10
9
77
53
82
72
174
193
120
182
34
97
137
124
123
76
91
82
137
87
169
131
169
83
77
204
5
38
14
230
131
133
218
232
8
218
124
39
12
124
221
226
197
25
242
131
248
133
72
53
196
34
131
120
131
9
201
39
213
192
22
23
219
32
197
53
124
77
34
39
197
120
169
82
124
45
133
255
256
228
144
173
93
218
196
169
53
197
74
197
197
108
219
134
88
203
197
256
196
57
133
238
100
57
232
201
201
229
39
8
12
88
197
173
