165
165
165
143
209
165
143
242
143
242
209
165
251
143
143
123
165
123
209
143
143
123
127
153
165
143
165
165
58
143
209
165
87
7
208
165
143
58
208
144
143
209
7
208
244
130
186
146
84
51
166
208
162
84
95
209
208
140
244
140
246
186
62
208
173
215
140
173
256
25
24
73
143
118
23
173
143
162
256
84
162
51
143
173
84
112
173
23
115
170
208
69
145
115
208
188
151
209
73
165
199
209
165
215
209
23
104
218
209
189
165
208
210
209
84
25
246
84
215
173
224
23
209
209
209
82
165
202
104
202
197
181
45
165
42
23
117
118
59
72
23
181
213
151
202
72
165
242
115
115
216
115
165
165
23
165
255
23
197
224
45
162
208
208
63
197
25
208
208
216
213
202
111
72
39
7
209
7
144
75
218
162
40
7
16
40
255
40
68
255
59
59
40
39
197
7
208
42
157
72
27
52
68
99
98
27
20
245
20
42
58
197
98
197
191
156
104
42
197
57
148
125
254
191
162
27
191
68
163
42
20
159
68
