29
180
146
190
29
7
164
170
186
162
231
203
194
256
31
7
21
40
166
80
91
13
143
166
7
150
130
229
84
162
111
110
105
183
25
183
143
146
105
166
249
186
135
150
107
202
33
239
194
64
7
166
31
95
146
231
59
44
244
135
84
59
231
31
81
58
33
42
166
65
146
177
67
16
95
183
150
221
203
80
33
160
71
7
13
151
177
151
36
73
229
42
128
240
88
21
55
80
33
73
27
230
25
13
184
59
80
31
166
149
142
241
146
142
184
141
249
229
256
219
55
42
130
50
241
202
31
183
150
95
75
170
203
184
208
175
95
34
16
203
149
166
96
115
204
83
177
90
228
77
88
181
177
67
177
150
142
205
249
203
86
31
222
107
256
198
33
166
222
191
204
3
222
16
108
96
87
250
183
146
84
151
165
250
178
209
113
219
102
219
97
181
114
249
138
6
5
7
95
95
16
107
157
198
166
145
242
142
95
231
242
183
183
67
181
152
243
138
67
13
5
212
242
59
123
178
241
228
166
146
117
63
194
81
98
27
229
32
15
71
205
142
129
67
135
102
7
98
65
27
106
223
31
88
16
40
88
97
231
141
230
102
205
144
79
61
142
228
6
63
240
239
181
241
235
81
171
198
80
244
235
67
138
219
40
256
116
74
146
15
242
236
5
141
140
136
114
32
205
32
231
67
67
31
167
250
160
144
123
111
94
3
228
25
202
64
10
94
220
242
212
146
31
198
231
97
95
95
40
219
110
221
146
88
169
63
55
171
141
107
50
230
166
79
178
136
169
123
129
16
113
40
13
239
159
59
229
16
121
54
160
54
136
242
7
182
230
235
205
58
32
181
236
40
230
110
117
54
113
53
80
243
25
27
235
219
42
203
150
198
3
47
87
41
95
75
249
166
81
54
97
187
146
240
177
231
181
242
110
174
228
123
151
184
31
32
47
1
89
240
166
126
192
107
174
97
193
191
209
75
91
31
75
249
162
169
231
55
8
113
14
28
106
79
209
79
75
183
141
123
243
54
41
129
131
162
47
10
105
203
94
178
150
222
212
174
65
169
95
29
143
184
67
177
114
8
115
123
75
158
192
96
13
24
8
227
14
97
114
222
251
153
8
40
156
129
3
241
209
10
171
159
243
146
8
41
147
114
211
54
250
6
97
108
50
37
205
235
245
113
249
222
13
249
28
222
113
15
230
54
203
240
235
191
151
222
53
246
14
137
222
108
113
123
191
228
249
131
106
241
166
203
169
140
5
94
34
209
211
220
17
107
51
144
126
7
31
177
222
63
250
183
208
146
137
5
75
235
235
144
79
62
205
186
176
207
138
206
43
27
54
76
25
229
231
246
200
17
49
239
152
240
183
97
228
125
9
225
191
27
156
175
80
95
230
211
214
46
41
44
147
25
133
97
95
239
65
220
79
244
230
34
109
77
52
169
241
41
17
25
43
147
108
212
47
230
228
76
250
7
76
224
141
9
143
242
109
58
43
149
106
75
225
37
144
106
146
62
13
250
44
109
203
84
44
44
231
131
5
21
17
176
220
211
246
37
184
156
41
249
169
75
241
38
63
96
76
128
249
130
87
75
198
249
121
200
95
249
59
164
120
74
95
114
192
27
131
31
203
75
80
184
47
49
13
61
156
107
235
230
36
1
32
88
156
222
240
120
107
205
55
236
76
1
248
21
189
200
208
74
243
25
17
156
203
86
90
108
19
24
63
28
142
206
55
63
209
254
150
192
128
15
126
114
62
141
75
50
36
47
130
181
151
211
190
86
75
203
240
169
90
84
146
187
63
76
200
17
41
146
209
250
66
219
19
131
40
154
63
109
109
162
40
163
46
160
245
30
78
224
120
62
27
161
1
97
118
90
95
88
36
26
11
185
240
185
122
77
160
175
183
104
77
184
250
198
183
74
220
40
87
250
216
128
13
63
62
203
6
87
243
71
175
66
75
227
216
87
84
55
50
180
123
44
31
225
76
166
58
108
250
234
241
151
226
251
144
173
3
245
245
127
15
89
208
114
222
184
206
200
142
9
46
108
63
107
109
131
21
194
66
46
127
222
49
110
109
6
156
136
122
226
206
245
40
249
194
193
63
166
30
46
28
151
114
175
63
115
97
108
74
121
84
55
212
110
46
226
141
128
115
7
50
87
198
55
150
28
236
217
170
26
195
21
227
78
90
91
224
9
62
147
208
87
154
194
222
136
226
115
25
250
9
27
3
84
65
136
107
229
6
125
95
243
115
240
102
155
250
231
246
109
53
193
166
195
154
75
241
237
209
17
77
28
178
183
108
243
99
159
7
73
122
246
244
42
83
109
27
178
216
144
196
71
113
154
198
226
115
235
246
46
132
99
150
222
204
6
102
222
43
6
107
104
151
138
147
227
206
9
106
25
229
110
59
17
181
231
75
79
108
6
32
193
243
41
243
192
17
202
204
59
207
205
136
117
191
243
130
55
131
42
44
108
84
54
37
192
141
7
182
194
151
226
211
182
185
120
81
9
20
148
114
135
148
121
113
37
211
27
182
3
66
198
240
108
28
206
86
229
151
207
185
108
6
156
150
55
122
227
182
241
96
113
131
13
18
178
46
234
70
71
245
176
200
9
15
30
55
248
99
131
17
188
17
51
101
107
170
225
206
206
248
167
168
182
217
162
27
171
15
213
88
150
15
217
255
35
112
95
244
11
95
209
43
115
185
86
155
131
42
235
149
117
133
206
171
171
30
7
113
101
17
167
255
8
102
37
13
63
178
224
97
55
185
40
187
184
166
213
50
230
41
32
89
211
95
6
243
248
184
30
43
37
117
255
185
97
65
6
65
162
22
3
204
75
182
71
62
143
178
68
227
248
57
97
22
177
171
37
21
144
75
250
229
207
137
82
17
159
215
108
16
17
54
134
253
225
122
62
150
217
203
171
85
132
135
131
15
163
232
16
3
215
226
3
229
226
165
148
61
28
35
141
193
59
165
203
14
75
24
171
4
132
55
144
75
49
245
171
57
135
117
79
92
95
135
21
205
108
32
222
194
220
114
92
108
28
28
231
255
82
182
136
135
213
178
120
177
37
211
124
136
136
109
28
136
235
232
9
49
171
9
207
124
190
115
159
136
172
135
171
114
92
254
206
167
21
188
21
194
168
184
9
137
136
94
239
137
100
28
63
241
131
39
168
71
54
108
135
67
168
181
71
96
59
96
224
82
173
171
89
51
168
230
177
87
9
137
224
100
51
184
9
78
184
97
4
95
96
19
109
148
241
87
47
118
171
105
45
98
63
98
43
37
207
27
105
63
87
120
207
107
222
63
95
124
7
169
118
107
227
58
11
37
159
49
77
205
137
245
19
63
106
216
124
98
46
7
216
160
131
46
31
137
209
131
209
227
34
209
151
37
56
124
133
147
41
92
170
71
248
14
99
17
9
157
136
109
207
42
177
119
160
255
120
26
72
227
138
102
205
120
224
130
28
182
120
124
227
77
109
198
228
120
193
19
120
243
130
4
161
95
85
63
4
197
93
40
38
85
197
21
191
37
126
207
53
246
24
191
226
192
