88
113
88
176
84
73
186
186
186
230
230
176
230
73
146
84
84
80
84
24
29
249
138
150
84
150
138
150
33
230
55
88
29
256
33
253
186
162
144
205
29
174
249
162
166
162
174
150
164
249
106
194
174
194
194
140
75
256
162
162
146
62
150
143
75
55
73
55
75
162
95
166
75
55
55
18
87
87
112
164
135
212
175
166
214
87
209
115
212
209
144
29
256
249
75
28
55
162
80
87
146
121
174
52
55
126
166
208
87
1
122
146
14
164
55
209
146
11
107
55
84
26
179
181
55
178
84
65
209
164
55
55
55
138
51
126
11
147
138
147
75
116
108
128
55
209
115
253
208
81
169
126
128
172
214
176
164
85
176
3
186
138
209
87
66
88
206
29
126
252
138
169
113
29
174
22
249
169
138
174
84
208
181
104
126
179
65
176
108
146
205
29
121
75
174
55
138
186
55
84
230
199
216
21
208
3
62
123
151
143
126
209
29
68
121
182
225
134
84
123
77
73
126
165
65
166
129
65
165
52
124
150
164
177
138
194
160
243
139
179
160
178
177
147
186
256
153
95
123
150
129
77
107
123
194
131
240
128
245
123
27
147
88
181
179
138
141
209
29
238
65
139
165
3
65
216
186
87
75
51
147
190
3
73
101
167
195
203
129
40
7
2
209
3
195
174
89
61
97
181
256
40
164
128
109
162
40
167
255
153
129
112
204
116
35
19
143
231
89
256
160
170
160
180
121
102
189
28
207
153
168
164
186
89
256
164
189
181
147
146
25
189
22
140
195
206
102
170
123
244
241
14
164
165
5
177
120
189
138
19
129
170
28
164
75
164
104
181
177
136
216
231
206
253
226
219
96
25
101
203
236
69
91
168
121
244
130
135
128
7
76
176
65
226
25
179
42
177
102
88
71
223
95
181
179
150
177
43
150
167
8
131
209
95
29
16
128
138
71
152
241
11
17
167
181
67
37
235
11
177
229
43
238
168
41
207
71
141
143
191
13
136
82
143
154
29
165
5
101
65
115
8
178
240
183
114
135
229
68
176
168
8
193
17
1
71
154
63
65
209
123
61
250
11
183
9
143
209
19
5
146
123
95
95
188
37
136
156
64
204
235
141
91
25
211
9
183
66
49
161
167
37
135
168
219
123
28
136
124
208
53
26
64
190
141
28
237
251
113
147
113
256
62
216
246
219
175
35
252
96
104
81
205
39
100
4
221
33
128
21
190
204
142
115
59
90
31
63
183
216
212
179
114
177
222
181
225
63
57
8
147
123
174
65
174
160
252
29
154
104
142
210
2
65
77
101
128
128
221
193
2
98
93
156
86
91
147
211
2
110
80
231
244
122
152
104
17
154
169
181
132
83
68
141
132
113
113
63
195
93
143
240
194
222
168
124
131
123
11
123
236
55
174
181
119
120
87
248
28
8
2
158
128
216
33
8
170
11
4
117
208
229
47
132
211
164
152
248
86
131
132
65
111
132
129
130
25
193
98
128
126
113
78
128
103
128
199
233
2
109
141
28
183
90
128
8
79
41
17
216
128
142
219
93
105
247
220
104
117
17
96
152
177
135
160
45
141
147
236
37
156
102
190
168
207
49
210
179
221
179
190
138
8
207
220
183
153
105
252
12
113
49
128
154
105
105
3
250
147
251
83
97
249
210
247
33
181
92
55
104
255
54
131
105
246
15
95
67
195
36
54
14
207
105
63
49
169
63
181
181
132
229
167
104
17
151
11
179
54
85
110
101
33
28
33
11
255
93
235
14
191
168
128
238
66
61
51
63
14
117
48
248
167
93
217
49
175
147
153
150
150
248
117
193
160
168
83
106
91
6
15
250
17
36
126
122
132
118
170
30
243
68
193
6
17
38
190
195
252
30
66
11
55
98
246
150
147
26
246
105
199
98
106
131
158
132
16
255
120
104
9
182
160
104
156
122
25
139
104
252
150
4
182
199
38
179
168
216
17
105
171
237
9
10
171
242
67
38
110
2
138
195
143
214
28
130
255
243
78
2
158
236
197
94
190
33
201
256
55
197
9
254
220
160
5
156
199
144
107
253
200
17
128
150
237
248
14
33
93
213
26
130
75
150
221
237
65
199
49
14
106
152
168
17
170
195
69
181
250
121
87
104
64
120
105
105
9
143
120
17
144
144
216
87
11
217
87
120
65
200
46
153
175
117
141
215
131
141
110
196
207
60
248
122
144
105
193
67
143
103
19
38
55
31
250
130
9
210
208
116
55
36
249
190
154
145
101
38
150
211
17
105
94
114
139
205
182
87
74
122
149
87
147
199
116
158
38
156
145
69
101
205
94
37
9
233
110
98
2
235
219
65
168
168
165
180
255
147
216
142
189
89
88
154
207
142
196
54
67
190
11
9
28
37
176
120
143
1
66
233
184
122
37
243
129
128
250
176
129
245
120
167
113
38
210
114
37
5
120
67
245
55
147
165
104
104
190
89
237
249
222
130
127
2
61
147
49
166
38
129
165
123
225
140
222
98
129
224
250
212
167
105
117
72
123
134
209
79
129
47
207
238
94
102
243
105
98
101
113
182
52
216
114
201
216
87
89
169
9
104
11
168
198
72
38
94
147
233
243
61
55
184
54
107
178
250
222
127
199
233
131
139
116
216
70
114
94
27
173
87
116
166
154
201
162
9
122
66
113
37
248
101
255
55
101
190
255
195
105
26
28
8
38
142
206
190
30
149
72
71
178
216
104
101
66
10
216
239
154
200
101
65
255
233
66
179
78
89
89
103
26
212
243
76
174
26
129
54
132
102
147
252
93
116
103
46
60
217
225
201
190
249
253
139
102
15
46
248
105
93
140
163
150
197
243
154
156
149
246
79
15
22
253
142
102
163
158
93
29
173
32
119
147
120
141
168
10
246
145
79
236
44
165
169
207
172
120
217
141
147
6
61
30
241
122
97
79
75
70
129
201
32
104
20
235
101
207
229
233
254
101
66
92
61
104
6
11
235
243
116
130
113
44
101
202
201
78
142
154
12
185
217
106
254
14
35
90
216
78
179
124
238
255
248
147
179
219
211
158
37
44
248
175
112
139
150
81
59
38
247
101
122
63
210
216
216
255
116
4
9
216
247
9
46
90
98
46
131
217
47
53
243
139
97
185
22
24
142
171
124
216
70
227
216
154
83
243
101
193
193
243
61
78
218
38
149
77
239
211
247
187
117
158
239
24
46
115
252
193
243
193
103
198
179
247
163
122
129
193
148
101
179
217
101
247
239
53
247
248
247
65
122
167
247
8
167
158
139
120
20
43
24
196
142
137
171
201
173
256
185
233
