96
96
127
38
38
127
47
231
47
225
231
47
96
109
47
71
244
4
31
112
24
110
147
55
242
187
91
98
242
38
5
231
20
46
205
24
47
201
64
31
135
142
211
128
211
135
47
203
242
128
156
191
113
109
231
69
122
224
64
64
22
98
41
55
211
147
246
125
21
181
194
142
231
164
91
98
109
182
156
226
169
252
135
22
69
212
248
21
35
134
191
21
225
244
195
248
201
239
31
246
17
118
212
124
119
231
203
135
194
8
60
212
236
194
92
195
58
213
80
47
20
116
231
108
150
175
191
28
119
185
231
21
206
102
239
47
20
110
27
5
240
191
20
64
20
240
225
5
169
33
5
185
242
26
18
35
254
185
195
65
183
137
60
110
226
20
236
19
18
24
58
185
18
126
78
113
97
252
20
185
40
164
42
42
240
253
106
39
253
236
138
187
125
61
220
5
187
95
5
246
24
91
114
16
231
5
101
43
125
92
25
96
46
246
125
20
20
156
167
211
109
191
107
2
187
113
125
8
21
21
138
36
104
20
139
101
185
24
137
61
252
58
113
28
60
177
244
141
20
196
40
231
24
229
4
191
125
79
215
203
195
14
24
88
235
20
103
191
135
125
36
229
171
238
201
43
105
42
36
21
1
95
248
182
108
63
19
221
239
212
220
220
118
179
47
226
90
205
132
167
194
246
233
123
83
21
125
245
191
8
125
234
16
7
245
142
5
5
60
118
240
125
211
119
1
8
22
141
1
20
170
24
191
125
8
141
28
108
252
18
223
67
196
219
14
60
167
5
19
185
36
24
2
1
131
170
43
14
60
59
97
128
191
35
14
20
221
125
118
196
33
1
13
145
211
4
236
26
33
245
20
20
121
5
5
19
5
24
20
20
108
220
14
239
187
91
162
177
1
60
60
14
167
61
238
32
185
1
130
24
78
5
203
67
190
192
190
187
207
80
64
14
30
1
35
10
20
19
78
131
77
169
212
8
5
211
13
64
93
221
214
33
100
28
20
196
30
242
119
102
256
169
34
201
132
167
9
159
226
245
201
126
10
33
256
78
30
16
256
240
177
225
60
83
147
130
28
217
240
139
24
13
113
49
223
60
242
126
60
35
214
65
4
60
217
200
219
248
145
59
100
114
64
135
1
83
113
219
200
248
169
187
19
131
200
92
111
137
10
248
20
191
104
18
246
198
64
239
144
1
10
102
20
55
220
20
96
176
201
195
59
193
221
100
187
20
19
20
121
212
119
187
35
126
167
62
118
2
119
108
36
36
125
108
248
66
52
183
212
126
239
43
4
223
256
108
90
203
119
43
256
225
195
52
1
173
119
131
203
10
90
241
248
194
205
103
44
181
35
185
225
2
80
1
196
60
152
135
88
20
18
26
246
21
212
167
38
6
187
125
201
131
125
142
36
36
109
61
245
156
109
24
35
203
245
246
172
125
36
45
223
225
253
187
103
125
185
17
119
34
33
43
217
125
231
36
109
253
245
63
76
13
135
5
108
195
60
175
96
57
196
245
1
130
175
114
14
183
221
70
8
152
170
125
61
83
103
83
170
185
198
96
221
217
140
119
130
75
142
19
253
254
133
18
185
185
14
192
92
21
170
145
245
195
1
195
187
211
117
245
119
183
253
76
1
201
64
144
109
183
114
196
87
236
144
245
65
195
1
200
89
1
61
224
59
21
92
182
61
113
236
20
110
245
146
248
14
67
150
96
92
46
96
59
49
14
119
35
256
87
2
83
182
132
183
64
183
109
239
187
8
37
90
220
223
14
90
10
22
187
12
229
102
187
20
217
18
85
191
1
217
125
222
196
206
245
89
39
147
20
21
195
107
117
122
203
14
187
252
3
250
125
98
5
69
61
3
187
154
5
90
233
245
71
248
1
83
151
49
21
229
14
14
229
217
185
14
191
135
197
69
209
125
131
209
24
108
78
146
90
201
21
220
190
198
79
187
35
227
206
140
187
203
65
108
195
69
229
90
90
78
75
133
131
191
234
256
248
189
156
108
101
44
58
1
3
245
10
200
170
1
26
90
79
96
83
61
119
90
27
60
209
130
10
107
14
9
225
35
10
107
30
186
199
47
118
224
142
4
96
229
223
14
2
1
38
1
83
103
93
77
221
89
234
199
244
187
78
35
125
20
154
240
245
10
201
59
152
90
223
132
245
40
191
222
156
40
64
113
32
1
96
228
101
125
250
6
88
203
96
107
166
125
70
111
74
13
182
199
107
256
43
219
33
27
60
22
189
83
130
47
14
203
5
201
107
5
60
152
61
119
64
33
5
36
88
179
93
164
108
245
222
145
61
231
41
25
183
79
125
33
190
220
130
47
201
231
63
121
102
199
36
2
26
239
14
229
244
20
47
47
130
222
153
188
180
250
256
181
188
207
201
107
250
180
240
104
94
21
1
67
88
187
185
183
185
256
39
61
41
183
68
83
182
100
253
180
250
16
67
229
64
253
33
251
195
30
47
130
130
187
79
12
172
11
125
238
10
20
14
170
201
34
123
34
1
119
19
47
102
191
83
2
144
116
78
58
196
34
192
88
14
226
170
253
201
33
226
248
131
107
36
49
235
13
195
236
133
76
117
76
19
236
26
117
126
187
241
120
226
60
4
79
135
35
25
61
198
64
8
87
88
1
24
89
145
186
126
5
135
221
61
223
206
61
116
61
19
119
94
252
229
245
88
133
14
203
49
30
24
113
108
49
211
195
147
34
120
1
97
43
69
8
199
28
249
200
16
180
235
171
190
147
169
30
125
201
130
35
61
204
64
241
34
130
187
58
88
250
212
59
236
201
203
2
6
235
238
185
225
1
83
182
65
100
201
135
8
229
10
153
1
187
220
248
251
60
236
126
192
166
180
183
196
1
11
234
212
196
31
190
196
212
27
107
67
53
35
201
201
39
190
53
175
102
1
180
212
203
5
247
245
219
236
242
35
187
1
124
37
212
31
183
67
153
236
75
187
16
250
34
35
175
234
50
34
35
190
195
9
117
64
82
184
30
173
249
188
251
217
195
11
34
61
166
185
110
240
109
61
108
129
119
231
239
190
180
187
164
154
16
25
78
222
77
223
103
14
187
196
183
88
221
244
8
135
5
113
46
187
179
5
88
130
108
249
33
30
125
77
238
1
95
187
125
175
35
88
77
95
95
34
96
135
169
203
5
102
19
83
241
81
5
231
8
240
189
242
203
64
236
33
36
237
164
190
53
19
53
248
119
49
13
210
240
107
78
91
225
141
81
186
153
53
18
107
60
75
31
5
149
5
153
169
212
107
223
108
169
190
228
88
65
55
78
14
100
212
119
217
210
219
147
105
201
42
66
135
22
187
108
18
187
10
79
203
64
170
13
61
66
88
212
33
113
195
212
119
120
236
31
194
156
96
83
224
147
178
201
201
31
63
5
240
142
201
64
96
13
40
47
153
201
212
61
36
190
172
133
83
58
221
17
126
16
250
244
10
193
109
240
199
235
175
251
14
77
59
194
88
256
30
240
135
169
156
135
64
88
212
18
81
73
90
190
169
147
88
64
121
113
174
240
251
83
212
131
73
198
242
130
107
121
90
39
14
142
50
95
108
20
64
120
47
195
38
77
49
97
97
235
91
108
191
238
153
31
249
202
31
34
130
105
250
108
14
187
68
76
67
125
183
233
76
119
43
187
248
187
185
166
16
83
60
169
108
242
228
61
103
204
88
22
234
196
183
32
203
83
227
212
217
14
203
34
238
129
100
14
223
64
60
88
104
10
5
248
147
219
207
169
244
110
35
228
178
190
64
74
76
190
17
230
249
1
229
198
252
149
171
152
135
193
149
249
30
103
108
61
240
237
95
49
201
153
53
82
228
63
61
78
223
42
81
89
16
41
34
65
108
8
212
8
221
153
178
135
19
229
1
53
220
19
249
201
144
108
196
70
28
240
31
223
16
73
185
131
150
14
83
253
135
1
10
16
33
22
35
137
90
228
78
223
24
190
180
122
249
32
135
35
100
191
3
40
93
199
251
228
185
59
107
254
135
223
40
207
90
35
214
88
95
42
88
44
88
34
187
90
178
48
103
69
178
53
178
190
27
108
1
255
10
221
178
19
221
132
196
203
223
27
88
30
178
94
79
249
131
27
2
252
195
253
239
135
13
135
187
30
125
70
230
196
35
78
108
59
119
102
49
201
147
256
88
77
90
