79
65
65
150
150
36
65
36
55
150
180
185
205
75
52
180
30
206
231
32
140
29
150
140
65
220
52
32
75
231
147
75
250
32
244
212
180
87
206
27
200
47
200
191
191
87
47
250
114
176
250
147
108
236
28
114
71
55
236
28
108
47
244
144
220
244
71
7
14
201
37
24
77
200
90
41
171
86
71
191
75
220
27
217
151
6
97
181
230
244
208
24
181
180
231
68
205
200
33
254
160
143
41
143
205
63
234
231
194
231
171
208
235
92
47
91
191
106
95
194
182
143
147
194
14
92
61
185
206
15
171
143
67
229
17
200
185
93
95
205
92
106
92
244
143
92
92
185
91
253
54
127
47
240
116
138
27
68
222
92
13
47
185
138
143
119
245
92
80
18
4
75
95
18
111
128
92
194
101
36
239
14
65
246
66
54
91
195
121
200
3
180
172
13
168
109
171
15
199
209
7
211
36
135
181
58
65
245
65
15
138
229
7
141
63
181
92
92
92
154
28
96
100
123
249
246
28
193
171
28
7
15
63
229
17
21
138
182
20
90
95
21
246
92
200
229
191
205
67
94
97
54
125
89
200
165
33
107
36
97
128
28
68
143
7
253
165
72
212
116
61
128
239
209
24
92
206
101
156
63
187
244
8
206
27
229
229
181
147
28
63
136
92
93
128
165
243
63
109
143
102
208
27
92
241
229
12
92
63
247
15
227
141
246
188
199
206
181
160
177
17
174
181
227
13
229
146
191
227
141
190
168
8
212
212
3
174
183
231
47
95
97
193
114
247
17
226
246
126
63
247
181
114
247
128
193
121
26
20
183
122
246
61
183
198
15
154
111
75
28
182
152
11
245
190
126
190
187
229
187
231
78
181
108
15
95
217
247
111
246
11
8
191
228
209
246
63
212
200
25
248
211
126
188
119
211
231
12
183
15
252
126
247
97
26
206
36
63
231
141
174
68
92
22
183
171
13
238
246
15
208
228
180
25
161
96
208
149
24
22
78
95
226
65
171
75
56
24
36
136
37
182
141
212
158
247
97
95
154
87
122
208
244
246
245
246
184
208
21
236
212
171
171
21
204
1
228
67
226
163
227
108
185
142
75
74
183
222
221
168
52
208
165
182
246
248
174
155
184
208
109
26
143
144
129
208
247
184
125
39
13
191
55
247
179
37
224
247
141
22
95
248
241
122
27
15
47
26
152
1
144
67
161
246
212
246
11
156
144
26
6
26
185
245
174
184
211
4
254
65
76
174
212
253
161
54
25
251
254
110
141
163
182
147
246
4
151
183
17
234
47
207
246
4
247
254
231
127
125
26
207
71
97
54
241
78
13
104
158
194
44
97
149
81
64
75
161
191
206
46
141
141
147
71
4
182
37
173
47
153
32
126
91
246
156
42
234
132
194
194
238
78
171
57
1
185
126
246
245
28
108
234
228
230
246
129
47
4
132
181
71
187
119
73
247
182
141
96
187
25
169
47
253
224
132
5
37
248
255
169
217
118
66
187
83
255
182
4
63
28
95
243
216
173
188
9
106
63
147
136
139
144
238
14
103
193
10
222
227
198
93
240
165
132
15
139
93
158
241
2
143
187
15
118
131
24
68
108
168
228
250
247
94
141
98
37
227
185
247
187
144
63
63
182
101
47
15
3
141
49
173
57
173
24
182
3
97
156
246
168
124
182
138
138
118
79
193
24
104
74
172
217
250
28
109
193
180
142
184
107
20
141
224
169
136
71
194
69
227
141
96
156
74
227
243
28
182
174
147
215
250
63
224
222
191
10
101
194
21
126
182
228
141
125
212
178
14
182
187
249
163
168
34
182
4
217
120
227
165
162
242
95
219
96
169
63
193
109
205
246
187
25
222
141
252
93
249
205
78
46
104
180
2
38
193
59
188
141
247
145
132
66
247
173
230
246
181
109
90
122
21
252
37
136
173
159
234
238
230
91
171
4
211
168
206
152
122
55
71
103
4
74
96
173
143
13
246
240
77
70
229
122
195
116
87
97
228
230
44
185
93
182
235
21
71
90
144
83
233
246
234
122
156
14
149
250
14
34
14
224
211
158
56
5
216
238
141
168
101
211
65
182
230
248
254
246
222
104
207
211
5
224
3
58
230
230
74
144
210
222
174
197
158
71
122
205
171
233
8
55
34
246
235
178
230
83
193
182
93
130
241
206
208
251
228
246
216
222
205
158
158
139
19
181
98
151
132
132
108
185
246
152
43
241
140
110
132
228
188
18
78
129
248
10
180
180
60
71
144
248
160
175
165
238
122
118
219
187
61
180
4
114
154
230
246
74
97
124
245
185
246
145
168
198
4
57
182
207
57
65
216
41
153
226
197
154
230
224
103
181
115
145
241
131
139
58
14
241
160
139
236
185
173
179
224
230
74
195
174
227
28
190
66
87
122
164
139
69
198
252
172
118
181
203
187
83
224
227
92
118
227
224
169
227
4
103
146
246
236
8
109
158
13
3
158
52
132
122
155
198
154
78
75
2
68
65
5
121
65
26
182
227
155
193
158
193
215
137
142
224
25
118
245
43
122
129
34
134
15
60
236
94
40
69
227
73
108
174
134
236
47
234
248
21
241
193
175
14
224
93
64
227
40
130
217
26
193
158
158
47
245
122
185
173
222
216
218
205
236
164
108
1
27
217
45
246
119
112
195
231
5
21
181
81
206
236
232
224
225
229
167
245
228
49
217
64
227
30
16
109
252
135
16
23
205
207
4
168
2
103
135
168
255
250
40
8
77
199
16
194
183
132
224
185
227
122
149
198
113
60
224
241
65
234
239
224
245
193
49
174
60
40
231
236
152
198
173
167
113
156
53
81
156
201
224
185
49
237
234
246
179
180
19
118
132
237
173
113
158
142
242
56
15
104
126
212
191
167
4
223
1
188
179
109
47
4
47
248
4
224
191
168
233
227
170
206
102
1
234
20
173
130
224
246
224
20
246
1
227
1
47
4
142
222
