194
194
251
251
18
19
64
239
18
146
147
147
90
58
19
11
11
55
142
58
19
194
141
182
194
18
94
118
11
145
17
25
147
242
147
217
170
105
105
140
245
140
17
181
97
105
10
244
109
105
164
14
199
172
196
217
11
212
245
135
10
126
212
211
172
135
122
140
181
141
248
132
14
123
242
250
128
76
34
128
96
240
146
3
172
116
53
105
184
34
64
96
131
34
129
126
181
181
6
222
34
96
171
90
141
204
14
15
111
175
95
113
250
26
105
217
128
5
160
222
219
149
187
145
175
145
175
141
90
175
14
242
167
180
106
46
98
198
253
64
96
79
170
168
13
13
208
228
229
6
76
116
14
34
147
167
105
187
236
236
142
3
156
5
15
89
111
223
36
111
190
114
5
64
25
137
235
256
8
228
181
111
3
149
5
154
8
180
114
238
81
70
111
114
229
187
103
130
13
109
79
19
235
163
114
5
189
226
183
166
145
132
38
114
57
79
46
170
190
220
196
248
248
149
16
241
14
30
51
63
107
19
240
5
236
90
5
216
113
147
3
216
25
246
226
221
204
83
14
151
219
229
37
123
8
107
94
34
149
156
1
116
170
187
71
147
61
223
219
8
96
34
34
16
43
34
126
64
149
126
156
96
126
34
235
144
238
91
253
242
76
201
64
60
96
149
236
191
201
212
175
2
229
223
96
144
199
103
3
111
64
88
17
231
126
187
85
181
251
90
108
141
108
212
171
184
229
16
104
223
236
56
192
47
187
250
8
95
108
238
5
111
111
127
201
237
250
34
130
222
94
186
88
253
123
223
126
187
203
14
119
223
1
33
76
250
32
201
242
2
19
8
96
37
135
103
220
201
14
248
3
238
225
61
235
74
14
229
242
127
60
41
47
212
24
183
10
183
126
79
14
201
184
5
171
34
96
147
196
192
109
41
137
14
251
225
140
141
121
225
90
156
250
236
244
223
41
6
228
10
126
3
6
206
238
228
115
34
18
16
242
184
78
25
153
175
154
201
61
219
135
63
32
238
230
130
187
223
195
215
8
223
240
113
83
71
154
194
190
174
96
15
204
235
90
101
34
223
25
238
32
22
93
13
140
103
101
31
64
76
192
96
15
70
47
61
71
35
175
190
71
203
34
221
130
102
111
194
14
88
35
3
189
88
220
233
8
6
170
196
118
54
90
5
127
101
37
230
144
47
203
90
196
103
47
26
76
215
237
96
183
195
88
238
127
196
64
250
138
2
118
225
24
212
93
166
153
81
238
238
90
130
35
147
40
201
178
235
189
178
170
195
96
79
175
195
121
101
123
219
104
114
169
201
200
203
8
186
201
61
219
183
87
242
104
25
156
19
92
64
115
40
24
34
145
37
71
16
222
145
244
16
8
53
239
47
46
72
57
61
119
222
235
12
229
190
90
219
62
178
16
223
126
34
229
5
96
72
122
219
8
72
189
34
168
127
2
164
185
89
64
72
95
175
88
235
72
175
41
15
72
220
5
13
250
196
16
201
96
187
195
160
60
74
64
123
244
49
76
63
185
184
5
158
81
111
34
107
185
187
247
82
187
199
195
101
89
251
235
195
12
81
8
178
64
194
229
90
57
145
187
231
88
32
64
189
203
16
35
61
102
108
179
145
128
6
175
37
22
241
242
11
145
192
2
244
111
51
198
158
229
41
187
62
219
130
222
164
250
199
57
180
130
196
212
46
242
242
203
82
108
47
211
53
34
49
71
27
212
191
212
34
25
32
88
155
235
101
120
2
184
120
229
83
225
19
83
109
1
74
5
219
21
181
229
149
54
25
236
155
74
88
183
149
228
58
235
175
16
203
15
61
32
18
63
108
79
236
53
38
8
245
13
61
75
119
203
16
83
13
112
65
240
96
215
54
240
196
5
34
119
35
190
61
46
96
225
61
184
170
195
121
98
202
54
5
108
201
212
111
34
38
192
119
34
211
177
215
57
201
150
198
26
137
202
88
215
103
111
196
33
187
75
201
72
170
236
96
196
91
215
216
249
46
114
33
89
249
215
212
86
15
215
114
34
45
30
229
117
187
163
35
164
170
57
226
96
248
130
5
215
14
63
223
248
156
184
93
113
108
88
224
250
76
240
201
225
25
121
238
135
61
235
62
119
175
24
190
170
130
72
96
215
5
41
192
41
50
111
57
90
178
215
96
144
36
222
229
34
64
169
212
113
90
34
101
149
47
202
102
27
192
239
96
170
109
107
31
242
43
33
183
63
1
201
47
184
215
153
240
74
187
215
65
236
219
199
10
6
196
5
1
34
170
34
222
108
178
34
126
184
158
196
216
201
235
230
65
134
156
1
14
46
32
97
16
107
158
215
117
5
61
108
215
10
204
108
87
250
85
229
149
64
242
35
41
61
220
192
95
231
228
223
235
223
235
114
211
114
84
40
32
215
89
219
126
92
57
104
13
78
201
1
81
145
144
178
88
54
46
175
70
83
178
183
74
135
109
131
1
71
34
135
72
187
220
226
136
136
60
98
13
128
178
130
168
5
169
180
147
10
170
107
114
19
89
60
239
108
119
86
156
237
52
178
178
201
240
210
70
228
149
61
22
178
212
102
16
149
63
88
67
161
230
60
170
196
140
8
144
34
69
104
104
223
235
201
225
57
144
103
222
176
102
250
57
53
256
71
178
194
240
89
184
90
192
72
235
223
23
184
215
223
235
187
194
211
10
157
236
22
236
34
137
240
212
212
144
131
240
63
66
61
117
56
169
96
201
144
186
72
190
169
113
30
61
127
35
82
212
212
119
126
242
35
176
158
138
136
103
76
235
215
63
10
29
5
112
46
227
119
207
226
187
219
19
132
219
63
242
196
76
95
223
57
14
149
187
221
16
90
89
33
152
90
41
46
108
61
181
34
15
184
203
26
46
250
187
1
238
34
11
184
236
225
252
252
109
23
183
31
74
196
83
235
40
146
25
38
154
26
235
153
184
119
34
30
144
130
119
235
88
169
178
184
64
38
10
5
184
116
229
144
53
200
64
79
219
203
238
67
237
52
137
26
67
13
228
168
13
110
178
69
223
137
61
88
237
19
117
61
230
13
250
90
57
159
120
103
58
81
72
153
228
64
83
6
22
170
193
157
244
130
30
46
239
83
61
34
19
228
166
70
8
174
127
188
240
101
170
131
153
248
222
22
14
6
184
95
184
57
181
182
235
110
244
72
85
10
238
2
74
88
23
31
199
61
45
34
64
201
104
69
244
32
144
170
31
34
34
176
22
184
14
188
236
110
96
137
69
5
124
35
159
4
235
35
35
57
102
16
238
34
149
30
157
19
83
24
47
138
199
240
167
20
188
32
1
216
139
251
79
158
81
169
187
43
221
46
82
174
92
6
88
110
230
236
5
57
76
15
248
205
242
203
131
107
131
222
178
215
137
61
192
88
95
184
201
119
199
3
69
199
192
88
64
6
23
215
157
147
199
168
108
67
14
38
82
146
97
46
64
104
230
23
175
67
215
121
140
174
8
35
8
175
145
64
57
97
11
85
11
77
64
242
120
32
78
232
219
108
184
76
149
22
190
18
61
147
156
14
89
34
108
144
235
171
219
102
96
57
46
144
227
59
204
169
10
215
5
236
192
47
11
170
149
76
50
1
93
241
13
5
201
115
191
235
235
255
221
168
121
235
34
55
206
250
223
27
244
256
94
203
49
69
237
34
64
174
65
239
94
14
29
220
169
204
159
94
193
236
103
198
74
131
242
75
240
196
174
201
195
120
142
10
82
5
137
102
88
42
96
112
24
149
235
201
28
135
110
137
34
181
42
46
83
235
219
157
199
15
65
229
161
86
171
190
168
194
193
8
72
147
235
239
181
53
5
175
124
64
149
170
241
178
201
238
86
120
100
75
1
236
145
42
240
11
61
244
170
83
178
196
100
15
64
8
95
235
102
157
65
175
202
225
192
169
235
72
184
32
194
221
110
34
91
195
196
40
34
5
70
193
182
53
147
219
219
5
174
243
170
64
23
184
170
83
85
25
184
129
94
96
211
88
212
244
145
199
35
85
240
171
194
94
91
27
255
235
240
175
232
184
137
103
18
235
23
13
221
53
174
229
251
5
37
195
107
96
240
216
178
94
23
56
250
65
201
23
170
190
238
159
157
174
101
119
228
216
159
244
72
161
45
130
104
223
253
189
236
76
58
235
64
235
61
76
183
134
175
235
175
237
171
219
109
95
24
27
108
25
235
97
33
69
229
82
186
201
45
135
48
196
64
53
149
190
60
169
171
39
111
245
97
3
161
14
64
64
183
127
73
64
219
210
35
133
104
197
206
9
245
18
202
120
76
15
169
108
77
235
158
237
42
137
10
13
42
63
149
137
228
34
124
228
35
184
199
171
187
62
201
37
140
82
201
32
242
57
169
219
242
149
54
123
120
189
72
116
166
34
159
119
79
235
62
13
149
131
34
25
34
127
48
13
235
237
171
35
244
170
199
250
242
154
119
159
91
174
212
8
14
169
97
212
88
85
240
196
108
238
221
8
69
215
16
159
170
83
56
83
184
119
159
223
178
140
219
90
119
245
85
44
95
45
129
5
159
235
191
9
82
45
172
232
135
65
13
116
38
57
48
108
244
119
244
196
235
168
35
203
190
33
245
242
9
203
82
85
237
62
220
237
61
228
175
82
11
25
127
69
56
253
45
61
245
94
110
82
168
191
140
174
168
130
108
22
201
242
34
199
186
245
201
219
38
199
85
91
120
242
82
11
242
91
218
215
13
220
187
169
97
53
125
220
83
235
58
88
76
204
32
105
85
100
72
149
197
149
62
178
212
240
184
21
196
253
107
124
83
99
235
69
183
139
242
171
163
35
107
169
220
69
214
85
235
76
64
57
225
48
19
77
131
255
110
178
108
175
170
21
61
120
53
69
238
83
181
119
187
224
15
195
69
242
27
81
123
10
201
237
242
14
169
238
57
174
235
223
69
102
43
178
193
174
238
174
193
93
199
97
76
40
212
232
121
238
178
72
243
195
242
210
235
161
145
187
238
228
163
193
223
195
37
88
235
49
61
39
82
186
65
57
37
37
42
166
237
1
237
72
104
99
207
229
232
161
163
111
156
215
187
