105
105
220
105
26
69
220
26
69
231
26
69
8
186
7
71
50
225
143
151
3
239
191
104
203
240
239
184
27
42
69
218
128
42
189
74
128
84
211
23
3
138
181
225
77
194
231
151
244
151
231
211
128
230
189
138
231
71
240
128
203
151
143
256
100
205
208
244
72
162
71
105
143
74
135
231
244
15
80
218
143
1
156
138
71
80
40
166
105
231
143
84
146
199
157
191
153
84
135
208
208
165
13
87
166
146
88
80
231
209
231
59
146
75
208
138
144
7
206
164
105
208
121
208
13
172
165
189
222
74
164
146
105
157
143
164
209
36
254
107
166
88
98
84
18
213
184
40
7
254
213
170
98
239
7
40
208
221
145
164
23
225
231
184
225
15
239
145
237
192
138
184
170
76
40
107
130
186
145
192
192
86
148
224
27
225
239
249
182
239
250
20
253
146
94
192
237
138
18
21
217
129
98
24
192
160
45
107
165
105
208
243
141
165
7
79
54
251
184
14
129
211
239
208
251
155
182
253
23
77
7
8
176
54
50
184
135
125
22
215
243
7
15
155
79
23
18
194
71
192
153
58
3
8
153
7
192
50
106
42
15
7
10
125
45
3
250
13
140
79
3
84
253
160
253
50
146
125
201
129
157
106
189
108
205
225
163
7
123
55
118
203
108
7
14
16
141
157
76
153
138
79
208
190
165
153
160
54
160
94
164
182
3
98
107
79
54
213
97
7
129
55
213
141
54
250
169
160
82
83
241
171
106
85
48
14
74
9
122
65
169
55
146
105
185
60
77
50
14
95
91
48
97
150
50
86
32
24
192
69
77
9
8
215
127
73
52
26
156
192
14
224
205
160
50
204
94
189
51
164
23
165
117
206
196
150
243
156
40
254
184
7
14
112
16
108
67
196
7
188
13
148
254
94
29
54
225
225
218
106
254
214
16
50
32
141
10
98
208
128
71
151
59
221
209
95
224
71
37
112
25
221
54
157
51
98
7
171
160
151
254
23
236
64
175
205
25
36
164
36
166
165
84
37
160
27
208
71
70
59
176
196
127
70
60
234
174
107
26
94
200
32
60
153
85
235
228
236
222
74
117
4
151
36
230
196
152
156
112
209
218
127
221
5
150
53
165
100
117
53
157
160
153
138
198
215
29
231
69
60
81
71
82
36
180
254
227
160
218
53
3
165
94
102
23
212
60
17
100
75
100
117
94
55
145
209
22
234
151
187
165
16
22
231
79
251
37
3
192
36
150
209
73
203
100
203
9
197
55
253
152
112
76
115
140
186
194
244
188
54
214
145
250
50
52
98
175
197
113
188
23
222
107
19
82
17
144
128
230
70
85
53
198
156
246
230
121
23
71
16
1
208
10
55
85
80
156
199
160
50
112
160
55
50
156
5
154
221
204
94
202
45
85
216
23
60
104
82
202
156
23
115
140
59
50
254
161
78
71
165
68
145
75
76
38
251
211
160
174
140
239
98
211
23
186
48
4
190
178
202
235
71
31
23
120
239
152
211
140
36
107
186
184
98
253
115
179
23
162
70
203
161
182
42
221
140
151
84
116
84
80
178
225
213
123
147
23
99
84
204
90
153
239
208
147
36
71
232
89
225
184
125
194
150
119
160
47
158
162
161
11
38
157
208
230
20
123
160
117
253
90
52
153
98
221
172
199
212
90
147
157
225
98
232
42
23
217
217
100
47
168
178
23
160
70
195
100
182
82
140
124
94
118
176
197
23
217
160
63
243
183
82
197
107
226
246
178
123
176
104
116
74
146
190
114
204
125
212
253
252
98
77
1
38
77
160
56
239
83
89
41
38
104
202
76
82
53
148
16
155
108
104
30
130
183
243
123
114
3
155
4
125
133
159
39
221
221
96
122
225
201
62
246
182
98
106
249
38
83
72
239
50
118
88
218
143
123
164
105
157
230
125
55
98
42
178
123
116
44
157
160
136
38
23
216
130
199
232
242
139
38
94
62
245
88
5
190
253
101
232
87
14
82
182
53
23
176
34
213
155
133
245
97
148
99
222
20
170
89
121
20
106
17
213
42
213
126
36
96
76
125
211
254
176
8
234
38
200
215
229
121
46
253
9
186
220
8
98
27
73
100
218
125
157
127
98
189
220
127
156
26
233
98
90
46
23
254
220
87
53
89
232
79
53
229
44
2
104
79
2
160
222
81
79
66
248
201
245
66
48
125
73
239
118
54
248
253
142
23
82
23
191
212
230
218
42
48
147
249
30
248
173
23
79
59
157
46
215
83
64
79
220
186
101
250
79
108
23
79
220
72
60
91
11
44
82
104
160
253
253
226
18
107
255
222
90
197
131
29
136
107
115
251
153
109
253
218
168
252
19
106
248
82
101
251
151
152
234
152
51
99
149
41
13
100
36
144
158
162
129
213
207
126
156
45
72
88
89
153
39
101
254
232
2
24
9
197
124
153
72
116
9
104
115
39
149
72
20
72
101
222
15
215
158
107
163
13
45
50
116
218
4
200
225
202
232
72
25
9
43
101
149
220
156
197
142
156
232
247
133
