56
213
56
40
150
150
66
17
91
208
143
56
17
67
12
143
150
150
176
88
62
166
84
150
174
15
84
94
143
99
119
83
217
12
25
80
80
213
174
94
201
162
67
205
84
56
52
115
213
201
163
123
27
201
81
99
99
94
146
143
126
126
74
7
243
194
203
88
194
62
205
174
145
199
169
29
169
174
145
175
81
165
81
208
203
74
123
227
83
143
172
5
50
56
143
144
253
162
126
218
99
108
63
144
84
253
104
7
221
66
42
128
231
87
106
127
87
244
208
244
206
94
36
99
19
17
144
25
76
199
108
188
126
129
129
231
153
17
123
74
106
73
63
244
61
106
76
82
108
50
256
90
44
94
221
153
94
123
213
126
177
67
108
94
172
54
87
90
67
51
123
126
199
26
96
26
253
62
147
80
154
156
172
94
243
33
76
40
85
51
51
126
92
98
87
61
94
160
52
7
231
98
84
119
68
126
143
123
123
9
51
157
47
104
231
104
123
190
10
50
51
172
160
6
98
112
69
221
218
51
160
174
147
87
123
219
190
251
80
61
123
51
123
184
172
174
225
66
81
208
62
121
76
251
47
201
244
98
169
127
51
179
17
67
26
123
67
123
155
208
222
79
6
119
87
172
126
177
104
207
17
215
56
69
69
126
127
126
231
194
5
237
24
74
62
172
172
200
189
123
5
140
125
127
241
104
44
123
172
127
102
94
94
69
243
237
61
177
36
76
98
177
190
17
19
76
42
76
98
145
67
246
194
91
160
165
104
156
255
5
171
61
104
64
98
36
254
122
11
64
231
19
222
243
5
104
104
67
99
102
83
42
92
221
219
21
18
221
104
5
69
202
74
22
140
62
51
8
225
26
185
104
16
113
243
140
240
127
59
56
49
11
47
203
156
98
66
123
67
106
200
156
157
224
98
106
91
52
207
81
98
174
238
74
87
148
246
154
106
51
148
87
247
69
171
243
37
87
165
33
230
51
45
66
74
254
219
51
228
51
158
185
221
237
122
108
104
34
154
32
51
94
248
6
126
145
228
51
54
86
86
216
16
96
65
165
106
32
124
202
238
69
18
244
51
39
247
94
148
253
110
235
174
51
69
51
214
38
99
199
51
72
133
52
62
189
255
23
26
151
45
51
77
218
215
64
110
123
238
32
47
199
26
86
218
69
238
86
57
214
238
219
207
147
171
228
106
57
99
86
256
51
232
115
163
22
69
115
170
69
228
173
238
215
228
235
121
234
254
72
26
12
192
190
92
235
94
105
249
72
246
101
12
82
95
214
134
156
134
192
72
219
225
215
159
157
34
228
146
86
149
129
192
52
45
111
197
25
117
192
179
157
72
230
52
118
178
23
102
54
53
82
145
171
240
220
82
134
240
12
158
153
202
214
254
201
209
228
64
193
249
12
34
219
72
228
255
56
256
254
44
32
73
215
131
256
203
19
115
149
85
47
202
52
101
248
32
94
232
240
12
232
170
121
214
213
171
111
106
252
236
188
190
256
52
232
124
196
91
116
72
157
145
230
92
10
72
153
170
178
72
22
111
91
136
252
56
192
240
184
190
254
103
238
34
75
228
178
102
52
73
202
163
178
41
186
139
13
61
202
163
219
134
202
76
32
190
254
32
91
235
5
197
88
134
134
16
129
228
106
196
99
15
50
237
26
48
178
32
45
228
248
163
193
139
255
213
7
91
115
254
256
110
228
235
56
192
134
170
196
44
189
96
153
72
256
104
219
64
106
104
199
64
86
228
140
184
6
215
193
42
73
249
64
115
94
252
110
246
214
23
196
25
44
12
197
249
196
189
91
137
214
228
146
72
45
235
202
196
237
178
13
76
202
73
230
53
82
82
29
219
178
115
256
15
190
19
134
254
73
228
157
178
134
202
228
215
129
235
74
249
76
186
110
203
94
193
189
178
25
247
91
201
139
72
200
242
236
215
76
201
23
193
178
232
110
202
121
202
178
190
196
73
72
163
218
82
197
39
212
94
76
228
42
236
72
34
42
190
170
22
159
45
31
238
149
134
91
240
103
169
10
236
220
48
10
178
175
79
215
32
238
178
99
85
202
72
82
228
202
184
19
238
256
25
56
27
219
53
54
139
44
202
248
72
215
25
82
20
4
124
228
32
196
148
72
210
148
52
189
202
57
56
73
205
72
228
237
252
256
190
240
256
134
81
228
186
115
44
88
230
249
213
221
230
134
42
134
196
215
23
149
12
202
170
134
35
196
12
228
237
64
159
57
27
158
72
54
10
235
106
184
32
13
56
94
208
99
163
16
40
161
25
237
72
125
108
235
32
194
210
202
215
72
64
134
36
196
26
20
64
19
85
228
202
10
190
15
202
23
72
228
134
10
232
192
72
48
85
64
221
57
77
252
189
201
178
253
25
99
124
72
219
73
189
86
72
215
190
48
248
228
242
88
82
42
12
134
72
85
196
230
52
189
20
202
238
106
53
85
12
56
190
112
254
45
202
11
15
192
134
153
203
252
79
202
110
146
159
178
172
10
44
202
178
242
184
106
98
188
56
42
54
238
215
164
163
159
64
57
169
73
85
86
255
72
170
54
215
202
32
201
163
215
256
13
186
186
163
200
76
193
215
219
252
237
215
196
86
149
62
202
115
103
106
23
149
72
10
202
187
115
45
215
68
10
163
254
178
85
76
189
205
202
64
72
197
32
72
32
190
85
201
15
202
163
230
213
202
221
169
256
68
201
252
196
193
15
238
110
214
186
163
16
219
124
64
23
8
113
202
116
163
251
84
64
32
72
178
256
12
73
202
85
88
72
131
213
228
86
133
103
160
254
12
159
202
256
44
7
85
163
163
88
12
45
10
202
45
126
57
56
56
2
159
