34
195
40
195
14
34
14
38
33
195
111
33
76
231
231
87
111
33
33
28
127
33
126
21
195
18
33
123
143
32
127
188
39
127
211
4
21
183
202
126
32
231
32
235
39
256
250
206
32
235
36
28
92
209
235
61
209
66
77
17
184
31
33
28
184
235
151
172
256
28
231
17
32
148
206
125
4
237
250
25
211
75
231
183
59
31
31
211
28
17
39
172
172
245
223
32
92
184
63
15
39
211
1
31
223
250
250
206
28
36
61
167
231
184
123
184
235
117
250
167
171
9
131
235
211
240
28
1
114
17
1
77
1
1
172
184
36
92
59
136
184
44
39
117
92
211
28
92
171
172
77
235
73
188
92
184
8
22
225
33
93
245
125
208
206
92
25
231
223
243
116
245
58
167
32
1
92
100
37
184
184
95
125
17
167
110
123
92
209
117
123
244
92
251
77
1
63
1
37
92
225
211
147
11
199
38
92
85
76
147
45
110
92
148
153
118
55
248
39
167
245
42
113
88
39
97
24
58
95
92
210
168
1
250
10
131
200
184
105
117
210
184
118
248
45
177
11
248
235
243
89
250
65
156
210
235
110
184
153
17
172
168
93
18
92
215
125
92
60
24
63
33
238
6
45
183
92
223
118
95
77
131
114
168
92
37
238
116
124
60
235
93
235
235
245
202
98
225
18
85
210
123
185
235
15
171
100
114
37
45
37
105
131
18
100
222
157
248
248
77
11
89
117
95
18
14
202
24
136
131
4
243
188
235
174
113
117
77
8
184
54
219
60
230
64
95
89
33
149
13
93
228
10
256
39
25
10
32
43
106
250
215
77
183
49
237
171
183
6
212
57
245
208
247
14
192
188
184
37
196
183
153
131
182
76
18
255
18
61
6
71
237
4
206
19
183
185
126
177
60
6
77
85
74
168
45
117
222
171
215
19
178
178
90
118
39
188
109
106
141
235
139
18
206
139
25
52
32
25
111
136
110
24
208
105
120
145
11
69
76
34
18
141
248
20
5
156
4
248
134
139
20
46
217
6
11
24
253
143
3
134
54
87
133
206
77
13
49
168
15
14
132
206
216
11
124
117
153
31
46
133
167
110
24
105
117
149
117
169
246
191
186
185
136
217
245
112
37
183
37
85
184
246
118
242
31
20
141
183
145
133
40
101
49
190
253
50
248
250
47
39
187
253
183
112
58
145
117
245
6
94
76
82
86
51
145
68
134
129
145
24
132
14
215
245
134
90
26
37
20
62
112
136
124
32
15
152
86
133
189
4
214
31
118
245
38
18
161
85
158
34
125
62
77
64
245
30
241
47
171
86
129
223
25
104
93
249
145
4
256
85
99
77
56
11
233
183
235
237
145
104
247
189
86
47
148
110
11
46
205
14
156
104
112
92
180
77
250
30
56
203
241
154
72
101
38
154
145
216
255
226
204
37
207
110
110
255
57
120
197
65
256
180
57
45
39
58
6
119
85
161
52
202
116
58
237
57
72
142
6
110
255
24
197
44
124
241
37
222
199
255
149
123
216
233
30
48
88
100
245
181
102
43
98
44
216
238
32
109
86
139
255
171
24
193
183
134
100
139
190
251
6
117
204
37
38
253
207
188
13
93
139
19
149
78
8
19
134
232
161
142
247
58
224
139
181
255
24
238
15
148
18
247
32
240
69
101
206
152
44
208
43
142
214
227
158
144
110
169
188
150
190
78
182
58
116
97
46
138
58
179
171
226
95
39
39
245
171
132
1
197
245
187
5
34
142
1
100
132
91
102
212
93
8
67
242
24
227
88
183
104
219
45
85
136
187
196
68
120
4
59
242
254
220
228
57
134
237
145
74
248
242
219
188
154
101
63
6
156
224
48
192
188
24
132
24
66
93
154
131
182
5
192
97
188
233
64
47
111
212
169
6
38
19
5
45
138
212
76
238
68
193
220
53
70
86
20
254
214
154
32
150
117
24
156
229
24
5
171
238
60
3
204
214
10
76
141
53
143
145
120
219
42
142
52
127
207
45
116
178
47
212
214
9
212
225
201
76
4
223
181
79
249
24
1
251
237
10
105
124
58
96
190
120
174
83
92
5
254
5
237
141
137
11
122
134
227
214
175
39
79
150
5
1
246
6
171
170
216
246
58
83
32
42
190
68
237
73
37
193
143
102
172
52
46
200
142
15
248
78
228
199
227
74
227
60
193
47
139
188
207
181
24
181
24
179
174
227
142
172
210
160
199
70
96
120
107
195
120
121
154
24
241
18
207
255
240
24
190
92
4
24
232
252
138
198
16
83
91
194
3
69
240
117
252
204
113
37
148
9
123
77
114
9
69
178
77
91
122
90
9
164
221
120
122
4
180
107
185
190
234
79
237
240
94
190
172
19
185
4
112
159
53
134
159
78
45
189
141
170
25
171
122
108
152
237
196
13
111
117
43
5
116
219
105
112
212
123
238
74
116
76
219
132
157
246
252
183
112
189
199
102
155
61
47
148
117
76
226
24
227
221
76
241
45
122
219
216
241
212
16
219
54
159
83
24
68
47
190
138
105
220
229
163
177
83
132
96
28
246
46
206
75
37
116
189
129
149
58
48
207
140
210
46
53
173
37
222
79
231
113
104
26
68
46
252
102
212
93
26
26
210
119
108
49
210
62
20
24
24
185
197
163
83
220
138
163
124
65
241
237
217
79
115
120
102
118
4
98
22
135
214
58
96
248
159
216
189
60
12
83
86
10
39
180
9
96
171
5
229
173
131
130
154
79
1
247
171
229
230
123
237
229
219
13
69
96
175
92
71
17
231
226
137
183
231
65
38
119
12
227
188
132
213
64
46
5
64
199
115
217
149
241
121
183
196
190
79
99
193
11
248
6
228
127
33
100
122
9
117
9
11
220
91
132
157
69
144
248
94
142
189
9
61
48
134
194
129
189
17
133
96
191
46
120
214
37
212
97
129
125
152
61
188
102
142
100
118
139
140
142
18
4
61
246
163
219
68
115
25
238
246
121
189
68
178
134
11
68
192
122
248
228
116
5
61
60
118
196
229
234
141
189
226
171
24
226
84
70
223
14
17
196
44
147
37
103
231
92
68
256
118
43
155
137
32
93
68
33
24
96
19
158
120
19
169
251
37
24
174
238
6
120
89
214
115
71
120
28
198
120
118
119
115
24
212
120
198
26
168
227
38
248
68
245
229
8
141
198
53
28
251
72
175
52
83
229
96
58
229
228
105
214
12
171
37
156
174
198
199
96
5
37
81
203
83
185
245
34
57
187
223
44
28
5
171
6
212
188
129
14
126
169
120
83
46
37
229
14
150
256
250
3
238
109
83
24
37
38
141
227
252
81
247
245
68
187
61
229
117
188
14
119
69
192
90
37
105
38
229
38
171
49
24
223
229
256
116
33
256
192
164
37
227
247
49
18
227
226
142
119
239
188
155
168
245
57
119
142
246
24
185
187
37
196
171
157
34
63
22
226
131
34
256
174
144
63
24
216
200
43
21
37
6
24
53
188
171
227
157
37
142
4
224
100
