239
177
239
22
222
183
222
222
95
95
205
64
95
95
222
54
121
205
24
205
24
54
95
182
136
19
54
222
184
56
151
182
37
184
18
205
128
128
149
60
250
184
87
153
182
204
205
238
182
132
15
174
96
54
128
206
205
96
106
190
143
54
238
73
220
253
145
89
128
76
150
76
204
181
190
178
150
170
184
228
190
177
55
128
41
144
238
132
228
136
95
56
145
14
13
15
15
144
253
171
235
177
72
85
215
76
168
24
215
21
136
96
143
215
65
89
136
31
86
205
164
147
238
182
144
24
116
105
21
10
21
21
181
230
177
22
25
170
190
73
128
220
197
88
198
236
40
105
65
215
147
62
71
127
204
88
12
36
236
231
192
61
97
40
15
11
111
106
165
177
14
21
252
193
153
105
86
121
184
127
28
132
93
252
150
179
87
73
196
175
181
3
174
86
174
57
86
202
112
151
15
14
157
37
144
157
235
222
149
144
73
221
108
87
164
40
225
116
13
235
164
157
146
192
164
176
236
64
40
170
189
164
26
189
14
130
181
157
64
237
149
74
93
174
104
29
153
203
29
40
116
65
26
222
189
21
85
194
235
61
232
62
101
72
10
122
63
91
122
242
16
110
237
76
228
107
215
56
56
219
197
215
181
154
75
178
21
215
227
234
63
73
61
154
93
146
181
1
139
85
65
159
85
22
236
193
122
145
211
27
182
69
21
65
38
182
87
181
190
22
176
249
38
182
75
82
102
172
248
65
109
181
75
236
89
82
144
109
132
247
122
222
44
172
148
204
251
149
101
26
232
157
129
141
14
15
73
25
79
214
75
34
190
9
124
189
247
56
56
16
157
32
215
181
138
197
125
122
180
82
50
119
199
22
94
69
154
25
107
38
209
57
110
238
19
87
169
228
154
183
146
172
146
22
86
15
34
192
91
181
21
182
94
9
168
47
159
29
150
112
154
244
243
69
213
197
99
147
210
86
219
11
63
56
106
75
138
97
102
82
181
219
154
129
174
38
76
69
74
22
256
38
157
36
192
52
157
39
199
221
126
255
10
97
82
69
247
26
30
217
91
85
136
61
154
111
52
43
90
160
32
240
49
181
178
69
157
69
188
130
24
121
25
244
222
15
61
204
157
174
154
171
97
145
3
75
94
200
74
207
221
82
85
237
197
147
61
3
174
106
45
163
179
134
172
172
69
38
151
178
9
190
91
229
227
244
163
192
251
157
61
189
56
94
69
240
99
76
184
90
72
45
255
177
256
82
19
215
219
10
45
203
199
231
63
10
94
235
13
220
149
61
42
27
163
254
133
223
243
238
72
115
52
149
186
199
221
221
25
115
85
147
83
116
22
255
192
182
82
38
121
192
3
35
245
231
196
74
216
149
153
188
32
161
215
239
73
228
243
72
82
64
78
89
230
47
182
21
32
149
196
23
82
82
249
119
203
34
159
64
213
17
35
89
116
229
48
66
94
3
3
33
252
147
204
176
194
248
10
155
90
84
84
252
169
227
201
73
33
221
49
154
174
31
84
103
197
192
133
10
33
181
231
227
155
105
255
206
217
88
106
94
217
64
219
82
115
199
17
197
78
85
51
211
160
3
243
13
45
249
256
82
33
148
122
145
174
132
199
170
215
100
215
189
155
12
26
197
69
155
82
88
79
18
238
179
17
31
202
170
189
183
112
184
13
219
250
9
115
161
148
203
186
74
38
149
219
42
11
109
130
218
84
244
82
45
203
118
26
27
243
190
231
232
15
154
205
63
194
130
218
88
141
174
129
87
94
134
99
213
225
140
198
135
180
138
244
99
116
106
39
106
150
34
211
85
93
219
64
186
237
118
256
227
111
72
115
154
199
94
219
226
67
31
27
134
32
96
32
118
91
138
82
27
221
155
197
218
227
11
217
129
170
110
23
153
238
158
227
109
232
215
85
153
186
245
77
216
197
13
24
67
104
223
169
117
26
87
104
190
205
87
243
237
87
150
59
144
61
22
21
149
72
211
102
163
110
42
158
108
148
109
208
81
97
203
96
216
99
92
240
203
85
33
206
26
99
106
39
105
8
192
171
141
232
17
85
149
227
140
26
216
184
154
184
170
123
166
221
182
76
82
82
35
254
91
187
171
31
137
63
242
232
206
221
73
255
12
99
44
184
199
99
164
199
66
94
94
61
89
11
221
16
189
104
252
255
111
115
197
251
211
196
216
148
170
155
32
129
219
85
64
227
95
137
114
199
86
182
172
82
198
221
24
61
31
216
194
180
61
252
76
50
199
186
99
204
206
203
248
196
1
95
225
138
138
33
147
145
51
91
190
69
215
81
32
72
103
64
22
202
133
199
135
199
134
50
149
240
26
44
116
192
174
25
91
116
10
26
232
238
2
238
252
92
154
176
61
42
34
196
17
175
10
144
8
221
181
153
88
153
155
136
34
194
203
22
196
157
34
38
198
74
171
218
159
159
91
251
60
159
179
109
188
92
89
237
81
159
212
133
171
153
164
121
70
48
83
243
250
252
37
135
219
253
232
244
136
57
2
240
74
210
256
31
179
148
149
32
89
104
96
45
134
12
110
163
38
11
252
25
8
239
210
148
160
221
216
64
4
148
255
205
136
123
174
31
226
104
213
120
101
189
111
184
10
138
183
103
137
178
31
32
177
5
86
189
87
227
121
238
223
1
13
159
197
55
54
14
149
59
27
210
238
197
197
245
233
49
245
176
126
42
100
67
151
132
178
31
61
96
81
197
226
191
83
240
186
255
188
169
103
226
149
96
159
243
25
189
102
160
219
79
88
61
238
174
146
237
215
122
18
81
147
57
110
156
256
82
240
137
205
123
32
27
105
64
43
128
236
238
246
173
214
150
150
49
249
116
57
236
255
13
108
49
202
114
221
81
170
167
182
248
153
120
22
39
161
122
161
34
100
84
219
43
200
69
196
124
161
64
102
249
82
61
82
67
194
82
114
65
235
190
230
133
65
161
196
82
35
100
26
221
148
229
199
199
204
74
221
76
244
216
221
41
44
6
174
202
78
49
78
157
91
217
245
98
146
223
111
122
31
91
236
160
153
147
135
170
35
186
83
102
206
91
71
169
134
138
199
244
85
219
238
88
169
91
45
174
84
194
34
129
207
62
155
103
196
32
38
176
80
114
206
105
176
147
9
249
238
91
216
88
112
134
140
64
159
170
76
18
185
210
221
169
132
222
199
254
236
238
37
39
200
237
89
192
176
150
85
10
108
35
198
180
189
219
64
221
69
49
221
240
240
242
9
43
212
48
254
221
82
64
197
76
37
221
169
212
255
105
127
57
36
163
102
230
212
136
140
109
24
255
67
193
82
52
92
189
133
14
177
226
193
82
215
221
176
237
169
31
127
115
81
172
218
253
213
206
111
99
149
36
102
135
216
105
219
212
181
64
196
44
219
10
49
191
35
110
248
88
124
124
220
73
11
212
210
86
147
26
255
192
178
21
191
25
178
207
19
89
202
159
196
123
79
191
204
83
31
116
43
172
106
85
67
72
49
49
92
226
207
43
87
147
189
102
179
12
49
38
13
94
52
133
19
35
49
24
49
179
204
12
7
33
240
201
10
83
221
109
91
197
129
172
204
176
185
252
94
82
138
191
57
91
72
228
96
238
47
221
21
43
104
104
236
252
131
159
35
99
147
81
86
105
83
253
199
85
135
245
218
137
232
134
245
89
256
163
179
202
133
34
82
33
137
64
212
219
99
86
133
216
12
76
124
44
106
114
192
25
63
53
72
24
115
133
193
91
120
72
120
219
134
182
99
57
72
33
56
31
42
113
186
217
137
69
85
133
69
202
16
125
217
213
133
96
213
179
120
133
133
61
136
99
255
133
133
157
133
