29
138
135
29
84
29
84
135
67
84
162
31
146
22
208
129
32
236
208
162
17
129
29
208
36
153
143
244
208
153
86
17
176
243
146
147
243
180
108
235
22
244
143
196
95
129
129
136
252
136
208
180
182
13
36
95
144
129
203
83
98
18
210
146
186
84
8
8
84
84
83
66
136
69
203
88
59
42
212
145
95
172
83
172
166
28
1
14
70
229
211
143
126
160
84
33
160
3
172
42
151
84
98
17
211
94
122
29
55
229
172
147
128
162
199
11
40
130
135
151
17
156
151
254
174
59
66
226
164
73
17
150
164
87
107
162
245
64
154
250
61
212
84
100
129
84
17
84
229
61
42
183
50
17
16
247
61
16
151
91
151
119
244
17
144
98
6
60
200
154
71
6
50
42
153
174
187
143
245
217
18
40
210
250
18
156
226
38
256
187
114
136
211
78
244
75
154
31
98
144
84
162
88
107
118
88
114
25
151
38
149
91
33
254
33
203
18
58
132
58
102
32
78
137
155
215
61
145
242
5
211
251
92
107
17
205
73
9
95
25
64
66
176
33
128
221
156
42
78
128
60
204
199
61
128
33
151
123
114
135
151
251
33
242
153
33
211
230
21
114
28
38
61
33
174
112
77
127
136
212
176
91
254
135
200
94
25
71
28
240
222
123
42
25
188
34
128
138
256
115
99
243
16
202
118
224
42
66
181
117
123
181
135
123
184
160
90
44
256
84
50
9
100
226
25
51
105
222
51
2
157
172
84
153
187
92
38
207
185
67
161
194
178
165
207
239
190
256
249
105
209
212
60
134
230
111
91
67
66
216
77
107
212
135
81
190
35
114
231
128
98
181
114
94
87
26
180
4
190
106
114
134
194
120
60
123
28
221
243
217
64
26
211
138
110
176
114
171
136
77
181
99
82
127
206
109
212
144
77
78
112
105
197
138
197
28
135
249
214
110
175
169
78
204
126
166
120
23
174
254
33
23
155
185
99
161
42
126
255
122
179
220
118
112
212
225
239
153
197
137
155
128
216
221
199
224
199
241
153
153
210
191
78
109
64
181
66
1
15
218
154
138
79
187
53
163
96
32
120
1
20
217
197
188
249
251
199
117
218
99
107
102
123
241
74
55
108
253
246
99
80
235
254
75
23
105
155
88
33
215
161
18
210
99
14
78
132
109
226
120
61
18
144
227
210
99
31
151
130
49
78
153
4
218
122
197
109
9
155
56
207
114
127
239
206
76
207
90
114
78
182
96
141
34
109
170
254
123
6
201
170
217
109
114
240
199
230
6
109
210
31
132
122
127
76
90
85
120
251
225
60
60
14
130
197
249
132
132
109
83
232
18
108
132
96
230
132
249
153
6
127
225
153
222
227
239
153
216
136
240
178
208
127
123
197
54
197
88
118
204
114
90
6
130
105
40
78
137
215
160
52
208
172
131
6
33
221
222
52
22
129
136
94
189
141
6
3
91
94
69
251
215
237
85
52
85
160
135
221
85
251
85
109
244
30
239
141
88
20
75
109
1
125
94
156
230
159
199
161
202
132
225
45
239
218
85
251
89
107
122
194
53
1
141
94
172
184
53
169
42
208
20
125
104
40
231
99
141
141
85
51
199
20
108
83
132
21
163
102
93
118
216
199
156
201
117
61
83
161
121
120
65
228
109
185
36
61
181
51
104
9
135
221
7
121
40
185
197
104
104
188
245
89
139
218
239
165
242
132
196
20
201
247
85
64
207
74
139
196
222
8
216
79
96
39
170
17
4
163
117
137
163
67
4
249
21
208
244
216
207
240
224
152
121
59
244
92
217
115
197
7
213
29
165
182
252
241
92
53
188
36
99
188
216
247
165
19
120
147
223
196
120
99
120
63
255
185
216
227
125
218
35
20
197
149
58
232
188
197
246
1
19
49
188
207
185
94
4
1
48
78
20
4
121
247
255
120
224
20
141
245
255
203
161
127
188
78
230
203
256
255
33
227
69
120
179
