90
235
11
59
90
175
88
235
171
59
32
104
228
186
130
235
191
135
116
67
101
55
184
150
67
105
186
214
180
67
191
242
135
11
116
11
135
16
115
105
65
175
91
219
11
91
88
70
101
78
208
192
11
195
101
11
95
67
116
66
58
166
121
137
199
60
75
91
32
42
192
8
136
136
87
28
169
53
91
171
32
87
75
138
87
256
106
65
11
76
71
83
21
137
21
93
170
29
200
86
29
77
51
199
250
77
228
42
65
76
15
51
96
174
54
27
249
178
18
187
128
11
101
243
164
174
128
241
95
97
132
67
11
51
87
151
174
254
200
99
221
114
54
150
170
89
116
153
228
105
121
69
136
104
13
65
131
219
200
250
184
135
105
142
254
31
61
75
108
220
54
160
103
141
129
30
194
181
196
54
15
9
254
116
29
252
61
11
75
96
11
243
178
75
86
34
184
67
27
109
76
86
21
33
196
57
192
122
11
29
222
27
212
146
55
3
154
96
75
99
166
169
76
96
183
243
236
83
96
128
116
110
123
144
129
112
253
136
109
33
87
134
33
218
254
116
84
219
54
36
29
256
106
79
67
244
166
64
105
50
181
146
208
100
69
64
97
184
112
32
2
208
105
87
115
200
129
16
207
248
136
154
220
231
91
108
86
69
174
106
91
194
143
211
175
165
69
65
74
126
92
16
26
199
33
22
9
196
79
74
116
74
8
154
79
122
250
98
203
254
230
127
238
62
147
47
31
11
127
87
29
49
81
91
194
75
154
201
98
151
21
100
170
184
207
227
98
29
220
156
129
11
250
160
96
69
238
64
199
110
26
91
87
43
199
100
17
194
182
104
98
196
154
180
181
119
94
187
164
29
184
184
55
222
113
9
184
86
130
70
221
62
176
10
186
84
249
98
129
61
210
20
24
34
91
156
24
196
127
177
83
101
164
55
55
249
129
129
91
154
90
250
154
102
129
64
177
146
2
10
101
180
11
76
83
87
84
228
235
26
96
234
61
249
103
222
61
113
66
170
211
131
11
160
149
238
141
64
112
183
110
63
207
243
193
228
5
21
130
83
251
90
212
218
141
93
61
138
238
192
69
242
138
31
235
225
98
189
147
5
64
189
1
86
203
18
133
13
85
92
96
192
172
192
118
177
3
94
236
126
219
3
61
96
62
105
61
41
76
34
94
9
56
117
74
138
221
172
149
192
98
51
166
219
170
79
60
199
177
63
177
160
110
133
213
236
118
116
31
248
121
230
13
82
152
21
18
220
55
61
111
9
129
82
53
51
24
149
83
96
228
250
112
252
135
36
178
112
5
174
10
162
51
85
15
175
14
123
51
73
120
221
204
250
190
63
83
238
190
98
83
238
89
36
162
98
219
63
69
105
154
207
150
147
96
154
199
129
123
203
219
85
57
134
51
105
222
209
12
121
64
251
162
162
54
198
112
84
174
235
3
8
137
111
132
94
162
170
46
12
253
235
174
47
39
149
215
46
153
62
64
190
162
26
149
32
92
102
26
14
189
219
118
147
184
228
197
72
14
242
46
240
10
111
56
83
141
216
126
138
253
61
35
46
145
243
210
35
86
175
165
50
256
10
120
174
111
26
178
208
235
238
96
63
85
174
96
9
179
10
105
178
76
73
64
147
219
111
235
178
10
152
3
76
67
189
199
34
86
193
174
106
35
130
106
201
10
238
156
114
50
238
96
35
136
141
182
85
236
225
208
94
239
238
14
10
253
10
64
219
194
221
238
213
129
21
190
220
250
9
120
240
3
30
110
117
3
15
85
172
190
126
196
161
76
33
57
54
37
108
245
74
105
178
30
222
24
215
13
196
193
199
219
3
3
79
70
114
92
17
72
178
4
178
34
86
13
220
149
79
15
220
237
182
17
184
151
18
118
111
238
252
105
82
39
73
44
201
17
195
125
85
30
187
49
154
196
204
102
129
245
220
238
10
111
32
63
199
85
88
77
36
178
189
190
145
87
111
61
76
83
64
120
94
196
246
26
12
226
83
246
85
83
199
32
1
10
207
44
18
34
216
145
134
69
192
127
85
9
69
158
159
37
95
14
72
210
166
34
89
226
123
16
32
61
202
129
214
129
26
199
24
10
90
139
145
251
206
37
199
50
140
216
47
10
235
174
206
217
230
255
90
64
153
196
67
85
73
215
82
27
201
111
149
82
117
138
120
136
174
256
115
147
238
61
206
249
199
147
149
199
69
85
175
102
146
108
219
187
199
153
152
219
202
214
140
35
17
87
192
139
160
12
192
236
86
31
13
4
242
83
238
242
192
192
223
126
64
170
174
169
26
137
141
255
203
53
86
147
153
94
42
43
244
109
190
61
235
61
2
121
79
51
36
128
3
174
22
106
85
134
76
48
238
134
83
93
61
158
193
120
46
125
61
251
10
26
86
193
45
126
110
215
215
105
171
92
147
68
22
189
61
202
83
10
199
34
45
94
162
199
172
155
147
242
252
219
61
58
210
174
192
94
249
71
202
57
89
149
220
42
236
199
85
76
215
11
147
10
178
149
26
64
253
10
201
43
235
184
127
247
163
215
238
125
237
94
162
235
53
33
72
82
196
212
56
193
106
53
85
82
92
10
26
86
227
94
238
216
226
139
226
27
34
90
215
148
215
82
85
199
203
245
76
24
156
34
42
83
35
140
20
61
114
246
63
105
94
215
228
215
251
237
93
86
123
223
153
36
72
53
56
192
169
64
242
256
14
93
191
17
62
85
81
184
238
255
106
237
24
216
19
238
38
5
205
83
110
215
215
151
63
240
85
144
61
204
162
134
16
237
38
153
120
73
113
30
11
82
85
61
67
12
45
119
183
83
140
215
67
154
198
207
215
67
82
178
175
122
253
191
201
193
161
215
215
102
236
215
82
255
139
31
82
68
88
85
149
82
157
215
237
27
174
255
86
55
238
53
85
195
83
215
67
77
4
64
53
91
16
85
216
119
95
130
178
86
169
183
12
220
85
93
85
202
116
215
144
67
82
19
175
2
195
156
148
215
199
193
105
116
85
116
65
93
228
236
199
178
243
192
94
126
94
83
97
26
45
215
85
147
61
175
17
184
228
226
48
43
64
19
138
3
151
86
86
140
2
146
194
61
148
120
193
115
191
127
87
61
110
170
20
163
229
88
119
70
85
255
215
5
69
170
76
76
172
149
152
192
163
108
48
127
21
111
178
142
126
142
219
226
256
147
58
26
102
149
192
85
163
56
250
226
133
25
242
214
207
61
45
12
250
32
230
85
4
61
18
215
237
235
211
131
74
189
178
229
94
106
130
61
11
159
221
199
200
254
217
87
157
189
219
46
90
5
82
63
191
46
215
215
256
74
125
252
230
79
10
86
133
50
170
202
6
144
147
83
65
227
211
243
170
25
85
77
219
107
38
171
10
40
244
193
219
35
69
192
96
46
24
198
184
83
129
111
202
147
89
247
196
137
43
215
222
243
200
215
152
195
164
41
85
108
33
218
12
238
192
166
85
17
170
220
170
44
85
72
192
207
113
119
233
175
253
72
63
77
245
14
137
126
103
242
159
154
175
160
20
83
159
85
1
234
103
107
154
198
133
86
169
238
128
215
121
38
156
242
47
160
34
25
232
129
53
88
5
184
207
46
192
242
215
174
21
229
132
236
16
119
69
87
227
74
71
170
254
148
238
212
172
178
56
82
169
196
104
223
156
167
190
35
24
169
126
238
85
235
89
41
88
5
82
196
20
83
24
154
64
75
181
85
183
64
237
126
42
234
82
120
215
20
24
215
185
243
141
115
241
82
140
90
190
156
41
34
107
102
141
228
56
46
244
107
85
250
203
85
36
226
240
252
55
72
152
14
248
75
65
93
53
85
92
200
220
96
82
227
109
242
13
235
219
195
9
226
89
72
172
90
160
211
191
92
251
207
40
76
85
72
6
254
223
180
68
26
85
49
147
163
61
223
206
214
195
174
137
53
72
174
81
71
9
135
254
35
64
207
237
64
35
113
43
114
212
225
182
83
215
85
47
83
5
36
88
113
65
85
215
93
238
247
190
6
133
186
169
156
61
15
83
192
157
31
9
38
67
239
122
215
200
82
223
247
200
201
247
57
142
250
174
88
234
105
235
68
184
85
196
126
201
207
45
72
182
65
132
41
195
202
82
198
240
133
62
229
66
113
175
82
154
25
95
82
113
170
74
61
200
122
201
5
244
210
115
116
53
22
82
34
207
31
221
46
242
200
242
227
237
163
133
212
254
119
33
156
223
113
94
201
82
82
226
226
140
164
116
75
135
119
144
191
96
144
216
45
89
192
228
108
108
85
143
98
119
166
201
212
37
96
96
163
235
4
247
5
113
188
45
191
89
86
200
247
149
253
19
67
46
31
113
244
142
88
65
133
254
63
159
2
254
238
169
111
133
152
111
175
215
82
89
111
14
242
58
21
255
247
72
160
108
24
85
181
89
5
244
47
32
26
174
96
198
229
160
28
36
191
61
201
82
119
221
249
92
8
94
240
67
5
8
250
200
45
55
144
119
89
254
224
25
169
229
201
212
119
89
200
175
137
82
237
174
163
11
41
96
247
81
51
198
160
84
182
170
182
144
191
254
201
190
92
69
182
119
171
45
242
25
238
152
152
11
83
64
238
141
34
72
34
93
226
188
82
6
38
81
125
132
48
110
241
6
161
133
159
91
119
160
182
6
37
37
149
47
152
238
36
254
5
160
236
201
163
5
201
133
118
72
81
34
147
115
61
87
94
41
118
48
35
238
205
119
78
109
254
119
6
56
186
181
191
119
96
35
191
72
36
237
83
94
201
83
18
184
76
119
200
53
34
94
72
83
194
37
34
5
82
242
136
219
156
108
51
253
188
200
116
160
24
50
88
66
229
160
191
234
133
125
83
96
125
144
200
86
69
61
47
253
86
145
88
133
180
156
247
37
154
36
82
110
175
219
91
45
181
125
201
72
234
232
180
34
120
67
110
28
19
160
96
182
8
40
64
22
256
35
20
133
203
68
61
41
194
6
133
191
118
28
125
160
244
9
102
234
89
128
111
9
87
88
108
36
182
249
98
212
53
61
252
47
110
119
47
4
98
31
98
200
118
53
238
40
40
160
207
103
24
6
89
76
121
185
34
47
157
124
211
203
237
199
238
141
41
98
18
8
82
50
232
157
88
174
96
98
186
242
252
254
50
91
96
207
242
116
207
107
231
8
107
248
24
151
8
48
120
46
172
96
34
72
72
47
256
231
246
24
24
140
133
40
82
191
254
212
69
160
65
27
9
229
82
22
199
215
133
200
67
61
191
172
183
91
78
223
178
65
119
147
47
88
98
119
185
225
94
68
47
119
172
26
119
94
82
83
232
94
107
156
198
41
88
58
186
61
219
147
144
21
221
47
46
18
188
254
238
244
65
151
82
89
119
91
43
61
126
119
61
221
64
147
83
38
147
223
69
47
244
82
234
83
82
8
126
254
47
88
47
144
9
244
146
21
49
133
239
69
91
221
239
46
91
18
200
252
78
120
186
22
36
238
122
252
88
129
61
146
133
231
256
24
252
142
61
92
172
46
43
4
181
36
199
41
152
146
213
58
186
