166
186
205
194
162
40
31
205
203
240
121
88
176
87
162
77
79
180
185
95
244
75
253
66
67
194
47
95
180
115
137
252
79
36
59
75
67
29
205
41
24
108
87
135
87
196
33
240
170
244
237
115
35
66
77
128
107
244
107
146
95
185
89
253
21
214
158
211
170
69
75
233
211
19
191
146
211
71
121
242
169
187
162
87
21
31
121
71
164
155
97
69
40
180
249
166
33
36
146
29
11
130
59
177
253
153
162
21
237
58
150
21
195
121
31
211
21
190
162
95
28
58
155
211
31
29
85
95
87
108
33
87
215
87
244
108
184
87
14
71
16
196
30
128
35
79
146
220
11
26
196
121
191
89
58
130
104
21
21
35
138
152
21
157
238
59
134
98
90
11
71
96
215
65
41
98
236
146
242
253
42
58
103
196
107
137
249
220
230
130
139
98
135
170
240
221
231
25
12
89
190
90
250
166
184
217
217
138
107
35
238
113
3
87
2
137
29
253
231
244
204
30
64
130
112
121
185
169
33
107
59
203
217
35
252
3
252
185
251
201
196
35
21
169
10
162
7
190
113
96
105
15
166
244
162
231
166
130
22
51
156
90
25
104
171
138
130
163
119
240
163
113
54
43
102
151
98
17
98
234
256
71
96
191
95
93
89
156
98
58
237
1
244
70
87
112
98
79
103
11
152
152
64
102
34
237
10
25
220
231
215
1
107
70
176
230
39
186
253
101
70
34
169
124
196
67
35
169
240
203
156
88
239
25
117
177
21
251
55
164
24
130
79
171
152
130
147
10
2
97
151
205
22
86
196
105
190
230
138
241
237
195
71
35
244
130
98
170
116
225
194
117
38
132
64
130
113
130
183
239
103
64
62
229
64
170
30
73
62
139
163
149
89
1
2
231
67
103
220
193
169
90
241
163
243
186
191
84
166
200
200
138
67
29
149
256
98
187
112
240
229
215
145
2
203
107
186
75
212
192
252
248
192
102
237
195
196
63
142
81
1
134
196
253
180
137
139
229
172
176
15
86
121
137
113
183
73
254
15
40
130
92
192
113
169
5
216
116
50
125
240
63
210
86
26
102
90
26
130
73
40
19
106
113
161
110
71
210
187
190
152
90
43
229
135
92
169
105
219
152
18
71
239
146
142
200
180
203
200
233
70
31
90
182
185
200
212
139
18
73
184
256
107
109
64
42
35
194
238
207
230
149
236
192
217
179
139
2
83
36
233
152
171
59
93
61
29
20
205
151
44
64
170
191
151
88
238
194
146
176
164
139
240
5
170
150
206
244
88
58
151
111
219
250
256
70
67
249
228
33
65
126
40
68
149
113
64
5
115
156
14
230
142
117
164
91
3
176
221
117
10
5
163
185
60
91
71
38
252
186
23
89
142
38
97
71
113
187
30
239
164
61
59
119
6
158
50
72
185
84
46
32
118
42
41
227
254
130
73
256
201
51
130
176
67
22
193
192
163
11
11
10
30
151
170
230
78
3
59
104
186
58
170
8
144
209
126
67
10
177
240
83
168
170
61
152
154
113
188
230
84
72
108
89
169
207
11
191
100
239
34
230
110
185
228
6
204
25
252
6
219
13
158
106
67
62
37
234
210
113
61
47
233
121
163
39
242
238
194
71
55
89
39
256
228
64
237
225
249
104
152
192
170
108
149
1
245
233
104
43
220
256
60
130
5
113
236
42
29
55
107
190
140
186
70
227
162
27
130
236
47
112
35
170
65
11
135
144
113
121
146
116
30
50
237
60
230
89
42
234
127
236
146
140
87
104
230
104
1
60
169
83
170
196
42
10
65
40
191
58
64
164
101
27
184
64
1
38
127
70
28
246
171
107
221
40
60
163
177
186
220
13
30
114
36
101
153
15
116
180
230
233
62
139
223
1
244
222
189
135
190
1
14
93
255
187
182
240
219
35
252
167
73
152
203
211
128
16
143
187
252
244
210
19
256
130
64
178
252
221
244
64
221
81
238
237
168
95
191
185
202
192
7
116
201
135
100
10
249
139
184
27
194
19
63
104
256
35
212
138
242
136
142
137
72
68
18
246
178
156
185
224
142
61
190
210
78
144
20
33
70
230
169
242
230
235
96
163
223
207
67
236
70
35
169
203
245
230
134
232
239
164
118
64
204
219
209
196
6
14
62
219
154
199
81
239
34
254
221
5
227
46
4
199
252
170
60
108
191
213
43
142
124
195
55
16
239
212
253
167
11
223
200
62
177
84
187
251
36
190
249
217
240
163
93
256
192
230
233
113
70
248
207
35
110
16
35
117
238
233
238
238
169
200
236
32
192
61
156
236
219
41
250
107
147
13
160
29
237
35
64
239
201
61
116
192
228
170
192
100
186
241
144
203
220
252
69
78
116
170
8
25
167
18
90
238
78
81
233
108
207
207
225
164
246
106
18
256
64
256
69
170
219
240
146
95
133
117
255
169
204
60
69
134
12
112
83
239
170
31
233
25
229
203
239
183
60
12
225
118
256
139
99
153
240
223
205
14
30
173
16
40
73
158
131
43
52
170
238
18
106
151
20
169
113
197
189
224
195
20
69
223
204
191
137
172
47
71
33
238
121
196
233
243
235
65
64
106
147
129
1
246
67
228
60
137
178
186
139
140
29
225
217
181
240
33
89
231
14
173
225
27
46
140
146
238
151
200
185
242
62
65
212
98
67
150
120
13
254
30
113
122
138
58
68
203
199
253
25
161
35
181
36
10
33
11
238
149
115
11
73
3
209
193
33
64
119
210
185
201
240
201
142
146
108
220
52
241
8
35
191
196
134
70
21
224
14
221
35
69
38
60
228
211
99
85
8
256
196
74
169
29
175
167
190
15
79
168
11
33
203
13
152
100
77
93
157
194
71
241
240
240
234
219
20
137
228
4
12
221
16
75
159
49
6
35
154
65
97
50
142
227
65
8
195
90
240
135
248
135
4
254
91
10
179
230
61
207
61
207
147
231
256
35
86
236
167
114
142
33
71
100
34
1
142
214
30
112
167
144
33
251
76
248
125
229
241
85
50
197
33
197
224
86
42
158
252
249
133
152
38
13
254
224
148
31
50
77
118
207
156
249
13
166
52
15
19
50
96
195
236
137
178
238
163
151
252
197
109
139
116
240
33
35
248
137
64
21
207
101
196
246
56
15
195
205
33
85
27
153
237
34
151
23
119
39
70
11
254
169
210
187
128
240
149
246
237
28
100
100
202
39
145
27
208
221
196
152
248
27
36
27
210
33
176
170
113
241
253
246
34
158
91
241
234
110
59
173
192
15
39
34
248
137
119
44
73
27
36
228
195
70
1
125
61
185
140
10
238
155
27
204
17
228
137
93
200
164
253
211
35
139
169
252
142
31
116
137
221
143
201
110
121
242
17
152
158
213
254
102
116
66
174
121
25
85
240
185
224
186
31
83
77
103
158
201
118
72
15
125
77
85
158
185
105
204
242
122
149
30
49
85
201
185
202
110
91
110
123
214
256
163
155
131
215
179
153
124
219
139
68
33
169
188
33
38
82
33
64
219
249
229
77
210
35
241
169
20
35
249
85
238
234
57
72
8
100
207
116
220
152
69
34
52
200
163
153
120
254
221
179
256
176
171
49
256
13
182
34
178
18
195
125
193
159
35
34
25
173
100
205
20
113
70
137
42
13
169
45
178
20
195
85
78
73
77
156
207
14
145
117
116
33
20
141
64
173
72
92
116
137
35
190
156
152
39
117
215
35
38
103
108
203
117
100
89
92
204
214
234
131
254
201
36
33
217
15
14
250
23
145
60
11
25
159
131
22
197
39
35
31
158
226
33
117
42
199
110
137
14
167
23
189
256
248
137
88
33
246
6
88
42
5
89
114
137
140
212
160
158
49
50
234
2
17
118
88
198
228
77
34
92
178
35
119
59
135
135
119
175
117
208
245
88
180
34
188
33
64
110
212
34
242
42
101
110
110
38
61
254
163
213
170
13
35
48
100
63
10
100
85
252
215
137
60
228
2
33
192
125
14
240
88
25
33
140
99
125
144
237
202
20
77
85
20
163
85
23
200
135
210
195
140
212
49
14
237
32
201
76
70
77
77
77
155
25
191
39
9
100
142
149
139
33
28
166
20
21
117
31
100
1
34
82
239
188
72
99
25
23
158
137
248
142
77
242
25
241
60
82
125
20
1
39
1
234
192
221
146
169
92
14
60
198
100
173
125
100
195
125
77
142
117
228
189
100
158
100
103
33
11
111
212
193
39
133
137
152
153
125
41
137
125
64
77
60
77
110
90
256
132
19
142
33
14
10
33
20
224
158
190
241
117
20
137
187
226
105
33
60
39
33
33
148
70
137
14
233
117
137
66
125
185
152
16
125
234
116
117
89
197
35
239
221
92
23
33
187
142
137
137
119
119
192
103
100
158
23
49
227
45
119
125
72
240
14
35
20
171
125
77
137
35
117
25
23
33
117
212
35
137
81
234
14
49
239
217
223
60
33
146
39
200
93
231
7
14
224
20
224
152
117
59
137
33
110
117
100
124
233
187
39
117
15
49
46
117
35
43
247
137
38
114
33
17
142
163
148
196
49
33
218
117
207
99
53
213
200
217
20
33
101
10
100
60
152
50
128
149
196
13
141
1
72
119
187
116
100
137
242
119
153
97
35
104
228
63
171
77
219
99
196
171
119
39
186
70
50
70
183
117
99
125
14
88
142
196
117
256
234
152
82
100
18
31
39
70
203
137
163
77
20
35
49
39
142
137
99
22
256
77
77
70
92
14
226
44
88
234
88
100
33
33
152
207
163
171
83
44
166
161
137
4
228
76
171
192
33
33
228
197
142
14
232
117
80
23
32
56
107
187
15
173
152
135
232
101
228
60
20
131
234
35
154
137
173
15
184
228
70
70
103
147
217
163
135
119
135
17
99
119
63
234
35
117
119
125
245
137
137
247
70
39
192
119
113
44
125
120
39
117
125
109
120
60
39
196
59
23
43
70
131
100
60
119
4
125
68
131
119
39
125
117
117
244
207
120
188
125
