175
111
175
21
166
126
119
237
28
175
96
3
237
7
231
84
164
8
191
126
190
55
203
21
20
170
57
88
101
11
192
84
177
240
146
7
144
203
211
237
65
35
245
228
230
29
194
169
169
55
225
186
57
108
7
16
8
170
87
144
98
223
139
55
21
55
89
75
35
13
92
89
225
181
256
84
125
146
17
24
121
24
146
203
66
28
225
125
170
92
238
256
18
236
92
66
230
112
238
131
244
201
225
7
111
146
121
180
152
131
230
89
127
84
18
35
225
131
201
61
2
108
89
201
191
88
50
177
190
191
35
55
50
88
67
212
41
92
164
203
14
238
36
152
251
194
106
140
236
225
89
22
251
34
129
111
146
92
147
239
123
144
47
125
225
252
27
144
13
33
201
74
55
190
231
36
111
126
100
237
195
6
145
231
24
154
31
16
90
143
106
225
111
96
88
64
199
7
149
129
134
231
203
50
111
176
24
79
30
96
180
252
1
231
134
146
116
125
107
131
245
58
66
195
157
55
118
108
251
15
151
118
219
67
95
166
234
180
6
60
14
246
96
124
252
111
92
126
191
113
31
22
225
174
135
194
234
123
253
169
50
127
42
88
138
235
169
3
107
67
92
177
131
21
69
35
92
126
245
76
89
145
175
26
169
206
67
246
16
103
134
65
221
134
242
91
156
110
191
129
169
200
225
61
118
84
63
245
116
236
238
182
169
119
225
64
126
239
176
109
91
15
18
76
154
46
76
118
167
26
88
142
103
127
190
240
187
169
234
127
76
180
244
97
63
31
111
123
18
36
36
31
236
119
129
24
64
61
169
15
1
256
183
201
35
123
199
253
110
58
14
167
228
191
103
65
195
120
47
61
96
119
61
144
14
223
181
50
253
76
240
91
253
245
26
61
47
182
16
146
5
237
230
78
22
220
88
18
217
50
132
195
152
152
169
248
250
33
119
185
190
61
184
8
132
109
110
156
102
163
67
157
223
35
35
15
89
34
98
175
142
174
200
102
30
14
91
108
182
182
61
237
6
123
65
201
228
90
152
238
190
92
78
121
115
183
58
130
14
90
116
35
225
156
119
69
142
14
187
252
25
219
121
217
50
67
143
24
22
76
112
47
5
160
79
79
29
50
109
138
83
8
47
134
219
230
11
70
121
216
118
228
144
109
183
91
185
229
105
251
79
205
126
5
109
103
239
84
239
130
138
138
135
172
183
93
250
152
122
251
113
128
123
152
122
8
33
225
5
41
175
55
229
200
182
109
21
6
5
125
118
119
109
237
3
236
220
252
236
230
111
29
229
140
238
169
35
156
122
75
253
256
109
249
125
253
22
109
152
40
206
229
1
170
21
156
156
251
132
118
86
14
61
125
173
234
63
86
130
244
125
234
256
34
185
75
58
181
22
216
138
179
174
178
187
135
130
78
194
176
140
108
75
11
35
69
5
103
183
225
35
236
94
109
249
126
40
236
150
229
219
125
240
248
102
231
131
103
5
234
182
47
119
246
149
185
90
162
228
219
246
242
201
116
223
154
158
160
34
117
113
73
192
92
8
20
94
141
160
183
236
20
75
138
219
175
199
198
245
1
119
221
96
130
211
183
61
147
245
236
31
49
183
115
27
185
47
180
30
238
61
191
223
109
109
3
156
191
69
6
20
125
224
79
128
31
176
20
47
47
27
64
104
117
119
194
132
216
14
113
187
47
64
89
245
91
119
234
109
250
154
253
115
61
228
108
126
16
172
199
228
6
234
109
47
176
69
129
40
47
136
109
240
98
212
9
78
229
35
195
24
206
32
248
201
43
96
88
222
109
156
14
39
212
247
98
185
100
179
141
40
199
144
190
223
76
88
110
229
253
110
229
125
83
47
225
216
225
21
21
88
235
157
76
112
47
31
76
34
255
106
103
104
187
190
6
89
248
64
24
79
78
90
147
156
181
43
145
248
32
83
21
136
49
6
113
160
227
125
73
144
21
212
47
251
29
36
2
223
209
196
118
138
61
246
224
142
245
224
40
9
73
88
245
234
246
216
122
152
238
135
35
47
8
240
66
170
100
46
201
169
115
122
61
199
61
240
61
187
217
143
71
156
119
20
188
78
255
61
147
196
109
100
130
233
34
185
250
73
228
113
221
212
182
229
182
88
6
41
78
160
141
75
223
88
6
35
201
24
108
102
77
135
88
15
246
170
114
109
83
151
212
78
147
223
172
151
37
255
250
34
78
247
226
174
245
91
188
125
223
47
109
173
138
247
21
30
154
13
156
107
135
248
21
121
191
173
46
222
31
86
176
142
199
217
43
109
227
172
244
247
10
90
221
88
186
61
109
180
17
8
87
20
131
203
83
47
33
81
247
235
114
125
254
5
123
223
236
198
41
152
22
217
125
20
173
30
27
169
83
67
14
214
190
144
205
180
21
115
227
91
59
244
145
5
130
49
209
241
78
109
171
244
165
245
69
244
228
228
156
131
230
89
244
205
183
111
77
239
254
245
47
30
91
31
241
95
190
247
67
109
179
1
88
217
61
28
69
20
135
170
245
154
3
108
29
127
246
6
103
34
237
203
111
61
223
5
217
228
66
191
128
73
5
24
122
246
226
6
246
38
96
6
200
57
121
241
211
241
211
251
61
22
78
185
59
146
216
70
119
200
14
167
135
250
89
244
135
183
245
38
187
61
228
14
119
8
68
41
242
217
256
190
222
17
246
1
162
30
6
89
61
224
30
88
138
234
141
89
2
87
244
134
236
51
43
135
110
121
94
240
171
173
169
245
21
179
246
212
37
231
118
35
21
57
20
199
176
236
41
40
152
20
26
30
238
199
2
109
154
223
27
250
190
69
113
109
64
34
162
242
46
64
18
169
219
93
68
38
187
66
171
256
160
90
177
22
61
217
87
5
61
245
255
226
21
196
87
180
251
34
156
118
61
212
98
201
102
241
115
108
190
208
256
185
130
118
118
231
10
125
252
64
156
249
38
184
19
212
246
122
40
64
190
118
172
96
224
144
118
47
92
47
184
179
122
83
199
224
145
242
200
8
164
96
190
188
209
130
171
224
14
107
184
3
28
217
217
252
73
34
64
15
14
189
113
214
123
5
53
247
81
200
201
171
6
119
84
92
185
61
226
139
221
112
130
119
228
74
125
65
103
35
41
17
109
234
125
119
198
201
118
156
11
30
28
5
199
164
252
242
16
105
246
83
173
107
29
131
123
47
6
18
40
249
142
221
253
174
61
216
229
113
109
119
65
187
253
101
224
235
118
10
71
14
118
94
199
190
30
8
241
209
158
111
109
19
141
246
245
83
79
115
68
61
61
156
107
178
2
83
241
181
247
83
226
179
147
173
13
230
1
201
212
14
173
111
18
221
78
11
2
34
28
83
242
79
170
41
194
5
187
135
89
69
229
102
227
4
187
83
77
248
173
40
142
60
235
118
103
223
231
200
126
61
95
69
60
113
91
10
203
249
119
1
119
61
119
240
40
203
22
60
60
146
18
38
5
20
158
130
63
61
18
119
242
35
185
224
206
21
205
92
185
14
64
128
185
234
132
92
61
103
245
199
212
133
156
173
64
150
225
31
170
20
68
234
28
28
77
184
238
6
250
101
14
199
73
16
28
5
83
30
236
187
256
235
173
198
78
240
111
24
103
69
13
78
201
101
244
244
140
91
1
10
229
47
236
198
89
229
61
203
5
173
114
61
156
156
25
211
240
10
231
43
245
1
70
147
5
246
47
132
238
64
156
234
150
65
83
142
245
76
116
183
1
142
215
41
43
135
64
178
83
226
54
200
136
201
191
10
152
125
98
241
35
224
171
24
185
27
1
216
127
133
30
226
196
119
65
236
61
93
229
14
22
142
206
234
84
118
43
1
200
224
47
187
4
93
83
10
191
149
184
245
83
221
103
14
6
171
236
34
24
256
199
217
254
16
6
98
61
68
64
13
34
246
211
133
125
228
225
187
219
234
246
101
14
199
195
119
47
68
201
228
132
18
245
236
47
211
187
61
108
234
152
238
67
150
131
83
5
212
187
211
156
119
106
240
201
118
227
10
35
187
68
173
141
91
61
83
161
83
10
100
119
96
6
34
217
171
36
238
109
199
49
171
53
245
20
224
131
154
70
251
254
247
127
125
11
236
212
227
200
129
246
212
212
13
145
173
3
245
188
194
5
49
187
47
79
116
248
21
246
94
68
125
4
108
147
152
98
24
195
237
187
83
107
78
119
52
142
60
96
240
245
47
188
20
135
178
86
34
61
147
212
92
200
189
169
187
244
147
234
212
188
135
90
52
185
187
171
47
119
181
247
44
147
240
108
8
194
92
93
141
5
25
92
221
68
198
217
108
68
119
28
229
238
119
124
157
156
18
78
233
135
187
47
42
234
119
2
187
154
185
119
243
246
73
68
237
4
187
11
65
32
14
242
61
49
69
102
101
240
247
182
36
119
195
199
1
20
86
144
119
229
3
119
245
131
19
19
212
198
212
16
200
111
44
10
119
20
135
8
96
37
221
119
38
130
19
68
199
200
240
122
14
227
229
252
16
238
13
119
29
37
64
103
224
252
68
77
238
227
58
21
36
16
217
1
174
119
227
152
180
119
22
47
6
187
40
187
108
129
125
14
235
4
217
78
61
147
225
152
119
212
21
53
8
89
47
156
212
198
119
70
212
68
8
119
14
57
27
70
113
227
1
60
185
250
227
4
185
219
43
195
172
152
187
205
77
187
192
152
185
198
43
6
47
119
92
227
187
79
240
132
182
224
187
8
156
195
109
43
130
227
212
37
115
109
227
195
178
187
188
109
254
20
236
247
6
79
79
224
2
33
237
170
4
1
224
167
26
35
254
210
168
188
176
102
227
79
61
2
125
47
142
244
68
142
43
103
245
113
78
156
49
20
227
224
173
6
49
227
226
67
205
119
242
43
14
70
4
43
124
185
187
187
207
130
255
187
191
90
152
60
47
170
236
227
247
212
201
224
43
109
187
125
1
103
51
217
130
80
188
199
187
137
212
79
10
227
253
187
81
102
69
230
78
224
115
103
234
149
227
187
244
176
185
154
24
160
135
156
191
248
132
167
187
60
200
187
224
135
191
119
130
226
167
139
70
60
6
78
70
191
135
227
65
119
1
