228
228
84
138
111
138
164
138
138
84
228
228
205
228
55
164
164
138
228
242
235
164
184
164
184
228
26
52
162
78
73
95
95
95
84
164
186
249
95
140
29
26
58
162
249
84
159
26
228
162
139
84
29
249
84
62
52
29
29
162
110
84
73
110
73
189
38
42
94
155
69
94
162
162
42
155
94
86
216
105
110
95
155
52
147
190
235
109
162
84
168
115
105
177
69
115
215
15
95
139
26
62
150
210
15
150
148
86
202
146
86
99
210
210
25
148
42
15
255
15
150
15
99
220
25
168
15
26
204
210
84
134
86
105
208
9
213
72
79
79
174
95
84
25
78
154
236
255
67
181
154
175
36
175
25
154
51
226
183
79
79
17
78
177
90
209
192
181
17
177
66
255
79
79
213
71
210
79
210
183
177
226
183
26
210
79
79
163
79
79
210
63
91
193
60
79
94
134
45
16
79
237
117
109
255
26
79
226
158
44
193
34
118
26
118
226
226
9
54
9
9
9
118
210
252
54
210
193
48
226
120
66
247
16
29
171
193
117
247
89
63
247
113
13
