228
250
228
110
250
250
105
97
19
235
131
183
131
19
110
97
65
183
184
113
3
97
235
28
249
77
243
15
73
184
183
249
97
190
243
29
184
128
128
162
28
174
66
135
184
135
235
239
162
183
133
206
179
97
55
15
239
171
58
55
165
58
15
65
231
168
65
174
239
168
162
235
188
252
168
171
25
128
186
253
25
183
207
168
179
135
183
190
256
105
194
221
150
40
25
55
95
104
128
179
33
128
19
58
66
122
235
95
183
104
19
52
240
206
32
184
211
15
37
130
235
185
15
146
210
184
55
88
217
150
144
144
217
88
96
40
88
208
83
16
122
187
83
95
136
135
217
206
144
135
17
129
37
172
63
154
2
62
114
235
63
146
195
210
55
97
100
235
207
183
107
44
122
168
130
88
107
147
128
187
193
96
150
63
107
171
88
104
17
17
1
63
93
136
241
69
28
172
184
193
44
129
68
129
247
210
241
210
141
193
73
64
171
183
92
240
224
224
35
107
181
97
87
110
187
15
249
205
170
227
128
227
63
239
73
85
63
122
182
226
184
170
224
130
187
184
168
141
37
227
147
228
130
16
176
154
105
170
195
141
181
242
227
141
187
121
245
193
42
1
185
129
73
8
1
241
7
227
63
108
168
249
1
236
250
183
84
205
95
82
187
30
175
3
77
40
3
42
54
182
19
237
85
245
246
168
175
243
82
217
59
122
28
200
211
3
122
154
110
206
203
47
63
63
203
207
201
42
132
236
243
238
222
47
186
250
141
146
141
141
201
48
53
226
1
63
132
206
63
132
91
164
171
122
196
193
122
122
93
168
150
236
168
185
193
171
48
71
37
153
217
115
255
122
141
82
37
130
66
250
182
222
60
35
154
226
183
223
187
227
141
132
63
186
227
15
27
37
1
130
246
63
255
199
5
9
255
35
209
141
73
170
201
54
223
243
89
239
230
122
244
63
187
61
222
63
2
139
15
181
9
18
245
227
217
132
122
110
2
81
130
227
24
42
209
224
235
15
1
63
94
89
187
3
28
61
64
184
187
153
226
182
193
201
170
224
187
201
63
42
89
75
135
77
248
146
238
107
1
29
232
182
246
152
245
168
109
113
235
141
182
164
141
2
84
108
235
89
209
154
15
27
37
182
105
223
16
116
116
209
15
21
171
121
210
108
116
122
37
182
3
15
55
54
171
66
49
113
205
250
30
243
201
207
187
182
223
207
28
9
223
118
119
90
122
150
101
193
139
226
174
73
95
105
140
94
166
130
207
136
21
247
15
252
109
60
108
107
11
193
14
201
166
46
210
187
184
35
246
28
227
199
5
164
63
97
209
226
150
63
35
141
201
97
52
109
130
14
193
150
174
210
201
227
55
49
243
187
203
240
3
141
114
15
250
122
252
215
34
141
166
190
136
17
207
4
43
60
113
141
171
3
187
217
87
63
217
46
144
109
150
37
75
78
132
184
122
1
101
171
174
130
110
30
41
174
249
95
223
181
45
83
71
184
229
183
201
47
6
65
94
30
93
182
129
30
93
21
223
63
28
185
144
230
248
183
212
88
168
114
49
203
158
6
246
95
187
243
88
198
176
124
97
165
65
140
187
230
88
171
183
116
156
221
201
60
34
236
151
176
122
222
127
174
27
203
15
201
75
139
60
46
88
46
125
130
147
21
222
109
123
52
54
130
63
37
47
193
5
21
241
120
38
35
205
171
136
222
88
183
41
88
164
44
77
224
91
203
182
120
198
59
132
165
3
203
185
234
183
78
2
217
159
38
187
12
43
5
187
183
46
67
7
206
176
46
53
243
59
40
168
95
248
88
30
217
5
203
238
13
37
41
184
113
63
180
132
160
240
187
135
51
229
37
154
231
21
133
31
236
46
1
174
30
126
154
5
189
109
7
47
88
52
55
107
195
49
215
144
193
256
107
123
193
5
150
125
130
55
59
121
215
107
79
223
132
30
65
38
206
2
75
5
77
68
89
150
90
184
109
194
43
4
187
11
211
215
71
108
83
225
55
34
42
154
170
101
108
107
122
229
55
101
203
53
56
79
211
222
46
122
24
59
193
215
108
63
217
229
179
96
247
122
19
46
145
115
154
245
239
244
185
130
147
34
250
150
183
185
59
230
222
112
227
28
22
55
193
40
245
113
133
41
182
187
27
158
211
154
16
55
68
40
86
65
206
249
116
132
49
5
189
47
231
68
240
199
250
222
205
138
13
2
56
245
245
59
208
15
150
31
22
84
138
228
8
81
245
46
109
175
68
38
82
169
1
256
40
2
235
88
101
83
24
90
101
49
46
32
122
150
120
83
43
1
81
203
27
89
203
75
110
156
93
109
122
211
243
144
84
87
107
207
22
205
167
28
201
108
179
50
187
167
6
227
217
124
130
2
89
88
127
5
158
5
182
119
188
229
1
204
142
130
72
38
120
31
109
228
158
126
40
177
1
22
93
41
46
171
122
169
182
237
208
49
79
207
108
35
49
82
168
22
256
19
112
146
68
110
14
38
219
78
5
118
180
18
55
198
201
68
30
168
40
1
176
83
24
233
193
224
222
208
171
170
141
67
73
135
246
156
256
77
75
132
68
88
119
255
164
107
104
158
188
124
88
172
207
211
168
101
15
246
85
131
196
17
224
240
234
186
124
15
179
57
