69
212
51
126
48
242
81
34
203
127
172
48
62
59
203
50
203
249
69
75
127
102
38
121
38
81
11
161
182
127
74
26
50
74
105
81
61
61
78
11
38
26
62
82
242
222
50
127
50
16
238
54
16
28
129
50
17
75
17
190
66
242
126
62
62
61
106
128
221
34
128
158
87
219
211
153
171
230
76
22
17
28
50
175
18
189
22
74
128
26
190
81
201
153
6
220
6
186
79
220
175
220
15
222
51
128
16
65
81
28
62
92
62
22
172
123
129
43
223
77
28
6
16
175
172
9
243
145
190
76
12
25
193
111
6
157
237
86
242
93
118
64
93
172
161
23
97
16
81
105
81
42
110
17
190
74
190
204
197
11
51
25
140
151
237
49
151
115
15
197
237
183
61
72
145
148
41
81
71
24
172
51
25
204
74
163
60
9
176
23
105
159
62
12
127
232
254
110
172
62
81
251
145
60
115
160
218
96
163
230
71
74
172
158
228
235
60
160
62
5
14
65
183
60
213
100
71
243
15
138
45
133
163
62
172
48
230
81
25
242
192
140
15
202
85
133
235
51
139
103
157
112
148
94
45
94
56
85
237
57
16
99
140
79
121
232
72
72
74
189
85
45
12
64
158
72
81
72
56
128
158
235
218
230
157
73
190
220
197
85
45
94
62
27
56
133
184
45
22
74
85
81
213
129
48
133
56
157
75
204
99
213
45
94
115
48
62
56
184
15
57
170
85
133
136
74
184
70
215
74
48
133
197
85
72
62
56
240
158
175
148
8
247
237
133
248
133
189
85
42
85
153
159
184
62
85
248
76
159
148
166
76
165
27
146
133
45
79
79
197
159
158
155
195
103
145
45
159
184
62
169
223
133
157
103
226
25
157
38
133
192
98
27
56
133
215
99
34
202
157
235
227
9
237
213
25
133
159
238
34
247
69
44
25
10
157
99
134
170
146
222
146
12
159
189
25
23
223
157
252
133
133
86
99
8
236
121
5
238
213
96
23
220
133
103
73
99
153
85
99
230
157
44
86
53
146
23
99
235
157
45
218
201
62
103
98
218
235
214
103
189
203
157
12
237
235
133
184
29
217
157
189
133
85
76
213
57
159
204
242
155
99
238
189
220
242
133
23
35
57
214
159
81
187
133
124
34
124
86
85
73
214
170
98
139
215
23
252
157
222
35
108
233
220
111
12
85
53
57
130
201
223
73
22
214
218
34
8
189
10
201
176
75
85
23
50
85
157
169
236
10
10
194
85
140
214
10
256
167
159
159
157
85
98
108
157
23
8
53
202
148
157
203
133
237
155
213
77
124
148
73
192
242
218
157
85
35
192
133
64
8
253
157
85
238
201
157
256
70
86
148
69
215
31
110
231
161
5
202
149
249
85
45
99
223
213
76
133
82
202
218
85
66
13
133
85
159
252
201
241
103
86
133
35
218
133
147
12
133
238
34
115
221
237
12
85
107
242
219
39
85
213
69
219
133
133
253
85
203
45
133
194
221
237
70
134
86
202
133
82
8
213
221
18
47
42
72
8
85
236
204
133
133
57
34
144
155
99
14
169
115
103
23
72
184
202
86
231
124
252
108
18
196
56
85
146
223
247
11
214
218
151
186
196
134
238
158
140
96
27
99
213
238
22
19
47
10
201
70
148
203
72
12
194
56
213
238
172
232
178
133
218
34
1
80
134
72
86
218
115
102
155
82
82
223
133
218
172
139
201
10
91
64
35
34
218
169
64
72
237
115
108
215
53
96
82
248
4
102
56
13
115
69
45
146
108
213
249
96
85
85
25
197
57
213
103
220
98
213
34
67
10
35
82
133
218
218
52
8
133
72
190
214
58
81
110
235
45
155
35
169
204
252
45
121
99
110
199
45
45
133
169
169
214
253
45
10
218
86
256
85
85
77
221
74
189
115
256
25
214
53
203
52
170
75
214
201
157
85
82
89
187
161
241
157
85
194
256
82
56
10
76
91
99
27
10
235
119
196
219
110
5
56
135
169
159
189
212
213
244
137
201
155
163
157
30
64
82
82
219
11
87
214
157
94
223
34
12
93
79
45
61
189
15
25
10
140
218
212
12
159
140
186
159
83
196
231
83
223
53
175
140
256
86
107
218
214
61
26
201
133
158
160
34
83
52
197
121
45
203
10
249
10
26
8
76
10
36
10
72
6
11
83
121
35
207
25
201
242
199
81
115
85
145
72
166
72
45
238
36
28
218
161
218
189
256
72
231
44
210
48
26
45
42
133
32
186
170
197
201
219
213
83
202
61
49
39
139
42
228
48
148
115
139
232
117
218
45
214
242
139
26
45
90
134
56
232
218
1
41
56
161
1
188
27
159
199
157
31
48
80
242
160
161
197
161
69
214
232
48
157
48
83
27
201
197
241
197
232
137
197
254
48
197
73
