165
62
62
165
62
62
106
54
54
212
126
160
212
98
98
222
17
98
212
165
145
50
71
145
118
71
209
79
51
177
172
118
177
118
177
199
118
118
51
67
118
254
13
51
41
138
172
118
254
254
146
51
127
254
118
254
209
138
164
145
14
150
166
118
41
50
118
118
118
224
254
186
92
177
254
162
55
138
194
254
254
200
123
254
118
199
254
254
165
146
118
254
254
206
34
19
138
254
254
84
98
254
118
69
200
9
200
254
254
222
230
200
231
254
178
9
29
254
162
200
216
200
153
131
222
120
17
64
200
254
254
206
94
200
145
254
200
151
200
17
92
164
200
116
200
17
95
200
200
160
60
9
140
15
254
200
118
172
17
147
200
131
172
200
200
67
200
200
254
162
200
252
164
199
26
153
219
254
88
174
200
172
200
17
67
79
33
9
127
162
226
19
162
200
131
29
216
118
77
150
254
200
137
220
131
9
223
217
118
33
254
116
77
254
64
200
200
254
208
118
123
19
200
137
188
200
79
254
200
98
162
254
254
200
200
98
153
68
97
151
11
66
98
128
89
164
200
254
217
165
200
69
226
254
118
49
162
192
104
156
216
126
32
123
190
131
254
214
217
77
3
35
254
64
91
231
200
200
156
219
118
135
192
69
231
174
120
49
54
111
66
79
45
118
22
200
254
110
99
165
33
5
92
22
127
200
213
99
22
79
196
98
157
83
45
96
157
92
45
245
159
155
83
19
190
111
72
131
157
72
79
45
9
159
200
64
45
79
97
159
159
76
94
17
118
157
219
33
9
102
116
45
159
79
45
200
155
200
200
99
45
157
106
17
220
45
52
53
77
189
45
45
159
5
163
45
106
39
109
79
72
224
49
79
30
155
182
17
17
254
3
189
153
9
170
155
45
200
174
200
200
120
13
155
99
109
232
207
220
73
30
109
200
109
110
157
157
131
126
159
200
157
109
254
182
192
137
109
17
94
157
9
211
86
214
253
157
213
156
132
200
231
189
214
199
4
178
228
45
253
209
165
130
45
140
105
96
109
9
111
57
207
109
155
119
45
92
238
231
172
9
143
200
242
45
192
157
200
71
106
102
209
200
45
53
79
45
182
71
11
104
14
69
196
115
157
231
26
157
184
207
67
157
172
252
66
157
157
7
218
226
105
192
79
245
79
110
104
87
120
98
206
238
7
9
123
157
33
76
157
123
207
163
109
130
98
4
76
77
156
171
26
117
196
39
131
78
145
131
223
4
61
131
76
177
145
9
211
109
172
214
256
207
145
4
124
245
131
204
238
248
26
221
131
126
7
78
187
173
117
17
117
43
238
93
126
110
1
196
220
239
44
111
117
26
26
7
127
110
126
196
33
26
88
105
126
41
103
52
95
45
26
173
25
238
77
174
26
93
13
116
60
103
124
26
195
64
223
89
220
83
151
190
38
4
14
230
147
170
236
33
176
147
126
105
84
36
144
153
91
3
84
223
132
131
192
229
43
117
7
161
105
83
96
207
77
238
196
68
40
36
38
179
189
1
91
12
14
196
21
36
33
187
124
120
174
77
131
170
54
155
137
4
254
49
