127
127
127
127
90
90
127
90
205
209
250
127
181
250
179
105
205
55
73
181
211
128
211
162
4
105
250
65
4
181
150
66
93
91
211
66
15
250
250
98
150
114
65
127
255
98
94
109
94
105
66
9
150
153
206
153
144
49
98
49
114
211
3
9
81
65
151
150
164
55
208
132
109
245
98
84
63
150
153
109
208
203
109
84
168
55
81
171
9
31
216
174
171
171
168
85
139
171
109
171
4
151
249
94
71
176
81
55
168
9
110
123
211
207
195
195
168
109
151
3
87
255
97
168
67
206
15
244
243
178
174
87
182
171
87
171
168
153
66
235
94
153
87
109
194
243
37
235
18
190
120
224
28
192
190
226
31
31
199
116
59
137
239
209
91
91
235
168
136
68
68
71
3
98
154
168
25
144
168
235
182
18
206
192
4
120
49
251
243
17
104
153
17
170
68
118
109
149
136
216
154
77
179
43
228
179
199
109
154
251
179
255
123
70
154
205
88
199
199
205
120
27
120
99
116
141
154
118
68
171
219
55
168
154
130
9
129
215
243
226
187
87
15
216
21
66
28
33
4
120
206
250
175
150
247
22
61
250
97
30
68
226
187
187
187
193
247
247
68
168
136
65
168
215
168
9
153
158
2
230
199
27
245
216
66
95
168
154
123
32
245
94
24
49
14
212
232
199
141
129
76
158
14
245
245
188
187
200
164
195
63
65
216
68
208
68
226
4
195
135
154
244
14
227
174
124
217
19
11
43
65
187
9
243
245
28
46
25
188
33
196
187
226
65
196
245
53
6
144
226
223
28
228
241
188
195
28
226
188
8
187
228
188
208
14
136
33
147
240
91
239
1
87
39
121
227
14
168
40
100
10
245
39
226
14
10
28
43
187
46
187
211
135
154
226
161
226
245
245
187
130
135
105
94
192
43
244
226
91
229
237
48
35
65
2
203
187
172
49
2
79
245
126
245
135
4
192
195
245
14
195
30
226
14
28
187
232
49
226
49
196
91
43
223
192
33
207
164
226
18
241
60
187
187
93
60
241
14
65
43
65
14
43
226
245
226
43
45
5
60
35
226
60
196
2
10
11
187
171
223
43
135
43
195
187
14
100
245
10
226
87
187
226
4
196
191
172
226
135
14
245
35
24
187
10
33
17
2
226
226
229
132
189
100
78
189
49
4
226
196
135
226
86
135
83
62
226
10
226
43
196
53
245
43
100
14
226
14
133
124
