80
121
68
182
138
186
68
182
80
68
31
67
107
30
165
30
112
68
245
67
31
245
146
211
55
7
245
67
245
144
24
172
22
236
245
28
171
205
70
171
144
154
101
251
137
245
55
101
226
112
154
186
122
201
40
206
28
67
40
245
144
144
229
123
171
229
154
122
171
101
171
154
144
145
112
137
226
250
171
40
154
248
250
245
123
183
137
245
229
183
137
250
151
249
135
123
75
67
37
97
14
110
175
142
171
11
121
252
179
122
183
175
101
122
123
176
97
172
248
243
112
2
11
176
70
137
171
154
144
33
70
33
97
5
142
70
97
137
175
33
40
171
245
181
4
63
123
33
248
252
46
5
46
63
121
37
231
108
116
222
184
2
222
138
194
17
222
179
75
33
120
46
4
137
205
142
70
244
115
71
176
115
182
2
130
230
37
79
49
101
135
17
211
123
70
88
169
79
137
137
87
250
137
141
138
194
128
29
180
195
123
33
29
158
222
5
154
46
92
87
212
115
141
54
14
222
222
247
138
209
122
103
14
30
75
158
9
130
180
29
30
226
4
227
144
30
59
109
14
195
222
85
168
181
181
79
92
59
109
124
14
2
11
222
158
116
92
94
49
222
118
165
137
131
2
4
24
182
75
130
109
128
141
37
113
58
120
141
17
113
61
177
4
222
168
181
49
37
182
130
29
245
152
44
129
222
226
109
227
115
195
30
30
58
69
119
28
37
14
95
79
182
116
141
187
30
136
39
181
51
222
2
181
227
71
196
51
254
195
131
131
113
77
246
118
211
63
37
73
165
245
136
9
164
141
32
125
222
138
114
116
254
141
141
233
236
222
165
141
184
27
241
184
241
224
198
83
106
51
212
158
40
182
113
95
168
54
150
141
27
141
73
30
75
246
4
43
55
254
39
92
234
226
95
30
165
248
122
54
246
168
44
79
177
62
77
62
235
249
104
67
249
70
153
90
49
51
43
70
63
3
178
101
112
168
200
200
100
195
247
168
180
30
199
38
216
176
156
58
227
182
187
236
122
2
40
245
212
101
150
181
141
156
234
197
37
156
77
102
131
168
58
29
90
246
114
30
62
173
75
141
69
37
168
212
3
188
241
223
255
101
70
141
168
46
246
127
246
97
181
118
135
192
21
49
181
231
155
141
131
113
101
49
188
227
128
51
105
67
90
179
222
77
221
105
24
179
116
255
52
105
101
247
187
122
79
175
132
116
179
211
62
60
13
241
49
132
15
229
250
197
62
11
43
46
248
38
255
15
179
101
15
127
15
179
241
141
207
154
179
29
179
235
200
132
188
180
101
179
60
26
244
131
142
228
179
5
181
4
252
29
148
137
158
191
120
13
130
228
198
133
179
62
241
235
4
6
38
193
77
119
