36
130
67
67
67
130
93
67
93
52
243
113
67
7
208
113
36
113
243
166
150
122
2
7
129
122
190
128
169
190
127
211
127
93
55
95
26
172
122
208
150
106
150
18
67
94
18
205
168
205
164
185
112
26
59
33
174
127
150
187
127
121
33
168
113
174
140
114
150
239
136
192
185
147
95
205
55
59
239
176
174
31
51
5
204
212
13
59
195
167
176
17
141
105
174
165
38
136
129
19
105
19
95
174
165
135
42
17
136
168
216
195
174
84
113
33
165
195
220
184
165
84
71
47
114
105
230
89
17
65
239
4
7
30
93
190
143
29
239
136
136
119
84
84
245
194
129
104
115
15
95
211
168
76
168
208
250
154
166
109
22
204
230
33
175
65
165
90
113
129
154
243
138
95
93
118
224
123
9
51
209
122
66
120
165
122
90
91
158
245
211
136
195
239
59
95
173
90
13
217
96
2
238
177
175
229
165
211
180
185
28
90
138
90
120
87
217
249
211
228
208
112
90
90
2
6
13
129
16
59
179
111
222
230
229
38
235
136
238
165
90
60
16
212
104
16
90
90
90
254
109
206
65
66
15
249
128
122
216
209
8
206
63
15
90
168
84
190
216
154
224
247
11
213
90
144
233
225
211
3
90
210
16
90
128
17
66
74
8
177
11
28
2
136
90
2
197
112
90
207
178
204
90
171
90
90
90
165
175
20
47
90
180
90
212
177
251
177
207
54
119
15
36
62
90
90
140
209
177
54
195
90
191
191
16
74
41
41
128
122
16
16
38
62
217
74
36
122
211
8
206
16
171
177
69
175
126
109
171
172
17
122
74
112
90
74
209
122
248
207
3
128
185
215
54
90
165
17
95
165
97
36
233
141
185
90
16
90
142
245
233
41
49
128
116
191
230
204
174
182
204
209
153
164
129
124
164
165
132
122
223
131
215
128
38
143
234
118
87
207
51
74
144
239
11
211
171
217
15
102
217
51
36
216
115
92
173
104
171
18
133
153
250
9
74
211
207
18
165
131
208
92
140
124
92
182
21
255
115
204
171
39
220
174
120
118
11
174
144
152
173
21
177
142
21
138
164
244
227
122
137
188
2
174
158
239
216
99
243
151
255
248
21
168
30
122
182
11
131
254
115
77
147
156
147
28
171
131
74
56
171
156
99
3
2
158
21
138
216
216
102
11
49
21
243
122
115
256
9
6
176
122
181
94
151
186
189
174
120
176
30
216
153
174
165
147
99
215
176
135
82
94
84
39
66
222
222
66
136
99
176
197
82
59
147
122
70
222
94
216
189
198
216
216
89
30
53
219
122
243
61
112
179
129
181
104
59
107
216
94
66
89
129
89
99
143
92
216
178
28
120
99
174
72
244
118
6
129
122
229
116
201
174
197
112
89
216
243
71
107
247
65
119
238
243
99
104
179
165
255
107
216
146
113
243
174
48
243
131
255
197
243
72
197
194
139
108
150
19
99
21
174
53
39
120
120
71
99
99
231
160
232
164
121
176
99
195
196
224
165
248
216
150
30
158
158
120
104
113
236
120
99
244
122
99
244
14
237
46
179
18
40
152
53
59
46
72
99
254
216
99
125
201
56
240
188
121
99
104
104
107
175
107
241
99
104
93
99
1
218
233
59
160
19
187
197
81
19
107
15
30
46
142
5
249
77
233
192
161
113
254
224
109
186
86
105
171
152
196
56
107
93
245
107
171
10
59
42
227
107
182
137
107
196
23
77
196
167
74
196
38
99
164
131
168
197
107
81
213
228
178
227
107
52
105
107
242
107
168
107
201
221
