116
105
50
190
50
50
105
105
50
116
128
209
136
211
211
190
105
165
243
206
165
165
94
76
174
94
94
140
18
206
97
216
220
93
97
94
40
102
18
247
127
9
253
220
95
115
184
115
105
9
181
216
172
252
122
102
104
38
208
115
61
154
106
37
199
37
129
255
94
95
93
101
182
199
102
29
206
123
71
36
222
38
164
166
181
104
117
123
145
60
36
220
175
216
203
226
217
105
217
240
179
69
243
221
13
164
204
183
117
160
109
199
71
132
164
226
170
67
17
115
80
122
174
29
191
136
9
146
19
231
248
174
138
123
220
204
182
164
109
256
29
84
115
115
17
55
197
209
84
60
174
84
247
199
109
132
164
243
160
114
74
242
95
24
182
135
199
17
250
33
199
37
182
164
42
186
208
181
18
174
109
112
250
42
73
203
245
5
242
73
146
84
17
146
195
64
71
64
181
118
115
147
201
33
9
203
195
251
58
117
185
185
136
242
243
174
31
155
9
130
17
253
251
32
61
206
24
31
67
246
170
65
194
101
118
109
89
226
186
147
35
199
113
166
166
222
10
65
21
65
121
28
226
67
165
59
251
237
42
7
203
130
251
223
64
166
46
109
6
35
172
93
92
135
67
42
154
42
231
107
82
18
60
107
236
237
178
109
185
24
109
28
11
47
91
118
3
61
58
138
217
178
128
89
242
33
58
29
83
256
7
24
39
32
41
120
122
46
250
233
130
47
154
34
21
118
240
17
217
169
163
87
206
52
21
58
174
148
91
174
211
6
251
11
166
186
231
6
244
62
237
218
84
11
36
108
195
223
220
16
119
170
240
181
59
223
87
251
87
235
123
186
242
67
118
21
212
130
206
226
46
168
8
223
96
196
185
21
246
25
55
222
10
108
240
169
9
219
5
174
88
229
14
26
91
141
141
256
169
49
195
247
17
99
1
81
88
101
35
17
135
130
91
107
166
217
34
201
73
195
223
145
83
135
27
144
246
144
16
226
14
256
3
64
38
96
35
7
206
154
64
199
248
12
39
186
35
177
239
56
252
25
114
207
144
166
198
248
9
199
91
242
58
242
146
252
226
52
223
61
147
52
211
253
38
107
146
83
95
145
199
49
201
135
5
138
206
135
226
160
79
219
227
14
14
11
194
236
127
65
35
164
252
13
80
18
61
211
89
166
245
5
35
216
132
132
55
179
3
240
194
93
203
171
169
96
117
11
176
98
141
206
105
87
91
8
211
233
186
224
141
93
7
226
31
194
116
225
253
252
59
35
248
74
223
229
155
55
223
253
252
11
121
218
94
137
36
19
195
240
31
137
64
30
5
129
131
121
195
163
41
91
181
231
28
253
108
132
5
240
166
149
216
229
253
144
121
14
1
108
88
110
35
21
103
164
185
222
92
76
90
187
14
16
169
116
211
30
38
171
88
108
240
154
174
217
71
223
56
246
222
124
140
219
220
203
144
252
203
132
236
47
120
170
35
3
256
121
41
171
242
189
28
27
238
144
132
169
35
61
180
114
223
169
204
116
146
201
137
65
181
78
229
124
169
129
15
161
121
121
126
169
35
47
169
38
132
32
199
201
169
135
24
55
77
21
244
187
122
35
81
90
87
116
213
130
125
58
42
24
21
34
89
28
8
212
170
201
59
121
244
79
192
141
137
32
213
127
36
92
252
237
216
34
217
63
169
100
94
41
195
10
60
169
256
240
135
221
134
89
201
240
18
124
61
36
135
187
40
190
253
64
90
156
179
167
223
120
239
236
79
139
126
142
117
35
88
78
38
154
34
163
180
249
206
35
25
165
130
245
221
169
190
40
6
135
100
29
182
247
107
149
27
152
132
187
96
237
214
12
28
120
176
1
15
10
106
134
103
24
163
59
25
146
146
134
95
80
89
195
244
5
100
166
195
229
185
168
74
35
64
5
81
135
121
230
12
227
79
190
183
182
199
8
76
121
11
83
180
167
221
214
116
139
91
61
60
211
219
64
125
89
47
19
163
89
189
187
122
33
244
169
61
168
102
102
16
187
201
245
34
33
199
248
104
14
220
5
211
71
35
10
21
8
13
238
191
89
40
30
69
12
1
226
25
14
196
18
91
198
3
103
65
132
212
59
144
212
39
18
217
35
184
89
255
236
149
106
170
217
204
166
203
181
169
47
120
6
154
42
223
114
252
186
190
226
83
32
146
81
251
256
91
1
64
196
35
229
59
5
69
71
27
54
31
109
30
195
65
182
70
94
179
38
108
81
238
135
154
69
60
207
34
88
42
248
96
210
249
153
47
194
80
231
114
210
2
25
90
228
15
246
94
195
169
169
170
132
141
25
135
1
217
37
159
42
147
226
103
144
123
31
196
91
131
65
164
144
24
195
35
163
123
222
187
14
1
239
167
108
75
153
238
57
115
129
40
196
189
190
5
214
6
41
190
196
11
198
256
25
240
132
136
202
38
186
60
59
47
194
253
151
166
248
105
253
110
170
93
94
230
190
244
19
256
169
57
190
256
101
138
28
77
135
249
169
180
89
114
223
189
221
245
60
193
64
35
77
24
83
102
6
115
70
111
223
229
137
118
210
26
51
95
73
94
153
25
219
75
53
88
100
27
180
96
238
244
87
144
58
65
18
107
2
69
90
96
246
91
212
99
9
46
222
189
196
77
241
38
122
65
237
182
160
2
244
20
20
94
18
15
244
35
63
61
141
103
27
142
238
202
57
203
81
6
163
210
11
243
117
61
73
200
137
145
240
109
108
27
170
133
67
228
19
247
210
194
39
162
149
34
170
132
226
54
130
123
201
57
195
138
47
22
224
99
47
67
154
220
81
51
132
222
196
146
121
236
116
42
21
119
41
163
73
220
183
171
129
5
65
121
94
37
87
31
133
76
83
181
34
184
218
116
159
159
35
90
38
242
248
99
196
167
223
47
207
37
214
250
63
229
115
48
192
237
160
190
53
32
68
8
171
132
88
34
33
77
198
146
223
163
238
107
42
185
5
237
203
248
20
127
46
88
91
169
4
238
190
193
169
248
11
175
1
173
27
44
102
31
231
182
238
252
238
193
223
240
57
203
130
146
104
11
134
115
248
46
211
194
242
38
14
135
137
109
25
195
73
124
9
42
167
105
238
183
195
187
63
64
103
192
100
110
228
24
1
236
3
196
182
141
171
205
224
145
120
223
242
221
33
69
114
141
198
109
248
10
170
256
107
21
101
139
136
15
33
175
238
238
13
190
94
168
163
224
242
3
223
120
137
132
13
5
170
14
62
37
181
170
90
110
217
114
244
66
223
47
47
18
64
22
66
51
77
57
5
229
109
132
238
241
76
149
4
210
210
21
29
162
229
138
169
117
24
229
193
241
34
169
248
221
255
38
77
100
107
2
108
235
236
149
111
38
101
43
160
238
129
220
251
195
240
201
2
167
196
217
203
1
114
5
196
171
10
64
243
183
14
110
226
35
137
34
146
250
20
187
172
102
21
14
195
28
6
47
11
214
64
167
109
244
42
64
122
77
154
8
221
227
193
137
27
145
127
221
203
237
47
64
154
132
83
212
9
88
222
63
201
195
109
37
64
112
34
256
229
73
64
122
254
38
227
139
62
253
49
231
89
53
122
235
120
52
77
170
26
42
250
222
217
81
102
131
13
57
122
154
108
255
244
238
219
47
153
99
75
211
79
227
256
163
255
184
169
167
83
10
96
11
132
132
117
2
175
151
228
46
137
138
61
166
200
31
102
69
168
118
180
222
14
238
237
27
59
129
166
205
16
223
166
242
20
249
169
77
47
64
42
198
5
195
244
245
190
2
64
116
187
223
183
215
142
5
248
193
77
224
166
10
20
126
1
169
110
60
191
5
147
57
5
224
236
103
47
222
256
43
91
78
8
118
10
228
109
203
192
24
235
64
5
113
65
210
186
138
164
96
232
169
67
201
38
164
121
10
222
132
5
4
151
11
145
242
203
89
85
86
103
69
236
114
169
144
243
220
140
190
137
141
110
132
102
114
244
132
124
170
221
115
96
89
14
252
239
219
132
254
253
199
163
252
224
170
10
219
248
252
256
223
246
30
11
1
101
245
139
91
60
196
130
35
64
194
14
89
199
200
77
93
153
87
237
203
139
59
182
158
69
190
201
37
101
13
40
160
82
63
1
34
64
76
64
106
168
218
166
252
175
122
193
134
200
137
114
103
109
103
47
102
229
77
64
134
64
85
203
146
74
91
102
134
134
192
78
104
31
224
11
7
124
64
228
253
221
132
100
130
196
242
185
220
184
126
114
102
170
27
123
127
56
190
64
242
76
232
121
163
82
33
167
153
116
85
164
124
224
65
247
4
169
20
122
15
236
147
13
158
167
180
141
160
163
60
5
96
80
196
108
102
61
132
136
43
239
235
32
198
252
61
77
126
228
38
12
242
129
237
243
8
102
238
256
184
123
154
238
79
14
8
11
87
25
253
32
190
78
10
103
242
76
238
109
75
57
187
186
245
78
121
227
24
71
64
137
14
130
105
248
35
46
167
141
57
226
240
253
65
220
224
147
43
126
4
137
90
62
128
19
35
89
126
87
96
31
53
186
207
158
9
105
193
101
205
146
227
238
116
246
227
144
102
85
248
14
154
78
107
39
223
236
69
166
166
70
227
10
190
186
192
220
199
91
245
158
178
88
100
184
106
106
124
14
106
226
38
121
150
199
193
158
224
250
53
2
186
244
238
255
242
120
186
170
248
140
101
198
247
236
233
31
233
198
196
169
158
154
68
193
171
247
103
184
182
113
8
199
10
223
212
122
96
253
30
227
227
193
35
134
47
37
124
91
55
230
88
196
38
70
14
171
9
212
210
199
190
68
86
35
78
47
78
14
45
77
147
120
163
61
146
87
132
184
59
103
221
124
236
164
240
109
64
247
196
103
228
69
4
1
252
172
246
100
90
30
47
59
227
91
61
47
12
192
132
6
78
253
169
198
49
133
14
59
139
253
214
198
53
48
32
212
11
249
133
10
255
41
221
76
255
160
109
30
111
195
142
183
184
30
107
118
133
179
195
82
135
167
