21
123
89
51
61
251
51
89
24
51
89
214
51
91
204
41
190
13
51
54
160
61
182
250
42
170
95
230
16
31
204
204
222
62
8
51
160
190
250
169
186
3
62
170
106
55
138
239
17
69
91
10
86
71
54
147
62
10
110
50
26
49
26
71
237
87
239
145
106
18
143
91
31
239
243
153
209
26
103
116
103
91
243
237
239
106
220
58
150
16
182
65
33
47
256
221
71
21
71
177
177
129
129
28
194
67
102
18
220
56
180
147
98
160
219
123
10
54
65
220
143
110
256
33
164
175
71
145
182
51
34
106
123
211
208
76
182
243
240
76
37
243
177
129
215
127
250
145
201
75
145
248
195
221
26
251
250
248
225
71
170
188
40
251
123
206
123
216
62
56
96
28
75
254
34
211
123
123
77
51
199
239
84
239
170
62
84
28
237
5
110
90
237
84
38
111
104
123
51
14
112
24
162
84
28
163
174
115
63
105
40
239
121
51
18
140
89
69
25
253
51
182
127
76
9
197
76
45
57
81
170
129
71
250
238
81
161
199
81
18
76
123
138
155
251
34
225
116
55
42
140
181
225
118
215
123
251
249
225
206
53
123
159
85
32
256
172
176
111
44
160
225
242
252
194
39
155
251
69
150
225
249
38
67
149
109
251
162
84
160
155
172
177
66
105
76
45
225
17
153
239
86
93
125
51
219
253
28
91
74
232
250
69
178
123
155
182
249
256
85
256
52
80
26
74
141
123
8
237
250
119
250
239
172
225
145
239
211
218
119
138
47
156
225
250
123
127
45
218
102
96
237
232
172
39
250
253
203
192
207
72
111
129
117
250
85
240
86
125
81
215
153
16
110
91
18
160
44
85
27
105
46
136
160
47
39
212
153
153
110
172
167
225
119
148
137
110
18
251
212
207
123
221
140
105
153
139
235
27
109
72
162
61
22
125
62
123
147
225
91
177
24
182
251
129
170
64
160
177
223
235
69
32
251
175
76
177
61
2
42
47
157
14
244
64
24
129
228
117
56
69
225
24
251
177
34
102
20
177
228
105
45
32
149
123
182
127
3
177
120
66
145
120
125
174
74
86
216
110
86
242
172
147
210
178
54
151
212
56
28
18
37
25
206
148
20
173
228
123
228
172
20
6
174
213
189
198
177
106
123
212
239
250
92
54
188
94
47
129
255
148
218
133
198
37
147
222
29
165
129
14
190
127
22
123
155
255
129
212
135
133
165
86
165
217
53
242
92
216
255
251
212
79
174
80
129
26
225
219
191
139
10
3
10
43
79
22
216
199
72
43
239
121
235
20
188
246
242
94
72
111
200
79
51
100
58
191
217
250
67
250
72
200
54
147
222
111
92
29
198
127
200
72
140
177
29
254
77
252
185
188
188
200
231
252
199
197
72
11
200
160
234
124
197
220
188
218
120
42
128
20
156
222
200
177
239
124
51
176
151
125
119
197
86
226
158
226
71
29
7
213
9
200
196
82
72
197
222
173
117
18
9
231
252
199
239
200
222
197
66
197
105
9
247
76
251
228
150
225
8
117
18
20
87
250
128
89
115
105
152
227
235
253
44
50
239
114
225
173
222
230
116
141
150
177
148
115
245
91
20
172
10
127
188
235
50
94
3
225
39
234
18
133
211
105
225
213
37
9
126
120
23
85
225
180
144
179
36
18
226
9
164
9
104
210
102
8
188
9
9
130
255
155
239
64
138
175
57
135
91
4
219
118
242
210
98
67
91
250
225
62
211
2
246
104
124
77
216
71
102
114
8
175
161
182
86
139
144
220
66
39
154
173
139
143
231
72
111
191
239
58
98
86
25
66
4
12
147
37
77
237
6
238
24
22
235
116
36
100
8
57
177
163
66
100
44
115
71
57
76
23
191
244
53
199
182
221
150
180
77
141
54
244
23
107
116
197
24
117
183
175
2
133
218
191
142
191
23
77
117
188
71
10
231
250
22
136
71
39
112
98
112
86
204
57
47
224
119
144
142
237
112
156
255
20
77
110
254
44
112
107
191
53
242
220
243
124
20
33
116
191
155
62
40
200
39
169
228
187
24
254
187
47
124
40
124
70
196
191
29
100
21
231
127
255
124
84
219
220
192
71
230
254
192
173
39
236
57
116
254
173
117
77
182
161
254
173
76
250
219
237
142
103
57
44
254
254
214
173
84
227
220
187
226
200
191
173
224
117
198
159
254
91
87
173
177
236
229
254
124
200
173
254
189
200
169
21
110
237
19
159
173
76
209
77
76
254
133
220
173
32
113
159
228
173
134
249
71
168
220
29
36
189
220
184
3
189
157
222
10
200
124
34
145
155
106
73
86
193
32
114
8
87
120
177
157
230
184
22
10
63
4
77
98
249
10
189
192
200
252
157
39
221
57
247
177
9
219
120
171
210
242
79
77
248
229
124
184
105
113
249
230
233
40
79
210
66
155
248
105
91
167
21
10
124
110
218
115
120
19
164
248
167
205
98
244
163
248
9
39
164
179
167
120
68
13
136
157
167
190
200
133
100
119
237
12
39
203
256
52
200
137
254
35
216
186
116
100
68
74
124
40
120
30
101
254
163
186
254
157
188
