162
29
162
84
162
29
55
128
162
146
84
162
84
176
84
242
93
146
202
84
242
176
176
162
84
84
84
146
162
208
146
121
84
84
55
174
62
146
204
162
97
143
84
209
55
143
55
208
146
80
62
143
256
97
220
220
190
62
220
48
203
138
84
143
174
31
84
220
165
176
42
174
119
119
176
20
230
138
209
138
196
162
209
174
18
208
178
103
249
143
136
178
162
48
18
176
231
84
230
208
208
243
190
211
75
147
181
104
131
75
108
231
81
127
119
207
183
231
177
222
153
127
250
18
113
6
127
127
117
84
113
229
127
177
251
101
101
180
117
136
128
115
115
110
110
231
110
81
6
136
246
123
138
127
51
6
113
225
124
251
40
64
231
127
165
239
241
231
176
225
231
172
177
225
140
115
176
62
54
211
182
125
223
54
142
51
251
60
101
176
249
83
177
16
54
154
223
74
67
4
211
48
54
229
249
180
178
129
77
24
136
199
129
165
155
129
46
117
128
246
90
90
154
121
116
160
117
59
116
54
142
75
75
215
131
129
67
122
106
117
239
142
40
184
203
49
123
215
39
178
129
174
141
69
81
174
239
250
137
174
50
18
26
128
215
215
64
141
81
123
241
180
154
1
159
203
228
80
174
243
109
173
250
125
153
212
76
99
94
1
44
128
113
247
178
241
9
62
117
226
81
81
211
174
199
172
167
247
109
178
44
1
199
65
35
1
122
55
161
128
154
215
226
133
65
116
55
204
174
247
140
45
55
70
178
136
112
77
202
77
167
25
9
226
87
216
178
235
178
155
214
226
66
46
220
53
173
86
133
117
87
226
226
213
200
200
25
39
178
211
192
216
177
157
4
224
153
189
66
74
96
14
228
202
153
79
124
72
200
25
72
91
80
112
226
20
35
143
154
117
197
226
112
133
53
190
226
237
131
79
133
232
86
76
141
125
197
150
153
211
79
161
120
86
213
168
124
226
79
176
227
79
216
216
35
168
142
20
54
70
85
241
85
72
99
213
148
56
216
35
176
42
124
211
167
35
197
114
24
79
99
196
211
57
226
99
168
134
25
216
153
37
226
136
1
161
78
158
167
79
208
17
174
64
62
51
9
176
171
27
66
122
148
149
44
226
232
76
110
125
232
192
158
78
133
188
159
214
20
60
131
78
163
228
83
197
211
56
208
24
17
88
148
104
211
99
172
148
196
216
228
203
89
58
120
82
169
168
17
202
167
58
35
214
200
187
103
105
53
218
163
232
191
99
234
208
129
120
48
204
58
162
148
20
120
55
101
184
125
197
149
82
83
201
165
165
165
94
196
159
94
52
112
99
162
214
88
55
228
96
89
62
48
9
113
53
82
120
218
167
184
56
53
242
162
202
99
133
12
148
134
96
148
100
53
48
249
204
155
102
161
53
48
161
56
159
43
136
148
198
197
125
92
11
110
42
125
237
72
125
213
133
3
48
4
202
115
124
23
72
213
23
