126
214
126
126
126
6
249
6
26
51
156
126
230
26
94
243
126
174
150
209
217
217
243
68
26
215
209
162
105
66
38
94
66
174
129
112
243
126
69
174
55
243
243
3
66
156
243
112
151
38
105
159
162
174
62
243
159
26
153
174
230
164
112
162
174
129
174
145
151
193
94
94
153
230
94
174
220
97
17
48
253
57
76
254
254
66
66
91
94
216
128
62
128
128
128
62
154
208
91
52
204
199
84
157
204
204
44
62
25
174
99
197
139
122
217
116
230
243
156
30
99
148
55
98
160
204
99
70
48
35
157
11
94
213
84
160
84
216
197
6
256
11
94
187
256
70
155
256
52
150
122
256
2
124
55
213
70
30
104
176
253
202
204
176
9
204
30
90
23
169
39
121
14
116
94
139
169
29
130
150
204
241
176
167
8
70
198
25
73
12
142
116
55
94
170
90
183
142
197
256
121
149
157
99
2
115
99
54
107
225
6
180
212
163
163
157
234
187
70
108
29
163
204
42
179
256
46
42
79
8
133
151
8
139
74
225
254
126
197
15
42
72
240
178
176
42
145
121
218
240
11
38
38
204
240
197
70
197
187
256
146
163
187
72
36
2
8
35
110
90
5
216
240
142
134
117
99
19
130
197
243
19
163
70
212
197
222
6
5
89
11
255
201
160
117
134
113
163
197
38
72
60
175
60
213
42
202
224
52
197
197
39
117
19
240
11
42
11
163
186
112
253
200
255
156
4
79
163
157
79
198
142
39
33
33
214
42
197
212
2
112
41
196
197
79
134
254
192
112
150
163
98
228
197
187
197
141
155
200
42
120
99
39
197
145
33
36
131
163
197
232
56
144
163
197
137
163
56
112
197
197
72
202
180
110
12
38
197
14
53
131
99
176
128
99
133
8
163
112
27
163
112
6
30
2
151
240
30
12
249
33
163
124
218
133
33
163
215
10
242
115
71
126
197
220
126
33
10
184
197
152
163
90
56
19
117
157
142
202
197
39
119
175
44
72
189
163
85
163
99
163
163
2
101
99
10
133
60
23
131
256
99
149
60
134
23
189
197
133
254
255
23
76
23
215
185
225
133
163
85
25
8
8
124
163
101
131
38
99
99
159
85
184
163
255
57
13
11
234
101
192
197
235
116
83
197
152
85
159
72
85
152
213
117
38
116
48
30
99
120
255
42
116
235
163
124
235
23
164
82
39
158
48
119
23
148
148
49
116
197
248
213
124
163
235
235
133
56
197
12
197
70
8
256
192
99
124
133
200
133
133
101
241
163
219
48
163
99
197
72
18
159
153
163
99
4
192
106
168
197
235
26
41
99
82
133
23
85
114
32
117
56
72
134
86
48
61
48
148
56
29
99
82
57
48
142
48
241
83
82
197
133
56
2
201
65
48
23
142
116
6
30
133
6
133
