220
74
74
220
10
164
54
54
8
250
145
8
79
250
165
6
182
201
151
106
97
165
62
223
103
112
112
182
62
235
165
177
97
220
182
106
103
206
91
91
228
110
235
131
64
5
13
184
14
169
85
97
77
184
144
103
179
183
233
250
222
235
181
235
235
183
14
210
85
14
117
54
77
222
182
105
14
235
235
249
105
77
250
123
63
129
110
184
14
131
123
235
235
222
184
32
215
184
3
103
97
235
235
250
114
169
235
235
193
97
136
112
184
123
129
114
210
183
77
250
213
11
131
184
32
77
54
131
131
235
135
131
249
135
131
250
184
193
58
65
213
97
129
195
170
123
32
235
11
184
145
184
250
145
62
58
11
250
240
77
235
58
184
90
223
115
63
3
77
62
77
184
77
131
82
88
42
11
69
208
131
115
235
12
11
131
121
184
184
178
77
85
131
168
178
245
12
105
235
145
183
44
97
249
240
184
11
184
184
91
235
129
58
44
178
77
179
85
231
63
85
76
131
213
77
208
233
184
184
122
214
223
136
77
131
177
236
235
9
235
213
63
128
184
73
77
95
131
157
27
233
120
189
108
250
233
176
145
235
181
235
214
91
243
189
213
58
77
110
76
184
85
77
77
95
57
237
144
213
86
189
251
148
249
77
213
211
155
86
123
25
94
110
42
189
212
77
44
211
62
69
191
214
161
161
27
202
147
184
176
148
131
77
184
205
235
237
211
233
184
131
208
85
9
85
148
131
148
141
184
63
45
181
131
94
161
214
177
202
183
42
181
131
235
189
77
11
110
142
161
45
91
44
131
114
85
227
12
144
77
61
134
199
161
99
176
99
44
108
250
244
189
77
176
45
11
86
233
255
11
114
213
214
24
243
218
85
233
123
157
149
60
42
206
233
3
218
131
85
105
57
174
181
72
73
249
132
39
197
117
110
85
12
93
44
213
131
19
25
227
114
230
244
61
134
57
131
181
48
186
243
72
220
198
85
44
58
20
53
39
72
77
172
42
233
174
25
237
216
61
9
45
50
94
92
72
4
198
85
58
199
159
9
85
148
197
163
72
176
73
157
44
185
131
244
221
200
183
141
85
246
218
9
53
48
77
235
200
99
76
141
114
214
25
110
4
52
186
200
238
44
136
161
245
25
145
44
53
114
214
115
42
218
237
115
174
216
116
53
79
42
32
212
176
218
26
120
136
77
237
42
140
57
50
35
192
120
174
214
77
115
72
244
237
244
42
227
242
21
91
243
170
148
26
219
77
92
77
153
61
61
157
77
188
87
53
26
37
85
235
224
105
85
115
62
9
230
116
48
148
77
91
227
157
77
148
39
42
214
91
161
115
61
238
213
44
49
120
178
42
35
45
57
4
136
72
142
39
218
26
178
200
141
218
120
159
77
77
171
190
186
164
161
96
159
242
218
217
188
117
116
61
42
118
53
94
53
13
222
87
10
189
94
98
164
103
44
65
46
9
171
61
9
238
158
115
250
213
189
52
176
157
235
134
99
245
62
115
55
237
252
134
53
99
132
53
244
39
95
114
110
148
185
41
227
85
216
181
136
134
200
91
57
44
63
118
26
174
94
189
214
232
218
120
48
63
47
232
71
176
48
183
59
12
54
88
120
74
72
53
244
188
247
77
72
204
39
26
85
38
173
224
131
218
99
48
115
26
148
232
94
248
53
134
167
221
144
21
131
204
189
250
164
25
53
52
221
242
145
159
220
53
98
212
48
196
204
134
93
44
26
25
248
247
105
124
197
41
63
69
127
44
41
27
104
103
147
9
35
94
96
108
19
248
162
248
61
218
105
210
132
124
188
96
161
108
214
91
21
232
221
218
44
232
44
63
238
197
189
218
98
61
159
119
124
218
210
137
96
196
190
117
85
61
116
26
134
103
44
50
94
108
91
171
127
44
248
174
94
149
147
147
109
215
45
155
61
61
105
69
190
110
45
45
120
106
83
161
174
238
91
174
109
145
148
238
134
38
46
102
98
139
219
134
174
108
234
14
101
247
124
105
125
197
61
38
105
96
115
216
247
218
145
235
207
14
213
198
115
215
252
120
91
42
105
238
174
39
101
108
175
238
81
159
230
61
21
26
134
196
232
182
114
14
69
40
153
132
232
73
38
115
178
235
218
218
38
28
232
105
134
109
247
119
238
69
232
142
255
94
38
245
207
207
232
53
26
39
207
110
242
218
9
41
107
81
192
238
99
81
105
163
247
134
197
155
149
26
42
137
69
115
48
61
6
69
4
116
26
171
218
77
38
72
255
197
120
148
134
218
61
137
124
44
104
151
3
6
218
183
247
238
221
44
173
218
235
27
218
210
61
205
25
218
44
9
63
247
171
149
248
48
173
41
204
116
21
232
120
94
219
81
124
118
247
248
256
197
255
232
26
81
248
152
149
12
161
167
207
248
238
232
256
44
164
238
57
28
26
232
26
61
238
107
44
235
216
34
144
131
192
207
72
120
117
204
48
235
218
107
210
210
213
89
94
38
48
110
249
203
232
163
192
210
216
142
48
124
202
105
9
133
22
120
227
38
9
238
219
248
189
38
116
241
16
193
14
104
210
238
26
145
38
161
134
38
203
124
91
72
26
57
92
204
139
221
171
232
134
72
34
188
115
42
46
48
248
38
120
207
28
157
53
255
202
213
48
52
