76
39
184
250
250
116
116
184
116
34
52
26
250
146
29
230
26
230
150
55
250
25
183
242
75
165
52
164
166
230
209
29
146
87
166
194
146
190
55
135
29
55
121
110
135
5
84
67
95
55
135
147
80
29
80
55
87
190
139
164
84
147
95
69
69
84
84
55
181
84
164
199
42
211
164
221
199
112
18
164
110
18
13
147
35
166
166
235
112
34
95
221
166
84
33
84
247
97
42
80
113
34
69
203
5
39
121
174
211
40
55
199
164
74
235
13
182
33
112
42
10
166
7
110
74
8
102
205
112
86
74
242
28
219
84
73
147
51
172
138
8
139
42
222
138
31
42
10
9
214
174
158
191
8
10
67
252
76
10
89
158
226
226
168
42
51
169
226
67
205
73
122
117
226
96
13
211
8
162
207
121
104
205
203
231
162
102
226
13
224
191
128
166
104
42
256
205
145
135
60
217
8
135
51
88
117
44
44
207
135
203
18
18
237
42
122
248
21
44
42
232
80
86
120
216
231
59
109
201
205
245
231
211
36
36
104
46
27
14
249
14
14
128
139
112
96
67
256
46
231
17
242
164
25
237
96
226
107
190
247
59
117
247
251
42
164
80
252
44
195
187
67
247
13
74
240
60
56
174
195
42
145
138
40
84
226
256
117
176
216
93
130
137
183
237
39
111
187
233
223
49
96
166
40
117
226
33
110
3
109
187
33
187
240
193
130
167
84
217
168
59
59
109
1
223
136
248
211
61
5
36
80
250
58
25
26
104
69
87
11
77
212
187
39
176
130
68
248
44
88
104
226
218
176
83
135
183
176
154
125
16
201
31
223
18
106
184
198
187
231
252
17
108
78
121
238
126
2
96
212
162
195
6
70
183
75
75
96
136
182
230
18
1
183
176
179
226
135
63
60
35
185
42
166
131
135
154
226
236
222
176
116
201
52
60
212
243
105
37
61
65
126
109
96
11
158
154
108
42
10
38
111
182
187
167
183
101
204
115
106
132
60
211
130
220
146
35
125
126
117
125
74
117
28
42
237
65
39
121
226
252
203
34
27
238
245
191
47
190
19
15
88
43
166
167
167
4
60
169
14
33
174
117
36
18
202
108
182
53
167
7
17
130
215
86
187
223
226
18
11
130
10
34
243
130
35
191
66
136
217
8
236
239
237
186
115
91
117
250
111
17
146
10
39
148
153
44
221
202
187
221
29
38
42
168
96
34
167
91
61
104
62
145
117
221
44
83
233
195
54
154
18
226
148
14
120
130
185
83
196
221
147
83
42
202
120
67
14
203
5
158
109
236
35
99
66
33
59
24
68
42
59
25
21
14
124
29
190
111
15
211
117
195
26
247
111
203
223
14
1
10
11
109
187
24
147
60
256
53
250
24
105
130
55
223
26
132
47
69
42
87
29
31
238
1
60
247
145
147
223
116
226
201
231
124
86
109
18
117
204
201
3
77
245
121
108
108
226
249
230
187
14
83
250
69
146
12
33
174
147
98
221
109
174
252
3
60
147
68
32
10
132
213
217
76
195
190
25
77
60
184
245
249
249
238
153
33
25
249
111
135
169
182
176
249
196
250
132
114
88
103
60
215
94
26
256
31
140
196
37
207
217
140
135
154
31
187
172
100
31
111
226
132
132
217
60
76
111
2
60
3
181
203
201
94
105
42
10
15
73
70
6
172
26
79
28
100
64
47
145
10
34
1
39
174
109
96
42
207
249
146
22
195
26
74
16
44
1
202
42
247
238
49
100
62
100
83
132
170
59
42
83
243
195
26
88
251
3
91
132
219
218
215
86
60
124
245
177
81
248
96
238
147
187
8
135
30
136
116
35
137
77
84
115
201
166
111
193
77
94
14
37
237
191
61
64
117
180
76
13
78
81
91
205
122
154
187
64
239
239
207
168
105
207
1
212
98
175
170
207
6
207
196
219
33
217
63
15
30
120
196
157
203
121
55
60
226
219
91
34
71
248
219
52
14
91
111
220
118
185
15
61
75
256
180
226
253
229
131
132
201
133
158
111
140
187
44
96
203
242
161
14
64
60
120
187
139
76
78
67
39
189
207
105
171
149
256
207
9
42
236
176
129
137
111
109
109
156
256
202
106
114
236
221
117
226
119
226
28
41
35
158
226
89
187
160
117
161
207
51
27
192
252
108
35
196
136
239
121
212
66
24
162
113
4
131
250
207
226
34
223
20
126
69
34
24
77
172
212
140
61
61
195
154
196
1
190
248
30
96
160
76
107
93
114
24
76
35
194
103
49
3
30
77
147
170
195
47
249
61
134
42
58
14
49
228
83
70
144
101
18
42
39
174
111
174
9
117
197
101
124
242
14
42
32
194
253
84
195
193
256
89
168
154
72
158
187
169
100
43
190
248
132
88
117
223
238
34
91
111
70
169
42
78
3
82
26
236
210
117
109
55
201
245
134
31
14
138
190
10
178
25
236
37
30
203
187
91
91
105
137
117
124
111
253
91
180
255
221
250
114
10
1
91
20
117
100
26
217
73
29
88
100
132
168
2
193
111
223
226
215
69
1
23
76
102
128
73
256
241
15
96
226
137
57
225
175
106
202
96
18
10
77
249
238
212
72
211
89
229
228
217
176
13
196
65
14
134
73
238
26
252
247
38
35
19
32
207
226
60
1
30
13
86
72
25
122
228
105
26
210
236
24
88
78
55
190
44
42
226
82
60
166
14
26
134
72
39
190
176
26
240
38
103
25
196
56
226
256
35
161
181
82
91
184
135
255
17
21
34
207
117
196
99
245
105
230
227
137
23
42
134
214
34
94
34
113
155
106
61
100
199
218
12
201
196
226
22
55
130
168
174
238
169
38
111
130
42
76
219
4
172
114
32
52
94
11
78
60
150
238
77
84
145
114
192
39
43
22
19
111
159
249
3
253
132
24
189
145
201
110
24
13
33
2
31
114
49
175
60
203
14
214
59
153
89
26
100
49
229
60
195
84
77
146
137
178
43
63
236
34
176
223
191
33
124
25
15
83
221
189
96
49
132
191
79
176
238
12
132
103
43
192
174
193
27
203
19
14
40
247
225
14
18
31
117
88
135
196
207
112
36
39
134
3
66
207
184
35
88
218
7
216
81
236
72
26
42
137
76
56
81
34
91
33
135
159
90
176
134
132
60
256
103
13
42
193
212
14
60
110
228
215
60
91
253
63
102
207
256
223
78
18
73
61
189
237
122
252
153
82
228
237
256
247
14
72
137
187
1
129
221
47
122
13
80
181
76
35
14
69
103
192
195
64
96
136
198
201
9
8
219
64
78
201
223
83
77
43
49
33
228
198
137
235
4
49
94
203
186
185
39
163
226
93
66
192
138
223
169
25
89
162
91
60
181
223
35
120
126
150
24
112
194
107
132
162
219
218
35
116
223
252
220
21
236
153
180
94
13
196
86
252
55
63
110
236
132
129
25
158
60
83
117
247
15
181
35
11
14
53
203
43
106
221
226
56
120
207
95
111
21
2
78
170
150
223
219
105
147
43
105
116
219
219
34
111
157
124
187
228
57
13
121
152
159
60
226
120
253
83
236
145
64
199
236
32
101
238
223
236
228
122
84
171
88
240
83
228
247
83
135
70
61
60
196
46
186
244
150
187
203
102
64
196
34
139
221
14
61
100
242
32
204
196
175
236
203
8
64
172
196
35
69
194
14
126
225
120
10
220
146
149
34
137
60
196
128
106
43
70
196
42
149
60
88
61
31
54
35
193
104
134
201
36
53
250
60
13
110
230
103
199
34
70
53
215
12
22
196
117
88
214
240
226
240
45
247
137
189
56
248
196
245
132
219
226
48
61
9
22
174
19
79
243
37
237
13
61
13
53
39
237
196
84
249
245
195
70
89
9
248
36
256
256
175
255
39
10
102
32
134
256
63
60
116
207
190
102
117
248
135
137
135
103
149
100
189
201
169
215
42
34
135
13
187
240
219
149
163
154
30
60
2
72
134
2
185
245
43
