220
220
105
220
110
105
79
174
145
172
220
220
115
176
145
67
220
110
9
86
67
94
9
12
230
172
138
79
67
145
62
174
12
44
94
211
220
79
44
79
12
64
67
84
123
79
79
66
14
115
62
17
44
44
211
174
79
44
172
172
79
220
114
94
9
79
17
12
77
64
75
94
44
17
178
94
26
44
114
184
79
178
9
231
48
50
172
157
99
50
184
136
157
131
237
178
184
114
174
99
77
94
79
190
94
176
155
176
39
39
39
9
214
84
114
135
218
99
178
12
174
216
99
42
216
136
84
137
99
137
44
104
218
64
64
218
207
161
216
216
124
216
9
104
85
172
153
153
184
143
193
150
99
104
137
99
144
143
218
218
104
218
184
126
44
207
228
228
99
83
216
129
216
67
247
154
186
97
205
146
52
141
179
