146
42
59
59
17
146
42
231
17
231
182
146
17
182
183
183
183
17
7
183
42
59
80
55
31
80
166
172
118
42
231
17
172
183
183
207
55
9
88
13
150
165
84
84
42
13
202
118
123
150
7
17
63
84
182
80
202
13
225
3
71
205
108
219
169
75
184
97
205
191
3
118
176
236
215
202
243
75
205
205
42
205
169
3
150
184
88
123
84
55
205
219
121
138
146
29
74
183
224
97
236
231
228
17
183
80
231
110
55
185
132
23
88
65
155
233
23
23
88
229
181
215
202
170
177
29
215
63
23
185
178
65
153
205
169
41
233
74
243
46
51
3
65
153
75
230
170
63
72
215
28
63
55
216
23
222
28
184
78
107
249
109
88
93
153
77
23
232
72
9
181
183
3
241
25
172
239
135
9
193
157
74
109
181
205
74
185
233
95
109
208
118
23
249
63
79
79
94
120
241
110
166
222
96
31
9
120
109
163
74
17
230
79
153
9
123
44
40
111
38
207
120
183
178
153
153
120
109
96
205
179
183
32
96
41
34
174
183
153
9
72
9
179
109
9
139
248
25
118
120
178
107
52
32
213
233
230
24
105
240
88
193
164
146
178
123
146
131
242
153
212
163
207
50
34
140
40
32
179
129
9
105
172
129
73
120
184
161
38
55
146
243
240
55
246
205
55
186
213
237
114
223
221
161
87
59
115
18
74
129
66
193
59
163
54
129
182
202
125
61
9
133
206
221
73
167
36
211
36
233
151
20
136
167
117
102
55
153
213
231
139
233
233
217
230
139
139
169
255
49
179
242
112
15
167
236
138
129
114
205
168
36
91
87
206
224
72
34
194
68
242
36
242
150
90
202
139
213
150
181
151
54
160
74
44
101
116
139
232
2
120
164
53
72
115
135
139
119
29
109
45
231
212
167
32
115
183
181
41
109
245
209
135
26
160
92
98
210
48
29
236
73
118
201
180
174
73
98
135
194
167
81
53
256
237
72
92
98
160
53
203
39
232
112
92
151
92
63
194
59
232
17
118
122
72
130
209
156
44
49
101
92
84
159
130
73
220
21
86
149
121
232
210
220
198
210
197
33
78
198
131
49
163
255
46
44
45
235
81
195
255
44
232
212
159
53
20
121
92
231
8
222
124
65
122
90
120
60
67
45
187
195
231
59
150
79
150
60
72
197
10
182
65
199
218
60
52
36
36
182
185
119
197
195
90
72
20
66
189
79
201
113
33
21
30
109
194
79
181
197
194
199
121
65
247
37
90
72
150
139
139
53
39
176
120
61
39
135
65
195
244
92
231
61
36
171
65
235
255
230
31
248
138
101
5
113
202
72
120
120
120
210
65
237
112
50
53
11
120
43
185
206
195
244
5
139
115
187
150
60
232
217
108
223
176
176
10
142
208
122
108
120
237
171
104
72
1
135
130
119
135
28
33
232
124
55
195
92
1
248
20
70
189
171
130
161
232
195
21
135
100
119
53
67
176
124
137
139
244
37
49
216
115
4
139
52
100
190
185
171
72
171
150
202
148
46
67
125
122
189
148
2
214
185
188
188
137
119
15
1
115
42
150
92
152
78
26
62
135
120
185
26
245
15
72
171
4
78
232
162
203
184
176
188
28
135
115
213
84
213
66
1
232
77
72
55
78
232
188
200
168
188
1
232
42
163
188
117
203
55
26
135
26
53
1
139
191
120
232
135
232
69
52
