16
47
10
90
228
177
165
228
126
228
223
69
24
89
239
220
242
89
16
67
228
28
177
185
16
11
135
182
231
225
105
237
58
135
1
162
51
90
37
222
205
249
56
211
47
239
175
126
56
122
150
33
28
41
52
243
145
167
128
239
96
166
211
128
84
216
128
58
231
176
135
113
46
171
30
47
6
26
84
219
135
210
117
138
67
103
205
128
249
212
199
96
239
60
211
177
144
243
26
166
55
129
61
153
223
77
236
231
135
22
16
93
67
47
13
223
183
194
128
170
128
223
105
223
90
195
32
231
67
231
231
212
98
89
226
166
6
47
212
231
110
63
67
52
223
28
112
38
194
108
156
203
10
58
75
239
55
231
151
205
225
219
7
147
225
106
194
170
250
46
6
88
21
128
55
147
243
203
58
140
107
79
119
239
97
199
91
55
58
244
121
90
237
244
33
212
231
40
38
135
1
146
32
185
135
47
108
51
107
24
10
186
146
223
9
184
67
192
67
90
40
94
146
117
209
7
97
7
256
47
136
33
164
87
233
26
256
156
107
97
16
103
13
22
245
14
36
216
190
140
64
19
127
95
120
144
105
139
31
180
87
248
91
138
114
245
31
73
138
14
24
65
20
145
10
100
177
95
150
222
244
18
164
256
7
37
233
194
6
134
175
55
128
39
168
101
10
253
231
207
7
160
36
248
19
13
107
87
203
146
58
8
65
194
151
143
144
151
151
143
14
239
238
169
146
244
151
185
35
97
130
97
79
36
107
135
160
87
121
169
102
167
64
58
252
1
104
166
58
33
194
93
29
135
107
177
215
5
192
66
93
35
66
216
80
67
102
55
21
6
193
87
230
6
74
71
88
14
108
1
13
139
166
69
65
127
203
166
10
102
233
6
30
55
220
135
192
117
2
80
121
226
167
230
139
39
138
226
107
208
14
14
5
61
91
58
174
194
119
139
1
183
248
229
70
252
119
118
25
90
17
117
195
74
3
109
174
235
11
110
38
181
6
17
236
208
47
95
14
219
167
60
52
89
130
101
7
65
111
188
229
174
187
100
215
173
233
199
192
13
236
139
58
65
146
21
205
55
8
47
91
152
18
180
233
1
90
236
255
2
238
250
39
90
179
18
160
33
137
24
117
17
255
147
55
13
234
92
17
209
170
206
55
38
38
198
36
199
49
167
174
188
150
96
28
50
226
246
11
182
246
229
20
184
119
172
209
202
130
23
108
137
193
233
64
24
137
185
117
167
10
180
164
250
10
186
65
196
40
156
87
233
103
179
90
238
103
37
21
139
66
130
4
9
66
147
179
137
222
147
59
28
245
47
192
108
127
226
164
179
88
13
1
24
198
107
14
10
151
79
238
219
70
95
116
208
66
150
90
58
238
245
35
173
94
101
238
109
210
173
60
239
46
39
160
225
207
245
140
207
65
223
243
37
117
10
212
119
10
251
94
47
33
242
8
90
238
6
108
6
24
233
195
103
109
134
160
6
27
46
90
47
28
58
131
167
11
139
103
182
1
139
139
208
225
4
237
187
212
250
127
5
145
222
101
212
222
254
14
136
30
175
131
139
70
252
17
192
14
103
14
117
128
195
208
97
225
207
222
79
156
39
156
58
245
251
117
2
179
47
41
100
58
103
110
126
179
131
88
11
173
14
174
172
209
68
169
255
210
168
242
70
68
46
92
217
28
130
30
183
164
4
121
180
14
67
96
58
187
36
4
142
1
14
46
4
14
119
107
137
58
4
150
164
100
167
167
195
59
14
37
20
167
78
176
147
193
101
47
167
113
58
16
142
198
180
47
46
122
1
91
90
60
28
142
34
20
8
135
156
167
187
76
21
201
123
248
38
8
60
194
119
173
125
147
167
131
183
252
219
179
11
139
19
238
70
9
248
233
139
201
130
70
8
126
209
100
83
4
219
135
142
100
192
146
118
156
41
78
221
179
119
164
180
120
60
234
120
191
223
14
116
54
37
236
125
8
100
44
116
96
179
47
102
211
168
9
70
185
201
78
135
108
61
167
256
147
220
130
100
34
187
167
109
142
61
234
187
51
187
65
59
206
134
93
164
255
46
201
59
187
198
167
225
78
101
116
156
70
131
20
58
9
5
116
240
231
156
137
187
198
167
214
92
70
190
192
140
203
188
53
70
131
90
6
30
30
220
29
60
187
192
135
179
61
125
196
116
8
167
135
185
101
61
116
24
233
69
167
120
8
11
179
201
106
203
38
140
19
5
33
77
168
254
57
171
96
245
135
6
137
195
180
169
21
100
46
167
192
116
238
187
96
120
116
5
227
201
134
24
64
137
120
204
131
70
100
60
100
104
19
10
79
24
42
33
10
231
130
16
96
127
11
233
188
179
176
201
62
179
26
167
170
245
248
144
196
198
137
187
117
219
137
167
223
105
182
29
127
101
164
8
73
137
164
116
1
120
180
121
137
101
119
207
81
31
153
38
135
46
164
173
101
70
179
130
127
123
241
38
134
60
210
4
60
234
134
108
143
4
167
241
102
1
19
192
115
154
223
192
6
187
131
137
101
146
233
186
198
167
76
137
12
170
241
248
253
2
182
120
66
11
34
195
192
56
30
60
211
137
21
46
38
135
116
121
4
106
42
60
201
137
137
117
20
20
162
144
176
10
139
33
229
179
8
131
96
101
70
14
115
33
153
29
192
70
207
196
61
241
100
93
116
30
203
207
121
221
126
166
2
39
68
187
70
203
149
179
5
135
241
137
201
201
116
125
117
212
238
60
196
39
110
91
70
14
180
56
137
137
164
175
180
137
103
167
169
42
134
116
187
38
2
70
195
130
238
94
1
182
156
120
61
179
156
33
164
111
156
214
156
181
137
137
70
70
252
116
226
79
226
201
191
53
120
164
126
254
243
179
89
240
101
101
116
77
79
135
116
179
88
39
34
38
49
79
69
111
222
1
137
233
24
135
101
4
5
173
154
116
116
4
101
219
137
33
81
219
137
255
214
30
17
248
169
40
30
179
248
240
246
20
246
70
147
100
79
111
154
214
78
122
5
77
137
9
2
142
30
70
168
137
65
136
126
212
39
116
116
195
137
180
50
102
24
37
30
203
196
33
35
187
180
180
10
111
241
187
116
14
38
70
187
138
116
210
50
240
201
192
8
219
134
66
77
192
61
57
180
65
111
116
116
187
33
199
190
116
2
187
39
203
116
201
137
19
142
244
116
64
167
16
220
14
238
44
137
10
201
81
189
1
39
114
200
33
120
117
100
39
60
154
30
37
120
237
91
181
90
233
212
38
137
5
26
142
238
15
233
53
103
239
187
196
196
116
10
134
152
248
137
14
96
155
241
138
30
81
180
1
249
237
183
53
39
219
219
198
212
247
169
199
228
238
16
91
144
144
103
253
181
167
117
11
86
141
169
137
116
116
58
1
86
33
116
14
38
120
116
60
237
10
181
90
137
101
175
200
180
187
146
30
136
189
3
132
14
5
9
198
156
233
137
60
60
11
222
79
187
35
35
117
53
77
137
77
86
163
103
203
142
135
8
129
151
120
181
103
137
137
91
64
219
134
137
43
30
61
149
192
116
199
212
46
39
254
34
2
219
34
60
177
166
70
156
70
156
192
9
188
135
137
115
132
82
117
53
120
176
76
199
189
26
192
102
34
106
169
136
89
100
167
10
172
201
116
70
70
34
91
117
201
70
70
131
93
115
217
236
233
81
4
86
223
229
167
27
131
189
179
137
189
8
129
13
46
186
34
91
57
130
33
137
236
256
36
256
94
171
61
142
79
137
115
108
187
38
11
105
173
104
195
241
96
69
192
62
140
253
223
156
66
10
79
223
190
236
196
70
237
96
65
108
30
151
64
137
156
119
53
170
98
2
182
77
196
201
189
101
96
53
187
116
87
166
238
117
116
81
116
131
147
232
227
103
24
132
91
76
121
4
124
38
8
219
233
61
116
121
11
167
61
240
106
70
82
120
200
60
78
241
167
167
252
149
187
165
167
11
174
202
33
5
254
201
196
2
177
176
55
116
90
142
14
212
10
221
64
24
201
14
89
255
212
42
116
1
137
187
193
169
115
156
124
46
233
256
167
11
117
69
116
134
35
10
245
248
169
212
192
167
127
175
65
47
119
212
70
67
147
71
66
2
77
36
116
94
243
137
70
38
43
131
43
121
120
60
78
1
51
24
112
189
75
189
35
60
171
39
74
93
61
101
245
179
137
116
196
53
70
100
75
6
107
11
248
59
221
121
46
186
113
188
43
119
78
35
137
203
64
102
166
210
91
120
158
69
135
201
238
101
167
47
40
183
30
248
70
229
71
140
137
62
137
233
115
219
214
170
35
121
19
108
102
256
135
102
76
167
47
74
223
139
252
11
174
123
8
33
254
187
132
229
70
93
2
223
134
69
39
226
96
25
166
116
53
39
229
88
3
101
102
134
79
31
154
154
179
154
71
223
5
69
108
25
124
206
122
43
81
10
24
91
167
39
121
238
198
196
36
116
79
46
252
250
147
164
199
200
219
137
164
233
240
169
79
196
70
10
223
202
169
66
236
219
100
10
103
102
187
242
237
203
121
199
49
30
24
82
215
244
137
107
205
116
61
90
35
59
120
39
64
199
102
19
142
30
68
35
35
200
116
34
60
194
96
131
69
154
102
212
120
116
124
96
226
198
2
46
10
108
175
185
137
187
226
102
71
47
10
181
202
11
26
254
191
53
121
154
72
254
117
24
93
207
186
235
207
237
203
216
132
187
187
30
137
187
141
199
149
19
152
34
155
31
233
10
47
117
6
207
221
77
61
130
189
198
187
56
154
14
132
174
113
61
30
25
170
223
39
105
101
46
201
227
91
102
66
169
10
131
43
70
67
102
119
132
61
70
124
205
222
200
107
119
234
122
196
41
219
22
248
13
212
4
144
46
223
22
186
44
137
238
119
101
224
47
196
187
114
215
152
170
242
33
140
56
75
137
30
41
35
4
43
