50
55
50
155
93
181
111
189
38
205
40
145
146
162
75
150
75
75
166
224
26
171
26
146
52
52
84
256
40
105
111
185
33
170
146
146
28
115
163
52
112
146
145
246
50
106
189
115
126
144
240
35
203
63
84
31
118
146
163
133
84
210
93
166
256
220
96
31
118
249
256
184
39
28
256
65
144
146
164
162
213
163
118
230
162
146
170
133
133
22
256
35
31
52
140
95
256
85
146
184
203
256
203
246
252
118
35
108
169
84
162
121
35
117
197
108
146
25
163
80
84
25
230
252
166
38
146
133
171
213
179
111
84
85
172
106
184
240
194
139
236
206
73
52
32
163
205
169
164
169
91
252
10
170
240
75
195
170
73
163
201
170
203
151
256
35
50
256
238
252
18
242
201
5
111
186
55
240
35
37
108
85
121
179
170
89
230
85
238
116
36
121
85
31
236
153
85
121
169
146
117
180
256
240
34
240
85
8
25
35
246
256
166
203
168
85
196
103
89
153
255
171
255
10
121
80
63
135
195
55
37
240
195
41
121
35
201
37
62
146
240
35
38
85
186
202
10
37
253
35
64
85
206
118
35
146
163
190
169
115
103
34
14
12
29
195
31
252
203
146
135
138
25
144
138
187
203
220
253
80
221
137
108
201
96
201
10
194
146
103
239
240
256
35
248
108
195
25
34
81
85
253
4
146
186
253
85
103
252
182
256
52
85
256
102
210
42
131
103
64
179
176
169
108
151
95
194
195
102
158
14
213
223
203
190
118
219
182
85
10
240
115
197
197
202
252
37
203
34
85
169
186
96
84
88
223
52
29
19
108
170
8
256
47
196
133
163
223
220
170
80
95
11
248
91
31
137
249
85
252
240
176
194
126
170
37
50
85
102
153
10
85
59
179
210
238
38
121
133
96
156
240
121
134
35
116
35
80
182
235
235
96
186
145
252
203
34
146
166
162
238
190
70
221
204
63
85
223
89
19
240
82
35
35
64
96
203
7
108
170
35
221
170
186
8
52
31
110
80
186
69
256
35
35
74
35
247
10
170
85
170
169
32
144
229
39
101
164
238
120
64
82
195
256
85
176
85
144
65
201
35
8
201
169
56
10
42
85
35
170
158
84
190
35
240
101
201
91
103
230
52
19
170
115
82
85
146
189
221
176
35
169
35
219
85
121
236
34
252
80
35
163
194
213
249
186
199
101
74
134
91
140
121
194
65
186
31
34
133
71
133
249
15
169
34
10
85
5
104
176
196
170
169
102
27
186
179
130
85
139
169
237
10
238
144
176
39
169
240
256
201
10
31
186
35
148
253
169
85
82
15
216
201
86
256
67
19
13
186
242
203
40
249
238
196
124
169
166
201
199
121
169
35
256
203
42
169
88
176
10
169
82
162
52
88
203
105
194
202
103
121
35
102
186
146
31
89
27
25
121
256
10
238
117
25
252
41
163
196
230
256
74
35
127
88
199
210
55
238
210
138
35
103
96
201
170
31
139
70
35
170
190
240
35
89
238
233
145
111
133
170
85
203
169
166
252
169
221
196
117
240
170
223
93
164
31
206
255
221
231
31
121
179
121
14
35
31
250
238
237
144
103
201
219
194
242
196
221
219
164
201
110
146
76
249
85
253
169
35
236
219
121
170
10
96
201
39
238
146
201
35
105
172
236
63
192
169
85
201
187
31
253
255
223
236
190
35
230
10
203
130
170
201
138
65
133
195
124
238
210
201
107
203
35
203
37
96
133
80
12
221
256
32
256
240
85
121
35
42
256
163
39
64
64
199
133
31
64
240
18
26
77
256
134
210
83
221
170
112
201
79
85
170
35
169
88
14
35
35
240
103
35
133
240
233
219
252
178
35
106
256
237
64
91
169
179
21
225
186
32
34
19
144
65
121
85
89
186
228
65
201
238
35
223
256
219
169
70
34
103
170
236
91
190
35
60
134
223
252
164
101
74
88
236
236
183
39
186
240
199
133
194
256
117
35
240
193
50
187
230
130
203
230
130
31
39
36
230
256
169
210
186
34
113
223
25
65
35
110
42
35
80
158
203
253
65
196
64
64
64
194
25
18
60
121
214
237
76
133
164
35
190
192
94
201
180
65
10
189
240
96
5
201
237
35
130
121
142
196
35
240
169
186
169
201
170
190
35
192
170
201
13
174
134
203
163
203
48
197
201
120
39
190
219
238
247
34
187
5
228
85
240
210
62
242
201
170
240
145
196
26
19
238
256
108
35
19
186
52
83
86
242
201
199
170
199
35
72
170
189
34
140
121
35
69
169
169
169
166
35
240
253
146
88
221
186
232
201
67
238
96
170
79
195
159
167
215
31
213
158
65
88
170
240
169
196
4
42
214
229
201
201
236
11
247
189
44
189
34
170
201
169
204
238
146
48
237
35
256
240
196
201
219
253
219
236
196
10
29
35
103
42
237
10
189
236
19
96
34
192
86
65
186
130
169
93
64
35
256
201
220
240
189
102
170
114
170
169
253
170
115
35
170
81
10
237
69
35
201
35
253
219
134
201
238
83
52
176
13
8
213
35
214
10
229
83
10
186
34
196
65
80
212
89
35
47
223
48
203
201
199
10
170
18
237
170
238
169
47
35
186
19
169
221
186
35
133
237
103
10
236
76
10
238
196
195
19
256
170
201
8
213
238
140
62
73
135
96
196
201
199
88
236
35
135
169
11
201
19
111
162
236
169
256
240
203
256
52
35
35
86
38
37
213
202
35
10
157
186
111
201
169
189
170
35
13
115
71
201
201
201
10
32
221
52
179
83
42
214
221
10
