80
123
123
123
123
212
212
212
123
251
251
212
212
251
251
187
123
72
51
51
123
129
51
7
7
177
203
51
177
177
177
177
203
180
177
54
206
206
182
54
239
7
182
51
206
54
125
212
186
54
54
54
54
9
177
40
9
112
239
194
206
177
54
125
115
66
206
205
40
93
114
190
125
183
51
107
93
251
23
118
205
114
161
180
177
239
182
9
124
33
183
5
54
115
206
86
118
92
190
205
213
39
203
166
120
56
109
64
85
51
56
108
109
85
114
82
230
118
250
173
157
51
85
45
86
194
79
197
228
45
173
42
72
213
99
109
82
99
184
166
160
181
72
45
70
45
228
90
250
209
196
192
42
108
213
114
236
85
171
187
178
30
178
204
178
3
118
23
215
51
184
211
32
78
72
54
178
52
72
117
56
89
54
42
9
255
179
162
117
99
39
157
183
135
45
158
135
211
253
153
74
31
54
52
105
194
23
160
39
121
90
54
153
3
216
54
153
214
81
128
172
255
74
39
128
153
206
124
72
146
44
135
240
240
207
144
4
105
85
70
169
144
211
82
85
169
13
187
197
96
128
165
232
23
240
72
160
85
255
212
46
33
64
230
13
45
100
194
35
216
135
135
82
37
169
39
135
115
55
82
54
165
27
132
154
101
70
160
23
1
128
98
172
23
226
113
230
255
45
11
70
33
120
117
39
114
245
115
132
70
59
137
82
82
6
54
60
1
120
196
26
44
128
214
172
51
129
101
161
3
51
117
155
207
67
72
69
211
8
72
17
51
26
247
223
10
39
116
172
155
182
216
37
213
224
51
212
216
256
82
110
162
155
128
95
44
45
255
195
38
51
91
72
76
139
97
130
46
110
173
94
46
46
241
142
95
188
51
2
39
60
46
207
56
29
86
110
161
160
211
68
104
37
240
172
132
60
68
103
82
26
100
91
136
70
129
24
114
32
174
126
190
104
242
96
96
35
243
33
205
253
213
95
172
39
68
17
157
26
9
39
82
94
72
100
96
4
166
216
216
68
25
216
55
205
144
117
21
61
95
14
176
117
35
142
218
195
211
44
221
67
137
129
158
136
179
109
35
95
105
33
91
121
207
59
100
31
139
114
211
195
140
171
131
221
136
35
39
60
35
213
70
132
94
14
221
37
246
72
206
98
216
13
39
93
154
13
195
96
216
68
83
153
212
37
37
167
117
105
44
3
60
147
164
188
97
2
28
28
78
56
232
4
66
120
171
68
115
207
197
87
31
114
221
207
140
211
162
127
97
160
156
199
4
120
3
170
167
184
3
86
87
89
150
97
37
164
15
63
136
143
79
120
13
131
94
204
78
206
50
139
110
207
239
226
207
197
68
127
108
137
255
162
93
247
192
150
89
50
60
137
66
100
98
229
76
188
161
120
247
87
4
105
120
245
92
197
253
61
188
171
247
247
171
82
158
37
192
240
132
148
14
137
105
183
161
188
44
44
132
223
240
93
114
223
102
46
224
221
43
240
249
120
39
4
206
132
137
45
44
3
3
82
143
182
195
10
212
93
33
9
82
19
153
255
226
76
192
35
236
199
236
33
149
137
35
104
3
144
76
253
82
68
196
28
76
165
241
137
186
216
185
137
197
93
83
207
139
169
148
141
183
4
49
33
243
83
137
11
49
137
57
230
184
37
66
192
162
141
167
197
197
10
153
120
42
13
13
86
104
37
120
100
4
168
192
106
50
189
139
241
252
183
193
197
149
29
64
76
99
157
241
33
195
44
70
44
19
60
150
69
115
13
255
255
14
68
100
42
253
60
10
177
76
109
42
104
100
108
229
136
93
39
138
58
186
49
100
173
61
137
49
9
49
70
