160
160
66
128
160
128
166
209
209
123
162
165
173
105
112
105
80
143
209
105
143
243
128
136
75
50
253
165
71
80
165
248
118
75
195
209
42
204
128
91
42
123
27
112
208
204
130
231
89
177
112
51
165
118
123
62
208
123
136
173
245
123
41
51
123
145
208
51
130
17
151
143
123
89
177
110
26
33
42
185
54
106
108
105
163
203
29
162
123
220
163
106
128
50
136
209
75
51
218
123
33
21
66
223
90
123
243
112
149
177
59
123
58
149
223
17
112
205
177
136
243
217
54
106
251
218
145
227
3
229
128
9
54
42
128
103
59
71
253
95
118
115
51
107
249
28
104
80
105
192
100
195
71
203
58
95
249
81
136
247
97
172
145
71
62
190
3
54
220
165
178
218
151
10
92
145
220
71
251
251
42
104
169
123
251
229
114
104
90
98
84
209
183
66
243
17
176
69
122
230
150
114
238
114
243
13
182
172
212
160
122
84
189
214
209
157
247
242
238
71
135
39
97
114
59
173
146
208
220
214
115
94
211
112
189
243
138
84
212
203
163
170
75
244
220
201
17
157
154
185
207
28
121
227
98
230
84
200
163
29
17
220
39
181
71
182
154
181
46
129
181
136
59
154
129
254
181
75
252
184
201
51
115
200
136
62
181
114
209
11
181
180
176
112
164
129
28
88
123
198
180
240
254
190
192
200
227
129
143
36
71
67
123
123
163
227
223
102
135
71
185
244
180
102
201
227
7
227
21
17
231
182
203
123
112
106
204
182
164
209
189
30
71
112
112
8
197
234
200
203
204
141
16
11
129
252
246
141
150
231
34
244
73
28
84
138
166
48
194
69
129
153
244
222
102
129
230
54
43
7
176
138
28
30
3
84
250
195
106
231
67
80
194
240
214
238
169
37
16
74
138
150
154
74
236
117
40
180
227
8
248
176
252
222
175
214
98
132
67
14
138
98
177
14
244
160
71
11
62
14
177
249
245
130
195
177
97
209
244
136
54
69
249
51
222
235
136
89
144
43
149
102
137
71
62
195
198
19
14
114
151
165
151
14
246
151
217
59
119
209
75
36
89
54
231
28
28
163
165
209
249
225
37
209
101
51
138
177
62
253
102
181
109
115
169
6
256
31
117
200
84
144
209
253
80
105
214
138
17
36
191
185
69
217
195
165
122
200
162
252
26
31
235
130
131
9
200
177
70
12
109
204
200
214
118
122
105
184
235
112
107
107
6
243
91
40
71
240
253
163
110
216
4
122
200
97
182
89
28
31
50
118
70
227
91
195
35
227
216
233
222
80
141
112
155
192
64
227
152
248
112
143
192
13
231
180
235
195
161
40
31
200
200
200
105
18
40
213
217
181
118
174
173
194
109
145
52
204
181
154
118
62
181
66
231
35
36
118
118
91
62
111
199
109
114
170
96
195
36
164
54
131
40
254
40
141
115
130
250
130
62
77
200
231
200
66
2
118
250
130
40
170
221
198
109
231
219
96
64
130
174
198
145
181
118
237
173
253
107
1
198
243
20
188
96
145
64
243
141
253
79
99
130
219
115
114
174
54
53
194
243
102
24
173
122
174
122
160
165
123
98
254
202
96
115
82
165
115
80
39
96
147
67
250
24
160
24
50
26
212
33
59
202
207
116
188
171
114
62
71
209
209
113
217
24
71
250
48
171
255
118
224
123
90
107
185
92
136
67
216
173
239
234
148
197
59
113
185
130
141
90
42
90
33
118
190
141
107
155
186
6
173
141
6
126
113
197
241
141
224
90
13
47
90
26
130
197
80
106
11
246
107
126
72
136
43
234
234
72
227
107
72
72
248
217
48
83
26
47
130
144
145
227
39
5
235
200
227
47
234
92
152
100
254
189
235
72
48
160
231
226
67
188
224
150
48
41
209
189
191
173
227
254
130
47
152
83
4
200
200
156
159
226
152
254
188
152
72
200
48
226
195
20
49
19
197
198
200
169
72
254
200
198
191
48
152
48
39
200
197
148
92
152
113
24
