204
242
111
81
81
83
160
26
196
126
112
186
172
123
97
172
201
186
205
17
172
128
186
11
102
186
194
17
105
102
151
160
204
123
134
180
105
13
160
221
90
214
64
5
151
126
22
151
22
66
31
195
112
160
229
190
11
119
195
219
147
119
112
190
34
22
205
151
98
95
81
57
83
205
14
7
83
22
81
105
186
62
22
160
10
94
98
57
151
240
115
103
46
98
65
194
90
98
52
134
98
97
26
98
98
138
112
96
170
12
87
162
208
25
238
108
65
229
102
26
65
112
155
104
62
17
112
194
69
69
251
64
69
163
138
104
4
41
87
181
115
148
204
165
143
104
112
204
162
91
89
104
244
34
216
57
35
252
122
104
155
122
198
216
106
154
98
103
165
204
244
145
98
112
181
201
157
43
108
79
58
22
154
157
252
79
86
251
161
91
221
221
26
195
198
96
119
27
214
28
27
204
50
62
194
104
44
103
112
204
37
5
160
160
81
159
190
201
228
201
182
28
245
112
55
134
104
204
216
71
151
4
112
229
101
73
62
231
214
79
237
214
44
190
160
58
165
195
209
136
26
176
196
249
47
156
160
112
252
62
221
4
50
112
93
112
151
121
253
165
128
251
26
176
96
115
130
222
62
104
148
159
115
203
112
115
105
230
252
59
252
204
165
151
254
122
82
229
252
89
221
249
141
252
151
161
134
157
237
89
165
165
149
195
87
4
254
163
148
103
204
148
98
112
195
127
108
165
11
255
206
79
199
193
2
127
5
62
84
65
204
144
62
11
116
101
165
112
200
244
255
217
59
112
92
204
5
221
11
192
115
62
62
221
156
209
62
150
219
62
163
117
89
205
157
18
216
206
187
221
200
62
17
62
27
62
206
160
200
21
102
204
69
22
3
219
174
193
204
104
253
62
102
92
97
240
173
219
71
190
5
180
220
221
252
19
254
244
193
65
89
149
199
123
94
161
89
204
69
160
22
89
87
98
160
121
24
89
89
65
5
98
204
160
22
130
54
201
216
6
207
213
18
165
237
254
159
253
92
94
144
19
175
87
112
160
121
115
214
95
216
104
56
75
71
219
170
217
64
160
237
89
94
98
119
209
121
230
118
54
160
213
48
155
98
22
90
129
182
251
244
11
47
237
219
159
254
175
165
154
145
8
61
225
50
204
134
94
21
22
216
160
22
96
92
50
231
130
240
71
232
160
81
91
22
242
90
191
162
153
98
126
239
16
253
54
230
89
140
8
21
94
239
89
17
143
89
107
239
104
214
58
161
89
175
69
21
54
55
5
16
244
83
191
89
91
2
44
141
62
51
143
89
75
62
195
94
89
166
137
175
89
161
200
121
165
195
26
154
200
5
224
65
221
87
89
50
140
116
229
89
50
194
55
145
107
96
204
119
87
155
81
62
173
225
160
151
155
96
89
224
89
104
75
98
54
103
239
251
75
160
22
9
81
232
200
154
151
102
212
221
120
5
5
213
160
94
204
254
98
204
52
161
122
98
216
213
154
208
8
6
173
94
22
152
90
64
50
154
86
98
61
116
54
211
224
78
254
126
18
213
207
177
200
110
90
73
225
71
203
8
163
88
140
255
206
74
8
214
96
89
89
183
200
50
154
36
232
102
16
55
89
175
199
98
170
119
57
10
62
152
121
118
16
209
159
81
12
93
16
147
25
154
103
107
60
175
45
22
34
126
250
160
9
74
242
229
54
219
181
115
115
71
83
5
126
157
200
54
90
134
140
244
90
194
175
51
99
94
104
42
64
251
126
160
113
209
170
104
200
230
161
98
102
211
102
68
93
208
194
74
5
254
99
130
251
135
84
57
205
157
90
160
246
238
3
21
216
107
165
244
255
31
147
16
253
244
160
126
89
224
165
165
34
115
199
199
128
83
165
45
160
243
196
42
113
128
165
194
61
34
66
156
119
256
118
165
148
243
156
231
229
251
254
92
154
151
165
173
87
191
89
99
6
18
199
118
108
207
84
126
254
20
99
128
19
69
253
162
30
51
25
127
61
199
140
156
81
173
146
4
89
143
138
18
73
6
86
251
5
47
156
191
191
165
4
61
143
207
143
189
74
34
199
156
21
117
151
8
251
123
221
69
231
190
4
42
169
169
118
151
98
96
251
46
70
99
18
153
186
119
253
241
151
153
126
9
99
160
26
80
200
18
170
86
123
76
150
170
102
242
160
253
6
196
123
221
69
91
16
204
153
191
19
156
104
98
231
5
194
87
99
143
36
146
54
143
160
160
239
12
9
209
219
94
31
135
143
25
151
224
89
99
66
242
87
216
99
91
212
99
89
140
93
152
234
98
165
215
68
143
130
230
121
99
165
233
34
16
239
130
89
8
118
153
26
67
129
103
238
235
19
199
165
212
66
25
165
83
103
217
203
167
134
254
195
17
25
40
12
169
51
103
84
234
190
172
224
30
67
62
22
231
130
144
35
198
117
16
103
161
54
142
110
152
67
125
239
129
8
195
85
92
40
191
170
160
220
36
244
231
143
179
248
67
211
19
91
252
160
84
118
251
91
181
170
172
35
138
88
253
137
244
66
169
186
68
140
172
117
17
138
67
7
255
72
255
201
17
221
219
104
203
198
44
129
110
217
152
128
174
87
243
204
252
110
203
130
158
15
72
54
234
67
182
200
174
166
35
128
169
93
123
102
19
98
190
25
173
67
25
36
129
122
72
107
188
174
69
23
107
129
61
231
247
195
172
175
68
244
190
51
47
182
113
88
211
76
83
87
167
76
83
99
99
123
188
185
203
142
198
119
96
92
113
249
254
249
194
96
7
240
203
36
152
256
173
66
68
8
174
215
214
202
84
243
188
191
8
237
67
125
129
44
173
12
125
110
98
200
146
164
254
254
36
24
241
121
247
101
67
200
207
72
231
255
95
197
103
129
20
67
191
71
191
52
188
92
40
159
36
141
203
191
225
231
231
238
161
225
21
236
210
221
114
36
252
67
116
191
231
225
101
167
22
113
152
37
167
101
125
39
57
67
184
152
191
248
176
174
167
206
176
149
15
141
71
94
113
80
81
88
15
233
239
231
182
164
228
52
161
225
239
221
239
202
48
214
125
196
101
172
54
174
197
11
254
110
25
107
237
15
77
105
221
185
73
81
68
104
152
117
15
11
123
88
123
68
91
35
167
63
214
207
252
191
68
101
130
256
16
180
213
239
252
76
114
101
9
203
167
107
178
43
113
39
16
18
101
250
15
213
191
52
225
77
161
214
152
225
213
225
214
123
51
161
120
210
213
213
67
103
101
191
191
101
47
125
101
17
256
133
53
189
115
119
167
17
44
20
163
221
213
248
57
99
24
107
152
213
66
225
15
152
57
101
252
167
167
96
107
191
96
168
96
180
12
15
107
256
204
234
213
214
167
121
159
101
225
140
82
74
115
99
5
143
21
146
255
169
213
125
16
32
191
57
56
37
150
56
15
239
33
240
113
242
16
249
171
22
148
20
240
170
116
125
188
192
73
250
118
152
152
63
20
163
86
137
39
44
142
1
139
217
225
191
152
39
198
57
12
191
199
156
201
240
201
4
193
