230
162
166
183
208
162
47
127
144
162
59
59
206
127
59
42
165
183
42
127
81
127
129
129
94
151
165
129
129
93
7
54
244
127
87
146
165
129
87
180
123
47
180
47
146
208
65
244
165
128
143
59
4
146
30
3
21
24
233
171
128
181
3
165
65
180
151
74
3
46
8
4
225
40
165
40
40
128
229
150
146
181
93
156
93
181
41
65
182
182
156
59
143
89
61
135
210
90
28
54
166
108
223
178
28
24
24
192
28
164
61
144
128
251
143
108
58
24
156
103
65
68
47
128
4
125
105
24
241
20
222
16
181
134
80
143
241
222
191
67
67
147
40
253
68
93
21
227
58
128
14
231
90
58
217
3
65
231
7
21
108
156
47
21
143
47
89
121
36
68
107
4
5
93
253
84
47
241
152
239
253
119
24
182
203
90
21
21
142
194
8
151
96
57
43
166
113
21
223
150
21
92
84
21
37
58
181
253
203
253
108
58
203
74
46
224
65
194
178
152
198
231
107
222
24
195
254
125
31
103
30
180
138
106
24
129
118
16
222
180
119
75
125
217
65
200
209
24
177
84
65
21
229
180
68
103
136
165
4
98
25
13
128
229
6
36
98
125
229
38
191
50
119
20
180
234
195
209
78
83
89
229
206
177
37
155
187
98
195
217
195
234
217
198
14
254
119
182
94
26
161
40
113
180
119
151
48
27
4
98
148
24
84
81
217
200
141
117
191
43
26
122
244
229
78
8
225
169
211
169
234
200
129
61
65
171
89
148
5
125
242
26
35
15
70
183
215
125
159
240
88
24
169
125
246
114
243
183
253
152
231
20
20
14
240
107
4
234
65
20
164
106
40
225
4
156
24
119
254
165
96
35
253
165
36
169
92
119
185
65
13
25
156
162
108
127
65
185
225
113
35
121
105
170
252
136
110
20
99
127
129
122
249
108
61
201
243
46
70
142
201
30
253
46
253
95
198
10
88
195
238
173
96
113
191
127
187
14
35
170
173
200
219
113
31
41
227
229
36
64
200
229
234
109
214
39
10
201
129
127
4
98
10
141
40
103
21
201
30
227
240
191
35
107
10
79
203
191
241
4
144
113
50
238
229
152
35
105
30
256
203
68
31
88
125
191
74
156
10
192
113
125
119
11
138
35
196
201
144
181
125
170
70
169
36
88
83
191
201
246
20
70
109
36
129
162
240
196
236
68
56
36
40
240
223
36
185
241
160
121
116
180
121
203
170
24
35
183
35
20
173
173
141
196
36
102
117
118
256
253
168
229
29
196
192
31
64
125
176
36
119
233
213
42
16
190
36
238
148
119
125
143
56
136
41
102
240
157
52
253
240
187
131
169
35
240
152
91
73
201
49
170
125
154
16
217
36
139
223
47
190
241
201
135
73
35
35
108
78
95
225
1
30
164
215
68
35
121
203
165
73
238
125
121
4
64
61
25
89
107
36
65
49
98
256
15
238
64
248
125
16
16
183
121
35
52
209
144
107
201
233
125
229
30
16
4
238
36
167
33
201
163
95
86
104
10
219
159
73
111
20
256
1
10
31
117
240
25
201
4
3
34
201
98
119
46
35
223
201
33
245
201
32
20
3
231
120
217
195
177
232
160
246
27
107
77
242
245
103
95
159
245
198
60
4
164
248
27
134
236
248
42
35
35
244
201
108
188
201
8
3
169
30
14
130
34
240
169
96
36
38
64
238
218
157
168
46
14
121
64
41
169
173
73
201
1
198
101
234
3
244
52
169
227
28
28
203
249
249
201
179
213
201
219
163
190
236
203
203
169
196
119
32
151
240
98
169
198
109
201
20
253
187
113
14
201
238
201
250
169
170
229
198
108
13
201
245
25
169
201
178
10
34
113
248
108
162
221
35
35
170
173
201
89
3
245
144
34
11
201
222
179
201
222
236
219
230
203
10
109
119
174
211
119
214
245
245
116
235
139
238
252
60
177
130
78
245
244
205
72
188
40
20
173
72
170
174
256
213
146
245
256
173
191
35
37
240
35
240
157
202
93
230
198
170
52
203
54
119
256
102
27
245
99
188
177
35
203
240
247
183
175
201
151
56
178
215
119
248
35
162
228
119
187
170
202
35
210
77
39
249
169
4
201
256
35
115
219
203
30
46
169
170
201
218
113
169
170
240
31
96
88
202
137
157
118
39
242
43
249
133
115
38
173
35
202
141
132
34
54
224
35
35
118
157
188
139
162
47
175
201
201
86
26
115
196
64
173
201
157
201
101
116
202
162
96
236
29
146
179
217
169
170
20
208
37
13
35
217
170
108
195
173
236
157
35
195
169
14
234
116
241
168
175
203
103
88
149
235
201
30
31
146
125
219
144
50
123
240
202
119
194
237
238
14
32
82
113
1
201
172
238
95
39
123
52
163
172
4
10
188
169
215
170
7
228
78
236
201
74
52
123
132
256
139
35
20
238
256
78
157
169
196
256
62
254
179
137
35
88
46
52
242
42
170
236
146
191
32
65
27
53
215
26
61
10
201
202
31
35
205
160
10
52
241
218
183
32
45
89
25
89
108
248
105
169
32
170
202
225
170
169
133
201
10
121
62
39
42
230
75
1
202
16
254
121
210
173
13
95
117
190
88
236
218
75
27
170
201
228
77
45
169
133
201
169
238
121
144
184
20
228
201
169
35
64
170
192
202
169
240
13
115
2
234
65
214
157
180
238
72
4
45
201
82
196
132
30
195
34
77
48
108
157
184
175
52
137
13
56
208
60
96
150
203
256
82
64
195
169
201
169
256
55
193
35
74
196
45
82
115
170
45
191
44
62
150
14
82
113
115
201
202
201
88
161
85
240
4
116
63
133
202
36
115
158
91
208
63
208
133
71
87
240
1
172
103
184
71
190
32
36
201
64
52
88
146
53
161
213
80
256
35
23
173
201
124
202
52
188
33
201
188
228
158
103
220
84
32
203
219
229
132
201
4
143
229
65
201
71
169
236
197
158
201
108
77
203
244
50
15
54
133
4
88
143
35
143
82
175
96
133
107
170
235
188
166
133
88
240
113
14
88
228
186
201
4
73
35
228
42
188
201
255
236
82
144
130
192
25
120
88
201
158
63
32
249
137
236
111
54
152
34
35
230
159
184
256
191
19
56
252
86
215
95
81
144
236
84
230
82
228
186
251
86
92
188
85
203
132
96
23
242
256
170
195
111
190
22
64
136
35
203
201
243
240
14
159
198
111
210
256
235
242
195
149
250
77
228
4
70
230
249
4
146
88
169
88
34
228
88
201
157
133
