164
164
164
164
162
164
91
84
235
160
79
225
147
55
80
160
162
251
176
33
251
162
230
84
160
87
143
84
194
63
162
80
146
209
55
197
61
138
138
143
126
176
126
76
66
33
55
58
95
235
33
33
121
242
162
250
58
95
112
14
59
33
199
24
138
54
231
13
54
182
25
135
55
95
66
31
74
33
79
74
251
58
143
144
162
205
58
61
54
240
59
58
256
242
13
74
88
147
104
104
138
25
51
59
146
160
144
36
59
36
146
122
143
66
58
59
51
236
31
58
144
139
25
236
236
231
164
97
181
102
212
102
37
144
256
29
153
59
86
55
72
55
170
104
184
54
170
88
170
97
136
129
138
55
69
122
59
138
114
86
95
27
136
33
15
84
54
69
145
110
55
17
97
184
88
183
205
97
75
60
145
54
136
110
124
61
127
9
177
186
138
54
55
66
92
72
17
174
66
128
164
138
170
176
117
58
186
186
87
136
240
97
54
176
59
67
66
112
24
162
95
180
184
162
8
54
104
168
176
174
169
174
110
94
176
184
94
31
186
95
59
150
87
97
28
244
185
128
51
159
130
240
60
150
247
130
128
182
153
28
106
15
240
186
160
136
95
8
136
178
210
98
162
28
59
174
206
59
84
231
150
236
63
128
160
81
25
242
118
88
17
31
29
61
97
29
208
63
130
211
217
132
109
158
166
208
97
66
73
42
92
135
98
217
7
21
55
132
62
256
176
172
199
219
132
33
27
121
188
75
7
29
138
49
121
169
59
178
231
217
1
118
194
84
135
253
100
1
132
167
114
75
242
166
14
13
166
84
123
209
167
69
159
112
9
236
110
138
88
75
197
1
60
171
242
123
132
256
164
58
135
31
95
132
114
31
65
92
132
149
242
92
203
172
29
17
170
118
256
80
194
108
24
97
216
160
141
103
146
60
198
168
174
147
229
58
31
147
94
176
70
194
141
240
185
168
240
42
33
187
7
87
92
58
162
176
62
162
103
101
201
65
166
164
252
118
94
34
42
121
216
123
92
150
150
150
52
150
33
97
188
98
107
105
254
185
135
92
113
207
256
66
14
44
51
1
32
150
222
167
33
194
169
249
39
249
51
108
135
31
153
85
138
167
254
187
118
249
17
102
77
254
132
253
59
88
180
39
198
131
17
92
194
205
180
122
211
55
182
65
32
135
42
184
25
51
75
226
40
42
73
205
31
17
29
226
205
107
63
138
104
164
42
118
185
182
211
92
203
63
219
179
33
153
162
203
170
162
109
176
253
174
227
77
116
55
62
49
113
167
172
256
179
92
132
190
187
103
135
65
135
65
253
85
164
18
31
203
17
5
17
65
14
30
149
123
14
179
253
75
188
187
254
172
240
11
172
32
129
136
211
236
71
172
23
148
102
41
249
97
58
129
39
146
179
135
77
31
202
25
203
90
202
141
166
151
115
146
256
247
170
148
210
112
130
172
51
51
40
97
39
107
41
204
50
30
60
9
217
58
31
116
97
53
136
135
37
55
249
107
162
170
221
27
148
135
217
166
115
92
53
190
75
217
217
133
206
135
52
23
97
174
170
190
27
204
249
121
40
217
186
174
160
237
162
4
191
203
30
18
215
221
155
155
158
188
204
71
130
169
121
130
65
1
9
7
166
174
188
254
224
219
184
174
237
65
17
55
242
30
65
82
65
248
60
65
44
28
66
27
121
104
130
221
122
174
25
95
37
169
50
11
7
179
231
166
237
24
132
88
29
91
180
82
206
179
141
160
170
255
226
65
214
97
65
55
28
148
136
221
169
256
174
17
179
10
170
240
11
204
31
55
109
10
65
121
41
41
193
124
116
95
28
65
88
29
64
95
95
180
35
186
139
65
27
95
180
170
130
25
217
97
89
80
65
118
135
164
182
72
2
255
65
108
84
208
116
95
255
55
55
40
40
65
235
223
121
138
31
221
146
174
4
76
184
188
61
206
65
252
167
55
155
241
197
89
130
65
134
254
104
206
18
65
209
253
253
166
170
95
85
183
96
42
147
190
89
180
101
17
204
52
116
35
209
156
143
138
188
17
190
188
40
70
70
130
121
41
19
65
130
211
73
253
35
65
128
198
97
31
100
182
230
91
50
239
52
224
174
75
170
188
169
250
182
240
240
164
37
250
55
95
29
211
81
101
30
121
56
110
194
73
190
150
44
29
84
10
231
28
175
231
25
147
70
180
174
188
130
89
211
116
166
130
180
207
130
195
136
182
244
129
132
188
230
202
137
65
118
103
189
28
97
252
1
11
65
115
203
52
116
241
41
139
11
13
55
76
182
65
58
118
166
117
207
53
60
138
204
223
236
226
135
249
252
55
230
25
249
211
232
182
102
178
157
188
24
182
211
118
188
144
14
35
116
179
2
14
116
207
88
11
4
221
182
135
43
40
33
12
130
121
147
183
232
217
97
204
147
14
231
231
7
208
221
41
31
239
177
72
12
14
253
176
108
110
32
73
77
117
41
11
110
40
97
104
65
133
109
61
74
121
67
209
237
252
100
92
221
40
182
95
8
95
188
231
196
164
32
4
34
102
147
72
147
252
65
41
170
35
10
11
33
65
41
65
35
252
8
170
97
97
97
95
190
241
65
122
140
187
186
122
255
10
74
122
147
188
181
245
12
89
40
182
41
28
41
169
65
138
169
224
41
4
60
225
33
41
102
171
199
42
254
65
159
130
171
130
147
22
95
174
108
65
17
25
244
60
195
252
97
173
41
121
203
55
97
219
244
243
17
147
13
52
103
13
68
194
104
55
135
150
29
254
211
95
65
41
170
136
28
237
159
227
41
188
13
204
154
179
250
108
103
166
110
14
150
165
159
256
12
137
95
221
201
103
97
25
192
170
182
117
108
180
35
65
252
95
41
104
40
224
97
130
241
65
102
182
72
117
180
65
102
200
40
104
65
147
42
56
116
12
103
249
182
58
239
29
135
180
64
236
40
147
147
65
39
144
219
184
110
65
135
84
97
31
120
8
3
252
32
130
96
68
103
146
101
44
95
138
146
43
65
41
95
180
201
102
219
95
59
138
206
205
130
65
13
221
190
138
82
190
246
252
236
55
2
180
180
222
97
41
60
9
111
85
41
250
223
248
117
180
180
147
41
184
256
35
41
65
88
182
254
57
207
41
202
108
103
25
180
52
201
97
132
73
248
211
180
108
124
27
186
254
101
155
203
10
169
41
201
180
165
65
165
2
103
102
40
182
65
40
102
256
91
10
43
96
233
131
65
19
241
48
55
229
236
248
130
92
88
96
249
219
163
188
59
208
227
231
130
24
122
130
188
12
180
101
73
40
190
201
231
65
194
108
73
249
43
219
41
121
130
171
41
43
60
89
8
217
244
41
13
40
201
42
35
93
249
201
97
188
31
137
204
95
227
229
10
240
158
163
244
120
65
55
18
123
34
180
41
148
14
180
147
64
245
16
226
205
11
244
130
181
204
39
70
147
3
29
102
130
181
194
180
182
30
182
181
10
41
65
48
41
237
95
252
180
201
150
195
180
203
121
203
41
212
130
244
89
180
55
101
95
41
74
213
118
195
256
36
169
203
101
11
55
65
41
194
216
88
88
207
103
137
147
185
88
109
219
60
78
31
95
224
108
207
130
185
65
95
95
151
41
174
169
29
170
9
252
97
144
168
12
13
198
132
230
65
41
89
230
64
240
155
133
31
41
147
41
180
12
231
245
166
206
37
135
180
201
180
120
169
203
88
180
208
147
41
203
203
41
83
137
57
65
174
226
240
24
144
21
65
44
166
159
98
135
223
154
228
72
88
253
118
219
201
30
110
236
236
33
103
130
190
149
226
158
28
182
43
23
201
33
95
203
84
137
19
65
227
244
95
180
34
211
9
228
212
95
107
95
219
60
71
57
96
201
219
24
203
195
219
11
133
199
204
65
41
34
217
180
68
249
130
8
166
78
72
180
134
135
180
251
28
95
236
41
65
176
9
35
219
249
201
203
100
11
97
236
226
217
256
203
31
68
31
180
249
190
222
107
203
201
130
10
180
68
249
65
114
130
180
224
226
12
146
203
109
128
27
41
53
35
13
65
77
230
203
236
95
12
65
203
95
188
224
88
223
223
201
203
40
146
253
201
89
49
25
201
4
164
180
252
217
203
180
252
100
88
137
219
91
39
199
180
136
219
203
137
32
172
88
203
124
19
180
180
67
132
70
180
133
138
78
12
89
180
95
203
137
202
210
203
147
100
101
65
137
176
133
53
203
203
130
95
180
41
34
201
176
201
230
217
67
11
214
182
196
23
228
99
223
249
95
19
256
128
41
65
95
10
88
106
147
240
124
152
250
31
226
43
166
141
180
92
39
180
69
203
186
83
57
180
227
178
172
180
203
49
172
163
249
252
89
236
138
102
161
109
236
207
98
65
101
255
88
98
182
201
52
236
30
141
24
190
107
77
95
236
88
60
203
230
124
111
201
203
13
217
35
130
124
249
81
197
39
50
91
89
256
32
236
203
180
86
91
138
120
229
9
180
82
219
180
236
245
212
78
230
89
23
230
230
187
230
180
230
87
27
155
201
232
10
124
206
230
158
198
162
194
102
190
31
201
189
79
42
75
134
31
135
102
195
252
138
120
83
61
65
118
111
103
161
244
88
11
216
68
250
144
69
12
203
65
203
150
102
211
83
218
61
96
147
102
115
199
176
100
4
133
164
88
255
49
170
255
217
226
100
230
2
230
249
190
195
202
77
199
