75
75
88
150
75
84
55
253
176
150
176
84
176
95
253
31
55
110
38
176
176
33
42
38
176
55
118
185
177
114
88
236
97
222
15
42
46
17
235
212
162
183
184
162
17
97
84
17
89
123
110
150
32
235
225
97
228
250
183
229
17
182
67
235
236
210
95
248
210
58
123
114
187
55
231
181
181
55
222
154
164
229
131
110
184
195
77
99
54
187
223
137
222
178
54
119
252
29
164
131
54
16
181
137
223
178
27
28
84
54
178
131
183
113
54
223
7
95
127
220
144
209
236
17
74
205
28
142
210
54
127
54
37
28
182
222
54
182
17
181
6
177
108
220
206
181
206
144
203
179
223
208
26
184
205
61
208
29
29
183
132
146
177
230
53
121
28
165
205
235
248
166
113
61
211
87
208
138
131
93
13
230
222
77
127
205
181
178
3
99
58
131
240
183
144
79
96
58
222
181
171
225
52
132
234
93
144
24
182
17
61
236
114
3
165
252
138
55
60
90
177
61
205
208
235
5
167
20
241
87
184
229
75
36
87
164
177
51
27
175
5
37
1
183
75
211
93
144
138
125
65
184
97
67
163
128
31
93
49
113
47
125
198
151
187
208
39
141
114
36
166
226
47
37
38
183
167
37
220
180
101
46
175
31
212
39
164
137
182
66
38
30
180
241
138
211
144
187
128
190
63
228
125
97
15
116
164
187
203
31
239
58
38
92
58
187
116
64
90
196
188
79
73
61
201
40
65
166
178
183
245
55
64
229
201
75
57
206
250
211
256
97
16
136
237
110
90
67
185
208
61
109
92
135
38
79
225
67
180
3
35
107
141
38
39
39
250
13
111
229
203
181
155
211
3
66
154
125
59
22
190
207
38
172
116
248
93
181
79
168
101
38
128
144
130
61
171
181
90
239
97
111
34
120
128
180
24
181
177
229
241
127
77
229
110
101
9
174
84
237
24
250
120
51
219
31
245
99
91
30
203
16
149
185
228
128
75
58
50
240
122
171
185
16
39
25
190
166
185
30
223
97
199
208
65
57
28
59
24
199
32
57
38
154
65
168
174
28
181
227
203
93
171
28
96
38
105
250
63
141
174
194
241
88
50
77
241
15
214
153
182
63
118
231
2
91
97
128
223
69
92
135
51
65
153
100
67
1
64
93
132
147
182
65
105
14
205
57
156
241
186
70
207
136
79
187
37
10
252
121
118
21
10
122
131
14
63
167
212
211
28
185
216
29
216
181
5
231
128
21
51
68
240
187
127
239
93
151
238
65
116
101
44
210
19
40
75
114
66
171
145
235
205
195
121
54
144
43
88
126
243
235
210
44
212
90
105
67
110
211
29
153
256
69
201
224
5
100
27
203
128
96
145
97
187
244
208
241
20
210
122
21
206
92
66
179
122
163
135
63
120
118
231
114
169
63
231
168
65
196
3
254
179
43
134
65
83
58
101
183
237
14
3
75
177
153
83
196
36
206
121
153
116
51
116
189
85
182
34
129
169
185
109
238
172
108
3
109
8
209
20
63
171
101
209
179
185
10
14
26
211
87
237
136
194
60
41
10
241
224
1
171
1
253
179
169
171
123
116
50
116
241
112
229
88
187
128
13
231
214
83
135
43
208
136
223
109
174
210
11
182
109
97
151
235
206
7
151
110
164
151
181
5
64
30
147
201
250
84
44
238
2
70
236
89
103
233
93
35
14
14
105
137
110
122
59
61
47
10
63
250
135
144
168
138
223
243
197
210
83
66
222
233
5
235
88
243
210
1
101
120
111
212
182
231
164
195
35
182
112
73
88
126
205
104
1
65
69
5
35
88
122
218
116
18
107
240
18
146
61
34
171
116
61
73
124
61
231
107
137
24
88
24
170
57
119
236
182
2
10
73
198
209
237
207
196
75
207
101
248
226
122
239
9
244
170
109
169
30
256
136
223
143
55
231
182
120
59
182
130
116
2
182
206
63
218
151
146
195
120
110
237
124
169
167
35
241
237
152
203
149
6
193
59
187
135
136
34
16
201
182
150
103
43
93
248
18
160
30
211
24
101
180
247
236
94
20
13
2
210
40
253
78
140
250
178
212
67
246
180
210
169
236
134
93
52
29
247
175
20
245
187
241
58
151
63
250
69
104
210
233
212
5
233
248
256
186
3
32
31
53
164
38
35
202
192
195
2
135
2
169
233
137
134
214
182
55
35
103
81
20
69
179
74
212
246
116
212
34
134
201
169
246
205
109
203
109
156
35
248
238
196
139
122
68
236
139
201
194
105
9
21
210
41
90
224
169
149
59
145
243
133
183
169
95
144
46
67
201
109
88
171
235
5
195
64
236
70
88
107
33
204
198
76
32
246
153
139
223
253
24
252
164
98
182
183
35
252
32
78
245
203
187
142
106
97
75
235
210
47
196
224
196
110
175
61
118
235
14
84
163
244
79
142
93
94
251
121
24
163
47
223
136
237
211
109
109
139
1
156
73
89
169
88
240
24
168
217
103
118
239
66
39
184
76
241
10
204
106
16
31
211
135
163
226
135
49
238
109
240
252
210
111
139
205
121
237
90
76
175
217
167
179
88
180
182
26
198
8
74
225
209
64
201
138
97
88
142
246
179
225
96
174
205
204
242
163
160
214
19
200
1
158
73
35
18
248
89
34
197
32
163
207
10
2
137
27
96
14
164
9
211
217
204
9
217
217
65
178
141
189
16
187
142
6
191
61
8
35
147
198
10
16
14
238
256
235
167
91
128
160
56
137
8
165
55
109
78
10
117
237
14
1
221
61
147
174
93
148
10
252
241
57
25
246
190
29
174
5
215
17
178
193
224
8
16
182
153
185
191
19
235
221
33
30
88
180
202
179
210
253
101
193
61
22
118
175
164
14
103
174
190
43
220
256
89
74
33
226
111
2
104
106
13
144
103
251
224
210
43
47
22
235
245
184
20
196
9
101
1
137
223
174
109
174
201
245
93
61
1
245
174
134
25
237
256
18
100
240
74
233
16
3
232
190
61
244
42
63
174
145
46
247
79
135
16
60
178
138
221
239
111
4
21
217
228
217
34
2
218
199
104
49
182
173
147
2
79
222
124
32
136
61
200
252
193
239
221
181
175
231
229
132
139
250
54
103
136
232
213
115
180
251
32
220
219
61
203
16
230
174
252
118
24
193
26
236
242
51
15
33
224
120
166
66
182
44
28
226
61
195
22
90
196
109
70
212
239
247
55
10
104
185
11
64
22
43
147
159
191
170
38
114
174
121
116
63
58
53
240
178
58
235
49
243
185
236
170
26
132
35
90
242
86
153
134
99
79
5
193
134
92
171
136
256
225
204
196
116
26
66
252
77
19
84
239
147
238
199
102
45
179
145
167
219
210
118
96
92
32
26
167
5
201
147
218
8
88
207
147
2
29
145
175
2
138
178
28
224
21
238
17
238
18
246
13
238
219
125
45
103
12
10
239
223
245
186
63
10
229
248
222
59
242
191
78
174
49
236
238
90
199
240
102
26
65
27
118
178
95
207
190
243
193
201
239
157
4
167
64
219
241
228
169
149
140
236
108
188
241
14
185
11
245
87
166
185
78
35
24
201
135
17
202
195
14
116
248
86
108
247
103
63
71
221
236
239
120
22
141
184
248
95
191
255
2
189
239
223
21
256
36
10
3
238
132
238
236
35
103
63
137
228
104
120
34
168
1
33
12
86
167
217
3
235
30
44
188
29
60
121
123
222
93
222
169
222
199
201
238
13
116
249
1
167
102
13
223
130
11
145
2
73
30
30
86
224
176
38
95
30
224
49
21
232
245
242
167
217
14
8
10
72
46
43
13
124
239
148
10
2
169
172
43
73
118
141
155
61
113
236
103
161
14
182
132
130
239
194
16
61
228
31
114
232
103
196
158
105
233
195
103
221
30
88
76
8
105
31
20
141
240
153
237
189
141
30
221
149
116
158
46
224
91
221
88
221
38
171
151
205
241
250
134
22
83
236
245
157
1
84
3
156
190
171
103
62
22
236
167
135
88
3
230
234
184
79
192
229
233
136
167
105
96
218
110
130
115
117
53
32
22
74
236
25
10
1
19
8
110
222
255
76
207
207
192
112
201
201
103
61
191
122
1
256
3
43
174
31
105
194
8
61
57
233
240
78
13
232
121
248
190
30
187
61
136
30
109
218
43
86
187
222
240
49
8
192
244
217
163
164
11
122
158
146
173
148
76
43
133
68
203
111
162
167
240
91
124
255
120
154
226
253
73
189
197
101
154
233
21
157
180
17
18
130
47
163
210
92
194
203
43
174
42
13
198
20
163
171
30
179
196
178
9
59
207
240
233
42
206
197
182
174
163
69
240
103
88
170
194
169
64
122
189
37
216
188
172
183
47
142
172
133
256
238
171
117
4
69
88
167
39
198
103
225
39
78
233
226
14
106
13
62
192
117
201
116
171
192
167
9
179
103
31
116
32
15
250
256
194
16
76
248
108
78
223
154
61
221
122
201
191
196
255
15
91
58
200
175
8
212
232
125
181
179
154
158
35
249
246
239
92
122
204
125
196
29
79
251
25
1
194
19
122
199
91
33
228
69
122
11
54
184
154
184
73
250
196
158
158
198
200
230
83
254
219
194
140
200
227
52
180
73
11
167
35
192
117
201
232
199
122
153
255
11
