69
69
140
199
220
176
140
79
176
220
79
79
69
95
106
199
79
137
220
176
14
187
79
43
154
184
184
248
138
84
220
65
176
248
65
84
187
84
222
154
127
248
13
110
50
129
212
231
147
50
38
84
110
65
222
132
38
64
110
44
52
26
84
154
216
138
96
50
6
114
43
220
17
138
91
177
3
58
172
183
70
28
87
38
172
216
189
216
103
114
110
243
114
84
64
190
154
172
177
28
172
174
138
225
195
136
25
183
222
178
171
8
190
17
174
95
197
17
142
109
26
128
17
216
77
64
22
211
233
103
218
172
2
216
183
221
226
22
187
140
116
207
201
185
13
70
177
158
183
199
28
220
46
114
106
207
183
187
28
175
140
142
132
138
15
138
65
124
226
109
110
236
103
171
25
194
48
114
38
109
129
132
150
183
109
179
187
112
167
167
118
79
3
114
208
216
168
50
170
13
172
116
220
134
218
2
170
106
229
180
102
241
103
63
225
206
208
103
233
106
28
64
84
197
200
128
69
69
252
3
26
63
77
142
242
228
63
116
2
195
137
117
212
124
94
210
191
22
121
152
147
220
145
168
58
6
22
134
15
180
210
38
136
15
103
132
38
77
160
79
245
34
25
174
66
219
191
190
187
124
94
101
134
168
103
137
191
13
124
142
177
18
134
130
171
105
100
96
185
114
104
178
147
156
174
131
9
138
67
105
248
124
9
164
2
238
128
93
134
138
30
233
169
192
45
211
107
235
147
34
183
191
205
93
76
235
197
15
59
152
132
134
236
250
94
208
110
250
167
245
207
129
69
83
167
93
116
212
150
5
129
65
132
38
18
96
93
106
101
138
164
110
164
94
40
93
83
212
63
134
14
222
77
130
252
38
192
101
83
15
40
240
71
77
162
138
100
181
123
29
79
128
93
201
77
144
79
127
222
96
83
211
9
135
26
150
226
44
61
114
123
172
103
142
64
211
48
67
249
77
10
206
106
28
38
61
182
96
232
13
43
9
137
76
218
169
44
238
250
47
199
223
89
228
47
41
181
212
65
122
5
152
167
128
38
128
247
217
116
136
54
47
217
236
142
129
66
135
107
108
149
218
10
250
134
212
248
154
131
10
61
121
38
65
136
155
137
162
45
94
144
167
5
14
87
107
107
164
110
220
244
34
79
192
132
105
245
14
220
238
102
44
172
38
235
91
65
64
109
149
245
30
5
174
164
255
180
142
182
58
79
135
132
64
248
34
120
79
127
247
212
212
77
123
199
167
79
167
64
123
55
9
61
29
96
49
9
220
166
151
83
70
96
102
169
10
167
220
233
134
91
141
16
77
126
181
2
100
87
190
158
84
177
127
60
238
109
170
217
141
103
102
9
138
100
192
22
174
124
139
138
3
229
52
14
14
3
248
121
22
65
200
34
30
183
116
136
83
156
98
152
76
57
17
13
47
139
79
69
142
211
144
38
38
136
5
130
64
83
207
252
244
102
5
14
141
15
102
152
97
64
76
70
138
200
130
66
109
250
222
29
233
105
94
238
212
54
47
192
34
130
179
167
127
200
178
222
239
43
41
199
77
91
207
142
237
231
93
245
221
142
248
105
233
168
178
179
195
3
116
93
242
127
108
199
109
200
207
123
121
30
43
15
167
147
130
25
54
182
248
61
76
154
69
70
199
138
167
66
113
64
223
125
34
14
241
139
61
81
251
251
70
252
206
142
222
229
251
53
218
15
94
69
152
83
167
28
47
154
64
108
168
221
109
236
243
216
87
58
158
167
230
126
100
32
6
97
114
136
17
14
65
167
26
211
3
169
154
34
96
236
167
182
164
174
238
227
115
142
233
99
101
101
126
134
234
222
61
171
111
103
245
47
151
34
132
187
37
187
21
169
26
5
126
241
136
207
207
95
123
221
248
86
1
222
44
44
13
232
198
43
144
244
241
81
223
154
38
3
245
83
223
236
226
89
63
3
76
226
87
23
230
76
1
249
196
111
142
219
61
245
207
238
211
37
9
190
19
107
132
174
134
167
117
222
142
188
117
86
83
5
93
207
2
226
187
192
114
103
167
30
107
249
91
66
206
220
102
1
108
103
190
211
158
120
156
245
207
167
248
201
132
38
112
105
132
77
53
183
130
93
34
141
46
28
63
171
236
6
24
34
31
154
32
3
135
180
187
131
184
150
6
132
183
105
69
65
142
61
25
44
102
127
168
114
66
211
126
93
61
62
235
245
216
224
167
132
101
207
17
251
187
61
230
132
35
76
60
130
24
156
31
100
57
46
79
211
115
93
10
78
124
174
108
152
193
64
210
168
116
126
194
190
55
240
241
233
122
60
182
108
200
114
215
117
83
1
233
61
9
127
93
28
13
47
210
177
227
91
116
167
235
75
184
158
62
180
219
13
233
17
188
207
210
193
179
142
135
61
233
238
245
99
28
56
169
235
10
102
99
5
223
10
9
9
190
211
221
66
64
35
96
110
195
138
95
46
116
146
100
207
144
222
111
168
61
204
161
244
54
251
205
106
138
6
201
203
66
19
233
221
116
13
179
132
238
227
5
61
5
61
134
151
189
109
169
3
70
217
151
164
18
211
2
55
2
83
172
137
91
8
70
41
14
236
240
10
13
190
230
127
116
207
134
55
10
6
6
21
137
87
115
221
136
26
1
6
244
195
26
224
57
95
139
9
6
9
61
43
60
83
1
195
128
229
13
144
13
176
9
196
57
63
43
219
186
167
195
109
131
221
47
8
28
103
33
46
76
71
71
5
179
15
69
179
207
244
43
127
15
93
250
237
61
207
100
124
226
81
220
207
205
154
233
211
244
212
187
221
47
227
51
125
128
170
185
171
143
133
64
248
152
10
15
8
68
28
207
83
103
131
233
43
70
103
134
5
31
108
224
169
52
250
221
95
49
242
15
30
52
9
15
6
13
91
33
38
108
203
207
41
120
206
79
168
236
182
178
151
32
168
103
10
113
145
184
138
69
81
39
57
233
167
219
152
87
26
95
58
133
25
158
38
207
20
179
183
243
5
68
61
124
110
187
167
242
10
127
183
147
210
6
108
248
93
229
117
55
30
64
13
90
40
103
1
63
130
167
164
178
108
93
164
20
67
24
128
41
85
181
233
236
30
180
189
110
158
220
199
195
88
222
236
119
6
235
211
83
134
58
97
52
91
182
75
238
96
54
233
141
132
130
137
229
99
227
3
13
99
122
91
73
180
48
42
168
147
201
24
228
178
237
43
93
253
84
37
54
238
158
38
108
115
168
218
127
218
83
52
142
49
212
90
111
103
9
113
103
237
218
46
158
138
2
163
21
2
245
120
227
115
167
236
61
103
187
4
9
38
8
9
222
133
242
227
102
43
207
70
43
175
140
144
159
13
167
5
181
110
184
46
142
66
134
141
219
131
5
241
54
190
144
106
103
91
204
86
59
231
172
225
2
65
172
116
187
234
187
30
224
170
192
111
104
9
193
8
9
242
164
231
104
190
220
133
132
167
96
65
249
229
91
61
43
69
79
158
248
121
102
256
49
103
2
10
144
117
144
65
227
83
113
88
207
48
229
30
179
205
193
1
130
102
121
148
192
26
10
247
223
57
151
252
77
96
190
53
222
190
31
138
2
79
156
43
235
248
186
137
168
64
158
113
216
179
168
206
43
65
209
180
232
249
24
188
118
124
196
170
54
14
56
6
77
186
10
49
2
137
149
78
99
168
