97
97
97
168
97
136
97
168
171
211
150
118
206
136
147
138
147
28
118
114
97
150
184
206
182
66
211
123
147
176
90
165
131
66
90
176
168
176
185
136
53
109
28
177
184
175
97
90
235
208
150
132
211
212
141
206
208
224
24
37
171
211
171
123
28
66
185
243
123
24
235
123
217
97
171
224
165
114
167
17
90
17
68
149
125
132
47
77
3
136
118
184
168
149
3
125
160
114
227
51
243
171
171
211
217
28
154
171
245
160
114
243
185
211
17
122
184
47
217
47
206
24
184
174
246
206
93
168
19
114
97
97
5
111
185
15
97
141
114
174
131
114
132
174
206
37
174
37
226
136
168
141
94
1
6
79
105
37
226
171
66
42
136
171
242
165
122
174
97
174
15
207
9
136
216
117
17
122
94
243
122
94
141
216
226
208
26
230
133
9
94
15
206
131
136
132
37
226
31
176
158
226
122
212
122
216
27
58
42
174
17
21
166
25
84
150
240
241
211
218
166
255
127
226
25
31
211
14
206
122
122
36
195
190
172
135
226
158
216
31
131
141
214
35
8
63
63
200
116
201
31
210
172
236
211
153
52
35
170
196
202
236
203
35
210
25
100
6
245
176
9
61
196
132
176
237
226
32
120
72
195
199
195
141
67
35
33
166
174
203
88
44
240
121
42
38
170
194
203
61
72
216
169
61
39
156
214
72
159
171
187
35
70
168
69
176
12
171
161
9
240
117
33
195
244
104
72
46
256
174
31
216
31
138
9
69
135
25
70
78
100
35
174
61
103
197
154
89
240
100
224
144
9
238
22
237
187
256
203
16
243
242
230
45
229
79
117
94
26
121
134
87
183
186
26
14
35
37
202
33
174
94
14
121
69
175
201
35
196
114
27
190
31
70
116
79
14
149
203
174
23
137
187
5
32
30
29
220
169
83
13
146
100
186
72
213
25
229
253
11
236
106
240
103
35
91
16
195
25
40
14
195
31
221
103
44
245
203
139
64
35
83
231
223
10
251
45
225
35
238
18
102
169
222
132
172
75
238
146
238
25
117
103
123
100
94
176
237
222
120
59
169
229
227
117
237
157
213
70
91
103
242
35
203
37
13
108
91
203
76
26
93
194
35
10
247
22
113
103
65
203
230
5
87
12
11
75
130
139
236
104
61
9
61
248
221
63
203
195
79
32
252
60
59
249
10
142
35
219
77
64
61
169
207
35
69
201
91
69
127
54
250
172
39
115
5
65
195
13
137
31
42
61
182
88
64
241
66
79
249
230
247
195
14
226
90
145
237
230
11
135
35
169
139
223
32
170
195
252
87
249
26
2
192
166
187
25
58
9
115
144
236
35
151
120
65
35
240
203
14
237
172
254
83
69
224
242
35
164
192
31
229
223
241
248
203
30
42
31
2
53
1
19
203
99
204
88
186
186
138
195
203
35
33
219
76
215
253
167
130
72
32
237
245
31
224
232
7
30
30
130
107
68
253
153
83
5
153
159
10
72
186
121
201
39
147
99
216
14
44
169
253
10
120
61
104
166
201
137
108
72
24
236
241
187
169
236
52
40
142
45
242
252
44
33
89
64
78
214
149
32
35
10
210
229
35
19
201
252
36
64
238
142
24
31
255
4
65
137
8
215
108
196
238
196
76
199
221
47
205
233
169
240
229
170
35
195
53
35
170
174
86
137
256
88
240
199
66
78
174
127
53
203
34
53
170
38
91
169
164
13
252
33
74
34
10
203
169
35
89
24
169
253
196
88
49
244
242
145
10
14
256
199
230
203
170
180
65
121
42
196
136
253
146
27
201
179
78
191
170
242
14
169
83
4
229
157
240
66
207
35
144
128
86
238
169
187
158
203
35
226
35
164
35
34
201
169
109
241
135
179
170
35
116
64
64
25
241
144
238
83
180
61
223
22
201
169
256
229
233
169
201
160
201
35
222
150
109
157
198
121
186
103
35
187
113
61
170
170
108
203
10
81
252
46
