18
18
18
18
250
149
250
76
18
129
8
223
89
76
223
250
129
18
61
93
223
223
245
121
129
127
135
248
65
146
89
74
145
181
28
146
181
126
182
127
245
248
74
223
127
127
223
177
28
182
76
65
93
65
46
181
17
126
245
229
245
212
115
14
84
229
141
141
105
231
26
26
46
51
102
29
51
223
177
198
51
172
130
105
17
250
183
126
67
65
250
231
93
122
29
150
76
105
151
231
3
93
46
65
65
65
147
14
189
118
139
243
126
74
168
28
208
223
34
105
223
231
46
198
27
29
60
237
14
46
139
229
35
182
132
51
183
243
51
181
211
153
97
65
147
97
189
147
215
165
113
122
176
98
181
198
182
205
184
208
99
195
198
123
105
46
20
26
113
126
135
27
51
94
147
9
26
212
51
31
15
5
181
129
52
108
184
199
168
69
210
60
94
240
26
87
108
98
168
195
253
168
246
168
210
217
240
61
174
246
108
246
231
206
51
51
19
253
175
237
181
183
141
164
120
15
211
3
17
193
46
141
51
178
178
54
251
123
140
181
20
19
33
154
147
195
86
141
250
29
180
237
32
168
243
99
90
243
51
151
226
147
185
212
193
17
208
87
217
123
122
250
246
250
251
195
181
217
181
33
89
3
182
1
8
250
28
51
123
194
222
206
3
241
118
250
99
89
140
241
237
143
181
235
247
32
14
168
217
141
99
108
122
243
114
180
209
168
141
195
49
37
221
123
245
9
79
235
217
129
9
79
199
181
11
94
222
193
188
215
3
246
32
14
109
174
249
191
197
250
246
217
154
168
139
24
208
143
198
188
145
111
93
173
78
243
115
246
222
217
174
80
145
141
109
184
67
37
38
94
33
78
30
118
99
122
90
181
32
140
154
188
127
132
228
37
250
228
184
32
37
129
135
246
122
92
222
245
149
64
99
10
235
24
24
143
18
241
115
246
253
168
198
47
122
233
104
24
94
120
99
25
164
218
181
181
180
63
216
245
94
210
123
145
180
233
164
136
244
105
105
60
179
24
171
193
138
1
32
27
233
244
167
109
140
210
224
24
154
135
224
171
164
73
210
250
60
188
196
164
125
73
226
145
176
138
250
94
112
100
207
226
181
154
255
135
212
226
118
164
224
224
8
73
105
138
224
84
94
100
206
224
131
233
78
49
129
49
123
212
206
78
97
224
188
3
117
91
74
112
204
174
180
224
14
154
141
223
193
43
74
198
149
171
79
27
79
191
94
224
154
33
218
158
57
223
255
120
167
115
219
78
154
97
107
233
245
204
117
74
154
187
3
191
102
247
224
147
233
214
102
146
30
114
126
109
74
5
102
66
233
114
28
227
126
253
243
24
232
52
54
161
217
33
45
27
102
237
81
30
26
141
243
1
86
44
207
90
9
237
73
5
94
90
9
129
145
54
94
228
104
43
224
80
187
228
33
60
172
207
19
92
227
218
222
139
227
187
94
226
118
218
172
246
134
127
115
187
92
44
44
70
44
144
100
92
144
19
249
164
124
79
168
49
