146
209
121
84
80
209
162
87
209
87
209
164
209
164
166
164
130
130
164
209
164
80
186
209
166
194
176
66
190
154
66
33
66
150
256
165
190
165
164
144
167
17
165
206
51
206
51
206
75
51
55
209
62
117
17
51
162
62
167
224
226
51
62
217
129
67
74
67
256
51
177
177
227
73
115
224
172
66
245
122
118
122
221
227
118
118
168
37
37
181
209
115
177
115
144
118
85
168
37
154
17
182
136
17
50
224
165
62
17
138
17
133
136
118
118
217
15
37
37
162
94
62
182
72
37
118
37
17
208
208
220
184
130
79
220
145
145
37
177
115
208
84
224
243
206
245
213
97
181
197
84
219
66
84
241
213
84
158
175
82
213
209
136
46
129
37
79
229
37
241
85
77
138
181
84
55
247
63
138
208
84
120
182
197
101
37
166
144
139
197
24
246
146
173
132
197
256
118
162
181
132
84
67
243
123
118
97
184
84
246
114
67
136
101
114
224
143
150
63
158
77
206
132
181
224
231
140
41
87
133
222
243
208
186
95
130
122
15
63
244
193
204
255
123
206
236
105
142
51
7
210
123
138
210
123
193
244
204
162
216
78
247
122
154
216
139
132
154
18
8
28
41
151
135
67
154
88
144
133
15
15
137
216
18
145
193
194
232
158
227
208
168
231
80
224
18
141
28
48
255
216
197
19
129
208
189
15
46
38
