84
205
66
205
3
231
3
243
138
36
144
36
231
231
151
243
138
186
129
231
129
146
222
3
231
129
177
59
74
231
129
75
81
84
36
181
74
177
222
132
136
195
183
164
40
84
222
242
80
177
183
164
186
203
84
164
84
203
73
250
181
205
165
74
29
29
95
84
97
184
80
153
40
95
67
136
54
138
138
136
61
138
95
235
164
138
3
230
208
222
250
121
231
222
222
29
59
98
95
67
80
32
3
84
98
25
6
7
67
101
147
84
67
147
71
31
84
40
208
40
59
140
32
95
67
67
140
121
22
75
84
136
205
164
67
97
183
230
27
71
194
147
29
11
22
141
196
40
54
205
88
147
212
230
74
138
138
29
29
141
58
181
202
138
130
29
22
95
205
29
205
97
212
251
6
75
98
164
40
165
164
87
212
186
144
222
101
8
181
6
75
221
31
126
239
194
29
246
40
27
164
26
94
118
108
183
29
95
22
208
168
128
228
29
239
246
81
138
67
22
60
55
141
55
203
183
182
229
220
95
31
7
227
154
91
138
102
119
205
102
183
71
164
203
220
52
183
141
186
212
227
97
183
59
140
147
118
205
129
220
246
138
246
84
207
50
226
130
182
177
40
239
228
243
233
95
138
59
255
205
174
248
153
212
182
226
233
154
136
243
113
194
199
177
236
81
244
130
162
199
183
141
160
89
11
222
52
183
248
210
130
89
196
205
130
93
175
100
37
203
88
92
216
141
116
181
110
77
246
145
101
50
67
212
100
40
100
47
183
80
77
182
67
29
229
182
130
188
118
181
138
144
95
59
22
182
253
253
210
154
110
133
212
27
144
145
113
250
253
59
11
80
89
27
235
147
84
52
181
252
52
235
207
69
219
103
27
40
255
18
137
184
67
182
216
132
18
89
154
93
248
110
151
249
62
49
183
92
50
182
116
210
40
41
40
33
87
221
109
109
78
109
33
164
215
97
221
40
168
84
17
136
183
246
50
133
208
152
115
42
216
134
105
167
231
231
7
108
103
146
216
168
106
24
24
69
130
239
246
122
87
11
138
6
199
14
138
51
246
93
188
243
110
202
168
210
181
33
30
251
22
101
135
52
246
236
247
219
17
42
179
128
78
253
171
62
38
199
154
222
218
235
164
119
24
246
122
216
138
210
153
182
105
254
87
231
51
166
110
1
19
71
24
244
183
231
240
18
119
147
183
36
11
138
141
254
188
106
24
84
60
231
158
216
144
190
91
135
128
182
24
176
176
184
129
104
93
14
176
183
174
164
30
42
181
235
176
129
162
24
1
255
252
171
122
75
119
147
181
150
254
91
117
77
244
236
136
171
88
183
185
108
141
176
78
44
121
171
179
139
11
218
62
42
15
122
51
60
104
222
167
133
171
171
43
108
210
64
106
235
136
111
125
178
84
51
18
52
165
181
168
131
129
246
27
202
17
41
187
190
7
47
138
54
151
7
91
181
183
80
65
42
205
174
14
192
16
164
96
168
117
38
100
141
154
88
241
6
92
38
158
78
222
9
132
227
254
227
92
152
153
122
116
165
154
117
62
241
88
203
122
135
140
24
6
132
111
181
68
222
172
111
3
188
216
42
77
114
39
92
33
118
128
25
168
245
27
147
118
216
43
139
92
135
255
136
74
9
38
7
74
244
198
118
179
107
236
53
244
53
107
29
161
168
77
77
3
244
154
33
9
3
41
122
42
243
127
141
112
4
83
244
244
185
1
198
255
139
120
79
190
9
74
164
62
224
224
219
141
9
75
11
246
244
99
54
54
95
193
138
60
182
122
125
100
244
187
233
168
171
138
94
102
244
11
120
60
25
112
28
77
227
244
147
54
41
182
16
125
255
115
94
77
171
154
255
255
105
3
129
62
61
233
74
11
241
30
2
104
227
4
141
22
212
2
103
14
47
6
244
4
244
47
53
176
50
108
233
122
174
60
38
246
135
210
187
24
168
171
65
54
6
244
255
125
237
210
244
129
204
138
88
127
171
135
109
167
14
37
67
141
11
65
120
60
121
191
227
121
185
50
132
68
104
185
248
132
139
109
190
130
92
115
62
74
215
233
40
13
127
252
53
142
137
6
199
232
255
109
4
142
109
47
129
247
248
208
238
250
255
132
43
21
92
190
232
224
245
120
132
179
8
232
70
64
107
114
197
101
78
4
163
121
132
58
93
120
252
147
93
6
234
6
233
38
22
256
26
192
179
188
192
167
30
211
227
6
1
255
115
100
37
142
132
3
79
38
135
53
53
135
167
1
226
38
107
131
132
101
142
114
193
193
87
246
142
255
19
46
247
62
113
43
113
68
179
46
134
132
198
191
1
103
158
43
195
21
246
167
116
200
4
