146
21
22
22
22
8
42
166
34
8
146
42
223
42
22
128
42
223
65
138
42
187
219
164
93
93
101
138
240
128
176
8
164
167
188
164
41
42
97
124
58
128
57
55
164
41
87
243
140
6
93
176
55
242
135
256
167
208
240
38
125
22
127
244
242
6
38
5
24
224
90
71
38
136
224
167
166
122
80
38
242
10
34
219
176
45
26
243
44
194
26
8
90
110
243
90
44
32
127
147
84
40
177
89
45
65
183
215
114
37
146
71
34
26
109
221
212
57
30
195
77
212
11
199
11
219
34
93
58
37
214
212
187
111
244
127
73
10
196
196
125
233
10
219
125
242
117
210
246
165
109
45
90
192
125
80
161
184
246
230
35
8
168
196
64
70
111
40
34
85
221
250
196
109
182
168
111
206
250
166
232
220
164
240
256
84
132
24
109
47
76
43
151
58
203
186
106
256
10
227
65
84
196
6
106
80
15
149
182
221
107
161
37
125
84
61
201
61
244
64
86
182
150
11
109
117
75
145
10
39
222
191
115
144
230
125
181
237
85
164
117
40
256
256
168
157
130
116
81
145
203
115
40
145
117
66
57
77
154
109
24
85
138
103
193
167
5
225
248
145
101
202
212
53
219
198
64
247
222
190
169
102
139
39
178
82
167
256
79
190
246
171
58
154
9
159
46
229
248
149
44
30
45
216
250
166
146
44
82
27
220
237
18
225
94
219
256
91
224
91
230
201
37
220
189
92
58
10
220
224
147
111
196
195
80
103
218
256
149
10
31
236
177
238
134
220
62
207
230
194
121
224
26
31
220
125
222
235
6
34
86
98
189
189
55
169
83
44
37
192
190
247
85
35
40
132
43
159
30
32
250
256
31
176
18
69
107
169
136
37
25
186
216
57
145
213
219
64
235
244
66
58
18
102
203
224
60
207
256
44
9
26
224
251
32
58
231
178
25
218
10
247
131
242
82
61
43
44
157
116
224
187
20
170
64
214
256
73
174
96
196
24
253
109
102
221
78
174
25
256
115
157
28
256
236
35
149
186
2
189
141
74
22
235
25
94
44
150
22
184
236
214
83
231
38
192
34
108
114
201
121
256
138
221
82
40
52
48
57
37
174
161
30
19
221
134
239
106
22
127
248
190
149
174
149
125
85
228
145
102
181
256
144
76
44
219
196
76
196
88
196
15
174
125
99
108
34
219
237
239
155
196
32
159
138
238
44
182
251
5
120
125
15
33
172
207
88
22
163
12
79
18
184
196
145
222
196
216
256
196
134
54
248
30
9
12
5
171
144
202
207
192
128
116
83
51
69
151
94
65
131
73
15
145
86
102
196
191
184
220
30
125
174
76
2
72
149
43
15
178
182
46
79
256
222
207
145
252
237
232
218
48
174
39
64
246
57
30
186
163
30
214
221
145
44
64
168
207
168
256
85
64
147
96
64
30
25
164
192
61
74
26
159
256
9
55
169
151
159
191
176
219
26
219
161
159
222
219
70
70
22
35
192
250
227
115
120
37
115
63
185
198
146
85
48
252
120
238
194
214
118
34
88
120
229
137
48
60
37
59
22
140
39
175
74
229
5
191
201
157
40
151
178
48
31
221
197
159
219
207
69
216
221
199
238
13
218
154
214
34
63
85
77
76
192
35
89
20
53
169
73
174
159
76
197
174
62
10
94
29
243
76
186
180
20
251
182
132
39
184
44
64
94
33
196
33
44
249
30
45
218
108
83
125
106
228
86
122
29
240
102
253
76
61
252
27
44
225
22
64
9
44
251
2
24
63
8
99
104
22
236
124
163
44
76
91
108
221
146
185
181
203
31
86
10
169
12
219
145
42
79
248
229
42
220
191
184
178
149
19
169
74
10
35
238
13
88
3
255
238
219
40
85
66
174
256
64
20
221
157
242
42
137
164
219
146
248
229
125
121
198
10
148
39
66
64
125
176
93
244
111
22
138
20
243
39
39
174
237
149
69
76
238
56
197
131
28
69
120
190
106
69
2
235
144
10
191
111
196
125
256
192
170
10
168
238
79
57
174
210
120
221
95
31
20
232
222
219
26
252
13
10
184
237
151
197
70
11
248
55
8
114
192
64
93
20
64
161
191
170
64
207
196
34
64
240
192
32
10
12
180
221
40
10
155
73
235
94
22
204
246
76
115
91
8
240
81
236
89
75
30
252
192
235
88
20
174
64
237
29
64
192
203
249
137
196
193
63
169
149
88
55
102
169
252
169
91
220
215
20
173
194
25
91
12
219
94
69
106
55
201
129
25
112
249
184
113
82
32
17
64
242
10
34
26
86
65
244
213
114
94
224
219
230
98
31
184
42
63
139
103
131
219
215
102
238
192
190
40
83
115
34
227
31
32
63
198
202
61
92
45
29
239
94
193
69
243
169
253
256
236
30
232
83
83
217
39
10
96
227
170
179
116
249
63
19
120
256
153
238
110
250
73
236
166
139
26
64
186
39
26
125
119
229
232
84
116
211
174
216
144
64
110
73
2
191
91
248
117
203
163
97
217
153
196
69
14
256
25
26
205
160
190
203
213
41
103
157
69
217
110
201
65
8
84
188
102
240
25
199
196
148
223
222
212
250
32
110
29
33
120
160
12
91
190
103
192
64
11
238
105
158
155
248
21
149
200
33
224
236
64
102
190
244
2
31
170
2
91
75
42
196
91
239
220
10
230
94
238
116
14
132
86
21
25
25
44
38
94
133
63
230
210
235
192
52
221
93
20
16
103
32
255
220
27
196
249
200
168
202
247
220
105
138
239
213
8
139
134
94
69
191
22
39
237
45
31
64
133
57
18
221
14
164
85
70
26
189
176
218
134
192
252
39
220
43
252
125
10
158
94
235
189
77
94
76
32
235
26
155
44
199
104
170
175
153
15
91
236
238
181
186
219
160
70
41
217
10
32
10
42
106
20
61
98
34
108
115
88
125
33
219
64
221
61
176
99
207
249
13
115
64
34
91
30
121
104
133
160
113
217
190
53
221
175
161
31
61
218
102
48
57
10
141
63
50
26
88
99
41
20
39
169
242
175
134
38
192
115
115
45
63
108
238
44
22
166
219
83
219
129
106
110
63
57
196
117
181
256
35
240
76
174
174
105
11
84
63
86
170
137
70
99
31
25
220
102
40
12
111
118
25
42
161
69
26
57
250
88
35
242
120
63
162
94
252
108
124
102
11
31
190
88
238
102
184
197
140
18
13
219
39
22
158
110
138
238
11
159
34
10
32
89
86
94
193
102
19
30
86
248
256
218
193
70
52
86
11
106
249
147
106
134
64
10
244
161
64
110
10
240
218
99
134
218
115
144
24
70
33
20
116
76
71
128
212
86
219
219
34
134
203
245
69
26
231
122
163
161
149
147
212
117
101
129
252
101
100
13
221
221
219
154
162
160
240
203
94
134
161
189
196
56
140
32
73
115
21
65
91
253
220
39
64
61
196
18
161
238
44
2
93
130
124
252
174
27
246
91
238
25
34
117
210
16
252
96
120
34
74
117
161
219
216
144
76
199
10
42
183
2
31
249
10
69
106
192
252
102
12
134
240
32
216
219
237
18
192
104
89
239
81
221
88
226
99
134
164
156
10
240
137
45
26
52
87
222
10
146
64
175
83
176
256
24
120
88
201
161
188
26
41
115
102
52
102
199
38
73
10
19
104
26
48
220
247
220
91
31
72
147
121
129
110
204
216
61
52
178
8
224
34
201
144
191
236
169
169
192
35
57
256
197
238
201
149
158
190
8
74
201
32
89
53
134
45
196
115
248
111
134
69
26
157
241
219
11
116
134
65
65
204
19
102
193
52
64
69
31
174
125
252
102
69
102
108
169
252
25
246
215
66
160
238
10
42
99
48
188
10
63
102
86
201
89
64
139
250
189
117
62
214
125
64
149
104
98
122
19
61
63
219
82
144
35
180
37
238
110
121
96
26
65
134
79
9
45
35
243
12
155
117
188
153
39
118
256
132
252
164
67
232
104
190
98
203
69
34
202
190
9
65
26
146
170
149
164
247
42
106
207
170
210
197
35
16
65
97
170
35
170
210
52
31
35
89
176
35
215
230
196
196
134
76
154
130
26
213
169
102
44
57
102
228
111
134
155
73
196
69
11
35
147
103
34
250
199
42
95
15
238
70
115
88
115
56
170
26
170
249
192
70
71
134
125
69
69
73
117
219
221
239
37
115
44
34
242
30
217
35
134
139
145
155
207
2
189
102
117
169
252
69
134
60
186
91
256
246
96
67
8
238
193
218
238
191
26
169
247
145
198
236
246
26
139
100
190
199
9
21
175
212
240
204
203
242
21
170
104
139
120
116
10
196
129
220
69
2
228
217
63
199
24
74
219
69
35
91
104
237
203
25
151
218
91
250
69
104
125
210
69
20
121
19
238
15
212
238
68
198
31
10
226
222
199
252
159
157
196
206
32
247
57
139
158
255
218
196
122
34
144
69
248
16
88
176
153
34
158
245
73
88
118
230
222
64
35
51
64
161
169
246
61
69
34
124
180
195
83
14
88
44
9
14
91
125
26
255
126
182
221
189
61
68
56
249
255
252
158
238
161
139
245
238
242
198
10
201
72
76
158
149
13
217
73
227
139
79
105
53
241
198
120
42
112
115
66
149
68
110
193
190
31
96
125
198
213
32
115
196
226
55
218
37
201
215
78
86
9
120
82
173
68
25
2
82
170
217
96
2
210
247
249
42
91
83
213
61
65
35
109
201
49
79
115
245
107
117
68
116
169
91
146
246
173
1
166
44
10
213
60
139
65
238
189
185
49
175
105
64
96
147
197
119
39
102
175
156
119
219
20
123
24
43
35
91
34
226
20
115
47
201
156
