80
143
80
143
151
143
151
151
80
80
143
208
143
17
143
165
208
165
208
84
165
165
56
80
208
84
141
74
209
165
62
80
80
165
243
143
29
143
143
143
175
230
74
90
135
183
180
90
126
195
136
230
143
243
140
114
230
205
29
212
67
135
178
79
175
212
212
243
126
246
143
209
229
16
36
74
114
177
195
74
94
29
237
119
135
43
143
177
252
229
143
192
143
201
224
143
172
154
143
154
231
143
177
222
2
17
185
54
91
126
141
126
212
82
17
99
84
17
222
54
175
79
229
141
9
209
54
181
51
211
194
194
246
62
54
252
38
135
192
208
9
177
119
114
174
5
208
51
213
90
155
17
231
216
208
71
177
232
122
141
62
67
185
9
85
54
225
113
51
32
141
172
5
114
118
128
175
247
111
82
181
74
67
82
141
212
226
175
9
31
54
75
243
65
168
136
172
211
122
104
205
144
220
243
181
232
150
54
74
71
195
110
123
253
17
18
230
224
74
208
31
172
67
123
123
203
81
107
85
14
96
62
220
133
209
217
128
85
139
123
223
212
226
226
28
237
240
123
44
245
133
43
245
160
95
216
123
247
144
43
92
123
43
31
207
186
110
23
74
121
181
174
226
109
147
208
100
244
81
209
28
82
212
116
254
62
82
95
9
220
122
153
226
242
133
10
133
3
148
208
72
197
148
128
118
62
175
104
239
209
62
3
143
143
145
25
244
143
2
165
123
143
174
90
40
217
82
10
174
197
153
226
181
9
109
156
207
82
209
133
148
246
4
50
82
10
4
9
72
60
4
24
186
160
20
72
68
196
254
213
4
254
10
224
101
4
226
229
197
17
197
207
231
20
209
20
85
173
127
98
146
105
85
50
227
197
78
201
82
106
254
10
28
104
42
197
4
111
173
20
193
140
225
173
173
227
68
208
223
71
197
111
197
110
227
65
98
140
63
26
26
147
71
94
66
69
26
85
227
204
197
26
246
85
173
204
204
167
19
5
209
56
20
75
226
72
218
17
85
197
165
226
102
204
11
187
120
97
165
228
209
4
141
115
142
94
177
198
209
208
97
123
239
197
246
190
241
140
72
204
97
120
165
204
204
4
118
209
228
81
165
243
171
104
216
16
204
244
27
173
106
106
246
109
248
165
46
81
123
50
90
191
188
81
208
185
209
115
12
189
12
118
142
252
234
44
208
165
68
224
180
97
123
16
242
165
246
188
203
165
190
85
99
120
208
47
247
165
9
224
45
120
144
118
216
204
72
248
224
94
106
165
234
246
165
165
154
43
121
46
228
190
79
216
11
208
133
197
56
98
133
173
98
208
165
224
102
241
40
197
224
11
6
9
175
152
11
17
125
92
224
113
118
108
191
212
38
45
95
6
90
113
18
189
90
73
81
204
190
46
86
204
143
244
98
189
120
163
254
142
142
141
119
113
47
191
243
191
141
85
107
133
150
113
154
254
243
241
227
98
191
234
150
125
161
47
68
254
218
47
208
190
106
75
119
208
12
120
6
120
119
47
156
47
185
198
34
197
86
119
113
22
152
50
156
163
28
133
191
188
113
141
193
113
