86
106
56
86
235
106
222
14
14
111
79
111
86
14
22
14
147
27
79
56
29
126
229
188
14
220
110
79
79
222
113
111
79
187
27
114
40
79
87
111
220
250
111
243
220
250
113
131
208
14
79
111
126
40
106
59
7
61
126
79
87
111
123
122
110
26
111
181
106
187
69
86
220
182
36
175
86
111
40
114
5
10
14
113
79
36
111
175
107
121
229
40
256
138
114
117
70
114
192
194
172
14
49
25
220
112
79
182
8
106
83
176
5
14
192
214
151
113
7
36
231
111
106
182
194
26
112
111
222
111
172
14
10
36
93
138
234
79
123
182
76
14
122
136
192
71
120
36
236
75
14
28
126
235
59
154
28
114
79
192
106
8
89
116
49
79
204
236
194
131
192
112
126
100
7
111
54
236
113
50
185
79
14
243
79
90
185
35
205
204
182
231
236
254
234
106
192
27
182
204
14
35
243
28
61
106
110
100
131
35
14
192
13
34
119
136
54
102
192
126
58
70
192
113
181
254
240
112
205
231
250
226
17
182
195
65
192
113
56
65
226
77
59
207
21
219
205
14
152
116
185
182
160
157
204
228
187
136
106
228
36
102
239
136
64
112
194
36
27
192
231
234
17
59
17
79
81
62
116
184
243
204
188
33
131
150
111
138
115
123
27
83
147
29
231
75
112
65
196
189
110
138
222
173
98
79
36
44
2
81
226
136
121
22
206
17
113
114
144
15
112
190
152
98
131
73
198
157
128
41
106
250
192
163
41
67
112
11
192
204
79
76
152
113
204
98
181
9
96
103
14
172
35
29
122
239
75
131
230
132
81
54
3
231
136
183
7
107
40
27
98
95
184
122
138
138
222
96
111
36
208
62
112
131
3
60
13
231
152
172
174
150
138
135
118
96
250
173
22
144
131
118
119
131
60
172
138
3
205
136
136
131
98
222
248
7
44
111
150
13
22
83
36
43
256
19
49
32
212
171
171
204
131
9
152
244
131
112
250
77
107
65
131
222
33
231
131
206
176
131
9
171
137
8
61
235
97
217
87
247
43
62
250
254
225
206
19
112
244
226
118
204
222
231
145
113
198
132
206
62
224
53
97
3
240
226
65
24
204
242
62
14
125
193
15
62
204
41
122
42
13
42
131
9
28
231
41
176
137
171
207
216
192
114
208
144
7
244
77
154
252
132
191
77
140
152
207
193
79
196
85
42
249
111
3
204
243
243
206
50
36
88
169
206
245
16
5
52
84
84
185
191
77
171
207
29
84
36
222
176
154
77
152
9
225
252
53
97
244
13
183
87
231
170
194
184
132
62
219
118
152
184
16
36
54
231
67
50
144
211
3
113
183
34
221
214
3
62
93
184
77
118
234
196
41
119
71
71
231
165
54
183
152
71
3
231
62
114
109
14
13
71
222
131
27
230
152
109
95
41
14
27
175
204
168
244
209
114
95
249
36
225
53
240
50
71
249
36
77
163
128
249
53
37
81
190
190
253
152
120
240
48
191
62
72
42
173
77
192
109
132
209
4
90
151
214
154
63
152
53
9
33
182
152
132
238
200
150
152
154
180
205
54
231
9
177
34
256
119
193
85
125
131
37
237
169
169
209
35
90
4
152
50
182
37
72
79
9
137
137
245
88
132
40
77
4
213
217
50
156
49
82
100
148
48
178
231
4
131
42
131
15
184
152
110
78
196
16
253
131
245
24
252
41
230
4
221
15
51
221
88
221
37
11
234
226
131
92
208
190
41
137
154
180
201
60
88
169
132
9
193
150
81
152
131
130
152
209
88
152
40
217
174
180
37
130
160
40
15
226
35
48
138
123
79
237
74
123
43
10
217
119
219
54
95
152
152
43
170
226
120
109
138
53
50
109
131
36
152
204
168
4
123
250
190
216
82
235
89
217
154
70
152
230
28
167
114
161
191
29
3
152
37
9
177
154
131
88
250
183
152
228
168
4
240
131
135
27
53
124
221
238
117
89
145
217
114
222
152
233
110
102
158
166
63
37
237
120
190
253
90
118
4
203
222
27
122
233
95
8
167
40
82
217
132
255
27
176
140
203
48
217
250
174
217
41
63
168
214
250
206
37
185
66
137
191
58
209
150
180
184
123
82
218
169
95
39
145
49
63
63
154
245
17
233
183
256
240
181
154
195
63
62
55
246
195
206
63
114
49
223
152
76
65
203
32
74
238
194
247
71
27
37
63
184
232
165
121
221
194
217
37
144
8
247
101
16
180
63
85
35
195
171
190
27
56
11
168
11
217
24
152
231
43
131
152
222
191
222
253
85
152
152
243
95
165
168
139
4
231
140
152
14
52
63
49
81
135
85
30
114
140
176
139
169
180
1
216
136
68
238
85
4
194
139
120
31
230
191
70
42
234
120
9
207
103
62
25
185
12
228
79
231
4
5
21
124
222
24
141
131
119
187
77
185
41
140
195
207
102
152
53
230
60
212
14
51
17
1
182
253
155
179
38
136
60
8
217
217
253
102
4
139
39
33
180
28
123
89
1
124
33
64
35
249
209
39
168
15
82
180
60
60
185
217
212
11
182
135
169
156
249
74
52
176
102
111
198
7
241
6
79
172
28
2
152
135
11
49
33
230
2
17
79
135
4
43
53
141
242
212
230
14
168
157
230
141
73
135
73
43
75
142
43
21
135
29
184
123
73
154
24
70
16
39
37
1
43
60
2
150
78
111
191
140
133
43
122
32
29
90
71
135
229
70
93
162
9
14
195
145
35
138
142
111
106
13
39
100
14
14
224
111
241
229
69
14
1
111
111
229
162
58
82
89
219
218
1
2
90
124
231
191
77
93
4
135
114
3
111
125
220
114
111
111
39
82
228
16
16
130
70
65
133
244
122
124
142
108
175
82
109
63
53
109
37
59
131
114
210
109
125
37
43
109
151
220
49
111
111
222
102
59
228
196
220
43
76
211
2
114
155
125
138
114
150
83
235
43
171
126
155
14
187
79
183
111
12
49
57
181
185
247
219
171
131
59
111
213
37
142
56
214
56
59
181
52
178
159
78
142
23
86
155
220
111
184
155
46
114
12
248
111
155
155
45
