31
183
183
136
183
183
136
80
183
183
3
251
46
140
46
63
183
136
46
3
183
181
114
222
251
132
181
183
222
3
248
168
230
97
136
183
236
102
140
181
40
136
205
102
145
102
168
145
14
183
113
68
168
14
132
167
14
37
171
132
250
123
114
95
109
114
136
171
248
37
109
210
123
192
136
198
205
122
181
183
33
169
222
227
246
171
109
109
68
154
248
109
248
95
43
245
168
230
188
28
181
187
183
180
171
109
154
144
37
95
168
245
246
66
216
40
196
95
171
94
68
94
226
205
63
130
5
28
95
92
226
248
37
224
41
228
91
141
68
28
246
198
192
174
73
46
171
63
54
114
109
180
179
14
256
246
236
181
109
216
118
122
167
198
31
95
118
75
132
136
74
84
150
194
66
224
140
77
174
168
124
168
118
57
256
38
139
181
117
132
236
256
222
236
45
198
136
198
131
118
222
60
181
246
109
222
178
114
41
246
94
244
245
2
168
246
194
100
169
33
118
195
227
109
4
168
150
154
109
139
36
132
88
118
68
132
75
13
57
4
37
14
226
248
198
101
236
248
140
248
253
168
118
74
132
114
14
118
114
118
4
181
246
132
54
172
28
68
33
13
182
171
103
77
168
180
15
118
207
226
118
114
9
116
68
109
11
226
95
73
144
9
202
60
108
122
248
137
198
228
114
168
68
245
117
150
162
245
68
68
132
74
94
144
114
138
247
53
118
236
245
171
101
75
68
74
114
168
210
184
86
169
138
109
97
114
50
137
182
220
228
187
227
221
136
240
4
256
4
222
73
42
28
137
227
226
203
211
69
55
227
74
196
194
68
86
122
154
39
101
24
42
207
136
256
56
9
118
29
94
139
248
83
94
207
42
118
154
43
179
249
245
58
112
49
198
9
52
227
52
122
20
247
202
109
154
84
211
193
224
114
185
138
202
246
49
184
104
139
230
224
28
228
207
92
222
138
222
32
84
22
202
176
68
247
49
226
101
122
224
74
248
131
197
183
247
109
241
223
253
187
52
91
11
249
13
42
24
42
23
245
224
187
154
14
136
193
141
140
222
31
9
122
250
141
132
151
50
84
39
88
102
132
222
248
118
181
222
40
162
190
75
248
94
109
103
132
249
73
86
180
226
67
146
42
245
206
7
222
136
174
206
74
53
68
154
224
154
107
78
79
140
211
141
105
228
201
53
106
109
182
74
124
24
224
1
42
217
168
168
122
39
115
249
76
29
228
90
53
52
230
37
55
78
157
202
226
78
190
110
55
246
68
30
227
250
4
109
108
118
241
42
132
219
168
217
136
132
245
157
49
225
182
69
109
146
9
140
50
233
246
86
9
139
4
222
44
109
13
55
192
14
114
132
226
10
230
161
224
183
222
136
228
13
107
124
52
151
118
52
56
222
29
95
122
29
15
60
203
168
107
104
108
78
14
109
75
49
74
124
222
49
249
108
88
188
27
255
68
38
6
208
231
228
247
168
114
237
103
49
215
195
239
158
69
249
155
114
176
4
217
245
249
225
222
222
90
183
55
216
122
230
78
132
34
139
183
224
173
86
15
157
109
136
174
206
162
89
249
118
68
230
250
249
49
52
61
216
145
227
120
246
121
100
141
63
68
107
222
172
77
33
184
6
124
248
247
132
130
136
79
171
246
184
140
136
52
9
14
46
132
242
13
222
246
217
219
75
7
150
56
213
246
216
168
184
195
192
222
37
66
179
29
136
247
122
163
17
114
84
55
154
140
77
171
136
168
230
125
163
56
2
122
39
58
168
14
242
215
256
124
45
241
15
52
161
149
4
132
140
174
135
37
179
104
194
242
14
249
246
1
42
50
44
78
230
185
132
206
15
233
246
122
22
161
46
109
26
37
43
246
222
33
230
91
168
225
193
150
88
168
227
44
168
146
56
205
169
118
141
224
68
179
166
140
68
248
250
120
107
85
222
36
182
202
15
245
229
36
158
15
47
113
216
215
151
31
63
208
152
205
178
113
75
183
49
55
175
13
68
232
37
166
135
202
95
199
109
213
136
2
171
229
202
246
246
113
213
104
9
196
140
246
114
47
55
113
97
65
174
122
170
113
36
222
37
142
167
132
115
144
77
135
68
152
2
168
245
191
198
229
58
204
1
135
47
233
236
115
191
235
97
22
224
140
161
180
205
191
223
250
52
193
42
189
113
138
226
232
206
154
77
246
136
132
209
95
167
78
168
49
182
13
33
37
44
33
242
230
138
67
171
196
6
33
136
178
86
224
188
222
195
65
49
82
42
239
4
37
28
170
83
154
78
21
104
191
22
52
135
95
213
52
139
141
135
171
230
117
180
132
25
113
141
152
217
115
63
102
191
107
40
107
27
125
90
171
137
176
7
180
33
188
25
135
70
107
107
107
202
33
191
78
78
207
198
47
33
191
