74
251
225
29
230
74
153
147
50
83
31
26
50
88
172
50
123
123
230
172
230
74
26
172
164
23
44
172
23
123
25
117
207
94
145
94
112
59
151
3
69
62
18
207
176
82
117
186
17
3
250
9
186
26
165
73
165
25
191
26
88
45
44
143
176
7
9
9
82
69
79
72
209
66
66
23
191
42
79
161
249
162
141
69
129
249
176
97
214
143
49
42
128
98
18
113
160
161
162
143
208
6
45
67
52
190
251
18
128
36
140
151
110
19
62
3
62
251
6
115
243
123
79
199
209
22
17
17
6
244
172
154
86
225
40
166
66
140
31
55
160
204
18
230
62
194
9
54
174
56
170
249
209
18
91
9
110
209
209
232
117
232
251
69
6
18
8
148
171
186
140
9
23
82
69
9
110
146
97
243
126
86
84
249
71
56
19
99
9
202
123
202
56
123
242
113
172
29
249
86
239
253
81
189
26
97
225
84
110
149
18
203
150
208
166
82
133
15
110
46
81
239
110
9
120
9
113
18
63
202
117
19
143
252
140
17
90
25
40
55
96
104
56
254
25
172
159
150
97
29
172
123
7
202
38
69
179
120
157
243
208
218
162
165
239
67
90
172
40
72
84
224
251
220
94
62
216
23
143
205
256
17
72
56
213
131
143
146
51
57
57
240
26
140
99
121
29
99
176
62
110
99
90
149
134
24
76
144
15
189
181
161
106
111
231
67
20
113
251
216
50
148
72
148
111
208
112
111
202
114
162
90
225
234
111
45
176
117
125
29
111
111
191
117
216
51
172
172
111
112
208
38
48
72
172
251
111
111
118
191
128
48
82
12
20
237
161
160
104
246
160
84
111
246
239
56
62
128
18
186
197
238
112
188
117
162
142
157
23
220
106
111
157
213
36
81
84
197
84
249
128
12
82
161
125
256
149
216
197
59
29
111
105
42
42
29
50
50
246
52
83
85
173
237
116
38
220
218
239
82
109
157
161
225
99
41
84
29
85
12
84
99
12
111
102
85
139
239
161
197
143
92
221
44
43
117
36
151
111
85
48
51
178
139
167
192
52
82
232
155
231
176
239
111
117
42
85
251
125
106
127
206
136
99
94
218
147
167
19
36
85
120
45
29
209
235
239
172
128
50
230
245
231
128
218
114
234
150
23
117
231
62
218
218
239
213
209
39
251
189
251
112
82
197
152
82
82
85
106
94
12
54
53
232
167
82
227
215
99
18
122
111
99
157
99
213
71
251
29
27
122
215
225
213
72
125
243
198
38
9
105
197
62
157
47
68
18
193
25
29
251
41
205
234
243
50
193
166
174
131
215
99
185
50
109
99
125
174
49
239
72
105
126
243
69
189
62
4
125
82
139
23
99
42
231
12
102
176
126
174
234
9
251
242
71
115
23
180
111
242
53
12
186
117
125
4
235
47
34
23
84
213
126
152
5
26
151
156
85
224
84
111
79
54
8
85
125
114
99
37
4
125
44
148
47
126
126
241
143
55
98
154
7
85
53
23
152
126
17
69
118
111
20
19
125
20
197
48
185
35
69
114
99
99
171
251
72
215
197
17
20
4
23
72
44
21
44
174
174
247
215
52
218
176
4
215
189
48
9
20
185
200
168
149
84
125
61
81
99
133
50
218
173
20
231
232
99
160
87
200
9
251
47
197
18
109
125
150
84
154
23
149
9
50
69
85
52
174
82
152
47
232
123
84
66
87
16
110
127
111
28
107
109
215
94
125
117
37
48
155
183
109
224
8
4
7
213
45
63
37
244
198
251
202
242
99
84
117
72
206
251
7
109
133
197
25
163
12
146
128
162
197
246
204
77
117
160
99
102
229
45
82
227
82
152
116
162
196
235
54
208
23
20
45
118
16
26
99
61
51
23
146
227
148
72
109
139
155
111
36
254
154
202
118
12
193
189
114
82
153
54
256
159
94
28
4
254
84
151
88
143
129
14
229
151
80
162
154
247
213
199
9
197
45
72
189
193
176
174
19
197
109
155
82
4
77
118
177
149
256
20
197
204
184
189
80
133
113
80
188
82
153
12
109
60
12
23
184
15
118
126
201
84
217
136
57
112
217
85
96
115
163
159
213
34
155
23
77
118
101
157
97
191
152
195
140
12
150
214
201
161
154
118
62
69
245
249
150
8
131
150
27
173
144
132
174
150
45
163
118
211
218
245
118
242
23
82
247
168
232
218
113
201
49
218
213
245
80
85
40
249
154
112
163
136
113
220
45
80
82
133
215
109
174
82
31
218
52
5
43
78
117
113
159
23
201
202
159
4
201
215
37
117
201
201
232
20
201
97
242
29
113
45
72
12
215
118
118
214
45
20
56
195
118
31
117
218
92
45
133
215
99
52
133
218
174
133
254
233
247
23
