228
228
228
71
228
36
105
228
14
228
87
31
38
212
228
15
55
143
55
106
38
229
220
76
157
42
79
222
106
123
106
106
76
127
76
157
76
228
235
212
149
15
123
128
38
105
222
212
189
38
66
105
172
3
222
82
54
54
111
51
54
99
51
163
51
126
149
141
99
246
216
19
19
136
74
222
104
60
55
109
75
222
62
185
109
157
136
136
136
60
210
135
210
184
132
114
135
47
136
124
118
235
229
97
235
88
88
124
109
185
60
235
235
132
183
185
184
184
108
183
210
47
132
168
132
132
221
132
136
185
222
14
14
33
183
53
184
184
97
136
227
132
235
132
131
168
139
124
124
235
75
136
114
168
60
47
117
168
183
184
136
75
132
171
227
117
124
208
77
60
183
33
206
168
183
206
47
183
54
124
114
124
206
171
209
114
60
168
15
132
239
69
15
150
114
114
124
194
33
63
136
39
184
208
178
135
235
185
217
85
184
182
1
