205
205
250
14
205
239
89
219
108
196
239
3
6
240
95
95
135
13
90
205
201
183
196
250
219
250
253
135
46
90
205
250
250
248
3
33
108
90
140
102
144
183
125
75
225
107
8
178
239
201
168
219
108
252
75
151
92
29
121
108
206
169
65
97
67
178
151
248
58
121
169
122
14
154
8
58
58
142
58
75
108
41
92
240
135
244
178
169
135
250
166
122
201
89
65
65
132
83
250
58
250
168
244
97
47
205
169
193
219
58
65
65
65
47
92
250
98
244
223
65
103
6
222
28
196
5
93
252
8
92
93
108
18
250
93
65
211
50
46
65
18
75
198
28
28
18
169
103
181
46
8
13
46
90
3
105
141
42
142
90
156
47
248
239
28
92
56
117
64
90
35
107
251
192
250
135
41
65
238
6
217
182
77
166
58
203
98
18
201
65
241
59
37
112
217
92
28
41
140
211
151
170
29
231
250
144
239
241
58
243
58
65
59
28
65
205
195
201
33
141
227
77
126
176
181
29
182
132
83
256
227
147
211
20
107
29
151
71
241
118
169
136
205
177
169
65
171
114
241
21
244
47
71
90
28
41
86
28
222
238
132
135
97
243
28
46
36
181
151
38
219
54
90
141
92
66
109
156
141
147
194
205
145
168
54
103
228
242
28
135
188
173
90
145
71
17
42
241
190
167
152
38
231
246
160
40
167
96
132
79
144
58
17
18
71
107
65
147
169
29
167
129
237
145
245
227
211
198
96
245
90
160
18
160
28
60
140
205
92
58
69
113
201
156
190
246
176
152
58
92
95
7
234
28
28
182
65
145
88
47
234
18
57
156
136
214
92
101
40
241
37
59
224
92
132
58
58
167
222
182
8
217
156
251
237
119
6
71
214
251
234
57
246
117
174
66
143
144
224
6
17
96
47
142
93
147
66
251
223
167
140
222
145
129
54
44
246
151
147
214
152
217
56
7
174
5
145
165
173
107
9
237
244
251
160
110
153
37
58
35
101
233
98
22
118
239
156
1
134
59
191
156
140
222
126
26
91
213
67
250
65
151
147
59
37
30
141
153
194
138
30
67
96
182
70
113
108
53
145
58
104
103
222
15
195
141
81
105
57
35
20
22
107
18
9
9
194
6
214
237
134
54
24
145
220
115
120
242
189
191
1
205
119
119
167
192
224
235
74
62
113
30
54
113
214
218
14
117
24
225
145
20
233
241
70
243
29
6
198
110
171
96
146
28
246
182
28
229
136
30
74
142
28
199
185
169
118
70
103
157
146
142
146
246
212
165
193
24
108
9
96
251
231
122
127
96
122
96
116
180
195
246
256
134
7
90
44
80
229
105
78
41
140
233
252
115
245
7
139
216
184
248
222
193
198
41
194
252
254
13
236
52
108
246
242
181
244
236
107
107
108
248
199
254
115
180
245
179
169
49
54
167
165
252
143
65
199
64
233
89
64
241
107
186
57
226
234
199
252
251
225
254
20
185
199
38
48
74
241
120
51
142
6
175
98
239
96
115
101
41
92
135
200
154
142
200
168
6
254
147
194
144
236
5
3
105
173
110
4
175
134
81
134
80
203
58
43
151
1
7
64
200
185
172
246
205
252
184
241
154
147
241
223
254
14
5
243
190
202
186
7
63
233
41
105
246
194
194
49
38
92
240
226
9
2
194
79
9
29
246
194
58
58
24
147
152
140
231
87
153
67
168
15
5
252
129
174
183
57
167
129
120
68
140
2
220
254
81
241
186
220
101
105
8
18
144
177
57
58
244
241
251
41
177
168
212
175
129
65
18
171
28
254
141
205
226
2
244
225
190
216
255
152
2
153
217
223
101
65
108
34
34
116
54
147
153
244
171
252
154
156
200
15
122
233
135
167
190
216
162
24
61
151
203
116
50
37
233
7
233
109
146
198
54
43
152
154
24
173
34
149
184
107
203
118
152
187
76
128
34
48
24
168
37
60
199
166
4
245
229
116
179
203
80
224
226
168
97
182
253
142
83
77
116
253
255
41
6
180
219
118
214
188
200
226
21
48
241
249
241
156
142
152
24
41
227
198
233
63
227
254
49
169
5
154
28
74
20
60
66
200
86
146
142
61
233
181
183
25
226
71
216
107
102
241
153
254
114
158
24
170
198
200
174
205
157
43
158
200
8
86
92
166
114
75
115
12
226
246
125
66
49
221
142
173
59
158
144
79
123
169
220
140
79
80
198
169
93
121
56
241
65
148
15
116
125
49
18
75
125
78
226
159
41
188
108
251
203
226
103
224
226
229
108
196
9
226
134
125
154
66
44
167
198
91
188
217
229
226
117
25
108
154
24
43
125
226
230
159
211
121
207
12
229
207
256
134
136
86
244
159
43
151
247
25
12
154
161
119
224
27
142
226
157
43
167
25
12
148
219
40
11
217
25
117
198
125
149
24
125
241
62
164
252
179
25
119
22
207
39
5
224
39
25
224
188
134
214
220
3
233
89
45
227
254
254
227
167
40
224
78
230
37
39
221
241
207
255
44
218
119
77
152
221
241
203
226
134
48
119
176
200
119
25
37
158
124
246
235
146
23
200
43
241
200
141
163
43
18
214
115
173
200
102
224
42
8
