129
199
67
222
129
75
181
138
75
181
181
11
138
182
75
210
141
129
193
118
246
181
130
198
11
222
39
130
154
176
75
154
210
193
107
130
174
198
193
222
199
198
206
61
55
25
118
118
159
11
55
162
154
146
141
9
174
224
177
130
246
145
193
83
206
122
83
211
131
32
216
75
131
114
131
114
129
154
208
199
122
141
174
143
222
114
198
208
129
141
104
154
208
207
154
199
154
247
131
247
141
131
129
130
165
95
222
243
131
121
246
141
114
114
32
141
69
139
42
128
129
193
51
154
14
206
154
181
196
114
165
103
174
114
224
141
128
217
154
154
154
154
217
31
246
141
131
141
168
103
122
122
100
154
181
114
129
245
141
2
141
19
145
243
131
67
83
42
31
222
223
207
19
141
246
69
130
114
181
235
199
167
138
245
224
204
15
245
153
122
91
103
207
217
54
240
122
98
87
216
207
246
147
245
29
174
67
49
77
54
96
138
245
106
187
207
90
31
138
193
181
235
59
195
82
118
147
246
33
207
138
198
158
132
224
198
66
76
66
49
136
191
120
107
100
15
120
136
194
114
174
243
154
227
78
153
116
114
217
245
207
44
40
114
36
147
227
40
2
124
66
156
193
209
195
40
122
167
90
75
6
83
78
6
198
207
236
228
105
31
131
174
167
132
217
198
53
154
120
70
240
42
206
124
245
83
247
33
95
114
49
37
235
132
31
36
124
174
158
167
65
247
167
165
6
174
195
195
167
228
198
165
217
37
70
79
212
226
198
206
132
68
37
107
217
94
70
86
75
65
165
78
198
226
66
36
94
33
156
42
224
122
245
42
198
226
2
120
68
8
43
198
211
217
68
21
158
224
21
37
227
198
226
198
9
154
226
52
188
188
68
188
245
132
108
78
52
42
52
228
70
124
232
2
108
56
224
167
19
179
52
167
114
125
237
224
226
224
68
217
217
41
