36
7
231
177
51
54
185
76
220
51
127
177
54
146
152
152
191
127
51
177
127
51
54
194
193
5
250
152
177
51
250
250
71
7
3
127
177
34
251
123
177
54
17
51
31
144
250
140
185
251
191
51
177
165
187
245
140
123
34
187
122
156
28
187
130
149
177
165
181
248
127
220
200
212
254
126
17
250
177
54
254
123
187
126
17
165
16
160
177
54
71
114
123
161
54
126
123
123
17
123
45
12
51
124
160
126
141
191
112
122
141
143
143
181
8
56
56
6
92
58
141
56
246
6
124
22
224
106
175
56
246
154
34
45
123
188
3
160
224
92
6
141
224
118
254
28
118
87
126
118
254
10
254
161
154
254
51
254
45
118
149
224
254
155
78
154
51
4
37
254
160
173
118
173
173
151
118
151
214
254
24
118
141
254
75
154
141
141
254
224
51
24
37
217
127
245
22
165
118
75
161
18
123
45
181
231
245
161
157
29
168
