209
209
55
3
55
55
3
3
150
3
55
3
71
67
3
85
3
67
80
16
147
108
128
3
67
153
40
164
128
138
67
108
175
205
69
175
182
171
142
67
90
181
242
162
108
63
64
181
95
129
10
181
110
63
224
3
129
123
166
129
250
142
141
142
164
248
203
87
50
181
94
50
6
129
87
194
75
87
134
241
222
67
136
165
55
174
63
80
238
138
37
128
6
221
162
170
80
170
90
81
14
39
52
181
129
130
46
6
98
14
29
222
249
11
91
116
250
122
10
170
87
176
170
198
49
116
97
55
250
51
74
211
52
220
250
154
51
181
220
206
51
122
138
203
87
75
122
230
164
253
222
174
122
10
238
238
29
83
154
90
10
46
199
51
75
165
134
248
79
253
136
98
142
75
230
174
85
226
51
129
122
222
97
54
142
63
8
91
141
112
108
227
229
63
92
87
221
51
174
204
164
233
29
238
250
88
109
66
122
229
129
122
142
190
122
250
104
203
220
221
76
141
76
172
252
105
129
78
55
129
13
122
138
206
100
110
198
223
9
109
138
242
208
237
25
164
247
239
141
61
182
141
19
13
110
122
165
190
73
154
179
69
113
243
138
241
29
94
243
110
66
108
253
165
82
128
233
206
89
48
211
97
199
37
9
67
10
122
22
238
29
26
96
220
145
250
174
222
181
147
31
168
205
220
186
87
247
249
26
87
87
238
102
129
52
131
116
110
137
167
186
11
218
71
221
102
175
168
94
17
73
206
129
145
123
236
247
220
236
141
256
178
58
124
190
164
21
114
230
203
205
250
168
137
103
176
186
87
58
13
69
129
218
229
66
75
46
168
203
209
144
108
10
102
96
103
73
79
171
164
19
176
253
9
135
125
203
168
78
67
221
109
167
63
15
199
90
171
37
9
29
164
222
86
198
109
186
69
21
54
174
81
137
4
210
87
139
222
205
128
76
121
190
204
86
219
129
252
166
37
129
176
138
29
166
84
249
223
40
198
67
96
115
171
136
224
74
205
229
205
179
58
172
91
132
52
135
76
57
188
118
249
81
84
69
7
116
115
210
132
154
69
171
122
165
209
91
184
203
94
94
171
181
71
222
171
218
179
109
129
109
7
222
154
209
122
9
198
132
93
147
246
76
29
37
218
247
80
160
32
98
248
67
129
96
168
67
256
232
29
226
118
164
182
137
74
118
145
94
171
92
26
38
76
243
204
126
184
252
122
203
78
104
211
243
29
181
240
137
61
118
137
16
132
109
109
182
249
122
8
242
220
167
171
169
141
138
115
102
137
58
242
227
67
122
69
249
124
218
118
247
83
226
240
198
217
167
92
62
207
125
137
186
38
96
252
67
206
93
122
205
224
24
232
221
74
219
207
252
164
256
38
102
248
199
95
246
29
16
243
181
230
216
104
137
94
179
118
67
43
207
252
137
37
227
28
74
220
55
20
190
247
154
53
49
89
170
71
129
26
138
247
230
139
171
10
141
247
115
179
132
61
127
37
170
121
230
211
255
32
198
246
205
121
22
43
52
138
32
144
137
230
132
122
240
247
99
94
79
101
242
19
220
57
190
203
166
198
167
109
182
19
179
67
141
121
166
207
78
217
224
186
168
28
114
249
210
166
94
168
227
187
64
73
69
222
43
13
185
226
162
255
94
29
247
180
247
241
67
220
249
84
33
45
40
249
131
45
182
230
32
135
183
194
224
166
250
37
221
75
197
173
190
109
227
255
26
86
205
141
247
207
153
62
140
62
243
118
225
61
162
247
11
227
94
181
154
165
249
227
199
13
227
65
241
78
73
18
141
18
212
160
64
132
185
246
216
101
241
94
178
75
250
139
114
122
147
26
132
227
26
12
24
208
180
154
215
235
183
62
230
138
58
207
109
74
12
247
83
89
40
219
221
4
215
75
136
141
218
247
249
247
181
122
153
210
227
75
10
171
199
113
122
83
238
239
247
198
40
231
26
33
105
118
93
29
142
141
154
18
188
136
216
225
249
171
29
112
122
141
166
74
46
24
37
138
19
231
86
29
106
194
25
141
29
182
7
122
64
140
102
165
69
94
19
246
26
141
224
154
138
231
33
78
56
218
53
181
248
50
75
4
246
218
248
12
209
18
129
188
141
227
108
224
230
108
205
227
249
87
236
252
26
154
127
198
129
122
198
233
217
28
118
105
27
97
187
208
222
207
13
211
110
13
209
235
9
157
233
77
138
50
199
141
187
221
197
226
55
105
165
75
43
227
141
157
171
19
215
21
108
181
244
227
137
59
146
246
249
255
52
141
65
131
108
17
252
4
198
106
157
12
13
12
7
26
182
247
219
116
236
185
247
105
55
178
77
154
108
240
218
59
181
141
108
87
110
141
230
246
246
167
137
180
219
166
190
52
110
237
185
19
65
122
145
57
167
27
159
131
124
190
73
131
159
29
182
186
19
43
118
137
110
103
219
251
9
8
20
77
122
97
97
188
77
78
203
184
184
219
149
141
99
18
246
141
129
154
50
224
168
12
230
52
230
246
75
77
112
216
80
137
252
98
9
77
210
69
214
162
77
214
32
120
245
47
137
185
99
218
210
12
224
131
184
44
78
80
137
176
246
62
76
246
207
137
6
233
219
162
203
184
207
42
137
85
82
101
122
63
249
248
120
176
246
188
227
164
17
158
249
250
166
125
55
154
154
19
246
139
178
116
246
250
103
81
139
203
239
227
180
106
149
210
47
227
32
223
140
28
63
7
118
77
114
210
118
101
223
216
210
184
178
113
122
184
52
197
39
227
137
25
67
227
131
46
39
85
247
128
57
168
38
42
178
197
25
184
62
205
211
117
133
78
6
110
247
228
249
17
178
53
8
181
198
47
63
181
228
249
85
11
174
149
182
126
154
50
118
246
124
179
120
230
88
162
236
75
53
136
193
78
101
185
236
227
193
15
176
228
178
228
40
169
94
220
83
233
246
39
117
131
227
182
75
233
193
131
240
188
134
73
134
230
24
36
252
5
48
57
246
78
86
189
109
224
124
189
14
248
57
236
247
117
117
108
134
249
166
131
246
82
192
224
131
131
39
160
178
138
38
122
92
236
86
134
226
252
216
233
188
124
86
124
198
186
213
57
9
134
82
248
39
