209
17
209
121
7
59
31
121
71
194
194
221
67
20
7
127
165
176
138
127
194
67
127
145
221
153
161
127
129
67
253
165
208
145
105
208
178
144
47
194
96
209
127
165
181
225
155
209
219
109
48
153
191
10
145
127
112
250
191
92
36
189
218
18
229
18
213
74
18
7
155
6
191
20
203
127
140
194
239
87
166
36
243
22
87
7
6
181
181
127
221
237
251
251
191
231
232
108
119
140
91
253
244
140
91
170
17
209
97
197
18
126
74
209
18
119
183
87
26
231
253
239
67
113
239
145
26
143
93
248
208
18
250
169
115
103
145
115
229
144
20
220
89
253
205
249
143
165
186
133
239
119
25
127
161
119
65
21
57
215
97
138
232
38
84
144
18
208
242
73
149
38
82
72
74
74
121
238
203
208
170
244
50
7
251
13
140
191
115
25
94
18
191
18
107
80
225
185
109
145
215
56
176
89
181
71
86
115
23
239
89
88
129
74
231
239
41
153
231
143
24
129
244
148
88
148
135
222
18
127
23
5
74
248
14
202
108
116
251
214
127
121
229
113
244
148
34
6
47
13
136
38
18
186
191
7
208
119
41
254
219
121
209
148
62
23
216
204
41
7
6
25
74
6
37
6
87
127
191
18
21
69
200
153
220
29
113
74
36
164
115
183
6
98
174
3
76
125
47
159
72
125
143
232
56
244
229
6
44
38
202
38
4
191
29
89
6
225
254
196
256
208
194
56
97
204
102
209
101
223
58
29
148
32
107
20
65
74
38
169
33
69
127
191
90
191
225
99
154
70
155
97
13
20
253
221
223
13
54
11
150
191
249
13
113
234
36
12
249
125
213
150
20
246
71
181
47
162
231
159
145
50
229
200
116
237
191
67
183
16
47
244
113
104
104
18
195
27
104
199
247
9
87
36
171
197
83
8
50
138
110
242
50
243
36
220
115
36
216
106
127
54
6
20
21
234
146
229
71
208
18
95
99
225
12
138
74
163
167
152
239
102
225
23
18
244
150
95
50
159
18
7
134
128
23
247
50
88
11
130
29
76
116
50
162
65
133
16
202
103
231
256
51
6
56
247
84
68
253
181
248
20
229
23
225
25
104
195
216
65
208
23
220
191
66
219
165
244
23
38
145
230
208
183
50
50
38
81
153
179
244
81
81
118
9
47
104
150
241
102
205
175
128
225
46
145
22
181
173
216
149
160
208
253
52
254
21
143
159
54
56
125
27
148
27
128
104
242
40
56
160
251
99
101
152
165
247
89
84
62
233
144
218
104
14
127
163
215
12
36
107
63
173
62
191
98
200
27
236
84
41
98
47
107
243
165
191
130
161
134
8
41
125
148
215
204
74
175
243
65
98
81
251
34
27
175
169
165
62
110
71
98
23
125
33
8
16
164
133
47
167
8
104
208
113
121
247
62
72
231
98
225
117
7
4
246
234
4
248
23
90
98
87
252
144
156
143
231
42
225
229
21
175
110
95
65
62
176
231
98
87
56
108
156
237
209
99
249
169
197
247
184
216
191
152
150
166
251
218
253
71
165
126
98
180
250
205
8
72
244
18
148
248
253
61
248
165
254
185
71
221
72
163
61
203
71
32
239
164
87
247
181
125
247
254
55
140
112
56
141
104
112
13
210
116
178
161
254
239
191
104
62
32
18
180
106
203
211
244
125
146
74
7
122
241
209
218
116
12
106
191
36
213
112
107
165
20
18
4
254
104
5
156
165
175
116
218
88
18
23
177
133
23
208
179
62
147
200
104
126
5
72
84
64
3
33
106
133
107
74
84
74
156
61
52
153
162
123
36
218
87
104
87
104
99
65
218
231
204
37
16
210
7
239
157
22
175
244
186
107
179
215
92
13
31
98
236
244
73
234
253
18
40
36
101
180
234
157
214
27
52
247
221
156
38
84
23
97
104
143
125
74
98
54
113
115
160
134
125
104
167
36
133
59
50
247
152
32
193
56
247
161
231
106
71
82
116
242
71
180
33
165
225
23
122
62
231
3
20
150
182
125
6
106
175
231
65
146
165
169
82
160
247
7
239
251
46
67
73
119
202
161
218
253
7
156
255
113
163
242
125
106
93
201
225
122
41
232
148
119
208
68
165
247
129
24
50
7
104
178
26
125
5
125
76
154
169
104
241
113
119
125
162
244
234
42
18
104
153
148
126
101
254
54
153
218
143
5
20
67
216
183
153
72
117
121
110
239
121
38
113
54
180
65
241
222
104
81
107
72
47
20
193
25
76
246
239
239
33
215
161
225
113
247
119
45
210
254
154
145
125
96
4
33
112
157
3
81
16
47
239
191
178
92
50
219
119
162
22
56
71
79
221
20
125
161
74
177
125
106
73
160
254
36
38
20
125
82
116
116
228
104
20
89
36
40
71
69
143
247
63
161
116
112
98
67
189
79
247
27
154
38
215
244
58
178
98
91
185
143
110
101
225
231
188
41
73
20
20
59
116
189
125
127
20
215
210
153
101
36
72
130
161
54
5
4
116
50
162
225
132
71
126
126
91
102
47
178
186
163
240
41
116
222
25
38
128
140
84
18
254
116
119
47
165
143
229
47
68
74
168
20
204
112
62
216
104
215
127
239
179
161
68
20
40
20
152
116
125
122
166
151
248
54
81
119
62
41
254
161
113
215
15
54
74
96
113
71
136
119
125
47
7
107
125
36
47
157
5
242
254
256
109
20
20
36
76
185
41
16
148
93
81
144
65
6
235
99
254
234
191
153
197
16
74
97
227
124
126
32
239
247
50
215
21
90
101
81
72
191
23
236
170
126
247
116
62
170
65
255
154
16
113
170
234
23
101
17
244
213
79
29
38
19
213
206
194
48
42
150
244
184
93
240
113
139
68
152
66
247
72
72
104
244
199
213
202
57
246
119
4
197
101
41
126
200
17
132
71
225
125
132
200
56
28
130
177
254
107
154
180
143
247
25
71
139
183
251
8
141
255
185
254
210
57
121
235
221
234
41
210
68
240
72
37
114
143
233
4
119
44
201
107
20
204
210
190
251
140
108
27
87
125
40
18
175
79
4
191
125
125
79
198
254
29
251
155
91
213
38
142
164
253
116
225
9
210
101
197
62
125
198
106
19
194
239
239
250
244
220
74
47
234
76
18
160
66
219
134
246
191
250
149
38
4
4
71
195
72
54
76
164
116
254
125
204
187
191
4
127
227
250
91
151
200
255
21
113
161
82
52
109
45
227
160
107
172
238
221
224
24
68
181
216
208
76
200
221
164
68
23
23
65
8
239
5
18
159
149
159
83
200
178
138
170
98
243
101
160
184
216
204
156
148
88
239
254
138
101
62
251
104
36
67
194
41
216
185
93
151
64
112
65
20
216
20
62
158
255
216
164
116
197
104
151
167
240
81
246
185
218
57
221
194
151
190
175
248
140
170
164
53
106
200
221
67
7
152
125
74
57
38
93
27
65
92
245
176
99
170
104
194
20
140
7
9
113
181
67
197
96
248
224
4
132
197
125
24
38
138
34
67
160
255
190
254
197
212
47
164
136
178
125
59
151
208
170
20
3
5
241
76
140
254
225
185
104
17
36
207
200
28
245
175
140
98
89
147
180
250
255
48
142
149
84
74
32
198
142
140
4
79
196
122
134
91
17
151
99
175
175
56
250
184
179
50
41
188
3
238
119
4
234
72
147
246
250
38
78
139
218
175
125
70
151
164
254
239
20
67
4
104
165
230
179
53
188
254
140
181
239
139
244
112
136
17
139
149
149
9
57
24
136
217
24
200
188
20
140
198
141
128
198
217
137
44
4
118
220
175
105
114
153
139
192
54
72
113
209
96
201
72
107
195
15
40
41
254
217
156
59
90
167
176
59
42
238
166
254
255
159
93
40
5
156
115
200
176
163
145
246
220
40
154
208
72
43
179
254
254
145
70
110
122
54
253
151
244
72
242
204
250
254
255
151
244
47
116
124
255
220
124
163
88
116
210
137
239
54
23
99
175
96
136
119
134
119
163
247
136
190
6
31
155
117
216
4
48
163
152
74
156
242
207
247
57
161
48
71
139
255
155
193
200
163
20
85
191
151
95
28
20
119
34
254
167
116
24
227
197
121
197
191
82
106
116
42
75
244
150
125
4
121
149
194
116
139
207
1
149
132
255
9
239
210
119
33
203
32
208
113
193
253
255
247
92
156
168
148
200
133
124
119
20
163
130
160
193
211
64
151
20
255
4
164
210
132
136
142
155
234
43
148
189
222
140
167
136
20
241
170
74
33
124
39
95
157
200
22
4
47
92
43
148
74
43
114
32
22
107
173
77
206
124
197
152
109
119
65
52
148
216
36
4
6
4
136
82
163
139
145
69
23
129
212
210
87
245
163
45
23
163
44
155
129
13
139
125
245
242
137
62
20
189
78
230
20
26
89
96
77
119
71
27
224
33
190
216
48
210
92
127
242
197
23
190
39
82
161
188
202
163
124
157
188
218
