205
205
205
75
75
75
136
95
136
95
52
42
195
195
138
222
138
95
75
52
77
97
35
18
136
97
42
97
3
146
54
231
114
154
77
97
153
154
95
154
42
15
231
191
147
13
225
3
114
154
54
166
15
206
226
222
231
226
77
168
122
59
147
59
194
15
217
54
28
226
250
68
59
3
54
226
150
226
206
227
98
168
123
135
172
104
17
235
3
250
15
235
244
248
168
105
66
123
225
147
74
9
109
105
104
206
162
247
59
147
212
104
227
15
28
24
109
206
206
15
226
147
144
81
47
77
26
76
104
193
248
231
226
98
66
105
250
47
123
2
104
59
122
168
250
226
206
3
66
143
208
174
144
174
76
37
228
222
44
235
123
50
146
28
61
172
206
104
207
104
78
15
85
123
173
37
38
243
104
113
46
89
68
245
116
117
109
235
247
172
113
93
15
66
104
85
227
129
24
247
172
104
207
104
93
109
38
248
6
17
123
242
226
123
171
77
41
184
201
104
104
217
119
8
246
104
212
129
105
174
131
104
217
8
247
195
228
242
2
226
28
228
191
69
195
46
28
5
184
178
188
29
104
12
174
123
9
104
94
184
63
98
6
216
92
2
109
221
104
37
6
85
41
239
168
27
214
24
239
144
3
104
206
104
236
9
245
92
226
214
68
68
8
63
104
95
5
247
9
114
69
15
141
133
184
104
63
104
101
140
58
68
5
212
17
105
226
35
104
28
10
90
61
168
226
226
85
247
247
12
201
63
83
37
245
19
158
188
224
122
38
73
231
117
199
69
8
226
63
81
104
235
154
64
92
9
236
67
236
235
10
236
247
28
248
154
26
224
110
8
236
83
65
47
171
108
221
28
168
68
228
114
233
123
132
201
168
103
235
229
131
131
141
119
15
15
201
7
107
221
117
154
77
107
249
63
242
150
5
247
67
168
104
174
131
81
175
172
236
172
123
245
238
5
187
122
123
24
193
129
6
69
96
28
91
4
61
199
145
90
150
224
69
248
168
61
247
67
146
216
3
247
247
28
8
47
104
201
144
250
187
17
131
247
54
196
185
123
129
168
185
104
7
8
41
6
172
46
145
134
82
50
178
46
41
88
158
4
28
123
217
207
63
43
187
167
226
81
104
93
168
89
247
167
147
28
132
247
38
247
170
218
219
8
182
146
247
231
172
32
247
247
201
247
47
17
127
43
24
91
6
15
96
226
145
38
20
111
154
131
9
108
63
239
104
92
238
69
226
132
168
247
35
135
143
216
104
240
123
110
81
238
193
74
2
168
201
90
168
138
216
1
158
167
15
9
247
17
248
193
107
200
165
105
146
252
28
9
150
47
217
187
226
74
9
118
51
96
248
111
223
5
130
32
185
16
67
219
146
180
158
82
90
180
145
26
126
38
81
243
174
96
97
64
226
103
102
238
18
201
89
238
247
90
180
34
63
25
223
10
11
64
19
9
190
5
143
217
228
28
124
97
64
170
111
141
111
38
223
33
76
6
61
151
223
235
9
191
72
89
2
35
122
154
190
89
17
39
33
247
28
122
185
10
238
195
107
13
117
101
113
38
188
130
223
132
205
22
104
35
187
247
182
138
185
223
106
238
34
22
207
90
64
141
247
229
104
46
96
35
171
193
216
158
237
3
242
207
141
174
121
207
13
103
183
102
8
4
118
201
169
25
99
22
209
190
61
119
108
10
248
32
24
43
97
16
198
64
240
229
13
14
207
185
81
111
6
118
169
43
237
121
226
13
64
88
98
169
201
229
229
106
108
175
219
10
34
121
166
98
103
107
201
90
118
36
96
201
28
244
243
190
97
247
47
154
78
175
187
96
200
141
228
210
215
8
146
35
51
169
64
203
154
1
119
216
113
217
81
34
190
13
238
81
117
238
170
123
17
98
248
156
19
89
5
51
74
145
83
51
32
99
242
108
158
81
132
81
27
219
221
28
96
43
131
34
33
201
34
33
83
108
16
89
183
191
16
113
187
236
9
239
238
191
146
34
250
111
8
96
107
247
224
207
103
64
103
22
113
34
223
34
236
49
119
46
30
5
119
47
91
89
104
130
64
98
242
235
247
24
64
75
76
183
243
238
26
201
30
168
175
34
201
169
20
252
67
1
10
212
89
89
239
236
256
190
141
35
195
36
28
229
103
90
11
8
60
223
119
107
201
227
190
96
188
222
201
126
96
30
234
35
22
29
29
21
201
78
102
37
46
177
175
104
110
3
35
1
98
1
8
187
103
108
201
209
142
30
187
256
243
247
183
47
241
49
190
10
103
1
1
66
187
110
198
130
5
201
153
34
144
240
212
190
37
8
14
108
187
195
201
41
201
107
47
1
255
244
74
34
203
203
113
16
170
225
154
61
198
43
65
57
224
102
181
106
236
136
3
89
15
188
114
167
88
196
64
210
37
10
187
22
222
34
105
240
3
242
236
86
187
183
10
55
248
183
43
126
70
10
10
240
2
137
253
83
87
248
247
61
8
224
6
195
105
195
5
181
22
78
14
132
223
17
10
240
223
170
219
216
14
69
248
6
133
18
253
44
219
240
66
89
76
162
103
223
46
83
156
64
34
116
55
97
187
4
201
252
224
113
198
170
212
81
13
217
237
171
248
224
195
196
103
113
93
8
242
133
94
113
236
96
64
3
60
168
96
5
79
14
220
94
190
225
63
62
27
70
96
53
57
201
229
236
180
237
239
223
100
216
103
66
121
89
211
103
135
119
140
224
22
223
114
236
223
195
223
240
93
44
41
103
88
35
179
116
144
57
195
42
35
201
234
10
64
225
224
200
103
5
47
83
4
240
251
250
240
34
64
253
251
139
38
201
107
13
64
74
224
96
205
8
158
150
169
7
53
96
2
105
172
223
76
201
3
103
104
122
188
183
42
61
70
219
41
182
251
201
216
108
137
13
188
94
201
190
2
31
223
22
100
103
14
89
139
13
62
8
209
151
3
183
207
203
240
191
76
5
59
30
219
76
88
86
180
188
201
219
249
219
252
71
5
187
47
24
79
183
205
26
47
16
240
247
13
171
217
167
154
212
142
64
96
185
169
241
207
8
130
212
8
196
130
8
11
218
180
24
76
229
248
10
76
180
139
203
144
22
248
30
236
195
14
34
130
21
196
203
4
203
227
167
93
14
250
18
13
201
108
241
218
194
229
2
158
207
151
169
102
31
51
235
177
24
89
190
96
62
43
144
154
142
43
28
144
34
89
7
56
240
217
142
64
174
167
47
240
43
34
64
127
132
132
172
34
96
127
221
229
223
79
242
183
153
177
93
74
225
248
240
114
109
253
76
150
93
216
109
121
103
26
172
170
89
170
181
240
220
24
177
243
131
66
17
64
130
195
96
126
187
223
18
150
196
195
241
18
89
115
149
251
212
14
93
224
121
42
190
8
14
130
242
40
27
96
240
198
107
194
130
247
3
11
223
131
35
223
46
183
230
187
1
55
169
40
144
192
114
130
191
212
62
24
102
14
221
96
107
198
57
167
127
35
151
198
242
240
183
35
103
34
187
219
4
88
196
102
203
64
221
68
224
122
14
236
27
22
205
140
180
203
237
81
148
126
137
56
1
223
47
221
35
187
75
76
190
190
58
218
81
81
11
170
158
241
230
41
135
182
13
248
1
117
8
77
203
130
34
10
64
220
147
238
40
195
230
17
221
90
140
227
32
31
107
49
238
121
147
31
203
203
41
13
2
242
224
64
198
2
192
234
219
156
22
13
68
95
126
109
28
22
249
138
147
13
67
8
224
108
151
32
141
236
253
244
239
156
198
236
175
6
53
169
116
43
121
121
144
64
229
28
10
244
10
25
43
137
1
43
151
227
35
102
74
239
203
64
5
4
19
82
151
242
96
77
187
241
136
76
127
227
190
147
54
34
113
144
33
40
138
138
239
103
170
137
124
217
121
37
5
227
223
14
43
47
170
242
127
170
81
74
256
34
22
108
144
185
246
10
248
22
81
3
137
223
228
44
187
6
144
31
108
223
37
190
90
43
34
14
223
32
109
32
33
107
195
170
229
195
24
137
125
28
239
78
18
211
96
103
8
126
147
64
108
142
40
228
13
95
168
135
39
59
10
14
13
5
10
43
47
158
14
33
238
182
42
201
109
222
91
90
196
101
14
119
224
180
169
