221
166
237
237
237
237
130
237
130
237
108
108
228
98
145
74
108
229
145
229
93
22
93
24
92
228
121
211
28
181
201
108
28
22
62
93
132
61
62
253
229
219
88
113
229
65
65
61
38
27
61
47
245
5
132
222
93
245
231
28
27
240
245
190
34
231
93
32
83
58
245
74
229
71
243
113
118
109
113
67
97
140
28
103
245
28
107
112
245
245
28
159
222
35
59
219
37
7
93
74
112
182
109
59
61
205
221
203
96
40
40
132
141
83
181
201
28
112
204
37
204
40
107
169
205
151
92
97
180
114
1
112
39
109
68
95
135
92
74
102
129
78
92
103
122
114
220
187
140
28
97
178
13
126
178
176
59
97
156
243
241
220
245
178
71
33
147
240
180
169
176
111
59
131
109
149
112
1
181
41
110
97
35
58
149
37
68
81
110
97
110
51
24
78
17
224
176
95
16
100
191
217
86
36
109
74
103
252
63
114
95
229
135
36
78
110
81
81
245
109
169
91
97
114
81
204
222
136
211
41
24
118
106
176
153
105
182
92
110
1
88
171
108
37
171
132
109
191
58
167
47
222
109
114
191
156
54
98
59
68
144
109
141
241
92
109
2
211
244
203
21
194
109
92
40
55
60
187
171
108
21
43
51
250
21
135
176
177
111
187
105
181
180
241
107
109
13
14
137
205
113
135
75
81
231
108
110
106
136
13
109
1
185
185
132
245
250
233
109
220
58
132
244
147
109
136
220
9
71
151
187
182
178
245
171
92
109
206
171
177
60
167
60
132
112
140
168
58
20
153
181
37
60
135
37
147
135
129
114
90
147
77
109
88
144
195
54
109
24
136
123
37
47
235
244
173
216
88
65
109
60
204
60
54
233
206
109
75
35
220
59
156
223
224
93
187
185
172
229
233
37
147
78
90
125
54
177
132
231
99
13
237
181
5
135
140
108
1
89
28
217
146
176
2
132
226
73
205
118
187
37
109
65
139
92
171
229
141
118
141
109
19
187
60
79
240
95
1
200
114
54
132
109
105
142
88
180
22
100
187
1
223
229
90
187
58
183
136
133
11
183
9
54
8
21
181
93
47
185
245
185
229
187
136
78
8
35
138
109
58
231
187
132
43
60
93
212
58
3
211
40
187
132
92
20
96
206
68
60
109
181
64
174
256
127
37
36
245
36
135
250
187
229
43
224
185
38
140
122
230
114
245
206
109
8
181
30
64
6
223
223
135
132
100
100
211
63
198
141
1
122
174
236
190
224
50
110
129
10
20
2
36
131
108
129
1
132
7
179
236
61
109
100
2
58
105
224
243
141
79
245
235
246
4
37
168
248
136
167
231
200
99
132
113
61
158
20
141
141
212
132
156
63
109
8
187
35
60
141
233
171
91
100
37
129
63
187
144
106
170
132
58
40
149
95
235
227
134
94
187
132
95
31
55
58
46
24
118
146
78
95
129
122
49
187
109
137
187
99
224
217
99
92
99
193
68
212
27
236
217
149
68
19
245
96
182
169
246
146
30
4
181
178
251
22
235
233
123
11
229
132
5
107
114
37
167
200
123
180
30
171
135
140
43
109
96
37
60
37
94
223
180
144
167
179
237
77
132
135
188
112
142
114
43
58
178
185
171
99
108
114
197
212
102
177
236
24
187
114
230
132
37
150
37
88
250
58
108
114
152
32
43
167
240
117
109
134
246
22
191
43
30
47
158
156
118
137
164
60
171
38
118
37
173
87
237
177
110
97
203
60
15
145
171
109
99
105
132
211
179
229
235
105
92
1
210
250
252
245
224
68
106
167
37
178
203
30
50
136
129
108
178
171
87
15
171
129
242
54
150
3
47
237
128
190
1
109
229
188
114
37
61
140
173
109
188
149
65
43
132
37
13
117
114
55
131
15
217
171
238
216
88
40
1
129
239
184
78
137
183
229
11
226
180
132
253
88
220
132
171
15
184
198
55
135
16
84
114
78
122
132
109
142
233
1
137
140
116
130
137
167
68
184
35
168
108
239
100
192
117
235
38
132
24
232
185
13
158
108
230
246
210
9
1
50
140
73
171
100
49
76
118
39
204
144
95
168
25
37
132
117
130
60
19
15
220
172
187
112
100
101
131
175
114
39
24
37
93
145
171
39
64
167
58
5
242
65
223
187
109
136
37
133
95
122
131
151
181
181
223
120
246
114
102
235
230
132
64
78
37
117
233
104
37
37
246
230
30
8
47
154
65
78
39
26
39
190
210
137
188
233
170
171
132
212
52
199
250
105
171
243
94
227
142
1
142
247
11
224
14
136
34
39
246
245
33
88
203
184
203
155
15
132
46
145
129
72
43
108
246
130
70
159
220
224
222
154
176
117
147
39
252
71
43
187
245
122
192
233
78
220
228
190
195
63
20
64
30
20
171
95
7
168
230
117
151
138
88
169
225
114
136
147
90
141
105
11
243
178
183
144
65
82
215
255
217
25
27
35
212
37
35
79
58
110
39
84
192
129
233
11
77
35
235
203
154
4
54
182
152
207
149
230
24
256
192
159
154
133
142
167
171
131
140
113
256
102
78
20
47
219
20
256
92
239
37
153
85
167
112
168
82
239
132
37
140
60
141
90
46
140
245
77
170
53
43
199
142
122
42
256
124
17
109
158
199
47
43
207
215
38
201
43
114
253
114
109
192
255
107
52
210
184
172
79
47
198
1
69
167
134
167
109
100
32
23
253
83
8
137
130
49
179
215
13
192
11
19
169
13
234
1
20
34
70
233
49
92
78
24
102
105
57
131
109
204
229
114
238
77
203
72
171
26
13
191
83
207
122
219
124
39
215
78
54
49
40
252
78
4
24
210
193
27
63
144
113
199
167
78
185
176
39
38
245
47
167
93
169
184
181
171
211
246
120
72
142
167
154
179
215
199
135
91
26
235
242
13
90
158
210
37
117
206
161
139
176
159
242
171
224
245
91
43
108
111
33
132
34
28
139
174
100
117
138
38
72
136
228
131
212
22
207
24
238
86
210
49
78
210
96
210
195
193
215
56
237
83
233
237
192
107
198
