135
170
164
240
87
237
186
97
170
71
11
115
121
59
108
11
146
58
87
229
205
186
191
11
84
223
59
10
201
138
244
230
150
47
33
135
181
135
130
205
11
75
229
2
90
237
117
103
96
166
214
11
107
150
64
58
35
226
231
13
192
162
121
169
150
176
88
84
129
231
183
89
231
138
66
180
142
89
195
84
162
32
146
219
25
151
17
169
123
107
135
102
186
238
35
229
146
117
221
256
33
244
58
94
170
161
144
41
93
176
5
35
253
252
140
242
121
196
107
146
244
121
128
174
97
241
192
160
121
244
95
150
38
206
200
116
186
10
184
55
64
238
4
186
169
42
123
19
200
46
160
174
108
242
24
67
91
170
121
219
65
91
205
17
243
135
231
164
149
40
67
35
143
150
2
252
170
253
2
217
126
223
89
169
187
129
34
227
142
35
187
34
191
220
164
242
253
33
122
119
91
34
237
88
121
230
190
219
253
108
10
14
21
103
158
201
162
138
70
203
205
240
231
89
55
144
89
33
203
14
8
176
59
180
169
223
167
222
64
180
142
38
179
58
35
242
203
211
142
217
24
69
108
219
38
58
219
40
75
170
203
179
1
6
96
89
138
182
16
241
137
79
214
75
248
121
203
248
136
96
231
91
169
109
223
113
67
88
203
91
11
66
141
24
191
108
151
219
200
50
169
252
137
252
42
167
103
196
136
123
14
146
132
83
114
222
205
176
181
132
101
238
256
119
17
126
169
123
51
123
200
244
132
8
96
256
108
201
200
235
29
169
10
144
189
242
115
103
89
89
108
35
238
236
135
195
170
169
52
136
182
2
192
240
144
121
172
240
203
250
1
192
10
5
212
170
219
87
224
67
244
113
35
58
79
11
229
14
20
226
146
221
89
223
170
192
196
39
51
84
246
252
17
78
33
96
115
241
256
69
33
113
40
114
108
225
113
78
21
248
113
7
64
24
135
69
236
64
121
129
199
116
192
35
203
180
186
167
89
103
183
203
201
196
47
35
10
122
19
25
121
75
17
144
146
147
90
39
203
114
244
95
70
139
252
66
79
182
103
223
14
7
10
111
109
96
18
142
65
90
147
201
43
17
235
235
217
14
2
165
30
223
227
135
132
24
233
73
239
109
196
89
239
233
154
166
135
39
6
142
69
35
88
16
180
151
182
253
241
7
47
223
104
57
169
221
1
180
205
10
135
203
134
90
32
241
35
173
158
225
89
34
34
240
196
237
1
238
116
110
100
179
86
60
186
8
162
114
13
141
147
26
205
225
187
33
88
177
169
13
204
125
90
37
119
128
223
169
35
164
108
6
246
109
121
90
126
170
46
132
221
221
189
44
203
201
13
206
123
132
201
199
146
203
196
148
46
200
29
40
73
178
243
187
89
91
22
212
141
152
43
244
224
58
146
112
64
3
225
252
108
95
223
253
132
146
51
239
102
108
250
156
212
144
13
10
58
237
89
222
104
37
132
114
195
63
10
123
2
101
7
66
169
206
253
118
30
201
254
89
86
251
14
169
179
2
122
121
113
20
186
146
170
109
132
83
73
230
83
157
2
46
147
205
57
35
239
86
1
58
108
24
142
39
80
194
132
214
88
88
22
2
229
240
238
205
46
83
115
250
64
237
91
27
43
178
231
35
132
195
41
147
236
102
86
167
194
201
132
190
248
61
222
78
128
189
64
121
110
196
203
11
201
142
240
91
1
181
89
31
44
180
34
87
37
170
5
229
2
236
239
146
236
169
130
108
230
50
108
46
203
67
35
233
155
31
60
113
170
90
38
146
240
187
14
252
256
41
242
134
3
189
83
7
103
219
39
52
253
137
89
8
136
80
201
169
146
24
113
229
39
130
8
145
83
194
108
170
237
146
17
24
34
169
34
249
156
105
106
27
64
30
219
182
186
106
228
65
238
28
79
149
64
252
195
217
106
103
153
190
96
47
244
38
249
256
89
170
189
33
34
87
239
64
147
167
132
209
252
1
61
146
170
195
160
27
240
79
183
58
7
101
256
241
132
112
91
195
244
211
137
146
241
201
33
33
111
30
203
151
183
35
27
243
203
141
103
108
34
40
223
11
201
66
135
240
242
91
203
201
219
233
171
230
103
64
59
92
25
184
201
221
18
138
130
244
65
107
166
191
57
106
1
38
206
26
222
187
1
13
91
79
142
195
167
37
40
166
100
72
142
236
66
203
104
89
13
101
203
41
224
110
102
217
185
219
134
205
237
239
143
18
71
255
34
241
110
254
121
30
1
80
244
169
34
184
24
142
114
170
31
240
40
178
126
65
51
2
93
136
130
241
1
40
236
107
88
228
19
132
148
102
96
253
170
203
31
192
65
238
141
171
40
182
110
65
160
18
107
169
230
152
102
46
106
237
144
36
21
225
93
189
90
21
240
144
102
192
70
87
92
190
230
49
242
49
110
254
196
47
147
113
163
190
118
35
142
233
236
88
250
186
30
179
219
110
201
34
208
221
14
17
229
25
190
124
43
256
5
179
88
39
231
20
219
103
169
132
256
161
136
185
187
182
256
170
160
31
194
21
64
79
230
24
102
48
28
221
101
208
96
121
90
182
91
244
187
89
141
144
56
22
240
31
30
88
244
150
13
41
229
13
116
25
96
4
187
118
152
13
231
238
201
166
65
104
179
76
21
79
120
50
106
135
40
88
169
238
169
243
83
203
237
132
31
126
112
223
96
35
169
64
59
230
114
187
92
240
40
107
240
18
141
180
193
64
201
30
237
20
83
124
248
226
89
137
201
208
207
98
35
221
170
219
240
170
64
114
244
89
13
35
186
171
90
48
118
201
98
180
240
121
195
60
179
187
42
112
113
76
241
105
241
225
186
180
58
11
230
102
203
20
66
69
2
16
154
236
54
7
194
242
208
256
256
103
46
208
59
241
167
30
138
12
33
244
90
206
179
142
70
199
108
239
137
187
156
114
180
144
190
77
25
77
34
62
176
121
2
116
14
86
195
14
132
75
35
35
22
223
50
88
252
187
194
252
27
238
231
53
253
121
212
97
179
24
169
240
163
64
10
13
91
98
169
5
125
43
212
157
124
93
240
192
182
41
203
64
82
184
200
34
228
164
103
136
19
191
200
55
217
12
170
141
30
121
52
24
186
59
115
35
150
130
229
180
195
166
102
2
236
179
236
1
38
142
252
76
135
130
242
112
30
91
178
217
30
119
77
236
88
248
161
103
148
169
180
236
155
91
185
35
238
226
48
65
163
88
217
240
137
229
256
14
73
88
225
211
254
2
155
162
202
207
96
133
200
217
229
27
169
35
30
252
125
75
146
103
221
169
130
42
195
151
121
252
88
164
97
88
136
26
77
88
201
89
65
29
21
125
152
114
88
39
237
42
92
31
250
161
20
252
88
88
249
176
223
26
10
141
130
163
230
12
179
149
170
233
49
219
73
186
31
201
75
19
125
253
230
230
25
46
46
64
137
70
8
71
114
116
147
30
182
125
39
39
13
163
38
245
219
208
238
240
10
190
91
136
103
183
152
96
227
163
125
123
169
21
148
5
230
30
230
91
223
203
228
191
229
195
114
176
91
76
1
11
116
57
196
205
170
156
8
109
203
152
235
148
19
34
230
76
5
156
219
30
230
207
194
64
169
8
106
237
196
233
182
190
186
89
35
111
108
20
107
77
203
201
103
116
170
118
106
35
169
54
256
174
221
3
211
240
200
204
137
24
252
169
185
235
34
11
239
123
140
169
77
170
96
146
10
130
130
237
118
217
252
37
41
151
21
248
112
132
65
10
203
77
61
214
245
198
9
208
42
33
108
2
237
187
136
91
170
217
256
201
152
50
2
39
30
223
201
103
208
244
249
101
228
233
195
11
206
6
76
89
28
244
184
150
152
30
238
240
201
207
2
30
107
12
151
88
170
82
231
49
85
201
121
158
140
171
14
1
79
206
236
182
65
223
135
65
208
203
239
201
191
191
144
161
170
203
178
88
200
236
150
30
114
10
189
171
30
171
151
96
169
64
35
98
63
20
64
191
191
101
228
15
242
238
200
53
178
57
86
103
178
241
138
20
35
21
108
91
41
182
205
121
103
170
24
244
20
195
35
91
121
25
169
170
135
10
244
44
72
11
109
35
222
10
170
41
106
89
44
88
222
22
170
32
2
36
177
118
30
189
77
200
25
33
27
5
187
192
228
252
125
124
70
146
64
109
32
223
47
256
70
35
21
195
38
250
236
64
38
137
96
196
25
136
88
241
60
245
142
121
208
169
226
86
32
152
201
60
17
7
24
148
199
166
5
108
217
38
207
147
16
5
164
50
178
230
248
121
254
22
29
13
96
167
242
3
35
96
79
112
252
114
170
252
65
26
156
203
138
97
91
197
137
137
184
5
30
112
34
254
184
166
142
233
92
130
177
170
39
139
239
199
89
108
108
5
19
200
238
219
69
112
92
131
86
93
195
137
62
35
20
219
79
144
91
151
76
39
144
38
5
192
77
171
73
199
236
226
196
26
13
65
91
142
138
241
128
92
22
6
240
144
95
190
254
190
178
244
35
20
242
149
70
35
179
219
67
68
235
137
70
169
100
102
22
76
110
114
229
192
96
186
236
186
83
187
116
40
43
217
50
49
191
256
128
238
236
170
186
142
238
14
89
79
178
240
30
253
121
149
41
142
142
112
39
96
240
181
65
200
98
89
230
169
5
34
114
88
219
241
61
105
151
247
101
25
219
246
194
232
238
171
80
31
107
3
114
30
131
170
162
57
20
77
35
241
189
199
113
125
55
239
256
187
27
132
16
252
236
58
72
5
254
146
230
2
52
181
142
248
30
242
236
116
227
11
147
92
241
69
161
223
160
122
171
227
42
35
186
151
10
32
102
173
195
137
33
229
230
182
25
121
191
252
203
64
200
253
64
236
212
73
97
5
70
254
92
118
62
76
241
203
21
65
49
188
119
195
238
55
241
192
142
190
163
49
244
252
84
76
136
121
60
205
78
164
102
103
186
13
64
121
227
25
150
253
169
19
21
203
200
244
236
35
178
1
124
222
40
71
241
22
2
157
89
254
30
118
16
219
181
203
14
104
43
1
91
84
10
95
222
35
195
163
138
137
2
30
91
17
142
93
20
137
10
180
106
64
100
2
88
170
114
147
42
46
157
27
61
96
91
248
205
2
31
44
236
24
24
150
203
224
237
159
25
103
229
69
8
249
231
79
93
137
107
35
117
31
38
226
1
135
89
224
46
151
252
61
65
116
163
21
61
24
178
120
102
54
238
142
8
201
192
91
82
215
88
252
142
152
17
103
73
98
71
201
98
65
116
35
124
103
252
140
241
131
241
95
6
205
30
132
194
10
42
184
24
77
34
163
152
238
97
124
229
254
30
22
11
84
19
89
254
35
78
178
256
219
77
98
256
163
114
20
187
217
248
230
137
169
145
125
114
46
41
64
102
82
215
141
35
170
227
210
63
187
256
73
10
182
57
88
237
73
200
237
230
196
221
24
90
147
223
20
102
107
232
8
17
147
2
184
97
239
241
163
33
63
125
102
120
198
229
128
27
163
142
131
175
114
85
160
8
91
42
8
108
2
233
254
201
28
91
83
187
163
98
214
166
30
201
172
20
253
234
234
151
211
195
203
256
240
24
121
96
96
192
96
222
52
93
219
163
124
21
192
178
82
35
35
84
120
20
2
175
44
9
237
171
222
223
2
33
59
179
13
68
182
3
240
75
32
189
30
35
33
77
119
24
137
256
256
115
108
55
121
73
249
61
24
131
237
179
182
108
60
206
211
124
80
182
53
91
2
135
182
221
195
142
117
182
121
229
110
21
70
195
70
167
137
176
106
163
224
34
34
164
245
96
248
24
52
178
77
111
238
77
151
28
242
236
199
24
77
24
79
79
37
137
148
220
14
63
108
237
12
247
30
199
102
178
65
147
116
15
217
142
11
210
76
35
9
227
61
241
43
141
134
27
11
190
230
142
4
136
198
5
254
159
240
200
170
85
256
235
35
201
10
149
39
196
195
22
238
14
14
185
223
131
195
9
183
217
229
178
44
203
229
76
196
220
234
169
157
13
224
169
27
199
83
131
256
151
21
84
156
206
136
196
61
11
223
228
92
141
226
108
234
76
20
91
236
77
70
170
11
194
248
223
25
181
65
192
184
224
240
103
131
235
77
88
232
125
79
102
183
27
22
30
239
133
66
28
34
65
88
169
147
92
203
90
245
254
200
167
12
200
170
64
139
131
124
83
170
78
212
254
183
24
222
230
35
71
170
178
136
198
23
223
91
224
15
168
178
212
163
189
170
160
190
96
70
122
8
37
98
20
63
176
5
52
83
171
96
76
33
169
187
52
171
253
238
189
108
39
41
27
64
103
89
170
169
187
241
187
192
43
252
190
50
253
252
180
113
75
190
227
169
215
89
159
167
215
200
232
41
15
2
65
96
8
256
130
130
159
148
73
82
200
121
93
2
208
200
112
121
178
147
65
207
224
35
137
237
167
187
137
130
5
222
230
201
56
103
241
5
169
78
26
254
141
10
144
215
142
238
36
219
253
172
163
108
238
192
236
228
132
33
130
141
83
24
107
254
194
21
124
65
120
171
199
39
192
200
174
9
101
200
135
48
35
169
169
132
121
122
179
35
89
230
252
216
35
60
93
149
77
145
235
203
116
64
236
73
171
22
70
157
142
135
18
20
73
256
184
201
25
167
131
131
227
14
141
98
107
204
89
142
53
26
190
94
14
186
111
131
77
130
14
34
33
35
68
140
196
141
8
131
215
140
2
43
31
233
220
13
61
221
252
232
70
234
70
97
150
241
219
241
94
221
236
88
229
207
230
92
48
110
207
187
169
178
64
53
130
144
5
13
97
5
11
141
95
110
224
249
193
103
249
43
186
89
179
227
196
215
70
158
24
249
216
147
14
64
99
103
241
63
41
183
81
128
116
72
245
73
256
252
43
27
223
142
241
203
97
42
243
94
43
211
181
144
232
60
252
19
201
55
94
223
22
235
44
251
95
61
169
70
151
94
182
171
33
100
103
190
131
64
196
137
217
121
30
95
249
1
250
59
190
19
35
145
201
62
32
66
230
142
116
221
24
119
117
24
101
221
119
115
1
5
131
102
172
215
103
184
131
248
61
88
248
210
186
249
121
160
131
66
256
237
254
86
70
89
46
17
5
14
25
171
110
150
201
216
142
117
200
5
69
36
182
204
69
12
197
44
191
131
171
223
198
46
190
156
64
12
182
229
134
1
22
184
93
15
142
180
221
30
49
196
164
256
144
5
12
192
44
120
132
235
134
124
238
236
82
169
215
40
70
38
43
217
13
214
53
4
242
237
84
20
156
24
252
190
145
189
207
114
114
90
184
144
207
207
226
142
91
196
25
62
134
53
39
55
201
241
81
94
242
39
256
212
256
23
53
212
131
212
9
142
53
103
249
132
131
147
217
91
42
67
114
64
201
137
10
192
10
247
121
192
254
145
111
241
14
61
189
8
55
35
158
175
219
159
79
142
9
39
156
93
169
81
88
246
203
157
101
149
44
167
198
237
167
188
69
225
48
167
245
4
61
132
250
14
237
224
248
241
13
88
241
83
35
122
33
57
238
82
63
39
77
145
180
201
250
25
25
88
39
144
91
108
181
136
204
131
30
91
13
55
140
85
100
229
32
233
218
171
141
185
190
76
193
250
201
204
252
10
2
65
178
102
14
37
247
61
142
100
131
125
217
139
64
221
136
223
134
233
137
142
3
109
133
46
27
25
186
99
42
108
151
102
230
32
217
136
24
137
35
55
203
136
229
148
31
217
10
219
248
175
226
24
101
254
101
108
193
130
221
115
142
43
10
31
114
190
207
137
50
228
139
102
136
53
170
120
213
58
161
134
74
248
44
69
237
142
250
115
31
224
254
69
237
124
222
64
83
202
35
116
236
256
96
82
207
172
193
13
73
219
214
116
26
42
70
107
48
214
193
247
52
133
134
157
61
64
210
201
55
228
237
33
240
86
4
131
52
131
19
248
19
161
64
86
39
35
139
214
48
26
73
242
227
57
130
139
105
207
139
213
219
232
215
70
101
134
232
26
44
66
207
139
44
9
133
133
15
207
157
155
155
