164
203
243
174
138
243
146
186
176
42
243
73
87
95
42
132
184
95
42
87
87
138
95
67
176
95
199
205
144
32
174
42
26
210
243
18
52
252
95
67
54
220
26
22
54
242
73
239
138
209
106
204
146
184
192
145
220
162
26
8
242
127
220
67
66
52
75
42
22
243
250
52
80
226
145
164
127
42
63
202
211
110
93
183
95
138
33
42
6
138
138
202
149
58
95
58
138
42
220
28
52
28
95
239
146
176
230
77
66
135
42
94
183
10
87
250
36
22
237
150
211
52
237
239
199
75
42
33
26
192
67
46
150
32
242
33
202
13
66
42
122
33
39
153
256
176
122
249
178
86
215
95
117
110
3
14
33
184
166
250
33
87
69
154
55
9
145
42
183
226
184
67
256
14
249
58
194
107
139
243
139
146
150
150
235
154
13
235
168
122
140
95
212
256
56
205
33
95
235
212
184
122
32
13
248
211
168
55
22
243
109
214
55
112
39
243
107
179
249
39
114
137
54
32
119
32
26
170
54
122
235
8
150
61
29
190
137
86
176
35
55
203
239
154
138
170
190
54
182
150
181
139
235
39
176
166
63
251
149
149
186
235
95
28
36
91
235
168
13
243
89
95
122
154
136
80
235
186
150
28
190
184
225
138
18
190
167
169
74
37
211
233
138
119
42
54
80
37
107
205
240
186
202
231
176
55
138
104
74
166
190
58
84
119
168
14
137
233
117
150
32
100
84
104
190
231
225
109
166
192
137
130
255
250
137
67
67
215
235
168
136
104
225
220
202
100
252
181
154
33
95
13
67
176
20
233
63
149
88
80
109
79
54
18
156
22
104
9
119
209
231
135
145
13
170
81
150
77
131
157
168
248
183
135
135
22
150
203
135
81
42
174
237
212
249
17
157
168
52
66
42
203
212
95
184
232
236
190
81
139
187
95
237
256
134
135
160
190
3
81
233
117
33
250
89
256
256
22
158
170
37
131
215
137
54
210
52
140
67
52
117
28
192
138
190
100
9
131
149
176
59
179
146
67
99
63
124
80
35
46
180
60
207
37
210
196
33
90
256
183
100
215
124
235
3
26
46
59
225
237
168
25
170
215
198
24
115
231
170
256
78
213
32
212
25
146
186
95
95
116
236
180
31
97
126
117
52
174
250
32
137
94
49
149
235
210
86
95
203
240
139
37
146
250
180
235
115
240
121
192
176
11
146
174
253
205
197
194
117
240
144
212
22
175
210
222
33
95
210
42
25
109
157
32
97
33
190
122
166
213
21
25
235
191
4
39
209
179
122
255
139
189
117
232
252
39
256
46
186
117
176
209
135
251
205
203
137
176
28
101
31
176
49
252
106
66
150
192
135
78
240
52
137
179
236
49
46
209
121
140
203
146
74
33
33
137
77
256
112
137
196
4
105
72
256
31
183
237
169
207
25
253
37
104
15
35
64
193
39
46
139
35
43
18
91
168
35
195
63
11
6
190
229
135
135
121
210
74
124
27
25
63
207
140
55
100
131
166
64
60
46
57
239
95
35
81
183
210
130
79
121
201
211
70
256
153
197
47
164
256
73
190
31
240
223
89
175
61
146
203
199
3
179
139
146
70
215
26
19
135
35
25
100
203
132
183
70
72
238
236
210
104
74
253
117
52
170
115
241
26
137
1
222
42
70
170
132
145
178
196
121
240
79
31
76
135
183
219
203
5
32
122
203
108
64
35
78
176
18
19
67
168
95
123
23
236
184
65
42
50
78
63
32
10
176
220
205
137
117
140
205
183
35
67
107
43
35
137
256
109
52
7
168
42
169
15
62
252
200
214
230
70
49
39
33
15
203
121
195
220
42
168
13
237
33
41
212
246
22
223
240
96
47
53
15
146
34
121
184
256
193
158
87
230
213
6
63
75
237
61
139
14
132
88
121
33
240
199
25
53
63
32
146
157
95
220
135
170
10
64
2
214
10
248
183
123
195
253
35
23
170
121
140
253
139
11
205
100
30
13
219
241
135
223
168
3
140
64
94
217
183
167
120
183
153
35
236
82
41
183
231
241
35
11
59
83
35
146
54
64
169
34
96
255
233
240
204
89
11
10
256
256
35
194
153
230
117
63
221
54
37
219
226
214
220
163
34
161
225
96
168
192
95
223
48
256
135
137
39
35
222
187
163
31
135
216
132
247
4
70
77
40
19
54
255
117
70
101
240
147
135
169
27
189
102
137
60
70
178
67
249
110
121
88
195
249
190
121
141
89
64
223
236
77
14
74
219
132
137
105
76
256
203
26
25
166
91
60
35
184
42
64
137
82
65
93
175
223
67
256
65
108
242
96
5
150
203
151
10
242
179
31
196
251
240
30
186
219
8
255
236
155
11
137
237
135
187
117
187
154
140
187
63
137
35
240
233
60
4
67
196
219
241
77
137
74
37
256
240
140
34
53
210
147
212
119
137
137
39
39
67
193
190
256
158
240
252
170
65
135
195
237
37
237
49
111
11
137
149
195
150
102
136
245
88
25
35
192
17
8
124
140
100
73
12
27
142
223
250
16
64
132
4
198
32
212
223
217
153
10
212
116
88
135
192
190
195
157
139
138
70
11
183
196
240
132
194
39
137
252
193
63
27
193
170
137
35
169
14
83
190
8
135
256
49
76
63
255
88
34
242
4
11
114
137
64
64
35
4
76
242
14
177
132
253
193
120
140
76
10
209
57
219
195
256
222
135
215
190
158
106
109
135
167
214
10
187
48
140
64
108
219
195
65
173
8
21
35
35
179
179
11
240
3
108
204
251
14
201
54
253
81
34
255
34
49
64
234
242
199
255
193
214
23
204
212
223
219
21
117
1
230
35
106
140
142
7
103
106
96
240
210
100
13
125
30
256
211
202
28
10
180
241
196
201
190
43
166
130
245
167
27
178
72
65
70
231
193
26
155
64
97
195
229
13
238
13
60
193
223
137
70
172
106
183
211
33
31
35
184
95
70
255
53
127
70
70
113
136
100
64
76
32
74
167
33
159
44
60
60
140
255
131
153
76
103
64
181
73
183
19
10
193
103
26
249
1
81
39
64
130
118
128
207
215
64
39
49
107
149
245
53
212
37
130
117
156
240
238
17
11
120
117
250
215
70
42
238
65
83
25
120
81
65
189
249
135
255
70
126
238
83
102
174
120
184
211
64
127
12
223
193
164
249
64
63
192
196
21
226
74
60
49
130
89
193
13
76
34
137
10
161
25
64
61
79
118
219
40
193
166
120
91
26
42
236
4
70
237
76
242
211
10
65
68
49
108
25
118
240
187
94
124
60
68
70
193
219
146
217
10
159
2
110
68
24
242
242
205
82
39
113
256
43
229
114
193
82
49
131
196
79
212
25
78
17
9
42
100
12
23
78
68
168
193
142
82
78
137
21
247
250
35
245
193
133
10
142
19
255
158
11
180
161
168
94
115
169
207
192
82
212
142
133
70
142
37
131
91
205
11
171
114
37
245
230
168
89
180
187
48
116
80
169
116
224
158
19
49
232
104
195
246
136
137
14
109
33
161
137
153
228
70
14
117
49
107
188
49
255
70
33
