13
250
250
13
13
40
27
40
89
3
73
180
142
250
171
208
183
55
229
102
154
171
73
168
96
8
83
13
95
95
63
244
241
6
250
168
244
211
239
183
146
75
195
125
244
29
229
98
170
91
244
145
164
10
71
223
245
93
136
129
73
141
93
61
10
127
239
150
158
27
95
7
1
136
144
250
251
158
231
239
73
210
13
158
242
250
91
43
63
251
113
54
222
147
119
61
241
162
47
208
20
169
240
144
47
22
225
162
13
19
139
18
205
61
95
134
13
146
205
147
175
88
172
168
35
183
220
180
107
5
52
238
153
3
50
6
37
201
153
182
61
15
244
47
185
55
248
6
139
208
24
5
145
164
54
108
108
244
138
140
236
250
119
93
222
201
180
91
141
43
188
249
129
247
217
25
217
180
223
222
66
179
46
22
242
139
51
43
59
188
1
24
129
64
169
21
4
172
96
222
5
43
119
87
3
191
233
234
141
166
119
55
191
256
242
13
14
108
169
64
93
210
191
108
131
169
63
162
203
113
69
17
164
169
256
74
119
182
123
52
25
17
139
169
169
210
138
217
244
83
188
192
235
246
37
63
188
138
221
175
5
119
35
17
219
35
66
3
1
25
52
198
183
241
25
147
227
179
16
205
36
6
16
121
233
222
152
28
244
254
20
245
66
153
93
210
11
166
212
63
252
90
231
2
16
81
231
6
92
153
69
87
193
108
64
201
78
135
203
156
98
184
170
36
21
221
4
221
167
123
101
169
35
142
241
245
90
210
63
83
165
91
192
237
90
41
231
28
238
139
219
191
183
25
37
210
30
8
52
223
244
46
46
90
116
68
3
32
240
233
231
147
208
20
175
169
49
244
170
4
7
37
63
10
156
147
37
78
144
136
19
14
194
61
37
191
92
4
161
111
96
14
109
223
233
61
245
141
248
90
237
24
37
185
32
169
31
241
17
186
28
244
166
41
87
81
236
38
65
235
93
59
1
114
205
69
239
121
100
43
30
174
65
156
208
10
61
169
2
14
156
58
182
16
196
241
90
220
125
175
21
169
78
54
156
221
233
36
236
4
187
248
73
219
5
252
229
150
145
13
103
89
256
32
96
16
229
46
34
58
96
217
96
36
98
223
121
24
28
253
229
41
2
14
238
81
251
52
169
170
87
19
14
61
47
101
183
147
6
81
153
222
21
145
144
205
79
205
238
37
43
183
4
126
89
231
25
229
229
24
3
8
28
171
141
201
78
21
182
253
147
212
94
37
205
5
37
125
203
8
24
144
127
98
21
30
107
188
181
142
199
63
212
242
36
147
34
6
93
212
47
36
57
181
246
126
174
13
16
238
201
248
181
175
81
108
81
20
5
187
222
109
34
229
200
233
4
61
19
87
141
201
92
212
231
245
223
17
46
201
240
46
104
156
97
212
38
229
83
25
59
37
37
236
25
6
117
81
154
21
31
90
139
250
32
212
185
34
61
248
32
8
126
221
150
90
238
14
74
221
64
129
187
188
152
212
219
200
78
254
61
24
238
15
22
14
221
46
65
21
175
256
193
166
180
27
21
187
65
183
149
91
126
158
110
153
167
195
76
194
47
156
14
229
194
206
87
212
34
8
91
160
52
117
174
221
33
166
142
221
185
217
181
113
61
167
61
17
121
187
90
221
103
201
65
126
61
43
181
96
206
183
96
174
78
4
203
202
181
138
24
61
173
156
111
221
219
195
121
108
24
185
231
227
33
64
244
121
5
91
130
150
27
63
87
144
191
131
14
213
21
43
233
221
35
179
151
234
35
28
69
144
235
191
130
83
156
244
185
153
28
174
182
103
240
67
31
169
219
2
238
127
96
220
241
140
169
92
28
167
83
142
221
78
175
59
31
217
1
144
65
171
156
60
37
20
180
195
5
24
126
130
6
114
144
34
198
236
212
212
46
96
58
14
91
244
185
224
237
108
4
91
144
46
65
156
147
245
10
47
236
79
109
175
110
142
18
121
10
46
180
103
122
65
106
37
153
222
238
145
179
200
105
212
60
25
119
241
193
199
125
108
227
201
236
113
211
32
89
170
5
119
250
221
102
189
34
111
11
5
242
18
134
96
83
94
1
73
1
34
212
234
16
139
21
61
174
153
152
195
4
24
92
151
256
43
87
66
187
67
233
96
153
240
164
200
229
125
212
38
204
195
165
47
57
199
109
5
245
132
191
21
63
105
90
240
49
254
20
216
129
239
165
229
107
8
89
185
253
96
96
250
49
107
111
234
210
128
216
203
169
228
64
93
5
200
241
35
5
88
37
122
145
138
21
36
212
201
256
229
183
88
43
65
2
223
151
139
122
91
73
135
87
200
108
5
142
122
256
88
223
107
8
203
34
47
253
91
221
47
96
5
206
102
5
9
150
76
229
35
187
144
209
240
175
169
104
141
123
95
256
87
28
192
123
113
181
61
219
31
181
140
122
96
21
2
6
250
146
244
28
221
241
3
94
245
198
234
107
40
119
234
164
169
164
172
89
134
206
241
227
132
25
75
201
206
200
185
30
89
93
203
101
256
221
238
61
34
49
67
30
24
217
63
245
193
47
229
83
205
234
75
73
221
179
180
170
164
31
238
60
181
87
88
43
188
181
113
167
38
205
179
156
87
179
81
34
22
187
173
169
229
196
113
181
156
24
46
162
89
164
3
191
78
130
33
238
222
75
87
171
236
98
75
1
221
174
139
8
199
14
109
49
18
221
233
80
96
61
5
256
179
69
130
83
59
142
152
171
122
199
64
35
122
205
46
225
46
113
126
89
182
153
91
244
239
233
243
227
145
198
37
4
113
5
182
158
76
98
200
167
110
193
38
156
103
238
5
128
230
113
184
223
135
141
125
11
238
122
93
150
221
58
234
205
221
67
180
47
58
254
18
154
98
223
10
4
24
40
115
109
49
144
136
67
110
223
199
83
207
83
46
123
254
144
240
229
165
216
252
46
164
201
239
58
156
91
201
211
193
37
42
240
190
238
246
34
92
199
222
16
217
83
96
125
5
172
92
96
144
233
172
187
200
223
74
6
37
65
216
229
11
238
212
144
141
94
201
52
87
34
122
119
109
230
164
188
164
223
2
61
229
182
130
167
5
221
187
211
83
207
154
130
127
188
5
156
10
88
5
221
19
61
61
231
15
144
58
67
5
135
167
108
67
172
172
160
207
27
236
20
216
11
37
154
27
4
193
235
20
61
135
68
182
165
43
195
195
212
245
92
130
108
24
142
113
119
5
67
18
205
119
245
234
5
199
40
96
64
83
123
108
172
185
160
40
37
252
94
248
183
34
43
187
107
88
61
89
224
250
236
76
252
121
1
229
146
14
170
11
216
21
211
193
21
119
5
1
17
243
233
248
104
254
186
135
6
181
187
169
46
73
241
199
172
60
135
64
60
119
121
37
179
216
203
46
187
190
181
65
240
245
11
61
231
96
58
225
98
169
91
9
49
240
239
122
6
238
160
122
60
61
89
38
217
216
105
190
244
10
24
147
4
104
144
199
205
41
190
245
236
119
145
221
190
238
201
8
186
191
170
34
7
61
245
93
135
14
245
171
5
61
177
113
14
46
203
135
227
83
219
201
240
201
144
107
233
201
185
195
5
147
144
180
169
69
152
110
195
224
33
200
11
209
1
61
39
34
225
130
160
221
14
186
61
250
35
202
236
184
221
28
251
199
245
79
156
91
93
52
252
251
28
221
93
174
47
103
61
107
233
91
17
127
21
191
237
94
144
5
158
67
239
154
65
61
248
79
199
103
118
236
132
223
187
191
144
160
227
149
172
97
18
146
152
47
211
244
244
100
34
69
109
236
96
6
231
146
172
195
14
58
107
10
34
204
199
207
218
24
147
33
198
200
66
203
101
226
90
136
83
127
222
24
66
204
55
111
233
11
119
40
132
83
224
227
226
128
220
245
37
225
226
66
254
177
108
225
108
238
172
5
121
227
28
66
156
254
169
99
196
34
224
180
142
83
46
34
124
35
182
212
154
227
191
125
199
93
169
65
225
244
18
116
11
103
169
229
125
91
211
253
186
18
247
219
1
93
91
211
217
167
93
220
91
91
93
141
61
200
34
122
187
119
90
183
108
68
199
119
221
68
152
223
172
8
120
119
92
46
92
186
17
246
5
61
207
216
102
191
87
83
221
167
33
79
83
128
121
34
195
20
147
34
238
61
135
200
123
186
47
232
122
18
61
146
118
83
91
224
187
60
154
122
92
119
154
179
116
253
134
93
58
210
11
243
69
152
182
122
68
64
61
247
185
166
205
164
222
201
61
141
199
144
188
61
93
229
234
195
207
41
35
199
240
160
10
100
47
200
160
246
19
252
255
172
126
227
164
121
49
248
248
251
83
102
245
139
247
83
185
5
34
110
68
190
154
154
191
94
146
152
13
43
154
201
92
255
108
199
185
167
185
229
121
255
207
10
201
201
35
24
47
128
108
216
34
169
244
223
69
254
28
128
227
211
39
172
173
236
238
38
240
61
195
179
237
10
122
186
179
229
91
5
183
96
198
91
216
120
248
69
224
205
233
33
89
65
121
251
236
34
11
186
238
188
83
105
147
6
92
89
186
96
221
28
66
255
10
236
74
5
121
164
255
188
233
137
216
24
25
185
38
91
91
156
93
191
229
183
221
40
154
115
160
238
107
24
198
79
195
142
252
108
169
83
223
38
245
167
119
120
181
87
170
227
123
243
186
221
199
35
61
64
105
229
201
199
167
91
115
4
183
120
135
120
221
33
169
147
42
221
91
43
250
93
244
58
25
200
79
89
75
147
123
24
96
10
244
67
248
147
28
47
31
164
154
60
150
69
31
21
167
185
81
99
226
69
91
5
79
110
199
40
141
102
179
14
231
125
89
199
167
222
61
10
25
8
240
81
60
118
199
61
256
170
229
5
100
241
60
58
175
9
244
169
119
253
241
61
100
10
248
201
199
100
61
233
179
217
108
170
42
19
199
220
154
33
221
17
176
61
169
223
46
91
186
24
108
210
139
121
248
169
188
83
203
38
169
186
149
186
156
23
223
91
117
245
36
255
36
100
6
186
255
169
221
14
89
141
59
76
8
233
103
5
180
1
244
186
8
245
121
98
94
17
65
18
142
81
199
160
58
38
123
93
41
188
19
130
186
103
130
147
21
187
191
34
194
107
78
113
70
188
193
245
130
28
8
65
43
185
105
169
245
222
25
195
171
186
135
61
201
121
147
227
23
194
245
250
128
14
59
180
108
120
188
58
14
34
23
176
96
252
245
22
24
100
130
