231
231
194
135
203
36
58
36
75
31
135
67
256
176
212
244
166
156
181
176
16
146
112
151
69
36
151
166
250
129
114
41
69
181
208
135
176
90
80
199
151
41
114
122
244
166
145
230
203
181
129
122
138
138
67
67
154
154
122
29
74
223
138
243
122
176
52
256
182
181
177
165
223
250
220
210
174
193
136
32
235
84
138
98
174
109
94
32
235
221
58
222
166
122
243
109
80
174
29
169
191
174
230
254
78
73
98
169
104
181
98
256
222
256
174
136
203
146
32
253
256
168
180
210
146
146
182
59
256
162
117
220
150
59
78
144
65
243
137
146
94
124
58
31
223
35
111
25
203
252
174
135
106
256
203
6
60
94
224
248
223
31
22
99
31
256
104
34
96
81
144
104
98
172
60
229
203
188
237
7
174
222
94
174
118
229
164
205
166
182
256
26
256
236
162
238
73
180
256
166
122
17
133
84
145
188
79
86
94
94
172
79
42
121
35
121
108
199
126
188
169
172
135
142
172
55
79
172
88
35
13
129
94
191
145
248
195
42
203
94
110
169
169
206
77
141
135
104
194
185
104
172
172
93
233
205
256
179
170
77
184
166
108
129
169
107
205
96
65
95
164
99
88
94
94
68
199
86
27
113
89
79
239
195
99
176
79
66
236
42
69
66
235
174
185
179
135
34
83
183
227
216
104
166
169
60
240
58
95
248
140
229
97
94
184
29
174
85
81
198
103
94
236
174
40
102
88
10
114
213
88
116
93
89
88
236
108
169
172
35
229
203
52
247
105
118
144
229
179
39
174
109
209
9
125
209
252
189
221
64
135
190
253
174
43
219
140
129
75
250
195
195
31
121
42
35
215
52
242
197
108
164
10
11
113
209
201
169
9
169
191
229
170
209
10
35
83
5
60
191
99
235
84
240
169
223
233
191
99
223
239
105
95
154
221
180
99
121
208
185
108
77
21
175
113
229
206
21
220
216
229
188
209
75
61
9
145
99
170
11
201
228
238
144
11
29
64
216
96
24
183
99
99
177
249
15
174
68
136
151
113
175
27
229
94
31
110
142
103
219
235
183
121
210
81
106
222
184
65
229
15
170
203
140
171
83
68
25
8
13
24
110
116
201
93
169
88
95
8
145
229
195
212
201
256
135
156
108
126
121
11
1
195
64
134
144
195
206
40
231
107
77
96
96
60
241
183
102
90
146
188
177
14
32
239
188
175
99
174
233
59
256
4
254
238
7
252
236
144
8
167
235
97
33
84
221
35
210
223
5
35
119
164
67
101
208
195
196
220
169
144
86
151
97
203
73
42
158
212
74
67
239
90
184
231
174
114
229
160
174
5
238
35
64
86
18
75
175
237
104
81
155
85
185
89
150
110
35
76
42
36
114
35
108
105
79
47
20
208
174
122
225
33
20
97
134
174
64
236
38
144
219
223
41
170
13
154
19
236
57
158
121
229
196
95
103
239
95
190
179
65
221
125
4
34
3
110
99
136
174
215
216
99
110
42
84
89
67
141
206
16
29
197
221
103
128
253
222
146
169
129
179
87
128
166
250
5
18
15
240
16
182
209
182
174
166
103
27
238
34
39
175
161
121
230
221
102
128
183
196
135
79
42
236
167
42
138
180
1
201
114
21
111
29
99
85
184
229
229
88
135
254
101
179
8
146
219
111
175
219
67
194
124
197
83
199
31
141
14
16
210
33
185
29
186
35
5
103
108
27
27
216
250
191
117
64
249
36
138
64
34
238
21
64
237
25
194
34
89
90
91
134
230
11
149
114
7
79
1
192
68
77
96
170
47
222
145
130
240
106
128
33
170
150
33
169
186
32
34
118
169
25
111
34
1
220
238
191
31
88
223
67
195
135
107
61
242
221
236
140
30
237
27
115
149
216
124
106
170
121
177
135
217
52
256
121
117
254
18
126
254
116
10
197
106
190
117
64
175
167
112
199
256
177
1
24
94
108
216
24
18
34
16
45
201
114
61
203
229
190
146
210
247
115
201
42
237
100
100
252
103
29
240
31
250
254
238
177
64
81
129
128
221
57
191
13
177
64
59
189
189
140
138
79
227
200
42
90
229
77
221
219
91
219
144
90
106
178
136
236
19
247
236
237
88
238
175
126
190
167
35
35
35
187
149
114
47
47
186
154
81
75
103
252
216
76
238
82
186
247
149
14
194
243
95
71
13
187
140
154
121
190
122
196
186
146
81
230
112
83
119
95
64
146
42
47
181
224
185
34
32
249
122
85
209
122
134
210
35
48
216
11
185
212
190
242
169
222
137
170
239
97
97
90
203
167
151
24
120
90
153
90
199
231
107
32
27
18
93
236
34
10
238
196
91
35
99
35
236
34
243
64
177
25
9
174
76
255
236
164
34
186
93
175
119
180
201
32
221
187
39
169
32
106
108
217
114
169
35
210
237
176
13
200
152
195
228
201
170
44
76
199
121
174
174
228
175
132
29
250
253
201
32
201
114
230
230
238
64
236
5
240
227
69
238
88
69
91
174
186
115
248
62
130
232
237
74
250
219
194
249
119
152
19
14
138
96
64
250
169
169
203
31
16
14
206
49
92
256
183
77
139
219
219
242
120
89
88
239
188
108
164
84
158
121
175
87
76
186
20
72
252
57
65
248
58
247
104
223
200
238
99
88
88
217
64
248
25
108
26
221
116
130
249
93
103
195
219
64
4
35
132
150
111
135
19
231
255
158
175
76
213
186
190
88
1
228
132
8
240
76
118
250
64
215
88
200
238
130
88
223
7
195
47
10
210
191
91
221
92
109
153
175
187
70
174
117
170
175
186
141
15
61
108
192
172
238
16
223
25
135
88
7
114
67
88
252
10
35
111
65
99
81
253
90
79
89
196
26
8
111
242
178
114
216
219
52
19
52
26
11
256
207
216
16
140
120
221
25
169
90
248
64
247
89
240
41
17
88
231
208
169
59
69
78
28
13
169
170
139
171
169
195
35
186
180
202
137
8
18
220
83
144
229
105
203
219
9
200
64
203
175
83
83
255
5
180
219
35
238
35
244
221
238
172
163
47
13
200
106
30
201
104
99
83
200
67
90
38
238
149
141
117
102
256
88
180
72
219
178
31
237
256
170
256
88
5
166
170
78
34
197
250
16
88
135
134
201
108
39
250
14
250
61
221
68
229
94
8
64
216
239
110
32
186
256
61
40
25
121
203
204
248
122
71
19
34
221
34
10
248
169
86
171
119
13
42
238
224
188
256
10
210
47
138
210
228
91
99
216
229
10
76
69
121
31
66
186
73
198
189
152
64
238
104
242
212
223
180
13
231
191
160
11
237
189
99
134
76
35
47
108
170
174
207
34
88
89
64
250
228
14
88
221
200
198
99
14
98
199
238
175
49
11
183
83
238
203
120
93
201
72
17
187
219
13
24
187
174
218
244
238
64
83
149
248
44
196
238
10
64
250
35
244
34
171
218
32
117
182
184
172
253
25
34
170
121
10
249
232
212
102
175
250
134
250
236
235
238
238
255
10
88
58
25
138
139
223
186
24
9
10
34
110
255
103
34
199
255
61
79
238
244
235
73
189
27
111
127
236
11
19
63
103
194
34
70
17
11
9
237
180
104
169
1
255
41
255
201
178
170
256
247
10
196
188
76
170
69
134
251
88
174
14
76
149
69
236
121
13
218
253
196
189
3
216
61
178
228
103
14
255
25
256
47
160
256
240
255
10
83
139
2
214
42
100
240
169
175
19
158
174
156
103
32
34
104
222
139
19
8
174
203
15
201
213
221
174
228
15
253
130
88
190
203
158
61
25
199
144
137
13
102
228
28
188
61
221
201
88
236
201
221
10
91
39
139
44
139
174
84
145
242
145
228
229
161
228
102
91
86
218
125
195
22
145
103
194
74
83
190
214
238
35
203
16
174
12
64
76
25
201
240
8
256
139
79
218
129
174
42
169
212
145
81
63
83
72
255
106
156
256
207
88
236
196
174
22
22
135
161
192
199
111
155
248
202
35
221
88
210
94
239
219
169
242
64
238
216
242
104
59
136
170
10
61
219
221
34
196
155
61
120
130
88
1
73
236
69
189
8
21
64
251
115
255
213
81
102
102
235
256
104
214
196
199
94
91
189
52
198
90
22
24
108
15
228
197
239
235
218
18
108
76
207
196
112
42
124
13
207
22
202
202
140
35
188
18
252
219
221
115
174
218
72
23
196
255
213
23
25
11
69
10
256
174
5
59
115
134
43
219
197
179
25
256
64
255
72
49
69
135
246
246
153
45
255
229
220
13
23
120
23
72
240
72
185
88
72
72
161
161
23
23
72
139
78
23
76
72
255
213
158
4
72
23
29
69
255
23
23
169
23
72
