62
62
208
208
208
62
250
208
78
75
250
75
165
75
78
209
209
75
6
250
165
28
182
102
182
208
242
145
250
90
90
173
141
183
58
165
38
242
225
108
119
28
212
38
192
102
145
150
75
172
76
175
76
150
90
212
183
156
112
58
6
143
190
106
106
242
182
150
112
93
116
248
141
3
225
76
122
122
182
7
212
129
62
251
208
122
65
112
175
206
190
59
219
192
145
122
208
143
192
145
59
142
122
138
106
206
38
123
76
79
137
59
183
54
13
3
68
175
113
112
229
105
21
13
92
233
64
70
175
3
76
182
245
175
76
3
181
96
90
143
112
75
76
112
75
151
151
178
59
175
64
122
95
71
109
90
168
92
57
108
204
190
59
38
79
64
111
204
89
90
86
216
181
145
180
122
216
114
92
65
240
190
153
3
47
177
220
106
86
122
180
225
220
13
204
13
4
167
128
177
74
220
142
89
192
246
92
119
37
66
128
111
132
14
206
74
16
89
58
246
151
177
206
40
9
209
75
211
171
40
167
14
114
106
3
153
34
125
214
95
134
92
113
7
79
165
70
74
190
136
171
86
97
110
106
90
133
3
150
220
113
12
126
90
8
128
49
90
92
253
149
75
47
31
214
75
60
98
24
209
89
248
152
105
193
56
14
248
7
47
78
193
154
220
2
21
38
47
159
54
98
123
60
149
246
91
235
237
3
180
41
168
64
21
96
204
206
56
180
250
83
105
107
13
1
132
16
91
2
92
248
36
19
153
28
24
9
144
134
130
170
41
6
190
92
165
93
160
193
54
116
150
92
153
38
226
50
219
79
57
44
105
110
234
223
92
109
217
110
98
83
102
181
12
56
16
151
195
240
108
105
235
217
9
83
234
153
118
134
153
95
219
13
235
100
231
233
9
90
29
54
106
208
248
60
238
93
198
117
6
250
60
191
14
39
62
9
132
21
180
226
103
232
85
37
8
226
81
219
134
141
2
164
50
235
111
222
2
9
168
2
61
81
204
167
190
109
206
120
53
245
190
8
226
235
180
190
8
150
127
76
37
219
13
191
79
150
206
190
12
177
192
88
60
181
41
195
251
44
118
50
30
76
226
16
121
14
245
62
132
93
133
1
118
5
191
227
30
226
248
100
180
141
88
94
92
24
161
13
181
203
115
240
86
132
116
19
122
234
10
242
88
4
83
217
145
66
62
132
239
169
12
30
156
109
27
247
54
44
145
148
145
89
22
141
214
17
89
208
118
171
49
243
39
68
120
145
30
167
235
25
26
182
195
67
37
8
3
100
96
93
149
150
219
89
62
28
81
25
226
61
122
236
13
223
150
171
151
76
109
74
122
109
229
242
63
41
181
22
10
139
174
145
144
211
103
41
14
3
74
44
55
184
131
15
122
243
14
135
206
223
245
70
31
54
198
22
121
1
76
5
3
171
241
17
14
144
122
126
229
245
81
22
12
168
195
94
228
154
175
227
163
131
153
105
103
229
37
90
54
79
17
175
116
219
8
151
195
24
112
210
206
231
253
110
21
137
241
242
14
30
65
109
101
61
227
148
78
154
44
246
194
26
219
5
97
30
208
68
171
217
118
145
121
93
17
113
75
183
171
198
142
192
121
97
14
126
131
10
170
12
39
149
251
93
78
185
241
25
53
248
9
177
175
50
37
150
190
198
229
30
116
76
195
48
117
245
183
1
54
164
216
56
37
149
141
154
229
106
238
237
55
226
41
2
96
150
170
198
97
105
61
89
17
217
222
6
5
210
101
235
68
235
4
4
81
240
105
181
71
5
66
109
171
210
193
26
229
109
97
217
30
33
95
128
195
109
14
61
226
171
175
195
245
144
92
181
209
228
123
141
114
33
2
16
219
12
31
145
222
189
92
33
154
116
92
211
211
48
140
54
15
28
68
211
112
38
76
171
137
168
190
112
28
219
54
189
14
124
9
141
171
75
170
59
195
211
3
251
206
24
21
183
97
245
13
154
200
32
238
107
37
92
227
19
92
138
96
217
5
224
181
60
4
105
195
15
171
48
83
229
141
246
15
68
174
41
222
200
206
60
253
95
209
24
44
61
234
211
222
195
8
2
87
192
41
65
116
70
224
37
14
103
163
229
100
3
102
163
123
37
16
58
83
2
96
217
206
30
57
233
82
227
141
144
37
161
154
5
238
145
122
44
238
97
2
222
217
241
118
195
88
141
21
16
142
19
149
250
182
198
73
151
141
41
184
137
16
195
214
67
235
198
190
119
222
193
169
249
96
114
101
50
207
151
92
227
89
88
104
171
249
206
70
232
149
217
185
188
115
18
74
77
63
149
179
13
2
46
69
54
22
150
114
66
251
93
66
50
71
75
108
64
141
185
71
239
50
54
109
142
13
196
54
2
1
67
34
131
249
50
113
199
15
68
21
114
62
55
162
117
193
42
192
106
21
195
125
65
70
65
61
171
66
171
96
255
50
171
57
65
138
69
50
121
54
142
117
92
222
2
153
12
214
16
21
65
187
1
169
63
21
3
82
164
86
97
158
127
195
211
245
237
238
15
113
142
122
151
47
122
101
252
237
237
135
131
216
16
154
2
217
210
68
26
13
194
223
14
100
171
166
207
144
96
222
184
224
33
196
4
54
225
110
97
41
244
234
116
141
96
128
66
28
206
131
147
30
37
44
100
24
142
122
227
124
171
149
198
198
248
171
191
72
141
185
61
216
4
191
122
128
104
223
228
234
160
113
198
251
20
7
182
161
107
220
237
234
195
234
51
92
162
4
86
121
60
142
192
238
228
56
192
199
38
47
32
171
246
4
250
132
92
2
70
46
214
193
5
38
100
56
113
227
227
64
62
82
78
70
78
79
142
4
128
119
128
55
43
145
217
198
200
170
239
141
69
174
224
173
228
68
198
59
12
42
66
228
199
1
41
132
122
216
79
61
118
149
178
168
144
24
142
175
158
158
122
69
229
102
222
142
122
121
37
122
59
37
140
132
93
127
14
4
145
121
122
177
3
192
236
237
160
191
121
154
154
61
46
221
142
224
134
100
190
65
61
68
234
128
33
108
255
201
138
12
131
92
216
182
227
43
192
180
224
13
43
85
227
132
189
188
119
234
141
73
179
234
82
198
107
43
102
224
193
85
158
189
82
193
82
171
195
219
179
86
234
179
148
