208
208
150
111
131
150
250
111
164
250
235
164
150
131
206
55
208
250
164
235
122
206
58
209
209
150
37
122
94
206
8
122
94
114
174
174
93
251
209
58
251
206
93
136
219
14
8
206
54
54
27
174
211
165
57
105
147
174
251
174
75
236
59
251
59
53
96
150
66
58
53
65
58
75
93
59
174
251
94
210
24
212
206
3
9
217
217
220
122
38
59
165
111
94
204
207
105
208
105
110
161
27
131
171
184
174
28
93
66
247
188
95
91
91
105
13
91
15
206
217
57
216
132
191
79
193
237
158
217
132
216
213
210
247
105
208
165
216
75
182
212
171
123
181
155
91
208
221
66
147
21
154
26
204
86
149
238
94
57
104
140
122
75
232
37
69
22
174
63
141
41
168
114
181
141
41
154
54
174
158
174
57
148
109
102
75
79
182
186
69
175
40
21
79
217
102
154
24
138
181
7
225
247
206
154
243
75
243
27
205
236
94
174
61
197
197
122
216
75
41
141
174
154
61
94
62
154
186
50
199
205
221
110
111
75
182
154
217
246
184
117
186
227
94
198
154
37
146
40
117
225
223
94
46
186
199
216
40
209
122
86
69
37
174
26
193
165
94
94
247
160
175
217
61
63
53
209
123
212
66
154
94
38
138
210
50
5
223
141
180
94
199
180
19
182
242
138
199
246
253
22
103
94
135
110
216
41
122
189
161
166
142
139
104
122
66
96
176
69
155
128
136
209
165
13
238
106
147
87
69
176
96
87
242
96
247
46
64
139
183
26
61
96
102
243
114
61
199
157
180
216
199
113
113
67
29
237
109
123
95
43
87
225
251
26
91
174
56
69
154
128
102
182
121
141
132
176
237
136
80
95
198
49
49
154
17
247
75
151
221
46
85
182
182
237
147
102
71
102
127
6
50
199
66
122
250
12
229
225
77
247
227
238
41
46
223
85
238
22
182
136
237
155
190
76
95
34
15
122
210
222
118
129
111
219
71
25
122
207
243
154
247
237
110
85
95
242
227
6
15
111
176
218
61
229
41
56
102
177
38
29
138
206
22
69
174
94
222
29
63
29
207
252
88
50
45
180
25
24
209
237
69
217
182
204
163
219
159
216
247
235
222
117
112
199
246
136
97
223
129
130
94
163
142
189
206
53
77
85
163
83
46
212
194
220
182
74
220
229
111
25
77
147
193
80
19
116
12
209
194
89
227
95
126
163
57
232
242
31
231
206
163
243
141
113
243
138
246
24
217
222
85
145
12
43
138
32
236
38
204
222
45
57
209
147
129
97
131
182
141
74
243
202
37
70
16
30
210
63
85
132
11
26
16
9
20
35
69
38
79
175
75
49
210
43
109
199
131
220
108
223
11
29
111
43
70
138
102
29
135
163
223
31
50
220
129
29
175
187
236
256
153
6
68
9
252
31
122
150
77
178
237
230
75
37
215
138
146
157
236
224
239
37
35
81
130
107
20
88
88
78
176
199
76
57
122
230
94
190
78
144
70
39
68
236
137
207
133
236
32
159
2
237
113
194
163
29
225
107
88
35
140
212
241
67
190
31
109
203
138
249
114
164
200
121
13
32
236
205
38
128
149
53
63
70
45
37
148
141
74
135
211
228
250
13
109
138
193
219
130
107
226
250
133
63
56
138
102
150
186
243
226
236
233
256
153
245
211
9
182
82
188
13
136
142
141
238
138
21
235
32
88
52
78
97
249
63
86
32
78
117
199
170
68
180
122
78
252
183
223
67
130
230
232
112
115
255
256
172
211
29
198
233
205
117
139
256
233
225
158
168
6
205
224
185
102
247
130
256
245
253
212
110
101
97
13
30
12
60
198
138
107
76
249
93
53
215
114
102
208
109
67
120
240
181
29
235
57
57
60
199
235
102
202
187
79
241
220
20
160
251
11
209
109
105
239
93
57
64
36
252
224
178
86
110
38
236
29
167
116
6
6
77
78
49
194
49
230
60
198
152
241
110
103
243
20
113
29
245
114
114
86
65
186
79
63
235
230
232
60
244
81
138
245
9
109
219
96
36
188
100
246
15
226
159
179
35
138
150
237
234
233
114
142
166
224
109
33
124
134
109
193
252
50
180
166
68
182
15
36
232
170
46
53
94
246
209
50
97
26
249
238
49
84
206
132
32
135
47
33
43
107
29
158
186
246
245
240
250
82
252
219
82
188
205
78
192
133
249
141
38
131
178
158
224
119
132
105
64
198
65
102
68
110
103
252
6
37
220
78
11
193
30
167
246
60
6
138
170
149
115
120
173
33
10
42
141
246
91
101
38
82
252
256
79
105
65
246
246
198
213
230
118
248
149
63
50
12
178
198
108
181
50
26
73
245
236
101
256
140
192
15
118
132
6
228
250
82
110
164
167
10
241
205
184
234
53
252
50
103
249
231
250
145
147
224
185
236
40
108
117
32
170
224
192
148
190
122
131
170
88
75
25
40
29
86
196
132
25
175
76
83
117
53
245
49
141
246
8
29
33
170
164
13
109
16
238
158
25
50
44
150
6
233
62
171
116
94
70
255
181
53
185
173
62
121
32
149
53
163
248
31
88
33
43
110
214
157
255
85
57
139
89
253
63
248
63
20
33
3
129
78
167
176
128
246
131
238
15
82
95
108
184
106
133
105
57
50
137
227
28
231
121
136
116
169
243
60
248
256
32
192
100
203
33
25
33
43
93
128
100
116
121
42
62
6
216
135
101
248
246
173
201
132
12
246
62
131
21
62
167
95
70
249
229
233
139
103
68
109
93
179
25
33
202
24
76
106
8
108
198
15
133
190
78
52
170
53
132
117
79
229
201
109
201
10
82
53
11
25
192
198
139
78
189
205
20
15
101
89
108
252
79
188
202
64
158
123
147
110
198
85
229
70
145
26
34
111
130
230
250
107
133
219
208
198
136
231
109
134
170
250
201
39
111
193
137
64
187
189
16
109
42
154
88
163
147
158
133
158
37
15
109
214
103
233
171
116
163
88
79
122
169
124
191
34
249
64
163
133
4
249
137
238
116
238
46
253
192
33
116
15
131
56
10
32
31
4
14
236
142
157
133
85
42
242
134
105
86
248
219
124
49
193
201
111
86
114
249
195
193
8
124
111
238
124
43
134
202
