3
26
26
13
129
158
55
249
105
45
69
62
115
123
213
45
174
115
26
10
139
133
145
134
54
32
115
158
249
15
45
139
123
45
159
174
215
165
56
139
138
155
243
81
94
243
138
129
104
94
242
67
94
157
26
8
94
9
50
155
94
161
95
67
24
192
189
94
94
216
62
94
174
155
99
174
249
204
174
210
242
252
174
57
62
24
157
157
249
72
62
213
45
133
42
174
157
50
165
189
157
94
153
64
174
143
235
159
161
84
56
45
29
77
84
23
215
176
56
215
237
157
26
94
184
226
215
94
215
174
215
127
42
82
154
174
99
45
82
44
202
82
110
94
16
150
237
105
202
45
140
42
110
161
105
72
45
82
94
161
149
148
149
127
45
148
77
84
202
134
139
148
216
255
148
237
140
62
202
216
237
174
215
9
99
161
45
12
99
159
174
215
45
115
174
237
82
85
174
159
174
9
161
216
204
161
148
82
153
52
72
216
82
213
142
48
159
115
204
82
91
149
147
153
214
103
69
249
99
139
94
159
34
213
84
202
216
154
52
237
72
115
115
199
73
204
99
82
72
50
99
249
45
126
174
115
120
175
213
45
205
99
82
34
219
204
159
72
161
213
219
253
72
249
159
45
82
255
105
244
154
94
255
252
213
99
45
157
216
133
99
216
45
156
52
103
56
157
215
63
105
174
255
213
72
72
99
216
157
72
215
56
99
161
202
126
94
216
149
157
72
23
161
126
241
202
149
157
129
120
253
213
94
72
72
46
174
99
72
202
203
56
103
84
84
255
52
73
193
45
213
116
72
45
157
213
72
215
72
72
161
72
72
189
213
175
157
133
23
57
232
12
72
256
215
213
202
228
213
23
232
48
