14
91
176
14
237
17
172
91
27
147
169
75
170
172
91
87
138
252
25
170
39
46
83
138
14
84
140
35
73
138
25
75
46
32
222
174
75
169
169
203
123
110
237
145
55
240
174
39
138
198
128
199
170
169
87
110
25
237
170
190
171
25
67
110
25
237
150
32
178
44
222
174
237
131
190
174
199
83
27
27
114
131
170
182
42
208
137
248
223
35
87
238
35
237
139
55
44
91
146
204
162
46
190
162
252
190
32
55
195
256
25
43
39
194
190
162
94
170
87
87
150
206
223
91
139
238
139
189
10
86
39
196
32
178
25
131
256
91
144
222
115
25
222
94
190
170
25
11
219
190
87
25
131
140
91
206
17
27
170
140
195
117
17
128
223
170
174
42
238
203
195
253
39
84
215
25
192
237
235
138
252
252
94
114
174
151
22
65
190
223
190
70
171
138
39
115
103
44
115
236
146
116
144
83
159
196
146
8
31
61
35
178
16
25
144
126
203
242
75
252
35
27
235
221
52
32
140
256
221
35
150
39
253
142
218
25
244
169
244
22
199
236
159
215
154
143
242
13
77
124
195
35
10
110
51
182
95
236
42
140
64
238
105
248
123
196
146
242
91
202
178
236
243
70
242
10
196
157
25
91
67
190
42
170
45
190
219
180
157
218
141
201
190
115
61
233
18
110
79
153
170
194
35
204
252
256
252
25
67
117
190
110
195
236
16
178
240
70
103
145
42
45
27
89
11
140
39
138
233
18
236
115
256
117
201
242
218
196
27
237
5
109
133
39
196
170
230
167
219
201
24
102
235
235
171
178
230
25
27
190
236
108
64
206
75
108
186
97
86
17
110
11
236
108
110
86
181
103
115
167
169
236
133
122
170
39
27
233
45
143
150
170
170
42
223
178
195
79
230
256
196
178
161
252
237
235
86
199
42
110
203
192
201
95
170
242
149
32
169
91
181
206
103
117
238
236
167
151
212
121
256
24
179
178
256
146
83
51
242
45
70
87
212
105
27
238
196
124
206
11
237
18
179
131
93
124
169
210
116
61
121
177
110
170
101
238
212
108
70
253
237
242
223
169
27
238
75
131
31
35
204
10
169
145
236
214
13
44
95
120
103
11
169
169
236
192
89
109
109
196
140
35
190
201
238
256
10
242
11
129
146
117
35
93
160
35
196
141
64
87
35
44
69
117
221
233
201
192
39
121
196
103
45
175
84
151
139
169
39
151
256
45
167
186
140
144
35
134
117
39
203
110
190
169
8
178
238
153
25
35
170
27
160
69
206
194
249
139
70
35
121
169
69
35
172
237
177
182
249
77
79
121
27
74
205
129
24
16
39
196
10
74
215
115
195
192
170
237
253
190
142
33
8
45
39
238
238
62
13
75
196
35
236
210
16
35
136
223
250
116
39
178
196
162
11
64
117
233
45
169
249
103
122
201
70
103
34
196
164
236
124
94
136
10
64
249
203
136
137
138
10
70
104
157
39
219
35
8
66
141
161
207
169
207
89
83
238
55
76
169
87
136
89
244
91
235
238
45
121
34
180
42
205
83
223
179
136
85
219
186
120
233
210
207
144
205
190
73
249
144
253
192
133
221
35
190
160
10
35
205
126
201
196
22
83
123
142
121
244
238
136
134
178
94
196
116
94
71
238
126
52
118
194
39
42
24
105
55
42
123
89
223
87
97
210
208
94
134
140
201
35
238
121
204
74
120
169
34
204
136
108
253
236
220
152
205
10
201
8
84
29
17
180
25
130
36
78
35
180
95
194
178
133
169
170
39
18
201
142
126
244
209
172
77
133
233
201
117
86
178
69
190
180
184
238
10
103
212
201
192
180
223
5
39
141
69
242
5
108
139
81
236
67
206
45
242
103
170
131
196
56
170
189
169
256
230
142
172
242
16
169
242
185
31
70
142
184
256
149
172
237
206
46
22
223
170
130
194
45
206
32
190
163
169
243
130
5
249
39
81
201
159
97
159
130
179
110
159
65
161
139
223
136
91
34
253
128
169
238
236
142
184
195
42
136
70
223
233
128
196
27
190
128
170
129
214
196
64
157
42
184
95
103
242
236
146
110
221
185
35
159
21
169
151
39
27
170
24
41
110
128
146
34
136
29
89
223
250
101
161
145
34
120
249
65
249
157
5
124
22
113
210
57
129
237
45
93
15
253
142
253
192
162
39
203
157
233
157
190
221
93
116
100
164
89
153
115
220
219
31
108
83
45
170
194
40
62
180
170
136
27
10
144
22
177
110
244
77
228
131
116
144
18
223
252
79
63
121
179
37
237
194
184
39
8
140
138
241
87
190
73
170
22
89
219
192
131
95
245
190
249
50
93
185
121
252
199
165
5
79
137
22
27
189
75
3
35
27
96
16
31
170
179
201
77
201
140
27
229
151
242
211
85
24
203
205
53
11
142
67
196
63
150
215
142
178
35
22
39
65
192
35
19
158
60
176
252
241
170
15
94
236
16
71
151
121
45
27
13
27
89
20
128
179
61
40
229
73
185
174
35
128
84
55
153
77
140
140
252
196
8
233
203
89
32
70
253
121
64
25
24
115
73
22
196
241
10
241
176
256
190
192
169
88
110
241
32
25
115
61
107
243
225
117
22
178
110
32
81
116
240
122
70
219
27
8
64
5
32
70
76
142
35
252
64
110
249
33
103
45
35
105
180
110
139
130
45
58
35
253
5
253
114
13
35
120
121
210
252
35
42
3
19
107
38
184
256
175
169
201
144
55
34
229
236
201
25
201
59
27
136
44
73
236
60
157
210
236
163
184
178
61
196
105
242
226
162
64
194
245
106
249
190
203
112
93
170
54
217
119
226
190
190
229
63
225
37
233
203
2
185
85
256
112
73
176
35
27
35
167
222
196
117
179
141
36
232
235
152
232
130
131
143
195
157
195
91
118
21
11
160
35
45
205
182
238
92
22
230
178
59
239
5
145
192
190
35
93
3
230
151
142
60
196
6
169
201
25
180
37
22
222
136
21
64
74
225
249
64
203
21
89
157
110
73
113
253
89
56
87
256
64
42
89
103
42
253
119
59
71
140
115
89
151
120
90
32
18
32
186
73
16
238
9
184
201
169
117
196
71
230
10
64
102
131
42
164
13
205
205
110
56
16
177
71
103
116
116
141
154
241
77
121
239
194
110
192
152
59
227
2
217
112
253
73
133
152
114
239
117
231
130
62
24
105
96
228
116
85
230
5
39
25
5
251
158
241
61
149
10
128
174
64
252
130
90
108
154
37
62
194
219
96
176
89
66
18
186
42
153
240
177
244
125
130
21
96
211
153
171
24
226
137
187
143
117
76
249
114
239
76
140
31
39
128
45
165
117
249
10
29
55
195
217
19
107
99
50
141
199
194
195
239
177
125
177
201
256
203
62
100
149
89
189
15
30
32
39
141
53
62
195
142
10
55
33
242
168
87
62
124
195
89
15
45
141
42
226
22
95
131
13
64
161
171
28
38
77
128
105
222
186
223
174
19
141
62
102
101
160
86
201
242
70
123
70
33
91
45
141
35
64
129
17
189
198
175
25
165
253
45
187
133
121
121
78
49
60
31
64
141
183
191
19
114
194
67
112
10
113
217
14
60
253
57
16
104
117
174
8
171
223
111
136
115
94
32
115
60
67
190
191
43
115
32
186
5
222
249
222
102
53
117
82
102
217
45
128
95
42
211
213
91
215
137
103
168
112
222
137
238
136
177
137
143
103
189
131
33
1
91
151
88
13
64
217
249
75
39
8
222
67
29
222
53
163
59
249
181
29
94
240
244
10
116
186
49
233
42
127
183
60
154
97
249
110
142
62
217
99
17
137
242
61
67
206
116
131
253
176
97
202
237
249
168
163
174
29
17
242
88
4
232
216
75
250
154
250
195
237
64
168
77
148
35
255
245
66
63
212
217
3
99
107
218
32
195
70
94
123
136
93
218
123
33
226
222
39
136
222
45
196
97
75
35
168
152
48
117
130
187
218
38
27
250
129
236
67
138
194
168
79
55
193
72
131
158
139
39
194
36
149
194
147
142
29
232
117
243
10
149
226
240
218
174
172
68
117
248
148
93
94
122
242
222
78
138
222
168
42
39
55
248
67
148
189
77
166
217
168
87
219
25
150
50
242
137
230
255
138
13
207
164
1
189
82
33
242
73
249
9
161
1
9
78
226
194
45
236
249
58
137
96
250
143
44
9
184
62
92
207
213
92
94
77
94
1
44
117
242
1
9
52
49
12
31
22
232
148
180
78
9
174
113
102
113
248
31
171
77
110
94
226
216
163
77
9
92
165
63
122
218
68
124
134
236
127
36
92
237
240
140
121
132
48
66
184
113
115
121
242
116
77
50
217
28
9
148
12
194
166
9
231
211
101
9
106
255
138
233
2
49
9
211
136
132
28
53
116
28
94
121
85
33
63
60
132
61
14
243
41
70
49
14
31
154
18
64
88
43
40
92
150
226
154
82
85
132
132
25
35
147
206
124
132
64
114
226
99
224
174
216
217
70
245
77
66
123
66
66
116
232
150
217
123
101
139
134
3
64
63
188
250
133
120
189
211
32
1
131
86
43
26
124
163
120
228
245
104
138
199
120
255
114
216
250
193
86
61
217
247
63
13
77
94
120
77
137
28
172
68
125
109
99
86
207
69
120
230
112
230
243
88
195
63
101
85
78
121
133
43
14
173
250
55
172
240
97
154
114
43
250
245
246
82
2
217
92
56
150
187
172
100
150
68
85
68
131
245
195
242
174
10
217
227
21
114
9
113
89
112
13
4
77
68
137
39
109
230
218
69
52
113
218
1
245
136
178
135
15
56
208
86
70
245
53
75
163
177
232
14
86
227
189
90
4
14
11
69
245
220
158
193
177
26
63
210
177
82
154
28
68
82
42
4
163
214
61
154
4
125
120
131
92
133
47
92
9
159
148
163
68
56
68
235
135
150
150
163
53
85
247
198
149
82
131
218
198
188
65
108
82
129
104
82
154
88
255
90
131
249
68
237
243
12
94
133
150
157
226
12
163
182
201
31
12
218
68
68
250
177
133
77
39
218
133
48
48
82
82
68
133
