163
114
204
150
204
112
150
51
242
112
183
162
126
123
256
11
71
143
232
143
160
256
143
162
143
172
52
138
143
84
70
180
112
165
67
204
183
243
165
123
66
232
172
151
172
165
172
64
98
98
153
162
204
190
163
165
199
172
143
162
84
22
236
140
165
242
140
213
220
64
10
161
72
84
172
140
115
39
79
98
154
220
153
161
69
22
72
13
48
121
251
145
165
213
220
204
94
99
76
72
45
23
121
221
135
159
112
82
62
251
106
56
86
242
20
62
236
59
140
153
213
74
56
115
23
194
39
176
74
106
74
45
204
106
71
56
42
223
157
62
159
100
220
157
45
157
33
64
163
250
157
161
242
57
251
27
157
45
155
159
214
163
190
223
194
159
157
91
56
163
250
157
157
162
72
157
72
74
157
45
157
157
9
143
149
157
56
157
106
214
117
157
22
157
27
86
157
157
45
48
115
45
157
251
214
52
9
153
212
163
157
157
105
13
214
45
31
31
208
157
143
45
213
159
143
39
214
98
161
69
157
74
71
256
157
77
26
105
203
45
184
204
162
146
157
8
161
86
27
62
157
45
155
170
33
128
73
44
45
252
83
106
45
115
162
157
157
214
84
206
157
22
110
157
115
148
242
66
18
186
250
163
103
190
161
213
86
164
203
81
106
214
214
45
155
12
163
81
115
14
230
45
14
35
7
31
189
110
31
214
157
126
105
232
184
69
123
162
157
115
52
31
45
153
29
137
213
112
204
106
225
7
232
33
115
208
13
161
162
162
45
56
214
212
249
103
57
155
75
220
182
31
107
225
167
220
45
157
215
62
236
214
221
162
240
230
48
183
72
73
97
124
27
157
230
153
153
45
74
10
86
56
178
220
106
176
219
161
256
225
106
84
10
225
210
185
230
161
76
213
18
86
145
123
157
239
170
237
196
45
214
157
213
157
110
66
177
252
159
157
155
50
236
106
220
237
114
220
128
115
108
251
189
102
76
52
204
155
75
182
106
16
72
157
137
38
45
76
208
214
72
91
209
56
155
135
158
194
163
81
64
76
214
81
183
44
52
64
190
72
249
153
230
64
71
204
106
23
10
184
21
213
131
45
19
148
137
230
230
42
221
88
112
157
161
163
140
161
161
64
212
157
192
183
84
91
163
253
157
214
203
83
251
88
174
110
210
215
99
90
45
86
159
213
146
137
155
250
139
175
133
162
178
150
140
57
196
35
124
76
86
31
239
153
70
31
157
157
213
56
255
54
186
115
215
76
94
157
214
183
86
162
203
84
172
116
164
133
190
213
110
157
210
97
159
13
8
2
127
209
48
185
114
214
44
44
162
175
35
73
214
44
26
118
239
153
144
161
149
157
170
208
157
29
249
106
221
157
251
4
251
86
210
155
249
132
88
189
138
186
252
124
220
47
183
50
74
56
190
201
214
71
56
157
163
91
157
189
157
256
76
192
26
20
22
253
228
23
163
238
86
190
204
54
139
45
172
172
157
204
79
71
13
251
166
184
190
170
157
218
88
230
25
115
52
134
77
73
228
236
31
45
63
110
99
239
163
45
128
72
88
77
213
54
54
170
50
157
128
64
29
45
177
157
213
124
161
249
125
155
202
110
171
212
192
73
224
155
13
213
224
114
215
172
239
189
79
163
56
161
22
25
189
103
157
112
66
190
120
159
108
43
161
232
214
15
162
74
32
249
249
157
81
159
79
86
155
10
21
107
158
95
194
230
86
128
213
167
34
161
214
45
106
115
16
58
189
56
146
157
13
252
230
159
256
178
91
26
27
249
225
250
23
228
161
210
64
252
52
189
26
48
177
21
123
81
196
45
196
56
45
53
133
86
155
117
42
159
72
45
230
251
45
171
214
41
232
115
104
72
251
176
256
220
115
88
161
26
155
18
23
214
157
239
48
51
213
131
213
221
213
143
157
249
45
140
215
126
61
213
149
224
54
214
214
194
157
251
246
60
16
50
157
236
116
35
27
162
228
56
214
196
220
238
34
204
114
251
208
157
256
136
15
53
56
213
138
57
125
204
72
110
204
110
10
33
155
123
113
161
57
189
49
161
174
168
56
126
189
115
252
115
133
251
23
172
163
136
159
125
65
144
230
134
213
115
230
115
44
64
79
44
226
114
148
29
62
51
112
66
215
97
204
157
156
159
172
194
143
44
6
37
10
256
196
23
52
161
159
114
213
232
176
77
190
14
250
214
153
165
86
249
185
186
110
126
64
55
163
214
53
84
44
163
44
69
123
134
81
35
172
238
159
230
45
170
190
12
88
134
165
252
35
110
225
203
72
165
84
63
45
182
213
137
161
88
54
56
194
157
48
157
41
56
189
27
248
25
115
18
113
189
155
22
249
89
110
256
159
187
190
45
163
196
64
170
14
26
45
86
159
173
88
112
190
116
37
37
25
35
44
161
94
253
146
125
194
228
144
161
95
42
13
115
97
256
16
256
218
170
29
96
189
82
208
256
45
74
72
114
49
140
87
225
96
66
52
53
240
157
194
256
235
161
74
213
89
18
89
25
218
196
23
213
177
157
86
139
120
232
230
23
161
99
26
12
131
116
120
64
232
39
86
18
190
16
150
25
251
11
18
159
200
12
149
115
72
187
26
53
208
86
48
72
244
13
178
50
26
214
161
16
136
139
161
75
74
72
44
117
94
31
45
185
76
192
159
251
175
48
190
133
136
155
208
23
115
40
58
9
216
178
155
37
238
45
140
13
50
125
147
190
3
222
32
211
176
174
160
115
236
110
210
64
212
84
52
32
26
76
238
170
42
53
76
148
124
212
213
35
124
136
158
99
140
232
202
94
228
74
64
98
42
112
75
157
99
99
117
170
157
165
215
140
157
163
187
54
26
157
29
7
161
213
115
134
44
37
213
166
224
86
10
77
112
157
163
138
228
169
114
72
32
64
157
242
77
110
124
136
112
179
102
117
149
20
42
44
101
86
213
183
106
8
43
74
159
112
235
170
40
139
230
238
159
184
77
149
59
59
11
48
194
230
99
236
235
230
153
110
97
65
85
63
113
186
112
62
172
51
149
126
215
98
189
22
150
186
65
215
161
10
50
36
161
101
189
39
136
212
45
77
56
125
190
208
32
228
131
133
106
56
42
114
45
43
150
228
16
204
148
143
117
131
13
242
196
236
143
26
25
97
48
115
159
157
252
209
2
213
141
190
13
114
161
82
230
228
23
12
228
114
112
163
45
238
86
104
25
10
204
238
5
253
44
192
232
230
156
31
63
160
222
178
48
131
187
236
161
45
2
107
215
12
230
192
201
52
214
115
157
88
200
88
32
56
161
22
214
155
67
23
63
89
181
238
15
222
56
222
110
25
214
203
151
25
26
69
86
228
190
214
240
215
178
230
242
26
79
83
13
212
72
74
153
32
220
159
128
131
37
42
178
214
51
186
202
146
161
106
27
77
131
29
25
21
148
109
70
176
155
88
157
12
99
82
77
214
15
212
95
174
3
76
44
196
50
134
76
50
13
39
138
254
237
144
117
131
183
95
31
133
251
32
208
155
63
207
97
83
48
115
225
77
63
192
188
18
166
225
144
238
63
157
208
113
109
10
160
32
161
170
178
7
94
114
184
53
135
144
195
120
32
140
146
140
187
212
45
138
220
186
44
218
155
45
32
139
214
115
29
204
199
101
178
11
53
45
248
160
235
232
151
35
193
78
177
52
148
204
112
134
230
22
170
208
214
115
86
166
53
208
140
157
73
187
42
190
148
240
190
230
215
25
18
159
157
15
219
149
139
204
96
157
148
72
235
224
256
42
1
161
204
77
5
45
144
106
17
3
110
72
72
86
224
45
102
214
52
49
182
86
236
88
7
117
131
189
163
178
190
35
136
115
56
190
59
161
249
228
13
180
196
131
89
26
146
238
39
161
95
166
64
27
86
56
131
99
34
109
230
159
34
230
55
178
228
64
140
190
225
220
12
5
157
27
22
72
64
31
235
88
49
45
238
85
47
112
32
152
201
208
133
73
136
202
15
133
147
208
72
48
206
100
95
13
31
102
145
246
178
105
3
161
53
140
200
208
133
25
99
236
173
63
45
3
239
91
78
45
9
97
215
208
120
179
27
72
35
240
125
109
91
63
228
117
45
56
133
208
73
238
161
230
145
110
141
96
235
237
113
151
12
23
88
208
18
79
191
13
236
179
163
148
169
217
133
246
133
163
27
235
57
238
77
112
148
208
3
23
45
94
236
15
76
228
184
148
243
209
124
84
157
184
27
235
63
228
53
110
230
105
91
163
163
136
15
39
124
5
109
114
158
110
124
92
196
63
133
10
73
72
79
242
228
228
148
191
47
184
170
215
40
95
228
117
82
64
171
118
108
249
12
55
82
144
114
242
219
56
86
178
113
45
113
12
45
70
23
133
150
197
63
197
112
133
157
235
133
159
106
160
36
78
161
248
56
56
197
248
160
53
184
240
222
144
255
121
114
136
51
161
44
242
193
18
124
198
198
223
234
114
248
1
163
20
12
249
52
228
82
144
117
234
95
161
88
113
151
33
21
129
158
250
148
61
155
161
196
82
224
206
211
56
44
131
215
97
53
95
23
74
40
249
218
42
15
249
197
5
61
62
33
113
125
198
152
58
109
32
133
195
21
113
4
234
51
39
210
236
110
51
48
159
204
175
197
110
151
141
148
51
152
161
58
157
120
148
166
74
57
201
141
161
19
161
113
85
12
15
236
188
204
116
125
72
249
31
124
88
49
114
53
44
193
7
85
163
232
54
65
204
45
228
20
133
133
114
120
146
186
144
20
111
85
133
155
49
76
102
185
148
133
46
34
23
46
65
204
82
177
85
253
23
133
133
56
54
23
42
85
23
197
197
162
23
232
48
161
35
