19
70
30
137
192
11
85
11
2
187
70
196
192
192
2
106
106
106
135
127
176
135
135
192
192
97
100
151
129
96
192
192
14
75
30
135
105
135
192
192
242
75
14
154
174
100
192
33
94
131
184
79
14
14
137
237
211
50
75
82
52
222
237
174
79
33
216
132
150
86
187
177
162
94
85
128
187
154
192
184
52
183
66
55
79
237
44
25
84
137
187
242
228
114
220
230
14
84
56
226
216
174
154
150
220
134
137
178
187
189
228
222
207
39
79
192
256
242
154
162
183
226
66
145
109
145
149
187
63
2
181
129
187
132
187
184
181
88
154
70
219
59
88
228
117
59
12
162
10
25
16
79
63
236
2
178
63
132
59
35
182
126
70
220
16
140
88
100
139
178
2
59
9
106
60
90
76
154
149
63
182
249
77
64
242
2
49
2
50
2
236
46
49
215
63
184
96
63
66
106
63
117
88
187
30
159
63
230
245
80
187
202
157
132
77
53
50
196
192
77
232
33
235
116
12
35
228
93
93
9
9
9
210
85
26
105
201
82
110
228
232
156
110
154
181
208
167
77
175
79
139
181
78
181
53
13
220
77
177
55
51
137
228
115
159
167
133
93
192
15
82
220
94
34
159
57
163
5
124
59
105
171
50
15
76
171
228
2
30
229
181
13
154
120
157
139
129
60
78
181
219
256
117
2
77
137
132
249
159
139
2
63
59
132
149
86
131
2
242
215
57
110
15
117
159
139
131
215
193
155
109
72
1
216
117
86
219
79
167
154
45
63
99
192
144
149
28
128
131
159
144
50
129
228
245
82
105
128
84
37
132
235
63
2
63
222
139
189
254
155
149
50
91
63
131
21
151
148
56
133
168
151
82
53
252
70
228
153
174
131
222
86
79
94
60
122
211
150
70
216
133
228
85
139
137
150
192
70
44
57
248
211
53
134
60
11
210
131
53
174
9
117
255
174
220
77
183
183
189
114
202
176
232
131
9
242
117
168
131
235
214
39
84
137
96
206
2
128
30
21
117
159
167
176
196
25
131
131
214
39
131
216
1
189
74
192
155
82
131
202
210
99
163
134
120
150
82
124
157
170
45
39
86
53
124
184
77
70
55
15
15
167
202
114
189
219
63
157
146
219
189
14
207
120
192
230
131
138
63
219
26
184
164
162
138
230
86
100
240
109
204
14
162
43
238
146
248
163
230
86
131
96
249
62
215
88
230
52
139
97
63
124
106
72
203
133
93
193
204
91
159
39
95
150
247
203
25
198
240
131
211
131
117
117
248
59
54
109
145
64
220
24
231
231
137
51
216
63
132
233
222
105
154
131
51
81
247
232
171
232
233
7
7
106
215
138
165
182
36
210
77
53
168
149
31
43
20
3
56
101
146
195
117
21
136
229
132
82
146
205
193
232
241
224
28
232
184
124
179
124
15
192
168
132
255
215
71
124
178
215
171
132
76
97
137
82
215
15
176
256
226
136
215
137
133
254
137
235
52
70
254
9
185
139
131
210
39
254
85
