128
67
13
13
67
97
174
186
59
3
126
211
146
29
13
67
191
144
164
126
7
211
87
59
97
150
33
59
112
231
222
205
128
231
19
239
33
75
66
94
121
231
59
164
151
142
54
226
90
205
143
93
29
51
190
127
90
194
143
176
21
244
126
200
208
211
147
203
59
244
231
190
29
97
97
54
71
164
55
116
126
151
130
67
130
33
151
229
47
203
171
67
222
160
121
123
208
51
87
59
59
128
177
128
143
40
194
146
89
208
67
59
160
66
160
176
194
165
160
128
203
40
115
172
40
97
112
40
195
177
54
203
135
123
176
205
89
150
59
88
123
176
205
87
206
250
222
59
97
40
98
208
194
166
190
209
171
128
107
97
95
244
204
95
177
166
242
242
93
209
170
87
205
98
84
7
78
97
203
215
36
7
67
204
67
170
208
3
182
143
177
62
102
176
195
146
172
67
87
9
151
98
87
176
7
243
206
251
71
7
6
79
113
87
67
7
244
147
97
95
58
2
160
87
13
231
40
87
209
50
32
186
95
21
97
3
29
87
172
75
32
4
67
75
231
178
80
144
195
231
59
205
176
95
95
166
230
166
143
182
166
249
8
70
67
211
7
180
167
160
97
87
206
65
228
30
180
40
249
126
27
123
151
95
50
194
7
150
123
35
58
231
75
87
71
75
20
65
154
22
64
71
76
3
172
209
51
3
205
235
154
95
140
250
77
9
143
231
250
51
195
205
107
144
136
141
75
129
194
127
3
231
42
203
123
166
141
50
203
136
16
236
7
51
87
138
27
97
138
175
138
51
205
150
138
209
62
165
104
96
3
127
195
1
97
222
37
179
167
253
219
141
75
191
182
51
239
189
88
31
71
138
1
167
97
7
97
31
206
61
219
87
51
40
164
192
36
73
205
150
7
74
205
31
250
205
123
45
20
183
231
21
231
143
244
184
184
4
194
20
222
231
166
27
35
102
65
164
215
145
97
93
205
209
183
166
78
165
182
54
171
123
87
90
15
30
71
118
28
123
166
252
205
40
65
205
32
150
75
180
121
51
154
200
75
63
5
75
230
186
89
231
231
230
123
95
244
206
22
107
203
164
231
3
235
50
205
205
209
191
87
116
3
151
33
132
209
205
135
73
89
241
87
237
180
28
102
27
180
87
205
110
182
194
40
195
95
125
166
71
186
75
205
58
85
183
205
203
87
128
136
136
95
73
105
27
205
253
41
203
120
108
104
141
165
69
142
143
170
194
41
93
181
133
54
63
141
31
231
88
210
51
129
113
153
174
121
121
169
34
87
177
66
24
230
87
38
120
122
88
186
28
191
230
242
7
67
251
51
3
7
190
121
113
87
245
99
24
206
203
41
29
203
230
17
208
153
238
17
205
163
142
203
84
203
62
107
205
237
65
87
208
158
31
194
244
182
92
211
95
203
73
165
3
70
87
97
28
135
3
164
205
88
151
9
121
5
44
184
143
142
87
50
51
242
126
187
138
205
136
17
205
87
177
93
33
138
165
36
235
106
76
53
169
88
186
203
89
27
166
58
80
116
225
72
62
121
124
80
203
87
194
177
75
180
77
186
151
43
203
20
154
196
164
217
226
19
127
95
80
180
82
243
80
217
85
68
108
166
205
240
186
144
80
141
66
210
166
148
144
6
24
58
180
144
156
205
82
166
205
58
166
145
136
217
226
180
182
178
219
226
104
83
166
141
61
109
172
88
172
205
166
87
113
203
153
121
65
95
194
194
205
236
166
231
180
80
118
243
65
193
105
166
166
231
4
180
67
135
64
164
5
242
203
194
7
138
190
166
166
203
160
190
80
80
121
235
180
17
130
174
80
94
94
205
231
38
121
7
183
249
35
143
140
206
212
130
80
255
230
3
80
32
76
34
144
205
80
144
157
217
184
80
54
8
66
66
203
121
254
219
203
180
236
67
88
146
65
236
211
87
17
249
164
82
194
169
190
93
52
167
80
53
195
80
102
33
121
75
158
171
180
233
203
203
129
170
75
206
184
151
217
38
13
24
201
164
80
19
80
230
194
33
71
95
194
236
166
103
168
31
164
123
206
242
116
250
240
208
80
203
242
9
144
243
241
18
166
127
93
154
121
99
147
231
209
66
238
25
166
254
177
135
120
252
170
4
229
6
10
86
106
2
65
238
237
237
10
63
13
256
180
65
237
89
28
65
211
80
106
80
205
87
189
171
79
88
166
203
94
80
205
250
80
241
237
97
253
164
64
63
191
182
170
75
183
96
214
91
10
170
169
90
88
208
3
174
166
82
205
223
121
53
86
180
244
25
220
61
243
4
107
65
115
166
249
166
226
205
173
238
226
65
80
203
129
8
203
43
7
243
58
187
225
203
146
134
25
3
144
170
93
167
166
9
46
2
146
237
236
73
220
125
183
203
168
15
112
38
121
166
6
9
46
217
88
156
31
119
24
242
106
19
62
11
73
237
173
166
194
74
18
20
168
218
10
217
69
241
112
138
54
16
8
60
146
253
125
58
201
144
10
210
14
190
203
78
121
221
32
165
121
104
58
29
229
33
80
239
95
67
114
14
25
190
217
74
250
203
20
54
11
11
205
190
52
203
217
137
205
205
71
14
135
166
222
205
205
171
250
249
206
80
22
113
137
49
121
88
168
218
67
60
146
39
142
80
121
88
62
80
119
60
164
208
121
217
236
129
180
94
73
112
75
76
99
93
97
2
186
130
237
3
168
27
73
77
222
202
41
95
124
174
80
167
65
168
205
172
203
80
244
109
209
80
20
24
4
244
53
49
164
5
146
124
80
240
256
80
126
80
179
206
80
63
237
76
204
80
154
36
186
39
57
53
96
191
87
54
17
226
113
163
39
150
6
164
25
80
5
108
132
80
25
80
5
166
178
28
65
254
131
166
10
112
252
94
160
242
179
106
190
65
80
36
63
80
21
39
80
144
74
54
166
243
200
80
30
189
92
6
122
157
182
182
49
134
75
1
56
252
125
190
116
185
113
2
116
144
157
171
63
58
152
211
205
54
101
186
156
217
80
3
108
182
62
76
31
139
80
164
73
63
111
20
20
121
144
249
133
164
174
234
46
80
186
150
171
77
217
173
132
145
51
65
200
170
147
191
191
198
234
64
60
15
31
119
195
125
144
147
76
167
21
31
4
217
205
254
80
55
63
119
204
163
84
99
35
124
89
60
180
60
80
164
7
221
49
245
92
56
81
210
205
80
147
107
144
170
233
2
33
33
52
70
31
254
9
103
80
54
11
140
62
59
65
203
182
210
245
1
20
49
115
2
56
74
65
80
113
201
64
17
44
203
166
238
93
154
195
32
32
205
80
47
233
157
236
80
146
190
172
171
83
17
58
34
116
101
80
144
14
14
205
186
190
222
14
125
80
155
12
149
21
164
157
3
252
166
49
144
228
80
170
197
80
80
157
39
237
215
200
166
228
15
49
107
197
121
205
240
254
139
69
168
163
119
107
174
195
71
62
63
40
15
254
159
21
126
125
17
61
98
65
52
141
88
62
250
204
63
188
71
53
176
10
115
17
10
24
192
180
164
63
109
80
230
237
237
4
194
149
80
144
46
170
147
157
254
15
123
65
122
173
248
60
128
163
205
238
108
116
80
164
235
254
169
254
176
80
56
13
131
234
128
121
171
90
112
164
140
1
1
176
248
128
184
201
146
172
254
43
235
200
52
185
249
20
76
62
56
8
50
93
253
145
248
207
195
255
21
249
64
241
59
186
49
106
16
49
154
186
252
7
177
232
144
145
63
130
63
173
47
124
157
238
54
43
114
193
81
73
8
58
17
13
88
21
89
103
200
200
107
135
103
186
177
65
191
207
139
138
35
131
156
117
34
109
216
148
40
73
188
223
185
248
50
217
89
217
197
159
254
217
185
177
248
60
119
134
118
217
78
144
168
193
135
254
228
53
207
217
71
180
116
113
193
171
217
163
103
93
211
49
145
224
198
219
57
249
133
54
170
244
47
75
59
101
37
72
90
164
200
43
107
28
207
129
141
227
12
39
163
47
163
35
112
253
90
200
116
89
224
56
28
47
33
190
170
200
88
17
16
51
135
228
19
118
240
119
245
246
156
125
116
4
197
33
90
5
224
99
219
57
15
111
179
177
18
33
121
109
254
125
134
254
189
180
22
78
82
249
18
13
66
103
116
97
199
181
88
70
39
181
202
119
256
191
254
78
254
70
124
70
149
43
27
124
2
88
4
178
134
77
1
15
61
205
224
195
30
152
61
169
188
93
25
34
247
193
201
122
224
234
231
214
250
119
9
103
244
20
109
34
24
129
119
4
156
78
92
200
254
104
55
22
34
49
2
53
21
130
224
252
56
55
57
231
239
20
198
185
15
173
158
119
173
22
256
185
52
137
37
204
85
109
121
81
254
234
122
224
4
35
246
207
64
256
30
37
188
138
129
48
207
125
163
104
253
161
253
21
171
155
219
237
31
226
20
156
150
67
69
217
188
125
116
144
204
137
139
121
86
124
187
255
129
85
241
180
173
254
22
168
22
186
43
200
201
32
109
31
73
198
192
193
49
254
4
68
144
191
20
242
254
113
152
85
180
152
37
155
52
191
200
148
137
119
120
179
10
246
67
254
242
158
45
34
133
188
254
104
49
255
38
8
93
248
135
200
156
139
207
27
151
53
45
238
188
198
115
137
13
118
251
38
221
38
250
163
119
84
46
10
77
250
250
72
137
139
117
246
185
191
254
190
254
163
191
155
254
198
13
45
218
144
32
77
137
246
78
101
207
224
4
37
83
134
254
40
29
4
152
157
184
190
7
200
241
163
82
200
113
49
137
66
254
200
254
216
134
193
57
53
211
67
142
158
15
200
111
202
118
49
231
66
232
203
254
38
185
49
49
191
191
163
113
163
4
163
158
121
133
185
200
8
80
200
64
158
188
203
166
200
77
241
254
218
254
218
148
47
254
124
191
