40
111
40
220
80
111
80
40
8
123
88
244
138
208
27
244
18
97
40
203
251
220
17
154
105
80
206
251
18
199
73
194
17
9
127
127
113
212
199
129
135
92
186
235
123
147
87
96
67
231
194
129
113
134
47
88
181
181
129
97
248
83
147
31
174
182
123
58
211
83
147
55
181
231
242
155
73
97
150
96
153
181
222
203
219
250
121
235
172
17
111
138
181
147
156
250
87
226
67
127
55
89
46
147
219
172
28
80
134
132
231
12
127
134
54
156
129
28
239
11
129
16
239
123
97
67
172
91
127
177
97
211
147
76
250
40
90
52
219
177
177
243
226
181
231
226
220
231
8
182
26
8
5
175
8
107
217
204
40
40
14
112
123
192
80
243
251
105
55
138
40
217
96
231
199
90
182
46
97
135
129
244
181
34
226
122
12
145
129
129
40
226
67
194
105
87
90
229
21
40
132
204
251
226
122
180
196
69
89
40
105
40
40
250
126
36
91
219
73
156
54
94
141
251
187
113
91
3
97
172
4
91
182
28
151
208
251
145
229
21
129
21
175
21
253
13
250
182
26
126
12
175
80
225
208
112
183
243
21
3
175
69
175
127
57
62
113
54
52
7
115
107
176
54
251
79
222
175
59
17
177
30
128
226
14
69
236
36
102
185
243
151
182
90
8
154
230
211
102
54
34
129
211
175
212
54
28
198
13
147
102
81
237
237
248
225
74
51
129
222
59
139
181
177
125
105
16
40
177
121
113
222
134
17
243
206
222
3
71
129
209
8
59
12
122
37
16
88
16
5
99
195
28
129
34
115
222
177
172
221
182
17
249
62
243
28
175
182
177
138
238
130
90
16
88
93
162
40
189
154
244
154
26
211
59
16
28
185
122
111
7
136
37
92
191
102
197
99
194
102
199
221
227
220
195
154
118
175
153
175
155
177
113
92
208
231
80
17
153
34
222
92
136
222
16
34
141
212
225
16
181
16
64
225
175
10
150
73
18
59
86
136
242
8
126
155
47
16
74
59
127
51
88
90
209
175
182
40
191
3
73
40
224
149
7
242
115
242
74
80
146
194
76
191
90
72
181
17
251
18
242
148
225
69
16
154
49
50
185
95
50
123
80
40
59
172
74
136
122
211
8
28
138
222
171
171
209
67
16
154
237
7
19
92
16
16
209
206
123
78
183
143
200
3
141
28
9
254
6
69
138
191
26
17
54
154
150
212
150
250
54
75
129
153
171
5
96
226
154
28
240
147
172
121
47
63
226
62
138
219
136
8
5
208
244
105
51
21
16
66
204
175
219
80
183
126
160
182
69
123
3
97
32
123
141
94
171
89
243
95
70
141
98
57
244
129
231
130
99
74
173
254
142
36
121
122
177
96
183
246
97
225
64
177
225
215
129
213
30
174
177
190
71
24
102
104
84
171
51
69
141
222
223
191
160
160
40
171
102
9
88
251
27
62
230
96
200
5
230
63
172
50
254
105
84
199
105
96
84
189
112
126
57
32
213
249
83
211
215
187
163
8
147
130
226
66
170
177
211
138
145
70
226
50
117
230
221
65
230
95
171
105
185
187
250
145
50
182
3
237
111
75
48
31
248
118
112
104
246
20
156
94
9
33
244
112
191
163
64
88
40
153
62
185
97
42
125
256
151
21
154
150
80
53
204
246
83
180
129
16
50
172
194
26
84
192
118
110
208
70
189
50
62
141
51
196
118
48
159
98
33
130
256
79
171
20
5
75
54
180
136
79
26
75
21
254
16
185
216
246
204
225
14
154
21
237
134
5
167
56
118
246
144
171
52
206
233
254
97
221
182
16
240
246
47
195
195
127
98
132
52
20
200
118
152
51
138
242
76
212
39
250
112
182
128
28
251
182
155
177
204
56
51
236
208
58
52
238
230
245
30
76
128
51
118
90
104
172
51
80
110
20
182
26
200
61
89
20
21
104
226
196
120
180
16
37
38
90
184
215
109
109
208
196
16
20
207
129
142
228
185
129
88
227
104
127
49
132
196
196
200
125
118
94
49
239
169
221
108
28
118
90
5
212
28
155
51
171
30
84
172
94
106
75
114
43
156
95
98
217
78
221
44
90
243
185
191
110
212
21
102
157
201
1
180
112
245
174
120
196
250
171
182
92
147
20
74
212
23
18
174
228
6
109
127
83
160
19
22
123
18
42
138
90
69
66
90
122
165
167
173
9
250
118
95
118
92
171
174
182
28
92
47
217
90
90
108
226
200
155
226
114
42
171
62
241
96
125
221
59
174
15
118
11
2
223
104
238
122
88
151
200
234
156
143
245
226
234
173
63
94
167
182
207
123
4
62
175
112
183
62
253
102
42
254
47
147
42
21
251
18
28
35
116
33
26
126
211
128
156
118
216
66
89
33
12
47
24
33
42
218
15
174
62
141
104
102
206
162
246
59
94
222
16
26
109
212
153
119
33
169
189
140
118
71
153
20
172
251
254
139
20
81
128
21
226
236
118
28
198
30
67
23
99
138
104
84
66
17
39
191
168
122
201
136
220
229
120
230
185
171
109
241
21
47
224
118
84
140
122
30
187
26
196
99
104
128
116
109
127
239
234
148
65
161
100
125
136
182
9
86
16
253
240
191
222
148
229
139
73
16
171
184
72
202
16
86
84
243
256
148
234
72
24
204
162
214
71
79
222
117
218
102
231
155
245
44
101
122
163
101
34
22
68
236
102
87
122
12
176
251
231
216
116
45
112
45
148
238
231
156
122
49
25
256
218
189
26
154
139
154
122
235
247
160
220
163
224
227
174
72
99
134
163
56
86
115
159
96
192
56
221
166
122
47
120
26
154
189
256
148
26
246
57
253
125
122
72
120
249
141
61
112
124
215
72
72
12
115
72
115
238
8
214
161
111
218
126
157
189
186
31
85
189
40
196
72
115
72
12
35
10
238
12
103
12
86
182
201
155
219
39
163
13
155
232
39
72
155
48
252
182
48
133
159
126
163
246
12
45
106
110
155
84
242
155
188
12
12
139
35
12
215
23
197
39
12
214
75
8
13
202
55
223
134
159
186
