127
127
127
212
212
127
127
212
212
37
176
146
84
136
146
61
172
37
174
94
63
63
136
95
135
176
117
127
146
186
102
63
199
89
29
32
146
146
73
129
199
205
28
136
219
13
144
144
150
71
205
88
141
141
33
92
88
32
117
33
199
89
146
150
129
144
59
199
36
83
136
122
150
150
150
36
206
77
88
250
194
53
174
18
76
147
39
50
17
131
203
182
203
129
243
160
199
128
182
102
212
147
146
214
182
208
160
28
160
182
136
128
245
174
141
70
165
120
83
89
93
92
208
179
212
160
78
43
5
100
256
182
56
206
78
78
43
3
61
211
229
43
241
128
226
175
120
245
119
212
192
245
104
173
100
64
83
173
216
83
245
212
28
60
43
92
216
95
96
154
53
210
19
211
92
92
9
234
211
165
212
43
56
233
131
176
81
128
120
49
147
184
131
100
218
24
179
73
45
192
135
93
61
9
195
92
217
1
20
174
216
158
247
178
226
63
74
66
198
235
247
187
67
192
129
178
192
246
147
137
157
245
122
247
235
95
192
97
193
94
68
165
187
126
182
192
60
233
198
66
37
225
1
122
60
117
43
195
94
174
33
33
174
94
60
200
195
178
52
134
70
227
171
192
56
32
117
226
100
59
139
135
73
82
20
192
9
60
157
225
39
250
192
192
104
216
223
33
63
97
135
187
249
78
59
47
245
69
179
87
60
135
191
122
188
223
39
135
70
207
244
255
233
226
222
100
250
118
253
226
108
58
182
46
254
217
114
237
178
158
171
100
109
102
14
124
58
58
244
187
181
128
92
31
24
233
40
229
53
195
94
184
187
198
231
91
217
60
6
233
114
100
24
61
233
207
63
135
33
60
94
97
141
118
233
217
117
239
100
181
182
182
194
100
117
47
122
79
54
49
174
167
122
154
221
194
233
14
39
154
135
3
117
117
60
119
74
229
167
187
38
68
84
93
47
92
61
124
109
24
130
117
65
109
118
1
47
117
60
122
109
218
233
9
60
166
33
11
245
245
180
222
61
235
233
100
45
245
255
69
179
168
245
47
78
174
199
61
109
9
167
174
135
241
1
227
1
100
37
68
167
212
100
18
138
173
117
91
226
100
168
156
174
233
168
211
167
139
152
140
132
132
46
120
187
222
4
167
210
198
14
233
187
63
5
49
72
245
37
165
223
241
6
167
4
54
9
118
138
173
198
100
63
247
187
247
122
192
223
168
37
38
219
24
5
246
244
252
73
60
188
119
191
243
66
198
60
122
180
100
60
233
84
33
244
14
60
116
77
66
66
244
233
233
60
217
68
100
173
198
125
142
66
83
246
71
100
145
31
135
241
167
245
187
145
94
243
181
1
167
123
193
156
198
25
128
180
174
30
60
24
28
83
100
24
212
212
9
100
167
245
167
233
122
243
53
253
172
122
198
176
100
135
198
154
217
239
155
198
78
227
145
122
171
172
135
30
14
135
198
147
241
20
17
101
122
94
192
180
135
23
141
45
100
176
70
246
82
96
142
14
254
17
164
253
158
147
198
248
155
231
20
30
67
198
193
74
30
241
198
157
96
28
30
69
141
141
226
233
122
245
20
82
224
53
17
135
247
74
43
157
17
226
13
20
53
83
206
52
82
40
78
1
82
5
138
141
198
53
15
2
37
144
49
193
226
117
30
60
195
154
141
20
