176
24
176
205
121
169
166
146
231
146
162
108
55
256
7
108
146
205
205
186
164
236
186
55
73
186
183
27
128
250
63
186
231
251
203
166
256
136
183
137
128
88
170
40
46
16
162
213
239
184
184
223
183
104
74
88
250
46
183
114
236
235
164
46
183
236
104
63
235
171
137
9
87
30
63
168
144
235
136
215
79
222
249
40
235
136
186
41
228
223
227
24
162
221
141
84
204
174
41
97
225
147
95
194
229
87
235
108
179
114
252
184
170
225
63
210
235
235
235
25
183
235
2
203
9
228
121
235
174
219
184
87
170
256
8
95
228
208
35
88
31
170
77
215
183
77
58
214
194
97
113
191
63
97
22
77
238
252
183
184
256
25
170
168
83
243
237
250
31
36
58
97
201
184
93
158
250
205
97
13
27
77
15
203
114
25
122
235
168
111
63
230
25
184
119
80
221
220
95
184
158
175
1
114
121
186
250
194
65
219
184
14
28
187
179
34
184
15
10
193
14
122
146
149
227
15
52
140
235
83
3
130
192
16
5
88
116
219
77
219
88
89
222
256
64
31
189
256
42
32
136
186
253
212
136
190
235
191
83
208
96
28
121
114
63
190
237
77
14
1
146
183
242
75
121
2
167
250
168
13
22
61
203
219
142
142
245
184
158
88
231
256
83
77
170
77
64
206
238
164
14
168
34
178
52
131
32
63
240
190
77
31
30
186
235
150
57
248
250
15
207
91
31
250
184
235
144
170
183
238
130
116
64
230
168
150
217
214
186
256
89
199
32
146
77
24
191
69
36
36
220
96
102
41
192
80
154
14
222
46
212
123
28
202
146
81
235
168
175
169
107
203
168
256
183
138
256
184
166
190
92
164
168
10
249
133
35
119
170
256
91
181
138
62
153
41
61
16
176
28
63
73
5
174
248
29
24
65
27
62
231
34
170
236
59
63
256
16
240
83
73
253
237
31
168
238
170
102
10
52
182
147
32
230
174
64
7
83
231
57
229
83
64
52
14
256
251
113
91
183
248
103
142
169
128
242
49
237
235
61
205
80
250
146
140
236
55
88
250
105
250
237
146
184
248
64
175
122
225
222
36
144
134
93
174
74
54
109
256
203
185
172
199
31
42
41
138
122
198
121
199
59
176
228
240
60
166
59
120
237
184
190
134
115
74
32
10
5
128
244
184
241
117
172
231
63
65
40
207
192
130
120
16
107
150
27
64
60
16
193
13
170
250
217
243
229
212
80
13
15
8
205
13
233
61
5
115
101
18
147
65
15
256
62
67
182
248
184
10
164
108
134
242
102
136
182
25
141
190
198
130
210
63
249
22
124
169
172
73
39
26
26
103
19
3
147
229
182
169
102
238
35
35
37
233
233
62
89
103
236
192
73
227
243
46
14
231
69
55
77
8
181
144
241
74
88
160
130
138
158
236
256
77
61
137
158
54
88
52
252
142
95
186
175
27
169
184
32
252
15
245
32
84
215
256
87
145
216
216
13
72
169
256
206
34
72
80
145
36
243
246
183
91
83
240
136
63
47
250
169
34
252
156
39
47
43
211
194
252
83
115
112
37
96
76
128
176
247
132
243
176
40
235
81
67
195
139
46
39
235
88
18
83
75
201
73
19
186
64
155
93
222
187
138
26
247
228
103
251
134
10
10
256
154
3
106
142
66
246
103
105
64
62
115
185
65
76
40
156
219
61
105
6
108
216
203
216
94
47
249
64
132
72
116
136
169
142
147
205
196
119
230
61
154
69
3
164
230
55
147
244
138
65
189
226
64
40
252
108
135
130
70
123
27
67
199
10
144
97
201
63
21
69
195
93
252
106
87
83
207
57
111
245
241
81
15
65
46
250
229
10
87
189
109
247
186
93
154
220
179
91
64
240
67
223
115
91
34
28
171
121
201
29
182
246
153
147
134
217
155
229
29
253
34
22
128
132
180
190
115
69
109
39
73
38
135
196
221
147
49
80
174
80
144
203
176
128
199
238
76
69
238
96
25
103
256
34
203
184
115
95
8
128
94
115
256
201
93
138
201
11
236
64
184
76
196
134
29
120
213
128
144
170
223
5
69
187
184
183
205
31
241
103
13
190
43
105
93
112
140
39
120
17
90
115
89
169
242
230
61
108
121
127
69
25
61
138
83
230
76
219
89
223
142
75
179
39
255
97
31
75
14
61
250
146
184
13
117
190
215
164
213
147
93
103
199
233
115
238
115
199
250
237
222
247
199
83
25
238
5
202
83
253
212
110
57
121
96
158
223
89
108
81
216
237
194
114
39
65
38
105
247
61
186
128
26
97
172
101
187
180
66
183
33
24
145
140
104
140
103
253
252
238
13
172
202
29
36
238
116
81
137
108
242
75
11
18
93
180
223
112
57
207
255
216
28
134
84
195
181
144
81
194
44
57
201
61
78
194
238
43
139
5
230
195
38
62
103
241
103
219
5
88
193
247
238
61
139
10
29
256
36
174
21
201
155
242
57
102
154
102
10
240
230
107
119
183
96
157
37
236
199
201
203
134
221
69
237
10
243
32
174
182
252
62
40
174
136
82
227
147
34
189
129
22
238
250
141
35
130
201
19
61
245
175
65
7
74
57
248
25
207
49
63
83
182
108
194
237
150
135
155
10
194
38
91
6
255
83
144
90
83
115
10
126
185
236
155
129
24
57
142
134
129
123
250
94
231
115
172
251
211
91
232
63
205
108
4
61
207
113
134
255
244
169
129
69
155
25
203
32
144
93
90
24
240
169
252
193
34
101
204
130
186
102
51
25
199
213
120
199
24
132
61
230
150
35
146
179
138
189
115
181
157
64
221
58
67
8
90
14
139
201
35
203
203
64
169
105
61
40
248
32
105
172
146
120
20
197
80
247
238
30
130
134
186
131
65
61
194
69
213
226
201
6
27
19
247
136
121
125
24
61
25
116
157
115
199
221
88
69
166
247
83
66
57
115
203
226
140
203
14
61
33
38
35
214
81
57
38
83
207
144
73
138
115
93
24
61
221
139
4
93
28
157
219
61
243
150
1
186
176
221
90
221
115
30
131
228
182
10
233
247
5
221
10
213
47
139
19
242
214
187
64
151
124
14
102
133
157
236
221
219
196
221
221
42
242
93
249
64
176
106
32
198
62
199
101
256
64
186
49
122
121
115
26
201
236
250
55
186
190
242
240
166
65
247
83
169
138
35
223
128
54
48
249
129
132
67
157
243
195
156
116
240
81
221
238
240
58
49
195
69
48
47
34
134
132
91
213
91
101
169
25
65
91
169
105
9
71
65
187
88
13
127
196
72
105
65
80
251
134
230
47
203
172
138
169
62
229
102
228
129
190
199
240
256
103
170
213
189
37
221
26
144
50
38
217
145
193
121
127
43
252
91
83
54
4
256
61
213
247
129
207
256
251
154
96
83
102
65
199
90
121
72
5
202
49
238
186
169
13
90
199
186
213
73
155
45
36
47
61
192
55
214
196
134
186
235
25
221
223
169
6
213
252
161
83
83
49
115
242
249
103
11
134
214
256
236
115
255
187
5
91
139
17
19
169
82
235
201
8
202
186
135
87
61
81
115
31
20
164
181
256
170
49
34
188
201
49
214
139
256
213
110
