253
253
111
253
220
5
138
58
162
138
181
144
22
168
138
220
111
36
138
229
250
250
96
181
123
123
253
71
138
141
121
121
141
150
65
37
250
96
250
182
138
182
121
58
144
191
150
75
121
182
110
28
7
54
58
113
3
58
22
181
231
192
59
7
106
149
28
21
75
253
3
28
206
192
141
206
206
181
192
217
138
150
111
15
250
59
111
245
129
36
5
1
245
181
92
118
250
13
92
242
237
221
138
136
75
103
59
46
111
231
205
51
75
243
75
50
250
182
90
184
90
64
10
90
7
109
46
69
136
206
50
165
191
90
206
59
181
245
150
160
75
205
250
92
14
58
123
63
56
21
65
206
15
127
159
220
111
68
221
87
92
206
81
114
147
75
181
33
174
187
47
51
81
109
178
219
206
61
64
49
144
191
36
46
208
245
126
245
160
21
75
90
248
58
149
58
17
63
223
109
191
111
206
181
170
58
21
10
250
74
184
113
205
212
245
46
231
200
171
239
181
190
109
245
59
144
126
37
46
74
165
64
49
63
15
92
33
229
191
28
195
98
11
154
36
92
106
245
126
17
18
81
221
205
14
114
201
154
92
189
191
104
154
138
126
199
155
18
171
67
66
78
46
229
59
59
74
40
58
126
61
147
129
123
168
188
61
79
58
76
135
75
111
113
37
231
239
128
154
34
136
182
167
74
234
126
209
245
59
172
37
174
141
239
126
111
28
63
1
129
83
81
129
46
229
37
67
75
12
92
136
248
71
34
59
134
24
144
96
129
61
245
188
28
88
182
181
144
10
71
90
241
248
84
162
24
205
58
191
144
253
126
46
24
165
18
59
122
113
206
132
83
28
205
160
128
138
21
65
147
101
123
114
182
222
209
4
19
167
245
191
191
103
36
154
154
108
245
1
29
206
1
141
126
113
89
98
167
211
113
181
4
229
215
108
144
41
83
41
24
67
54
238
246
92
1
16
206
24
231
171
92
121
18
107
61
24
243
10
76
154
98
100
168
114
65
192
251
90
231
85
147
191
251
29
142
37
248
118
24
168
19
4
188
107
168
225
40
171
68
182
165
225
138
107
183
156
129
58
154
151
113
253
65
245
88
246
201
245
154
166
240
144
231
168
201
147
55
253
75
98
229
118
206
83
119
187
205
219
208
24
130
154
26
83
20
5
239
91
198
151
97
168
208
28
4
185
8
219
139
25
182
76
102
203
119
40
58
63
114
55
83
229
15
150
217
28
73
8
8
126
212
8
51
245
67
25
208
246
128
141
245
69
32
67
203
245
16
66
187
144
17
225
198
154
154
154
63
127
183
97
18
135
182
246
126
212
92
253
83
66
129
61
92
83
85
113
111
41
229
21
194
16
187
169
127
156
184
231
171
80
191
121
233
229
208
249
195
150
231
65
21
24
165
246
109
222
83
46
61
116
231
42
184
81
215
24
52
42
203
110
79
169
146
186
59
175
78
229
97
6
199
170
11
11
244
35
96
7
231
46
37
109
256
123
61
164
150
97
208
6
194
239
36
8
249
136
165
36
244
105
144
175
17
156
174
111
250
229
25
8
66
144
118
249
198
35
16
37
160
144
17
85
25
219
6
245
184
139
144
147
177
181
203
116
139
231
46
222
177
141
223
128
237
47
245
61
4
61
207
144
46
13
61
248
144
154
126
95
46
75
85
244
144
184
227
105
225
117
150
16
146
88
246
17
165
83
152
125
144
201
147
217
63
61
24
31
150
131
172
33
243
221
231
21
184
83
93
146
5
91
98
1
36
141
67
46
231
24
231
83
36
81
185
18
187
251
239
36
110
93
59
107
27
229
228
46
154
24
46
34
199
176
79
83
144
3
52
16
231
64
90
78
67
231
198
181
130
172
7
3
78
65
61
176
150
40
83
217
186
90
142
10
97
194
191
8
121
21
220
229
176
132
166
237
46
24
46
154
27
92
224
1
28
20
34
154
181
93
18
21
18
115
245
109
18
144
98
32
6
90
182
13
185
67
83
175
32
21
198
122
158
59
6
108
147
54
176
24
4
167
141
19
8
117
16
144
11
126
170
33
191
222
13
88
108
164
33
250
24
225
122
208
222
228
8
108
80
32
88
181
21
15
221
24
59
141
171
168
87
233
137
20
220
199
190
231
34
141
10
185
251
151
204
251
122
100
98
187
144
150
89
242
172
40
231
83
146
28
251
21
141
128
195
154
79
23
53
217
171
208
158
192
67
107
237
248
147
249
21
194
242
23
66
250
244
245
251
115
127
117
219
211
5
126
117
97
53
190
84
151
135
119
239
91
68
117
218
125
181
111
63
203
203
83
35
117
222
92
11
247
172
216
221
185
253
243
91
227
246
64
160
191
171
93
76
13
37
167
34
83
20
241
191
16
154
152
181
179
123
46
237
242
1
167
29
94
3
250
122
63
132
235
28
21
83
100
205
40
108
122
16
63
88
122
186
6
49
182
196
34
24
59
109
183
123
154
78
214
135
144
170
185
171
19
195
85
58
118
118
21
194
109
192
24
98
222
251
21
28
220
94
81
98
79
150
37
154
34
181
54
24
141
181
185
119
92
102
22
114
136
13
217
221
103
192
205
185
11
105
186
92
8
184
27
93
164
211
122
105
1
238
117
53
103
21
135
75
28
197
255
61
124
151
238
141
108
178
208
165
231
205
69
22
94
34
34
248
40
122
188
63
31
245
253
74
230
170
123
105
141
92
122
221
87
216
1
20
229
241
146
172
37
49
180
156
227
166
106
39
55
189
94
182
98
29
32
11
83
67
111
236
219
149
119
21
189
225
187
79
162
83
73
225
165
136
83
200
147
180
227
236
37
141
90
21
122
21
185
26
21
52
34
141
92
150
185
251
188
154
227
24
125
118
8
131
167
238
58
14
171
94
196
87
45
166
96
247
154
100
36
188
31
143
230
160
132
92
36
167
58
255
189
240
167
169
97
231
250
154
221
17
174
247
201
118
75
200
230
242
236
174
17
38
207
230
178
250
80
192
254
119
205
135
20
170
139
170
208
252
117
118
18
88
121
88
67
83
92
17
44
96
256
125
206
17
185
188
199
191
125
128
92
20
189
68
49
28
57
223
189
186
60
246
228
136
65
252
38
64
64
21
169
240
193
172
76
16
35
10
203
167
37
145
246
21
217
227
234
111
188
245
39
4
136
61
108
75
142
139
35
222
25
97
91
109
146
2
36
217
153
136
171
192
79
141
255
5
91
217
147
245
67
164
179
167
242
139
248
79
169
147
188
189
222
66
149
88
193
237
14
94
220
151
205
81
17
17
4
49
24
54
145
93
186
92
250
26
44
3
117
67
203
92
224
8
170
37
6
29
118
85
12
130
14
106
125
78
244
181
188
169
129
87
63
196
3
21
59
119
239
218
144
227
199
245
191
203
29
58
31
88
147
47
233
44
236
120
101
75
250
93
217
154
92
49
125
64
238
227
26
18
118
245
171
8
25
40
119
49
147
198
253
15
183
227
58
20
58
18
147
164
98
188
207
144
217
180
109
69
151
67
83
185
250
245
252
251
76
130
89
190
190
59
181
53
24
86
19
145
10
92
96
25
226
203
246
64
131
10
117
171
135
49
86
106
66
187
169
14
26
49
194
220
120
156
128
61
204
35
79
37
190
108
206
217
81
230
35
155
149
158
125
195
238
119
228
76
10
67
87
128
24
207
236
95
43
198
10
192
120
64
237
181
155
93
54
20
199
119
123
19
164
147
155
198
14
93
227
185
171
123
96
252
253
151
8
3
76
231
246
15
193
76
123
182
18
121
81
189
127
141
66
171
6
63
83
169
35
86
198
27
82
169
125
88
18
146
170
128
96
75
185
86
110
125
247
87
96
252
75
78
221
32
145
123
11
119
247
110
181
130
117
92
121
171
105
83
37
235
172
211
219
92
36
110
33
227
78
173
170
128
128
196
245
198
168
252
235
188
238
37
242
47
138
88
252
249
141
14
206
138
138
8
250
131
35
96
87
43
17
97
179
248
185
19
8
5
78
253
19
232
44
188
11
111
135
22
226
205
238
22
110
157
6
79
199
169
59
100
134
183
53
13
168
8
144
196
223
63
64
189
187
227
167
88
238
88
123
198
89
183
175
185
251
50
81
156
164
146
249
223
42
140
81
92
21
252
83
187
203
64
172
128
14
196
58
125
45
228
120
169
253
113
87
103
140
168
212
222
111
16
64
164
120
198
135
253
43
43
9
203
114
27
88
249
110
190
184
4
46
4
50
10
25
61
153
225
1
17
32
88
220
40
65
92
236
83
142
158
77
69
26
88
97
111
151
34
37
158
43
171
35
74
4
183
246
243
49
124
111
63
19
120
105
8
69
130
67
241
219
8
4
252
214
37
252
169
19
193
95
180
114
238
175
97
21
175
146
35
166
118
187
53
219
44
14
46
68
203
108
66
180
88
37
208
238
95
4
20
228
157
228
64
107
88
255
8
6
21
184
20
214
16
160
203
248
32
201
66
83
158
47
121
240
130
65
54
121
198
238
240
141
248
228
79
255
224
49
35
223
235
8
205
92
65
247
65
160
250
2
66
78
88
16
108
43
169
4
252
24
228
253
35
113
31
228
19
55
253
101
43
60
255
170
236
32
179
220
214
103
211
246
195
124
43
25
31
241
175
146
37
22
96
246
4
233
256
238
68
108
129
236
88
88
185
173
88
194
34
56
170
252
73
237
215
235
16
4
230
94
222
137
32
248
238
190
55
19
162
129
78
43
176
180
116
170
256
4
97
46
179
84
230
40
236
237
43
87
104
24
146
61
189
221
88
91
223
89
135
66
175
246
221
252
208
139
94
35
205
164
64
31
105
243
151
164
81
236
178
148
238
76
230
231
175
166
37
246
91
88
35
88
226
201
49
201
169
8
78
136
96
134
44
