111
242
90
252
129
177
177
216
129
177
106
114
134
129
129
129
12
216
177
126
129
181
129
12
102
181
204
106
146
97
106
177
222
204
146
177
145
90
3
222
54
145
97
24
208
134
101
123
54
51
212
250
102
192
146
96
208
92
3
106
144
195
51
123
15
137
54
16
250
107
204
205
227
251
165
93
180
107
35
79
119
89
95
203
38
34
38
113
160
138
250
198
76
76
96
119
150
168
34
107
256
34
114
138
38
96
20
138
93
183
19
92
176
131
95
256
198
40
119
67
6
3
249
110
67
40
36
107
106
249
10
212
127
137
36
149
219
96
226
86
47
85
87
34
96
170
94
79
90
16
28
126
105
251
220
40
126
19
147
19
105
147
123
186
29
254
153
177
101
86
239
109
112
4
116
137
175
138
254
239
183
229
28
16
52
28
123
123
34
50
19
186
33
91
31
98
94
28
200
126
134
10
36
170
90
251
98
139
230
195
90
104
88
109
107
115
19
126
254
120
6
239
19
79
251
24
154
252
240
248
126
137
147
19
57
65
131
254
145
79
58
126
139
129
195
105
129
96
153
107
79
123
86
123
204
98
126
127
66
104
105
142
129
145
163
107
109
123
123
235
78
151
144
79
100
116
212
253
128
254
123
105
46
151
182
146
152
200
220
235
8
183
131
104
97
99
241
166
19
37
168
200
254
139
154
151
56
132
65
171
107
250
34
151
34
50
63
156
119
79
71
140
193
119
241
46
65
126
25
109
123
107
134
78
8
193
6
209
28
222
71
163
241
71
236
58
105
71
240
98
33
103
182
92
161
237
92
57
75
123
243
57
143
210
132
177
156
118
115
129
132
137
14
156
241
3
230
203
219
227
60
181
171
14
65
10
227
19
120
197
125
167
17
182
188
107
66
176
121
74
53
50
64
111
60
3
75
241
195
220
217
14
153
154
40
114
215
156
54
24
60
220
181
182
227
82
75
8
227
154
171
46
70
95
123
176
114
19
75
153
75
50
60
181
215
245
129
253
182
165
154
49
253
208
251
129
131
115
98
116
19
181
193
215
153
107
97
97
196
132
135
114
208
160
120
208
145
181
62
59
122
149
226
98
145
245
145
254
114
59
137
182
32
205
242
123
181
182
114
131
165
171
195
205
200
189
123
135
228
97
215
62
251
156
92
180
160
165
38
137
105
183
112
92
105
189
97
132
110
105
114
95
137
149
181
137
224
238
189
242
105
59
153
242
54
32
10
183
50
70
183
16
240
137
97
54
40
105
131
95
32
178
242
200
183
43
182
54
105
112
205
181
184
54
242
222
43
132
134
147
233
54
241
16
183
54
181
122
16
178
92
181
123
95
175
183
70
132
181
40
129
219
233
220
171
137
62
105
73
220
241
123
181
95
242
182
183
64
241
137
219
149
245
181
115
17
183
137
242
76
76
70
16
16
108
183
241
117
110
224
8
79
114
123
167
114
108
60
29
254
115
171
233
123
43
5
148
205
54
153
47
229
245
192
175
148
241
58
132
43
16
19
201
227
6
198
204
241
106
106
171
24
78
2
3
139
3
60
149
3
139
12
178
148
151
241
173
227
152
16
110
38
210
63
172
112
139
241
182
219
98
38
207
141
200
124
167
57
123
37
141
229
37
210
108
141
241
70
144
218
30
24
187
168
70
141
147
37
147
171
173
173
137
207
141
97
58
12
210
137
46
124
40
61
6
147
231
210
182
231
116
122
152
37
116
171
37
205
15
141
14
190
227
58
168
109
122
38
37
167
147
116
70
24
171
122
122
125
165
101
141
244
172
36
65
40
58
137
12
147
116
31
227
136
122
63
189
48
141
24
101
119
101
14
141
