46
166
145
59
187
187
51
136
51
187
106
192
178
181
5
182
12
248
56
67
182
181
208
134
29
27
145
75
187
109
162
106
5
134
172
38
154
164
208
249
13
222
145
183
96
75
240
17
222
12
189
32
32
138
38
136
90
90
38
154
79
181
238
76
30
29
30
123
172
54
178
105
132
211
128
123
40
71
248
17
3
123
201
252
240
12
238
145
114
106
54
106
127
10
202
204
63
168
149
105
187
97
14
10
75
252
27
63
3
192
3
163
32
13
12
14
201
76
32
184
30
184
134
228
116
73
168
80
106
219
139
14
15
238
90
219
12
189
79
79
164
14
204
175
184
42
86
147
38
10
236
183
54
69
116
59
235
30
88
187
230
76
183
75
17
235
238
16
105
235
235
187
252
187
54
64
219
130
238
230
63
189
192
236
96
214
226
138
137
88
32
8
42
237
187
189
219
235
138
8
30
235
187
145
86
106
129
86
14
114
44
181
235
52
139
85
194
15
222
115
41
134
70
168
15
44
108
145
130
111
123
106
237
183
170
88
64
100
134
2
190
49
64
116
222
116
70
114
129
184
168
114
35
192
183
250
183
10
115
15
104
29
177
76
114
38
52
111
111
2
2
201
110
100
28
13
161
150
22
242
22
27
39
97
129
123
88
10
189
220
228
192
81
38
65
27
189
150
159
52
63
240
238
69
236
54
242
219
49
97
154
22
183
63
114
93
248
14
136
228
220
126
63
178
206
77
248
158
187
14
235
158
70
66
15
196
52
22
132
79
215
96
65
157
204
116
97
55
171
34
111
76
62
145
111
97
50
14
169
27
204
222
114
117
250
19
140
196
212
230
219
111
158
123
220
115
123
100
181
26
64
222
77
138
14
37
177
127
138
115
154
237
106
97
100
136
220
235
220
33
69
106
11
116
228
202
62
38
133
171
231
11
219
144
75
9
237
132
63
41
123
95
210
206
138
211
252
24
237
13
116
63
228
184
178
131
55
90
245
219
158
230
249
211
110
46
228
222
14
2
171
135
10
90
237
192
111
100
168
88
235
97
105
114
167
129
171
134
31
149
10
57
101
123
34
242
193
100
203
57
94
12
108
84
38
85
39
182
154
64
88
149
242
184
9
130
172
56
171
240
129
168
11
187
105
77
64
190
171
110
50
64
206
252
149
38
95
96
201
112
79
70
95
62
184
110
131
174
177
106
70
81
111
136
11
222
104
202
56
250
116
149
79
192
37
228
135
27
94
2
86
69
9
192
163
135
7
38
171
174
211
192
192
131
6
64
111
116
207
79
14
158
149
105
11
153
230
216
196
38
46
214
37
135
84
149
6
133
11
85
63
111
129
77
230
11
79
207
189
137
106
220
29
52
210
236
14
14
140
220
192
38
136
172
237
149
184
192
100
105
10
205
160
69
88
181
207
253
189
187
131
235
131
123
34
131
184
240
10
114
137
12
131
10
60
177
69
79
106
171
59
111
180
248
171
214
184
189
10
43
62
79
11
131
55
140
123
240
96
192
86
79
9
98
97
69
85
145
182
97
103
111
14
44
133
69
11
208
211
84
112
211
9
149
218
149
174
63
14
149
130
189
84
111
207
60
2
62
79
120
134
184
84
135
11
134
13
150
164
192
74
129
98
135
128
105
228
184
133
145
189
250
57
106
69
250
29
187
34
230
49
192
23
110
149
47
112
29
220
112
145
207
53
235
210
230
220
124
181
226
135
237
83
137
14
39
10
137
250
13
9
37
41
184
39
184
149
139
220
135
84
120
199
168
112
67
11
172
108
54
109
93
49
23
79
129
14
139
69
77
132
106
64
135
236
38
218
212
11
11
196
74
30
139
217
129
87
181
178
60
137
9
189
166
67
145
235
124
176
196
146
130
156
166
187
228
49
231
166
13
161
84
86
124
218
233
226
226
189
176
209
112
67
159
109
2
207
102
221
69
111
79
172
216
70
235
207
66
251
10
2
149
242
14
231
237
99
161
79
109
70
185
235
56
235
228
9
168
81
124
135
222
60
56
121
153
134
7
242
218
99
150
237
8
9
158
63
102
29
216
56
135
18
189
184
8
9
176
94
43
178
100
79
235
150
44
231
235
63
127
249
106
195
44
127
178
123
100
63
99
94
112
217
144
207
140
49
94
164
50
61
79
218
56
8
218
123
235
137
196
56
187
217
232
60
174
44
52
217
133
144
10
207
104
242
33
187
237
207
235
56
203
207
227
174
94
211
213
29
11
223
75
237
150
29
218
249
207
104
140
197
15
94
17
171
150
123
207
212
53
150
230
207
76
172
205
64
14
21
133
104
155
123
9
94
250
250
9
79
108
50
205
158
137
176
207
44
64
212
75
61
199
147
232
210
157
242
63
43
77
133
231
55
63
73
212
111
90
112
70
184
26
207
207
66
91
32
133
204
64
60
15
9
124
11
147
69
226
121
94
243
116
133
256
218
232
213
232
150
211
43
148
35
133
120
86
232
168
203
66
26
133
232
103
49
43
61
104
106
247
228
122
106
226
126
150
104
26
39
212
10
103
79
176
198
84
99
26
111
26
210
56
216
