47
36
67
112
47
112
67
136
29
39
29
73
95
66
66
146
214
107
164
59
230
204
204
8
108
42
80
32
256
42
8
67
29
62
150
168
237
150
176
21
59
59
186
27
8
60
146
67
27
21
80
162
95
35
21
42
243
165
29
165
183
31
88
176
21
176
31
225
167
31
176
84
106
183
212
140
150
153
220
191
166
26
84
186
205
66
202
176
169
121
52
52
239
82
84
194
84
185
52
75
52
16
162
64
186
231
180
125
243
162
52
112
249
97
256
40
195
176
237
12
7
112
220
84
237
216
196
83
80
150
251
231
31
17
56
231
127
121
211
191
253
42
209
256
60
107
52
92
84
84
256
191
237
56
189
189
162
55
220
231
40
86
27
230
27
86
87
31
97
59
42
180
3
220
60
231
59
146
42
106
202
194
160
36
138
84
169
108
31
103
25
138
253
31
202
176
98
20
206
230
143
74
138
166
14
21
128
232
102
80
241
176
100
26
202
121
114
256
115
253
36
150
209
34
14
127
166
37
70
7
7
2
186
42
162
14
60
31
209
25
79
12
209
244
199
114
127
195
166
256
17
24
169
87
16
231
151
212
78
182
59
94
80
82
121
20
236
12
42
25
7
7
162
135
153
183
153
11
237
229
209
220
102
186
150
169
42
62
14
42
231
60
115
52
220
256
42
140
237
94
153
101
209
256
81
136
202
21
32
186
67
242
36
63
99
2
184
172
242
114
202
229
101
59
7
11
144
176
239
25
42
25
84
91
129
63
176
256
186
231
176
136
200
75
223
183
136
195
208
130
223
102
36
160
108
98
136
31
256
31
249
253
166
223
215
63
137
120
151
117
166
75
63
138
164
129
191
219
153
7
138
229
63
27
203
189
226
60
36
84
44
135
31
31
136
186
194
203
42
231
25
140
27
8
38
215
42
202
256
123
180
215
131
230
111
231
61
110
121
23
60
144
167
151
5
82
60
126
60
50
87
65
27
186
31
60
185
79
35
183
115
108
151
126
155
65
215
63
185
109
253
73
119
81
60
185
77
223
112
31
7
160
27
65
194
229
169
19
168
240
160
195
230
210
8
223
73
62
167
245
186
231
136
253
98
240
199
250
251
4
214
186
31
91
160
194
155
160
59
41
82
13
21
6
67
157
251
8
231
196
84
127
162
248
160
168
42
60
179
249
196
231
49
1
225
108
160
35
50
119
120
214
58
160
29
42
162
55
205
37
161
59
183
91
206
95
86
41
135
246
225
195
121
191
23
117
157
115
27
97
256
97
154
216
129
74
42
1
49
225
161
33
230
120
42
248
198
31
7
250
222
213
231
248
197
3
3
84
202
125
245
135
55
65
253
32
253
109
120
42
237
129
108
3
213
221
196
237
58
8
8
146
100
221
170
97
115
84
38
214
240
206
238
234
206
87
245
209
119
28
73
191
197
225
79
3
87
245
76
18
248
234
216
25
33
256
165
155
23
213
31
237
215
97
60
53
215
82
58
72
73
57
162
160
9
164
179
128
62
71
35
210
63
53
81
243
1
76
168
244
181
249
104
60
97
110
99
152
199
100
231
153
63
243
153
222
13
222
202
36
14
113
223
123
115
28
90
234
19
74
245
33
67
48
16
140
51
255
121
121
132
122
123
108
13
217
181
199
125
53
205
132
119
101
33
204
245
53
237
8
4
140
95
140
214
34
107
175
46
253
140
96
2
114
80
104
32
49
13
8
99
7
213
81
125
49
30
152
60
31
136
49
35
94
241
138
209
53
91
34
2
156
17
129
204
13
121
120
94
249
121
203
37
121
156
144
136
161
30
147
229
251
24
120
230
36
125
119
73
185
231
107
240
122
95
49
199
203
25
246
131
84
1
160
20
157
173
198
103
193
182
67
7
237
225
46
33
112
207
213
29
211
225
49
47
152
54
232
35
161
33
29
17
256
39
225
121
79
62
112
65
37
243
245
43
121
65
79
211
50
79
246
254
42
230
79
125
102
222
173
114
33
201
20
178
79
47
86
249
218
243
7
86
187
29
152
246
47
47
185
142
222
48
26
247
55
46
30
114
24
224
128
49
231
30
233
178
55
59
53
79
178
225
182
122
108
217
109
72
59
239
251
215
2
81
218
242
102
74
209
118
49
237
224
14
55
64
254
128
88
77
142
135
230
122
156
124
122
118
48
217
142
246
92
229
163
30
64
191
24
135
198
116
251
232
224
2
192
200
163
112
97
185
235
75
94
185
100
139
19
54
171
89
200
89
245
213
24
234
226
120
50
53
60
250
116
161
1
223
217
152
193
19
226
161
168
53
116
142
49
245
222
235
9
173
96
53
222
133
78
30
132
89
250
163
196
4
2
142
191
199
42
222
142
200
217
176
200
4
78
234
116
168
191
200
8
197
30
233
63
63
168
62
218
67
176
133
158
212
63
205
65
234
232
200
218
4
96
36
192
168
168
142
234
49
132
213
161
255
193
249
248
254
185
192
168
152
