106
8
222
95
76
175
95
95
91
91
109
238
31
174
105
241
106
106
3
57
75
57
84
109
57
174
134
222
57
162
54
105
71
174
138
192
177
57
172
181
145
29
54
38
193
29
118
216
75
241
138
220
230
193
83
207
174
95
220
114
223
150
37
118
71
176
5
192
172
88
136
252
181
174
176
176
114
114
120
25
159
78
186
143
204
253
138
150
248
6
248
222
143
120
50
77
243
109
128
240
2
10
162
6
120
138
89
192
128
110
70
151
47
125
3
184
229
20
253
75
52
215
193
176
106
238
169
131
162
50
246
196
242
180
123
145
121
75
62
102
127
75
190
120
64
209
163
216
120
221
83
250
138
13
178
222
70
75
111
10
184
115
43
136
115
122
122
230
250
248
27
180
85
136
172
182
162
22
243
164
40
219
184
163
174
120
176
66
24
190
135
65
82
79
79
170
109
128
104
116
169
64
136
182
131
32
29
252
67
201
29
20
206
163
32
204
154
201
170
193
106
236
13
82
223
182
131
180
242
52
235
138
60
170
237
127
70
67
184
10
73
150
122
133
14
131
85
10
65
72
236
133
206
145
207
219
216
238
62
235
201
201
225
129
114
66
15
79
109
103
252
129
72
198
238
162
252
52
154
147
78
250
248
182
140
17
14
52
117
101
53
255
57
47
170
238
175
70
245
105
84
163
179
201
236
182
47
240
114
15
143
178
170
115
111
233
236
34
140
170
54
184
42
16
199
52
239
256
63
70
186
29
139
12
133
163
91
28
134
62
5
182
102
65
253
201
2
169
34
25
79
97
57
17
73
75
123
193
203
67
14
103
131
42
64
154
52
121
56
18
5
43
238
222
252
14
9
53
243
18
20
223
84
75
253
33
111
237
143
242
104
186
120
186
63
192
133
149
192
136
85
189
154
184
238
85
248
77
12
196
63
128
201
248
109
170
4
150
163
236
89
117
162
168
52
135
223
32
125
238
62
145
81
8
37
169
209
97
215
223
52
46
85
170
133
96
201
103
235
252
203
154
143
42
154
16
115
64
145
104
168
77
206
245
139
73
196
206
153
248
41
54
42
67
189
31
35
128
77
116
19
202
230
90
46
18
70
201
147
104
186
63
73
104
114
165
3
57
179
203
83
88
7
70
201
243
52
182
114
122
55
147
130
12
82
81
256
38
201
201
94
184
35
122
82
108
156
33
248
35
174
5
153
230
13
104
242
219
88
239
242
35
237
172
184
240
201
64
201
35
99
82
241
168
76
137
131
123
256
168
57
64
243
106
85
249
120
206
256
170
256
110
55
256
256
21
238
25
169
44
36
156
201
145
210
201
125
237
62
101
201
248
207
14
121
163
166
77
162
237
25
13
199
238
201
85
95
25
221
142
199
137
27
134
83
236
90
201
252
35
85
72
153
92
202
37
237
138
10
222
131
171
134
168
44
12
127
64
238
67
82
121
235
13
18
111
132
35
136
96
93
5
91
169
54
187
220
137
248
63
116
52
228
256
201
236
88
106
184
35
248
45
198
101
14
115
156
73
150
77
64
91
141
11
34
156
238
90
131
122
196
21
156
11
170
61
198
201
82
122
169
82
52
253
57
203
136
134
120
202
178
8
227
201
70
82
236
73
35
36
157
18
174
149
237
69
11
74
222
89
201
110
10
170
136
169
186
242
77
237
70
116
15
190
240
170
174
52
169
242
141
103
147
190
67
214
233
153
153
156
137
174
148
9
187
190
14
15
248
114
72
11
238
18
154
174
106
252
73
57
170
236
169
189
201
128
19
201
170
86
25
45
117
240
256
52
9
74
164
84
83
11
190
237
131
199
20
63
50
178
178
212
201
169
137
50
64
31
32
147
63
196
129
136
201
235
165
15
72
35
90
159
35
4
36
114
172
168
174
15
103
116
219
251
77
252
123
66
109
91
35
91
9
189
77
201
26
252
35
252
137
123
86
61
108
178
66
108
137
62
235
220
140
9
20
235
238
97
187
236
170
120
183
245
87
10
31
9
66
35
215
114
32
53
15
53
64
35
30
94
245
159
123
217
140
186
80
30
89
166
2
48
158
70
236
201
201
30
145
35
118
127
185
204
10
184
9
131
35
127
93
236
32
240
240
83
162
214
32
186
102
243
177
154
175
235
170
89
169
153
37
30
178
143
91
147
248
162
3
134
106
117
170
115
133
169
72
85
109
62
121
93
85
131
238
82
128
91
101
202
3
196
85
170
2
83
134
117
108
70
70
34
234
85
34
64
103
45
170
170
79
201
141
39
201
61
99
170
85
169
194
215
128
220
203
221
124
90
43
169
209
238
202
24
9
63
64
235
250
94
139
68
201
70
69
44
134
168
132
50
170
29
64
3
42
83
50
256
184
159
116
214
115
10
201
139
221
64
43
252
209
121
137
26
134
14
77
230
201
242
72
216
245
91
238
207
219
169
123
219
29
199
252
82
10
158
25
1
196
248
96
247
182
248
137
15
238
240
184
35
170
158
134
69
237
77
99
57
92
35
153
84
168
238
121
78
169
186
139
190
102
247
117
76
175
146
76
17
230
198
215
133
201
24
147
148
195
206
99
107
216
27
188
82
41
167
35
27
166
181
61
84
170
107
77
174
88
38
251
201
103
9
248
140
61
99
26
39
102
84
94
65
217
172
243
212
10
10
6
121
187
65
78
17
35
138
236
237
164
174
77
197
91
158
226
5
133
87
220
216
72
172
63
123
154
215
193
128
236
215
252
167
252
149
25
236
55
192
235
31
131
168
253
83
166
25
94
39
220
169
184
231
238
194
85
34
73
124
256
158
228
235
207
21
96
45
121
199
94
193
197
134
30
139
247
61
48
147
133
120
5
93
213
82
139
134
63
4
174
78
64
85
139
240
226
133
42
169
236
66
220
133
149
187
63
202
61
126
87
163
116
243
91
209
107
69
147
73
25
163
53
203
134
236
34
240
187
103
35
94
242
220
110
28
70
10
242
127
26
94
226
139
124
79
196
117
25
73
107
196
106
193
67
21
99
242
34
15
84
190
63
138
112
73
201
70
219
120
25
220
71
157
175
201
247
43
122
240
47
30
201
213
86
99
43
26
91
46
238
38
67
190
14
216
240
97
56
45
83
123
195
247
237
165
248
104
122
202
169
6
26
201
82
237
201
72
169
228
201
85
137
193
236
159
189
49
61
217
91
119
170
61
10
228
256
111
186
35
186
29
58
35
226
85
34
252
25
141
172
31
114
188
92
238
57
27
180
195
204
210
149
96
90
166
106
196
43
159
52
149
72
44
88
25
105
25
110
136
69
10
190
61
39
212
170
132
249
53
171
248
133
186
238
106
127
25
72
237
53
70
185
44
6
218
92
238
116
102
256
226
256
201
242
215
201
169
26
156
44
25
10
230
187
221
91
255
200
182
82
35
99
72
31
85
26
216
240
104
196
220
236
212
131
99
203
64
124
168
147
82
141
137
121
94
155
252
40
43
245
207
140
86
108
21
215
77
9
189
211
168
14
86
64
24
238
48
238
199
47
216
12
190
127
134
176
163
46
57
245
252
196
124
207
23
152
107
236
99
85
89
193
245
102
201
173
216
139
238
25
25
72
47
215
48
246
202
149
9
48
202
9
238
249
21
39
207
214
64
139
11
23
243
146
127
123
37
26
254
148
212
235
72
35
43
111
140
120
79
252
45
32
219
14
237
180
190
121
214
228
158
178
86
10
32
245
247
65
127
237
190
10
35
188
26
40
170
114
121
62
41
253
168
242
119
183
50
78
35
140
136
10
34
201
116
6
149
69
32
86
165
27
228
243
77
159
124
202
53
168
219
85
69
197
215
215
26
85
6
139
104
127
88
105
218
62
218
216
164
226
240
238
201
85
91
95
161
223
209
174
107
96
157
256
12
91
196
228
252
169
240
139
104
232
85
224
205
32
238
169
17
170
45
196
145
179
158
88
120
157
82
45
76
94
247
180
85
66
34
52
35
124
197
201
112
77
48
200
228
72
133
158
92
256
157
65
141
255
82
90
48
129
140
25
215
93
245
4
168
224
126
62
148
215
215
139
196
255
211
188
170
31
134
201
232
183
99
57
76
73
67
27
66
2
154
215
238
66
163
246
215
158
169
145
240
6
169
84
23
148
163
64
19
227
217
85
124
163
141
235
248
106
30
40
126
53
168
34
157
114
140
124
19
253
9
23
49
158
25
157
167
141
4
253
235
53
38
6
133
115
5
15
193
230
247
147
167
90
35
127
197
133
198
45
137
170
232
256
77
232
201
48
119
185
127
215
219
158
41
2
120
242
57
11
139
224
210
148
85
19
232
2
78
11
36
64
26
83
18
23
93
9
48
159
51
38
201
124
180
133
232
240
174
82
168
67
86
61
188
51
85
198
241
69
101
256
35
20
170
168
133
178
149
14
74
48
133
188
200
249
113
105
174
158
190
151
107
163
47
15
206
94
193
92
218
216
70
179
174
126
120
92
40
106
149
45
22
116
21
168
13
75
30
103
57
157
63
61
201
45
52
60
43
201
57
76
34
124
160
214
73
62
6
91
215
152
193
132
174
255
226
131
185
72
45
55
104
83
44
254
68
160
190
201
179
219
15
2
139
82
230
160
104
238
3
46
190
43
91
94
141
45
159
124
46
255
246
35
76
215
23
168
48
6
96
6
215
207
46
193
152
61
10
149
78
159
247
57
124
47
159
247
85
9
228
68
193
93
228
104
22
119
159
157
237
9
233
189
82
157
104
255
38
210
115
229
21
235
255
255
238
237
169
33
91
235
22
207
133
150
74
196
124
64
228
53
98
197
48
9
4
19
240
134
31
228
24
141
9
232
237
156
216
24
15
152
168
63
64
153
155
227
253
62
148
238
238
104
168
210
201
226
93
96
227
148
113
53
133
15
210
133
55
229
163
227
26
28
174
48
188
108
129
124
48
252
159
66
92
159
201
156
63
35
53
157
252
171
26
201
201
148
24
247
256
210
45
86
157
61
192
85
68
147
96
215
48
54
120
135
64
236
237
226
232
63
226
72
35
48
201
95
178
133
198
207
108
232
5
149
64
6
23
22
48
146
230
236
179
35
188
9
207
247
160
103
103
190
22
232
226
45
152
149
148
247
45
164
15
82
124
147
227
108
35
164
125
124
53
91
202
63
238
192
141
256
161
23
55
238
249
147
161
248
234
86
134
215
69
111
82
187
252
113
115
247
4
184
178
88
157
189
111
227
13
188
244
43
157
188
63
202
215
77
9
48
9
193
255
147
179
207
25
249
216
159
35
82
82
