211
177
177
96
177
129
243
177
128
54
129
177
54
67
54
54
126
177
128
54
123
177
54
5
54
172
108
126
112
126
126
51
160
200
35
67
112
239
126
160
156
156
126
113
51
85
177
51
251
177
8
172
69
249
54
177
251
249
167
51
184
239
17
184
85
142
251
178
108
177
69
51
51
177
112
177
156
118
231
208
129
239
51
195
14
178
156
18
208
123
90
6
90
81
160
90
231
212
241
241
196
51
87
162
225
164
123
129
184
90
63
231
146
130
225
209
97
231
209
35
51
253
253
123
177
97
24
194
138
104
241
105
123
123
97
160
202
51
83
218
87
160
94
71
7
129
174
66
199
90
251
209
128
208
9
98
230
94
87
51
105
97
123
104
188
130
123
209
160
36
253
250
51
119
123
66
24
94
87
99
143
87
123
143
156
54
179
126
51
123
165
141
54
162
143
28
69
165
51
165
36
174
250
104
104
118
51
75
98
123
189
51
123
143
123
221
118
190
51
3
160
244
206
94
165
175
51
118
225
94
90
225
104
76
175
143
150
207
160
105
16
160
244
19
105
160
174
51
143
140
118
128
198
118
118
32
183
165
206
175
190
244
80
250
8
129
160
114
162
155
112
123
90
114
90
8
71
177
241
225
183
90
90
87
128
220
126
30
173
98
229
36
104
94
191
177
174
177
5
18
91
90
46
199
245
98
94
234
143
123
19
8
191
143
113
237
83
191
155
21
16
216
177
165
251
89
222
90
143
177
9
30
95
64
165
10
46
143
143
246
12
173
242
227
71
19
81
123
126
165
123
229
209
95
90
206
90
222
191
112
90
51
49
90
116
107
93
126
98
34
5
131
9
209
96
64
17
143
253
51
141
90
3
90
181
71
7
82
104
71
90
7
88
54
78
147
54
160
107
175
71
185
54
208
34
90
18
98
90
222
160
208
168
19
177
239
156
83
71
34
175
113
95
39
151
39
113
176
225
206
64
225
51
127
151
253
85
209
160
64
160
138
68
19
175
249
173
55
127
90
84
6
112
90
231
92
83
34
153
18
102
109
184
107
209
209
239
225
118
200
51
204
85
165
83
175
160
254
36
209
153
200
126
12
87
67
209
6
99
15
113
47
64
172
200
90
208
116
90
36
113
245
208
228
223
98
172
254
12
71
162
173
37
189
22
61
118
105
5
98
199
98
212
8
98
90
84
126
16
105
160
148
8
197
8
197
246
178
112
87
172
136
105
3
47
93
86
64
9
98
5
90
123
197
205
168
207
66
246
197
149
3
173
34
47
149
113
4
84
4
41
237
240
143
105
109
224
36
219
105
136
173
208
250
109
90
98
148
255
250
78
64
48
37
99
22
219
105
84
143
172
148
108
243
219
113
148
121
34
105
148
145
71
149
53
98
250
17
8
151
8
172
143
17
109
28
239
129
250
151
152
213
133
188
145
209
151
254
9
41
213
240
200
109
34
231
132
112
133
143
155
37
4
37
154
191
126
88
91
126
142
190
81
231
118
133
157
92
171
228
250
175
98
113
190
171
255
256
254
35
152
28
170
231
173
65
148
142
204
118
200
171
85
38
204
171
216
200
106
112
92
224
78
4
195
133
200
109
177
215
110
200
188
215
171
60
41
9
254
224
170
244
36
16
230
255
214
112
143
136
254
94
185
144
171
254
75
252
95
181
234
184
92
163
254
21
234
175
235
38
30
144
88
254
180
165
60
9
249
44
192
188
213
184
15
15
113
193
230
254
158
158
249
254
254
144
4
164
200
188
