59
40
55
97
7
7
97
182
136
209
236
95
97
162
40
71
59
208
40
162
121
250
240
236
146
59
162
7
240
42
146
7
55
80
128
162
146
191
59
81
191
166
81
135
162
191
143
231
256
182
115
14
143
36
210
32
191
97
191
204
162
29
107
164
97
97
97
97
231
36
123
199
95
160
253
204
97
89
21
21
59
89
73
249
191
185
98
115
191
151
59
101
209
121
97
130
98
74
208
35
191
80
236
217
121
98
211
162
21
164
42
66
150
176
98
191
123
32
208
98
73
121
191
121
66
151
209
238
203
25
88
252
200
184
150
256
58
191
159
194
98
164
204
91
164
29
143
98
81
211
203
87
146
170
135
29
59
162
21
160
211
160
157
151
54
135
138
130
146
256
166
25
1
252
27
107
21
150
162
84
93
84
3
68
54
52
208
17
165
174
237
146
194
235
94
39
127
61
87
28
231
62
110
256
36
54
66
11
143
28
135
66
89
93
146
121
80
25
146
203
210
252
191
127
128
130
252
95
209
27
113
59
89
223
230
58
169
135
195
162
98
136
252
253
225
164
194
71
36
164
154
174
87
95
245
127
146
117
80
135
209
162
154
77
238
62
209
117
222
98
223
99
77
150
27
203
253
28
150
87
166
40
20
91
162
214
77
109
132
254
103
252
225
130
113
89
136
77
127
230
94
139
77
40
123
14
25
29
182
109
21
225
74
177
92
118
70
39
95
73
117
253
136
14
254
120
175
87
166
254
31
59
223
41
140
243
29
118
252
130
113
59
87
256
123
222
256
253
136
58
175
123
254
49
162
75
231
225
195
89
93
166
80
29
5
67
8
68
180
72
208
100
136
146
208
204
175
6
116
240
160
42
162
90
228
87
109
174
80
218
209
150
195
118
180
222
209
184
50
112
190
165
136
202
94
233
62
206
217
96
96
209
177
41
80
171
51
80
54
209
182
208
110
184
36
162
124
208
123
176
65
55
146
139
84
40
135
218
84
25
200
216
172
190
89
139
67
144
127
121
152
40
177
96
25
203
41
254
92
216
115
205
93
147
21
165
20
165
93
136
33
25
17
142
100
113
144
127
208
140
112
145
227
169
26
113
164
90
164
245
16
81
90
167
222
113
37
253
46
62
156
8
162
220
240
246
44
52
231
127
40
166
205
180
92
183
222
205
25
49
92
81
211
222
209
136
69
156
75
89
254
144
209
106
155
146
86
152
69
167
209
75
158
218
182
56
118
160
90
185
177
179
39
125
23
7
80
170
188
245
31
118
160
141
211
121
61
179
118
249
208
245
180
166
53
237
71
220
5
67
123
131
146
209
26
182
90
222
63
239
131
165
216
136
115
178
60
75
254
194
206
112
21
129
75
170
221
69
52
59
8
162
230
53
8
114
29
69
119
66
121
50
107
77
179
115
200
80
75
58
239
230
146
178
95
121
41
239
20
6
61
2
187
135
93
186
221
187
67
109
131
94
59
75
127
80
90
118
76
209
182
8
205
222
75
120
248
165
167
210
202
36
36
136
190
208
220
135
155
157
192
195
87
246
253
126
26
47
40
249
138
112
141
186
222
135
164
7
160
147
222
118
195
245
81
21
156
200
3
225
21
135
90
138
244
175
29
51
87
178
127
102
209
81
205
156
18
97
104
174
50
33
253
256
74
118
92
254
156
165
126
206
80
225
202
209
77
97
88
61
61
195
59
3
83
87
182
225
190
120
39
61
225
97
90
5
61
18
72
60
209
253
213
99
40
20
227
97
205
3
159
30
67
160
88
187
61
233
246
191
222
32
127
83
150
80
127
186
31
253
28
225
72
251
118
200
34
66
32
60
213
93
119
165
220
169
15
242
191
174
236
251
233
221
54
136
186
123
98
179
104
25
255
132
208
150
160
187
227
191
86
123
54
74
68
54
130
238
160
54
26
241
27
165
130
15
207
222
130
123
182
188
150
123
54
217
42
4
87
152
256
172
87
102
254
205
227
120
20
131
192
195
152
182
92
135
160
221
254
22
92
211
139
191
7
200
41
80
190
165
89
243
184
115
186
70
63
74
54
118
30
102
107
78
244
160
239
83
247
255
143
253
15
182
209
72
243
200
186
143
198
107
95
190
83
194
214
186
212
211
122
222
113
55
8
181
75
78
143
165
211
174
97
30
177
228
108
206
209
211
15
160
37
129
128
18
139
75
131
196
15
22
151
76
84
7
87
80
173
37
119
50
236
165
214
111
42
188
15
220
60
119
27
30
20
40
183
91
97
75
169
97
243
60
68
148
21
25
144
194
197
239
113
36
239
85
233
75
160
203
254
141
53
112
70
231
61
71
181
78
75
113
59
161
30
8
130
141
182
188
78
246
93
97
44
53
224
120
188
200
204
77
53
185
141
62
59
138
124
165
151
27
77
158
165
50
124
85
115
4
160
150
138
217
180
60
97
251
185
152
224
208
154
241
98
169
141
50
77
173
243
58
143
17
44
227
224
131
254
56
211
97
221
200
255
98
118
143
224
254
241
129
181
124
200
47
77
137
200
197
141
203
181
75
44
28
141
256
133
224
98
7
110
141
143
25
15
198
97
181
122
77
28
237
181
190
154
118
254
208
77
256
29
2
188
224
7
87
141
190
152
15
254
119
188
78
200
254
77
254
143
57
122
160
80
152
15
97
53
15
75
28
141
235
39
200
25
256
98
77
89
229
68
173
190
57
122
77
190
185
36
4
206
107
78
200
28
6
107
33
64
206
114
133
141
120
227
36
75
183
52
141
107
68
140
107
88
133
141
137
141
124
71
21
36
227
228
75
141
193
144
37
133
78
110
210
227
64
85
141
179
210
247
250
227
18
166
78
159
102
181
34
99
166
254
169
133
102
229
41
109
99
21
44
220
77
77
161
133
109
224
171
154
135
242
250
224
163
119
220
152
193
227
56
43
43
31
13
216
118
79
181
231
176
243
200
78
141
152
11
138
124
241
197
241
