7
162
42
231
107
42
101
42
162
107
87
107
128
256
230
176
176
176
176
208
164
107
214
121
62
7
121
152
164
21
107
256
107
170
214
191
87
107
29
172
113
239
152
239
188
244
164
98
40
87
164
40
243
166
143
230
164
107
146
98
176
235
166
241
231
84
231
129
200
231
135
248
29
107
194
65
95
252
98
180
121
230
251
194
99
130
251
36
244
59
231
135
180
98
138
97
226
244
116
214
244
230
52
200
209
208
131
71
224
157
136
112
249
180
21
63
140
59
202
200
176
247
145
194
168
230
52
154
29
211
95
162
157
230
132
206
168
247
93
6
253
162
105
185
103
26
29
36
125
29
95
52
216
208
46
105
188
150
63
29
164
105
202
84
97
21
46
42
29
157
247
46
27
252
180
84
176
29
55
233
213
29
248
57
235
146
194
7
256
239
248
107
6
208
202
92
21
208
47
18
117
101
62
149
175
146
55
21
168
134
209
162
3
143
125
16
217
246
92
162
96
22
208
111
129
143
200
63
253
121
213
47
143
194
154
54
107
134
153
71
253
247
229
216
89
84
55
167
247
64
162
150
191
247
123
251
132
247
41
155
168
129
204
162
244
101
143
162
59
1
230
116
54
230
191
170
21
63
245
211
41
143
21
80
247
134
130
139
202
71
90
130
109
248
177
41
244
244
216
239
119
230
109
240
81
206
210
162
1
208
184
113
177
131
138
232
80
31
157
158
143
244
203
180
195
41
63
182
249
243
216
93
174
130
157
63
20
135
129
251
15
27
38
247
73
18
174
60
247
216
101
81
109
143
110
20
71
146
191
139
107
247
31
252
247
63
165
71
1
20
135
251
63
62
210
247
242
59
45
244
18
157
217
247
136
210
49
73
47
84
191
119
191
18
71
20
90
100
29
255
216
98
24
118
18
18
135
206
247
7
244
41
81
122
23
18
211
18
77
176
239
1
245
251
176
210
133
176
73
1
143
45
191
109
18
216
210
200
130
170
230
21
170
135
67
166
23
139
18
160
29
205
210
247
23
132
40
89
20
40
151
175
31
21
243
153
63
253
200
139
115
3
136
152
73
164
157
176
117
242
23
160
131
203
77
242
193
39
216
66
141
1
75
209
129
216
247
210
216
3
191
13
160
245
3
119
193
119
29
254
52
176
75
75
186
23
210
13
163
139
19
160
20
246
151
23
90
180
175
38
3
21
15
193
247
3
243
160
59
216
136
107
151
160
249
121
19
247
13
146
36
222
107
175
160
82
104
27
16
250
140
199
20
210
41
147
209
3
159
207
46
222
192
151
245
240
132
75
193
89
222
29
176
21
248
188
208
36
33
3
53
191
39
33
151
128
27
36
210
66
181
165
152
215
164
75
207
239
161
160
71
28
27
232
53
230
29
217
3
159
195
84
49
39
151
176
211
16
27
128
73
50
243
27
17
181
175
247
115
164
54
59
33
198
3
136
234
151
247
255
161
52
108
214
225
59
139
15
115
204
150
59
20
230
27
230
75
76
201
97
128
132
173
165
157
190
150
108
146
190
204
217
7
42
159
214
33
62
193
12
256
175
61
185
216
251
113
221
123
181
156
157
198
209
159
62
73
27
214
20
227
188
154
150
115
59
2
215
191
29
115
150
234
234
75
185
20
75
62
65
25
188
75
27
7
165
84
25
150
159
62
202
33
25
90
132
103
84
175
247
204
84
191
210
3
62
245
66
231
230
193
2
101
3
242
81
27
142
150
230
193
76
249
164
54
249
21
216
27
204
191
131
27
72
20
173
124
97
71
33
30
161
62
176
200
112
8
185
159
208
201
33
191
71
208
9
86
210
207
138
149
177
120
128
177
50
37
71
7
210
80
62
159
217
192
234
185
12
131
84
112
165
84
176
90
71
194
97
8
9
210
116
27
193
160
78
193
27
100
209
135
32
131
33
171
148
159
204
207
50
200
21
77
50
27
234
189
78
77
27
157
117
239
117
160
176
52
255
104
234
162
230
50
133
143
245
159
130
159
230
157
194
90
77
177
59
255
52
50
84
44
159
209
161
89
159
211
17
79
240
232
16
3
143
54
59
17
200
49
50
63
77
77
118
242
117
27
195
176
72
77
173
18
17
232
204
12
160
78
84
216
70
80
88
20
81
44
229
185
160
8
7
210
130
52
176
131
130
73
242
230
191
209
78
131
244
1
214
4
9
27
200
150
63
66
191
142
82
124
157
150
19
50
231
13
13
206
162
106
143
68
3
59
52
25
78
44
212
160
42
34
86
182
29
41
165
27
27
152
109
202
196
118
130
78
214
131
135
75
192
234
210
194
54
213
14
34
185
152
209
119
230
191
44
131
12
200
210
161
185
188
118
139
249
193
84
63
131
4
117
12
124
191
34
25
249
44
84
66
152
230
41
62
77
62
159
249
183
221
152
62
49
109
34
108
18
139
56
50
34
138
249
34
165
210
173
108
34
53
160
193
131
231
243
131
228
127
70
145
237
124
224
231
209
157
254
73
62
77
77
12
12
36
131
126
69
150
217
120
31
150
243
131
93
134
23
12
34
150
255
45
175
86
150
134
175
12
175
18
134
59
112
110
34
70
165
49
134
238
110
175
134
16
120
204
91
56
62
163
111
134
77
119
16
230
124
116
16
191
57
110
249
134
6
159
221
84
179
168
77
134
56
12
52
248
110
116
70
207
242
72
107
139
114
52
219
242
155
56
134
