143
143
128
67
165
165
182
162
143
87
18
243
18
209
18
209
18
165
98
244
128
18
174
8
251
162
194
177
136
128
98
208
174
209
165
244
243
123
128
251
208
243
172
114
123
143
109
136
143
172
87
98
136
109
58
204
172
140
112
51
244
112
87
83
242
17
204
104
21
91
174
128
191
185
186
58
172
242
172
112
83
83
231
209
191
21
204
94
231
172
177
90
112
90
7
7
253
208
112
17
16
51
5
228
194
143
253
215
61
191
36
189
182
123
126
123
94
172
177
172
253
94
215
112
109
79
187
45
160
29
143
136
119
21
21
209
34
132
115
165
231
79
52
208
160
7
223
209
177
74
109
123
98
71
115
204
27
90
132
229
71
253
75
66
97
225
98
242
66
7
7
7
132
244
90
66
208
84
253
66
217
208
215
133
151
94
172
209
75
85
182
67
136
21
21
201
14
253
36
224
239
110
118
122
140
189
123
244
132
208
160
242
225
186
132
17
136
147
193
208
84
95
143
90
172
71
97
151
132
18
124
118
242
71
140
208
242
118
140
208
62
20
1
118
152
7
136
208
99
209
201
111
154
224
107
132
141
84
242
175
7
118
132
242
224
225
200
132
92
36
143
54
208
215
141
74
74
217
136
212
136
120
219
154
251
71
215
136
21
62
45
71
217
152
208
62
143
71
212
177
177
185
232
140
126
253
183
242
10
200
55
242
177
132
232
118
5
186
237
165
191
55
251
121
165
242
251
212
10
10
102
251
132
177
132
72
50
225
128
20
74
56
118
242
69
129
201
195
45
154
172
47
81
13
7
251
224
83
147
224
231
16
55
177
132
84
151
185
71
175
231
7
185
207
36
57
58
154
138
195
141
160
59
231
166
47
141
242
16
128
199
242
132
195
82
242
118
68
156
242
224
189
162
143
224
191
28
144
215
256
82
128
113
234
200
160
145
185
243
108
198
64
231
224
159
13
181
57
119
209
162
85
200
142
119
155
250
188
72
160
175
91
136
98
185
113
185
152
36
21
119
9
162
120
36
251
145
145
191
191
239
189
191
89
20
144
141
119
73
119
145
195
129
98
246
142
68
234
21
93
22
217
28
153
18
165
189
238
119
215
61
41
119
64
36
254
43
177
242
251
115
194
213
188
143
98
137
59
199
62
145
20
234
191
227
222
147
102
60
109
200
191
47
191
231
127
173
74
98
57
146
36
175
73
185
185
87
90
209
61
145
113
209
73
90
89
197
191
200
36
229
126
129
222
149
209
209
141
90
199
162
250
164
191
35
153
188
112
254
89
216
5
90
239
107
204
152
123
161
253
219
50
19
93
98
126
162
165
52
253
188
151
113
229
237
237
130
61
198
244
98
244
143
229
69
130
231
57
229
130
130
21
22
70
145
209
20
92
98
145
165
170
227
98
199
244
160
86
145
163
94
44
215
161
155
160
32
19
119
165
244
102
227
213
204
44
249
163
43
21
198
166
231
141
160
253
221
5
198
153
26
155
119
219
129
165
4
176
68
151
240
170
112
128
224
98
1
113
140
120
164
116
41
19
165
164
55
128
197
173
41
102
164
130
22
218
58
165
246
10
128
162
125
182
216
14
206
164
24
161
68
128
153
105
18
166
52
188
209
14
191
242
166
26
180
237
47
118
194
105
232
221
218
128
166
152
138
44
118
224
188
221
22
47
47
209
182
116
152
128
141
105
22
118
50
123
182
116
227
118
255
128
191
96
111
153
227
141
218
118
182
127
29
234
128
130
41
138
227
118
254
112
112
216
219
188
51
118
255
111
118
224
88
152
118
166
132
111
90
246
187
220
111
104
90
118
72
225
118
96
64
125
107
224
127
221
192
116
216
110
90
104
118
118
68
121
166
71
224
99
118
24
127
76
90
49
171
51
38
253
206
68
37
166
90
152
37
203
231
253
68
38
123
254
138
37
177
125
254
68
109
246
64
47
51
146
84
38
196
213
224
191
183
14
255
184
229
22
227
40
126
37
203
99
79
136
254
254
54
111
13
216
6
92
5
41
53
152
105
152
118
99
21
201
89
206
141
118
189
173
107
231
78
185
68
162
28
186
201
127
5
157
201
214
238
192
204
96
196
246
248
122
136
22
245
90
125
96
13
214
20
250
104
14
206
246
187
224
188
111
127
224
138
201
35
25
105
171
227
96
6
127
151
47
100
222
92
110
130
152
111
97
6
238
188
118
10
93
34
173
245
34
201
8
41
195
68
156
127
173
15
80
16
96
4
118
153
148
177
156
201
183
