89
174
87
100
174
146
127
172
94
127
145
127
147
147
121
54
147
129
127
60
250
176
248
129
204
100
222
235
33
84
33
222
104
199
80
94
79
9
38
105
204
138
176
30
129
7
64
79
55
2
94
30
91
76
146
80
31
17
123
127
76
114
55
150
187
103
94
38
11
210
90
209
47
174
146
174
130
187
243
222
222
209
225
2
17
28
91
28
55
203
143
121
222
199
222
225
217
62
113
79
89
209
130
16
247
105
55
34
243
174
28
28
237
220
80
147
203
75
221
181
211
73
146
61
29
156
138
243
220
106
91
196
38
181
59
104
138
239
182
16
174
95
203
44
181
44
245
222
126
225
186
174
36
206
138
212
217
44
239
108
64
62
121
49
129
208
211
181
237
33
130
99
29
69
88
127
87
220
154
229
211
104
13
42
122
25
121
222
220
55
172
209
29
95
242
126
90
253
83
126
187
211
90
242
75
253
95
176
150
229
138
105
90
75
36
54
154
150
103
95
128
122
176
17
14
44
184
3
174
238
216
181
44
126
105
147
217
87
122
222
5
164
184
97
174
154
87
44
54
194
184
122
65
31
212
147
122
176
95
73
37
3
176
75
147
253
87
217
50
16
250
91
184
222
253
106
225
131
3
75
75
222
3
211
186
40
195
112
212
75
138
215
43
170
3
222
156
79
187
163
205
165
67
89
118
65
227
105
129
66
112
222
43
161
147
10
75
245
80
177
245
245
11
71
172
122
245
44
126
206
31
243
141
252
44
18
108
94
98
176
253
118
242
44
113
207
177
222
46
36
136
91
190
184
12
146
209
107
157
91
3
225
180
210
222
147
107
44
127
183
250
156
15
15
118
63
54
114
44
183
75
3
141
98
114
65
43
226
163
256
79
44
65
9
114
44
172
94
219
237
14
100
126
146
112
126
207
217
204
90
240
171
242
250
212
65
44
142
206
174
147
224
44
100
138
42
217
104
67
207
228
38
186
236
44
149
137
174
13
118
43
94
113
218
163
12
135
163
115
44
109
156
55
149
112
2
87
101
205
73
44
128
43
129
174
176
171
222
157
44
35
132
123
222
28
65
180
120
5
247
176
204
163
3
3
42
250
33
15
44
171
250
205
180
35
11
65
100
136
142
250
44
129
177
210
171
114
44
115
17
20
28
87
250
207
177
113
44
214
142
102
194
126
61
249
77
174
96
65
137
237
43
51
135
36
228
181
211
107
180
91
244
95
245
235
168
156
7
174
90
97
128
112
77
184
192
237
131
172
26
44
187
151
205
104
104
174
5
249
178
136
166
83
226
230
169
195
9
194
47
161
66
164
7
9
145
35
241
116
73
254
65
214
142
156
180
195
20
116
184
247
47
44
82
205
145
69
156
55
221
145
142
240
176
100
214
118
34
154
123
32
142
163
214
89
101
54
57
201
75
222
137
253
241
58
44
151
42
14
128
134
174
254
5
222
222
219
252
190
64
237
145
211
172
65
27
236
29
211
180
91
170
64
217
126
241
137
98
65
214
63
102
71
116
144
218
89
141
42
186
209
142
241
181
174
183
249
254
116
180
223
114
237
93
53
180
65
205
11
81
65
179
97
134
103
50
194
69
241
49
135
107
137
142
142
44
142
235
44
65
3
195
174
180
20
134
18
26
218
174
66
211
27
71
34
67
3
228
169
157
241
64
180
26
126
33
144
121
113
14
179
97
241
235
180
241
253
35
65
14
180
241
97
169
170
198
180
104
142
159
163
62
98
170
241
2
50
158
194
190
42
146
142
79
142
171
146
241
73
207
252
88
205
207
119
32
156
142
121
2
241
179
54
59
180
176
180
3
170
208
229
79
221
28
241
241
67
255
142
180
179
229
179
35
58
212
142
241
129
180
25
241
236
39
34
33
104
241
198
142
142
179
152
170
180
43
181
136
252
196
179
129
47
207
152
152
65
142
226
142
158
201
241
180
241
17
34
189
207
137
171
75
180
22
180
33
99
254
245
29
246
54
50
43
180
152
171
247
101
88
67
91
152
169
77
117
65
9
211
191
180
58
149
180
249
195
190
141
6
158
58
163
241
184
18
28
21
240
34
200
179
34
180
241
142
34
116
221
58
41
106
2
152
164
157
142
226
169
105
36
147
180
65
116
144
20
180
204
65
101
104
34
154
142
107
46
179
211
101
142
142
120
142
256
152
142
164
153
24
179
240
152
88
65
142
86
241
129
28
180
55
53
241
58
180
59
249
89
167
241
190
69
171
167
79
145
180
44
157
241
235
170
157
255
182
28
206
150
117
101
231
12
89
142
217
30
238
208
30
64
241
152
179
30
142
241
204
92
241
163
142
233
57
152
141
30
180
114
180
180
241
92
147
213
142
24
181
142
180
203
150
119
180
142
46
65
157
245
237
157
18
180
226
62
191
180
83
157
246
139
9
170
241
179
8
130
112
180
93
58
58
233
97
112
137
130
169
180
179
179
57
65
207
179
182
194
241
91
142
40
180
253
180
44
67
9
170
55
150
241
123
241
245
179
142
142
180
30
169
180
46
101
65
179
142
157
146
58
120
182
89
24
24
180
142
184
244
105
230
157
256
142
142
241
241
179
241
167
49
34
141
256
76
179
256
233
65
27
137
142
201
30
179
142
146
179
60
179
170
142
179
149
142
180
18
252
169
180
179
58
146
207
227
96
245
101
227
145
192
31
160
9
142
241
142
33
68
210
65
208
170
180
27
241
130
65
73
142
252
121
179
98
229
200
142
142
31
173
180
191
241
74
249
69
179
142
256
142
38
137
179
146
58
179
109
217
31
30
31
179
185
58
152
24
167
91
142
91
179
203
254
6
142
142
65
154
256
77
65
141
223
15
88
256
142
142
256
150
201
142
146
144
9
31
249
241
179
142
252
119
179
99
217
101
180
241
146
241
256
254
33
19
142
27
65
146
146
192
191
179
28
142
180
142
256
142
135
252
179
180
179
157
179
112
223
247
142
131
256
114
142
27
142
142
233
12
169
112
202
57
101
179
142
142
245
230
233
58
27
142
179
34
152
21
169
142
24
205
171
180
108
142
247
161
146
142
246
247
142
134
46
49
241
241
30
180
179
101
241
146
27
88
152
256
134
146
179
203
42
241
142
58
219
219
112
256
142
151
241
101
130
180
44
27
22
101
31
31
179
179
179
142
162
101
256
31
157
120
142
180
101
142
179
142
235
256
73
200
142
157
241
241
157
142
88
233
69
191
31
245
62
125
88
114
146
179
256
89
157
211
119
152
30
255
124
230
256
146
230
65
179
152
180
256
44
241
142
174
152
163
245
146
146
179
44
35
83
171
91
179
142
146
233
24
31
81
146
31
247
256
163
200
146
142
79
179
14
256
240
88
241
155
142
107
73
254
249
37
142
221
30
39
179
125
241
101
134
73
58
179
179
179
180
256
179
237
205
141
249
256
93
66
221
30
169
134
81
180
21
30
142
179
142
142
249
230
22
19
211
241
169
256
256
121
134
60
132
237
105
221
142
256
172
221
241
179
146
112
217
142
91
157
210
22
146
200
200
168
256
105
192
32
146
179
27
233
6
107
226
152
46
241
154
73
39
233
89
105
73
79
256
126
210
256
180
256
31
142
256
256
194
132
101
31
132
161
73
81
9
152
249
256
208
212
225
241
198
101
124
212
237
203
73
146
179
233
237
250
142
233
146
199
73
227
237
73
14
180
25
25
241
252
179
194
210
100
65
146
137
146
146
37
230
253
11
125
170
31
146
89
42
256
31
241
256
39
26
121
179
30
31
46
230
217
144
31
31
132
25
126
146
174
4
142
233
134
170
157
152
146
250
254
24
31
179
73
256
37
37
230
22
137
247
146
134
84
120
142
256
126
245
152
31
73
32
19
4
30
25
121
73
179
256
41
213
12
256
78
116
157
256
146
95
200
134
256
101
137
145
52
254
249
187
146
25
52
73
146
241
91
256
132
241
190
233
256
25
30
146
255
233
180
241
249
46
120
15
214
121
163
73
101
31
179
25
256
31
31
108
142
179
73
96
123
256
73
180
204
37
158
99
31
158
142
256
24
256
35
62
25
18
142
256
2
73
256
254
256
170
180
73
30
130
52
142
152
2
30
116
73
190
49
73
256
230
88
199
31
142
90
180
28
241
256
170
256
142
146
31
222
240
93
31
141
101
96
117
170
70
44
31
118
25
181
256
146
256
170
170
166
187
87
253
14
256
52
31
199
25
256
142
54
91
182
115
88
89
101
31
167
73
31
73
196
146
71
44
29
179
118
25
187
142
25
256
117
256
179
35
134
255
146
180
171
256
142
158
15
73
30
9
126
188
207
25
126
31
107
233
46
170
138
179
151
52
142
256
214
256
59
180
58
224
122
107
27
179
30
142
73
169
2
22
39
43
244
213
31
12
73
163
37
240
248
256
167
126
167
84
169
53
207
22
133
189
18
31
23
112
246
203
31
4
43
256
134
134
256
109
256
115
30
176
221
255
161
159
31
190
11
16
122
59
130
233
195
159
147
161
137
76
147
52
194
91
124
201
170
73
60
74
256
63
79
121
73
71
126
138
52
13
89
195
39
12
99
256
248
73
130
35
256
221
59
256
192
216
31
170
89
181
256
202
256
44
230
73
99
92
24
121
256
25
31
44
109
117
230
170
31
256
31
73
121
138
170
190
150
256
252
203
256
31
121
212
170
195
256
256
161
52
157
31
73
240
121
230
125
166
73
208
31
73
137
31
256
161
171
31
21
256
254
182
256
203
31
121
121
31
107
99
256
31
75
240
256
25
78
42
256
170
42
170
59
170
52
159
159
113
170
14
170
161
201
42
194
108
159
103
201
71
31
64
130
31
30
73
170
73
159
53
170
73
207
256
99
256
159
256
78
226
82
31
31
137
159
2
204
170
256
10
159
226
73
256
156
131
218
249
42
22
170
159
125
77
73
44
217
195
31
59
201
109
243
29
159
201
201
201
137
157
230
185
161
217
73
201
31
78
201
251
73
188
31
139
134
91
53
108
73
161
146
108
201
142
201
212
8
135
196
181
153
139
230
170
73
157
253
119
156
170
159
44
190
157
73
237
52
43
161
31
53
201
83
44
107
31
90
61
31
73
152
230
156
90
73
170
73
31
170
190
61
256
144
31
42
82
161
256
35
238
197
201
201
161
124
256
15
100
201
159
52
119
192
159
215
196
63
152
11
118
124
52
107
56
78
159
124
188
161
231
203
49
124
159
44
237
201
27
188
109
56
196
31
249
131
24
217
130
86
134
201
79
184
253
230
152
86
170
77
161
83
35
91
207
202
45
203
152
104
230
99
35
63
216
139
43
228
108
200
142
20
2
35
197
197
186
190
157
46
70
