112
75
138
75
138
164
143
208
208
66
112
143
138
79
128
208
59
208
143
75
66
181
181
181
204
208
75
181
102
138
62
106
106
106
106
182
189
102
247
16
106
222
54
145
54
219
189
179
54
12
222
63
216
54
92
179
217
58
58
189
12
179
58
85
220
220
220
233
220
45
58
86
48
48
45
43
43
82
178
85
197
169
53
133
82
178
72
15
163
163
77
197
12
88
155
179
157
45
77
158
157
82
193
56
48
155
82
227
12
57
157
163
12
159
155
106
12
220
56
12
218
56
45
48
163
155
56
85
56
12
218
56
45
56
12
218
148
159
45
218
12
23
157
133
157
56
56
78
45
218
148
23
26
12
12
218
133
148
12
45
48
45
48
232
189
159
218
220
159
155
157
12
157
157
56
189
86
56
148
12
12
12
161
189
155
232
157
189
45
45
163
213
56
45
148
12
56
