181
165
3
143
253
62
181
162
181
62
50
162
50
138
69
149
143
110
165
143
209
29
208
165
62
228
242
184
115
110
86
208
165
149
157
140
106
177
208
209
86
157
85
165
146
204
252
216
208
128
235
204
6
106
189
165
63
211
86
189
112
85
112
242
209
143
235
136
176
56
184
235
63
204
209
50
50
54
15
143
33
12
82
177
122
163
63
122
177
214
177
209
109
165
85
85
153
109
77
184
218
99
80
242
250
18
26
15
123
106
218
85
18
230
235
84
177
85
146
85
18
69
122
148
73
51
239
163
73
239
251
92
165
85
251
184
251
85
12
18
85
51
69
54
85
82
244
178
163
63
12
12
86
163
251
51
148
18
177
18
155
16
163
63
18
163
224
143
125
85
85
51
251
163
12
16
99
251
26
163
72
163
51
165
85
66
12
12
163
27
220
16
148
72
51
163
148
51
123
73
244
66
78
127
44
51
76
42
56
163
148
57
148
160
85
111
140
159
160
48
218
20
151
51
140
148
172
163
148
160
127
72
202
66
16
48
148
143
17
71
50
189
51
98
12
92
202
102
45
13
76
202
98
57
98
51
72
204
72
218
224
244
69
149
160
85
177
12
242
49
172
189
163
45
72
72
123
224
34
123
125
56
52
163
72
149
160
62
193
148
242
133
54
16
78
63
8
129
98
85
154
23
66
253
232
202
62
12
204
178
106
202
99
49
72
118
148
57
12
76
151
145
160
133
3
22
71
74
49
126
163
216
23
57
106
165
163
183
243
22
51
145
232
39
242
153
242
228
62
71
162
209
197
115
74
54
242
163
218
39
56
71
71
204
74
98
148
242
218
5
145
48
45
82
162
57
48
145
82
222
48
48
123
76
48
102
82
63
62
158
208
157
189
28
208
23
235
151
57
197
62
53
50
133
209
98
123
165
57
128
213
112
110
167
235
153
3
163
200
106
74
156
71
151
218
91
242
17
86
115
105
197
213
72
145
106
57
232
106
104
63
153
230
104
249
250
209
106
148
159
235
45
247
104
64
45
156
247
247
123
82
235
45
230
69
145
232
155
242
26
162
86
140
71
66
82
45
155
45
112
155
62
159
126
133
92
15
200
215
214
178
90
235
63
184
57
235
102
177
57
232
207
26
163
208
85
112
22
148
5
45
64
34
143
82
220
133
99
48
253
57
235
27
82
133
106
126
208
20
9
218
106
215
84
223
90
149
155
140
148
31
133
255
155
22
22
133
30
57
94
155
57
27
98
200
143
235
75
15
85
224
20
224
247
62
155
143
160
153
189
72
190
235
23
223
63
184
69
94
148
160
77
160
160
232
232
133
96
184
160
143
207
190
184
240
228
254
4
224
147
75
48
162
141
184
50
82
161
242
219
141
254
61
247
126
82
85
27
157
157
114
228
71
200
178
20
4
4
227
189
173
4
48
184
77
161
173
234
140
48
163
112
20
255
173
161
85
200
30
82
216
173
161
160
148
82
224
155
247
234
254
71
85
118
197
4
112
238
16
82
185
218
183
188
246
214
111
234
254
200
218
157
247
200
248
148
238
118
4
161
254
148
148
200
188
218
254
232
98
154
232
156
232
82
