166
61
18
18
180
59
24
7
59
102
59
18
102
18
186
127
108
83
250
251
187
204
87
102
107
61
59
55
127
31
211
102
69
219
32
81
154
220
107
96
94
154
211
65
70
29
32
251
91
28
94
29
32
251
61
29
18
79
96
22
81
10
24
107
170
81
106
106
115
115
117
162
79
253
114
64
153
17
52
212
161
51
26
198
105
51
69
204
162
225
114
195
40
115
209
46
75
117
229
177
212
69
123
253
5
237
112
212
22
141
42
256
83
84
94
28
51
76
162
34
168
114
205
204
175
250
42
204
121
69
123
177
98
165
175
115
175
41
106
77
174
28
16
74
78
77
178
9
223
178
204
174
117
51
216
222
180
22
230
96
66
64
70
106
235
34
90
199
39
3
144
123
34
84
26
25
19
115
204
162
3
237
206
225
106
58
235
177
64
91
191
95
79
51
6
174
87
147
76
69
27
204
131
228
58
127
222
172
225
28
105
117
33
175
64
204
184
54
33
54
34
26
127
99
36
105
242
223
117
74
16
166
54
165
147
24
118
146
112
76
79
14
19
42
255
54
65
52
104
204
66
24
119
236
75
27
107
135
131
109
70
207
9
112
34
53
74
69
14
91
105
205
191
42
151
131
235
33
131
191
230
145
250
145
28
44
68
113
107
44
131
127
131
145
178
159
34
131
79
242
225
58
67
7
175
198
160
235
117
59
110
145
131
65
178
39
71
201
145
126
8
160
99
74
222
48
24
117
201
212
160
129
207
172
122
223
113
36
172
251
71
233
49
151
25
198
95
85
117
39
144
21
212
159
53
68
127
119
41
14
28
160
254
74
9
155
165
112
42
119
60
53
207
207
126
148
189
52
245
126
21
83
33
10
207
117
129
245
131
8
42
237
9
42
129
61
248
254
72
199
251
41
200
71
117
151
147
200
226
140
109
239
245
172
1
127
28
131
52
19
219
245
255
20
117
114
20
251
217
245
83
172
167
102
198
109
61
229
93
83
62
53
53
207
215
36
53
207
86
238
53
21
255
219
17
56
241
60
117
67
155
76
52
47
255
192
24
69
44
245
251
182
52
76
112
81
104
70
207
207
216
51
70
1
215
20
70
200
20
242
21
60
207
189
76
120
117
138
115
246
74
70
114
160
210
53
53
91
9
167
30
246
224
26
13
207
237
76
254
109
246
12
137
9
47
53
41
207
207
70
142
240
11
44
47
137
160
55
251
1
70
226
79
137
53
24
256
149
20
137
200
20
245
137
64
182
191
70
128
18
202
137
137
189
190
124
149
224
238
76
98
91
56
137
224
254
55
202
98
245
11
165
207
148
137
234
77
26
207
137
129
137
148
245
79
61
57
231
114
246
133
224
237
5
104
137
39
137
22
25
53
76
61
220
254
12
77
1
124
77
9
141
25
52
162
50
52
157
94
39
202
123
184
175
128
13
207
230
137
137
77
53
254
255
137
165
137
91
90
94
53
13
94
227
198
254
200
142
190
137
241
15
5
31
94
137
53
97
250
112
91
254
160
128
124
137
137
137
9
36
128
52
200
162
137
207
36
24
124
57
17
137
148
119
143
120
48
137
17
202
76
15
20
254
137
42
198
85
89
202
62
83
215
140
137
138
135
67
1
244
160
94
140
10
9
99
94
86
202
115
52
207
137
26
250
142
55
149
55
91
140
178
197
39
2
82
39
189
23
86
53
55
117
10
237
139
164
164
160
116
89
103
149
202
200
139
66
94
53
148
202
120
220
110
139
25
102
198
149
64
84
19
220
84
42
137
146
139
190
39
99
204
217
15
204
116
39
56
49
9
1
118
26
160
227
164
192
131
176
124
137
86
39
254
124
101
157
39
146
139
48
25
67
42
131
110
207
131
101
26
142
52
220
39
120
144
108
124
148
67
230
137
190
84
163
150
224
39
124
90
187
181
124
56
137
159
148
149
9
131
163
52
91
124
14
106
39
173
76
77
137
13
207
207
60
137
149
42
73
187
137
25
142
70
67
15
29
125
249
42
248
199
42
139
106
52
82
195
70
231
220
15
66
158
187
220
171
44
162
163
242
52
67
148
106
232
224
230
8
118
52
224
200
148
78
91
187
137
120
150
172
45
25
214
213
42
214
112
59
99
124
29
158
123
149
213
96
41
120
242
192
137
15
147
111
213
139
161
73
163
123
197
1
171
44
214
55
256
147
196
178
192
248
219
9
52
248
110
96
48
159
224
53
52
72
45
207
15
57
52
88
225
249
155
137
137
149
39
137
147
21
231
234
52
207
249
218
196
1
117
52
