174
174
94
94
174
136
66
80
66
249
94
66
84
159
172
137
35
219
174
247
84
174
166
174
31
256
205
75
69
217
256
52
102
122
42
101
249
196
170
106
66
174
174
150
69
150
21
31
235
132
109
150
70
196
51
136
150
75
77
238
182
172
75
35
75
122
146
114
31
72
181
75
108
172
9
33
164
205
157
208
153
139
174
194
113
153
217
86
111
111
14
31
5
205
69
196
205
14
235
205
190
115
249
221
51
122
59
28
64
208
5
191
235
231
192
239
102
185
231
69
60
223
195
10
201
195
153
174
174
183
9
70
196
77
17
86
55
223
77
207
117
192
110
91
183
176
86
219
33
183
86
117
183
164
39
114
242
76
235
31
201
220
39
117
88
194
52
150
10
159
52
50
106
175
242
117
201
106
150
225
62
19
11
240
189
14
137
94
194
88
141
201
40
144
97
135
11
205
10
166
39
164
239
131
141
40
9
113
192
7
40
9
7
150
121
69
229
115
146
242
80
144
3
220
141
205
35
77
59
242
88
205
33
243
65
33
189
170
79
124
9
33
77
196
34
32
43
189
146
17
243
32
199
230
166
80
10
10
141
184
124
52
110
123
249
94
243
190
135
226
25
225
28
17
240
135
179
252
196
151
55
237
136
67
33
190
30
97
136
221
113
225
54
14
76
31
216
7
60
192
27
67
231
14
67
1
236
68
130
112
131
228
15
46
229
227
132
97
113
203
106
172
216
9
52
75
133
191
69
106
159
21
192
174
31
146
207
14
42
130
220
40
106
238
192
137
220
120
33
223
3
32
20
64
122
40
166
118
68
190
98
196
14
129
195
109
86
64
239
146
169
118
185
43
121
199
89
40
195
29
195
171
11
174
5
124
236
9
31
137
67
32
3
68
53
196
230
221
108
237
14
62
29
174
252
53
117
242
62
67
10
89
106
192
121
256
58
106
194
96
33
17
68
118
223
11
35
111
120
43
80
26
166
250
8
231
33
235
136
164
227
201
31
14
216
250
31
95
220
242
192
17
184
246
84
169
145
14
35
31
217
230
28
252
207
40
176
7
111
9
171
162
64
199
196
4
59
242
35
237
242
206
20
62
32
250
238
226
242
219
238
201
77
17
174
84
67
216
184
195
65
226
137
11
229
35
68
155
43
68
61
240
29
67
155
226
37
91
201
11
212
195
170
16
44
64
230
179
40
179
31
77
8
39
31
77
226
35
63
11
220
64
124
11
33
226
187
185
151
32
115
118
241
243
31
35
226
33
64
14
121
11
216
1
137
169
187
219
107
9
100
169
134
146
31
94
222
83
77
192
31
146
8
245
146
42
66
246
201
135
160
31
42
37
41
195
169
118
9
242
201
9
11
135
238
103
134
13
252
223
135
204
63
20
186
77
207
124
130
124
6
166
25
144
211
251
216
149
14
256
77
81
77
232
86
92
221
63
34
69
34
69
196
35
79
184
56
68
243
256
17
91
169
9
4
196
228
186
76
236
196
186
77
207
84
249
100
120
207
9
243
61
10
184
253
1
196
201
136
182
130
188
31
44
76
184
3
179
146
113
250
55
24
187
32
235
138
142
40
19
178
201
219
163
11
79
130
256
37
160
240
66
9
137
33
17
55
256
228
101
229
111
192
111
185
169
66
86
226
122
223
44
96
7
115
216
28
207
226
196
211
251
219
219
74
246
11
242
135
60
105
44
115
221
238
194
214
196
133
100
216
137
65
31
96
10
137
189
226
15
211
110
256
255
157
150
88
37
245
9
68
88
124
88
77
61
47
185
187
10
137
189
190
17
42
256
76
124
176
9
33
67
242
186
171
91
240
235
113
65
242
106
140
256
135
135
87
43
179
64
21
42
151
4
105
238
9
169
58
113
184
153
24
195
35
73
196
228
226
204
141
64
185
171
31
231
9
49
240
199
44
249
203
77
22
42
60
88
249
79
223
1
111
91
42
106
164
130
196
4
31
88
169
201
133
79
78
4
226
179
203
59
188
196
77
59
61
190
3
174
116
146
96
192
44
56
17
29
83
35
223
235
252
31
24
91
190
48
73
225
221
31
239
115
237
124
88
233
33
170
138
60
231
217
116
8
33
69
238
223
110
73
242
35
118
117
151
17
91
118
174
133
26
146
7
240
28
66
76
153
105
11
42
79
246
91
83
245
67
76
240
167
187
169
251
93
190
11
17
91
194
195
230
56
35
118
14
196
44
175
61
80
187
186
141
100
118
176
56
76
103
192
33
189
120
108
100
91
146
225
111
60
136
234
216
177
68
195
74
121
150
108
60
85
3
70
84
66
137
29
118
59
96
180
25
174
70
237
256
171
219
210
100
135
101
68
15
24
121
64
240
237
169
88
104
166
24
77
221
225
171
205
10
172
64
181
195
169
122
183
150
244
91
31
8
120
70
64
14
135
146
186
170
44
170
238
221
190
256
186
141
42
201
104
215
256
38
95
196
107
79
134
14
189
124
159
107
185
169
43
64
43
183
17
64
147
235
223
116
68
57
25
246
234
108
25
107
166
135
203
187
253
192
17
114
214
121
43
44
86
234
11
39
77
130
69
89
170
212
111
39
207
11
203
12
25
103
77
121
93
32
124
88
92
180
35
83
67
194
230
66
58
33
33
195
84
86
141
174
86
203
135
104
214
236
219
33
220
146
151
172
10
73
12
189
220
96
11
118
199
238
226
170
94
196
14
25
164
176
65
192
195
172
77
121
9
24
242
252
241
138
31
76
187
91
89
238
1
256
174
216
199
203
83
130
35
35
34
199
172
35
129
105
10
162
109
24
146
57
184
133
33
219
249
192
123
24
256
172
94
192
42
70
199
89
1
163
121
115
3
115
240
5
150
38
52
231
217
69
121
221
248
130
145
34
170
39
107
88
60
124
221
36
176
242
66
68
179
189
144
46
171
135
219
139
207
219
35
184
130
69
13
89
147
33
117
201
249
166
149
11
69
88
64
166
245
70
22
122
115
83
238
226
89
29
236
55
95
39
204
87
10
135
239
52
77
35
256
167
100
144
146
230
196
242
240
190
37
171
100
195
21
239
240
203
103
240
10
253
1
91
37
1
64
107
185
219
83
186
196
252
256
256
35
223
25
180
256
256
77
64
196
49
77
253
161
199
91
44
227
96
78
64
226
31
71
103
129
69
19
223
163
151
6
21
94
3
113
205
31
109
14
34
91
34
17
253
70
4
59
130
116
77
133
89
251
251
241
149
35
203
119
85
1
35
169
106
111
256
230
89
169
182
14
201
64
256
153
44
186
65
216
190
35
88
116
25
146
203
203
186
164
10
46
101
96
58
255
195
196
64
210
170
35
110
5
73
235
166
220
115
141
35
73
106
237
141
147
44
94
10
25
83
100
196
26
68
171
195
238
107
105
37
31
235
25
195
10
86
170
189
203
218
170
131
135
146
83
238
250
42
114
102
141
87
86
187
201
25
176
256
44
151
58
174
183
7
196
8
214
171
138
180
61
242
83
187
10
74
169
116
140
163
10
93
256
96
219
69
35
46
129
83
130
141
174
15
9
5
35
248
31
121
201
195
35
226
240
67
195
238
182
35
30
189
212
162
69
189
102
256
221
203
235
203
70
253
22
226
91
42
40
47
141
149
35
235
242
57
4
107
190
35
147
52
221
35
256
248
163
69
163
130
193
212
229
253
15
240
46
203
192
130
203
196
79
186
35
32
144
2
94
193
9
10
130
84
137
176
120
121
240
100
79
88
146
77
35
158
73
205
32
38
113
256
105
240
227
104
240
70
192
137
64
35
175
25
151
141
53
230
190
238
87
190
130
102
102
170
170
190
31
59
67
184
5
76
252
121
169
79
166
233
242
192
52
253
83
107
236
25
183
64
61
142
170
222
39
124
38
10
83
169
190
59
64
64
240
241
168
59
64
25
25
193
60
11
98
185
43
139
60
192
150
172
28
256
121
229
130
176
251
141
47
36
240
194
158
34
107
91
107
213
228
130
256
102
102
88
184
150
49
113
37
35
91
6
160
27
253
196
180
158
192
182
213
79
219
256
195
190
103
196
256
230
91
240
43
142
101
109
175
25
223
61
190
142
236
136
121
179
136
96
237
26
14
252
131
79
171
88
62
190
146
32
193
18
256
158
187
38
77
90
110
170
196
88
238
240
16
253
86
170
19
106
44
150
170
255
46
86
253
42
22
149
236
121
121
253
212
186
120
231
214
234
106
105
11
142
10
142
108
43
172
19
205
86
4
203
32
64
70
65
158
75
46
117
49
64
241
65
170
170
230
12
253
240
66
132
55
68
220
252
117
67
164
170
182
108
187
81
121
186
219
97
163
96
129
61
240
35
168
49
166
22
35
5
253
141
64
83
124
209
217
27
33
167
240
168
65
102
86
223
142
31
195
196
4
236
206
10
195
161
174
25
46
142
40
203
31
238
12
124
25
64
252
91
248
38
77
111
91
189
176
178
179
41
116
227
49
227
218
22
203
74
256
248
78
18
52
236
52
122
74
64
170
47
236
193
13
253
252
154
142
203
196
134
25
238
241
179
11
25
85
229
121
195
49
169
14
142
35
117
207
122
42
91
180
117
223
6
231
77
169
240
163
202
244
10
249
42
117
108
246
194
242
144
14
135
238
137
102
219
256
1
77
49
183
136
49
256
59
86
227
247
90
236
89
31
178
93
169
240
78
227
61
25
79
74
256
70
58
38
178
130
256
191
159
144
101
117
230
10
145
4
91
38
187
33
130
10
139
220
192
61
186
25
79
236
238
154
35
47
170
183
60
196
196
58
2
85
145
223
103
83
203
223
13
26
26
44
256
64
85
167
121
175
52
158
86
170
110
83
225
88
83
131
221
238
220
253
79
10
231
36
94
112
146
148
88
96
83
128
96
159
242
86
112
12
198
238
193
227
24
186
241
77
223
88
253
8
86
132
190
93
236
240
121
187
50
88
170
88
86
136
6
64
141
246
56
169
77
102
86
244
219
35
91
11
256
196
236
13
25
256
105
187
249
194
252
96
31
194
43
153
223
64
39
80
24
19
61
73
114
100
203
170
193
35
237
124
177
124
246
15
86
135
158
150
179
136
52
22
244
85
111
240
238
108
35
62
203
230
240
76
35
44
21
64
64
83
166
198
55
109
28
227
140
32
36
38
223
52
9
170
88
19
252
194
78
230
210
24
115
232
168
93
180
85
64
237
30
230
39
146
139
115
220
38
200
86
170
158
24
223
193
85
115
53
95
233
137
222
170
62
220
164
47
201
235
102
230
46
5
13
227
244
89
240
238
202
193
180
223
103
96
65
25
4
78
71
114
120
219
8
215
81
75
178
21
43
256
213
236
102
38
124
26
115
34
195
238
240
121
81
196
252
142
171
24
12
72
142
237
240
239
240
246
103
169
120
15
5
88
77
170
238
240
89
107
83
146
85
207
207
25
214
88
256
10
252
115
104
89
240
233
85
9
196
230
159
48
53
221
131
196
131
196
65
93
120
53
35
85
167
46
186
19
25
79
120
53
10
168
91
183
19
77
221
158
