165
69
75
75
256
243
79
244
129
243
243
140
243
51
59
174
181
84
79
243
231
94
61
208
59
181
97
138
87
94
94
138
138
58
51
165
164
138
138
144
87
166
84
84
231
164
7
212
212
185
212
209
71
166
228
243
84
127
132
174
172
7
66
9
174
18
170
69
228
77
67
18
51
212
243
164
123
194
66
55
138
127
166
256
29
51
52
228
15
51
172
83
75
243
243
51
94
209
181
18
181
75
27
77
209
220
114
150
123
165
166
87
231
63
86
243
132
184
75
244
66
63
28
196
231
253
165
27
97
138
166
67
114
140
172
138
77
9
123
90
150
136
92
181
103
96
87
150
59
129
55
114
144
208
123
80
59
248
59
67
236
143
87
203
67
29
160
129
65
225
94
251
113
63
175
96
122
43
231
229
66
18
28
99
244
94
136
232
114
186
208
147
126
66
87
251
143
28
123
106
165
244
55
175
110
143
182
113
113
59
3
143
129
69
143
149
87
3
143
55
143
130
240
130
199
132
182
130
199
240
47
196
87
55
3
67
27
141
87
26
212
247
231
115
205
16
132
28
220
121
206
206
90
143
58
54
160
164
171
94
54
38
37
86
229
123
123
231
75
160
92
38
245
229
252
9
165
51
77
115
205
40
138
128
92
188
182
92
175
176
73
114
218
17
112
160
130
244
126
130
243
71
172
243
221
224
105
74
192
244
135
60
17
141
35
138
17
80
60
174
239
166
34
191
99
112
64
202
17
192
105
4
138
231
34
71
66
54
19
95
220
84
75
92
105
123
176
106
209
244
127
150
209
127
58
28
138
51
169
90
41
105
185
188
150
28
71
96
204
220
66
96
64
60
112
38
181
224
94
144
224
104
128
208
29
87
141
106
105
105
168
211
144
211
164
130
87
131
201
27
245
17
77
36
206
130
105
37
112
43
67
87
92
135
41
150
183
183
92
75
87
2
181
245
43
49
67
92
43
150
61
136
87
96
100
150
132
246
192
227
204
204
244
253
105
38
235
132
105
87
58
90
33
202
175
93
150
216
160
12
12
123
87
123
22
132
54
180
206
36
210
8
105
8
22
112
226
168
192
22
195
127
14
229
112
246
99
112
62
108
100
42
143
55
168
172
210
61
131
237
9
66
218
171
105
145
43
192
135
40
71
100
154
171
126
3
245
231
22
127
123
105
151
17
206
98
244
147
153
29
250
153
54
126
150
164
156
208
136
211
171
17
135
209
208
54
206
235
40
98
9
14
123
40
40
143
112
129
164
100
185
226
171
217
136
171
40
30
176
98
39
104
105
62
38
114
250
172
211
135
78
65
190
211
119
209
243
207
22
37
211
54
131
143
123
71
153
66
119
243
67
89
118
17
67
157
126
220
54
147
143
75
246
127
215
125
222
98
171
98
171
125
250
129
9
167
184
171
36
17
134
18
109
40
255
212
191
59
13
191
128
58
98
221
147
206
104
231
209
15
149
132
143
98
8
97
9
4
109
188
213
37
171
191
118
63
244
105
250
58
217
171
1
102
169
200
224
191
10
109
121
54
231
17
58
123
152
38
152
36
4
15
211
191
28
65
211
18
54
245
208
204
17
152
11
250
100
125
185
37
98
28
132
98
123
20
40
132
188
74
125
250
143
29
50
191
98
214
217
57
171
112
171
171
17
83
250
4
5
71
1
40
98
192
245
103
166
217
85
224
173
213
14
162
54
166
52
19
153
105
209
162
171
143
151
87
6
87
61
207
173
204
173
246
6
82
143
29
247
173
28
190
168
68
190
126
40
43
136
109
235
208
83
36
22
203
245
29
238
118
83
58
118
74
191
82
211
78
43
216
126
123
182
213
96
43
208
156
74
250
191
171
74
43
58
17
119
47
210
245
40
244
151
152
171
58
177
51
71
200
126
244
58
83
217
244
204
36
211
125
250
185
198
78
208
126
50
51
212
245
79
156
58
119
78
22
244
182
22
245
238
137
134
128
216
193
97
7
217
156
28
21
22
78
156
125
7
43
4
173
223
43
74
153
156
199
69
109
136
58
129
47
43
104
36
190
244
43
74
22
184
182
43
210
68
169
116
126
204
190
49
250
235
51
24
171
22
182
246
34
134
237
75
112
24
184
24
101
125
160
215
118
114
224
182
216
173
77
160
145
182
119
182
235
19
93
110
152
245
188
121
68
78
58
125
156
9
78
119
252
228
217
68
210
93
125
62
98
68
65
160
28
1
118
49
250
97
65
230
124
121
190
126
250
49
138
165
238
152
99
100
134
113
191
207
40
77
85
126
34
40
228
245
191
171
138
254
2
156
19
133
210
152
101
113
235
119
190
182
160
137
202
227
118
120
221
41
68
227
152
109
234
156
206
197
231
107
231
118
64
141
109
26
256
231
106
232
180
246
114
254
184
141
122
64
173
68
190
217
217
68
173
215
254
9
254
227
106
4
254
173
2
78
109
173
213
191
97
2
24
38
250
109
