51
140
129
140
51
177
140
248
177
54
236
32
74
236
118
220
177
140
220
24
106
177
222
220
54
106
220
106
51
239
24
141
177
32
106
106
97
172
13
97
118
212
24
97
213
126
63
250
37
212
88
168
122
172
184
184
205
63
38
174
106
63
26
174
67
67
176
168
215
54
174
50
105
216
91
69
216
122
212
154
9
31
38
212
216
118
105
216
127
38
216
51
160
160
127
153
174
226
145
160
202
9
17
51
120
70
199
50
226
10
11
216
207
216
135
117
51
98
248
128
188
216
216
47
230
47
10
49
92
37
94
98
246
191
135
173
94
127
191
204
60
192
132
237
173
92
9
137
98
186
63
216
172
191
6
120
60
245
237
179
216
62
94
56
214
170
91
191
129
137
131
92
17
82
56
75
117
155
87
51
134
132
94
206
15
181
78
17
117
172
113
127
193
200
144
91
94
255
200
199
39
129
188
182
231
78
78
132
50
171
94
95
247
90
217
100
213
227
132
109
129
200
217
247
37
68
67
97
118
113
185
130
31
97
19
113
222
216
99
97
15
188
9
188
47
207
50
130
109
17
193
12
128
217
51
92
154
216
109
200
49
253
188
49
255
250
158
188
188
188
154
188
68
36
188
254
224
68
87
6
92
188
36
49
200
229
28
47
47
36
239
125
87
125
140
37
25
168
172
59
192
77
123
156
132
82
120
37
125
172
82
254
247
125
188
160
5
59
12
99
254
68
217
92
83
191
188
20
92
230
171
54
68
68
112
4
151
141
43
91
127
43
144
92
85
59
217
68
141
68
54
4
107
92
230
24
151
5
125
99
151
68
92
171
54
68
188
68
209
255
99
68
254
46
207
68
71
82
68
68
68
68
141
92
188
47
4
6
204
200
4
43
162
206
4
156
92
68
229
185
62
20
200
227
44
125
20
4
152
68
68
254
37
229
188
218
92
150
204
188
92
150
20
162
4
188
141
68
141
9
68
37
68
141
197
107
229
90
211
254
188
68
4
254
254
68
141
171
245
246
171
141
118
125
207
9
46
159
254
36
194
254
141
188
24
125
188
191
4
92
19
49
68
162
47
9
188
21
94
163
254
68
245
245
185
216
36
22
125
4
68
113
4
125
197
245
200
68
92
113
59
36
92
92
20
245
217
217
188
37
246
156
125
191
37
20
254
68
4
69
254
68
245
46
246
4
92
125
188
125
65
246
119
125
254
195
125
254
4
152
200
218
185
125
4
68
199
234
185
188
68
28
83
61
191
245
245
227
20
207
254
154
224
185
107
234
20
4
19
185
218
188
21
224
152
254
188
113
68
231
188
43
199
125
68
188
232
5
4
191
68
246
246
21
227
182
68
111
108
92
10
191
234
154
30
229
17
125
125
69
254
191
191
174
99
191
20
68
206
68
12
68
113
152
81
