83
38
186
174
80
174
102
25
80
174
8
25
154
102
72
112
94
174
199
137
69
134
199
94
34
9
94
94
9
123
123
116
116
9
174
199
154
199
94
226
123
127
94
123
174
128
135
216
9
69
128
211
134
83
219
196
70
207
135
181
105
129
216
94
183
38
151
79
28
183
187
18
9
199
6
135
94
105
102
69
90
6
94
135
17
58
216
80
46
167
9
183
60
73
81
100
90
102
226
226
183
147
92
226
40
112
226
93
87
157
1
37
231
66
1
9
45
183
167
18
183
9
9
205
46
157
102
212
193
187
81
114
97
66
73
183
226
247
40
90
212
32
183
113
60
151
9
107
65
129
107
97
220
58
99
130
114
105
58
225
99
9
1
187
40
184
113
114
93
122
239
168
194
1
225
60
139
76
252
212
132
207
256
235
248
66
192
66
217
60
107
66
9
51
139
139
7
248
76
78
114
172
9
114
17
181
40
174
200
250
114
159
194
1
217
184
90
142
137
11
17
109
136
138
114
223
170
212
47
190
81
105
59
132
231
256
225
122
174
70
157
226
138
140
239
250
223
77
72
94
76
132
224
252
70
183
77
114
211
42
136
211
9
70
58
48
60
137
231
140
123
114
109
88
20
228
230
185
142
28
2
114
151
181
1
74
192
70
233
228
128
206
88
180
60
192
245
192
245
256
190
9
2
42
118
52
114
123
219
109
34
184
136
122
122
30
145
70
181
60
125
154
226
239
70
100
137
70
128
210
250
146
160
132
181
53
242
75
256
171
3
207
118
239
187
9
32
85
118
201
109
224
151
229
42
212
55
58
179
87
171
53
233
53
187
108
78
92
171
210
92
37
9
58
53
9
217
122
60
136
89
132
191
103
130
30
217
109
171
29
187
171
30
92
17
42
182
254
144
251
42
130
28
175
71
30
144
134
17
129
122
238
39
140
20
39
92
247
176
20
217
24
19
216
42
37
147
212
255
40
159
28
187
33
94
61
187
199
217
180
3
217
235
101
116
180
217
130
60
37
78
217
199
109
122
26
13
199
149
134
187
20
20
179
37
38
11
217
212
145
207
213
240
25
19
204
94
29
233
89
141
14
182
224
98
75
109
40
53
24
32
207
122
217
81
81
169
139
48
100
114
187
17
40
185
85
240
124
15
154
147
1
4
125
122
2
210
24
217
136
1
233
230
53
253
216
147
134
74
85
27
109
25
78
60
95
67
233
122
27
32
212
137
60
100
154
171
132
204
217
4
124
188
49
148
52
57
185
56
121
129
248
171
217
32
170
63
129
117
94
66
117
136
109
233
94
224
121
52
233
39
75
5
56
172
203
8
118
73
187
254
89
2
89
1
114
89
139
116
169
107
217
252
251
216
138
213
109
190
235
132
236
179
149
26
149
84
121
181
24
103
236
115
113
52
139
125
46
13
132
102
57
60
217
31
30
88
109
113
100
235
100
181
230
169
177
132
137
108
136
226
24
183
117
236
28
174
25
250
86
217
34
39
187
74
137
60
192
32
239
118
170
164
195
230
20
139
95
222
35
107
240
89
30
195
11
19
19
60
179
96
94
14
217
150
117
26
159
217
116
14
61
118
179
251
169
124
149
75
238
179
28
236
236
30
169
105
195
132
103
233
246
141
43
32
249
246
31
78
222
1
100
183
169
242
60
109
108
3
246
89
224
181
132
42
230
19
16
243
197
65
2
227
118
136
132
30
102
230
46
71
200
49
47
79
10
181
181
180
222
222
169
132
116
181
32
226
236
6
129
100
92
88
118
227
59
109
169
243
169
238
216
224
14
215
61
174
255
6
117
176
70
45
222
182
183
129
100
177
116
212
1
33
224
14
60
231
224
6
2
40
11
230
33
217
171
137
182
252
14
29
82
170
170
34
240
222
60
208
180
79
27
117
227
81
40
182
132
233
125
253
168
100
89
109
110
182
163
65
30
250
70
118
230
224
181
35
21
158
10
150
92
229
159
104
182
238
215
1
230
122
201
190
180
168
242
229
132
222
60
59
218
128
50
168
228
177
248
100
1
85
222
130
236
224
114
184
27
236
224
182
116
221
227
182
3
169
47
97
138
108
252
233
233
57
146
136
241
121
246
40
101
182
246
240
169
224
88
252
89
14
3
121
235
150
23
224
227
182
34
136
185
240
183
136
122
10
140
230
218
118
215
122
217
134
118
121
21
179
180
7
52
139
88
35
229
180
163
47
228
250
170
217
95
36
195
256
60
138
31
145
179
219
230
14
217
150
110
199
250
8
114
64
136
217
194
179
33
175
178
108
1
229
256
141
146
41
183
114
224
229
2
180
43
149
141
71
252
2
114
250
230
178
171
121
114
235
203
183
68
198
135
39
222
78
174
240
70
239
149
151
40
256
135
223
233
88
30
1
181
2
183
150
110
114
138
151
32
150
36
40
179
63
223
150
195
136
49
140
109
103
73
40
203
169
222
228
107
35
245
142
22
110
31
63
40
98
158
246
42
182
202
208
27
136
36
63
175
67
141
238
156
15
75
35
236
150
14
109
108
246
92
68
140
109
236
183
36
224
102
121
169
168
88
223
170
136
35
10
47
179
2
245
37
150
246
13
212
184
58
95
40
239
239
74
95
158
167
130
150
170
252
138
223
65
35
226
30
30
40
78
41
169
63
250
49
141
76
228
137
88
181
124
249
135
15
154
95
141
27
214
185
246
47
120
97
1
158
5
130
5
103
91
37
49
227
120
11
115
122
236
64
67
119
61
21
248
49
236
65
236
169
60
78
136
78
176
5
71
88
181
250
89
208
11
88
65
179
170
169
230
22
21
245
15
31
230
169
192
175
234
124
103
88
2
245
245
236
95
31
10
205
169
170
239
141
102
182
222
223
229
144
17
166
109
245
40
140
132
191
96
194
146
144
222
183
203
124
219
169
222
90
173
182
75
16
30
117
75
246
63
203
96
179
88
182
2
202
98
198
140
236
146
47
13
8
35
191
227
1
239
198
109
35
252
14
236
194
180
88
40
235
61
89
144
151
132
88
253
88
252
175
206
240
78
108
50
236
246
184
226
195
183
141
109
198
144
248
236
89
58
198
100
55
82
124
172
182
224
203
162
121
114
37
41
108
11
30
19
92
240
141
114
240
1
37
64
124
240
114
75
132
250
35
92
181
255
139
88
39
170
245
169
30
110
240
238
115
57
140
248
27
46
181
142
170
64
155
236
173
103
245
103
227
24
2
88
118
76
65
25
40
185
89
246
83
10
229
186
88
222
35
40
35
155
5
1
75
24
117
95
252
31
217
205
196
169
210
75
46
228
222
8
169
96
64
180
95
229
132
196
24
200
130
65
194
41
144
183
73
144
171
240
173
130
236
223
65
35
121
249
241
97
130
185
156
88
88
132
41
88
136
196
138
199
240
89
35
157
203
154
249
155
196
88
191
241
219
107
237
30
124
88
55
184
37
96
170
170
102
35
136
104
176
144
169
47
136
132
168
132
182
169
88
83
137
237
75
37
58
256
134
169
234
233
158
83
134
171
115
30
158
30
14
193
64
230
35
103
250
102
141
88
104
185
233
65
240
222
241
88
173
18
168
178
169
16
203
179
181
110
78
203
248
149
177
252
109
201
171
10
181
132
236
158
203
170
168
4
114
236
138
104
224
174
169
115
114
158
170
136
74
82
18
84
32
67
40
30
121
170
136
108
130
224
70
224
84
144
102
254
28
168
199
83
146
67
118
249
65
169
155
201
170
29
6
89
247
253
167
30
243
32
233
78
195
195
236
4
215
157
252
