138
182
47
182
103
61
83
105
80
83
181
181
103
182
181
181
199
222
219
47
199
105
199
103
162
26
187
57
129
105
55
205
110
231
79
243
216
55
103
208
38
135
222
28
233
231
57
231
192
58
80
26
199
237
191
174
174
181
127
248
94
181
94
208
26
28
9
69
38
181
104
174
39
231
135
251
155
154
140
69
69
138
138
99
247
221
99
47
174
208
212
176
199
216
42
225
244
219
225
94
237
9
28
174
129
94
55
69
135
172
251
135
99
225
182
255
126
185
217
99
122
216
91
38
52
236
147
69
42
39
216
225
26
42
91
91
126
39
216
9
172
94
117
135
144
174
42
99
94
24
66
217
216
99
20
225
103
94
236
127
67
104
225
256
172
251
243
41
190
99
191
103
46
216
182
94
9
94
69
69
144
172
66
197
69
69
174
154
66
104
69
212
191
42
216
138
52
167
127
207
217
225
107
249
36
172
20
216
94
210
41
218
157
94
172
60
147
24
210
46
99
191
179
140
191
91
125
216
210
249
212
26
191
191
191
60
117
236
221
119
191
191
166
127
144
174
141
229
99
9
167
247
172
50
18
197
218
233
154
233
164
141
90
191
238
197
233
62
37
171
41
125
99
191
91
191
98
221
174
156
220
191
25
140
216
123
251
210
66
174
137
174
120
24
207
61
188
36
104
58
202
9
191
195
233
117
210
46
25
11
120
233
117
202
144
216
24
130
197
233
207
167
191
216
117
227
198
69
197
191
191
234
117
199
192
24
125
144
172
194
170
127
231
94
147
247
227
20
241
141
58
98
185
212
5
119
174
25
180
120
247
144
94
89
26
101
154
46
128
127
117
247
188
126
191
191
94
234
94
144
222
29
81
144
207
125
210
212
142
99
24
6
47
151
180
231
29
92
191
156
125
52
252
244
210
128
130
172
38
207
220
19
197
61
130
130
251
145
66
256
231
205
251
216
167
207
61
104
47
98
247
46
247
216
246
203
191
234
191
130
46
199
11
227
216
6
192
104
9
243
255
251
197
151
69
74
120
93
94
138
243
67
164
94
4
61
138
9
19
144
10
122
200
232
55
174
165
46
181
191
20
185
179
56
231
47
220
167
58
24
84
20
207
151
251
125
182
130
19
202
94
255
167
20
174
105
147
93
122
191
121
254
122
210
99
83
6
130
9
99
227
99
185
141
67
216
181
96
192
200
198
135
50
231
179
35
38
6
128
20
192
247
155
69
62
181
38
167
198
83
226
185
141
133
135
213
167
31
99
216
54
167
139
256
200
67
81
221
138
232
141
216
126
125
198
160
173
246
66
98
19
129
125
183
198
96
98
161
251
216
20
67
91
120
72
207
234
237
4
119
11
126
120
198
103
254
237
246
161
207
239
24
6
120
24
200
141
20
16
213
254
2
248
216
94
216
74
19
178
129
15
197
145
122
244
19
74
199
216
15
198
145
117
81
94
239
101
122
107
198
142
68
83
151
254
216
255
19
12
139
183
152
222
9
99
93
213
24
125
20
94
216
227
199
254
215
221
81
96
52
234
60
160
197
137
164
164
198
87
221
142
49
61
198
253
110
246
78
244
74
78
207
47
154
244
9
141
212
182
200
243
32
20
215
94
167
180
227
141
247
65
115
185
4
241
154
116
39
167
254
90
61
129
96
128
126
131
198
65
244
12
254
47
213
167
226
112
239
254
6
247
173
160
91
17
188
156
4
70
226
251
190
129
213
160
185
120
206
213
254
147
67
20
217
242
232
138
39
91
83
227
55
4
232
125
200
166
72
181
116
216
52
14
73
76
199
74
230
200
190
127
28
246
125
129
160
26
127
65
47
157
219
243
38
230
254
213
141
132
199
90
202
254
243
233
184
9
244
241
54
182
11
246
223
231
255
49
37
4
9
17
184
92
244
69
61
232
198
93
246
99
9
244
254
110
207
132
161
88
156
6
173
200
1
6
212
212
73
195
44
96
83
4
199
105
227
20
52
6
46
253
9
163
215
72
161
156
233
185
199
223
37
233
58
197
184
180
85
200
26
15
213
128
138
215
12
25
131
89
184
72
193
9
159
198
230
6
180
89
37
254
198
20
90
157
241
215
234
4
6
65
198
106
210
107
47
56
203
5
91
139
142
6
142
37
3
250
242
160
142
244
61
36
201
90
213
24
110
73
58
126
65
167
216
151
86
2
47
61
106
154
141
254
38
191
244
113
255
20
92
106
244
31
250
120
86
106
142
200
145
179
255
4
122
213
24
99
202
198
61
27
25
36
227
86
6
200
157
126
163
25
18
19
61
156
99
232
6
199
180
156
132
226
86
213
251
255
232
167
37
50
61
54
193
18
234
96
58
244
83
72
150
98
118
227
90
128
83
10
200
160
96
69
14
213
47
161
188
56
195
156
26
227
232
99
53
23
6
61
47
72
241
26
187
195
46
218
232
69
251
110
198
45
200
63
221
242
111
197
56
215
133
255
232
135
83
72
69
161
45
218
