18
129
203
212
128
40
211
212
128
170
66
40
66
87
128
83
212
66
211
87
128
165
194
184
97
97
212
208
106
128
95
165
62
212
128
160
165
165
208
97
123
95
128
208
66
132
161
208
41
66
208
97
208
97
89
132
41
59
51
211
165
98
116
160
66
113
62
66
160
128
62
225
40
87
77
95
224
165
110
136
184
243
110
155
31
23
243
163
243
128
97
243
66
87
155
171
97
77
84
32
231
222
184
143
210
235
253
222
59
161
230
146
211
98
6
32
95
69
206
150
31
172
87
230
58
222
9
172
164
161
231
162
211
171
165
202
202
128
239
110
146
52
202
58
125
243
92
215
172
125
233
121
17
128
202
104
129
31
21
58
84
52
104
128
63
129
205
104
25
209
27
25
13
94
146
160
84
208
160
9
172
179
130
146
128
114
222
150
95
151
208
21
79
84
231
129
156
104
69
84
172
99
145
195
84
75
165
92
120
249
135
7
235
103
128
29
194
26
162
226
130
84
206
218
129
88
21
98
17
242
82
21
9
206
208
80
179
188
215
138
204
218
162
75
129
222
204
238
208
118
215
181
75
208
122
30
173
109
150
223
143
218
109
141
21
123
28
218
99
191
110
208
73
84
123
94
223
123
110
21
73
138
84
74
177
249
84
74
87
182
17
74
123
238
216
84
176
6
84
162
73
122
164
242
19
28
191
230
141
207
19
151
113
245
31
121
6
251
94
231
130
206
231
222
194
141
112
29
245
121
75
143
94
29
81
241
147
110
147
68
75
202
109
133
59
105
198
199
143
222
156
205
17
98
194
209
138
84
244
141
126
105
211
112
218
83
198
246
112
63
4
198
225
112
91
162
147
210
112
138
99
251
176
82
162
157
82
133
24
218
97
165
82
252
141
4
199
251
205
157
78
165
95
65
141
105
162
165
182
152
200
125
4
83
242
130
85
138
21
115
242
49
144
231
160
169
97
66
225
256
164
195
230
116
28
4
165
231
214
87
32
241
195
146
142
176
166
86
84
249
77
160
231
115
72
31
27
46
47
58
47
227
214
66
84
186
6
240
31
215
44
241
254
84
138
237
98
21
227
215
217
146
122
138
3
84
195
58
46
214
131
112
77
186
160
227
214
143
147
249
214
28
197
219
53
160
114
72
143
214
227
153
141
214
204
71
162
70
141
84
51
53
197
150
4
121
144
157
231
141
54
59
49
117
214
115
213
176
3
71
194
184
245
115
157
209
98
99
4
117
58
141
235
84
123
141
80
209
209
243
39
235
82
7
4
152
255
3
199
72
142
4
245
215
88
63
198
255
171
142
255
141
104
141
255
255
255
213
82
141
255
161
255
218
15
193
218
234
197
152
4
119
141
3
4
42
122
156
191
141
36
197
96
80
33
253
107
197
53
4
191
141
213
82
56
213
232
53
166
191
187
155
191
163
10
195
68
135
157
