186
111
106
111
215
111
175
228
175
228
72
242
106
209
242
162
83
242
228
157
28
123
111
228
112
73
89
242
91
89
50
159
98
46
202
204
91
232
143
215
220
76
82
108
98
222
111
106
111
88
50
220
72
115
77
76
189
4
91
111
162
76
190
240
192
24
20
66
24
25
235
98
52
125
189
153
127
24
125
227
251
125
125
153
180
84
251
251
155
106
197
251
204
180
129
197
84
189
251
115
24
94
156
52
225
153
89
106
99
18
9
18
251
235
251
161
18
99
99
84
18
189
82
18
203
9
9
161
197
159
205
204
79
80
94
99
159
191
20
72
99
73
45
212
235
213
162
125
99
191
18
99
72
9
8
251
156
123
9
20
24
57
76
72
69
161
25
31
213
140
57
197
94
83
99
213
167
125
57
72
240
173
25
153
72
231
99
182
202
89
25
225
41
222
83
22
156
20
98
211
213
125
123
231
125
169
72
157
140
99
104
251
20
209
82
162
148
251
229
225
125
4
173
115
239
58
83
251
21
157
83
237
232
238
162
125
26
18
72
84
72
218
9
72
239
125
125
99
7
94
80
213
99
251
125
197
202
125
115
42
213
161
72
23
73
244
125
225
25
147
218
197
231
215
72
251
213
236
115
202
72
94
161
7
216
42
231
157
218
197
197
99
58
231
197
99
48
72
144
88
222
42
216
202
222
157
147
72
213
157
83
83
125
72
25
174
235
218
213
133
20
147
198
219
198
163
27
67
213
191
213
120
198
235
12
46
205
34
212
20
198
25
202
99
194
253
84
72
30
130
205
142
125
218
213
76
139
94
38
240
201
40
253
202
35
72
81
6
27
213
191
218
101
81
197
20
31
197
72
229
232
92
250
197
57
245
242
1
48
88
215
115
184
157
11
99
170
201
155
40
108
250
202
88
115
40
229
103
96
46
202
201
43
203
199
104
196
64
250
58
169
99
102
121
35
173
213
32
221
197
48
34
20
61
40
20
157
157
197
202
10
40
180
8
48
213
228
157
88
218
148
202
81
61
85
34
184
155
1
130
72
256
157
34
88
236
157
250
238
83
92
23
88
73
204
203
72
28
215
169
199
41
88
103
238
155
103
197
72
179
251
199
122
12
15
85
78
113
157
72
223
157
197
12
202
96
223
156
10
229
62
187
96
129
6
108
238
83
242
28
228
110
103
8
73
31
202
252
28
175
23
239
146
153
104
219
184
220
199
199
220
31
83
236
85
96
74
129
197
65
238
161
87
34
10
61
113
6
197
120
9
175
14
221
23
81
111
85
229
5
12
215
3
21
197
225
205
113
38
107
153
169
180
223
163
218
146
72
96
23
218
175
219
147
120
156
23
255
235
190
191
164
255
215
197
121
225
21
218
58
166
223
218
220
73
248
190
48
19
120
183
179
201
149
46
181
238
21
90
45
61
237
242
58
23
253
219
18
197
23
26
69
5
242
197
38
144
10
252
16
119
169
85
83
169
21
157
223
85
31
22
204
6
89
249
133
197
85
238
222
157
31
228
28
144
180
95
229
155
187
201
197
218
197
139
34
130
238
200
229
201
3
123
255
58
34
88
234
214
83
14
23
157
210
24
2
96
242
66
81
250
103
6
248
224
164
93
113
3
134
32
108
5
238
169
225
11
108
190
147
186
91
115
229
82
88
107
197
19
23
6
195
174
79
228
255
225
237
252
252
72
21
126
72
202
197
147
85
161
40
39
35
252
119
151
242
82
19
238
227
139
85
228
6
179
255
116
64
219
236
108
212
120
192
64
96
161
58
102
145
182
158
9
113
220
58
256
61
248
93
236
169
183
120
96
106
219
22
72
11
169
23
239
228
249
242
227
236
1
149
115
85
169
113
5
159
144
106
22
23
82
34
19
10
201
174
228
252
72
79
14
82
120
201
197
155
238
148
228
34
229
219
58
96
5
38
47
34
190
23
189
159
23
228
16
83
139
82
19
157
23
103
64
203
161
163
19
214
158
18
157
229
229
169
82
38
24
6
85
159
72
81
154
159
121
120
159
82
161
82
197
23
72
197
72
48
23
134
72
197
52
82
161
48
45
218
190
34
86
159
197
218
56
23
161
23
23
48
23
197
161
23
232
