29
135
205
203
88
251
168
190
65
169
205
252
171
121
253
179
58
208
54
46
35
169
179
191
110
252
71
59
233
256
107
171
204
80
59
208
52
252
190
73
185
169
241
252
139
144
95
186
256
186
252
108
29
11
243
183
36
237
209
8
252
74
108
236
88
109
73
10
203
179
109
250
198
171
204
208
116
164
245
168
229
106
233
83
168
198
203
166
108
244
205
121
183
108
256
198
169
252
243
101
20
11
101
171
109
142
231
58
170
58
181
252
54
75
109
7
252
109
142
250
106
47
252
37
22
190
183
40
59
183
138
139
209
95
252
183
179
182
29
203
182
235
59
58
180
241
179
112
179
209
87
203
68
52
233
95
211
169
209
167
190
230
230
179
179
251
116
183
59
110
8
13
58
166
113
179
68
58
171
138
24
13
221
22
179
144
171
233
58
97
210
179
170
238
55
229
132
46
93
164
179
177
184
204
55
221
139
162
251
180
182
121
136
194
194
177
80
97
184
219
4
171
37
24
103
65
205
122
122
47
97
154
246
209
29
12
90
37
164
244
239
12
63
245
181
256
13
184
95
250
58
26
97
55
135
52
181
169
169
58
101
116
177
63
246
144
184
24
171
10
108
184
144
88
181
223
56
37
144
97
31
156
53
24
235
92
239
167
222
154
179
219
233
231
90
181
240
211
203
146
47
222
12
58
115
75
141
128
233
101
241
37
178
171
128
52
182
198
154
132
12
223
139
239
241
170
101
167
55
194
144
109
162
220
104
191
150
171
58
96
38
256
113
244
171
182
129
180
144
113
229
233
93
129
252
170
206
167
90
43
179
179
221
71
68
101
245
93
183
167
154
179
29
88
195
222
252
141
70
176
150
154
162
168
203
109
59
37
94
252
5
55
73
93
200
65
8
108
179
176
240
102
128
157
51
19
144
75
46
193
198
253
167
87
154
167
167
171
164
109
233
150
200
182
233
138
249
147
210
170
122
63
75
230
236
128
63
88
4
228
244
150
78
34
167
186
210
140
222
5
135
166
179
19
42
15
7
55
117
14
58
208
8
179
150
239
13
73
219
210
122
4
210
73
37
37
179
132
170
65
179
35
222
11
93
240
59
145
181
65
196
58
228
31
166
180
6
52
179
171
179
13
222
194
85
101
193
171
37
122
75
63
58
33
194
231
237
100
38
139
235
230
58
103
170
104
39
193
81
65
65
210
223
205
140
38
38
38
54
122
58
182
170
68
252
58
97
103
97
114
139
210
249
167
68
179
198
231
222
144
210
206
16
149
14
116
78
122
209
128
242
138
183
233
179
233
29
171
181
167
78
130
205
93
8
184
144
210
103
169
181
93
154
180
25
168
144
93
109
164
230
219
54
39
13
58
86
206
201
181
203
182
177
235
108
249
216
61
249
164
177
229
170
164
143
182
89
83
11
97
240
255
46
58
52
181
37
122
224
235
34
216
89
200
210
7
37
33
78
2
166
119
222
244
198
230
150
53
164
92
164
122
13
65
4
69
58
124
256
164
252
40
32
220
168
14
65
72
136
210
77
198
184
241
154
2
72
199
235
191
71
194
28
140
252
205
38
168
220
37
132
52
190
182
256
181
171
24
243
164
249
177
8
18
233
171
65
108
237
97
37
181
195
180
198
222
205
222
172
129
131
83
109
231
229
170
116
65
252
229
28
131
14
122
116
118
93
174
181
230
24
114
222
115
121
184
89
124
11
8
85
196
120
103
249
235
243
139
174
211
124
161
65
96
3
198
174
132
83
182
164
138
13
70
216
154
77
39
182
67
78
41
238
222
93
169
97
79
249
139
124
50
255
49
52
228
24
134
252
139
227
93
222
183
219
239
228
78
222
52
49
246
248
28
95
14
235
228
151
190
91
243
208
85
108
61
85
140
146
237
236
243
121
56
138
210
29
77
78
124
46
108
41
88
9
144
242
52
132
105
139
24
154
11
167
237
103
131
167
193
190
192
37
64
13
65
154
233
17
239
236
243
208
164
11
83
154
253
137
198
124
17
59
54
199
195
249
243
171
77
122
120
90
222
133
237
131
54
252
51
238
158
136
196
237
238
247
170
181
228
153
83
168
164
227
140
168
131
179
235
121
77
171
37
252
159
37
55
139
131
183
220
99
215
220
85
184
18
196
70
97
205
252
134
18
78
83
154
133
163
205
93
66
168
34
154
114
63
54
54
55
229
7
47
159
205
237
239
190
18
58
229
54
78
205
252
208
247
248
236
222
11
132
165
236
77
253
137
230
114
131
154
74
244
129
114
57
141
216
246
171
161
166
122
117
208
95
184
159
114
168
103
251
122
127
59
205
184
49
79
32
57
144
249
157
88
179
190
82
256
77
219
109
77
124
168
228
34
37
137
130
114
236
230
161
3
176
215
36
114
247
115
7
29
53
53
78
216
138
51
115
184
207
114
76
235
95
57
180
77
244
147
229
144
77
153
107
130
54
89
195
29
235
222
181
169
133
131
123
114
39
165
68
140
35
250
211
168
52
174
133
137
116
214
247
171
235
117
203
135
117
114
208
150
179
100
115
79
77
214
211
207
20
134
194
99
206
94
137
159
104
29
131
99
227
236
74
144
196
168
25
34
235
15
171
227
146
164
224
70
60
85
10
86
216
133
74
218
79
140
90
86
255
235
251
102
211
163
74
31
114
179
208
15
33
53
181
53
126
176
124
99
80
256
135
220
31
167
218
213
3
230
231
133
252
136
206
29
144
191
114
37
220
126
169
113
217
157
27
191
179
75
132
82
72
167
63
224
138
237
69
131
182
11
77
164
169
53
72
122
144
133
3
13
155
85
139
206
179
248
106
220
168
3
77
33
133
53
31
13
82
249
108
179
11
237
106
226
189
32
72
235
233
121
59
251
53
227
188
158
46
33
117
169
107
184
25
216
224
142
249
167
25
125
60
207
131
46
20
255
124
181
179
214
199
239
249
9
36
158
190
179
82
210
54
25
208
203
184
21
168
203
202
179
113
9
7
133
170
26
102
238
46
233
65
121
168
167
99
191
170
202
20
133
248
250
167
153
218
139
46
1
238
256
113
158
196
58
239
124
144
255
90
113
124
179
77
26
121
169
130
88
2
78
38
170
49
58
26
168
124
194
248
223
24
179
33
113
