37
14
182
231
106
217
91
68
58
91
106
165
51
18
217
165
83
37
18
194
14
164
111
251
135
188
8
22
97
235
140
97
165
58
205
217
211
8
51
59
97
87
82
235
217
206
111
220
84
97
191
37
123
18
243
114
31
217
150
235
114
243
184
180
84
250
206
235
122
229
93
205
138
37
97
235
33
63
84
140
82
28
25
58
231
235
179
170
217
167
236
28
201
14
143
146
114
114
35
139
185
235
229
122
212
31
121
175
121
244
121
100
59
241
83
207
130
110
7
74
229
81
17
92
131
93
70
63
108
65
103
131
210
59
176
223
84
203
187
195
239
179
13
235
167
35
242
113
135
205
74
209
240
223
85
256
65
63
103
107
24
35
142
186
25
33
201
20
242
108
6
168
144
170
250
203
171
245
252
28
128
81
63
245
93
86
235
35
240
82
80
60
141
125
175
201
125
121
64
2
209
235
112
61
235
13
28
153
21
35
196
147
64
235
145
225
25
170
211
244
93
64
89
253
108
241
146
1
113
135
27
253
1
24
176
114
217
144
128
82
41
229
203
1
128
141
169
256
210
154
58
135
8
36
187
239
131
33
229
121
135
35
35
145
25
180
20
79
10
233
8
63
223
194
167
242
92
144
184
14
169
43
81
167
135
229
42
8
196
38
256
229
2
135
179
131
101
8
87
74
130
253
153
35
36
230
156
60
40
14
20
135
176
215
33
121
100
35
229
223
219
256
76
46
121
35
7
35
239
233
236
215
81
100
103
244
138
101
24
63
170
127
33
191
229
47
195
42
95
201
139
206
252
180
203
195
223
36
64
197
196
169
1
140
229
21
203
245
140
154
176
108
146
93
203
67
96
47
35
128
245
121
6
100
187
250
179
229
35
164
169
108
256
13
107
141
186
100
244
183
203
208
59
215
93
178
33
35
108
253
191
190
103
210
103
66
32
55
203
167
126
170
52
93
35
229
117
169
60
252
242
142
147
221
89
72
246
121
194
103
142
101
169
115
180
191
240
24
240
40
135
23
46
59
73
28
187
8
196
164
24
35
178
203
175
179
248
190
29
35
229
59
76
60
253
252
136
237
159
62
24
93
229
84
88
94
166
229
150
142
58
219
256
108
252
65
241
229
142
63
2
130
169
187
114
167
24
221
1
1
101
166
74
75
170
40
236
184
24
21
93
108
27
35
229
71
89
203
1
88
60
135
83
235
76
236
230
7
142
236
31
205
80
13
191
205
89
8
121
130
236
211
147
233
43
82
185
37
147
65
210
212
108
169
85
178
243
253
166
108
121
170
60
170
138
154
7
5
83
169
35
24
20
139
219
147
89
128
35
141
107
101
35
127
169
166
179
24
235
84
191
86
201
97
169
225
185
229
121
8
77
60
87
223
113
135
135
144
139
103
223
253
82
131
219
139
100
19
89
6
120
244
221
221
35
60
40
246
229
59
191
64
164
236
107
169
176
81
83
179
169
21
253
92
122
32
139
108
203
146
201
176
179
229
183
252
72
169
230
13
60
64
250
229
5
144
92
24
176
251
235
253
252
122
17
187
128
33
63
34
176
149
10
153
241
131
195
21
140
201
21
250
14
113
10
203
60
93
117
225
213
42
121
244
203
73
139
102
146
201
25
145
212
83
73
180
35
15
211
1
147
194
38
195
110
193
239
184
195
230
36
256
169
210
93
24
210
180
121
195
65
65
58
192
61
203
88
144
256
82
195
88
229
236
179
8
35
125
256
59
185
179
196
212
252
20
53
144
169
205
195
201
18
107
108
201
34
253
28
244
201
35
196
219
108
10
92
253
52
205
59
237
10
223
20
15
256
108
190
201
108
113
212
11
142
81
209
181
203
135
239
223
36
2
121
203
194
241
236
229
135
206
10
103
169
144
138
256
35
164
186
132
125
61
186
22
170
32
13
65
35
108
25
215
121
186
31
35
113
238
122
28
108
39
22
108
35
130
134
128
88
108
154
186
64
23
205
150
166
93
130
60
227
223
240
35
24
36
251
169
241
44
229
138
89
24
180
25
147
251
95
77
156
6
121
91
212
203
1
89
65
74
170
252
205
33
219
24
60
210
187
24
191
60
89
91
212
210
35
245
170
255
187
225
179
140
203
187
115
186
170
58
239
223
35
35
125
8
191
167
166
24
109
100
103
10
256
108
248
13
256
170
256
113
14
196
58
65
113
129
116
170
8
144
100
251
121
2
1
108
215
108
187
76
256
25
223
42
63
240
13
169
223
103
115
121
236
186
116
22
223
169
59
35
3
70
138
46
60
11
1
90
117
135
256
46
256
138
233
10
87
104
142
179
1
83
169
109
35
116
223
236
240
108
121
35
120
240
38
154
167
35
217
205
169
137
87
8
35
230
179
172
144
240
95
169
64
184
135
210
240
252
83
238
201
35
83
256
121
121
100
179
210
35
169
252
109
14
64
43
170
89
223
169
86
183
103
74
201
35
10
201
170
108
195
35
61
198
252
187
248
250
129
223
82
25
231
35
35
201
187
201
24
222
212
206
225
240
137
27
63
249
11
244
5
203
8
121
191
28
169
20
128
74
20
100
52
81
8
36
7
205
146
31
210
59
169
147
203
32
166
110
190
31
231
121
139
169
121
105
196
205
170
73
169
253
108
142
65
42
211
180
83
210
35
103
240
169
144
169
139
24
164
130
112
64
229
10
167
195
193
8
81
167
80
90
31
146
81
1
122
20
142
135
35
248
34
135
24
166
186
116
128
83
223
4
219
34
242
240
169
107
169
146
186
32
100
121
205
19
240
11
8
187
91
25
245
117
14
142
108
236
52
22
58
42
121
49
121
131
108
46
144
253
70
65
144
144
125
89
32
203
191
47
130
88
38
24
219
14
179
59
60
202
9
221
144
253
167
252
39
27
191
134
217
38
245
196
225
223
83
236
223
179
91
240
186
65
187
256
236
93
203
240
205
1
222
253
121
146
170
93
8
113
212
90
211
10
170
186
10
117
236
201
169
166
10
93
238
170
169
35
65
38
110
39
120
201
137
156
213
8
203
38
169
93
140
81
38
252
233
174
151
203
103
236
186
174
14
2
103
103
20
69
234
61
190
210
89
130
1
88
10
102
88
86
41
253
176
25
134
83
65
227
25
130
18
91
138
121
146
109
63
233
135
46
236
10
90
196
9
190
185
135
236
229
244
1
108
166
245
40
220
1
199
125
187
116
142
180
81
92
169
18
7
206
46
131
23
135
239
180
47
196
170
109
240
35
33
60
219
233
210
135
144
244
241
20
35
170
170
93
166
229
221
89
190
170
30
37
121
2
203
147
78
113
142
102
11
223
8
39
167
109
73
93
17
107
252
245
130
154
223
135
240
21
195
95
88
190
18
245
61
223
169
108
196
96
35
121
47
103
35
169
198
33
253
35
248
215
252
203
238
55
170
38
169
170
181
170
201
8
240
169
33
59
10
122
179
37
230
35
135
208
75
187
252
183
93
102
108
236
221
255
153
34
144
213
14
61
154
193
60
74
46
235
113
170
83
208
194
73
89
196
194
121
35
229
139
231
146
239
46
229
145
210
194
97
34
135
256
69
182
1
31
248
89
96
240
238
229
116
40
195
251
125
130
252
229
103
201
52
124
202
146
46
201
108
201
196
60
91
180
130
223
179
117
240
102
201
47
119
216
251
89
196
166
35
86
103
164
103
74
180
201
63
42
102
219
225
187
167
32
190
21
144
203
229
122
37
9
58
59
167
239
83
183
35
170
240
35
223
146
120
195
223
176
223
240
5
103
256
253
103
240
179
83
24
21
221
65
187
219
164
34
108
122
70
201
221
144
215
106
169
83
236
35
215
41
69
154
121
39
252
135
83
93
225
203
89
64
242
35
69
123
164
121
30
203
256
196
58
185
65
108
170
63
203
195
108
5
245
65
223
10
245
179
58
223
17
170
35
22
169
89
172
43
230
256
169
108
169
107
248
35
256
210
8
240
170
174
136
199
24
248
256
122
180
203
250
21
8
1
150
230
236
58
6
25
195
21
35
223
240
244
144
219
180
89
103
113
170
208
18
10
103
187
21
238
108
147
195
139
203
19
253
170
101
101
236
52
66
53
24
124
238
91
61
78
170
203
190
256
2
83
31
11
252
244
256
169
140
88
135
170
186
10
225
150
46
96
233
223
236
219
252
196
53
169
121
93
251
60
169
253
240
169
223
203
238
169
19
12
166
219
33
240
229
122
24
14
19
64
169
69
191
121
137
117
63
140
205
170
32
10
83
8
103
53
180
201
180
8
35
36
190
43
39
35
24
14
35
35
35
17
83
88
185
109
173
10
170
84
169
81
2
33
52
88
196
72
229
67
187
238
53
35
51
236
96
22
111
248
138
70
3
36
24
238
107
22
90
103
20
233
74
83
14
10
220
14
34
89
5
8
121
252
169
80
181
86
57
46
88
253
107
28
64
187
63
89
192
10
20
76
164
5
229
37
5
117
121
65
38
55
1
245
10
113
236
239
57
252
35
164
74
10
59
1
18
223
203
153
140
108
5
89
121
169
113
2
5
146
34
108
195
252
52
238
24
176
117
158
20
146
223
240
35
93
8
219
67
219
169
38
229
93
185
169
24
180
64
169
241
115
169
170
1
236
21
172
252
91
96
47
170
64
201
253
83
64
13
90
31
89
81
170
33
225
88
130
240
240
191
75
108
244
59
172
96
146
186
88
38
252
140
36
182
216
170
10
197
139
169
241
107
19
93
5
176
121
91
176
86
252
25
172
35
76
35
220
4
169
230
146
33
88
60
103
102
10
231
201
1
164
31
10
253
139
42
170
121
122
103
24
237
253
35
170
170
21
107
190
75
5
142
108
55
35
88
34
27
101
252
108
93
10
5
210
169
32
5
245
89
169
122
130
4
69
201
174
250
105
130
169
11
219
244
122
240
195
112
170
191
48
150
201
210
88
248
219
42
240
203
146
24
34
180
252
103
45
10
240
52
15
164
153
169
198
256
240
195
60
13
117
102
25
191
2
196
93
169
199
76
121
93
186
164
35
93
201
101
64
203
240
154
192
195
195
170
102
113
35
176
170
33
240
170
241
134
236
35
122
238
58
255
236
169
220
88
35
38
201
238
240
169
117
65
203
64
245
13
219
125
198
169
146
10
49
35
25
200
169
107
103
139
159
170
108
244
76
201
169
251
103
14
108
191
69
172
86
245
49
244
103
130
41
201
3
169
255
223
169
135
89
34
96
14
256
164
28
35
169
198
64
16
63
116
8
34
195
26
1
122
103
223
19
139
135
206
103
13
169
196
256
245
201
83
90
184
166
198
8
49
46
10
190
40
2
151
88
10
52
8
103
164
241
244
10
108
200
169
219
24
100
70
240
13
180
181
154
105
31
201
240
101
150
201
91
238
131
22
164
195
252
180
35
169
170
130
223
203
122
140
78
144
15
193
19
10
31
244
46
138
169
122
195
64
152
93
8
201
219
170
187
61
19
121
147
34
2
103
93
77
190
19
1
58
35
17
139
130
240
170
121
240
229
63
201
25
164
122
88
64
201
169
130
196
212
75
100
117
210
75
237
65
102
166
69
121
130
25
213
223
169
108
22
121
108
46
239
215
5
35
180
201
108
59
103
34
153
198
201
240
190
138
24
64
24
242
169
248
58
75
35
81
203
89
75
27
198
107
240
212
39
33
35
35
114
236
74
236
21
130
170
144
228
8
202
227
209
169
26
103
121
10
198
240
6
89
203
219
19
10
19
253
55
8
244
229
75
253
121
18
113
221
59
70
108
60
60
169
47
39
183
253
96
221
222
8
230
115
134
105
207
137
151
221
67
195
108
96
75
169
103
170
75
25
134
64
136
113
170
76
150
256
53
250
78
250
195
169
60
83
242
142
64
135
228
108
197
50
203
121
62
81
91
227
238
93
195
242
81
5
43
144
135
256
224
22
172
91
61
248
219
170
140
41
13
160
122
37
240
176
6
169
46
153
19
22
201
248
122
198
14
253
65
43
32
244
35
235
96
248
256
96
169
49
190
100
198
240
236
229
2
53
93
5
137
65
219
122
195
115
230
144
36
169
102
238
34
193
89
201
144
196
34
38
225
117
167
228
199
116
2
170
103
19
107
103
130
61
34
31
96
100
100
10
100
64
201
253
113
180
134
35
124
152
131
43
53
96
130
26
5
34
131
196
193
178
236
86
2
96
76
120
142
167
198
4
13
255
6
96
169
83
53
120
195
63
89
227
49
190
45
95
96
34
238
227
140
198
243
8
74
216
194
207
35
83
198
115
65
243
93
10
253
39
68
227
241
199
100
115
124
43
