225
205
208
205
112
194
184
31
205
71
59
162
162
121
146
209
35
136
225
33
21
191
225
67
217
214
240
162
160
218
58
223
225
14
138
235
59
183
239
130
239
67
225
229
169
223
203
33
212
215
71
79
225
75
146
223
35
182
188
113
229
229
118
199
75
117
203
35
81
126
31
2
65
225
33
73
176
1
1
108
90
229
214
170
162
100
166
158
60
223
239
223
16
222
229
225
33
191
152
199
199
191
200
103
94
151
176
151
212
229
142
253
33
20
67
112
89
130
166
110
130
229
181
117
83
35
178
42
90
218
5
8
60
112
175
118
24
108
208
35
243
5
89
49
203
31
151
241
54
70
191
197
145
107
35
1
61
54
122
54
100
40
75
60
196
93
223
52
1
222
61
74
223
169
171
100
229
25
59
142
223
235
191
20
126
117
246
156
100
108
20
90
141
242
42
184
154
151
3
229
1
151
80
160
173
135
187
194
218
90
218
58
60
184
145
35
154
235
219
24
169
138
251
118
10
195
14
180
144
236
124
176
85
92
226
96
39
192
24
106
105
60
231
105
253
132
38
151
190
78
231
120
88
10
252
185
99
184
31
70
205
193
223
187
33
79
32
118
103
30
238
26
169
103
250
207
198
149
201
69
71
128
47
147
88
63
73
14
1
231
108
237
145
90
150
35
248
70
126
1
192
221
79
236
195
223
15
212
196
88
128
118
125
135
119
161
1
72
120
162
207
5
247
195
9
15
213
75
113
218
100
178
196
1
187
90
90
253
72
153
223
219
162
156
137
15
64
8
174
211
21
153
240
60
90
16
60
194
194
17
191
23
240
25
153
1
150
191
85
10
210
89
52
35
88
190
66
5
113
201
195
130
60
219
19
149
214
14
195
184
8
135
14
229
238
43
219
210
139
221
153
221
256
87
153
128
138
96
108
163
184
94
25
236
219
87
35
174
215
60
251
242
144
109
10
156
39
176
165
169
2
213
60
169
153
184
237
213
20
117
119
135
52
221
96
167
118
33
42
25
130
1
94
210
74
187
113
240
236
184
16
86
172
157
86
190
149
32
163
52
73
173
238
179
236
187
31
75
238
232
32
85
4
24
147
141
169
133
182
27
41
52
138
41
199
18
96
223
88
83
236
94
205
147
19
153
251
108
2
120
81
215
212
90
85
69
248
108
71
96
183
25
149
220
133
154
215
47
10
184
256
94
158
229
88
15
56
79
103
191
171
194
207
239
108
99
244
113
21
8
184
223
221
126
235
239
196
164
47
99
137
225
5
71
169
14
130
110
116
147
192
221
223
158
210
19
27
195
117
90
45
99
48
34
229
100
161
232
137
1
148
160
250
46
39
60
213
158
248
218
96
72
235
149
76
74
108
69
196
119
222
35
223
100
250
223
26
139
76
231
191
163
177
187
58
133
191
250
184
56
171
74
211
167
25
63
218
65
73
81
222
31
239
139
125
52
44
184
74
157
220
141
74
184
195
216
88
119
183
81
7
41
190
213
15
25
37
13
99
44
161
235
9
230
15
256
220
95
96
220
190
55
184
108
218
184
3
120
85
31
147
104
221
133
219
175
3
116
154
32
171
76
119
15
20
205
228
54
60
202
139
117
10
156
74
213
79
127
34
100
65
242
177
117
5
15
250
215
184
52
244
110
96
119
71
117
147
38
199
184
223
139
183
248
88
142
174
10
79
94
250
31
177
226
61
193
218
120
139
222
139
93
145
196
248
89
3
3
45
134
187
169
110
202
51
153
98
108
177
172
102
223
5
184
177
67
93
244
236
216
35
134
99
39
37
34
213
219
99
27
168
141
236
169
72
201
56
12
1
31
250
6
216
184
201
96
242
24
23
144
72
238
134
152
32
64
64
215
235
210
184
153
15
184
106
15
17
144
25
71
100
76
218
41
170
64
15
163
174
27
183
215
229
96
163
238
31
94
218
161
108
70
184
4
99
194
133
56
156
32
108
123
76
163
210
52
11
250
177
210
174
40
93
108
229
48
71
210
99
160
216
229
218
15
194
218
215
100
232
26
213
105
117
192
192
191
203
239
235
60
160
86
10
21
119
147
133
244
31
32
223
23
235
34
14
147
53
32
196
133
64
158
120
26
133
65
31
3
19
218
153
25
77
15
52
72
232
215
63
158
141
232
159
150
72
56
105
15
38
126
23
175
223
6
96
66
233
216
109
90
99
54
99
137
219
116
184
106
72
54
235
211
17
190
140
187
186
216
219
85
102
5
5
9
148
182
250
103
110
238
50
176
43
173
23
47
44
199
230
108
201
70
236
15
26
71
9
238
196
229
71
234
163
116
184
24
242
103
42
218
202
39
38
235
235
210
253
194
85
42
42
148
163
54
15
156
25
168
82
163
172
159
232
25
213
10
85
135
96
256
159
242
100
133
244
72
54
54
108
192
135
32
111
65
242
153
235
174
89
235
218
94
65
52
75
15
107
18
182
9
88
15
21
228
63
255
139
159
34
18
110
32
110
212
213
208
33
15
196
52
218
116
100
73
220
251
108
104
248
163
184
237
110
99
184
73
22
135
196
110
113
172
202
99
235
3
63
34
74
212
196
5
228
120
184
45
7
242
61
41
113
207
106
119
103
38
219
34
179
45
148
18
199
229
110
168
99
106
220
62
177
187
184
72
23
219
190
7
159
150
159
149
256
176
26
184
164
135
54
210
52
239
184
218
110
235
213
238
248
38
232
72
14
184
159
228
232
73
96
248
72
130
171
232
151
175
155
208
127
133
223
213
54
96
159
196
159
148
42
74
103
21
56
104
159
131
80
20
7
213
238
242
71
56
223
117
244
9
159
190
139
76
70
205
114
223
81
219
208
216
253
110
102
150
73
63
86
70
184
147
26
35
213
124
168
184
15
19
91
72
192
158
254
139
175
32
5
73
40
38
15
158
136
54
72
151
104
144
203
221
99
99
163
34
184
229
177
8
175
85
31
211
13
77
148
15
32
57
228
85
72
27
184
26
184
72
159
190
184
237
153
183
39
249
161
218
33
203
110
45
71
202
34
48
103
88
221
62
131
63
61
238
202
45
247
133
256
25
228
25
35
191
24
201
127
45
242
210
175
91
214
131
18
100
215
218
158
114
183
221
221
184
71
133
72
99
125
96
133
32
19
195
149
63
133
99
135
133
232
237
38
44
218
72
218
161
70
216
23
184
140
168
149
42
64
209
196
41
15
189
235
256
218
133
144
133
147
225
45
228
133
35
186
163
133
61
136
201
25
83
218
27
94
184
245
150
85
184
81
195
52
42
56
161
72
152
72
205
51
186
83
252
154
52
126
212
237
77
170
213
44
252
218
184
214
42
238
95
72
87
79
162
159
5
35
195
45
51
61
208
94
3
242
35
27
18
232
163
172
52
61
159
140
76
103
66
55
202
63
155
210
63
256
55
103
59
144
83
67
23
15
151
128
18
214
232
155
70
88
91
36
135
72
54
228
133
10
153
218
159
56
220
209
56
24
73
35
232
238
73
190
13
85
3
51
27
244
210
72
52
140
11
239
159
192
5
243
202
36
69
69
55
191
99
11
158
210
112
11
54
208
139
242
150
218
236
65
44
153
161
15
7
120
195
232
176
45
150
85
190
8
242
150
10
147
232
139
232
150
254
91
232
25
232
83
223
235
124
228
23
166
159
51
242
25
150
27
168
184
63
139
212
153
194
126
114
201
57
201
161
159
140
139
104
242
28
213
81
63
63
220
139
104
19
158
213
155
45
72
35
139
59
107
88
130
173
202
65
61
184
130
233
161
23
175
117
150
213
218
213
213
140
88
232
38
196
80
230
13
218
202
85
23
223
201
242
57
205
226
184
80
133
232
191
81
23
51
45
103
213
184
52
232
40
212
184
107
89
52
63
133
153
134
73
18
235
55
134
247
25
188
39
40
58
58
256
237
67
161
45
36
249
52
254
25
85
33
65
72
59
150
82
18
58
36
87
139
52
83
195
254
208
11
223
11
15
151
56
71
232
27
109
166
209
119
71
42
55
101
82
101
253
101
52
193
203
45
25
33
32
65
37
94
232
44
11
209
150
58
101
80
29
43
215
191
42
150
253
197
150
129
202
72
7
223
230
159
174
253
136
251
80
7
18
11
73
213
109
129
55
215
109
118
76
251
210
176
161
213
191
212
157
7
125
7
44
256
55
130
112
181
146
84
9
62
209
36
230
161
72
80
112
125
203
78
112
168
89
21
77
42
113
49
213
191
253
1
244
36
80
219
191
184
213
184
8
146
256
184
77
202
59
244
256
63
77
56
96
63
256
238
57
63
20
148
