97
97
97
205
208
205
243
95
208
97
253
208
97
95
97
40
208
205
40
208
59
121
37
90
40
90
243
109
40
3
114
65
146
220
241
75
250
31
90
80
151
171
28
241
220
84
90
90
145
90
88
109
205
151
54
59
183
171
46
87
40
3
46
171
40
51
106
37
60
222
40
106
59
28
40
59
51
144
222
220
51
51
109
47
87
40
119
128
30
168
144
249
205
8
51
47
37
109
125
222
132
67
132
241
127
177
80
47
171
180
1
63
108
58
162
185
58
154
103
21
128
90
138
171
154
194
203
184
80
62
166
114
223
59
34
181
37
245
173
81
90
37
37
37
141
8
126
47
118
90
40
37
47
20
84
37
194
223
239
210
173
203
23
169
165
35
171
20
222
253
122
118
199
47
164
49
171
252
171
54
170
212
20
37
203
203
90
194
72
169
88
20
1
109
21
41
75
189
37
23
236
105
117
185
22
205
222
220
23
125
171
182
240
118
105
171
225
176
183
55
109
146
188
75
49
112
204
50
125
200
206
106
40
124
185
166
114
73
253
171
20
52
37
37
236
206
168
125
103
125
109
109
113
80
184
60
98
6
144
182
92
211
29
110
37
116
42
206
250
246
42
164
83
80
89
206
73
170
32
29
246
126
109
22
96
168
96
240
139
88
194
55
131
41
120
15
115
211
241
121
20
210
206
60
250
118
80
146
211
5
184
256
78
3
125
39
72
166
20
167
32
35
97
256
253
126
127
230
214
222
109
75
92
135
250
235
117
27
250
128
60
171
229
135
203
88
184
20
89
232
244
128
1
229
37
225
139
169
72
96
89
136
127
73
219
169
95
1
139
52
90
95
150
132
167
194
87
89
89
246
83
190
125
109
135
4
205
256
168
101
161
78
206
146
184
125
84
39
97
166
128
39
32
124
26
194
245
135
90
152
245
125
96
37
60
37
110
142
92
95
168
37
67
182
7
195
250
208
78
176
253
158
9
244
60
37
170
80
256
80
37
253
184
23
78
20
125
192
105
139
139
46
55
37
1
53
14
238
35
27
1
1
103
237
210
14
125
105
236
65
141
37
100
14
92
100
20
167
185
5
113
53
79
26
135
252
67
14
60
37
24
168
203
167
139
37
256
229
256
78
14
27
126
164
183
239
174
237
198
255
22
34
123
110
132
64
157
14
4
203
37
4
113
33
89
175
64
80
125
166
39
139
53
121
204
139
113
115
139
103
171
35
65
210
14
157
196
117
20
14
31
67
132
233
229
233
190
256
14
146
49
173
256
84
100
77
164
186
186
140
111
189
108
101
80
44
91
23
139
84
14
20
56
20
120
39
216
228
69
183
78
60
24
47
20
10
1
35
20
79
228
149
60
171
80
86
29
78
203
20
39
83
256
224
203
100
102
104
67
167
4
132
53
241
91
100
233
111
24
139
97
110
121
66
24
128
39
141
256
71
1
39
244
113
139
125
30
31
199
139
55
117
252
86
125
171
196
204
189
157
12
45
124
80
240
241
167
194
46
42
167
167
219
198
150
4
140
111
91
231
214
1
164
72
40
25
117
57
130
60
91
96
79
256
125
78
35
39
100
49
100
124
233
217
144
167
1
240
79
22
204
249
73
10
214
170
144
12
118
204
46
254
34
72
223
34
249
78
86
132
109
220
171
107
40
211
156
210
156
64
34
65
244
146
117
224
244
230
125
191
128
109
14
231
203
24
40
56
192
59
128
249
169
106
40
86
86
2
188
201
41
256
1
24
39
209
169
111
91
171
179
248
71
230
195
40
80
13
8
210
100
223
256
130
14
88
199
244
40
113
58
198
196
64
114
190
40
224
20
117
12
210
193
64
221
220
103
78
100
196
106
231
110
132
24
40
144
142
35
39
106
256
79
210
249
238
24
256
187
135
203
32
110
149
171
14
79
49
164
171
150
153
230
169
89
103
18
144
189
241
24
244
146
4
135
106
210
31
37
24
149
39
19
169
115
52
88
86
153
26
57
12
146
238
91
135
37
213
80
238
60
237
189
248
220
157
60
76
73
59
104
161
101
238
64
145
26
1
23
188
7
186
196
1
196
62
188
196
135
251
238
176
105
189
10
246
250
58
240
84
26
226
157
30
153
194
248
224
176
190
221
237
33
254
141
135
14
225
113
203
58
10
33
144
76
37
168
135
198
91
25
113
167
21
28
66
65
13
26
40
167
139
102
142
103
220
119
14
115
252
91
190
75
238
169
220
134
166
170
145
144
84
243
253
57
232
245
186
229
13
11
106
108
63
69
217
207
142
219
216
219
196
219
31
8
236
132
45
214
106
189
190
185
13
240
155
168
238
139
146
119
135
201
145
18
196
33
169
224
78
198
119
60
192
153
79
8
7
196
135
103
137
91
198
125
181
26
96
241
202
141
254
28
49
110
83
214
62
204
135
164
77
86
96
209
232
183
35
145
249
91
141
238
116
236
69
3
119
130
105
245
115
52
162
144
39
91
70
139
219
76
106
222
5
151
33
35
11
238
179
120
134
73
33
145
219
196
170
35
26
246
110
45
89
192
220
226
44
11
147
84
14
176
106
129
132
117
6
10
19
186
58
174
8
134
170
176
252
23
74
192
65
4
89
179
72
80
76
4
25
189
209
79
57
219
56
130
8
222
144
176
135
79
161
216
145
223
240
56
134
217
170
241
210
253
238
203
144
33
250
43
58
190
240
237
248
10
106
169
219
204
117
217
185
115
14
78
176
136
64
59
129
91
157
176
84
183
169
67
86
149
7
252
68
107
106
236
91
25
135
37
145
10
188
5
256
74
236
32
24
29
79
89
219
256
153
179
79
33
109
12
219
60
60
231
132
169
223
119
52
224
241
35
91
219
134
252
194
45
106
96
86
112
195
135
2
69
52
120
134
121
25
137
238
252
130
163
33
58
192
134
232
43
170
60
219
171
238
238
35
256
192
189
189
39
83
219
57
101
144
25
167
10
137
252
201
130
35
26
30
189
64
169
171
253
176
14
195
172
115
60
33
249
33
238
231
155
98
25
231
25
196
33
65
91
135
60
25
134
137
76
33
170
196
251
103
8
189
79
146
10
108
88
86
231
64
69
24
186
103
174
214
89
182
253
60
9
213
169
33
162
86
123
134
86
31
228
117
223
245
12
60
10
113
86
106
134
52
231
113
195
89
33
33
79
171
238
78
52
190
7
44
256
58
157
16
170
134
56
52
201
34
130
179
10
91
26
248
231
255
103
238
107
210
39
135
252
52
14
42
157
101
179
86
194
210
196
151
244
69
146
8
33
187
60
155
93
102
130
42
256
253
252
74
167
207
21
79
205
32
230
58
137
232
139
169
56
201
40
157
181
35
35
100
135
5
179
52
135
190
44
89
246
59
217
81
230
11
130
60
70
91
35
256
72
196
42
134
170
217
203
135
10
226
43
32
201
26
37
58
232
151
247
201
44
42
72
170
91
30
45
115
9
192
36
217
38
226
4
195
106
110
52
38
26
69
145
147
144
64
49
78
203
256
248
77
74
146
231
25
141
219
238
169
117
170
102
217
192
86
245
29
77
42
249
45
32
256
214
170
134
33
141
14
192
169
26
116
107
25
78
134
157
213
12
57
210
9
137
13
201
226
89
191
256
121
117
115
203
45
137
135
154
171
26
33
214
33
44
252
201
137
146
69
115
26
26
132
137
249
76
34
29
132
33
210
246
185
35
228
240
35
62
224
226
211
199
26
167
226
132
33
26
100
10
117
60
60
135
135
86
30
117
224
60
224
