230
126
126
131
126
230
126
249
136
75
75
145
131
31
56
60
147
31
75
182
56
136
45
11
191
209
230
176
180
162
222
190
56
141
45
176
11
143
178
217
232
181
249
209
211
84
72
230
129
252
25
199
176
45
40
143
39
14
217
217
252
178
73
93
94
35
11
199
211
147
83
178
129
232
86
149
150
95
35
60
217
182
190
176
202
84
32
242
43
11
129
210
94
16
217
203
138
66
8
235
160
94
206
199
60
176
256
29
88
135
235
174
80
31
245
149
176
89
210
12
174
248
233
14
39
213
217
233
147
66
223
141
72
154
181
221
159
210
248
72
252
83
232
141
54
141
248
123
203
35
97
96
15
134
141
217
179
213
227
165
103
76
62
169
25
92
217
174
186
213
141
179
29
223
184
118
83
87
60
32
92
211
15
229
165
117
32
218
252
32
245
84
190
172
218
218
210
9
55
122
9
52
248
65
188
61
139
250
72
100
24
179
35
167
156
144
10
101
221
207
132
41
41
112
110
95
127
236
55
116
100
203
9
229
67
42
96
135
256
114
179
205
181
122
52
11
98
122
217
248
233
13
132
21
11
107
72
15
65
122
248
217
172
24
100
100
34
133
100
213
76
238
170
100
250
46
124
88
25
46
93
245
217
145
38
53
114
238
217
248
217
86
35
55
46
12
217
235
176
159
26
65
207
213
226
25
132
211
203
110
100
16
147
148
226
112
76
67
10
60
203
207
215
63
100
140
19
224
76
102
230
91
176
110
88
217
146
174
72
73
210
64
252
1
18
62
105
59
250
193
196
124
186
56
52
14
139
211
192
190
34
172
15
89
230
30
165
60
175
190
141
179
57
52
217
38
149
98
132
15
135
229
91
93
79
72
180
18
161
22
213
42
204
90
248
64
236
203
224
102
74
59
10
56
96
63
186
79
170
135
122
223
147
236
78
110
250
167
15
56
8
226
185
103
8
226
182
44
64
219
229
73
233
248
39
149
6
195
29
248
190
56
256
5
181
103
64
174
36
34
86
203
13
190
226
27
14
83
108
239
238
118
179
100
29
39
131
88
34
157
228
202
139
110
34
236
192
226
85
38
139
72
196
25
8
76
202
88
49
182
133
12
86
96
238
112
165
118
19
89
52
113
35
179
18
183
59
128
60
181
144
201
233
60
205
167
124
194
108
169
166
39
182
66
14
28
90
154
73
15
11
108
79
252
235
145
232
167
139
73
22
57
135
235
131
13
38
40
117
166
39
211
10
146
36
205
192
164
135
180
11
141
83
117
169
54
76
24
94
66
120
21
203
99
180
66
73
84
207
44
235
131
27
12
93
192
51
29
33
66
108
91
135
120
32
129
167
65
100
179
21
79
210
141
57
178
64
135
181
110
18
59
89
31
63
18
144
57
196
81
3
121
133
21
33
229
64
121
21
236
70
24
226
253
63
210
64
224
244
214
59
28
141
169
86
64
212
154
21
103
222
174
14
32
214
169
108
229
180
154
32
175
167
35
32
147
154
219
88
70
148
186
28
73
251
256
133
114
226
88
160
244
222
40
6
223
141
178
44
153
76
15
256
136
38
44
1
53
73
56
124
49
202
61
129
248
21
170
159
228
158
19
171
212
28
102
114
153
10
81
18
35
57
52
167
212
236
250
195
153
34
55
134
153
192
10
177
177
15
82
174
153
231
8
120
124
74
44
61
174
155
39
64
176
13
218
25
76
110
190
167
182
179
118
88
32
215
96
225
55
170
35
124
195
252
148
12
183
9
207
196
182
93
111
170
188
163
220
91
223
109
215
207
29
233
218
225
73
27
6
226
236
164
148
10
60
194
18
219
74
39
65
235
237
21
68
199
64
183
176
25
195
88
199
201
199
64
34
195
36
219
74
83
52
77
256
153
199
207
84
215
15
31
193
25
140
169
55
205
212
222
38
216
10
93
178
121
76
124
55
158
50
251
253
183
216
228
221
139
223
210
207
169
39
203
123
100
83
35
116
249
116
12
243
199
228
25
12
13
25
88
34
40
144
86
187
203
119
109
55
73
120
115
205
174
158
25
139
30
115
64
228
249
139
51
134
88
121
255
170
233
13
153
207
225
103
11
158
44
114
28
228
134
25
123
153
167
201
54
167
238
63
109
11
218
64
168
236
214
214
116
100
247
52
223
222
15
179
61
199
139
88
178
229
202
159
253
248
216
83
216
13
190
52
236
49
116
178
207
39
238
70
67
244
76
167
27
167
222
72
164
132
153
110
229
88
154
184
215
63
217
164
202
120
191
1
120
93
69
220
253
210
215
114
43
70
31
52
133
230
138
163
50
42
216
230
227
199
249
226
179
214
37
93
2
148
218
162
91
111
218
176
100
158
52
34
174
12
247
192
3
248
121
215
73
167
116
216
118
120
55
206
43
116
55
110
168
21
120
32
37
233
139
197
86
111
38
229
170
187
129
57
38
187
167
158
26
52
53
229
238
65
140
37
139
207
187
210
163
187
46
170
117
49
255
187
229
174
166
174
125
201
134
111
255
232
9
196
121
196
117
229
163
77
124
33
32
64
39
78
34
255
72
187
220
9
54
15
82
178
41
256
2
255
242
39
171
3
138
93
167
207
82
69
217
199
182
223
37
163
57
207
54
249
250
116
250
120
195
207
216
148
55
76
139
116
163
122
252
78
79
39
201
86
93
8
219
5
135
132
224
105
79
148
16
228
88
229
125
52
39
60
2
250
32
10
70
164
60
42
210
63
250
10
229
210
60
188
38
197
43
38
229
210
110
233
164
139
236
238
158
167
216
133
1
191
255
61
226
43
39
255
197
153
81
52
52
224
42
202
250
163
228
60
83
110
218
149
4
231
158
200
168
255
85
26
9
192
132
221
217
220
52
122
167
199
210
247
140
52
15
167
172
243
78
132
198
163
93
233
72
174
132
197
249
138
255
139
221
169
6
4
117
183
86
82
60
36
23
158
211
112
57
153
248
207
220
93
214
122
65
61
207
132
240
24
90
187
198
167
60
55
63
60
15
10
56
236
60
198
113
63
205
147
173
230
37
207
228
226
155
215
187
60
210
60
39
226
168
64
146
102
19
38
139
58
94
26
99
39
55
233
132
207
150
255
116
127
60
187
34
134
57
38
142
63
241
191
168
61
193
4
60
233
55
193
210
196
121
11
72
233
163
168
50
63
72
78
135
60
61
60
58
249
210
55
135
159
48
147
197
186
135
72
79
229
100
100
117
38
26
79
86
43
14
193
58
10
63
60
36
130
59
38
147
113
30
232
233
60
167
179
154
193
157
49
155
69
210
198
126
255
214
255
168
38
22
43
10
60
45
24
101
137
168
134
60
83
70
234
82
233
251
193
221
53
251
193
193
193
251
40
210
216
4
167
210
195
161
171
233
193
101
210
120
43
155
212
157
187
