105
8
105
170
123
145
145
256
145
145
170
222
8
170
192
19
220
110
251
251
175
175
156
251
18
16
18
106
156
18
248
251
51
10
220
123
14
242
51
123
90
220
18
18
51
145
50
251
251
220
51
156
242
250
145
34
54
189
220
225
69
106
251
16
181
112
225
8
18
181
225
106
235
138
183
129
250
220
212
138
64
222
212
126
225
112
220
225
63
125
225
239
222
239
34
239
187
250
226
196
187
181
138
181
63
219
238
237
253
24
88
24
250
222
225
183
22
181
147
222
250
55
38
196
239
38
239
55
178
162
39
145
86
220
74
55
86
153
250
239
86
39
181
226
250
63
8
251
136
42
145
162
249
33
250
55
77
165
33
248
237
55
88
196
178
162
183
162
251
77
184
111
39
63
38
239
42
222
193
63
184
63
228
54
147
239
127
140
183
162
127
225
250
181
32
193
63
151
188
126
126
239
102
159
150
37
222
125
252
28
88
126
108
39
168
235
125
86
92
29
223
90
177
239
184
248
15
6
22
19
183
239
237
37
113
239
138
28
37
28
22
251
37
175
26
16
222
100
239
195
71
71
225
239
46
6
20
32
33
208
177
14
97
20
24
225
250
165
14
20
105
54
22
37
172
192
177
129
230
175
250
219
75
127
225
24
154
147
239
168
212
14
247
73
171
171
128
128
226
206
211
192
5
198
177
225
75
160
151
188
247
219
31
171
225
245
11
250
235
246
237
146
172
220
245
11
226
235
68
116
108
128
97
24
125
71
250
116
66
212
105
183
159
65
206
184
160
11
67
220
143
15
226
116
246
117
243
171
73
129
28
19
76
172
162
11
28
114
184
132
22
128
13
28
128
235
171
250
115
39
147
128
108
108
79
203
217
45
28
146
188
226
88
123
183
45
212
171
109
143
29
55
122
54
245
147
147
149
95
11
147
108
136
184
162
147
28
208
109
136
87
28
55
4
13
217
128
183
235
162
245
75
188
217
222
79
245
30
217
154
123
174
109
150
28
109
95
206
132
77
235
45
114
30
63
237
236
193
196
116
226
16
176
63
211
217
109
174
30
3
171
68
190
208
250
55
109
226
235
114
162
250
29
243
79
114
1
140
235
195
184
118
220
236
11
9
132
1
114
168
44
168
116
123
195
245
132
28
68
30
71
117
183
252
79
9
252
249
109
112
3
245
4
160
108
66
132
63
220
30
226
238
1
184
30
171
109
147
124
30
229
114
122
217
109
149
127
65
177
165
177
120
174
54
97
209
1
30
114
64
127
204
193
30
223
122
197
30
30
1
84
37
30
30
114
38
30
237
109
30
217
30
93
117
226
131
30
15
237
63
217
38
122
38
53
1
228
188
39
216
241
30
223
79
177
114
227
6
30
136
150
30
14
133
183
69
241
178
144
178
122
9
30
106
30
224
101
193
196
238
246
30
228
54
38
77
216
178
186
104
56
144
4
120
227
151
82
1
30
30
63
183
181
163
82
253
184
124
82
30
217
105
250
147
94
103
227
185
91
11
38
30
1
26
2
116
235
30
109
35
237
54
82
82
247
247
206
201
61
221
42
10
178
242
57
69
132
3
82
56
15
227
101
10
26
192
224
114
139
38
61
228
63
183
32
85
30
211
183
63
30
32
171
116
76
6
227
163
86
169
186
238
94
214
11
109
64
192
63
197
30
227
168
201
256
38
232
93
76
256
120
201
13
30
178
141
124
39
115
65
10
146
228
94
65
74
25
144
110
22
238
212
221
227
43
91
200
183
17
61
178
2
37
163
238
183
142
134
61
38
237
106
10
241
131
236
253
32
61
120
132
249
201
30
230
13
122
124
69
64
172
53
256
28
30
91
237
82
35
203
170
174
61
205
221
38
221
48
227
210
221
76
9
76
206
224
44
129
79
83
88
183
73
63
180
255
186
186
187
91
238
210
163
247
35
113
195
111
169
168
34
105
30
126
174
183
24
39
133
240
163
105
149
247
195
205
146
139
172
192
119
104
91
39
223
134
53
217
193
56
38
1
63
26
254
199
88
134
110
62
133
35
139
197
86
232
34
119
193
163
68
43
26
48
169
135
242
192
252
238
187
82
221
163
169
43
195
199
197
111
197
43
100
82
164
179
158
70
64
120
201
13
10
69
196
197
88
238
228
121
26
220
91
111
10
228
2
83
192
170
228
170
168
37
86
64
39
169
