81
162
139
135
154
21
211
179
11
179
55
97
233
252
231
6
128
138
138
128
184
11
164
91
167
237
179
138
176
11
67
184
198
95
176
237
252
180
101
33
145
174
129
129
59
231
180
171
195
128
231
167
167
241
3
129
171
174
42
237
167
101
241
184
171
137
101
87
101
101
205
36
89
162
59
55
73
241
31
176
108
117
174
168
167
191
145
211
211
233
122
234
207
207
247
168
195
146
59
209
6
233
36
184
108
135
233
195
3
176
58
66
101
13
65
171
171
70
70
167
66
17
67
229
105
211
33
203
36
65
117
135
58
58
9
172
162
97
192
211
36
29
97
13
255
233
104
232
38
66
31
54
174
136
161
195
248
24
207
9
180
172
146
233
15
172
211
6
135
70
15
250
137
150
29
113
17
203
216
24
38
129
145
113
135
126
146
66
150
164
162
232
29
180
38
113
124
154
211
247
164
227
61
113
239
147
29
29
113
126
65
233
39
164
3
192
33
168
33
29
59
150
132
13
186
135
164
180
117
50
88
29
181
233
162
28
15
231
70
171
239
15
67
235
203
87
256
33
133
181
113
116
61
256
15
126
97
38
3
117
150
164
9
80
187
50
226
65
223
99
113
208
188
123
33
61
191
167
92
164
213
36
129
3
167
187
178
150
66
80
217
80
15
247
51
235
13
123
233
68
112
233
115
4
67
70
73
168
113
28
111
164
65
210
15
231
127
178
185
37
68
117
80
119
58
15
139
125
227
132
181
171
97
180
30
235
60
135
80
195
134
48
80
45
224
77
227
182
60
60
6
80
59
92
195
135
167
176
113
104
80
21
168
5
237
15
241
125
24
199
28
191
166
21
128
113
80
150
116
207
28
68
113
97
129
34
77
15
13
77
152
21
152
191
104
143
210
103
36
135
166
12
132
24
43
168
18
139
135
247
60
191
241
185
197
208
86
80
138
141
80
131
191
142
227
158
11
233
82
4
171
208
67
114
152
229
99
226
38
164
217
229
117
127
217
122
135
107
67
60
29
15
127
132
182
210
191
186
188
226
15
59
29
67
191
7
208
241
247
141
80
43
3
208
114
15
209
68
167
203
21
146
67
142
36
229
171
152
231
54
171
78
36
114
35
171
114
36
256
109
114
241
124
60
68
65
78
132
30
114
256
68
58
35
93
29
191
118
150
4
68
171
135
68
59
146
1
141
147
107
22
182
119
173
127
77
130
65
15
198
154
43
2
78
226
231
60
37
107
169
150
37
60
230
24
231
231
195
31
169
231
5
170
158
231
248
140
217
171
171
247
227
15
68
231
35
113
71
53
241
167
2
30
121
111
71
171
169
37
231
113
134
19
133
220
121
103
112
77
193
226
24
169
206
182
85
109
234
138
21
146
132
93
118
36
49
241
35
196
109
55
256
109
201
105
205
211
224
171
95
43
158
112
187
246
210
47
109
140
231
167
11
192
172
10
80
206
14
35
14
109
121
43
187
53
10
4
135
60
35
132
108
17
241
70
116
172
158
141
191
124
80
239
195
192
203
55
19
80
166
65
223
2
222
60
177
247
201
89
197
38
1
241
43
100
35
195
162
177
65
60
130
191
60
24
35
137
164
201
37
241
241
60
226
193
35
35
35
201
88
5
238
35
169
169
30
230
198
187
10
170
255
224
244
52
174
174
170
35
80
70
201
68
201
96
70
224
35
