84
84
162
162
84
250
174
182
121
146
256
139
160
121
166
67
75
123
130
182
174
94
184
166
164
190
7
47
130
58
164
97
226
253
11
47
52
194
75
17
194
209
52
113
162
102
71
41
90
121
29
58
54
84
30
175
179
211
54
190
162
170
29
251
226
29
147
240
135
75
13
209
102
253
84
35
205
130
166
133
202
75
7
59
252
90
71
166
30
165
166
90
12
55
61
52
186
129
27
146
220
195
191
55
90
128
248
195
160
40
199
91
175
107
27
104
118
142
200
157
19
94
129
128
242
40
71
33
33
128
208
248
40
69
139
242
243
135
202
7
88
123
87
251
245
248
194
231
206
123
229
251
55
124
142
128
165
21
71
188
114
54
205
90
141
8
208
186
87
102
208
194
142
248
248
208
211
47
205
150
176
8
59
55
208
121
150
147
217
153
150
209
54
136
154
95
166
106
94
106
2
26
212
203
52
1
240
172
129
97
195
208
245
40
21
7
87
170
105
194
108
240
23
205
151
70
194
170
248
167
211
135
25
249
153
129
242
50
237
94
154
209
242
191
191
208
21
176
237
154
181
67
150
54
122
66
242
54
244
243
174
206
239
229
205
47
151
28
193
150
247
253
171
172
205
226
106
101
25
247
67
156
208
151
175
113
109
203
42
175
240
103
162
165
125
174
150
190
205
191
124
208
150
150
251
119
169
135
128
135
122
226
154
122
67
50
244
184
55
46
66
47
89
8
31
50
157
16
164
130
66
92
42
225
97
130
153
188
245
230
169
242
66
116
114
176
61
195
113
43
147
97
21
24
50
47
108
158
195
25
177
90
92
59
151
92
50
208
248
103
123
157
160
251
194
208
50
205
188
166
169
143
50
8
132
256
172
190
153
32
67
237
135
244
166
97
55
70
222
99
217
33
222
225
92
127
14
50
192
204
110
205
240
59
160
35
233
62
94
123
20
138
44
95
242
139
242
143
215
59
130
66
182
123
200
187
62
70
194
248
166
116
206
103
215
191
181
57
174
204
89
234
28
16
230
182
6
71
190
200
195
1
164
158
147
147
180
6
203
20
151
181
185
219
211
17
67
248
250
206
205
15
131
205
208
67
225
109
96
174
225
182
204
196
172
55
123
25
200
6
215
30
2
234
144
150
6
33
143
2
128
226
133
176
251
165
14
199
256
85
177
70
171
122
200
151
130
229
166
185
138
94
226
28
205
167
91
181
94
17
65
30
241
41
97
83
92
244
199
94
17
121
239
212
182
25
140
198
181
171
206
97
171
97
222
203
77
251
25
65
67
190
6
121
65
59
184
178
160
203
243
164
82
75
5
205
10
119
10
143
38
65
209
216
59
10
244
212
205
214
84
48
143
113
212
206
95
241
87
66
138
179
213
223
83
82
250
160
94
8
250
135
154
82
196
41
55
129
37
65
215
256
190
184
143
191
84
82
175
170
211
94
191
16
150
110
166
231
213
28
152
229
97
94
239
211
175
244
34
170
200
10
203
85
118
58
191
67
225
83
85
43
233
28
40
40
171
178
87
82
229
28
165
143
226
21
138
8
192
157
82
92
190
147
28
171
143
35
225
16
212
24
46
173
239
141
124
231
222
166
117
217
231
100
159
176
226
55
47
241
213
217
21
67
256
83
92
243
154
178
65
86
194
3
115
135
143
187
83
185
82
230
165
159
82
67
212
217
169
61
151
123
203
207
206
173
130
221
222
210
242
133
238
82
85
92
149
85
5
251
82
229
206
222
82
83
109
192
82
156
61
171
43
130
171
31
19
150
18
208
125
230
175
174
211
108
85
118
88
226
178
185
170
82
38
241
145
140
17
140
172
35
211
185
207
30
226
208
183
236
77
255
165
160
13
28
47
191
48
82
240
211
182
191
128
231
132
80
239
201
82
206
34
204
253
19
194
192
171
65
244
28
8
200
196
10
82
178
246
14
208
222
219
67
171
43
33
125
174
87
24
182
76
171
226
194
58
16
175
27
205
121
119
28
57
101
226
160
244
160
102
82
241
205
23
226
130
29
18
75
244
87
140
237
29
92
140
191
200
135
30
71
185
16
138
75
204
206
27
166
255
170
23
181
75
230
85
241
53
242
23
108
113
166
20
1
225
33
86
226
182
145
140
143
222
18
91
135
40
87
19
7
82
229
192
62
118
120
8
7
165
121
210
199
231
236
190
242
87
212
92
147
197
101
92
90
48
205
180
85
157
91
130
129
75
86
252
160
18
191
178
36
171
160
222
18
252
35
26
236
94
109
82
132
24
109
140
205
226
185
169
201
236
199
56
75
95
88
109
147
168
40
200
169
128
109
219
109
139
244
54
186
70
10
17
168
254
107
58
24
249
65
225
138
21
82
59
170
209
152
199
82
153
122
182
119
236
174
240
256
252
227
89
157
246
133
123
199
10
70
231
107
20
10
71
6
123
205
248
98
236
157
41
85
101
236
71
209
121
177
53
172
191
180
119
31
61
123
171
235
96
171
61
24
207
41
56
172
254
97
127
72
221
82
148
185
2
140
149
202
71
109
83
10
156
70
82
60
133
198
46
231
235
203
21
138
247
37
232
4
56
82
254
208
53
58
170
180
148
216
164
27
217
182
18
152
190
23
140
98
154
83
177
182
31
169
9
11
17
67
157
38
205
122
82
109
198
181
88
215
215
35
224
153
46
164
38
25
87
105
190
190
109
170
61
194
145
55
188
65
54
147
6
133
185
28
105
223
254
145
168
233
87
254
198
203
106
58
118
98
201
96
215
244
156
202
150
220
191
81
152
241
148
252
85
59
182
230
254
117
187
221
6
52
82
92
132
97
200
134
229
19
254
215
21
65
230
142
253
49
241
98
244
85
181
249
230
198
221
54
241
96
14
96
205
140
150
19
21
29
21
215
11
36
96
26
6
52
144
85
14
116
185
55
229
114
244
120
154
49
6
108
198
144
143
4
39
144
227
209
246
136
151
254
36
6
64
154
51
230
185
85
141
5
82
200
215
64
27
200
173
85
224
14
111
170
19
144
34
241
96
224
140
154
81
82
47
113
168
152
156
87
140
116
254
142
254
92
205
132
92
4
143
92
200
133
14
224
102
200
187
92
65
96
95
52
24
244
5
4
38
212
4
119
224
144
114
19
193
179
61
129
118
245
4
246
76
201
4
254
143
93
142
254
254
231
231
4
200
231
245
189
24
222
200
229
58
21
64
69
227
185
246
254
9
98
21
254
191
125
193
164
92
21
254
216
123
98
227
149
193
14
233
