230
256
249
256
165
146
80
146
209
209
209
209
209
209
62
203
209
84
62
165
166
165
7
231
209
80
35
203
220
112
112
220
244
251
89
51
86
208
38
253
251
230
140
51
151
162
208
112
17
126
112
203
163
98
163
7
126
244
143
25
112
122
98
151
208
86
105
231
127
208
228
143
162
151
162
126
127
140
112
127
51
127
163
204
52
91
129
54
127
204
228
126
204
209
27
41
159
143
13
204
126
204
165
74
143
231
151
98
62
143
160
126
98
11
151
98
67
98
123
79
51
214
133
204
56
79
140
203
84
143
91
16
51
239
112
112
143
212
143
214
123
159
163
145
160
123
225
3
143
143
176
7
126
216
51
231
90
156
107
209
165
214
204
231
7
108
126
215
209
192
11
162
123
244
84
98
160
74
51
209
220
85
112
182
85
69
209
90
13
90
74
115
16
85
85
157
165
228
5
175
69
186
146
165
224
137
138
219
230
188
199
106
162
145
231
34
204
36
126
194
243
209
50
231
199
79
191
132
112
51
115
151
220
162
17
87
222
151
120
146
245
141
51
129
204
221
115
209
181
162
123
160
112
129
7
143
87
90
190
151
51
162
29
143
143
7
204
163
152
172
165
143
89
174
256
204
208
29
243
143
151
151
160
65
57
165
152
7
22
181
162
208
251
149
214
98
17
224
231
44
163
140
181
90
224
226
51
112
115
231
16
6
160
52
153
7
52
234
16
51
77
181
177
160
7
219
53
98
26
140
224
143
149
51
203
104
152
53
199
143
208
91
136
174
44
254
175
165
165
200
50
140
122
182
106
151
16
16
194
136
85
86
177
112
123
16
187
6
197
85
81
165
194
160
29
217
165
107
181
126
151
224
112
77
217
225
209
77
54
81
85
172
136
17
164
115
234
27
202
204
251
177
119
194
140
10
165
36
160
81
127
212
141
163
200
41
254
118
112
41
151
3
208
165
165
112
194
97
253
136
200
92
136
25
208
151
77
160
177
27
133
50
253
234
217
157
217
216
253
41
41
208
104
107
71
92
81
225
71
41
8
245
151
8
160
133
165
253
74
176
50
151
253
138
119
127
136
152
114
191
104
8
160
188
188
131
81
84
112
200
81
90
81
163
142
17
5
118
71
127
115
8
254
149
81
81
204
119
138
32
131
254
104
243
16
81
165
77
127
151
81
112
52
17
253
96
161
151
200
107
5
209
98
136
143
127
26
221
151
107
175
16
160
234
77
254
151
206
208
104
98
106
151
7
151
140
243
237
138
34
254
136
237
240
150
246
81
22
224
156
83
251
151
221
57
199
118
96
97
17
182
224
98
27
191
81
84
178
140
141
254
246
44
156
81
254
17
17
214
6
112
143
157
49
98
81
17
72
98
110
17
127
16
123
160
104
86
220
119
254
22
68
150
104
239
134
98
92
151
225
251
184
81
51
104
90
104
212
127
141
220
86
173
23
92
6
240
243
104
151
98
22
68
172
9
41
153
163
41
104
232
149
160
156
55
150
156
143
147
47
143
28
89
245
143
81
98
254
17
92
26
209
62
90
181
44
91
204
47
175
112
98
72
77
221
96
254
52
224
41
77
160
232
188
243
62
28
106
136
78
14
125
213
73
2
234
115
209
130
124
77
46
17
218
224
4
21
86
26
173
177
128
160
207
165
243
63
5
242
140
98
190
185
254
68
58
17
122
62
68
234
87
177
143
17
119
224
106
244
173
200
191
66
64
5
126
191
149
7
26
77
234
34
115
51
163
212
143
17
152
209
119
180
72
110
26
140
41
173
57
160
18
92
254
218
43
118
239
209
68
113
118
12
188
91
91
47
72
47
184
173
71
173
4
175
244
74
65
152
191
57
107
207
149
57
4
234
191
4
106
57
57
16
188
206
48
112
109
47
217
141
17
251
12
68
191
151
152
177
145
234
90
26
54
36
163
222
28
185
173
209
173
246
92
12
77
12
48
63
160
152
242
119
221
26
197
224
250
224
43
119
62
173
234
200
22
166
35
90
47
188
224
254
254
224
30
119
155
119
254
173
35
68
152
191
217
113
68
156
191
152
234
218
152
188
254
133
19
157
90
109
136
246
198
173
4
63
6
119
89
246
234
90
173
246
224
152
35
188
152
254
