230
253
138
230
145
96
145
29
106
220
182
95
205
111
38
220
127
145
220
177
177
38
111
220
220
127
111
145
127
127
112
220
127
75
81
230
54
10
127
76
111
13
107
81
51
220
83
1
95
13
127
9
238
54
76
136
127
41
250
145
106
73
136
135
28
243
3
237
41
216
135
81
189
220
36
16
38
244
230
81
146
86
59
59
76
175
54
196
54
174
154
219
105
35
220
3
250
220
54
175
16
106
255
94
54
6
250
109
111
127
13
111
219
73
147
219
98
129
129
141
145
204
122
129
50
98
54
104
103
106
51
69
109
127
85
83
216
54
219
59
181
11
63
134
111
83
181
196
63
153
216
212
129
141
229
181
4
129
219
50
64
62
9
87
170
123
245
63
110
122
238
201
216
57
38
38
248
25
242
233
141
32
219
94
141
189
86
154
189
232
103
174
145
40
74
217
37
134
34
105
69
145
159
189
3
104
35
192
214
178
178
86
244
219
59
141
238
181
189
34
104
245
57
216
214
129
112
255
189
45
59
228
15
189
243
94
57
149
139
86
96
216
15
13
189
162
112
238
219
104
64
77
189
172
106
57
75
94
139
12
56
106
12
161
42
26
25
10
243
129
174
76
237
212
189
141
189
141
8
92
88
240
162
112
147
149
193
172
18
106
172
69
189
149
149
73
20
57
99
52
57
102
159
204
252
73
106
235
115
170
139
96
199
91
253
84
85
238
73
12
59
25
84
218
162
12
64
232
189
181
38
141
216
170
134
115
218
216
73
57
25
57
16
86
104
221
63
1
247
252
149
133
106
22
52
7
174
25
25
64
127
94
220
111
52
20
236
25
110
216
122
189
3
219
15
86
210
115
26
223
115
238
232
147
66
247
134
113
26
115
81
136
110
240
94
214
214
29
214
189
249
73
163
52
134
253
57
52
182
16
189
210
56
189
37
159
73
57
44
13
106
52
165
104
235
54
237
38
76
91
25
94
88
41
134
249
22
99
157
174
99
220
252
64
79
12
236
216
199
48
188
233
174
216
238
84
238
228
189
134
140
143
189
104
94
129
126
64
74
52
219
140
86
39
106
99
238
111
29
104
158
143
235
76
146
106
181
128
134
210
134
99
164
189
228
27
102
189
238
242
210
128
189
238
255
177
238
238
196
140
243
214
69
45
63
134
235
228
88
104
28
134
253
134
35
61
63
238
63
216
104
22
228
10
74
134
63
134
179
196
57
228
220
42
25
139
52
202
201
216
139
149
104
222
22
236
134
64
132
129
159
52
227
220
213
213
85
238
189
216
199
8
86
64
202
190
159
189
134
57
134
122
34
26
108
111
128
74
81
106
91
221
196
99
203
247
84
45
69
57
196
134
238
10
220
134
134
106
25
66
111
253
74
134
238
214
104
134
252
73
213
69
72
12
119
134
19
76
174
108
218
216
181
210
88
189
232
45
25
12
57
86
189
189
110
139
105
134
56
161
189
237
242
26
134
32
154
34
56
34
151
10
34
134
189
52
255
57
10
256
115
104
242
88
99
158
201
134
155
190
61
162
26
228
26
134
61
216
88
192
214
196
218
115
103
190
57
104
199
69
161
35
108
134
218
69
216
106
91
149
155
35
215
45
179
115
210
147
134
240
236
52
149
88
106
106
28
105
94
76
193
69
86
111
103
237
139
81
216
189
86
139
256
15
242
127
134
120
96
34
73
139
13
45
104
199
218
64
134
159
216
215
218
99
155
220
243
199
238
34
189
240
256
104
134
247
238
238
88
111
10
104
242
81
189
108
238
57
134
190
110
18
10
116
134
76
110
170
238
228
94
85
213
32
104
72
76
45
148
110
235
167
236
238
110
76
91
134
157
52
255
52
238
106
134
189
184
96
134
170
71
73
238
134
99
215
1
238
238
238
222
145
121
170
63
157
15
219
238
96
99
216
150
161
134
178
25
42
105
69
94
86
174
103
252
134
69
175
204
236
170
61
101
238
189
134
96
196
91
88
57
249
155
189
238
13
161
238
111
228
216
220
216
189
76
238
94
215
175
86
228
11
189
162
88
104
252
201
149
163
76
99
228
238
255
238
202
25
252
235
247
238
94
189
64
134
38
256
116
189
10
238
93
22
155
76
57
106
190
22
64
256
23
45
134
88
56
134
149
237
170
256
189
238
31
155
219
134
149
228
201
134
221
196
35
99
86
161
34
99
56
106
26
76
169
99
252
57
189
13
134
25
56
174
10
238
145
213
201
134
64
219
110
116
192
27
134
106
157
216
60
38
111
192
242
106
106
238
252
145
86
91
64
236
238
13
256
148
102
57
13
134
106
238
63
10
238
134
198
12
163
134
219
57
134
11
106
94
228
81
85
249
189
99
189
145
86
86
161
189
110
133
220
210
110
201
210
192
242
23
169
202
159
250
134
197
163
13
56
103
78
250
76
250
238
52
52
139
72
169
115
12
23
13
45
134
32
110
10
10
26
228
196
170
22
111
94
134
159
22
86
73
163
238
158
45
134
115
189
228
213
76
134
202
52
134
54
162
159
99
196
88
196
110
204
236
161
214
159
196
218
64
63
86
104
35
12
111
155
196
189
139
61
210
149
155
155
162
202
72
238
149
94
238
214
15
168
252
76
104
116
76
252
110
134
106
235
189
161
210
72
184
134
163
178
201
89
202
221
148
221
134
56
106
207
255
88
13
202
238
240
127
174
247
170
15
45
161
134
34
215
238
86
210
116
63
158
169
189
111
216
45
230
101
219
134
210
189
12
42
201
12
197
252
42
238
38
189
134
111
219
216
228
106
56
96
170
202
231
210
12
189
134
162
64
106
153
64
134
158
196
196
170
189
134
202
213
214
115
214
201
253
103
201
134
26
111
22
35
162
42
170
161
228
86
69
31
189
63
134
145
10
56
56
63
86
104
55
57
236
161
15
220
240
252
14
63
26
236
110
16
197
255
106
115
201
115
1
12
218
104
110
26
110
13
10
52
39
56
86
39
196
238
196
103
196
215
26
189
134
101
146
216
220
213
134
256
63
155
155
102
219
64
134
102
219
26
214
115
56
247
72
56
94
106
236
222
120
242
56
25
196
214
214
230
149
63
240
139
252
213
86
169
48
134
214
32
148
45
72
193
45
86
34
15
214
13
219
219
256
86
139
64
170
26
170
155
56
110
12
202
256
196
99
232
64
163
236
13
196
146
45
134
248
25
157
213
149
103
13
48
10
105
108
52
110
134
111
134
219
99
256
153
235
210
219
145
240
52
213
134
247
9
64
82
189
57
86
170
129
115
238
145
145
72
190
57
236
12
104
238
32
228
10
134
148
57
120
99
139
215
134
76
149
12
170
215
189
149
101
56
242
237
238
26
96
179
134
57
110
157
178
221
214
238
219
56
170
111
238
196
13
193
134
215
111
72
105
134
145
86
57
12
172
101
52
86
189
26
189
238
221
13
86
238
189
57
134
48
221
115
56
115
170
25
10
12
139
192
238
134
116
86
38
195
214
56
86
26
196
41
170
197
110
223
149
163
193
32
179
101
149
35
134
117
134
10
196
149
149
76
134
238
213
210
238
201
76
105
117
252
230
89
145
238
25
215
230
192
146
111
236
22
219
35
186
214
162
255
201
153
252
210
34
157
155
139
157
134
134
76
72
189
94
56
236
219
10
12
145
213
210
155
56
10
253
255
26
242
196
56
103
9
218
238
196
139
35
76
192
91
213
248
189
189
235
236
74
214
73
161
202
32
134
64
197
56
220
202
116
94
56
238
57
85
134
133
219
157
115
45
13
228
155
148
56
102
137
175
196
158
56
99
72
32
210
15
64
56
201
106
110
110
116
158
26
238
159
189
32
157
201
252
252
99
215
249
189
215
134
238
159
45
186
196
63
56
134
22
197
157
106
15
15
23
13
12
117
48
145
170
48
242
57
134
56
196
158
210
104
193
93
56
134
158
256
45
101
203
215
210
64
197
161
139
56
134
238
189
101
134
106
186
210
240
115
134
170
170
86
238
115
26
189
101
175
255
155
139
86
76
10
110
235
110
111
189
218
249
86
86
134
201
134
242
201
189
189
149
120
91
57
39
157
155
48
213
115
26
255
13
240
134
15
256
33
196
255
155
238
197
236
213
103
238
197
189
238
196
52
189
228
42
218
201
197
214
74
197
35
196
110
196
110
249
48
133
13
35
158
134
145
196
219
56
161
169
149
201
249
170
12
218
42
255
12
45
252
214
197
196
134
12
155
86
111
35
197
159
197
110
26
93
115
252
12
10
163
159
149
