81
242
71
55
202
225
7
7
67
153
157
89
94
90
62
126
7
249
157
7
80
90
249
126
47
27
166
129
50
18
50
84
106
166
51
51
6
251
50
244
251
76
36
251
211
114
76
127
126
21
29
204
186
126
175
83
251
204
111
216
94
94
249
146
83
177
251
51
159
98
83
50
208
98
50
177
74
94
140
251
22
249
45
145
140
7
106
20
151
87
140
127
127
216
123
113
87
244
88
86
91
98
47
94
65
9
19
126
256
84
13
81
244
242
107
74
81
159
126
215
31
22
94
242
251
106
75
126
165
126
123
114
92
228
165
11
127
162
177
71
177
51
175
159
88
123
175
20
172
251
165
72
123
242
51
146
47
16
84
87
253
41
208
98
62
75
28
8
75
198
172
50
242
175
143
245
196
74
251
136
71
74
16
104
18
24
217
220
196
3
249
157
126
127
113
81
147
251
86
243
228
46
86
222
239
167
225
119
106
62
253
126
175
51
9
9
166
239
137
114
126
172
126
143
8
165
219
72
98
67
31
99
205
18
13
251
251
189
94
151
175
244
67
252
251
58
222
110
255
3
174
188
20
180
130
38
140
186
8
54
129
16
175
180
126
24
181
18
51
66
224
164
163
21
75
50
16
74
160
5
103
98
243
175
18
74
208
3
26
113
113
91
149
94
126
34
159
239
94
20
225
234
18
16
123
106
88
174
224
105
239
147
175
126
182
254
23
178
98
36
191
151
214
8
177
182
174
74
163
250
104
254
66
28
8
126
140
140
164
239
190
149
160
251
126
174
20
153
163
191
62
189
20
103
176
90
112
222
174
67
177
41
112
23
157
173
128
26
221
251
209
125
112
182
239
113
145
51
123
83
20
9
155
219
89
176
34
123
123
191
20
91
232
17
23
47
94
113
5
129
143
3
18
20
51
214
41
20
135
182
107
127
153
129
38
177
107
167
243
169
204
251
51
62
41
39
125
203
129
74
208
135
208
104
233
124
125
17
251
47
251
66
112
38
47
83
143
154
147
254
251
47
104
175
246
23
45
20
180
72
85
251
73
16
205
129
177
60
201
243
183
83
181
90
177
125
44
88
94
144
229
204
220
94
151
177
174
127
225
51
50
199
24
105
85
74
107
90
76
239
61
143
135
26
183
254
83
249
98
38
20
140
97
9
128
23
253
67
20
225
231
182
81
244
203
105
18
243
87
125
54
20
162
256
18
174
18
183
231
183
190
125
72
28
203
106
10
106
51
96
26
88
140
135
250
129
174
197
187
116
183
160
177
62
174
201
28
183
20
203
16
75
163
90
16
134
183
8
238
72
108
108
163
251
179
129
16
198
187
5
102
21
118
155
175
167
199
51
143
66
194
93
48
90
2
148
188
160
243
111
34
151
11
107
41
153
88
81
246
229
118
98
24
74
96
225
9
18
160
220
155
109
153
20
250
118
18
164
159
197
156
242
177
21
8
161
98
185
220
246
204
235
236
171
96
11
216
152
120
229
37
179
204
119
225
154
160
43
220
18
234
187
82
51
72
16
4
177
225
240
239
151
145
153
160
18
222
220
149
199
220
17
123
198
125
69
18
81
54
134
51
175
41
163
72
229
40
254
10
24
4
127
44
206
16
88
197
14
16
207
125
227
10
9
104
53
172
115
169
144
229
217
23
250
32
115
153
50
88
238
222
197
237
16
26
9
50
256
90
124
183
118
148
216
243
172
227
125
153
151
220
223
108
69
3
204
153
67
87
50
127
216
127
216
9
173
202
202
78
164
123
23
202
222
109
220
58
239
254
142
237
54
50
159
126
235
163
63
154
207
201
131
108
24
95
54
50
190
104
63
4
16
153
216
125
94
119
76
253
83
216
178
90
125
39
129
137
171
142
75
197
128
38
76
197
190
12
203
87
224
170
54
197
12
136
8
128
79
94
223
142
188
61
65
239
124
17
62
54
125
156
234
248
235
168
253
198
9
129
186
64
117
145
54
161
250
54
220
154
233
243
163
54
190
29
221
244
84
41
191
85
174
229
54
149
153
179
20
236
179
67
216
222
105
126
44
245
50
208
19
16
203
177
90
180
235
5
118
125
111
156
119
197
68
148
153
50
5
227
223
125
156
8
197
115
119
238
94
20
212
157
4
238
212
94
96
159
190
128
20
125
87
135
250
125
70
166
65
217
224
119
87
225
236
154
126
26
125
15
19
147
119
23
254
184
17
69
229
115
91
39
240
125
3
112
62
16
253
23
194
155
252
253
125
32
248
244
104
179
16
227
152
13
135
179
134
107
190
125
75
3
216
89
151
35
63
125
98
194
163
160
6
87
49
57
96
256
255
114
11
99
229
222
119
131
181
219
238
203
111
99
233
163
125
214
133
153
179
29
86
52
253
179
23
119
248
47
220
93
111
129
242
128
231
141
168
133
91
99
251
184
137
191
182
86
251
104
114
20
149
200
6
147
248
133
28
223
168
50
107
10
233
254
189
123
4
125
250
153
94
68
243
16
116
163
41
255
155
218
16
69
19
163
35
171
215
23
105
129
218
207
76
218
9
119
176
20
242
197
252
222
163
113
185
12
82
235
69
190
39
119
120
129
107
134
191
197
94
246
20
20
191
125
186
99
125
132
41
168
125
234
90
220
29
256
81
239
82
250
195
219
20
234
24
8
75
65
5
5
64
239
20
76
161
149
246
125
18
220
125
246
22
125
50
126
218
163
58
20
119
253
176
24
204
188
218
61
100
40
8
36
113
60
168
125
120
256
20
38
215
227
52
81
125
48
50
175
77
191
125
32
112
163
229
234
156
218
91
158
154
112
179
4
131
74
125
92
125
237
179
191
213
181
193
40
40
23
33
113
124
233
167
126
113
155
106
10
20
57
103
191
215
145
109
6
8
26
38
125
232
39
62
217
154
87
15
81
18
191
56
149
56
20
125
96
61
50
148
194
26
125
112
191
72
20
20
28
21
179
24
244
191
221
133
92
53
127
191
24
32
255
63
181
242
197
128
102
64
233
23
34
68
91
252
122
46
172
218
126
245
112
125
141
145
165
201
80
179
34
152
149
242
148
20
76
250
107
52
20
179
233
188
180
120
21
227
239
39
83
35
247
247
255
122
161
230
46
236
229
114
183
210
249
183
79
167
119
61
246
93
152
125
1
237
206
255
200
129
213
58
17
133
188
197
251
254
49
44
125
173
160
155
44
249
165
205
238
172
246
221
249
36
49
145
12
141
58
169
61
201
137
4
41
10
133
237
136
180
63
232
225
233
54
152
191
63
99
161
201
212
84
247
96
227
44
48
74
247
105
203
197
238
219
183
205
29
218
237
28
125
234
4
59
233
2
50
104
34
120
125
168
96
237
98
124
42
104
174
212
72
221
167
244
191
22
210
170
183
221
203
164
197
157
120
61
112
120
148
125
21
158
233
49
63
56
134
52
225
119
87
167
236
179
188
233
203
83
61
167
134
189
197
61
233
74
218
9
188
237
61
168
177
168
23
134
218
134
149
21
23
23
133
177
247
164
85
234
105
247
53
170
218
102
218
233
255
233
218
202
246
105
