184
95
177
236
184
95
168
73
236
205
177
97
229
168
229
190
236
164
27
205
73
177
199
85
87
64
64
229
178
87
128
108
85
199
222
177
204
109
204
28
17
85
242
66
66
220
87
85
199
85
109
177
27
204
63
131
250
132
109
211
228
85
131
95
64
66
120
66
28
57
22
203
28
59
63
63
131
184
172
109
217
172
28
139
141
131
211
131
131
85
87
37
40
59
172
131
66
28
141
40
123
40
139
251
109
170
37
224
67
176
127
217
123
95
79
109
114
86
151
52
115
4
40
28
101
176
4
45
66
153
128
128
217
52
4
127
66
52
226
52
56
59
217
154
128
205
128
118
141
231
225
139
94
238
109
123
213
205
134
37
13
192
132
63
50
63
17
172
115
143
235
58
85
7
7
175
7
194
50
86
46
153
109
204
4
197
18
52
217
55
52
55
115
248
134
109
181
194
37
235
235
243
127
157
107
175
238
195
228
193
92
157
37
15
118
109
171
240
118
216
137
255
170
231
21
176
174
26
141
32
124
115
57
56
132
115
110
85
154
221
175
104
15
101
115
172
37
45
244
214
249
131
116
107
132
134
18
77
249
194
131
123
174
206
168
94
131
165
7
137
134
60
86
7
237
182
153
112
37
166
120
99
115
99
26
149
180
253
112
237
73
60
101
211
115
137
73
134
244
15
122
231
134
147
122
109
77
28
175
53
139
182
7
9
55
219
134
134
86
154
124
37
37
255
184
236
130
174
255
224
131
171
174
73
182
13
57
123
94
216
231
7
99
174
57
255
182
237
237
231
247
72
230
231
171
122
56
7
243
68
62
104
97
150
166
45
94
154
178
89
97
9
137
110
15
187
166
243
132
134
84
241
207
180
231
237
15
76
45
134
63
249
188
54
39
99
235
61
105
112
193
238
112
73
55
137
17
32
109
134
20
52
252
241
110
65
209
101
101
3
209
32
9
115
27
105
31
196
182
7
71
230
77
116
116
66
53
15
122
228
37
130
42
100
244
161
73
38
216
66
18
234
216
13
60
255
217
130
115
209
82
200
182
230
226
25
83
73
71
215
166
170
60
161
107
122
240
8
194
94
43
116
250
236
241
115
63
56
209
252
174
107
144
27
78
203
47
94
45
171
165
74
243
57
120
95
190
184
175
164
240
237
64
65
116
171
56
132
78
73
122
25
232
210
60
178
128
206
140
150
32
210
134
134
113
56
166
69
185
203
241
252
116
37
46
77
132
171
35
213
230
117
247
10
171
87
134
149
94
112
56
3
168
244
255
125
246
241
161
252
77
202
118
58
161
12
84
216
37
56
133
215
141
242
246
142
247
198
138
182
156
237
198
134
113
157
35
117
71
33
190
49
19
255
53
141
71
181
6
179
215
44
157
157
52
101
119
107
62
71
45
138
33
208
46
119
110
26
39
205
15
77
124
104
99
124
139
134
62
180
110
198
179
94
247
235
1
189
75
204
198
45
3
29
136
130
87
246
132
211
110
161
105
2
141
243
211
161
1
253
110
136
198
45
3
172
157
104
204
112
110
188
112
34
108
237
104
110
63
8
247
255
70
206
217
142
238
130
215
216
213
216
49
141
57
134
216
75
193
139
221
119
31
124
210
216
214
171
37
52
171
255
210
254
42
211
223
174
131
99
193
130
56
110
164
62
171
64
224
63
12
247
130
173
37
28
185
247
158
106
235
217
163
69
202
68
26
77
164
104
237
129
180
119
219
85
107
71
99
235
117
237
169
226
216
9
85
61
246
42
134
115
171
247
32
85
39
234
78
85
77
120
19
101
25
62
216
194
182
216
163
141
140
155
163
141
161
104
236
85
29
117
2
239
43
113
25
157
96
99
142
49
171
163
15
65
246
147
186
157
2
73
122
42
182
174
163
175
94
5
190
238
42
15
82
82
224
200
74
216
99
133
141
124
45
92
73
73
96
198
141
140
65
57
44
216
124
77
24
164
211
128
209
101
69
224
176
15
157
139
45
91
252
247
67
216
122
130
38
180
49
84
15
110
241
180
85
58
197
216
136
154
45
142
198
82
69
85
125
189
141
92
15
65
104
3
182
55
158
105
65
179
149
89
15
28
252
216
171
15
155
107
247
79
133
138
132
164
24
58
232
135
179
89
49
101
57
15
127
46
116
52
154
142
193
98
99
213
237
202
167
174
221
15
246
221
31
78
158
73
77
85
148
72
124
94
197
118
96
24
246
46
158
241
82
244
139
198
139
216
237
24
158
167
130
139
99
53
116
164
253
64
157
99
150
179
241
122
133
8
124
163
49
102
241
85
24
62
69
247
133
53
166
56
247
181
168
181
187
108
171
122
122
13
92
113
148
88
174
213
198
104
124
83
63
68
38
205
199
167
200
142
83
113
68
231
82
72
43
211
133
216
232
38
224
216
43
216
52
116
216
255
72
171
179
125
182
187
149
144
32
227
45
93
157
98
170
164
64
58
85
25
217
36
238
68
218
174
69
78
28
99
155
62
23
232
199
247
134
252
193
243
125
69
15
213
83
65
72
255
78
43
217
210
68
1
52
217
52
241
167
24
148
154
1
189
57
180
232
159
10
154
139
216
179
15
216
49
87
222
10
122
6
218
69
92
241
174
243
247
197
221
200
68
177
34
4
144
39
110
35
193
214
216
197
72
216
200
129
164
238
216
151
6
215
29
127
216
6
247
179
134
216
239
26
193
255
127
69
137
134
255
158
101
134
113
140
49
247
158
247
38
234
243
133
247
10
241
198
233
77
8
179
124
193
217
205
123
26
166
104
256
255
86
211
180
216
217
211
212
119
85
63
215
98
187
163
202
6
179
168
21
111
38
83
130
15
83
104
26
255
244
223
119
211
68
94
205
117
227
220
139
148
154
223
81
6
36
205
86
224
133
113
15
214
45
219
152
113
182
69
113
235
105
144
186
152
125
68
119
62
225
88
159
22
70
147
31
14
214
144
249
7
63
160
196
255
149
43
187
64
24
99
170
122
127
2
94
200
83
119
168
38
223
1
39
224
149
172
117
170
91
30
247
43
38
238
127
79
216
141
247
43
174
127
15
129
164
58
58
193
166
60
247
3
33
144
238
216
147
45
211
38
100
245
21
94
255
241
1
15
42
46
55
148
57
65
164
139
164
28
241
228
188
247
49
38
219
91
133
65
245
174
216
224
17
171
187
105
205
216
158
224
19
45
100
228
168
38
147
2
179
120
197
133
88
65
78
2
144
102
187
170
249
241
43
134
216
148
