150
150
208
150
208
208
209
209
208
209
208
209
209
208
209
208
209
209
209
150
209
209
208
77
208
27
84
209
208
209
177
7
45
190
15
209
165
200
77
42
177
184
209
208
62
208
110
204
143
177
190
200
209
234
254
62
15
62
84
143
254
98
242
7
208
143
165
143
62
112
165
196
62
143
146
143
177
29
188
136
62
112
208
143
143
208
176
55
143
209
209
83
62
208
84
55
143
165
209
208
208
115
136
208
239
209
143
176
242
84
165
190
62
31
208
165
209
160
242
54
73
143
150
112
208
98
205
208
75
256
184
150
143
25
52
209
182
143
31
98
242
165
75
242
27
55
208
136
208
254
77
146
112
75
112
190
140
256
209
160
190
188
199
254
112
67
165
242
119
165
160
165
146
209
77
209
162
165
55
71
186
208
75
193
140
143
181
54
168
199
165
130
254
160
143
25
109
165
165
35
162
146
55
84
75
98
212
208
143
209
52
208
121
165
143
160
140
199
103
104
199
36
55
143
162
224
231
29
239
252
84
160
199
3
209
160
242
97
109
165
224
209
143
169
209
143
116
224
208
224
21
208
129
188
97
52
218
165
143
121
242
127
231
51
21
144
160
213
22
143
208
218
33
242
165
49
143
188
143
143
218
209
4
204
67
143
165
224
143
74
224
165
81
224
242
135
242
218
55
218
194
231
116
164
61
222
242
51
131
204
118
218
165
242
204
54
188
218
54
21
8
135
153
143
218
153
188
3
230
74
231
199
92
165
172
162
208
256
74
42
224
192
235
244
127
218
218
143
120
165
8
135
165
92
141
55
55
238
143
161
95
124
125
183
153
208
244
242
160
224
165
153
224
194
22
74
165
31
204
92
251
38
204
208
128
112
113
235
143
174
136
128
164
95
91
231
242
235
177
153
224
163
206
38
102
172
188
224
24
29
179
217
184
199
177
75
17
112
153
22
224
186
165
153
113
188
188
8
74
227
145
176
160
91
173
156
120
145
204
237
164
188
72
147
163
172
225
84
225
212
244
33
188
74
17
202
74
169
9
29
140
87
83
90
79
224
120
224
188
143
131
178
235
133
25
162
165
98
38
120
145
91
9
98
246
9
230
84
98
215
237
153
143
63
188
175
115
97
62
96
79
218
153
178
49
44
147
140
115
18
115
156
237
72
118
76
75
92
215
114
99
153
224
225
208
199
99
253
112
162
129
58
227
188
224
188
129
94
214
220
115
75
250
155
99
177
72
129
250
224
188
83
127
190
102
118
82
199
139
199
188
97
131
74
244
216
118
153
58
204
174
193
224
51
249
120
116
249
43
23
216
108
61
129
23
133
238
246
94
224
9
225
63
151
63
244
18
72
94
38
108
72
218
133
112
255
153
154
202
104
110
250
151
91
157
99
208
16
23
178
247
68
131
55
71
72
23
229
215
213
247
96
204
99
87
231
243
197
184
104
120
27
23
139
25
114
217
112
156
188
82
139
135
157
197
224
216
202
247
72
72
225
112
120
209
154
242
72
219
148
197
96
23
160
147
151
212
139
94
151
73
156
165
224
154
120
147
229
161
215
68
120
112
6
120
23
61
68
120
242
147
154
155
147
8
26
127
213
197
23
55
184
112
147
224
160
246
160
99
98
168
155
216
133
49
202
211
188
32
88
154
58
41
28
188
245
139
216
120
18
160
74
142
161
28
32
215
147
32
81
245
28
155
110
219
53
21
44
210
23
32
17
254
247
245
149
138
230
17
153
39
199
101
182
36
128
199
80
241
172
197
243
18
82
104
2
80
232
99
206
161
228
91
256
161
256
106
255
189
253
104
174
18
144
68
155
174
63
256
206
66
