127
127
127
127
192
212
212
127
219
212
10
3
3
212
223
189
178
196
212
189
195
212
220
127
3
14
189
129
189
12
91
235
235
238
212
26
220
237
250
149
250
149
10
79
149
187
189
192
14
192
37
79
248
189
8
250
172
212
90
235
235
134
189
65
26
43
105
192
187
34
74
90
171
51
249
250
171
145
192
96
222
238
226
149
137
222
91
67
70
10
116
154
190
46
235
163
250
91
205
33
34
116
33
174
71
10
103
67
79
70
79
28
79
124
184
46
188
91
12
74
115
137
11
240
51
149
12
137
70
76
90
11
201
70
196
25
79
250
2
86
116
111
192
240
187
140
10
201
66
114
10
184
10
46
111
135
75
172
111
149
70
111
14
201
46
79
75
14
250
192
151
192
238
212
201
113
10
117
219
34
113
252
32
131
149
71
250
228
205
6
192
196
60
223
145
228
96
137
235
250
177
207
192
11
220
11
226
6
237
230
201
32
20
219
120
79
86
154
137
10
201
211
149
223
147
211
111
189
222
219
137
111
32
252
237
136
137
184
220
64
219
238
184
252
222
137
222
241
70
196
114
100
60
102
10
66
137
236
204
180
196
110
192
10
151
195
211
10
53
211
196
90
196
2
71
201
14
106
70
76
39
38
14
196
220
50
110
157
129
192
120
75
117
10
189
106
223
146
241
192
34
11
235
11
123
137
187
70
242
137
192
79
76
39
64
192
86
178
100
92
53
201
222
14
217
19
149
70
159
178
66
105
131
15
249
207
250
228
64
6
256
187
111
32
10
104
100
86
241
177
85
50
37
117
137
33
115
189
9
196
137
15
56
146
192
11
187
256
79
39
201
196
31
137
124
196
192
228
131
88
187
131
196
140
137
201
249
75
159
56
124
192
117
196
64
63
115
67
87
79
161
196
60
11
41
67
101
192
33
137
11
60
56
66
137
117
137
38
137
228
4
215
114
11
79
256
79
12
226
114
117
100
134
137
227
79
226
137
11
71
70
120
137
171
249
32
224
130
137
226
192
137
25
240
124
187
117
11
6
249
187
195
137
46
137
183
220
33
86
137
118
39
14
137
88
114
100
189
124
44
62
184
100
33
250
120
205
192
117
137
137
12
137
137
235
252
205
205
137
235
82
196
195
137
15
70
67
250
13
110
117
10
39
192
117
70
63
131
158
227
146
86
100
70
137
162
142
149
137
137
137
2
70
25
42
248
137
70
248
32
44
137
212
196
70
100
52
63
137
42
131
14
124
192
205
67
137
256
120
2
124
137
174
135
208
70
42
137
60
182
167
123
137
174
70
142
137
76
70
137
100
184
196
101
222
204
100
197
57
158
179
9
195
197
137
45
172
175
77
70
142
120
171
70
190
192
84
129
31
248
70
70
142
70
70
168
131
192
63
195
42
250
137
236
70
189
222
168
15
249
70
94
42
70
215
94
70
168
137
185
233
241
179
138
219
137
175
137
100
137
175
63
77
117
256
137
192
64
64
70
37
249
122
70
176
124
230
46
233
32
196
101
93
196
222
100
180
57
70
13
70
142
189
224
205
227
101
137
124
233
192
101
101
163
101
179
97
148
70
9
70
163
124
117
248
117
185
42
250
137
135
90
247
243
241
11
163
63
70
157
77
101
115
137
179
2
70
248
163
163
207
46
163
233
168
168
159
192
170
137
114
248
115
155
77
179
48
233
228
229
70
153
44
63
46
148
137
65
101
248
12
85
168
70
233
192
55
101
70
33
70
133
