61
229
80
25
25
240
96
233
256
49
80
250
89
243
130
166
58
111
60
25
2
94
11
243
240
94
108
58
190
181
242
40
117
96
46
66
194
203
142
121
174
14
103
165
42
118
27
167
3
211
111
14
3
129
233
166
111
211
36
33
176
129
195
160
54
195
17
67
195
135
14
25
138
241
176
67
6
128
87
243
40
142
28
142
94
187
253
203
100
98
174
76
28
238
135
130
60
113
94
181
199
170
96
107
222
243
108
166
194
108
225
144
221
138
94
222
223
190
243
22
34
144
67
195
18
58
191
194
14
170
146
89
94
147
33
245
1
130
24
6
147
24
191
113
181
94
30
94
239
179
43
170
174
174
174
205
176
190
201
229
94
181
21
59
194
146
58
201
5
47
66
94
203
195
126
138
203
108
16
107
94
121
88
89
96
47
66
40
212
170
176
231
35
147
147
195
174
244
175
123
71
144
205
99
89
175
216
152
94
174
201
14
58
174
176
99
228
24
37
144
135
30
201
153
174
172
172
66
174
128
195
14
117
152
195
46
177
96
74
126
94
93
47
256
36
59
147
236
34
166
128
181
33
94
181
20
147
150
90
130
130
75
174
244
35
1
89
42
174
7
174
8
30
75
76
61
89
81
253
256
254
121
27
179
46
256
64
146
18
55
21
253
34
29
121
172
16
239
5
2
201
94
237
90
167
243
10
167
100
166
89
122
253
190
43
103
174
253
41
132
128
55
174
14
240
61
203
5
101
222
144
19
28
5
231
253
35
146
111
172
129
39
220
18
221
256
93
46
34
233
94
49
172
27
28
35
180
187
121
107
28
135
46
119
187
89
24
174
100
169
94
203
20
34
22
96
244
183
130
79
256
223
144
144
128
5
35
13
14
35
207
108
195
126
2
221
145
226
180
113
239
113
13
34
202
229
191
216
111
34
215
156
256
248
95
8
187
166
5
145
17
135
3
37
60
164
146
3
59
253
119
94
145
229
13
196
96
35
151
96
60
187
229
201
127
94
22
60
135
130
107
96
103
111
195
216
243
66
147
96
156
60
30
256
169
5
241
19
253
108
216
64
254
90
60
30
96
47
252
108
147
64
49
27
147
174
14
201
5
46
254
33
203
49
187
112
83
223
108
180
88
2
122
108
1
18
152
181
130
240
195
185
89
99
195
253
35
1
34
49
241
135
59
41
132
27
192
14
90
16
212
220
223
186
66
154
146
32
226
1
169
100
6
83
165
6
1
66
243
34
233
238
3
250
53
205
113
170
59
33
65
88
245
172
2
24
143
47
223
6
205
18
201
103
72
33
8
34
223
179
19
152
150
135
22
203
162
184
103
40
34
2
186
130
88
24
30
201
89
202
64
94
96
218
5
201
30
187
241
143
6
100
46
61
199
96
192
245
96
103
2
4
71
111
180
231
121
225
88
195
108
142
34
107
9
20
31
142
96
13
204
22
156
114
59
35
240
169
174
247
195
122
34
19
151
67
130
167
128
42
201
33
201
11
196
169
211
187
83
127
35
248
195
147
117
195
180
226
241
108
47
145
205
34
43
60
35
178
177
108
10
41
5
8
108
83
42
60
150
135
170
5
192
119
83
130
28
198
245
103
98
18
108
180
108
2
96
199
91
14
80
67
212
223
5
169
191
250
111
89
169
86
90
201
30
22
166
129
10
235
241
251
229
198
182
201
223
115
121
60
5
5
60
142
108
44
207
225
223
89
205
169
186
59
201
120
60
240
20
223
222
111
125
136
99
115
103
114
182
21
128
236
254
5
35
64
239
178
47
8
240
245
111
60
156
201
200
119
212
35
256
90
220
47
195
201
34
35
207
229
35
202
185
166
5
17
132
83
124
46
71
31
95
187
201
84
14
46
5
6
253
156
96
240
144
71
107
171
201
27
78
108
147
156
64
180
249
128
90
222
241
43
35
93
9
34
201
60
136
241
241
242
108
243
187
187
203
174
5
181
236
121
151
96
70
183
244
169
175
103
130
222
199
5
128
152
33
47
5
43
60
201
90
108
114
179
116
24
41
175
130
110
222
183
89
254
123
177
10
201
169
34
235
147
96
245
108
67
209
151
185
176
2
223
212
10
65
180
190
211
10
35
109
58
67
240
240
61
241
121
103
8
170
169
17
73
151
140
5
201
239
202
199
40
191
169
244
90
127
1
47
67
59
203
171
89
222
5
212
192
39
5
235
142
17
185
212
6
201
241
35
14
244
84
88
236
187
14
41
240
5
130
34
54
108
76
144
16
169
71
94
235
90
176
49
5
102
102
244
236
14
22
90
167
147
61
222
47
183
201
18
60
96
144
58
100
167
191
99
14
49
11
108
43
151
187
35
1
221
13
34
34
96
132
135
227
176
47
35
200
253
235
147
35
220
25
89
201
196
219
1
187
203
235
96
47
201
100
238
25
127
253
33
238
108
81
14
224
98
191
130
18
90
111
5
8
168
147
147
130
41
200
201
103
83
10
113
14
96
90
190
200
238
88
113
231
253
113
91
47
108
119
93
248
35
238
201
103
156
198
241
14
180
187
59
94
218
108
154
242
132
67
187
196
89
58
238
27
234
223
241
256
240
216
130
2
46
68
89
64
203
103
147
211
110
195
244
96
191
253
187
253
65
196
90
241
96
256
130
5
169
144
61
31
201
166
140
205
156
61
96
166
109
212
77
35
126
169
206
235
1
35
167
14
5
174
116
35
135
195
32
245
94
41
46
65
93
220
241
64
223
75
5
114
195
123
110
230
178
166
151
19
191
166
169
103
85
201
35
236
225
205
83
79
5
36
256
200
21
180
253
185
201
41
205
253
19
114
104
114
196
28
24
144
10
14
111
31
47
236
35
60
58
201
205
124
49
200
121
46
201
195
134
201
6
142
187
105
174
138
97
91
152
142
137
108
83
58
201
84
207
117
85
239
143
85
195
207
240
191
231
170
10
195
127
229
135
103
108
14
185
103
1
14
6
103
64
235
142
117
201
236
190
169
1
143
187
201
254
35
91
1
9
60
248
24
47
2
201
121
1
5
47
58
77
191
40
8
219
187
206
35
223
108
151
14
34
90
47
90
254
152
6
125
5
35
103
151
142
41
143
231
109
8
201
234
229
85
35
187
224
201
1
223
90
78
205
94
96
43
62
152
201
89
167
130
2
33
105
35
130
199
96
187
64
187
205
83
126
201
46
47
201
103
10
5
201
10
191
239
34
121
41
19
35
191
240
24
244
229
103
149
138
230
253
147
223
167
93
201
47
229
64
190
14
5
76
117
58
34
111
166
44
234
195
253
89
101
212
46
142
135
192
61
221
59
203
65
201
253
34
149
149
114
147
2
121
16
169
89
253
169
5
130
187
90
10
222
46
43
35
88
229
196
130
107
195
35
35
13
96
149
235
30
14
130
5
90
96
49
124
169
144
65
201
108
240
137
121
252
220
30
67
34
201
236
41
35
43
192
35
187
61
64
46
89
216
47
30
34
236
198
40
124
60
105
103
34
77
2
176
81
121
69
144
36
58
103
1
59
175
142
121
186
60
19
10
182
196
43
14
35
108
192
242
229
152
237
156
113
253
43
130
46
43
175
256
195
201
111
5
231
238
156
235
121
89
64
47
156
64
183
236
121
187
18
170
221
24
34
46
46
96
229
147
41
169
98
62
47
64
107
34
135
152
34
131
176
13
221
21
24
25
185
14
77
47
8
65
132
94
43
191
205
96
203
35
64
76
35
223
231
114
87
219
225
30
95
21
114
103
187
60
108
5
64
229
229
1
89
186
8
190
203
187
195
67
175
14
138
223
60
47
60
108
9
36
201
46
25
20
89
244
132
138
137
113
238
200
6
64
13
245
143
169
224
10
195
8
241
142
236
14
107
43
172
21
189
199
16
113
90
96
88
1
229
223
169
187
3
38
256
169
169
219
187
114
196
185
121
176
201
90
15
169
31
211
220
203
240
19
88
30
203
147
114
41
114
5
236
123
235
236
90
137
14
99
8
174
1
93
8
99
110
14
242
233
121
219
186
201
43
130
21
219
103
135
119
83
240
5
47
35
8
108
65
134
33
61
147
223
109
124
6
58
24
64
77
201
156
246
248
192
241
201
241
108
113
35
91
192
108
93
201
256
189
5
146
13
254
222
135
240
103
91
190
83
117
184
151
254
237
114
70
124
102
124
113
1
43
211
187
60
124
147
26
169
78
240
65
203
25
170
14
99
223
201
77
64
240
1
242
178
221
20
71
203
190
13
24
22
138
130
35
229
114
169
83
196
223
83
196
108
226
237
156
130
21
41
169
201
222
78
197
95
96
253
136
195
244
236
160
253
229
186
35
231
203
121
2
201
201
77
194
3
223
5
25
195
89
28
146
121
60
2
79
187
130
88
24
64
27
11
36
149
223
34
77
6
251
108
229
187
88
227
1
2
194
98
201
229
137
189
222
236
187
130
110
234
190
164
91
90
83
47
30
61
201
87
2
206
236
149
174
142
14
206
76
119
35
140
121
219
169
135
169
166
163
8
131
180
229
119
192
201
46
113
10
201
47
187
46
27
88
108
137
1
61
108
131
64
77
187
74
130
169
187
77
212
201
185
30
252
229
175
113
83
8
34
130
60
132
7
169
238
108
211
121
136
43
187
244
223
175
41
252
64
96
242
89
201
187
101
130
88
149
39
175
221
41
21
39
160
195
83
58
25
39
14
140
121
1
103
190
107
3
235
94
158
34
178
121
145
90
140
246
98
242
66
237
105
96
8
201
19
34
41
254
89
164
200
14
121
208
33
59
189
69
5
67
219
244
6
156
192
41
181
169
77
113
34
34
90
10
87
83
115
210
255
120
47
192
186
244
47
204
204
244
61
195
205
178
102
236
3
47
14
108
195
219
253
30
180
163
250
190
156
15
135
96
42
178
113
90
28
2
136
107
121
100
203
78
83
28
77
14
251
108
255
201
170
127
70
6
10
14
201
41
191
43
245
203
129
137
5
142
255
130
18
196
64
169
76
41
74
187
187
222
135
135
223
61
42
96
108
124
60
34
24
34
163
212
24
123
229
64
59
196
61
223
254
77
163
35
53
83
65
83
201
65
89
211
53
126
8
120
19
49
223
38
195
67
182
65
41
121
113
69
14
109
149
8
196
83
89
237
53
13
35
182
194
201
61
120
248
206
170
213
37
95
14
219
195
222
229
238
67
170
27
239
114
25
35
152
201
238
169
49
169
126
89
120
170
89
111
235
28
88
200
34
221
35
87
53
219
137
187
237
130
5
39
121
61
187
67
25
166
35
221
18
14
103
130
43
190
21
18
8
5
61
65
169
102
22
228
83
35
232
6
18
145
78
48
33
120
69
135
244
91
61
78
212
61
34
46
201
141
124
137
229
49
129
27
1
220
255
245
5
121
24
122
255
124
121
196
236
108
88
13
242
144
46
199
195
161
196
146
137
60
35
46
212
222
25
244
197
240
83
2
242
119
248
156
163
242
10
124
27
22
90
25
131
77
5
244
108
5
130
61
221
1
248
22
1
115
21
130
41
195
14
170
200
24
169
176
248
5
124
87
75
83
19
107
169
181
60
244
34
97
28
94
78
236
83
195
5
207
201
83
251
6
64
183
25
61
1
126
253
25
94
34
39
248
199
203
199
33
137
115
221
5
256
78
245
25
77
142
176
221
70
91
242
83
227
147
83
76
237
142
61
121
137
19
187
64
115
2
201
136
120
18
