46
229
236
236
250
183
228
227
145
103
250
201
10
93
108
228
74
145
225
236
103
108
13
201
38
209
209
229
13
248
229
229
210
228
229
201
93
43
10
229
251
201
134
225
229
162
47
43
74
140
183
162
162
81
236
103
24
69
103
95
13
239
256
80
6
108
136
250
256
176
147
81
205
146
211
193
229
22
103
236
220
153
74
138
113
135
254
113
81
209
229
54
211
54
209
26
26
67
201
89
31
52
192
149
50
202
229
3
254
29
105
147
193
147
204
50
83
176
153
93
171
54
62
176
147
3
94
97
138
94
91
97
91
26
237
137
69
205
94
63
155
11
127
176
41
176
193
49
79
3
115
15
210
210
84
11
11
80
32
203
204
204
69
123
112
171
76
94
204
11
149
213
112
11
139
25
250
112
29
214
62
84
248
199
25
115
162
120
216
197
9
195
115
205
94
14
190
14
216
172
205
216
132
231
91
28
76
155
222
28
115
222
214
115
216
62
50
168
112
33
59
33
216
206
33
74
172
204
26
177
164
94
26
165
204
204
79
9
112
50
164
135
112
172
143
62
104
104
41
172
151
208
14
114
94
36
212
216
174
112
208
204
74
50
235
149
216
84
137
26
247
204
76
75
79
116
66
222
222
66
155
9
149
32
128
161
141
243
250
104
42
104
172
160
231
243
75
129
122
118
87
66
132
70
129
242
118
243
17
172
218
242
237
216
131
17
62
197
202
116
90
207
237
33
132
254
197
19
197
33
154
149
128
129
218
120
153
162
198
181
115
162
216
32
43
116
160
33
104
222
4
192
97
73
200
217
197
129
162
216
256
207
149
5
104
63
225
154
76
255
16
165
104
197
48
228
110
116
163
247
235
88
197
122
16
132
159
176
216
218
156
109
247
255
132
79
133
70
142
168
168
213
207
43
142
63
157
82
18
123
174
217
5
242
112
235
196
99
132
236
247
168
196
99
216
241
60
11
216
235
15
197
156
255
45
41
79
127
116
12
142
155
79
171
63
20
32
90
255
171
86
114
255
105
89
235
63
184
255
45
104
207
76
15
70
54
104
54
224
158
39
131
158
16
127
254
253
254
254
192
15
119
224
32
121
156
71
88
64
82
202
156
210
133
235
48
156
228
238
20
213
213
255
178
218
158
9
228
15
141
151
197
15
142
228
156
5
255
34
114
201
103
149
228
90
57
176
216
91
191
82
32
228
235
223
207
133
141
106
12
4
127
18
201
82
26
228
196
197
13
13
79
77
133
82
166
188
163
119
158
192
34
197
255
133
158
236
196
26
82
124
196
142
228
172
174
254
88
53
170
255
156
77
131
131
10
57
76
41
95
191
230
85
137
197
235
53
160
216
4
232
254
223
228
15
106
106
158
63
201
161
53
192
119
229
10
77
77
117
29
199
116
191
192
34
200
12
197
75
201
74
228
79
201
113
196
201
48
19
133
236
22
254
81
227
77
212
34
115
196
221
77
5
58
202
191
40
219
119
117
197
116
37
192
12
43
53
43
79
196
119
19
156
90
196
47
156
119
117
113
103
192
119
79
152
254
156
53
196
111
183
86
179
57
120
63
163
200
99
133
