142
195
251
251
6
187
127
201
175
4
251
6
182
79
154
24
79
129
129
18
127
129
182
79
187
8
234
238
79
6
8
222
108
5
222
189
145
225
248
81
250
108
129
75
47
81
152
248
222
38
243
224
180
128
250
229
75
98
188
1
6
230
47
212
236
75
225
138
248
75
47
74
145
29
126
168
183
201
243
103
47
26
126
127
129
111
250
185
47
222
175
129
8
8
46
138
75
126
184
141
185
11
111
192
185
94
141
111
118
129
107
243
243
5
46
185
222
150
136
184
176
174
192
184
94
47
225
138
222
95
47
136
123
147
184
181
223
174
69
100
223
196
16
132
147
90
185
43
182
154
235
207
118
156
141
243
147
111
185
47
250
136
222
103
46
26
96
123
175
18
111
12
95
228
22
156
182
16
174
226
76
19
132
75
68
237
175
145
141
217
95
191
102
18
131
216
250
171
24
192
187
9
226
226
145
46
185
118
122
136
248
124
111
1
216
141
28
34
5
250
141
181
227
9
226
16
37
181
126
9
131
132
154
185
5
141
131
99
181
90
181
141
111
109
14
136
226
16
111
167
111
134
141
132
109
6
96
250
185
178
185
244
198
205
132
203
14
96
102
8
141
159
178
203
9
111
203
220
136
183
102
111
111
27
96
185
141
9
166
203
122
111
141
106
96
187
136
7
141
181
203
80
164
84
203
141
109
203
136
182
222
111
222
40
109
114
14
237
227
164
201
227
5
37
203
222
109
121
100
37
79
7
222
169
96
5
186
92
108
34
121
169
198
166
55
164
196
205
9
169
169
37
2
231
203
109
121
5
244
11
96
40
231
169
169
7
40
38
181
179
75
132
147
31
114
96
61
122
182
198
185
31
75
7
181
146
224
75
80
206
205
166
80
4
231
78
203
31
227
166
51
179
109
103
87
121
169
114
156
97
108
247
198
241
146
166
169
217
37
17
46
51
97
169
141
226
166
227
9
246
29
181
169
87
87
169
75
195
55
55
182
114
174
156
186
75
75
227
130
194
121
130
58
43
31
231
169
222
5
31
243
190
256
146
167
8
169
166
181
121
169
184
137
31
31
11
97
186
121
37
97
97
67
146
244
1
121
169
169
203
55
80
169
31
111
31
75
97
137
227
84
121
58
217
47
203
111
55
40
169
121
169
130
31
19
169
182
169
5
47
179
201
58
31
75
97
80
169
7
31
58
121
70
179
75
114
14
243
166
166
164
55
203
174
75
75
71
174
169
84
169
169
47
169
138
166
227
141
169
97
138
256
75
95
179
9
97
97
96
222
109
9
223
47
31
142
226
179
75
195
169
211
84
25
179
105
146
185
245
211
31
37
95
31
31
212
97
97
97
179
97
245
185
31
67
203
169
179
67
169
245
75
31
179
29
244
55
97
203
150
31
137
138
179
146
245
147
223
179
245
97
179
97
87
211
179
121
203
40
75
150
75
20
55
170
111
243
101
169
146
203
75
181
245
194
138
146
146
97
203
89
55
182
182
239
223
209
211
55
249
31
31
169
169
142
221
40
55
243
239
97
75
95
182
25
166
142
146
179
211
211
121
179
150
216
130
67
166
231
55
146
206
55
245
243
182
205
95
169
55
245
138
58
37
130
169
174
55
243
137
2
203
185
169
154
194
55
44
121
67
58
169
194
179
211
243
179
231
179
138
138
179
55
194
47
198
250
31
146
75
179
146
187
203
179
95
30
13
211
179
203
121
211
184
97
13
160
138
101
203
75
101
128
146
61
164
138
121
11
31
144
179
110
35
55
250
49
109
146
184
34
244
189
245
187
69
174
58
4
179
61
121
130
109
147
69
179
34
179
245
211
142
95
55
128
31
169
100
138
179
4
97
179
146
53
44
205
144
121
211
244
138
179
187
28
69
179
245
105
179
76
245
242
79
97
203
120
203
179
146
179
89
88
179
12
179
33
111
102
148
102
1
12
142
245
242
107
39
193
12
201
135
189
120
49
189
