236
40
6
7
249
182
55
225
193
150
59
175
54
11
225
6
52
15
73
40
135
107
157
105
86
200
249
1
225
113
31
222
244
120
153
1
191
74
25
215
29
225
204
59
213
219
51
11
151
223
99
139
74
189
73
32
223
218
82
74
157
244
169
166
236
190
254
249
162
164
72
65
175
164
251
180
157
148
140
50
69
206
169
169
215
139
74
153
142
239
42
25
15
65
97
213
214
145
248
215
62
169
210
85
9
40
159
24
61
219
140
74
26
251
61
62
208
110
88
225
25
202
183
210
53
152
42
97
115
225
27
20
85
64
225
32
197
95
159
56
239
155
221
7
20
44
215
209
5
56
213
23
189
45
78
213
32
52
24
164
202
249
237
74
239
55
249
170
52
1
63
232
7
238
215
65
127
152
161
71
229
71
225
123
45
184
164
74
197
112
235
204
138
213
196
243
239
155
88
7
77
241
55
165
233
153
26
162
235
162
20
192
72
32
69
72
112
15
23
138
145
6
10
32
29
155
27
165
202
178
16
20
173
85
104
159
91
131
1
73
72
219
32
215
165
242
181
88
140
130
45
45
233
242
215
210
236
253
115
225
72
170
26
163
189
24
164
165
13
249
88
29
159
253
249
249
89
160
239
125
72
196
103
104
215
162
252
101
94
237
23
54
23
15
225
184
29
3
125
56
159
157
242
62
184
249
210
134
29
178
101
20
79
153
55
215
24
193
196
153
134
23
52
55
50
52
54
89
214
125
4
15
145
45
232
55
176
214
119
153
238
208
23
31
95
165
215
215
72
69
115
115
52
157
208
15
74
115
161
214
1
73
215
225
163
164
145
22
215
74
23
153
239
104
44
110
148
184
232
106
85
29
249
228
256
125
115
56
18
230
213
162
3
125
198
153
15
15
230
66
45
163
4
234
64
210
239
13
52
155
216
24
1
32
15
230
104
232
189
159
19
23
197
138
57
45
104
23
232
213
23
213
34
29
104
26
184
256
158
155
157
213
16
133
202
130
213
26
16
249
121
115
235
23
12
115
253
159
213
23
175
134
115
253
244
75
239
23
31
50
101
115
73
141
23
153
30
16
88
162
221
84
161
119
232
16
161
26
97
1
210
159
215
45
125
148
216
171
215
214
106
103
155
253
45
84
161
214
215
76
23
23
50
63
163
202
56
204
239
29
84
145
73
23
26
56
19
23
232
23
108
95
161
166
251
23
193
56
217
213
54
54
197
139
31
239
215
250
235
103
230
155
255
110
155
25
216
23
105
213
84
98
160
18
32
130
144
57
247
103
15
136
167
148
115
112
218
185
34
161
15
197
74
85
140
88
191
144
149
29
155
84
162
115
20
215
64
155
56
221
157
26
139
189
71
73
133
97
160
155
210
90
123
18
176
199
159
45
161
104
134
91
103
232
155
63
129
155
23
23
162
139
86
110
146
214
215
158
12
232
147
50
112
184
219
210
205
140
146
204
62
184
76
144
142
213
148
148
208
76
215
110
13
13
155
146
73
174
197
251
74
248
184
97
101
210
256
251
204
170
72
84
110
45
197
75
54
202
73
23
110
45
83
134
134
256
168
139
15
180
15
144
45
222
161
15
189
156
212
153
163
235
23
62
155
52
19
61
15
15
158
29
184
11
255
232
154
125
71
23
242
48
99
104
29
27
134
152
161
13
232
153
81
62
97
193
23
161
93
16
23
157
176
135
37
215
103
237
170
169
223
126
163
64
228
76
25
62
253
74
144
23
232
72
203
85
45
204
121
21
241
23
110
105
155
157
144
140
170
122
23
23
73
252
14
23
115
82
45
200
155
94
63
27
162
134
159
163
113
214
121
213
184
58
121
149
125
214
249
191
19
213
153
222
109
157
161
139
136
229
106
202
201
83
161
174
161
161
102
170
63
133
242
184
180
158
102
177
113
155
157
176
15
219
115
213
69
82
15
155
202
116
151
161
232
104
162
225
254
202
38
103
122
60
225
240
127
132
97
12
138
194
101
184
1
159
121
59
218
139
193
104
95
236
133
237
72
121
190
243
155
202
163
48
121
251
162
73
18
88
82
163
149
127
45
232
181
38
226
213
215
130
104
72
105
194
181
15
83
245
72
225
222
56
249
89
65
120
215
153
225
52
105
245
63
89
9
77
104
105
34
104
63
23
30
232
11
139
240
256
50
115
29
101
202
56
15
181
159
202
52
9
157
105
251
210
6
133
215
57
232
238
23
18
25
134
163
147
190
18
163
9
57
232
232
213
56
10
210
116
11
140
197
103
59
144
202
73
133
25
231
93
253
168
213
252
8
216
245
176
251
148
135
193
133
110
24
157
234
197
29
48
32
152
214
73
37
28
36
231
104
20
189
169
148
56
182
73
215
15
82
5
74
110
72
144
54
45
20
85
89
52
63
182
45
64
184
241
23
255
110
139
163
14
235
215
181
169
155
53
118
52
155
72
73
56
48
99
161
235
163
111
45
57
181
93
18
18
228
112
249
73
163
18
246
50
6
162
36
134
110
208
210
115
27
232
38
215
178
55
34
38
137
79
73
237
123
251
216
23
215
209
72
26
72
157
83
234
116
63
231
19
149
52
234
170
79
94
159
56
103
93
255
63
213
133
18
113
85
149
92
82
115
12
156
164
212
108
184
179
137
48
133
12
233
172
215
184
158
15
206
139
214
65
163
184
73
193
232
255
172
163
56
178
156
86
197
99
27
170
20
133
184
77
63
75
28
121
56
193
215
252
170
125
161
18
253
161
15
144
235
190
212
145
167
116
85
168
178
210
213
171
139
45
217
85
26
91
249
15
160
77
48
168
197
245
168
77
252
215
82
74
212
214
234
82
163
5
133
163
172
73
101
73
124
215
164
102
239
38
210
121
238
91
248
148
157
56
85
158
184
168
214
193
111
189
228
85
85
129
85
214
15
252
82
66
193
99
189
133
197
210
57
219
167
82
99
213
238
183
77
85
133
210
115
232
27
214
133
213
255
249
99
115
161
230
163
110
99
193
140
56
72
76
86
85
133
48
210
220
56
133
201
249
77
15
99
85
197
235
169
210
77
193
237
97
111
255
133
242
19
53
240
26
15
39
77
71
235
232
197
85
115
116
72
15
252
133
240
157
252
197
27
202
238
232
8
85
79
45
238
15
85
82
158
56
221
220
178
197
164
77
221
85
213
178
85
161
12
85
110
237
53
178
72
52
196
249
52
249
82
133
235
213
82
149
122
157
86
63
73
85
192
236
235
115
86
10
82
214
238
235
183
159
82
85
149
213
85
139
82
133
220
99
85
23
50
133
256
157
242
85
178
82
67
163
221
56
157
157
235
85
228
157
162
82
64
197
256
215
238
189
238
159
216
133
72
256
42
213
214
86
82
82
256
232
73
161
133
149
25
196
197
53
184
82
52
189
235
26
133
213
255
133
106
236
45
53
52
197
85
155
12
214
155
213
111
219
161
235
161
197
133
52
64
170
53
203
133
159
213
82
238
203
134
63
230
45
240
73
133
157
12
35
163
45
45
203
221
255
197
255
133
163
56
133
256
201
133
157
72
