111
175
145
126
175
6
126
51
46
111
126
229
16
111
42
6
177
123
14
51
90
90
54
222
27
90
54
14
177
54
77
27
54
90
54
126
88
177
123
95
126
126
177
126
90
81
250
184
220
107
126
175
54
229
14
95
250
6
95
95
183
111
177
222
166
181
112
126
95
190
177
54
220
250
90
112
176
113
184
177
40
194
90
206
206
126
183
54
14
54
107
21
95
95
54
54
250
144
6
177
107
96
59
126
177
250
94
113
180
54
130
34
16
183
181
226
130
219
54
182
40
156
6
176
107
16
63
130
181
217
244
97
206
47
231
95
239
47
239
206
21
1
198
28
63
220
156
155
113
54
168
219
96
54
112
113
186
132
90
130
119
181
134
54
151
229
28
24
98
10
240
47
106
113
191
2
114
209
90
95
95
116
184
111
40
118
126
63
107
16
95
103
166
97
76
98
95
239
123
98
41
75
183
208
88
250
126
231
244
126
96
58
54
106
112
65
22
40
130
177
160
184
70
184
215
209
46
73
180
90
136
113
231
38
83
18
112
113
114
7
182
40
58
97
236
183
63
5
160
95
107
21
190
182
136
119
160
239
7
7
18
238
5
98
206
89
63
65
136
231
126
5
138
38
126
151
103
183
250
182
234
160
151
124
16
187
253
244
242
21
92
244
76
112
54
96
237
58
212
190
187
22
235
231
184
206
214
103
160
41
90
235
184
158
190
250
65
34
205
40
14
126
74
184
244
188
108
126
182
136
160
31
109
151
209
254
252
100
136
25
231
21
131
126
107
188
126
126
178
185
184
131
244
187
187
93
109
112
15
190
224
41
81
144
244
206
187
79
75
253
141
198
227
211
189
175
131
229
115
242
151
131
187
219
142
244
168
170
160
211
188
63
235
238
76
151
241
54
111
109
65
184
138
190
224
211
95
67
178
112
63
74
16
151
76
184
107
95
240
65
7
209
190
88
192
67
113
6
22
92
189
40
75
122
151
37
212
41
190
67
219
182
62
206
62
63
4
246
87
159
131
101
212
15
40
219
211
46
211
112
28
115
208
131
190
28
16
246
114
71
137
117
250
212
68
101
67
60
68
160
47
62
208
126
18
204
236
242
88
248
60
79
118
95
131
65
15
98
118
171
113
189
114
46
95
113
97
183
92
98
69
97
67
4
159
160
140
114
151
248
46
42
113
185
140
127
209
126
114
140
111
81
88
159
112
107
115
192
179
103
188
129
5
188
22
14
68
68
24
182
226
131
95
187
158
30
90
92
131
97
77
240
79
214
40
71
171
63
248
214
154
110
30
64
70
182
112
40
63
159
171
188
6
247
244
154
79
206
182
144
15
24
90
190
6
5
197
97
19
22
65
15
118
67
238
98
112
193
118
37
46
204
168
217
188
242
201
50
240
67
191
110
192
97
203
71
13
225
187
43
191
36
75
13
132
214
134
101
37
177
160
38
8
129
88
185
19
112
19
213
190
253
74
180
36
156
94
121
241
130
187
204
41
174
113
98
242
240
204
181
66
132
2
151
96
109
64
63
151
122
71
65
144
245
95
75
178
19
164
25
64
115
49
130
209
88
195
118
115
59
96
89
30
112
27
140
33
151
116
66
113
187
46
119
8
151
231
107
204
115
37
236
75
52
201
65
132
2
206
87
62
42
182
122
158
218
115
11
119
214
149
171
205
133
121
209
204
144
112
72
97
89
88
13
142
206
116
61
110
70
192
221
98
191
174
178
46
245
2
121
121
115
112
27
76
136
152
163
205
140
254
121
242
57
15
65
241
37
41
221
184
97
33
252
65
243
185
103
4
89
209
151
151
41
224
41
65
129
107
30
89
141
130
121
80
107
79
244
177
151
4
204
205
190
107
91
46
141
107
200
207
176
253
174
97
176
243
98
132
4
132
44
207
203
241
115
4
198
151
4
201
112
11
178
95
41
39
192
41
193
102
156
99
34
122
207
63
156
21
61
27
20
217
116
219
4
156
39
98
11
73
176
152
65
48
98
71
58
61
98
252
126
151
151
69
112
2
198
4
2
200
122
218
57
25
92
65
219
247
127
33
24
200
53
148
61
9
217
8
25
254
23
37
152
124
64
97
207
244
192
203
191
107
215
214
125
61
29
159
28
160
163
130
5
188
188
204
200
157
34
4
71
211
48
154
107
215
229
79
22
170
215
44
215
118
143
150
63
224
48
137
138
104
37
84
198
5
125
137
138
168
200
253
35
253
163
210
12
253
201
200
125
224
65
15
188
127
115
93
15
243
188
151
197
253
215
30
2
207
254
152
95
218
85
95
125
43
24
8
78
200
204
4
157
245
192
137
101
23
25
24
87
213
67
232
101
251
200
227
69
246
213
93
203
188
204
71
254
137
200
249
102
237
160
47
113
22
224
190
34
254
192
254
95
22
158
24
254
188
65
106
90
188
215
224
31
163
67
220
254
21
160
53
160
248
198
215
247
172
152
249
5
207
24
192
19
113
78
66
211
107
238
192
207
210
152
254
254
131
153
242
182
245
245
77
158
198
68
171
70
193
145
192
145
232
218
232
137
247
12
206
142
180
137
142
120
229
108
240
221
208
180
35
224
234
86
137
61
206
160
133
77
172
248
18
82
31
2
6
232
16
217
81
68
43
190
192
11
35
13
192
154
198
199
159
35
154
192
144
83
58
201
63
241
65
192
133
13
115
232
115
200
26
96
120
232
88
42
15
196
96
137
24
133
82
134
59
175
180
232
254
70
199
35
232
232
249
156
108
81
70
