7
203
205
121
128
128
7
143
128
7
166
75
47
182
18
18
208
208
47
25
208
151
203
165
128
208
182
165
18
7
98
165
59
98
182
25
80
146
194
98
138
31
84
209
7
75
176
203
143
138
209
25
209
31
123
143
84
138
143
194
176
50
50
52
209
185
150
71
194
128
29
128
209
231
128
138
29
203
29
208
71
128
146
160
165
123
138
128
84
97
29
209
165
208
143
143
50
138
209
128
160
231
84
17
29
231
138
209
165
17
196
84
208
136
67
209
165
141
136
84
203
107
165
25
165
97
95
97
208
209
210
165
138
208
55
208
84
55
55
29
74
32
119
256
138
64
166
143
7
138
52
104
122
244
122
143
138
128
210
166
168
231
32
143
11
52
95
37
209
131
84
182
84
131
128
97
97
122
66
7
253
80
31
208
7
256
138
184
75
221
143
131
29
128
231
166
145
97
75
231
177
168
194
225
194
168
173
63
194
66
231
214
194
221
191
254
30
7
136
248
229
178
105
136
250
97
178
97
216
178
29
66
209
231
165
231
21
24
17
150
238
244
150
212
204
204
136
204
125
87
196
209
145
150
204
150
85
87
21
209
29
168
162
63
113
78
7
63
9
168
28
78
204
138
224
178
250
242
250
250
199
22
111
208
82
181
134
111
150
209
250
178
20
236
95
168
63
210
178
165
84
196
138
63
216
63
116
145
34
134
34
108
14
204
134
99
32
70
62
183
208
145
250
85
229
154
204
36
85
103
201
194
145
111
201
201
150
57
146
95
188
184
204
204
187
150
20
97
109
165
81
62
145
70
11
204
95
18
204
106
134
97
5
111
158
165
209
230
204
249
251
236
111
140
210
185
78
204
176
75
178
254
20
181
227
165
187
140
51
136
15
36
236
248
139
171
149
254
208
111
229
224
247
162
184
95
150
137
204
63
255
165
21
174
218
13
204
102
165
75
204
13
108
136
162
251
118
15
210
111
95
200
187
151
201
102
57
111
249
180
196
9
176
255
84
196
21
84
239
34
20
150
86
201
111
59
149
36
76
107
204
150
207
7
207
134
210
220
102
254
59
32
192
55
18
84
186
207
97
152
111
53
138
139
15
53
93
84
150
18
74
225
178
239
92
206
216
204
41
13
76
118
187
138
230
111
206
65
21
201
203
73
165
113
95
181
13
191
215
134
81
82
141
174
13
36
150
222
146
88
220
244
20
137
187
239
192
20
106
136
255
139
9
106
110
195
201
111
239
201
59
141
65
201
16
182
230
201
94
151
149
29
101
106
105
62
235
109
157
201
238
71
163
103
137
201
40
252
15
144
178
201
15
112
219
37
103
55
153
203
14
151
224
139
207
206
76
207
110
239
137
65
3
13
9
98
109
55
207
173
201
41
11
201
201
71
205
211
207
9
252
44
171
89
89
38
74
63
170
128
205
89
150
104
210
216
236
144
157
184
7
163
194
220
88
128
134
24
64
9
28
178
20
123
175
207
73
124
4
119
123
44
231
103
223
95
4
82
200
128
106
191
210
43
245
254
146
108
10
207
35
218
148
65
12
64
65
144
77
228
98
110
249
11
62
76
28
142
203
182
135
128
201
33
213
53
206
87
128
118
113
30
109
133
87
165
28
232
251
2
118
104
123
255
71
143
210
85
61
123
218
211
201
98
91
61
91
160
218
230
169
157
17
109
193
76
106
142
59
135
73
134
190
139
77
134
9
229
17
187
77
9
51
143
175
150
80
110
138
55
98
148
33
126
85
180
59
171
63
84
57
121
34
104
30
72
207
121
200
87
22
188
28
236
50
46
171
153
123
18
41
34
180
207
123
9
46
95
207
135
108
89
148
207
84
75
83
201
252
65
15
9
109
221
153
77
218
34
207
34
110
34
95
29
201
221
9
156
50
118
21
33
209
48
159
107
124
44
20
120
44
21
9
239
254
99
89
51
124
154
218
78
17
148
9
204
36
115
75
37
96
46
218
148
136
75
211
170
204
50
201
201
210
53
153
166
124
255
22
205
107
53
9
44
181
236
54
171
136
242
165
28
39
180
99
142
71
237
204
35
253
58
205
42
148
118
239
50
240
151
179
36
35
132
104
159
113
105
106
14
107
9
152
240
30
132
1
53
255
238
201
120
106
103
34
201
207
201
212
172
135
20
201
194
207
152
201
107
197
214
250
77
73
44
137
118
3
222
207
236
85
184
137
21
93
99
110
201
252
231
240
107
142
239
225
18
98
46
9
170
43
124
211
65
242
97
11
98
107
11
11
227
240
178
246
137
158
15
69
13
9
121
31
72
20
148
99
125
93
242
162
181
35
204
125
231
83
9
58
88
207
197
5
181
207
203
20
118
142
156
30
77
93
153
204
169
36
207
207
124
148
208
31
5
9
35
96
191
201
218
250
191
124
171
48
81
148
195
44
205
130
253
74
108
25
76
195
239
31
121
124
35
201
201
17
126
30
255
30
9
201
90
254
207
209
249
44
144
35
118
131
173
36
35
161
193
205
232
46
31
89
108
231
205
204
93
124
241
142
215
160
161
148
180
201
148
88
174
20
124
202
237
207
118
124
240
117
5
19
113
180
117
256
59
142
124
12
137
148
198
142
124
149
83
156
78
248
242
200
249
77
151
30
191
20
240
170
110
256
125
124
198
18
89
55
17
226
144
230
177
124
175
197
72
72
169
148
74
217
53
141
109
210
111
201
156
34
101
133
254
85
53
196
144
124
20
35
236
226
30
173
152
170
167
247
205
142
218
35
158
99
120
35
46
179
20
113
205
41
108
249
206
144
48
174
46
161
88
6
201
147
108
180
175
152
201
163
240
20
197
197
183
203
30
179
131
193
229
247
213
185
201
35
218
169
