88
10
107
115
59
201
87
208
143
115
87
208
40
117
81
196
196
67
67
143
196
111
195
117
208
67
231
7
39
176
209
107
67
138
209
209
209
209
231
225
209
83
121
219
55
7
209
7
251
220
121
75
55
220
239
208
251
98
32
239
208
208
231
208
249
108
36
36
208
244
220
160
206
51
75
88
121
98
88
209
182
36
36
220
160
55
36
98
220
60
36
151
36
39
165
114
165
62
194
209
32
123
36
51
31
71
7
36
220
128
207
113
123
36
98
75
129
123
17
100
38
22
140
176
79
136
55
28
123
123
71
11
224
51
54
166
242
20
106
51
254
118
176
147
98
211
110
128
208
92
75
112
21
51
220
126
165
62
28
92
219
128
220
17
62
123
203
143
188
143
92
191
128
21
185
185
165
209
191
118
67
126
98
118
168
55
165
222
136
29
36
211
136
129
67
18
118
224
172
47
36
98
67
62
184
209
112
91
229
67
219
211
217
112
98
113
98
99
191
92
206
106
234
21
56
185
18
8
115
176
8
36
67
57
160
126
188
160
188
105
47
204
160
67
206
206
91
50
67
160
105
92
251
11
106
191
50
104
165
58
3
118
90
18
219
240
69
145
61
51
251
38
202
92
148
99
251
42
21
18
204
90
105
200
164
67
218
148
99
160
86
118
191
44
214
136
22
92
123
225
174
141
99
185
3
230
165
3
184
74
224
87
177
206
99
106
160
81
20
67
61
98
148
151
11
104
68
128
218
206
221
98
224
28
36
98
246
9
214
128
9
145
90
80
251
28
185
4
47
185
28
214
119
218
106
22
44
33
105
254
7
28
129
3
109
175
36
118
251
197
254
206
239
201
239
56
42
36
87
104
5
89
148
87
215
118
234
125
202
165
90
36
107
38
204
125
113
125
28
246
90
98
185
100
218
208
248
144
239
245
125
54
118
44
81
245
92
28
125
77
251
113
28
111
126
98
111
160
194
239
5
119
4
136
125
126
165
59
18
13
4
20
99
148
20
218
61
165
109
206
7
54
149
105
180
146
244
173
217
172
81
186
20
215
141
6
188
21
231
90
92
129
47
125
165
31
92
159
47
44
47
71
231
14
98
150
21
17
152
209
4
151
254
33
8
1
206
55
161
61
20
215
254
14
46
125
80
4
244
61
204
185
105
109
5
107
9
254
254
245
47
47
142
8
55
99
151
162
114
206
76
208
143
14
189
143
166
125
73
132
8
217
118
99
125
142
208
90
206
156
120
177
254
224
200
5
245
200
208
73
51
188
7
8
59
4
8
221
153
200
13
239
200
14
147
217
152
212
33
47
73
8
28
103
173
148
119
200
215
23
62
173
184
171
215
41
61
171
35
215
27
161
207
81
8
234
8
160
74
142
231
21
61
217
136
116
138
171
17
85
98
60
75
217
123
90
74
54
156
126
14
102
172
125
171
256
217
150
147
81
92
142
9
142
171
200
200
74
119
200
43
245
3
171
28
245
235
9
74
159
245
17
215
250
24
50
206
85
147
18
200
82
71
245
82
85
53
231
2
126
18
191
148
112
125
232
221
241
61
200
200
107
213
62
74
65
152
147
119
81
163
23
29
4
39
176
39
4
211
74
74
188
119
85
142
137
43
113
246
188
18
3
42
159
171
216
11
71
250
213
256
217
220
82
89
4
184
73
208
4
256
125
156
202
214
18
200
82
119
133
82
218
142
250
53
178
35
71
81
18
62
12
55
157
123
241
36
74
20
14
208
239
55
53
232
133
82
189
82
50
66
104
234
61
51
180
82
30
107
64
142
254
163
197
254
82
200
243
232
4
82
151
215
151
86
71
256
114
35
239
32
75
71
160
125
82
254
43
148
194
82
82
181
160
171
208
110
32
105
133
142
78
224
4
79
82
23
75
79
198
149
73
21
44
72
30
13
160
110
13
189
13
75
145
254
161
102
102
16
159
142
181
48
141
12
249
56
4
43
84
56
200
112
252
249
45
202
122
72
149
200
79
158
159
177
152
215
64
181
253
115
110
73
106
30
56
125
14
249
191
150
200
115
152
184
42
106
184
158
4
235
64
72
76
88
220
214
4
106
72
44
37
42
228
64
42
30
124
125
43
218
4
56
228
159
211
4
235
230
229
215
12
202
113
157
248
159
158
133
48
163
44
10
4
159
6
239
200
11
12
4
153
163
242
230
229
242
215
157
200
42
30
64
22
27
56
178
133
106
182
197
146
42
56
68
215
220
42
86
197
205
30
189
42
77
232
42
56
159
30
12
95
55
29
157
77
178
40
17
232
163
45
254
214
5
2
79
133
86
95
56
25
82
85
57
149
12
207
189
85
72
161
249
27
133
115
159
32
44
48
224
44
85
26
155
149
12
12
64
39
191
85
163
56
163
159
188
45
14
169
120
224
30
56
148
163
157
173
73
56
12
4
178
152
197
68
56
124
4
68
