176
176
135
135
108
194
131
112
67
33
141
112
164
185
41
112
203
16
108
164
131
194
203
27
234
203
109
33
112
212
54
10
102
140
230
205
118
164
230
91
209
186
67
230
237
141
66
237
237
69
69
69
148
250
44
237
145
243
76
91
222
157
214
228
204
177
107
3
199
14
44
122
2
76
206
198
14
249
172
129
155
206
159
214
237
9
206
214
150
26
3
148
57
237
224
28
166
139
102
174
111
75
204
86
138
72
249
127
55
25
108
91
237
112
155
228
114
128
94
185
167
252
131
26
144
157
155
224
214
243
148
94
57
216
185
159
148
94
150
206
91
28
135
198
55
217
57
174
87
174
174
57
75
40
162
67
6
201
155
44
148
140
148
105
17
220
237
249
114
12
154
47
174
243
52
237
155
115
55
28
217
138
12
249
111
9
256
199
91
3
3
128
128
231
130
67
157
61
157
112
137
148
55
130
214
100
104
217
154
174
237
176
105
148
91
193
55
137
237
150
174
137
117
176
148
211
155
115
127
21
54
193
168
174
91
61
157
2
83
131
11
215
155
57
137
84
67
12
57
137
154
101
57
218
216
131
26
99
129
29
157
208
21
245
155
89
26
55
109
237
122
155
223
26
13
91
54
256
104
227
150
227
168
55
226
237
122
67
109
154
230
78
55
174
52
137
174
114
176
61
244
74
26
57
213
157
208
221
184
168
245
210
55
85
55
148
75
176
163
134
94
230
106
145
224
181
55
99
226
44
115
155
155
143
148
168
222
148
128
235
159
204
9
199
219
29
132
155
26
148
115
159
159
174
55
208
123
78
9
123
199
245
52
82
245
104
68
152
110
30
176
55
222
181
26
159
168
79
161
245
213
198
68
219
245
28
137
44
38
75
32
127
153
140
232
104
210
217
148
155
26
148
114
123
21
227
235
141
57
128
55
168
162
53
13
211
189
217
243
243
74
233
208
13
123
15
85
39
56
120
93
155
245
186
25
253
30
155
217
184
56
45
123
82
250
232
214
226
210
245
150
101
37
63
65
68
249
171
9
149
49
157
206
176
199
214
67
159
124
222
161
159
124
82
15
215
13
235
85
160
155
158
55
198
14
160
148
123
99
201
246
160
53
15
102
184
57
213
41
13
89
1
91
247
14
91
224
181
48
12
168
194
245
216
216
202
216
227
57
249
29
168
57
47
61
35
256
161
8
249
160
11
220
105
154
168
247
13
25
155
77
28
213
120
232
62
189
135
220
30
114
199
63
114
208
235
158
161
171
2
155
155
49
140
78
199
133
162
12
63
154
174
78
131
171
122
210
55
28
9
232
215
155
204
49
136
32
232
162
9
44
217
104
12
9
215
105
56
184
217
45
135
93
62
48
220
214
216
94
104
218
30
49
55
232
52
159
62
2
68
190
114
70
190
49
133
55
199
57
10
174
131
211
12
94
168
210
13
207
28
130
128
99
42
131
190
67
207
157
171
184
217
190
99
216
210
238
247
45
105
72
38
222
190
28
65
162
97
37
148
157
220
72
161
181
157
49
59
159
94
55
185
204
148
218
73
180
86
187
67
237
21
128
148
155
78
13
161
157
91
130
12
67
52
79
122
187
148
25
44
77
155
161
150
216
157
48
4
77
43
48
68
142
171
63
57
148
168
122
205
72
38
110
72
245
31
159
9
10
45
252
4
48
208
100
157
210
45
168
163
38
158
70
101
105
155
29
7
9
216
215
9
205
161
238
14
100
171
165
134
227
30
63
56
134
153
248
184
55
247
55
140
213
56
64
148
42
155
93
72
43
66
104
82
205
55
120
77
2
110
170
159
66
28
63
73
2
207
106
73
247
45
202
71
70
164
157
251
157
216
45
66
155
53
161
99
73
77
159
134
161
157
105
105
3
154
57
65
73
150
53
238
14
118
37
157
9
230
94
79
204
2
85
168
48
189
72
120
106
154
204
168
104
159
124
82
138
93
145
55
197
28
35
77
6
230
238
245
170
93
10
118
196
186
155
211
155
155
64
45
9
37
94
131
158
127
157
133
134
145
56
167
49
211
143
128
157
59
22
157
224
131
3
124
45
104
168
120
57
82
118
232
159
189
30
157
87
171
214
22
49
122
134
26
28
155
70
48
56
157
9
120
55
63
217
249
153
9
171
10
123
54
9
26
238
87
107
168
45
132
226
42
217
31
37
197
22
44
247
150
228
197
21
133
72
159
145
77
10
159
120
85
193
77
206
232
195
193
208
93
137
48
38
155
38
104
168
79
10
134
26
168
63
72
72
199
149
64
64
72
9
77
230
12
158
253
171
155
148
168
12
255
29
104
67
85
63
150
249
110
159
1
226
76
202
49
193
210
123
77
232
197
38
228
105
164
127
210
189
164
1
53
197
237
168
157
165
132
35
45
159
208
131
150
246
198
12
117
91
48
157
157
97
228
139
29
21
171
140
89
134
252
48
210
253
149
168
87
134
91
211
159
168
245
197
45
38
250
131
153
247
131
38
32
218
245
255
101
110
63
45
210
55
115
68
136
140
57
150
135
197
34
63
10
9
214
21
149
15
224
101
42
110
49
162
134
145
35
38
197
171
12
238
162
38
207
26
184
255
139
148
215
9
69
238
174
52
230
14
158
245
247
57
187
111
240
5
122
3
124
159
76
49
66
131
220
72
171
72
128
215
197
238
207
255
101
120
218
82
214
52
116
157
147
255
222
72
187
159
114
212
131
115
140
77
168
94
149
133
42
242
223
147
45
12
214
97
56
42
221
104
15
184
104
94
38
101
145
247
131
215
246
164
174
56
193
63
149
86
9
189
70
134
56
161
213
134
179
63
157
120
251
49
168
37
69
158
197
133
42
1
174
72
45
35
195
84
1
133
38
157
154
161
145
116
26
167
162
10
242
15
214
13
197
76
158
44
43
159
218
128
133
200
131
214
232
48
233
116
136
171
202
110
232
242
168
168
72
247
45
34
31
218
76
251
111
76
216
193
157
148
103
43
192
56
106
213
53
193
63
247
220
120
207
167
255
213
25
163
101
48
245
104
72
238
52
158
48
245
197
201
167
37
22
86
101
168
120
67
52
159
115
94
76
76
63
38
193
116
167
168
72
42
157
167
134
26
139
229
109
139
43
174
172
213
94
105
72
63
15
155
170
202
48
256
137
242
26
57
134
