208
208
112
237
235
237
184
208
112
235
27
67
136
136
28
211
154
194
229
28
211
177
18
67
150
8
166
33
177
18
250
177
79
122
186
79
144
80
150
122
33
121
28
194
201
228
229
225
239
71
59
166
235
217
71
235
183
174
151
59
177
46
144
250
10
79
126
122
18
206
250
203
97
229
236
71
144
40
122
206
241
71
36
250
32
121
195
174
192
177
65
174
174
71
60
201
31
127
117
223
186
71
79
60
166
195
64
40
97
196
194
151
174
36
186
108
147
248
217
181
18
196
165
34
195
129
217
89
137
129
217
71
55
16
129
1
14
147
8
226
60
79
1
233
196
147
187
55
28
175
154
28
90
217
126
177
137
18
131
248
250
245
24
251
241
222
16
153
8
167
236
119
76
111
122
111
16
129
201
142
71
34
195
118
24
233
147
147
40
95
187
6
233
64
196
151
204
250
1
3
214
32
137
187
250
8
245
5
108
241
22
92
14
92
111
107
154
7
139
147
89
28
46
8
5
177
138
10
204
240
69
111
223
118
103
90
248
211
46
111
107
108
212
59
37
13
223
55
229
225
138
105
175
110
47
230
225
224
201
105
107
154
111
78
93
248
18
22
96
175
39
187
122
138
18
116
6
144
113
201
243
34
201
70
105
93
201
223
107
201
60
187
113
93
76
111
6
47
24
217
18
253
96
78
71
229
30
209
46
187
92
138
105
248
114
229
217
177
175
211
201
236
233
24
187
123
226
141
201
135
24
41
175
119
108
175
87
204
37
127
37
101
96
47
93
18
60
93
8
34
6
244
195
5
103
13
31
32
55
120
183
31
212
119
187
47
64
41
31
126
87
22
116
100
126
119
90
219
14
14
81
90
182
22
156
100
33
46
33
253
59
17
108
96
246
243
14
73
10
90
248
87
220
24
195
114
205
58
252
79
167
242
201
195
103
101
137
142
20
175
56
248
107
122
100
245
14
5
210
39
219
22
226
135
208
126
5
20
181
160
86
90
217
81
4
41
233
90
96
14
88
34
24
156
105
90
222
248
248
238
154
195
90
108
60
92
96
19
181
137
88
141
126
69
200
108
141
36
103
107
119
236
201
7
96
237
196
243
103
167
60
140
1
22
229
126
156
178
239
187
187
236
24
201
88
227
236
208
174
90
20
61
123
14
212
252
201
242
171
14
14
187
6
92
47
223
229
96
180
11
195
167
59
14
201
196
253
236
57
111
169
14
138
41
60
171
46
96
167
118
108
196
126
103
169
195
201
135
187
6
5
10
75
113
200
144
239
111
118
187
138
211
13
196
139
93
212
41
51
220
30
187
157
108
182
100
201
31
118
96
245
47
226
6
224
30
183
33
47
14
127
238
96
251
183
96
175
126
1
103
119
1
251
229
237
117
119
5
158
96
177
196
4
3
90
1
22
141
211
236
106
6
71
14
87
22
6
51
192
3
222
1
187
28
60
89
47
19
201
109
41
196
251
6
108
22
226
54
139
79
47
66
5
196
233
79
90
93
96
181
24
8
36
90
131
78
10
44
187
130
147
63
100
38
90
90
16
59
11
193
88
22
100
14
90
130
238
125
81
122
196
205
58
14
64
118
118
100
201
63
76
167
118
44
247
5
236
121
14
175
39
118
170
248
135
6
156
171
117
20
10
51
88
187
64
236
254
5
118
61
142
251
92
66
245
135
222
1
8
125
132
18
58
223
226
187
233
37
90
109
90
47
66
1
180
14
220
179
187
200
236
223
96
14
81
181
20
113
103
31
195
147
117
169
175
103
60
136
64
183
126
229
188
184
147
20
113
72
187
60
6
119
5
207
76
144
238
70
200
223
242
207
229
26
46
229
34
20
120
3
1
180
212
96
140
5
34
184
225
217
81
101
11
229
165
198
119
229
201
24
9
187
40
235
146
47
34
153
27
46
90
30
224
38
178
97
234
107
93
88
41
14
187
156
108
205
203
246
76
118
126
131
24
187
60
6
34
248
156
71
44
203
128
195
187
229
46
96
211
118
41
46
205
137
254
154
156
61
192
90
114
130
5
78
90
46
187
254
1
108
108
142
76
112
5
187
16
185
96
126
119
28
237
152
54
229
75
137
233
223
44
8
90
117
100
223
40
178
90
238
138
137
219
251
113
103
35
2
187
96
238
249
229
112
10
205
113
81
101
31
3
248
249
238
95
187
64
141
41
229
89
203
91
103
74
5
175
89
83
156
200
5
121
96
169
30
241
223
196
120
76
6
5
223
111
236
248
200
152
96
214
190
201
97
107
38
251
106
81
224
254
227
229
201
76
207
70
219
103
201
244
91
14
144
96
187
212
175
96
238
81
28
93
90
183
34
55
201
178
111
96
1
144
229
3
150
70
236
175
170
66
11
142
200
236
142
1
252
6
248
18
136
18
38
47
238
254
5
96
114
2
145
137
125
201
226
207
205
19
216
111
95
170
111
187
195
156
195
6
190
250
114
24
192
253
1
61
97
195
219
244
54
33
229
37
61
8
24
6
34
108
254
119
81
249
229
61
103
185
223
81
6
96
108
20
95
61
90
238
108
203
180
246
223
229
250
5
187
2
195
6
14
96
229
117
172
240
8
47
203
126
20
61
14
111
170
144
248
229
81
167
14
195
69
5
166
239
254
64
156
76
14
102
229
147
24
224
47
14
154
248
110
47
75
130
212
65
103
34
24
187
129
60
16
65
256
24
156
36
227
61
89
63
1
236
38
144
108
10
184
34
96
14
14
22
64
144
5
90
46
39
5
116
121
156
96
82
1
108
229
8
229
253
81
242
107
78
239
8
103
5
10
248
61
36
82
32
70
103
118
108
195
225
47
185
142
223
196
78
238
93
251
53
253
24
5
190
30
200
147
68
10
103
61
103
31
144
241
248
154
151
119
81
175
201
217
31
146
184
241
77
238
201
183
236
93
96
108
156
239
169
187
132
5
108
35
187
64
93
91
19
14
108
90
187
11
34
196
175
215
81
118
85
144
188
74
2
59
111
156
33
170
254
90
6
24
250
244
250
145
65
5
239
121
200
219
73
78
95
103
81
135
74
224
119
201
104
118
242
5
224
142
34
190
10
247
194
32
229
187
201
90
108
65
205
8
239
242
145
24
108
20
47
90
110
238
82
253
11
67
108
236
30
187
229
102
224
190
119
63
212
34
33
113
1
193
2
241
111
212
6
101
203
146
245
100
64
34
190
183
6
119
215
63
63
144
107
65
59
151
10
121
190
104
189
108
229
229
195
122
192
108
205
239
88
35
236
238
201
64
18
238
26
88
229
170
34
10
248
24
101
175
54
194
113
10
40
18
88
108
35
256
238
142
238
113
64
64
223
16
135
43
187
14
14
223
21
31
127
238
83
40
147
21
63
184
201
108
200
108
39
16
3
100
253
63
108
104
221
201
5
81
35
96
96
238
30
47
64
190
144
189
239
180
242
215
34
145
76
81
250
245
238
83
32
204
147
126
22
229
165
101
242
183
130
88
6
250
119
250
126
90
237
89
234
13
47
102
147
45
187
151
83
238
5
238
101
190
114
137
83
64
46
183
26
241
8
119
96
96
108
101
65
220
192
238
96
88
50
61
141
118
126
229
239
119
100
229
6
211
175
190
5
61
64
192
151
190
2
200
144
187
74
164
34
227
223
96
64
184
8
160
96
238
62
229
70
116
42
210
227
61
2
183
130
141
140
7
212
13
70
224
111
73
133
47
193
212
223
111
96
112
200
83
24
244
6
190
102
198
201
250
254
130
102
229
83
135
16
254
223
248
113
121
25
60
248
107
103
64
14
150
89
14
130
144
200
167
8
76
64
148
190
239
256
1
150
219
253
95
190
47
63
150
184
242
117
24
201
64
238
108
34
34
63
193
34
250
195
15
224
15
151
13
30
236
228
88
97
111
86
38
4
62
238
187
83
234
61
215
221
103
62
250
229
88
193
95
18
60
76
149
35
101
93
62
30
14
130
120
141
184
31
191
8
104
8
89
108
141
30
93
110
50
10
188
160
82
201
76
107
120
73
184
1
201
108
82
227
43
74
153
35
201
220
221
150
47
253
242
35
96
250
36
86
149
256
34
254
235
238
63
15
211
242
57
64
248
24
190
93
222
8
61
34
142
108
36
40
88
55
238
100
158
34
70
244
194
203
97
224
187
253
212
70
8
47
49
236
201
7
227
5
108
64
56
193
18
255
230
23
236
14
31
8
147
229
78
60
103
18
236
108
73
212
121
40
238
91
4
215
50
8
209
74
164
203
236
236
167
108
103
201
167
201
140
223
190
63
190
35
22
34
34
34
32
73
108
63
205
156
240
203
125
238
53
79
46
33
215
182
16
196
203
237
178
219
63
208
91
241
112
103
64
221
36
77
244
95
24
34
104
38
169
31
248
43
169
13
238
15
240
223
194
246
38
201
88
201
64
134
242
83
223
19
8
64
241
212
178
10
125
21
116
154
64
107
180
103
35
210
184
212
109
96
86
61
67
179
187
222
170
228
14
5
185
70
187
236
16
144
34
24
129
64
198
3
246
28
196
77
145
153
228
147
229
147
101
228
219
175
35
242
240
250
74
169
135
194
34
65
108
52
33
210
137
61
175
77
252
203
224
156
63
108
64
236
102
3
47
223
235
235
248
251
42
89
147
65
96
242
129
96
124
24
19
86
157
223
178
22
134
57
86
93
223
96
37
22
203
103
250
212
100
238
185
125
10
219
214
47
140
47
229
55
236
76
35
222
27
110
63
57
16
158
223
26
149
57
236
13
63
201
230
108
61
190
223
27
32
14
235
153
35
35
22
224
235
34
83
201
236
50
229
205
144
189
252
153
157
88
220
115
31
76
169
170
134
56
230
217
10
223
67
184
77
153
49
91
62
27
170
236
83
91
1
5
53
76
235
95
170
29
201
206
158
63
163
74
103
236
83
112
63
61
22
190
190
236
29
65
235
201
102
102
140
46
61
184
15
61
115
230
89
74
140
198
252
235
252
43
31
210
22
13
210
145
249
63
110
78
246
31
10
115
137
25
236
202
19
31
73
93
20
61
108
56
240
248
40
193
145
61
114
135
121
62
254
228
88
178
114
121
73
53
63
220
252
219
145
10
31
29
74
95
237
236
253
223
35
108
15
70
113
240
76
12
219
31
219
236
238
157
88
180
88
237
70
194
81
248
170
73
210
169
238
102
64
250
169
13
210
64
236
232
229
203
64
129
184
106
169
250
236
64
220
201
153
52
110
248
235
28
238
229
242
184
201
139
223
10
224
81
30
108
5
101
178
29
244
63
22
56
64
178
61
170
13
219
145
103
7
5
236
139
63
7
205
44
108
164
108
73
121
19
193
4
73
236
198
93
231
116
43
130
236
248
190
67
149
136
239
205
229
56
169
223
65
178
45
35
156
20
190
31
235
134
91
103
88
158
88
130
148
110
214
34
235
222
40
242
170
238
186
114
252
250
83
224
83
210
183
190
218
15
13
144
60
113
252
237
106
65
149
49
49
169
138
170
49
88
59
110
89
134
240
190
105
7
152
43
190
19
149
226
238
195
96
76
121
148
130
16
81
236
34
19
210
61
184
97
200
134
240
116
95
46
215
70
19
228
89
250
40
252
170
169
129
115
242
46
57
93
103
124
46
88
229
8
93
240
221
56
77
73
86
236
48
183
105
89
169
170
144
105
226
28
88
179
12
69
149
157
149
33
238
34
236
57
69
34
235
8
91
13
183
228
230
216
236
228
32
203
52
65
105
240
55
19
240
214
238
250
111
157
110
129
56
229
88
203
139
153
139
32
95
164
87
63
228
175
86
255
235
139
193
106
248
184
91
57
248
228
228
189
169
196
134
140
240
190
203
6
46
220
134
170
108
135
224
4
67
134
201
238
159
178
149
196
236
185
91
91
199
219
58
108
170
172
202
65
25
139
30
184
30
189
88
158
221
102
46
157
8
19
256
142
223
199
186
88
223
12
59
242
189
255
139
107
57
175
102
104
195
47
203
228
107
32
201
102
219
139
43
146
170
238
238
178
137
103
230
130
82
193
139
175
183
202
1
14
52
10
127
104
149
228
73
201
248
232
245
236
193
110
243
4
232
201
186
