146
146
80
80
239
80
239
127
239
105
127
239
89
89
115
89
178
88
182
138
89
174
178
46
165
182
178
79
69
174
5
52
7
138
59
40
174
59
131
165
252
88
51
40
236
87
113
203
7
174
203
1
7
219
94
103
46
97
31
150
109
138
131
105
97
236
206
127
29
219
219
33
131
61
9
69
121
229
151
7
206
131
183
97
230
107
68
236
237
226
226
151
52
205
238
135
186
178
75
150
97
79
68
129
51
149
32
3
187
115
246
107
146
251
135
166
70
29
178
83
104
88
115
149
135
117
29
236
159
243
206
177
117
228
61
243
114
174
117
223
26
106
131
247
151
41
219
76
240
9
128
16
131
3
35
128
54
74
168
201
151
204
106
235
131
79
120
86
201
217
146
74
136
61
256
173
19
10
121
219
94
114
194
187
1
11
105
162
40
54
70
42
33
93
210
97
233
199
9
114
199
164
256
9
42
135
155
226
120
25
39
116
65
157
42
196
27
207
210
124
95
241
117
71
224
83
168
155
110
228
17
50
169
1
33
121
73
45
25
199
86
199
25
45
125
153
149
235
69
39
226
224
10
109
15
204
39
231
104
75
203
128
1
243
39
17
25
183
177
95
40
249
114
9
237
167
54
232
104
104
171
231
203
40
75
95
104
39
9
9
29
183
232
256
97
180
246
117
144
3
182
169
183
55
203
255
239
201
79
101
109
71
87
59
19
153
140
246
135
33
70
91
26
157
250
199
169
91
34
94
183
31
182
137
94
121
24
136
124
158
144
192
124
78
153
176
121
85
10
48
67
52
239
255
245
161
222
42
39
21
33
15
164
13
250
42
155
227
87
135
35
61
250
130
241
100
74
176
37
232
115
217
17
164
207
33
170
70
16
83
199
22
17
101
164
75
155
78
46
61
158
70
78
26
179
121
83
84
174
14
153
52
100
39
108
52
25
88
131
250
249
91
9
33
42
109
52
175
94
225
149
24
236
39
207
94
71
176
17
82
65
176
241
122
109
40
174
137
79
27
167
7
93
86
205
35
246
207
24
256
107
39
213
16
154
53
88
128
181
236
49
71
252
144
103
136
146
205
217
83
181
114
9
236
227
10
58
252
230
122
203
153
227
9
196
221
53
69
53
122
44
137
180
94
205
31
52
74
83
56
25
229
237
104
136
82
174
87
123
233
210
94
150
199
45
166
233
115
138
65
195
80
53
27
243
169
92
26
240
155
88
250
192
115
57
225
170
88
66
4
35
175
195
3
71
95
11
158
125
153
13
118
236
69
108
47
91
70
150
174
190
35
77
250
169
205
116
62
132
163
190
159
142
136
226
240
52
184
70
137
174
237
191
34
70
33
169
249
183
10
157
54
241
208
171
256
70
70
250
164
46
231
6
56
42
83
31
57
53
18
17
39
42
61
199
241
136
184
91
181
86
170
66
137
170
169
237
179
232
120
9
91
179
166
94
6
169
44
6
94
164
160
101
114
252
158
100
35
77
170
21
166
195
227
253
108
169
175
25
221
196
55
60
248
164
228
238
220
46
50
63
147
65
58
42
207
183
174
173
228
44
13
11
107
191
250
91
227
144
2
72
196
33
235
60
240
63
69
1
236
33
52
164
169
50
115
66
33
228
88
128
43
256
94
82
203
53
41
35
138
146
247
55
242
120
62
108
70
157
130
147
27
25
214
240
17
237
118
54
192
179
170
221
69
228
241
137
93
100
147
198
65
33
104
35
171
168
31
31
29
104
131
53
157
82
171
217
124
65
70
35
172
117
19
34
216
150
63
167
250
184
65
94
228
87
252
249
179
226
66
44
235
183
132
199
228
196
76
166
223
247
213
74
129
109
184
78
214
158
207
195
163
114
252
39
196
53
11
108
206
192
240
127
158
48
205
77
256
223
107
20
196
120
157
184
212
43
164
87
52
220
137
27
6
33
53
114
157
105
240
203
33
147
42
159
65
224
199
226
117
66
140
35
53
91
11
31
77
53
169
169
8
102
247
199
139
47
52
159
219
91
82
137
83
146
47
82
35
110
29
205
164
62
104
169
87
213
181
11
204
228
204
153
184
105
195
212
150
49
108
256
214
191
174
228
249
228
243
132
214
35
230
35
242
243
188
142
35
255
191
61
39
168
243
202
9
110
77
185
109
222
4
35
221
179
141
101
118
138
39
115
137
97
137
164
237
228
33
157
249
179
207
224
75
233
169
121
86
202
34
92
133
142
39
11
21
238
35
117
146
240
254
42
136
206
222
141
249
169
247
201
211
83
75
193
10
105
35
118
68
157
106
186
127
246
186
66
88
222
69
86
174
244
201
162
216
11
184
192
199
249
117
169
176
134
53
55
186
101
202
135
34
169
212
82
124
63
153
151
42
24
65
252
248
179
60
181
6
59
52
46
117
256
53
47
124
26
75
252
91
150
99
64
249
1
199
164
61
104
230
131
141
164
104
136
24
42
30
104
190
224
121
250
253
203
53
187
44
55
201
184
122
44
91
243
115
57
242
75
202
53
181
186
88
221
61
228
124
180
88
181
256
133
100
49
55
20
30
221
249
89
158
102
124
182
39
164
80
227
129
196
122
247
11
171
44
194
33
249
140
26
170
26
170
77
256
191
65
39
109
227
102
79
61
35
184
205
35
122
249
41
120
108
117
57
228
150
15
138
33
238
116
56
117
49
79
17
238
134
88
115
154
222
189
155
237
247
215
186
58
14
228
119
72
110
150
74
249
25
101
110
222
50
120
88
236
60
1
30
230
219
47
228
20
196
117
53
34
114
57
203
117
219
15
240
3
242
31
42
139
183
170
70
244
199
118
52
74
170
109
227
65
146
199
55
195
53
238
240
141
202
241
184
141
190
88
124
184
134
134
194
101
21
199
117
253
240
235
230
13
171
45
169
195
105
247
174
249
179
199
138
256
104
193
67
11
88
190
219
178
104
31
223
201
144
20
169
233
233
44
24
63
136
108
35
108
119
238
14
31
244
118
169
171
179
170
124
179
59
233
244
237
103
39
87
142
20
255
124
219
81
190
58
208
53
124
118
210
219
96
106
186
130
104
227
30
235
93
47
210
6
171
194
184
227
241
75
252
42
233
79
179
193
182
235
228
212
76
20
53
108
53
118
73
169
59
20
64
11
14
121
171
191
150
104
65
88
233
169
140
64
49
102
115
101
141
95
133
58
247
124
142
256
21
241
198
248
211
171
108
139
179
169
145
254
193
13
116
207
142
256
142
20
73
199
89
244
184
46
250
235
34
124
58
114
49
55
42
44
124
42
192
249
241
79
137
244
169
229
75
87
134
89
242
33
77
65
46
100
179
53
35
196
248
207
63
6
88
142
124
103
70
100
131
187
135
101
256
78
229
38
227
35
194
249
156
190
129
213
144
20
86
182
47
132
101
131
196
8
233
137
35
20
227
29
11
244
13
117
1
240
8
87
55
83
146
248
236
247
39
130
53
216
222
107
236
20
41
256
46
237
124
201
253
198
88
1
104
46
121
191
190
33
100
210
187
47
42
46
41
92
103
58
102
1
218
233
20
78
205
166
256
33
198
20
233
46
100
198
187
60
