13
14
235
147
147
253
151
253
204
10
94
89
223
126
13
253
170
97
164
147
110
105
110
28
166
50
14
212
96
97
121
94
123
223
87
250
204
89
5
10
195
76
192
106
130
22
253
98
62
43
106
219
153
3
172
97
43
196
22
170
98
10
170
38
190
208
240
236
61
252
63
5
151
110
200
35
5
94
76
106
113
5
75
50
253
121
22
231
211
22
236
71
180
14
65
219
145
142
73
204
190
115
219
5
170
151
252
106
28
237
228
219
91
24
204
190
79
230
29
13
130
180
250
190
126
151
5
94
183
35
6
160
11
91
106
14
219
174
195
106
64
190
67
86
91
115
230
12
61
5
91
11
201
166
71
240
74
67
169
244
112
110
214
41
25
222
236
81
235
165
5
115
248
26
142
44
98
102
142
71
208
195
94
253
41
5
81
106
14
5
160
61
130
14
190
11
32
76
110
195
206
13
230
91
248
250
103
17
223
5
14
57
203
115
98
130
34
223
22
71
235
14
115
251
22
237
102
100
111
96
237
70
153
81
26
222
79
11
106
83
98
214
8
171
95
65
100
170
110
91
13
18
105
61
105
162
160
69
66
244
95
170
14
32
25
33
115
47
5
237
190
222
62
86
160
32
70
70
71
91
14
187
27
30
132
170
230
132
89
117
65
174
244
13
237
253
182
86
111
27
129
187
153
149
137
256
98
25
147
46
32
22
212
256
147
184
79
87
8
10
65
14
160
220
35
181
252
31
37
138
25
163
147
200
81
236
45
204
74
79
7
199
13
160
242
134
248
196
205
50
25
237
35
121
75
52
38
14
115
222
71
64
170
151
41
123
220
235
222
22
96
190
147
77
144
25
102
94
189
89
115
120
253
14
228
237
181
214
184
81
102
256
79
50
105
106
83
237
165
44
95
8
219
88
170
219
219
74
2
10
140
182
221
118
70
96
72
31
71
61
74
41
201
105
185
230
182
69
107
38
187
252
217
233
34
181
221
240
103
162
130
192
255
203
153
104
192
221
199
165
95
206
71
59
113
238
214
150
102
180
89
83
201
240
94
138
184
96
88
203
94
50
71
25
187
25
78
240
237
43
72
164
227
41
238
41
94
203
201
240
94
35
169
239
160
65
145
192
126
253
66
218
39
52
94
104
95
244
130
65
26
138
237
175
237
176
161
62
61
94
132
13
186
130
144
26
14
194
45
22
145
159
175
61
104
37
176
221
17
149
197
67
165
126
244
65
8
94
139
36
79
91
184
89
212
178
102
72
135
17
54
106
72
170
229
38
111
199
10
174
192
249
164
195
165
140
62
170
138
47
47
153
170
88
21
147
176
170
171
94
111
111
134
99
171
61
132
10
195
153
214
65
10
30
91
21
176
143
150
26
121
35
221
126
10
221
91
72
197
37
150
200
221
94
47
221
201
50
94
140
250
50
197
228
214
98
237
52
14
94
212
212
35
88
114
66
35
103
14
225
136
28
5
25
125
252
121
44
74
153
170
181
171
253
98
58
250
13
221
165
207
201
197
102
108
34
253
126
72
52
160
237
5
210
72
250
39
240
141
69
9
232
243
37
256
212
112
19
11
185
140
104
215
107
38
201
153
8
83
91
2
153
45
168
129
185
249
72
207
130
81
108
14
170
243
212
240
129
69
49
96
8
89
81
160
54
108
105
126
181
17
99
253
153
219
54
204
170
217
218
204
81
81
27
143
154
253
30
185
224
183
11
144
186
185
44
204
4
10
99
34
242
154
68
86
102
162
105
30
105
144
64
8
161
62
153
223
219
6
255
9
172
251
71
197
184
23
71
8
133
237
166
98
10
8
87
106
194
10
99
208
160
4
105
215
112
192
222
72
251
103
218
251
152
126
20
72
222
66
223
126
197
224
6
72
166
50
232
172
72
197
197
72
100
196
96
172
144
6
112
85
222
215
20
197
72
231
114
71
48
216
177
222
214
100
215
99
72
237
9
200
234
184
215
220
1
254
251
36
74
23
191
224
107
143
243
251
242
111
200
195
151
183
177
186
102
204
206
123
36
106
49
73
212
73
256
204
197
114
215
244
161
245
72
115
218
125
213
155
152
112
71
99
23
161
222
19
67
172
232
160
155
72
176
160
94
213
234
125
98
123
244
86
106
76
37
204
44
151
36
149
52
77
244
48
62
127
82
73
215
141
69
130
25
99
196
149
149
7
28
32
220
25
149
98
160
108
189
23
197
187
102
184
2
67
222
77
214
73
82
71
73
98
245
222
238
178
221
71
244
41
147
53
48
196
3
156
25
178
54
172
221
245
193
127
221
130
98
4
234
48
99
86
157
82
87
134
244
99
149
147
160
160
161
218
178
62
160
213
27
125
114
131
99
50
112
102
215
25
67
98
178
222
232
128
219
242
152
208
134
196
245
141
86
131
106
213
204
98
162
187
143
48
129
216
178
140
173
89
31
122
202
85
129
58
161
50
137
79
72
79
253
163
213
36
248
149
161
151
202
186
161
12
76
36
140
242
30
171
96
112
256
104
244
23
48
197
163
73
82
54
221
86
232
238
204
77
220
131
25
213
197
152
45
98
163
242
202
170
248
148
105
226
112
146
161
155
133
163
228
199
215
106
95
199
200
123
153
222
95
56
31
85
60
120
98
120
191
81
234
54
38
202
197
85
183
197
231
115
112
256
32
115
2
67
100
215
165
140
15
161
114
128
215
100
151
115
25
173
99
199
248
187
82
85
98
215
86
189
115
203
215
179
190
70
151
38
213
253
82
52
214
163
82
48
208
36
170
72
115
124
162
163
115
94
219
12
234
120
200
141
219
72
37
85
197
120
163
82
57
82
232
86
196
213
95
254
128
178
82
82
194
238
160
214
126
137
170
160
76
53
202
64
160
232
197
163
170
219
213
111
185
77
111
85
197
60
188
191
215
115
187
115
13
163
228
254
85
238
23
111
224
93
218
82
224
215
39
240
106
185
222
170
85
174
235
213
76
76
133
202
85
134
219
199
82
231
152
131
41
230
147
94
163
12
214
57
23
155
237
228
12
34
103
215
171
157
73
196
12
32
215
171
237
81
124
60
12
215
52
153
228
57
228
85
87
215
64
197
100
99
230
124
48
71
110
5
122
23
82
232
110
189
163
148
11
215
23
35
23
187
237
73
221
82
252
115
152
44
161
82
238
148
21
237
219
228
124
213
77
23
189
23
237
62
219
196
38
256
60
166
103
228
256
256
196
74
57
63
152
116
219
189
82
23
57
76
178
174
60
224
91
215
27
88
52
82
81
52
119
228
115
201
125
133
48
57
8
237
124
49
218
252
12
120
223
165
238
230
237
48
235
256
38
134
236
85
39
169
64
196
21
34
92
86
30
48
48
163
27
124
201
256
134
44
57
163
236
219
134
136
236
230
163
114
201
57
52
148
242
23
232
57
34
148
189
83
10
163
237
35
82
166
173
80
238
256
6
161
82
170
111
238
252
197
219
42
256
16
215
31
52
82
25
133
102
48
48
228
15
158
159
232
64
197
85
197
148
214
204
17
215
158
163
256
63
240
148
214
148
197
132
232
110
35
23
79
88
169
201
148
163
230
189
201
23
45
161
45
163
85
148
44
12
107
86
134
197
34
134
15
238
163
170
161
197
82
48
