229
229
17
17
40
17
105
105
229
37
37
17
105
135
37
198
113
113
59
108
17
8
51
181
34
59
143
44
221
66
222
34
51
5
43
217
245
222
241
143
221
44
21
245
181
59
217
129
8
207
95
245
123
129
51
37
245
54
207
37
250
129
245
59
54
5
68
184
120
246
217
68
198
222
2
68
37
184
54
250
250
191
54
129
4
122
129
129
54
225
110
114
141
92
47
16
54
5
40
4
47
54
9
198
219
191
184
9
122
15
68
94
114
221
68
225
37
28
171
15
175
239
222
171
110
24
114
219
177
120
205
122
37
177
102
61
20
20
254
28
63
63
89
28
9
24
194
20
175
97
89
126
177
211
2
211
3
94
253
207
9
47
231
9
63
177
171
122
126
165
66
222
119
171
246
244
13
119
3
54
177
107
239
54
132
36
36
125
15
246
150
222
110
17
246
125
191
171
191
33
195
193
194
245
254
152
168
222
44
13
143
239
181
158
63
39
235
37
125
185
227
223
141
234
16
125
211
36
132
24
24
109
193
150
15
20
205
20
249
158
47
200
180
37
226
200
212
191
171
220
54
227
168
191
36
79
182
193
200
83
182
200
227
120
24
223
36
158
137
235
239
200
20
115
127
174
68
119
20
200
188
125
183
125
207
254
188
20
182
245
141
6
156
248
125
246
20
61
126
200
158
68
36
133
15
246
152
15
24
63
220
156
47
246
191
191
199
36
220
20
156
244
105
15
125
224
217
20
41
191
156
212
20
119
185
200
18
20
20
179
182
220
24
59
68
200
217
152
152
20
168
200
119
125
200
234
179
119
185
20
119
152
20
68
125
152
20
119
207
234
20
188
246
254
152
234
156
