186
32
228
106
237
38
79
103
196
57
199
106
74
155
177
220
104
72
161
204
157
252
213
155
69
189
157
237
149
161
237
86
134
213
162
157
25
86
56
12
106
64
242
157
44
111
213
178
219
76
111
155
190
12
170
10
178
65
56
106
79
161
34
73
161
106
10
189
111
145
111
76
252
52
232
189
121
10
213
102
86
237
160
238
189
192
159
219
237
134
61
146
149
197
215
161
189
34
215
56
13
178
213
13
69
25
213
35
121
111
155
52
220
86
157
214
238
134
159
64
149
34
26
79
129
79
64
215
134
155
161
192
76
13
88
213
81
201
255
111
210
202
213
219
10
116
69
12
31
214
48
111
88
13
10
252
155
26
45
159
213
99
111
56
127
15
155
26
48
213
252
249
199
186
161
26
106
197
214
94
158
111
61
189
169
201
149
242
57
139
148
76
15
219
99
232
35
155
104
145
35
219
248
256
155
56
26
104
159
57
149
63
170
57
148
210
157
247
29
157
44
196
94
219
228
149
64
204
26
155
219
242
218
255
26
23
256
63
247
155
148
99
248
15
15
190
249
29
57
104
12
210
149
76
26
189
133
112
238
155
29
122
34
148
69
15
63
42
197
69
96
247
48
197
26
213
122
210
216
26
157
216
193
63
219
122
210
232
216
214
26
199
105
148
219
218
56
32
10
255
73
210
76
155
105
157
252
193
26
255
169
48
115
155
122
214
210
148
155
57
238
247
192
210
189
199
134
161
174
48
15
32
155
86
26
57
57
210
163
23
63
72
145
163
15
61
69
247
12
57
213
163
139
213
139
53
235
22
210
134
134
193
122
72
163
228
157
122
161
255
69
247
189
8
149
196
26
76
79
155
218
14
154
159
149
189
86
216
134
228
157
174
149
99
214
154
210
159
104
232
52
216
139
102
57
202
186
161
155
159
216
255
139
197
26
159
48
12
44
210
138
148
76
99
52
56
45
139
111
26
213
149
14
64
46
48
44
148
202
218
104
122
148
45
99
255
155
235
230
189
56
122
26
213
216
216
139
213
106
155
99
167
216
155
48
218
86
86
52
32
99
238
159
190
85
15
76
134
12
157
149
169
210
189
142
72
48
133
232
115
25
45
197
45
155
110
9
197
169
86
202
155
48
244
12
166
46
213
216
3
106
233
252
12
15
197
85
216
163
219
86
139
252
57
159
159
57
139
76
122
122
155
52
83
232
155
86
62
192
216
99
148
48
202
48
82
250
86
155
38
218
157
155
142
122
69
12
133
214
45
82
12
142
235
56
176
159
163
72
205
161
65
255
197
218
87
48
149
149
80
76
250
218
218
64
197
76
134
219
57
122
218
99
23
244
158
190
218
247
197
148
12
213
149
45
216
57
155
163
148
218
38
64
218
159
106
23
56
57
213
56
148
148
176
155
159
45
23
115
48
122
255
122
199
99
193
232
45
232
116
247
189
236
48
189
32
23
56
216
213
96
216
150
115
104
45
238
32
62
3
72
139
32
99
207
218
65
99
232
56
93
213
148
148
232
159
86
76
26
146
12
104
237
46
164
45
48
218
45
256
45
45
116
89
155
45
197
73
155
76
122
72
133
155
218
163
81
157
169
163
139
216
244
76
166
45
197
213
159
155
56
26
45
34
161
93
122
111
42
163
216
72
140
232
48
45
45
133
104
204
65
163
155
134
148
52
33
46
247
230
86
255
57
111
157
133
139
111
133
82
99
72
77
238
45
99
111
45
65
35
45
202
232
218
166
63
218
155
133
146
26
153
81
232
202
79
15
157
72
218
134
72
91
218
134
197
82
201
189
163
133
82
214
210
133
99
197
216
232
148
72
232
89
45
99
33
56
193
189
133
85
39
115
89
213
218
232
166
155
111
232
218
150
235
256
25
166
187
134
69
161
106
31
161
238
133
214
192
219
133
256
44
35
150
110
186
236
159
102
105
133
247
169
57
106
25
115
35
255
232
115
232
73
31
240
236
79
111
216
134
255
45
137
106
197
120
144
202
79
57
26
135
232
213
115
186
86
10
189
25
79
197
232
157
161
79
214
44
111
256
221
103
169
52
25
194
106
232
256
247
240
197
232
96
219
86
10
237
256
256
133
102
197
256
255
223
52
249
52
256
255
91
255
112
238
255
218
192
189
219
42
115
255
44
134
170
159
213
232
256
256
256
186
192
146
57
