95
220
220
3
95
181
181
38
28
5
41
114
109
96
41
248
192
33
5
192
41
222
114
235
114
59
5
114
109
228
53
248
28
96
192
89
31
250
222
192
90
14
182
146
181
146
136
41
114
172
109
229
109
115
220
114
128
211
136
136
186
136
183
70
230
237
256
183
222
230
136
136
20
146
82
251
109
115
172
136
75
172
34
181
182
226
75
75
128
20
74
251
82
138
76
181
114
59
138
146
184
50
131
138
89
114
21
109
138
172
211
256
90
136
131
181
80
230
114
15
33
223
109
172
179
77
77
162
33
131
205
123
46
94
33
166
223
90
114
151
206
58
186
181
181
203
114
196
90
168
235
90
236
109
201
122
160
122
235
109
170
146
109
168
169
256
242
146
184
183
108
114
36
39
109
85
212
85
158
94
13
196
64
80
39
194
99
160
136
77
235
256
168
166
114
91
35
256
117
114
109
253
109
136
109
154
81
109
251
229
157
196
136
109
114
186
24
94
123
38
206
146
178
108
121
107
85
141
235
43
114
223
93
99
77
114
109
85
70
110
170
229
253
235
239
129
15
109
131
167
110
117
77
195
9
176
109
131
39
36
54
32
109
21
172
174
248
59
32
43
239
131
160
167
136
28
74
241
139
174
108
15
108
117
196
256
236
16
183
114
147
236
28
235
153
109
235
74
94
197
175
167
77
253
109
136
110
127
9
251
59
256
153
9
110
109
35
174
233
174
167
4
174
186
117
172
236
109
85
236
135
114
32
84
117
162
242
178
153
147
39
194
229
136
153
86
15
110
103
6
235
167
65
210
89
74
132
30
130
195
149
85
167
140
236
96
14
63
194
97
235
9
110
172
4
42
196
207
102
185
236
225
216
74
32
42
8
32
85
249
39
256
96
42
25
110
42
198
167
24
77
171
256
110
203
170
216
110
138
110
35
95
154
28
122
42
153
18
117
8
243
231
153
202
8
196
64
72
225
215
249
110
153
8
153
39
69
233
202
167
32
109
172
179
238
39
203
250
108
250
77
223
105
167
39
39
228
42
110
90
235
183
251
237
64
252
219
4
229
256
239
256
210
24
110
23
130
72
110
58
242
203
183
85
109
155
248
77
77
183
120
88
229
114
113
144
179
16
252
242
105
65
32
110
76
233
50
153
193
32
25
253
32
189
158
19
60
16
39
77
42
117
233
237
184
65
110
137
117
242
6
110
242
173
110
229
110
37
117
158
32
183
236
60
72
120
170
180
9
132
23
176
42
10
100
239
74
110
56
9
96
22
157
250
32
39
251
25
167
239
179
64
242
210
60
112
74
190
190
19
117
193
55
49
35
72
174
168
228
131
34
50
42
181
190
196
85
145
39
39
94
73
28
58
233
231
233
167
110
107
17
174
120
175
167
235
167
109
253
60
46
226
134
103
178
236
196
251
244
110
164
24
88
99
219
88
210
117
250
87
175
175
110
37
223
220
174
72
190
120
195
81
235
178
174
158
60
181
253
110
35
245
238
96
225
9
202
91
110
110
167
5
196
56
52
233
42
210
39
64
110
40
99
26
248
256
223
17
39
110
16
88
250
101
175
101
9
42
110
17
219
100
145
100
248
226
12
219
183
166
222
201
153
233
93
103
45
42
251
225
216
105
24
132
74
100
219
153
113
170
170
248
242
233
117
18
225
238
117
167
205
34
256
225
233
53
140
74
238
117
239
18
156
251
100
240
140
153
248
90
164
47
53
64
4
241
8
4
110
13
52
39
117
100
236
93
167
196
132
174
110
46
131
171
150
115
238
242
209
90
13
175
47
95
193
207
22
96
154
108
19
224
242
127
229
18
17
110
93
94
8
251
95
219
93
233
169
18
93
233
149
16
82
19
130
252
113
106
90
192
86
110
253
185
7
117
30
117
94
78
37
88
199
117
31
212
171
116
253
239
32
24
233
34
242
250
100
152
32
59
176
93
220
15
39
28
179
65
192
216
32
248
42
229
167
32
239
7
190
120
192
53
134
117
64
250
158
19
170
8
42
216
182
42
13
16
100
140
176
216
181
224
212
238
245
64
252
167
229
88
39
252
181
53
196
193
176
39
117
88
251
192
127
110
81
100
45
103
250
34
251
235
191
179
20
81
19
248
153
153
83
83
248
117
75
58
255
76
117
248
64
142
141
108
34
108
31
110
144
193
10
156
39
198
28
23
65
117
3
161
74
53
174
127
233
69
255
5
56
240
213
134
109
64
39
6
145
9
63
13
185
215
60
72
174
241
216
110
81
106
39
125
149
170
195
117
120
190
201
19
42
107
167
110
248
196
175
42
198
14
192
129
28
167
72
9
140
90
53
179
89
172
120
248
45
103
167
189
224
223
192
167
64
192
54
117
99
63
81
53
107
248
34
103
219
189
215
229
215
18
109
157
169
1
154
50
223
100
182
157
247
42
34
183
121
216
46
135
120
240
149
5
34
90
42
47
39
219
215
12
163
1
72
153
95
171
44
227
88
127
90
42
74
96
45
167
140
8
103
110
76
192
53
110
54
120
11
248
220
32
8
193
96
127
100
123
188
8
15
197
117
163
117
81
153
96
49
49
174
90
248
90
53
76
192
223
161
156
124
174
252
70
76
16
96
104
251
8
178
245
14
35
236
86
123
1
81
38
193
233
108
49
192
110
89
233
63
167
108
243
16
229
113
190
155
76
198
159
248
6
79
241
123
93
39
210
105
223
105
89
111
83
115
110
252
34
19
105
100
236
195
81
232
196
55
32
46
196
115
120
105
55
65
110
154
212
133
213
199
233
34
39
1
233
61
232
233
246
246
188
2
13
238
100
132
100
116
212
16
95
76
158
163
245
82
242
172
70
158
49
252
251
189
15
224
10
219
53
105
57
18
210
88
132
53
74
183
19
96
57
64
205
86
187
5
5
13
105
203
181
23
152
55
117
41
2
163
57
198
77
39
77
129
49
133
124
107
77
19
201
49
55
245
236
168
115
24
191
121
222
233
19
58
183
135
153
184
45
169
223
32
219
13
124
108
248
201
233
8
190
233
110
187
196
142
57
32
210
60
160
32
251
42
139
120
132
72
248
8
9
145
26
227
58
153
120
147
236
117
89
179
39
18
18
64
133
69
189
57
156
158
106
169
201
35
41
108
57
158
218
57
235
135
169
182
86
167
167
158
249
39
117
88
58
73
72
158
34
110
134
138
198
106
126
49
64
110
105
13
137
236
110
42
192
79
59
135
74
45
139
157
100
46
124
186
48
46
228
86
46
57
38
236
6
212
192
245
86
201
192
192
158
57
216
137
192
33
120
6
163
233
236
87
105
180
11
192
26
72
120
142
105
227
220
86
58
26
88
124
179
85
63
19
12
35
193
