88
150
206
150
135
231
209
80
177
166
208
80
40
209
209
140
184
150
231
114
177
171
59
40
181
7
114
7
140
181
7
194
181
171
73
171
146
184
54
54
182
59
231
209
182
54
7
92
54
97
208
166
80
141
182
177
154
140
75
118
87
184
181
95
181
194
97
130
182
33
239
78
29
37
7
239
78
154
111
92
205
194
206
4
141
68
68
130
37
182
208
95
235
177
122
225
68
177
97
211
184
37
54
144
29
37
37
68
40
75
80
220
181
33
74
240
216
220
205
29
240
75
68
80
28
225
181
128
188
188
166
100
80
216
1
177
74
109
220
21
37
63
199
97
37
23
181
205
95
95
139
208
7
177
75
109
75
109
253
19
181
136
42
68
102
225
208
136
137
21
236
4
27
95
136
235
231
4
95
102
177
145
59
95
208
50
37
29
78
21
230
182
236
74
218
29
50
171
183
198
140
54
78
102
179
68
171
68
195
109
69
135
184
95
179
179
25
101
136
230
129
29
138
41
246
31
52
129
195
78
184
137
254
131
29
108
122
217
141
184
211
235
70
203
15
84
164
237
13
145
66
230
103
122
99
236
140
18
122
211
118
70
95
42
27
139
199
54
217
141
168
77
35
217
118
145
109
141
13
206
206
92
246
37
132
139
206
131
122
135
124
118
122
34
122
173
28
230
17
109
176
37
29
171
217
33
181
15
82
127
245
33
127
11
68
174
1
237
37
235
117
135
176
176
4
135
250
39
181
122
176
199
91
109
184
135
237
217
230
31
132
235
240
3
13
223
110
118
140
123
33
127
187
137
101
63
230
13
164
235
135
229
184
85
37
210
245
154
141
246
192
216
223
132
154
136
230
101
68
176
176
255
77
181
153
33
235
4
246
190
31
132
107
78
49
181
82
77
95
88
19
122
217
132
73
224
222
136
118
132
218
104
255
82
93
245
135
136
135
256
206
33
217
49
58
135
135
210
33
168
139
235
49
118
95
23
230
130
13
58
240
144
136
171
130
116
4
75
191
132
53
72
31
93
15
190
190
7
109
122
84
204
95
132
182
147
4
42
240
60
247
93
188
138
135
39
64
100
57
28
190
32
256
28
151
70
23
173
101
1
173
42
11
139
141
95
4
132
4
82
242
189
101
256
166
78
210
32
132
110
132
88
183
13
130
141
135
49
227
121
130
193
101
13
178
179
4
118
39
34
132
178
82
93
125
91
1
140
4
100
195
1
24
75
21
58
248
108
135
95
11
118
46
35
132
3
93
132
60
25
227
238
12
88
116
132
109
183
123
35
240
46
250
101
27
132
178
37
132
121
193
89
95
76
109
28
41
222
252
158
88
88
203
4
210
37
33
13
88
200
245
239
250
132
132
250
228
24
217
65
103
203
199
13
144
75
34
107
59
199
85
180
192
118
49
60
113
63
54
227
65
43
88
152
29
13
49
179
36
90
209
107
59
253
228
193
173
252
206
135
196
35
41
35
239
236
165
135
182
171
132
41
122
14
242
168
233
59
173
63
184
236
92
37
87
36
19
227
236
132
136
4
144
195
30
132
15
60
24
59
23
141
37
173
165
132
132
172
160
27
59
168
37
136
107
130
107
141
13
60
230
228
168
58
5
88
195
5
145
78
8
115
59
135
138
228
4
37
78
183
222
31
183
1
241
190
168
88
180
168
110
116
33
152
135
145
183
158
20
6
244
179
125
1
107
212
107
236
188
173
53
241
20
95
74
231
188
83
240
158
135
210
78
217
244
222
172
180
132
171
63
82
187
228
237
78
44
103
88
124
32
135
144
20
230
140
65
171
187
24
57
186
152
9
58
231
88
179
59
115
60
135
65
49
14
168
152
108
141
123
179
78
132
133
132
109
97
152
138
200
19
116
109
158
14
199
210
235
138
55
223
233
29
35
227
135
78
78
83
199
68
134
88
132
83
216
226
93
59
14
178
242
20
78
107
230
180
91
231
195
168
132
107
195
173
238
202
128
65
116
37
24
233
240
1
33
101
63
132
100
35
240
28
93
179
151
131
60
132
78
59
49
109
2
136
116
100
78
118
25
226
78
28
184
101
77
233
179
136
38
80
136
222
5
47
246
183
101
168
78
217
136
136
233
193
226
116
