146
84
146
126
256
126
147
80
80
172
172
123
172
127
162
202
256
160
123
123
160
256
160
256
80
188
160
62
42
30
152
188
188
162
107
98
98
36
138
256
98
31
20
256
42
107
86
188
145
128
80
123
109
202
256
148
73
31
80
211
25
189
31
94
211
42
94
56
42
248
240
42
229
42
134
197
174
203
110
62
145
26
110
42
14
256
256
176
237
92
56
76
69
42
214
146
237
165
20
219
157
242
214
39
161
61
191
42
157
169
25
176
42
69
94
92
94
48
86
9
12
152
3
221
202
237
44
104
214
141
146
196
135
99
141
25
12
31
202
212
214
42
159
214
197
202
44
238
16
26
240
213
117
74
214
161
76
42
237
48
102
161
169
79
57
35
12
91
94
159
94
104
199
157
202
199
31
33
213
155
161
256
72
236
45
181
256
94
115
256
45
115
74
186
145
145
170
94
115
214
76
196
110
256
16
163
45
240
25
162
104
91
256
115
42
202
230
200
94
256
45
189
248
237
99
33
190
190
159
3
249
26
256
134
25
10
214
157
199
129
256
110
102
10
44
115
31
232
157
84
73
219
99
143
35
52
186
45
202
157
256
42
132
139
12
39
174
148
102
155
214
33
256
64
44
139
148
70
42
26
11
56
45
143
155
157
91
13
26
10
196
31
178
12
236
69
102
256
242
42
199
189
237
174
10
161
22
237
110
39
197
190
91
166
256
196
12
115
199
99
146
48
202
48
34
157
232
237
256
161
12
256
25
213
232
218
181
99
44
31
230
157
99
256
247
174
31
199
190
199
104
88
42
42
174
237
56
197
57
94
42
45
155
217
44
66
115
204
12
221
52
232
10
52
189
149
94
196
42
152
117
236
202
256
80
157
247
73
169
32
237
178
249
52
69
174
237
91
115
219
256
115
99
120
39
159
86
256
186
203
25
149
197
25
102
94
230
159
197
230
34
146
69
242
238
214
25
256
115
88
104
44
221
10
104
66
252
99
240
99
32
213
91
232
207
44
186
45
25
73
213
44
178
240
174
161
161
115
86
202
76
25
140
155
243
186
159
232
99
242
76
23
44
86
161
104
213
42
161
213
199
213
99
94
248
76
213
219
174
174
91
99
202
99
161
84
255
174
174
192
230
99
13
249
249
69
213
202
213
256
79
115
12
66
157
104
213
42
53
44
32
102
213
157
79
115
94
197
169
83
149
25
256
197
115
99
218
218
45
240
86
110
99
155
110
72
148
221
249
10
157
213
161
186
102
186
42
160
99
197
11
199
157
56
197
153
213
57
39
115
161
25
247
213
99
25
161
256
64
25
56
214
230
39
213
44
174
76
174
202
48
174
255
197
253
197
48
247
134
213
155
247
10
99
9
199
214
232
86
134
99
213
42
215
64
115
155
99
216
197
42
213
134
213
176
202
216
232
110
213
99
190
42
162
157
202
42
237
115
202
99
214
197
115
237
104
89
157
25
256
221
197
213
197
104
202
237
249
102
197
204
155
99
214
213
44
161
157
159
157
242
232
26
91
148
26
218
232
157
199
42
44
213
31
69
197
99
12
174
115
221
155
214
77
199
44
56
99
170
23
115
56
213
213
137
213
44
157
115
42
197
157
56
26
189
115
197
157
197
210
26
115
249
197
86
26
155
57
25
213
117
214
157
213
213
86
199
157
174
213
213
255
57
213
99
161
155
42
214
99
115
213
213
99
197
247
115
214
32
161
214
23
42
214
42
26
220
44
161
218
45
232
117
186
99
202
86
154
218
91
157
115
161
63
42
202
4
56
148
91
213
42
155
189
12
12
155
157
197
42
197
189
174
42
157
159
26
256
213
99
189
53
26
57
155
213
213
218
115
42
161
197
199
86
99
115
213
12
