111
72
83
66
212
212
123
51
212
111
51
172
18
51
52
111
79
204
66
239
111
111
160
172
25
28
250
219
250
239
176
111
87
105
145
244
111
166
91
251
119
76
174
91
213
123
105
123
123
127
25
250
106
74
71
71
111
25
46
123
174
104
125
123
22
123
105
72
230
147
129
111
222
147
71
74
62
123
9
76
174
91
140
229
111
251
172
222
150
204
178
239
98
94
66
87
251
125
235
140
177
79
51
51
251
153
127
66
87
62
209
5
251
111
28
66
186
111
3
119
165
126
250
239
28
54
131
204
145
22
66
51
251
256
12
123
104
123
189
12
160
123
82
106
54
7
90
51
57
3
254
7
71
141
148
79
153
126
4
76
7
71
112
220
111
239
66
172
112
54
94
250
141
223
7
3
85
160
149
177
177
113
95
84
111
186
149
84
161
79
177
85
85
178
177
87
7
95
148
20
154
202
213
123
94
26
239
126
215
145
73
139
88
85
95
199
82
205
197
134
87
231
156
75
222
124
250
184
160
50
211
82
189
231
231
74
32
250
239
82
50
87
222
119
149
251
215
178
204
176
27
199
174
85
115
106
243
77
39
64
252
77
89
118
243
219
189
99
133
245
9
3
243
205
143
74
231
160
12
74
89
51
235
116
147
174
215
151
153
77
111
149
28
7
153
127
220
153
44
219
85
216
147
109
71
26
27
85
184
53
69
243
28
143
181
151
208
246
213
201
26
115
197
172
215
3
51
197
95
85
44
85
108
85
187
207
95
85
127
181
251
85
26
119
64
151
69
143
42
72
215
174
172
178
160
82
187
161
69
129
211
69
31
71
26
141
72
47
32
147
12
82
177
110
38
69
219
217
44
53
118
235
94
6
109
212
161
77
217
238
50
94
118
136
154
39
3
129
154
115
51
95
148
44
178
169
122
122
112
127
222
118
212
181
10
94
85
222
21
129
212
141
147
6
3
199
85
235
115
85
148
112
106
103
34
168
123
51
136
82
211
119
219
156
204
147
11
160
69
243
188
136
111
120
123
192
213
158
18
67
172
67
108
201
165
67
61
256
107
222
128
123
4
57
123
120
57
147
94
165
51
129
235
128
184
90
20
172
204
243
136
122
104
235
49
54
197
128
200
124
172
245
197
10
148
66
216
224
123
145
33
97
93
104
120
197
128
249
148
28
197
174
125
104
254
254
60
232
147
186
4
11
94
108
27
81
6
123
51
190
242
23
51
148
224
174
163
146
154
23
3
136
92
64
119
192
6
199
65
172
3
143
249
172
23
48
126
145
145
64
216
184
248
226
172
9
143
43
48
129
92
163
216
141
149
216
17
143
94
221
235
226
198
78
148
207
199
96
132
9
226
213
143
218
154
256
78
110
148
245
53
82
183
237
149
226
227
17
197
73
11
97
228
108
64
54
105
116
245
216
129
191
18
197
82
256
145
182
48
31
182
244
245
158
201
164
43
88
218
188
116
116
114
91
65
184
190
20
226
128
160
170
23
9
94
116
216
169
164
26
96
172
63
148
110
32
49
43
148
88
129
68
11
144
114
122
153
183
94
164
90
88
79
255
88
96
238
94
50
206
170
127
166
113
141
133
53
166
89
28
96
104
89
209
4
147
216
69
69
195
19
48
117
226
180
211
23
67
192
21
40
226
207
254
43
44
194
216
129
68
19
17
92
82
154
200
221
195
71
197
191
96
204
35
151
31
170
240
249
111
203
48
15
215
3
93
89
157
185
200
144
72
102
250
68
221
163
254
5
175
120
55
242
129
49
228
75
191
156
5
229
43
200
156
247
118
120
65
235
45
200
152
198
118
156
109
207
216
43
120
155
20
156
20
173
185
