146
80
7
59
69
191
121
95
7
177
69
194
121
177
138
59
166
222
183
177
231
75
7
95
150
166
31
7
209
136
69
76
123
138
7
169
29
40
164
69
59
29
28
40
222
164
222
138
226
203
33
59
40
240
105
240
33
181
113
96
106
205
33
252
182
181
209
172
220
112
76
7
55
33
17
194
10
187
181
220
250
54
47
138
181
181
17
208
169
55
88
17
123
118
55
26
51
130
220
54
164
80
8
181
250
74
80
183
112
208
219
69
74
135
145
94
71
106
129
84
236
127
69
54
183
3
210
96
55
75
14
220
17
33
115
71
186
235
154
75
112
205
33
58
182
255
143
7
50
54
67
181
219
26
66
123
67
135
140
132
154
95
135
182
136
184
172
29
129
172
208
208
128
4
211
251
154
153
111
130
80
210
3
67
161
8
226
128
154
132
55
1
122
55
128
243
47
87
123
197
94
135
33
33
54
128
94
7
176
143
1
182
118
135
128
28
235
153
217
129
63
194
17
24
132
123
154
28
143
216
129
122
122
17
226
176
245
94
150
17
84
60
176
25
184
88
122
217
132
217
121
85
94
113
33
186
146
162
123
143
146
136
187
60
17
181
123
172
94
226
60
154
28
17
29
123
89
60
226
226
195
197
194
99
51
247
80
128
256
51
129
25
172
197
209
132
115
174
172
176
120
226
91
123
250
135
132
136
172
29
247
247
67
97
100
17
216
43
244
94
60
46
256
28
172
94
242
18
176
66
132
66
84
63
176
43
182
75
235
155
123
132
225
60
94
63
99
60
10
247
141
121
243
205
66
243
29
56
223
77
256
122
121
60
117
214
94
123
110
146
123
84
244
195
10
132
243
247
129
243
216
179
139
210
80
79
216
243
214
1
2
59
228
97
5
116
154
223
76
81
189
243
49
52
185
85
231
247
186
63
26
79
21
50
179
56
21
249
194
52
129
78
111
186
235
172
94
79
77
247
116
216
16
139
124
212
255
77
189
40
12
196
218
69
77
34
106
58
160
116
38
56
116
216
4
34
112
134
189
249
206
55
86
84
84
55
17
25
212
98
55
84
77
216
134
12
92
209
38
11
75
52
233
206
219
26
40
100
242
160
155
170
209
168
223
192
249
9
100
220
192
188
79
112
235
84
238
159
111
63
137
38
125
134
163
169
144
100
206
214
133
192
201
179
38
70
192
134
155
13
216
116
79
137
56
30
70
86
189
104
243
139
84
58
116
114
249
70
192
15
113
242
96
238
238
201
33
115
56
18
230
192
238
139
115
15
230
179
166
101
137
168
174
80
168
99
40
84
214
134
115
79
214
179
196
189
155
115
120
12
192
155
56
77
120
83
204
114
86
133
124
189
88
116
189
62
14
196
250
136
198
79
187
104
48
45
115
15
132
115
243
86
12
15
192
85
14
4
15
163
30
115
126
86
79
110
214
10
134
110
179
118
137
124
111
230
44
26
86
84
30
14
70
171
62
214
48
72
45
58
230
189
192
13
69
162
214
214
178
86
14
155
163
182
187
116
134
230
214
11
192
39
40
85
139
235
101
45
133
84
55
42
44
137
196
155
197
148
192
10
196
14
217
189
149
26
101
214
55
99
105
187
214
56
134
39
149
86
116
115
33
134
15
56
58
189
56
144
16
149
189
86
115
232
211
134
86
86
77
149
134
38
192
193
84
134
204
30
56
56
44
117
210
244
159
55
196
210
134
163
133
114
175
120
157
187
12
148
235
42
192
132
77
196
117
14
15
137
196
12
110
72
52
163
48
139
169
192
137
56
196
192
228
214
56
189
232
70
111
79
12
134
63
133
163
31
155
102
45
91
134
137
224
201
56
111
34
122
55
86
40
117
238
10
86
214
79
235
56
72
79
196
9
232
155
175
76
86
39
56
86
157
57
56
56
115
189
56
220
52
238
32
189
196
6
228
155
14
102
237
134
48
106
131
52
192
214
52
106
11
228
12
155
110
193
86
44
178
10
214
192
6
57
201
214
134
238
12
175
14
5
242
45
86
100
96
115
100
189
68
196
215
14
56
134
201
192
134
59
38
228
56
226
139
192
189
239
10
115
5
133
79
106
178
157
26
86
119
214
192
56
70
159
86
197
134
240
115
106
12
56
192
240
207
196
228
113
70
235
102
228
214
62
2
196
216
50
106
202
56
214
237
187
14
192
192
56
204
12
232
192
134
192
52
192
84
100
189
241
72
10
159
79
117
192
96
179
196
214
79
29
197
189
163
86
214
224
72
86
255
72
189
164
105
117
86
214
14
171
171
77
137
131
139
157
192
192
157
80
79
238
61
250
159
86
149
202
157
117
69
79
252
214
132
252
14
115
192
149
134
86
69
149
214
192
105
126
214
214
149
14
240
228
186
1
12
252
48
31
91
82
230
100
220
139
159
192
56
192
171
106
245
117
197
56
145
79
173
228
155
139
219
231
59
80
192
35
196
228
155
69
197
139
157
106
235
178
153
228
68
232
215
12
213
82
186
245
101
15
70
249
228
45
220
210
214
101
204
88
134
137
210
228
134
210
82
228
67
159
159
150
86
228
70
12
228
149
72
249
184
249
137
120
72
101
232
232
56
214
90
80
137
115
196
157
232
86
86
228
238
178
42
253
72
197
29
70
214
192
115
159
232
10
158
15
76
243
38
94
214
33
157
86
163
157
192
56
194
115
202
101
79
56
235
132
134
12
155
149
44
12
134
15
163
111
45
248
82
56
134
106
102
159
102
134
70
139
133
196
133
105
157
238
56
249
77
69
159
192
213
101
256
134
157
12
213
45
32
210
86
70
61
155
82
231
15
42
224
15
101
56
104
14
39
120
159
253
110
70
220
201
191
45
214
214
133
134
210
192
26
53
14
143
162
155
135
2
224
224
243
159
88
117
45
45
111
2
133
4
45
228
42
215
238
45
52
255
124
77
137
192
133
232
176
36
133
73
192
149
86
164
178
45
56
56
155
193
115
48
193
102
102
206
29
184
42
111
4
64
200
56
162
85
62
27
142
86
228
178
192
233
133
42
157
120
4
86
26
196
224
164
120
192
155
193
52
111
45
56
196
49
201
94
35
133
120
255
13
86
205
214
255
157
178
243
88
53
196
159
238
15
120
235
116
85
2
133
249
25
243
232
26
111
133
188
74
116
142
224
170
184
82
215
11
134
248
192
157
255
38
178
43
10
61
124
200
224
42
228
134
29
250
196
133
134
42
228
85
121
133
192
55
232
199
111
247
189
196
155
162
133
240
32
86
86
39
192
120
70
120
111
215
14
133
152
124
161
255
137
133
124
78
39
13
99
164
231
202
237
111
158
228
43
29
148
78
29
29
139
196
99
232
213
146
79
133
49
164
44
78
186
52
30
53
214
49
10
78
78
144
191
82
133
207
78
82
22
107
82
214
111
86
152
111
156
156
111
111
23
111
201
192
