166
80
80
84
84
97
249
230
143
143
206
143
75
95
29
103
209
165
249
231
231
80
143
231
165
143
209
28
181
75
7
7
162
80
84
230
28
146
208
231
164
84
80
146
80
165
146
80
208
80
128
209
165
211
73
80
80
80
146
206
146
80
146
146
97
128
42
138
42
42
207
52
73
256
80
211
243
166
35
136
133
84
97
162
162
203
162
194
80
104
36
206
249
37
32
133
80
138
77
202
162
165
213
213
80
208
85
213
72
146
184
84
146
160
133
77
11
77
158
146
25
80
146
7
85
88
140
103
230
178
88
33
114
77
220
80
230
52
7
133
52
132
80
133
238
80
85
111
16
201
138
176
202
168
67
111
65
213
31
106
80
88
39
31
109
88
10
146
75
75
170
75
230
43
159
31
170
34
201
111
146
111
256
71
208
228
34
129
52
114
80
182
97
80
256
114
111
16
201
166
90
171
76
76
169
254
30
88
95
115
83
88
192
113
41
111
250
178
177
111
28
88
238
11
118
64
113
156
75
202
128
174
114
250
78
31
176
87
22
86
35
3
184
201
175
219
32
78
206
192
30
3
204
228
196
178
41
145
80
204
187
118
242
222
13
133
132
166
49
28
42
107
224
84
5
86
41
81
111
132
27
158
32
73
189
209
206
3
256
98
41
187
248
200
250
196
86
13
209
256
90
25
73
111
131
128
227
91
76
103
201
203
171
192
163
228
73
80
111
211
190
228
50
173
41
180
246
54
222
7
5
175
88
214
63
28
115
118
228
138
115
105
73
111
64
64
76
109
124
148
231
47
157
171
80
189
121
132
185
203
132
201
253
230
242
26
14
77
111
88
84
54
238
106
80
138
176
184
124
124
242
30
158
132
228
242
203
228
41
196
228
162
80
228
118
97
54
163
184
55
86
240
12
124
202
228
80
236
150
248
163
79
133
77
181
228
194
59
228
140
196
88
48
215
107
6
146
109
170
78
109
111
30
240
186
196
235
88
80
133
88
166
256
82
235
228
249
248
93
82
145
82
45
201
228
228
90
133
35
