225
225
225
225
178
164
67
220
221
71
7
165
106
160
114
212
20
104
212
71
221
26
107
212
212
165
191
114
20
221
83
62
107
28
238
174
125
125
7
244
118
114
79
98
209
179
199
136
114
181
106
209
125
95
234
21
118
75
106
220
125
132
174
89
30
234
79
181
87
47
212
125
9
225
9
20
9
225
51
123
123
87
98
20
51
128
174
172
79
128
122
242
152
89
37
221
29
172
164
169
14
182
10
151
20
61
30
98
172
182
138
189
79
251
177
127
177
151
182
172
3
242
221
122
243
87
127
118
182
3
39
20
133
172
127
169
145
3
200
83
156
40
7
220
151
20
132
14
14
108
154
101
240
156
182
156
121
25
219
242
123
191
127
200
118
33
223
254
1
169
153
109
44
109
126
6
229
25
212
42
159
25
123
126
212
162
182
193
189
102
146
140
20
129
222
4
51
225
203
237
96
55
162
51
71
126
31
107
109
144
50
220
81
6
99
16
69
123
193
112
193
21
220
251
75
55
234
205
222
177
50
106
176
40
62
154
222
65
122
38
50
177
160
9
222
54
216
181
33
189
172
58
38
222
129
96
221
16
186
172
102
170
32
50
148
190
84
51
20
160
126
138
20
69
138
254
160
156
150
140
55
170
119
206
202
173
154
150
222
216
150
221
90
54
190
15
231
206
204
97
222
126
246
155
12
180
107
130
188
9
70
138
191
256
153
8
7
102
256
123
33
219
90
251
23
188
122
130
125
69
176
256
251
50
153
15
115
6
13
8
156
6
31
188
138
256
73
97
130
140
251
107
147
5
246
47
108
251
92
157
207
229
102
234
74
42
138
222
190
256
147
118
47
251
82
33
240
176
76
88
121
231
74
33
74
97
193
244
195
127
149
15
36
222
141
244
249
173
148
33
42
97
251
33
14
212
16
195
171
185
42
39
144
244
72
28
148
173
34
121
207
24
154
181
214
102
35
190
172
207
218
191
76
234
70
173
135
108
47
116
150
198
44
222
163
218
42
102
224
156
222
180
200
4
188
251
222
43
185
54
244
154
94
105
173
61
251
20
43
154
152
146
170
236
241
50
42
188
173
33
194
181
172
138
101
119
78
198
27
173
158
200
124
171
254
234
43
181
173
227
129
246
191
188
224
200
152
185
113
244
152
20
30
53
52
256
249
108
28
50
160
125
158
222
244
191
181
15
192
122
250
109
213
238
250
109
42
232
129
94
91
66
244
221
245
246
232
188
98
182
244
18
125
50
217
42
224
47
129
242
62
92
12
231
246
98
188
231
24
13
172
213
21
47
152
119
232
193
33
211
198
15
15
227
225
68
20
241
92
246
224
33
181
2
37
116
168
2
63
96
68
247
191
156
13
210
94
191
54
16
141
192
56
68
2
224
171
254
224
224
224
103
29
141
121
47
99
129
119
224
231
2
181
188
224
20
21
122
62
83
117
6
43
139
70
254
52
13
17
155
37
17
246
20
39
176
232
78
195
246
47
63
176
103
66
161
234
252
68
23
125
178
33
103
222
246
191
60
191
137
141
163
119
78
2
143
15
239
180
181
42
78
254
155
241
200
21
21
15
37
191
111
90
101
141
20
104
125
200
192
83
224
33
74
191
222
21
227
137
78
36
36
224
188
210
199
231
84
70
122
13
245
234
158
158
244
62
98
198
70
68
39
186
84
239
36
141
139
156
139
60
107
59
244
200
158
239
241
20
141
88
84
191
127
20
23
200
60
107
231
9
218
224
225
188
135
42
193
234
39
36
114
6
20
125
125
20
218
78
256
218
125
250
16
210
156
220
60
94
167
188
125
188
19
2
88
125
192
54
163
78
15
38
188
20
212
48
176
68
192
6
191
56
191
23
141
119
125
188
8
133
90
246
199
229
173
39
47
147
23
68
36
197
102
156
141
43
188
