96
96
206
196
123
250
14
190
103
123
190
97
103
196
180
46
137
46
94
84
88
103
25
27
95
97
75
247
28
27
139
25
75
66
75
95
250
25
31
97
6
60
104
177
103
177
31
177
195
42
184
37
70
216
74
70
89
103
251
190
105
66
131
90
131
94
174
90
121
190
90
112
114
95
211
90
172
66
32
39
25
252
139
74
59
210
190
251
102
12
113
236
236
102
154
63
91
18
90
184
253
216
9
190
113
180
18
17
121
245
184
167
66
28
229
74
91
236
208
204
87
123
190
51
32
183
114
123
137
139
12
127
154
226
207
154
251
106
121
123
122
51
37
105
208
109
185
183
106
139
108
195
230
55
64
110
204
79
29
123
94
113
5
226
64
122
6
105
211
228
243
100
3
218
174
141
105
216
75
66
181
208
138
181
91
108
110
94
139
37
24
137
9
187
51
104
104
81
86
122
122
91
2
147
99
62
44
252
252
104
110
91
65
250
228
128
139
104
210
252
122
204
110
237
116
79
78
148
73
62
245
86
236
104
139
98
3
180
122
131
152
95
40
132
196
168
234
138
132
225
39
198
112
181
131
152
190
235
129
99
181
49
208
222
19
154
14
17
118
129
28
153
112
188
122
5
33
120
76
233
217
218
163
165
94
107
114
181
78
122
171
208
105
191
75
174
222
217
195
154
150
179
131
256
152
66
152
37
99
58
137
155
44
153
148
33
251
86
182
252
247
63
65
239
34
82
58
217
226
73
141
252
217
1
33
250
129
143
234
19
140
172
184
84
206
208
75
144
247
146
217
206
3
57
199
10
38
221
122
195
125
118
200
2
1
135
222
128
244
244
191
171
148
114
199
9
208
120
60
62
16
224
163
226
208
62
132
192
217
9
63
79
252
29
129
21
104
8
168
66
62
168
207
44
42
137
204
44
217
62
132
256
153
62
29
114
108
236
12
53
33
136
104
139
152
174
1
246
114
219
28
17
135
143
44
235
136
120
172
52
9
83
174
170
182
182
21
63
59
85
130
254
129
122
130
6
118
205
168
237
125
234
136
104
84
224
142
182
245
13
119
119
224
207
122
171
11
252
10
224
13
53
29
70
38
168
113
137
144
205
83
231
122
113
90
85
26
135
26
26
219
99
132
38
39
227
167
9
211
16
249
179
24
63
206
200
5
74
144
132
5
1
63
1
87
79
150
89
52
246
249
152
143
107
85
39
135
142
163
191
241
188
44
226
128
133
107
130
58
58
28
70
55
206
245
182
141
79
144
53
121
229
142
58
53
182
132
124
142
245
43
220
181
194
125
193
37
144
33
138
174
168
255
13
55
37
204
76
224
113
66
234
116
55
207
99
113
195
101
13
9
26
154
211
6
119
204
43
234
231
83
10
223
55
130
241
91
120
95
68
110
43
182
199
141
35
196
176
113
140
149
115
203
195
62
182
132
77
206
54
217
128
243
195
232
119
216
207
237
32
144
193
107
20
8
131
207
100
218
167
50
168
195
205
97
227
214
170
185
74
238
247
94
66
207
227
95
138
58
245
207
77
42
174
17
154
160
249
16
180
151
11
202
107
154
39
35
167
32
168
120
43
52
182
132
206
79
72
176
230
100
176
183
144
141
254
36
95
255
214
125
22
216
55
219
105
57
58
21
109
37
125
142
36
130
97
9
195
206
246
42
119
113
60
61
32
57
119
218
90
60
58
130
65
144
149
208
198
158
181
206
130
241
161
107
130
216
236
141
97
233
218
100
55
79
157
46
247
81
214
190
204
139
11
132
214
217
25
176
242
33
138
119
159
59
138
144
91
135
256
70
231
181
82
226
33
224
42
195
145
33
217
108
14
150
137
66
37
3
234
63
255
135
121
12
79
224
182
172
29
173
186
243
180
195
78
138
79
182
169
124
70
227
158
119
122
63
129
37
99
130
211
141
157
203
64
38
144
104
224
37
61
192
224
254
256
206
164
250
5
44
109
49
91
82
108
56
141
60
43
37
151
216
227
44
99
246
245
245
70
202
91
122
220
118
138
206
226
21
227
77
69
118
135
256
53
67
132
206
132
108
158
67
30
243
39
222
174
130
191
249
227
36
192
122
207
219
33
213
31
245
32
81
158
182
53
193
52
146
162
194
211
42
100
226
234
150
38
214
216
128
168
60
65
227
154
68
120
25
136
211
146
185
65
94
171
78
120
112
231
153
33
4
174
45
132
123
55
21
115
195
211
103
124
214
236
142
39
189
131
107
154
158
19
17
122
20
3
65
206
158
21
191
196
117
194
91
204
156
107
216
138
103
45
21
172
100
247
64
158
146
214
208
15
226
109
226
207
141
72
112
227
182
5
150
200
53
109
24
247
107
91
55
249
214
65
109
226
105
188
208
41
138
105
138
95
247
22
230
186
59
16
133
211
100
173
227
171
166
122
13
206
28
127
138
211
60
224
250
49
194
206
132
33
168
196
207
254
156
173
78
221
236
90
3
120
182
38
121
205
153
134
178
156
231
199
246
53
255
225
190
254
167
79
58
244
244
65
159
28
156
43
52
64
141
5
164
41
205
208
61
95
245
4
198
69
192
39
146
43
95
37
173
184
144
84
5
204
154
191
199
226
244
40
92
254
92
89
132
132
166
158
59
160
229
206
231
33
230
68
191
15
150
217
89
167
1
34
247
49
68
136
191
135
118
254
158
156
5
112
109
230
227
222
208
3
122
181
4
137
153
55
70
224
178
192
109
204
90
28
204
169
112
5
113
156
61
101
122
156
138
173
63
181
73
87
138
185
162
70
198
156
254
89
133
246
88
33
16
198
229
195
44
103
247
132
17
118
36
187
86
60
107
156
65
168
156
212
200
94
90
135
136
21
109
211
175
154
138
130
206
137
5
142
109
227
247
168
224
70
152
61
231
226
130
179
254
211
152
53
254
211
131
195
233
233
11
68
136
125
76
222
6
179
30
135
152
113
220
150
231
124
78
180
24
63
167
196
53
36
152
191
36
