162
253
162
187
187
222
24
150
162
24
55
7
109
162
55
8
212
84
79
91
114
85
55
34
63
7
153
130
16
16
176
30
9
253
212
84
187
174
168
7
172
187
5
133
187
38
91
33
216
87
143
28
172
174
1
96
67
174
177
174
55
129
187
187
129
187
237
125
176
52
153
184
129
171
63
123
33
15
32
55
83
174
239
10
177
129
129
61
79
60
251
174
164
187
183
205
220
55
55
251
91
28
61
172
51
131
79
25
131
14
114
126
176
5
93
177
55
33
154
256
63
63
52
63
174
187
174
174
175
192
131
196
208
97
98
252
95
73
196
93
243
174
6
145
203
63
11
187
94
211
63
235
147
248
174
63
126
63
175
32
95
117
235
240
39
183
132
136
216
177
9
174
63
238
97
217
63
223
243
85
42
150
174
175
87
109
9
117
9
69
138
216
9
174
243
147
174
220
6
3
175
74
184
252
103
196
43
63
5
208
138
55
60
28
11
95
66
95
175
32
130
1
63
251
127
60
28
68
164
68
67
216
36
101
138
97
117
13
216
6
54
155
183
55
79
76
178
119
104
32
174
251
114
61
165
172
32
92
73
248
50
229
196
229
42
42
191
79
193
42
150
61
63
122
96
62
24
38
6
255
67
63
170
75
167
198
182
126
66
14
79
135
109
141
11
184
256
198
136
150
77
179
6
111
141
107
194
132
175
239
13
67
136
37
143
63
136
42
94
117
132
52
223
1
175
32
221
103
204
126
109
225
176
50
213
119
4
47
87
170
216
125
9
192
223
184
238
75
220
187
87
227
109
169
207
106
179
235
243
93
228
30
82
95
125
150
36
242
58
227
92
118
67
77
99
256
187
40
59
75
50
166
106
119
251
24
109
184
95
8
213
147
46
139
118
212
191
150
220
196
74
187
118
182
207
217
51
185
111
187
235
212
248
76
248
95
239
191
117
47
74
107
75
181
199
144
174
229
143
118
191
67
4
5
14
4
24
243
254
12
205
132
63
103
138
182
47
79
142
119
131
245
58
146
222
82
6
38
119
54
55
174
132
122
160
237
87
171
60
109
76
92
220
78
123
86
78
18
218
187
47
152
77
102
101
109
60
235
132
102
97
119
184
248
204
55
47
50
246
212
39
119
204
34
185
172
231
9
109
6
136
116
100
64
63
21
96
222
106
219
206
9
5
256
36
34
245
197
229
182
84
84
123
12
101
180
183
211
122
132
9
181
22
125
175
227
17
205
115
108
88
228
171
237
131
177
111
38
212
50
24
114
77
6
119
193
40
201
90
243
92
33
187
118
245
28
102
43
1
228
90
55
43
150
68
37
148
209
185
181
38
37
36
46
26
125
103
84
233
150
37
179
131
101
245
227
68
122
201
42
132
171
76
109
246
141
182
115
107
243
231
138
238
103
167
37
25
152
17
256
37
60
192
105
16
132
237
151
30
101
206
58
167
39
42
34
63
248
47
218
194
139
171
33
127
191
153
35
134
211
109
187
61
38
10
46
256
132
174
55
38
256
47
246
142
211
107
207
30
248
152
198
230
177
229
69
233
75
185
5
187
57
178
63
244
217
227
67
223
119
102
44
237
236
132
80
237
118
224
101
22
187
187
77
180
94
61
4
21
229
29
237
256
17
91
256
231
31
14
69
189
255
244
119
58
166
224
37
150
144
24
46
37
118
46
247
125
83
230
17
242
227
67
54
243
248
252
26
218
8
63
174
192
21
24
42
138
76
44
110
237
152
191
67
166
17
133
47
47
247
229
237
38
194
202
227
117
27
109
119
117
146
5
138
47
37
231
42
56
172
28
101
5
196
238
216
138
87
117
171
185
246
31
243
199
222
62
4
187
152
42
93
110
238
61
86
103
42
248
31
187
30
237
174
5
185
254
137
117
182
122
219
20
182
150
242
78
109
229
182
9
13
37
61
122
27
256
110
69
108
171
110
156
254
231
18
98
233
142
212
63
190
156
141
65
202
141
83
101
230
40
115
96
189
182
229
246
173
69
52
26
239
141
196
240
108
202
124
101
130
46
172
31
124
70
46
37
75
101
44
163
237
190
207
220
47
105
247
103
24
62
223
252
172
187
24
222
41
196
156
170
202
141
243
133
41
103
244
65
86
246
21
219
109
89
34
14
53
156
121
27
244
148
156
100
149
174
42
46
248
61
104
171
156
43
68
131
171
20
243
243
198
223
44
121
93
204
164
87
201
72
8
96
29
60
11
195
36
41
213
150
88
73
94
109
232
227
180
101
61
82
67
199
237
172
21
38
35
61
192
4
42
201
119
84
20
109
89
237
47
176
37
94
109
10
52
42
104
244
237
240
251
27
221
132
172
24
71
247
78
62
58
85
77
163
202
87
188
14
108
154
64
164
14
182
119
176
202
128
167
102
154
171
24
225
72
256
62
162
25
192
64
196
167
93
91
180
90
33
99
109
187
33
14
218
40
12
29
148
250
78
232
144
97
109
247
128
189
233
174
200
184
79
105
73
131
218
94
232
35
35
237
163
27
254
169
174
95
148
49
46
179
179
33
187
187
15
38
18
218
224
220
212
214
122
246
130
112
159
180
75
112
43
228
99
155
124
34
20
18
198
247
37
225
111
93
245
185
20
117
222
184
167
225
120
109
26
231
206
207
227
200
11
86
246
150
200
243
37
256
14
201
190
38
154
206
134
11
236
213
179
229
229
118
152
171
99
74
206
209
25
250
100
109
217
35
69
75
193
155
76
149
134
52
201
237
81
144
176
45
70
122
59
109
192
133
10
223
187
192
110
126
71
37
25
108
62
88
180
102
135
154
148
164
99
164
52
187
256
185
14
242
187
174
55
251
194
8
170
115
80
222
140
94
94
79
216
214
53
144
11
247
96
90
144
196
222
187
14
81
105
213
55
34
166
122
249
39
187
77
88
37
88
237
239
250
112
175
90
163
202
243
62
37
62
252
234
99
38
232
69
171
255
163
200
39
190
190
186
115
256
174
197
12
247
12
12
247
15
238
138
87
114
217
90
225
101
256
218
255
148
115
44
77
39
65
60
154
42
138
109
246
163
18
196
94
237
188
109
141
218
42
109
108
252
64
156
96
100
69
239
146
150
187
102
167
140
81
53
26
184
225
11
156
168
163
155
63
108
41
188
4
35
135
221
196
100
157
158
92
246
222
24
171
90
38
173
82
242
12
228
120
215
147
256
203
118
108
128
61
104
25
109
60
131
33
163
4
200
249
6
140
50
155
27
211
174
73
158
137
90
5
228
71
106
166
176
243
73
108
230
218
152
25
243
179
55
256
30
163
146
207
101
119
34
232
219
124
96
113
138
69
187
110
185
69
73
15
104
78
10
156
189
133
82
244
187
133
237
39
201
30
110
56
108
115
25
214
18
25
189
151
242
94
102
169
11
132
230
112
24
148
196
26
156
88
232
55
163
189
91
144
60
187
91
33
81
11
209
100
173
247
187
215
10
104
170
156
149
78
30
141
115
237
254
24
107
68
39
117
232
174
176
235
44
110
169
196
235
188
33
20
113
184
112
76
99
219
15
62
158
132
8
157
15
163
5
79
104
236
109
44
133
224
227
148
180
113
187
254
250
196
79
234
133
227
173
137
135
11
201
121
109
173
254
245
228
1
42
45
15
24
131
241
189
2
212
69
198
171
240
24
60
228
8
204
137
159
90
121
228
75
86
163
163
14
134
141
233
102
187
148
5
185
18
170
212
219
196
196
185
218
121
211
73
190
122
104
184
221
192
148
236
216
231
161
103
109
42
135
69
109
35
42
182
256
167
99
190
159
74
191
163
84
214
73
190
242
249
235
220
226
137
124
75
184
78
95
47
184
192
44
144
204
42
176
203
21
233
31
132
94
221
140
245
137
55
117
76
142
228
241
184
108
249
58
137
214
174
6
132
241
218
70
117
109
142
148
109
64
15
228
209
133
161
130
163
159
119
213
189
216
171
78
236
246
188
187
174
124
85
227
178
203
14
48
18
207
240
156
90
217
173
81
50
120
163
240
179
163
171
29
85
88
1
179
39
92
250
94
38
237
125
4
176
174
247
196
41
196
14
171
201
50
197
53
234
223
25
61
79
14
68
115
185
176
161
189
78
170
184
109
158
206
94
227
159
232
179
15
88
160
5
190
221
159
2
156
203
176
132
100
130
130
19
149
68
170
52
67
108
61
77
86
256
158
256
43
94
60
73
159
75
214
175
163
27
126
221
163
176
159
70
148
219
24
213
36
34
26
149
237
256
95
26
71
246
120
218
133
130
243
30
251
114
43
185
136
39
249
200
86
146
161
35
255
57
163
34
3
174
83
91
120
181
112
26
109
78
161
213
219
221
76
241
5
210
8
195
12
41
249
146
180
196
178
113
158
48
169
84
215
159
68
24
20
167
223
139
200
34
234
57
30
201
109
163
60
197
254
8
64
133
155
176
121
156
82
156
4
60
137
137
245
12
56
12
178
107
244
164
232
225
33
78
223
1
196
120
47
135
119
159
88
44
221
162
220
14
60
31
163
42
218
88
75
14
39
159
30
186
58
39
174
24
184
2
201
233
133
84
233
217
196
256
86
27
30
3
122
133
85
67
216
131
75
241
27
196
11
182
78
187
34
42
224
118
67
215
184
115
33
122
103
17
91
27
52
205
213
124
195
218
94
60
240
176
99
26
215
163
169
214
44
82
86
176
163
12
5
33
227
21
253
198
86
33
135
158
111
10
152
176
202
163
1
122
140
137
159
249
36
57
204
41
52
189
120
185
97
132
218
249
120
118
254
121
167
237
3
232
167
92
142
131
39
202
47
255
189
228
30
109
102
146
157
162
2
223
159
200
26
115
117
157
238
183
170
28
155
149
256
163
60
112
112
148
117
137
103
82
144
91
203
63
33
30
237
107
167
214
39
133
73
124
161
191
42
2
117
161
135
82
229
78
12
163
157
44
221
8
12
158
42
49
47
157
44
218
113
157
148
46
119
79
33
53
156
56
82
191
202
221
48
174
240
147
44
169
157
82
196
155
30
56
184
99
184
218
213
130
157
136
253
68
2
256
12
172
24
46
237
129
237
1
131
188
48
247
36
203
173
191
202
163
67
26
235
101
195
41
31
12
60
252
31
35
159
196
202
157
25
148
96
234
230
101
195
133
199
159
252
85
245
12
159
100
119
156
72
155
1
159
49
117
202
72
242
201
170
124
68
25
163
196
256
196
65
42
201
69
41
184
24
109
159
213
156
256
14
120
115
135
120
125
227
11
203
71
189
202
31
146
170
232
12
216
72
170
214
64
187
82
167
14
4
121
42
68
82
58
67
12
202
237
162
163
30
232
1
146
255
148
69
73
215
163
73
219
202
31
82
148
2
115
100
189
132
57
156
52
108
119
193
77
72
253
158
191
213
163
86
42
145
195
157
186
26
144
180
151
10
255
159
89
229
106
72
195
85
133
108
12
102
179
137
176
14
18
117
99
163
162
52
45
157
72
26
2
157
52
214
221
190
228
161
43
85
157
163
72
254
202
133
74
117
221
85
148
194
42
134
25
232
255
7
173
157
42
42
69
86
230
2
32
152
108
42
52
148
52
152
72
78
73
82
46
202
148
31
48
33
74
232
156
221
169
134
233
142
163
27
167
157
189
228
41
101
161
101
159
159
249
72
202
72
163
214
56
202
48
214
101
157
45
56
247
56
203
157
214
228
152
202
