183
164
150
150
150
183
3
150
84
32
164
33
95
13
164
184
66
33
242
26
66
73
32
66
87
15
215
139
249
162
87
73
166
55
52
27
27
66
7
139
194
27
55
194
165
73
204
73
84
87
209
17
166
221
134
84
163
221
246
256
139
184
231
84
184
203
221
246
150
77
216
197
249
143
27
202
249
253
84
215
256
256
121
163
84
221
72
202
84
230
121
106
72
55
202
203
221
146
72
155
221
213
110
153
146
203
143
202
133
97
87
174
138
194
153
104
84
74
77
256
84
114
87
248
165
161
15
25
136
150
139
231
72
251
146
164
5
84
25
84
29
195
165
91
91
218
84
221
144
143
221
27
63
87
211
165
221
72
146
89
87
88
195
7
7
121
235
72
108
27
197
84
41
84
256
206
144
61
7
172
91
15
87
73
176
194
52
174
121
81
72
195
165
208
26
221
144
136
27
165
139
216
194
173
153
253
128
110
73
67
213
97
184
7
27
250
31
250
29
21
162
162
31
108
197
140
67
97
14
253
203
138
194
160
242
84
77
208
110
31
25
221
87
27
27
27
166
231
203
153
256
23
84
243
87
138
246
67
194
32
42
205
44
57
202
67
199
208
144
7
184
240
132
242
24
30
209
213
27
77
199
21
157
14
115
29
69
232
31
27
144
158
32
253
89
151
231
3
209
31
66
256
61
203
30
231
165
116
206
71
196
140
212
140
165
72
146
240
128
215
252
132
146
115
139
74
173
89
10
182
224
115
178
125
209
27
212
27
141
140
27
218
213
150
50
29
209
77
71
242
209
115
208
25
124
73
165
24
153
16
72
156
162
114
73
68
112
72
73
228
204
243
28
110
212
182
136
27
16
209
174
235
121
112
208
56
155
228
144
114
98
221
56
27
208
125
115
28
228
228
98
232
253
256
216
90
230
52
73
140
162
213
221
23
52
52
17
33
209
58
235
98
39
72
198
32
133
253
21
39
67
230
74
208
155
73
91
91
77
72
45
91
69
153
86
25
42
84
91
244
173
72
91
47
91
163
15
190
39
84
149
133
91
55
124
27
77
230
125
190
42
161
120
42
124
39
204
95
42
120
218
218
184
256
202
179
147
91
55
140
112
115
133
91
173
204
16
66
52
184
161
115
52
91
91
91
223
207
207
91
255
98
39
91
238
57
23
216
184
52
32
66
216
71
161
116
91
26
9
55
210
102
39
255
202
62
115
26
94
34
91
162
213
52
115
238
164
188
94
6
232
26
199
104
12
91
147
161
214
219
115
63
165
184
26
213
115
26
29
69
91
17
63
139
214
216
98
72
155
214
115
237
3
127
139
84
238
134
210
52
210
162
22
202
216
120
218
120
214
54
84
159
104
210
174
23
139
98
31
213
9
104
147
106
69
45
155
127
192
139
115
256
83
249
73
9
52
238
256
139
210
105
57
69
52
48
213
206
199
61
83
115
199
161
148
214
9
62
52
72
73
58
204
69
84
9
210
253
139
26
161
252
23
52
103
31
32
72
139
168
61
9
149
249
121
197
106
84
134
189
52
213
102
174
148
42
73
25
53
102
52
26
202
12
94
69
115
153
221
115
13
203
45
174
149
218
149
52
155
163
130
48
159
145
213
164
170
153
120
139
179
170
52
91
213
189
221
202
238
73
213
149
215
163
12
170
255
42
149
221
57
170
45
115
240
232
214
145
252
169
26
249
99
69
179
26
148
238
26
189
15
213
91
104
45
26
69
138
12
155
198
52
104
161
197
48
247
84
26
104
120
162
206
190
19
163
190
91
238
255
106
72
149
115
104
249
52
252
94
26
84
112
163
83
99
199
213
45
249
214
199
189
115
69
115
163
197
52
255
199
84
82
214
134
163
26
202
45
73
161
105
104
115
255
