93
93
164
206
150
150
206
150
3
66
3
54
164
164
164
206
3
3
3
3
38
174
150
55
127
87
38
3
38
206
123
235
183
235
115
206
250
75
123
235
15
138
150
54
138
138
150
62
183
138
150
150
115
62
235
145
235
150
140
145
75
145
79
147
145
3
123
62
235
205
189
3
94
94
181
168
28
140
235
235
209
181
167
216
235
237
235
235
181
105
105
115
248
136
189
183
94
235
248
237
85
235
164
105
75
216
216
216
129
174
189
230
123
184
216
189
129
145
145
235
167
235
184
105
164
29
174
94
189
230
147
184
184
164
136
164
184
164
235
29
184
216
174
216
94
85
105
216
123
174
174
174
94
184
184
247
140
80
247
209
138
255
87
184
66
184
29
122
255
122
85
37
122
122
29
247
84
85
85
194
122
80
154
53
182
78
78
255
58
80
80
255
86
55
164
186
167
55
167
255
255
122
80
255
1
122
247
80
205
255
248
248
154
162
60
128
255
255
38
122
84
29
38
205
145
205
29
184
