57
231
80
121
164
182
228
251
80
80
36
184
97
169
61
73
5
5
87
217
140
231
243
239
115
176
29
154
243
151
80
194
160
87
231
80
88
217
139
231
166
97
121
189
231
194
231
138
146
31
146
203
115
25
94
231
194
147
231
94
129
174
18
195
80
231
7
253
33
66
140
128
87
182
72
188
203
129
66
94
194
147
203
87
112
174
244
7
244
147
191
55
138
94
110
231
67
33
83
83
112
40
244
126
83
40
231
25
174
244
199
190
174
87
42
7
18
87
174
243
39
31
106
154
174
94
94
147
240
94
98
174
244
88
94
153
99
29
209
67
202
212
147
147
139
225
35
212
191
87
177
69
87
88
22
203
191
42
122
72
76
61
127
194
106
84
67
202
126
72
94
17
94
239
94
140
186
87
140
174
31
256
47
15
243
185
174
5
146
217
61
213
188
174
148
94
52
74
194
129
5
127
15
128
174
135
157
213
94
213
61
21
231
178
59
61
151
9
67
166
183
221
107
199
33
243
104
169
146
7
99
203
216
127
251
153
72
54
220
174
194
143
94
145
138
94
86
154
80
147
16
127
88
7
127
186
6
83
75
7
52
97
178
27
17
181
239
6
36
226
31
72
194
15
74
242
135
143
127
59
174
97
170
175
122
7
16
199
199
93
239
247
52
54
174
95
83
244
50
87
174
175
150
11
83
7
231
191
91
129
76
174
16
175
153
216
121
147
175
87
104
126
236
80
47
72
216
213
7
217
213
212
197
149
94
35
230
231
140
9
195
65
42
177
170
129
182
129
102
236
194
216
149
45
191
87
244
28
36
92
185
16
186
192
62
33
93
127
25
217
13
89
19
50
229
166
99
67
99
19
228
18
175
225
250
40
82
205
115
29
186
147
31
58
12
98
213
225
120
140
176
111
7
183
54
99
72
88
86
51
147
186
199
12
93
76
237
7
50
208
154
155
31
123
231
149
240
106
166
56
152
237
168
178
62
16
170
240
35
50
51
5
237
145
15
107
37
62
111
146
56
19
90
83
85
231
244
139
27
194
249
240
203
232
147
113
249
19
202
242
27
110
13
1
235
185
132
228
25
125
166
126
45
175
93
184
125
255
7
58
244
62
232
87
62
213
236
7
196
92
16
152
35
65
171
13
232
219
16
26
148
110
50
178
178
99
232
217
83
125
184
162
121
205
223
1
238
45
3
99
125
244
240
209
16
220
65
22
144
3
12
178
175
191
173
253
85
239
63
78
240
232
33
232
3
125
88
16
239
215
45
239
29
50
115
175
72
141
111
202
239
202
88
54
215
48
252
39
108
208
35
75
178
215
238
63
185
86
139
144
99
125
177
23
232
174
141
47
209
4
141
16
83
78
155
125
72
164
73
3
18
29
136
56
20
239
23
45
87
228
192
215
110
22
253
72
174
78
136
197
164
229
244
171
166
21
171
165
230
72
203
31
238
54
214
110
78
188
6
151
90
149
18
39
164
149
126
28
109
210
27
237
164
171
138
202
210
190
29
232
117
13
76
175
35
140
82
12
110
76
20
72
175
77
125
232
93
177
177
32
82
118
63
112
153
202
99
215
144
197
176
132
112
192
20
141
149
169
166
52
154
175
139
139
232
112
178
82
123
189
20
225
42
112
115
90
196
220
111
141
118
18
119
153
186
37
118
232
252
20
39
93
178
37
12
159
186
202
197
117
139
175
37
199
139
215
252
232
247
215
202
256
215
196
236
220
202
209
12
66
225
165
76
219
201
76
202
236
88
139
94
57
217
123
99
215
202
92
248
2
215
20
72
56
20
57
78
94
145
152
149
76
145
86
232
221
163
32
122
51
10
242
192
214
10
215
224
91
146
139
38
159
26
94
12
41
18
161
202
249
175
201
220
101
64
72
215
157
155
238
215
200
220
66
19
228
94
215
134
93
12
230
102
41
3
215
139
99
51
192
202
64
159
240
179
215
16
228
82
72
169
106
228
202
12
147
79
106
242
149
202
22
35
182
152
72
74
133
236
163
145
134
56
160
12
118
26
128
37
10
222
170
73
32
82
28
188
88
32
190
40
125
202
72
242
76
191
153
86
215
56
88
39
215
56
5
189
170
148
202
41
228
252
44
155
23
9
213
39
237
202
128
156
13
238
26
53
238
236
99
83
239
138
174
214
202
200
76
94
139
72
252
155
62
170
45
88
8
185
252
110
236
219
31
214
110
195
202
189
178
116
92
5
108
186
35
237
52
229
225
139
200
12
110
202
94
139
57
142
238
215
215
57
181
64
51
237
129
210
233
56
228
215
91
219
64
170
89
238
215
237
110
140
64
76
56
119
221
252
250
30
77
230
56
13
202
238
202
145
73
221
22
215
196
196
32
56
202
149
133
91
210
57
193
137
86
189
215
72
57
189
237
187
69
25
55
189
236
3
242
55
75
139
15
189
72
76
237
32
234
72
91
57
215
192
19
52
212
106
238
134
117
237
248
170
88
214
170
69
55
72
115
137
32
178
214
236
254
151
215
72
56
145
230
102
196
239
12
157
146
219
210
76
31
170
110
10
12
201
170
56
202
134
214
252
25
88
171
60
213
202
20
23
188
202
201
32
44
202
202
238
13
101
64
230
201
134
184
76
179
34
158
25
145
202
196
189
134
39
134
228
169
55
219
139
133
196
252
74
256
170
94
256
19
236
194
186
159
190
116
249
16
240
64
202
184
35
144
256
185
111
215
26
229
30
12
249
73
54
202
155
139
219
65
12
86
236
120
134
27
256
184
32
8
42
82
12
154
171
12
34
110
54
169
254
83
112
23
214
223
242
238
186
228
236
82
202
242
12
64
250
73
70
215
86
13
159
72
13
236
196
252
32
2
156
186
76
196
109
32
110
237
110
237
196
252
105
62
86
189
138
24
215
110
32
237
203
107
178
91
215
248
42
64
57
215
44
20
11
159
252
65
11
219
170
25
30
82
184
196
76
238
202
96
35
133
202
10
139
149
219
12
57
104
203
57
20
63
102
202
105
45
238
25
104
175
256
76
229
12
145
88
110
52
157
236
34
88
219
31
202
190
52
234
134
202
176
57
37
240
190
125
256
70
25
202
34
202
10
106
34
72
254
145
12
64
248
230
228
82
134
149
252
69
86
159
20
102
5
190
228
183
196
105
256
176
15
56
157
170
110
184
47
238
256
104
23
63
240
36
88
202
189
238
74
10
125
174
84
25
8
105
163
169
236
175
159
61
103
202
157
133
93
72
228
56
202
170
65
199
170
72
236
72
219
220
237
101
26
82
146
26
23
223
210
200
235
64
163
10
85
159
163
213
196
164
149
35
110
88
178
101
187
52
242
44
201
191
189
86
248
64
20
56
214
79
256
27
19
250
84
242
139
230
14
76
16
190
190
139
56
106
249
102
76
249
76
35
249
110
177
26
234
219
125
214
64
94
215
241
36
76
152
85
121
57
190
85
238
115
125
170
18
238
58
52
139
12
22
31
196
223
133
10
228
159
23
189
190
82
42
219
196
237
202
73
155
256
170
91
186
189
241
202
232
32
170
73
10
12
237
25
202
253
34
82
215
82
242
159
83
103
203
56
50
12
194
157
149
11
102
45
106
236
45
32
136
20
45
134
190
179
190
20
256
94
20
159
119
155
236
60
125
149
139
157
252
146
134
203
237
161
199
102
103
86
61
202
23
153
256
22
238
192
57
23
110
104
219
20
133
110
56
240
123
53
186
91
256
23
256
103
103
159
236
190
149
115
155
133
27
52
240
64
139
26
190
34
214
103
110
228
252
85
159
57
152
82
219
38
178
230
228
189
178
15
169
32
93
199
31
53
133
189
256
189
72
129
64
242
242
35
72
180
214
48
236
187
13
23
12
27
252
110
199
115
214
45
202
133
190
139
48
56
155
215
201
106
140
57
89
45
5
190
64
139
234
256
149
139
125
204
82
34
12
69
42
79
55
98
26
230
119
56
134
169
56
241
35
159
148
72
196
10
213
52
169
205
158
57
237
52
170
57
32
228
115
189
20
25
238
125
242
88
133
44
256
248
12
41
133
56
63
219
189
196
108
234
124
170
64
57
193
6
26
119
169
237
155
139
52
170
81
128
10
237
134
240
12
26
189
115
248
139
73
241
134
85
199
221
32
199
56
35
149
56
178
228
213
139
52
215
183
238
202
52
216
45
31
218
169
163
157
186
69
79
157
23
238
25
115
31
125
56
241
196
240
106
45
115
64
202
213
52
228
119
196
57
237
168
119
230
57
41
157
238
214
149
64
76
240
159
115
190
115
88
32
56
98
256
189
26
34
133
99
197
56
69
125
64
256
219
21
163
133
12
115
240
53
53
213
228
64
147
238
45
47
256
56
26
215
57
35
74
20
196
242
35
76
190
133
102
232
149
12
82
163
45
204
35
169
192
213
23
10
119
155
124
120
210
236
28
215
163
169
84
215
10
256
115
163
159
10
199
196
56
133
91
12
139
139
12
119
56
115
103
169
72
197
163
12
159
230
215
8
5
161
76
140
201
213
52
52
178
196
86
223
236
64
31
238
13
214
10
57
178
157
56
12
86
157
210
210
238
161
189
21
53
249
248
170
133
256
199
164
189
170
96
64
86
13
69
89
102
215
170
196
196
219
155
53
139
189
26
201
219
256
196
135
169
134
213
64
189
256
110
137
196
199
157
237
26
84
184
203
61
201
133
103
252
57
56
110
170
56
236
190
204
229
202
233
52
99
12
115
232
133
133
238
170
214
223
56
201
125
35
107
56
125
125
170
21
201
152
256
158
236
145
72
170
47
133
219
56
13
159
31
61
202
134
34
232
238
238
227
26
115
42
115
115
237
56
35
133
170
119
119
12
228
72
