121
180
230
7
180
121
176
252
190
252
146
7
151
180
30
153
252
186
195
80
31
230
31
208
214
144
42
26
223
153
31
75
33
55
248
42
249
169
58
84
81
154
88
181
222
116
52
135
183
226
203
52
179
195
176
172
252
105
25
108
194
180
219
160
66
47
26
42
253
97
29
104
256
190
240
91
153
142
240
253
83
128
112
206
167
30
227
112
147
147
164
240
211
135
249
147
164
91
115
101
162
139
212
194
154
243
17
248
181
128
211
58
182
26
226
62
122
174
181
84
138
238
181
44
193
239
84
184
84
88
9
49
256
147
61
167
29
145
52
102
34
105
142
151
76
240
253
142
145
229
143
17
49
144
65
28
28
207
226
29
129
242
207
253
113
227
205
135
230
84
253
17
25
134
147
154
242
169
55
11
222
76
122
235
164
49
146
123
49
134
76
63
95
150
55
129
165
184
49
222
65
186
182
215
1
211
248
176
150
110
110
182
180
99
28
76
67
63
126
162
89
194
96
238
180
145
38
132
180
243
154
227
212
110
239
186
95
170
1
198
154
233
154
69
180
116
170
28
52
240
83
242
223
126
106
24
240
69
180
146
95
95
199
67
50
57
25
81
129
199
101
139
81
69
134
180
103
3
204
122
108
83
224
3
157
50
202
199
101
182
140
223
181
206
93
193
66
174
3
230
244
251
134
238
147
62
181
91
174
181
61
9
138
50
116
216
181
66
54
238
253
3
54
240
134
55
248
250
57
65
157
60
170
250
221
219
128
89
2
75
114
236
19
183
55
180
157
19
85
179
118
179
66
138
28
114
57
213
216
57
222
255
36
90
50
75
184
71
224
252
141
62
134
192
62
49
192
57
184
236
9
175
98
38
145
35
230
38
138
50
208
46
193
208
50
245
60
181
3
84
248
170
113
127
62
144
179
235
2
24
95
167
192
156
97
252
139
98
28
243
109
33
239
43
239
233
7
199
210
46
139
113
62
243
184
150
184
20
77
230
236
249
239
98
50
63
225
117
20
225
179
179
87
114
170
84
241
62
222
156
84
170
225
116
106
63
20
177
206
149
252
102
233
162
167
15
37
74
74
214
113
89
28
144
206
249
109
206
43
8
69
155
57
197
92
84
20
228
199
98
136
28
109
88
162
211
162
228
177
96
114
96
184
37
150
22
62
101
63
248
177
209
142
136
200
208
20
56
189
225
96
79
256
28
102
62
54
114
209
74
182
38
177
184
96
141
113
167
134
56
18
240
22
142
109
29
211
139
133
249
96
150
53
155
148
230
177
209
139
69
105
133
222
17
52
256
145
201
189
79
181
210
184
184
251
92
51
52
13
106
198
102
112
167
73
10
69
96
20
144
68
121
75
189
112
238
52
142
109
32
247
22
121
145
62
31
4
54
172
102
189
5
141
102
52
57
50
253
62
112
154
177
227
78
5
155
53
65
154
133
252
139
145
165
95
102
105
38
85
76
13
236
227
105
73
44
31
211
63
217
155
158
189
213
15
138
247
217
173
252
105
4
155
183
133
247
57
98
218
155
15
241
104
57
134
57
57
145
85
225
30
15
57
66
143
252
149
52
155
158
15
189
66
114
239
139
12
95
158
177
85
63
139
104
221
138
29
239
66
173
104
128
99
105
98
85
158
199
57
85
115
149
249
204
109
240
165
4
128
15
109
109
63
110
102
157
134
124
189
154
139
15
93
87
125
139
165
110
4
56
86
63
48
202
133
149
85
214
139
114
240
67
56
204
105
120
158
22
114
115
66
89
155
161
57
155
82
133
106
198
204
45
56
134
52
62
218
9
106
56
246
120
105
153
197
222
82
204
110
153
189
48
57
161
247
106
148
48
15
12
158
116
45
62
158
204
72
12
148
114
116
134
72
237
114
139
116
52
105
163
189
84
45
84
26
45
255
213
72
48
56
9
216
94
158
86
252
232
149
189
45
148
26
52
82
115
159
26
44
193
157
26
56
52
12
161
52
255
56
129
193
106
44
178
57
52
197
62
42
159
255
60
134
76
189
155
26
145
189
52
218
159
149
158
189
56
158
45
157
136
12
134
202
56
124
48
189
255
216
157
45
45
249
158
26
45
161
57
155
158
85
57
232
189
56
15
158
148
149
56
115
45
157
25
189
12
48
189
202
202
139
155
56
189
197
247
57
133
134
163
202
13
170
157
190
202
104
202
85
56
157
56
232
82
157
163
158
163
155
134
193
255
155
213
134
163
197
157
255
72
148
56
56
139
