80
80
166
50
112
143
115
5
98
165
84
182
105
182
162
165
92
162
51
126
209
111
105
204
208
209
126
59
27
151
208
5
71
27
151
51
59
3
209
175
71
99
90
213
200
90
9
90
99
96
76
151
123
253
175
175
51
123
72
172
162
141
208
90
161
143
126
51
172
165
51
175
98
123
90
114
5
3
156
126
141
172
216
122
251
122
90
95
172
76
181
181
172
251
123
126
151
126
20
151
143
98
5
183
28
106
51
105
95
211
51
181
154
20
92
20
181
151
96
51
222
36
251
175
98
122
51
141
129
165
51
151
154
151
54
90
242
208
187
7
162
89
112
128
79
172
95
208
208
66
181
118
123
181
7
112
119
172
199
7
143
68
181
47
65
126
141
50
123
172
122
141
165
151
76
126
126
159
112
157
96
4
68
160
152
154
191
249
7
251
136
17
172
66
222
95
200
77
51
250
68
7
24
137
123
222
157
188
193
87
253
130
169
129
167
190
17
114
132
123
231
3
222
246
17
223
118
175
222
172
54
173
253
54
253
160
63
66
152
68
123
77
131
204
95
62
9
21
77
79
194
254
72
20
136
251
254
172
187
62
126
213
109
207
172
17
207
140
17
177
70
191
245
131
9
192
207
131
5
165
17
21
211
70
109
185
70
147
16
73
79
70
70
70
70
136
67
226
92
146
6
17
17
6
181
109
100
200
114
226
13
131
147
147
152
141
131
226
1
88
213
114
249
152
207
231
70
82
254
82
197
94
213
178
254
155
254
226
13
241
207
226
26
77
32
131
91
240
178
109
111
54
228
8
120
187
136
178
104
245
82
44
216
68
3
178
17
82
42
207
44
82
156
137
82
82
77
240
60
150
146
160
3
131
82
173
152
136
61
114
231
70
77
124
207
160
77
252
226
238
3
77
9
53
82
120
76
75
182
5
44
82
61
152
85
14
77
172
204
38
82
70
231
228
207
207
77
92
120
227
120
62
92
191
70
61
160
30
215
191
16
137
70
191
96
137
191
191
128
149
191
216
77
10
15
191
16
201
53
222
137
77
148
44
12
191
201
134
196
