183
235
250
250
13
235
250
13
110
95
97
151
253
37
97
105
253
176
61
95
37
97
40
164
211
126
91
211
203
183
61
110
136
89
136
194
35
128
162
59
191
59
138
194
128
80
18
84
252
211
229
234
251
108
80
169
75
55
31
75
229
211
203
162
162
160
100
102
89
151
135
119
22
202
58
119
17
20
229
208
1
75
119
102
234
91
47
151
94
72
191
206
20
136
72
113
67
234
187
203
103
182
191
24
113
203
185
251
135
187
121
58
212
102
200
119
107
244
84
195
135
75
176
147
84
181
1
32
61
47
150
24
83
20
121
58
108
231
77
24
31
191
125
191
191
162
43
1
107
254
130
185
191
245
254
241
59
191
181
191
44
58
1
135
40
189
195
195
96
256
108
1
8
58
179
138
234
234
1
167
156
28
132
55
244
30
191
5
203
58
146
231
40
113
171
191
229
191
242
21
191
1
195
83
90
244
98
150
86
27
58
123
64
47
138
154
231
244
28
211
24
89
234
225
128
47
122
256
90
186
191
233
229
35
132
152
108
58
27
165
246
179
191
36
123
121
8
234
242
84
138
191
144
122
91
16
183
130
177
160
205
222
254
24
167
222
185
191
24
191
231
182
229
119
40
6
47
13
154
30
225
40
231
176
144
20
185
20
43
16
244
7
191
249
107
20
7
28
8
166
16
93
14
141
125
44
195
125
55
191
144
185
47
118
58
113
44
160
21
231
222
5
160
177
20
241
225
130
185
4
58
231
47
50
138
89
24
146
125
121
182
89
107
146
227
229
172
5
47
191
166
4
115
5
92
182
165
254
179
7
54
119
125
107
164
141
119
47
132
144
28
90
152
191
21
144
186
229
254
47
126
244
172
152
165
152
147
58
47
90
156
1
36
249
231
239
121
229
59
93
146
90
5
47
65
152
84
40
28
119
152
55
24
225
244
132
21
152
113
61
229
27
88
185
163
195
91
240
185
203
244
222
126
191
38
5
244
227
119
112
130
54
166
56
93
147
223
16
152
89
207
108
241
215
58
86
30
221
203
191
191
113
118
119
234
254
96
2
230
194
40
119
160
212
24
244
126
241
126
185
102
36
113
155
108
183
124
113
182
24
119
130
132
8
194
244
234
36
22
47
215
14
198
115
182
37
244
35
108
244
225
90
40
244
113
119
240
227
40
152
254
30
194
185
89
185
182
230
200
162
125
152
142
37
106
59
190
87
24
242
60
47
185
6
87
22
40
152
96
24
185
20
245
194
175
89
61
241
34
130
130
240
47
78
104
215
184
156
90
106
150
190
33
107
104
46
185
14
26
181
33
33
5
107
233
36
132
125
119
26
71
173
47
149
55
229
35
237
197
245
191
40
235
20
199
170
37
191
1
152
191
127
152
90
235
228
249
107
136
1
28
71
30
234
239
107
156
119
246
90
191
223
244
65
121
83
126
23
175
20
234
125
47
191
88
132
229
37
217
84
200
123
87
68
228
47
170
250
57
45
98
193
28
244
107
5
95
244
41
26
90
6
87
123
238
134
16
231
241
200
75
152
75
202
139
36
20
253
119
5
224
41
109
226
109
22
244
21
3
90
97
187
144
104
71
1
185
41
52
21
87
244
152
241
171
41
224
136
114
132
122
8
229
228
217
78
200
13
5
250
55
132
177
13
43
58
40
27
5
194
126
231
234
6
96
163
47
212
27
141
45
203
94
217
136
93
250
154
97
110
228
58
234
152
1
130
47
61
144
138
172
179
50
109
185
243
256
74
90
126
206
152
206
135
61
12
90
145
30
185
228
234
73
90
36
153
200
119
230
253
36
245
18
241
191
104
123
230
214
164
111
137
60
144
200
121
105
18
119
75
71
185
155
254
234
206
76
166
253
152
171
91
175
238
136
88
182
253
256
65
238
169
63
191
241
144
151
57
102
191
20
249
152
114
180
151
147
235
200
216
236
40
166
183
20
95
210
58
119
216
215
142
55
96
175
74
238
113
88
142
24
137
58
18
86
89
63
89
21
110
44
97
191
250
37
59
1
23
147
235
252
56
156
204
97
244
40
191
88
119
24
31
182
85
40
253
59
88
119
191
161
182
156
78
58
111
30
181
5
215
110
201
144
160
230
154
113
47
230
27
52
229
128
95
31
162
214
207
238
151
119
58
235
47
93
163
43
54
104
192
22
89
61
144
156
16
61
107
230
110
203
180
161
141
72
45
121
152
238
57
83
185
40
92
22
2
190
135
229
235
88
36
2
234
132
153
88
3
36
169
151
76
192
54
185
59
198
8
115
119
152
16
92
191
144
178
244
12
110
145
47
76
119
156
146
34
162
1
45
241
170
215
102
151
234
203
106
190
179
113
84
230
189
119
126
191
188
97
88
155
52
185
115
62
107
254
76
29
41
184
45
185
121
39
132
14
5
234
59
115
171
110
102
149
115
245
206
234
155
21
14
92
169
232
161
2
159
39
194
240
214
14
182
144
177
5
232
56
24
215
230
115
72
56
71
97
46
97
185
214
189
71
116
189
86
115
171
123
253
224
57
70
3
20
157
246
97
253
205
240
179
185
56
71
155
24
56
14
179
182
4
34
214
86
185
134
121
235
97
97
72
102
157
86
92
219
175
59
34
155
250
96
79
64
113
218
32
121
189
90
200
10
256
90
125
234
86
184
55
215
19
232
34
148
222
4
90
118
16
189
161
3
126
83
4
240
108
54
117
230
26
105
36
252
58
116
108
256
220
27
203
60
189
242
29
10
148
3
56
107
74
214
246
121
44
50
73
10
107
86
58
155
37
148
8
103
232
93
121
106
14
170
196
60
45
72
117
88
124
157
40
19
1
145
86
52
171
102
43
149
139
69
155
144
155
115
56
194
97
214
50
178
161
10
128
106
88
194
157
148
37
155
238
45
76
244
121
238
191
236
140
103
12
89
145
101
42
35
107
101
139
185
166
107
75
121
50
69
154
32
31
36
18
189
192
86
96
189
65
182
159
56
170
155
97
158
130
254
189
184
115
110
24
215
110
1
90
10
117
230
151
26
142
76
96
18
110
229
12
109
56
113
62
238
252
88
42
248
155
12
254
214
117
10
236
208
145
252
230
26
190
154
189
214
26
241
5
200
12
238
256
151
235
27
35
113
157
244
139
224
236
56
238
220
83
159
244
234
111
159
202
159
170
88
10
159
175
197
2
170
102
185
155
155
107
12
153
117
52
88
109
254
163
13
220
195
169
238
222
218
76
252
8
213
62
157
193
219
42
230
161
176
56
108
115
27
232
105
92
56
188
31
214
213
229
215
161
213
58
189
118
161
137
134
159
236
230
63
238
213
252
197
64
81
117
83
151
72
115
196
35
195
240
39
191
103
252
14
220
26
113
45
178
26
233
104
134
45
56
48
76
56
196
121
115
74
196
155
213
45
250
59
238
52
65
146
146
213
11
192
54
246
189
136
170
74
26
222
157
107
117
214
124
88
235
52
12
161
240
103
169
7
153
220
161
155
113
102
111
69
216
57
164
238
102
197
117
184
88
214
242
105
79
96
6
131
155
52
207
119
10
169
88
189
98
153
249
39
52
56
86
31
69
31
213
252
110
86
1
45
30
145
170
204
91
97
110
229
11
200
228
111
196
10
10
134
96
193
52
140
238
242
88
128
189
93
233
244
134
155
52
157
48
220
113
231
52
16
254
214
56
191
115
27
41
161
42
134
56
145
177
214
213
3
42
45
25
27
189
95
26
86
91
133
48
96
76
117
157
201
52
191
36
229
179
151
115
24
13
46
27
159
107
139
37
213
151
169
65
157
214
56
222
64
72
96
140
213
139
110
201
171
48
41
28
76
45
192
148
115
39
81
155
57
159
238
230
133
171
134
207
232
150
238
88
137
50
243
157
176
121
52
252
236
202
155
230
121
79
12
168
214
106
190
192
10
40
90
91
176
169
124
10
86
10
124
90
115
48
214
185
65
214
238
146
52
134
161
122
32
76
222
170
12
69
112
89
155
254
83
12
155
199
81
113
231
91
56
157
3
86
26
3
252
146
13
189
213
121
22
64
39
192
56
10
219
144
214
189
93
26
45
13
139
25
214
21
115
113
164
214
35
155
213
192
107
10
35
83
155
30
139
148
115
159
235
62
12
214
232
214
19
163
56
134
213
157
139
244
155
244
140
10
77
45
161
189
121
77
184
161
149
139
170
232
89
56
210
65
115
228
157
56
25
193
168
155
91
81
192
52
31
142
189
108
155
137
115
213
157
42
26
98
256
155
119
10
113
7
240
230
230
176
56
60
189
10
88
25
192
161
134
196
65
149
240
69
106
185
163
237
157
115
157
213
64
157
12
202
161
197
44
86
84
65
256
202
65
214
82
230
26
214
158
170
12
236
152
210
155
256
220
27
81
155
57
176
230
105
193
115
31
64
62
237
26
213
45
205
159
31
157
26
115
156
238
10
154
45
240
237
41
56
64
35
64
86
250
157
229
44
159
115
155
10
10
159
71
57
159
45
168
199
185
214
93
45
213
157
45
79
159
161
1
41
196
219
22
34
237
189
200
26
213
45
91
213
155
56
108
109
213
155
86
215
213
134
12
86
106
155
213
115
213
140
227
159
171
190
13
134
139
162
213
189
247
155
115
12
105
10
256
42
155
37
102
214
159
139
202
139
45
155
96
97
59
249
56
206
221
121
48
232
134
110
137
249
89
48
196
86
86
213
168
84
8
117
170
45
158
48
238
214
45
214
72
22
153
155
69
26
110
134
103
214
134
34
178
70
140
171
155
155
232
125
26
10
250
157
232
146
249
155
189
74
213
155
159
213
139
115
214
20
213
202
73
189
196
79
155
12
23
203
62
61
115
40
170
134
157
213
155
207
158
232
117
102
157
155
45
128
106
249
56
159
196
97
45
64
255
213
161
242
155
161
159
10
157
192
115
11
152
157
31
161
219
196
45
255
213
230
134
213
10
49
117
104
52
34
228
8
52
44
69
12
189
252
190
213
69
124
23
178
214
52
213
22
238
12
197
232
214
197
86
155
213
58
25
220
201
115
139
207
69
196
108
238
129
110
157
193
213
117
89
22
155
39
39
149
199
155
238
159
44
91
215
115
159
159
90
155
213
157
190
79
213
52
189
157
158
117
171
22
252
40
113
53
26
188
155
10
256
45
115
155
252
213
5
115
161
115
56
128
115
196
44
52
45
33
157
55
115
213
72
113
115
124
230
213
149
213
155
155
69
45
213
42
155
202
155
26
115
146
42
42
45
10
59
103
202
189
161
117
202
256
189
56
213
213
158
12
213
23
115
115
161
232
