80
80
80
80
162
146
166
162
71
80
235
184
80
203
80
184
97
135
220
25
128
143
162
143
80
143
126
97
8
80
143
96
143
97
59
123
128
51
126
194
143
123
235
97
203
143
230
80
222
47
243
97
80
47
127
54
239
209
29
112
143
165
80
28
150
143
209
244
36
59
162
194
165
170
184
194
244
209
162
162
165
97
177
162
151
165
3
107
54
84
209
75
59
1
36
150
175
199
194
7
183
145
99
177
208
3
52
191
61
206
219
183
26
72
32
165
121
56
103
162
253
243
175
7
165
251
177
71
162
53
39
169
118
158
92
251
251
150
76
222
21
244
123
190
206
222
189
118
244
48
130
177
75
21
54
54
235
99
191
55
157
106
57
127
87
54
38
10
16
133
124
31
77
239
54
54
165
54
168
178
171
8
16
17
174
249
146
83
244
8
18
118
90
44
40
140
174
54
141
54
141
122
213
222
56
138
99
26
217
127
77
16
123
209
62
34
84
124
213
191
165
149
75
149
170
253
7
10
131
204
177
96
249
185
209
165
127
84
175
177
222
230
3
75
143
7
182
54
22
97
178
191
123
29
209
209
6
177
75
177
76
99
71
71
127
54
178
120
7
51
190
177
231
77
235
112
169
177
32
149
188
168
54
84
206
248
148
168
67
107
75
244
206
131
97
111
166
227
163
109
127
92
206
122
3
228
40
191
231
230
111
139
212
245
225
188
212
231
85
110
45
97
196
76
98
107
140
71
244
61
127
127
127
71
172
50
131
208
111
190
131
47
42
21
84
107
135
146
92
131
104
178
88
131
110
25
147
67
88
202
165
190
95
160
16
83
208
71
77
230
72
47
182
166
168
177
166
21
72
249
112
245
218
40
40
61
202
43
222
216
71
133
85
95
184
80
83
53
13
163
63
98
177
74
22
37
131
133
42
243
182
95
249
54
53
221
149
243
193
13
118
56
75
182
251
249
52
29
74
110
208
11
220
168
242
40
56
203
42
171
43
243
75
107
32
117
136
112
37
21
84
194
171
133
145
200
102
56
182
24
157
3
249
37
37
85
124
229
202
62
254
141
133
202
248
186
12
176
239
73
74
217
71
92
249
97
141
26
21
71
48
40
149
80
86
42
25
114
163
143
168
190
75
218
114
254
143
138
137
22
220
42
187
229
37
166
49
39
156
41
28
107
249
229
168
96
231
131
172
36
72
131
26
114
115
187
41
117
230
75
171
71
220
56
72
187
234
8
77
209
198
41
164
172
198
53
49
114
188
166
42
36
40
79
128
114
116
249
172
246
74
113
42
131
85
168
165
184
133
38
251
116
139
131
216
198
115
191
25
171
87
131
53
19
48
131
101
184
32
236
38
90
49
169
194
205
41
146
1
168
30
124
131
96
119
45
235
39
86
101
113
25
42
208
130
124
250
144
133
184
41
32
161
157
118
138
80
116
109
77
5
206
113
254
3
185
213
110
104
92
89
92
49
136
184
124
150
150
241
208
184
178
223
92
231
144
254
184
40
40
206
161
30
27
145
107
113
39
73
253
68
231
25
172
229
171
136
63
203
80
157
110
205
59
24
191
79
85
101
187
27
191
118
92
232
119
249
150
184
7
181
33
53
231
151
41
76
164
72
178
37
54
218
163
218
188
120
137
125
63
68
209
251
166
247
23
49
31
42
79
68
1
48
133
73
136
87
113
191
220
198
194
130
189
55
68
125
109
157
187
5
77
68
203
92
30
133
168
52
153
216
97
54
149
255
225
127
118
162
118
4
114
30
225
68
193
109
7
37
137
181
59
22
209
86
38
50
211
21
87
116
17
145
192
9
17
159
203
149
160
171
116
254
90
166
239
22
176
254
254
197
166
88
118
166
180
156
239
81
116
138
161
161
50
12
114
78
20
20
155
38
114
20
90
22
158
30
203
173
86
124
30
125
93
235
116
84
118
113
33
56
209
83
88
39
133
181
186
188
171
138
206
178
29
239
75
161
52
68
241
208
107
203
239
80
224
110
54
133
163
47
166
101
77
241
172
83
78
116
159
242
31
36
45
235
171
231
137
20
116
68
133
133
53
106
130
18
37
239
175
130
159
220
56
101
53
178
22
254
239
184
185
220
30
158
104
249
191
163
254
208
204
239
131
136
80
222
8
82
229
106
191
157
53
80
158
230
42
220
85
173
176
235
215
85
82
249
31
118
138
118
78
173
24
138
67
204
138
84
57
139
185
222
1
146
189
13
182
9
188
84
55
176
158
137
30
56
45
31
200
176
52
116
171
162
63
161
256
133
86
146
55
247
189
203
163
203
181
157
24
45
85
158
214
226
138
40
214
214
245
44
131
146
85
53
85
161
55
97
158
27
243
131
77
40
42
12
158
20
158
78
1
131
139
27
146
202
17
208
88
163
17
136
115
40
163
45
48
169
31
194
133
124
159
99
56
228
38
27
249
159
52
244
246
80
137
133
232
200
133
56
158
12
233
124
25
183
158
57
86
164
133
80
134
82
25
48
85
101
158
231
133
159
157
146
56
82
124
134
11
253
85
136
158
45
138
249
202
158
52
193
115
149
63
80
193
232
80
124
45
1
53
202
80
197
157
158
