146
47
186
212
80
212
187
187
251
127
138
236
126
236
244
150
122
177
196
150
186
2
186
212
170
212
29
83
150
121
251
211
80
18
166
42
1
75
154
75
187
194
2
123
194
125
80
83
212
186
79
231
248
203
135
245
127
135
14
109
135
145
79
138
92
57
92
160
225
125
109
245
83
135
109
87
203
117
123
160
194
194
177
67
8
21
109
135
118
244
42
87
118
135
18
95
79
55
95
154
180
128
80
231
118
141
180
37
121
128
83
36
180
95
190
165
92
105
127
65
87
65
52
220
143
182
37
135
75
84
118
36
125
4
140
96
95
128
20
8
113
125
92
8
141
238
177
130
105
30
135
135
67
117
61
109
245
4
201
201
8
37
191
75
250
109
83
17
67
191
92
246
223
169
14
109
42
109
123
113
229
21
109
205
107
5
17
191
12
146
36
8
96
92
35
92
166
230
168
92
7
24
155
242
191
251
35
65
185
21
76
40
107
146
191
231
22
64
96
4
246
21
181
107
151
118
220
164
135
193
40
92
240
137
16
107
40
138
193
125
21
202
169
62
17
92
88
240
92
92
212
206
14
128
131
109
231
25
203
108
189
70
122
110
230
64
151
73
143
205
81
119
191
183
28
107
92
1
195
107
230
145
118
8
148
211
75
247
172
47
36
25
163
4
118
92
118
37
154
248
90
79
118
246
119
141
135
245
219
83
59
113
142
83
159
46
109
98
28
113
118
220
131
137
37
229
17
50
84
246
117
144
40
182
135
231
206
53
155
122
185
19
90
231
245
150
46
254
220
8
116
250
245
219
24
173
122
125
177
56
119
92
51
118
92
31
17
131
205
34
45
245
124
83
103
250
83
198
231
98
107
185
132
219
28
231
169
117
201
118
17
118
256
221
154
70
150
130
243
78
107
176
20
111
117
242
87
211
28
125
212
92
6
27
191
143
229
222
83
156
237
92
137
131
6
46
170
83
34
79
139
222
181
217
10
125
109
131
15
182
245
90
125
111
12
130
179
196
86
185
219
220
214
144
86
151
156
109
98
92
17
242
133
184
116
220
225
4
49
152
122
122
212
189
4
196
125
243
203
1
33
245
158
34
39
231
215
168
97
118
117
117
230
239
185
256
185
173
182
117
36
172
168
47
109
237
70
225
28
237
186
80
92
150
184
1
173
141
146
175
35
146
34
58
238
78
206
31
76
5
231
135
15
35
119
170
8
240
149
154
240
226
46
246
125
123
131
124
86
92
103
15
12
185
64
245
118
194
108
125
184
56
141
97
246
212
245
184
8
118
86
192
92
28
212
14
111
171
171
200
238
164
118
168
6
246
230
253
223
150
219
125
249
189
118
146
22
253
245
125
236
118
5
88
92
221
229
125
75
92
151
109
212
92
95
131
83
174
168
155
97
245
168
214
30
198
196
111
124
35
181
43
196
135
129
117
212
140
98
118
191
156
5
246
122
230
118
244
117
117
43
31
150
77
5
4
185
118
125
92
252
115
126
109
187
151
163
126
192
37
170
92
3
118
168
88
114
109
229
119
217
117
115
114
92
21
125
79
92
121
191
163
193
10
4
192
122
26
28
157
16
34
246
53
107
23
98
212
134
125
243
92
38
72
210
37
130
10
26
53
117
212
16
121
18
195
125
243
55
219
14
190
19
246
79
193
44
3
134
221
95
252
92
188
194
96
244
6
40
113
92
118
108
129
219
11
245
163
4
191
237
179
210
27
173
38
103
2
117
114
137
64
236
248
37
26
92
205
245
183
237
195
111
73
11
25
191
59
187
26
118
8
114
60
121
37
90
14
114
5
222
57
16
175
36
220
92
118
92
246
201
170
205
245
88
239
108
256
35
141
136
53
31
59
125
233
78
196
32
61
42
201
219
201
198
190
125
46
222
14
14
195
191
150
243
68
185
191
91
126
185
92
219
91
125
125
26
167
125
114
92
8
90
56
181
123
180
8
64
76
131
131
205
170
91
24
206
135
86
203
91
160
229
150
115
92
125
222
14
192
227
3
205
67
246
53
122
196
179
96
117
170
125
114
92
239
251
84
191
28
53
202
114
151
110
160
231
40
123
4
234
36
201
8
241
199
226
93
244
217
69
245
210
125
31
77
151
227
76
56
235
68
90
131
219
108
88
194
9
137
91
78
195
201
30
64
34
93
107
169
46
167
86
248
134
28
88
20
35
118
35
131
196
78
245
118
190
144
239
248
106
79
191
125
114
125
75
37
54
144
57
67
144
171
246
46
49
141
32
13
87
178
235
78
118
109
117
150
131
21
78
223
134
72
200
219
141
220
47
202
238
11
191
53
24
239
240
240
212
170
108
141
198
96
46
95
117
203
115
211
198
5
91
94
39
109
53
117
251
36
251
241
49
132
68
190
254
189
170
117
71
31
245
221
167
233
184
14
114
88
137
151
169
196
137
221
117
78
117
88
182
110
79
73
136
119
117
125
215
203
37
126
156
86
200
109
108
188
181
1
136
79
76
236
56
240
90
211
173
56
249
79
187
78
5
109
234
14
78
64
198
219
134
95
154
169
231
246
91
191
35
141
6
14
134
196
92
256
189
12
134
103
125
83
256
169
144
152
111
129
103
192
196
212
129
226
35
89
241
239
117
37
115
86
197
192
31
8
78
244
12
189
46
4
7
217
42
191
185
83
251
6
24
108
126
126
10
182
135
101
240
125
225
34
132
199
81
21
226
155
126
217
248
245
4
245
245
20
132
155
212
78
173
220
20
191
64
241
242
86
105
222
33
219
176
230
118
86
173
246
137
156
9
242
170
252
121
224
190
9
238
256
96
182
18
134
131
198
1
86
256
168
24
220
73
20
40
105
228
224
89
125
46
90
238
219
109
20
212
159
78
245
200
211
26
132
120
252
34
63
246
239
64
40
39
11
169
132
185
64
250
90
230
198
228
231
8
92
58
198
217
196
4
129
109
236
196
108
252
170
110
107
105
201
105
13
150
24
83
171
125
90
144
93
192
109
169
163
189
146
43
89
34
35
245
197
187
248
90
92
185
8
168
185
20
79
65
83
125
97
18
20
79
9
229
179
184
225
130
118
206
33
219
226
90
156
181
72
86
188
157
54
196
108
18
154
199
83
256
201
155
64
236
131
233
137
191
196
88
92
119
31
221
63
19
189
107
125
35
248
120
136
100
4
40
245
75
167
90
69
196
196
69
217
240
113
31
229
242
240
249
83
235
190
150
33
65
135
151
120
14
78
242
169
196
126
223
96
107
236
39
201
37
38
88
240
1
245
109
92
125
195
118
79
195
35
106
43
151
117
169
1
219
244
140
105
86
31
135
107
81
192
4
245
41
250
117
56
76
20
250
200
107
20
132
108
101
176
72
197
144
68
119
25
126
28
18
203
191
53
17
95
186
64
156
180
191
6
34
86
48
173
4
211
109
35
53
112
187
47
19
39
35
202
76
135
107
249
187
214
46
83
179
39
238
103
239
42
136
125
182
14
225
238
238
22
69
223
128
100
207
135
6
35
125
170
152
189
196
108
166
185
198
11
4
9
36
242
29
120
142
201
121
115
125
81
59
1
43
22
135
64
59
34
37
125
227
115
86
114
135
238
131
161
113
96
237
5
79
42
227
37
61
207
46
64
92
229
147
196
121
171
194
229
226
238
205
92
22
169
134
147
194
196
43
39
83
236
106
227
238
248
185
24
118
107
221
230
149
73
252
113
116
234
25
36
225
86
170
159
20
48
96
192
144
256
25
35
124
242
93
31
179
188
93
125
188
196
196
154
10
173
245
95
124
196
201
86
124
19
245
181
184
115
214
191
254
246
91
24
203
91
45
180
222
178
125
38
171
39
238
178
125
221
191
35
107
189
5
65
256
191
74
31
191
157
41
189
141
30
56
120
24
125
41
14
206
200
43
203
240
11
196
86
170
1
220
217
88
108
156
13
65
131
248
10
227
237
196
41
245
255
191
57
20
252
188
207
191
9
86
109
10
244
18
24
20
48
152
103
8
187
234
191
206
234
178
245
249
35
18
244
242
230
248
126
4
171
223
236
5
214
224
170
6
256
252
97
2
115
188
203
229
217
234
120
125
64
118
245
38
35
241
221
10
91
16
178
60
191
212
191
147
228
120
68
90
105
196
10
196
77
125
256
203
109
158
156
201
118
115
135
219
188
96
37
8
96
175
35
90
189
241
125
219
106
55
218
190
225
51
35
152
221
74
207
247
34
192
41
217
43
245
88
64
152
118
181
60
173
256
35
40
64
120
124
229
218
60
192
94
141
37
239
88
20
110
34
8
92
36
142
228
46
240
219
152
38
25
107
245
5
149
224
221
37
4
64
187
194
88
238
119
186
92
201
217
224
4
64
76
224
68
248
8
89
103
81
4
36
153
167
178
83
125
68
59
157
109
68
254
31
125
21
228
68
10
256
147
187
252
121
200
30
101
64
246
109
198
156
245
147
88
256
256
86
125
207
198
182
173
89
167
152
181
19
221
139
125
10
129
94
38
210
41
86
47
20
147
91
191
43
61
124
187
213
34
77
24
38
4
68
134
85
185
242
201
4
196
221
207
191
245
198
78
217
35
157
21
224
156
78
4
252
53
250
13
107
37
234
229
191
192
127
120
81
228
37
131
124
134
173
113
192
52
222
188
171
20
65
248
224
6
191
184
170
120
40
46
30
14
24
170
60
42
4
20
47
76
212
119
10
33
152
86
53
129
156
75
207
188
24
196
68
38
145
36
222
201
178
211
244
198
227
221
42
107
225
28
147
16
126
20
109
217
131
157
224
119
71
33
78
83
142
83
144
86
78
161
203
251
125
28
248
126
158
125
4
73
171
198
251
125
245
253
96
124
41
196
11
4
237
256
76
90
242
28
125
101
250
8
249
42
53
52
188
16
34
36
58
187
5
78
237
223
49
20
119
107
153
72
6
224
172
124
35
224
30
170
191
115
34
217
238
24
224
137
1
49
25
135
93
191
142
46
68
156
170
78
248
225
134
245
1
39
34
92
37
191
250
119
39
49
125
4
188
26
21
4
163
118
185
43
