73
170
27
164
55
39
8
88
83
35
97
164
219
176
242
64
110
14
80
150
203
236
243
144
106
235
25
150
203
50
97
73
253
170
98
250
22
209
146
31
228
67
18
225
251
129
162
209
243
151
106
166
248
175
170
223
113
177
181
162
32
8
146
107
216
250
146
177
202
151
89
10
248
243
225
228
151
74
216
231
208
75
154
97
180
90
31
234
126
8
74
138
74
106
90
75
98
80
75
190
251
71
225
55
75
186
80
164
177
88
8
184
178
122
204
225
253
95
94
251
219
146
205
73
234
96
244
177
251
31
154
238
206
66
146
98
251
26
168
90
228
168
75
165
114
27
107
162
42
153
87
20
209
11
42
176
248
205
95
26
69
97
225
231
97
86
164
225
199
75
58
90
80
140
176
89
90
67
243
40
55
90
91
125
217
117
203
156
73
121
125
97
75
74
29
113
154
251
199
53
103
162
96
184
18
251
209
109
18
164
123
88
163
126
107
55
18
180
205
166
67
129
31
225
127
20
162
41
163
220
18
31
52
202
249
148
55
119
196
25
212
51
63
34
139
166
89
32
169
208
156
55
5
123
242
87
177
32
186
95
52
229
210
22
95
122
23
59
20
63
236
88
166
249
32
29
74
107
79
123
239
209
39
126
90
134
220
181
74
80
8
87
125
42
172
66
42
244
80
90
125
153
239
69
97
139
113
253
174
79
93
153
45
129
218
243
83
225
28
47
153
204
50
186
154
94
236
110
160
253
8
169
80
9
177
15
244
58
174
28
95
250
94
195
157
98
108
143
55
94
52
170
99
242
108
105
88
20
256
185
4
32
31
248
94
214
165
98
203
93
123
181
22
110
71
119
93
194
122
65
239
253
239
122
225
31
7
128
240
17
47
65
168
181
71
180
251
251
129
162
119
200
123
244
251
15
252
72
148
44
94
244
141
113
63
121
188
80
38
28
202
41
173
148
238
190
250
58
65
153
181
89
129
41
115
93
51
32
186
162
200
244
157
86
174
190
127
227
106
122
119
156
51
211
247
14
123
156
65
18
93
172
119
90
89
74
179
201
162
93
239
51
253
104
76
154
212
243
235
55
34
202
149
231
94
90
153
13
146
94
51
106
25
129
104
17
80
80
58
22
244
190
61
231
215
41
98
206
105
128
128
110
106
87
248
157
8
206
254
32
115
52
119
39
231
205
244
13
66
134
25
181
150
96
178
251
161
109
251
123
141
81
150
139
244
61
106
200
174
172
151
8
145
94
75
156
229
159
251
146
168
182
255
154
212
154
83
210
127
206
154
129
122
128
22
211
20
219
219
239
253
107
204
90
191
17
223
28
225
232
33
8
243
252
25
206
96
58
212
162
18
212
237
163
251
35
244
34
146
122
115
74
18
128
55
194
54
98
138
203
162
86
127
64
244
254
147
74
119
186
15
129
234
119
113
20
156
98
8
28
105
122
243
174
107
63
64
76
216
200
251
73
8
213
39
83
94
163
156
185
25
99
128
180
118
216
250
202
7
30
237
256
13
169
8
232
254
249
212
154
181
121
154
80
94
166
231
170
157
64
206
145
160
119
115
157
253
98
217
27
94
91
254
93
14
181
254
157
174
94
26
18
212
91
254
80
121
117
27
154
256
83
25
116
230
122
157
220
125
25
8
123
76
159
145
150
139
79
185
202
31
99
122
84
169
168
29
200
30
8
196
112
123
169
29
244
170
91
157
15
83
161
72
119
157
22
35
216
122
200
221
51
91
28
156
239
112
194
163
125
254
174
84
76
84
15
35
115
76
239
224
22
166
254
174
24
170
93
253
70
123
112
200
83
58
92
108
186
84
247
72
239
256
170
140
3
86
195
205
46
87
174
193
37
13
211
218
67
24
73
154
98
145
128
14
24
24
119
72
159
161
203
58
150
98
96
61
88
191
119
77
164
16
6
130
163
59
99
107
84
121
168
145
37
238
91
166
130
14
27
182
186
164
99
108
73
169
200
29
93
146
204
58
5
187
121
29
161
157
156
188
119
146
35
164
242
144
175
159
254
80
240
236
156
54
54
232
108
31
152
227
194
115
10
226
166
33
157
3
25
25
256
130
112
42
56
108
164
54
244
146
206
146
170
216
205
47
115
161
167
163
156
75
200
210
65
211
240
92
25
64
141
170
246
210
196
21
36
239
121
222
114
115
160
93
252
172
237
254
166
73
84
254
74
33
161
170
186
45
45
169
57
61
253
119
186
103
142
107
254
37
88
85
156
161
50
221
21
33
230
115
43
194
216
256
138
45
254
184
76
45
63
24
138
53
21
21
59
138
146
61
170
222
169
122
235
33
182
182
200
208
30
31
186
170
175
18
252
161
140
29
254
115
84
217
88
170
157
135
182
123
19
252
44
125
110
97
138
66
223
161
52
213
168
208
196
214
99
19
138
140
53
200
94
10
146
239
256
204
70
98
147
254
194
170
146
144
35
13
156
200
25
179
204
146
121
191
157
186
170
240
169
170
40
87
215
256
223
196
115
38
156
157
203
28
80
199
88
244
254
254
81
103
125
172
98
62
235
99
73
146
170
194
33
254
25
33
249
33
254
187
199
239
35
256
108
222
248
169
5
219
245
140
185
170
186
135
242
200
203
87
241
156
240
164
88
88
33
58
255
115
96
35
11
117
256
169
166
172
200
164
21
202
66
29
42
195
19
254
145
150
88
14
163
88
1
195
254
224
223
64
35
256
55
164
125
253
33
231
64
102
205
117
37
37
200
166
144
81
53
244
253
169
164
6
36
108
135
240
186
243
249
19
163
253
254
64
231
121
88
186
170
95
195
152
31
207
81
248
162
64
140
13
13
192
29
161
194
7
31
60
243
135
117
107
31
193
73
223
25
196
252
91
33
178
121
181
190
179
186
205
13
88
241
134
234
204
170
86
165
227
83
82
144
38
254
75
161
137
254
144
44
157
73
150
10
236
33
213
128
160
21
235
73
12
10
166
91
166
151
54
237
89
254
88
73
244
43
248
29
225
13
230
10
241
10
91
193
205
203
33
52
115
14
35
33
194
176
256
230
62
254
33
115
224
16
59
169
191
161
133
170
256
19
25
87
113
42
237
254
249
216
33
103
160
199
151
170
254
247
42
256
170
219
237
121
75
196
64
234
35
102
205
119
188
166
36
150
189
144
43
17
169
253
108
244
254
87
83
256
169
101
248
146
206
14
229
248
66
254
134
147
17
219
36
221
196
223
64
203
212
134
230
169
17
35
115
139
33
231
219
34
118
11
73
93
256
160
137
252
83
254
153
79
254
144
88
113
59
220
32
237
73
242
53
254
62
221
252
57
74
196
31
130
223
231
103
155
47
117
186
254
159
53
33
42
201
239
140
186
59
176
175
240
102
91
58
96
55
10
155
254
186
248
33
93
35
8
91
230
135
33
105
114
91
13
74
32
74
190
176
32
84
195
11
84
187
224
42
251
170
105
41
204
153
91
252
214
35
229
256
25
234
179
201
248
123
190
198
96
75
176
144
106
188
32
10
239
255
170
29
33
95
60
221
131
203
254
161
191
43
65
27
212
186
169
22
104
186
55
24
21
102
67
228
176
45
13
194
105
237
62
144
230
135
254
240
22
136
55
135
115
88
256
256
171
115
189
211
122
76
237
102
97
243
237
121
33
176
88
25
11
229
80
201
96
169
29
252
75
160
52
169
238
166
64
18
93
176
10
248
8
33
169
179
64
243
244
35
182
4
137
33
42
22
7
69
53
64
146
48
141
227
195
39
121
115
101
139
71
1
253
198
86
115
146
64
47
163
133
161
214
25
178
241
238
202
117
102
4
41
117
242
256
66
37
221
223
256
84
89
103
221
88
88
35
163
222
97
130
212
194
51
83
120
91
184
116
171
74
73
201
121
10
237
256
249
166
91
190
82
194
176
115
25
22
252
225
22
10
164
80
152
3
152
188
201
29
156
47
79
254
40
83
213
202
121
121
135
4
111
224
149
59
55
254
240
222
128
254
12
205
172
139
65
140
35
144
186
145
254
102
240
39
255
33
191
241
13
145
121
65
135
195
1
135
31
122
244
166
24
65
146
253
121
26
129
140
207
35
176
5
240
238
195
186
127
223
57
33
11
48
56
166
200
252
221
130
1
121
96
40
27
102
225
190
195
69
26
91
227
203
121
203
193
200
4
115
96
188
248
10
14
117
198
98
256
197
82
190
96
231
83
187
256
242
163
105
193
236
170
176
198
113
146
190
10
78
49
102
221
59
83
116
96
223
19
224
169
186
201
110
238
202
72
107
195
71
41
176
46
82
195
207
232
26
164
242
83
55
5
47
10
145
203
35
121
90
115
34
80
192
254
194
179
150
96
194
176
32
203
81
120
17
120
170
191
250
202
48
22
224
200
88
120
35
69
227
111
203
76
69
49
238
9
5
90
76
203
185
26
219
200
96
189
80
134
200
106
111
