160
146
202
253
182
253
71
79
27
204
27
27
97
27
71
71
204
97
27
126
77
32
75
27
71
230
147
112
90
177
175
126
133
235
253
71
27
147
147
126
177
143
183
177
155
97
64
204
75
204
27
143
235
204
175
27
235
212
110
175
177
32
94
143
73
144
28
31
105
175
106
147
147
150
90
204
235
85
249
106
209
131
203
79
221
219
16
203
105
99
54
87
16
90
243
183
54
99
95
174
203
223
31
8
98
17
154
62
147
149
160
115
145
115
231
243
143
249
174
174
154
54
102
98
199
235
122
66
62
189
66
217
69
143
122
199
66
74
199
65
154
129
216
17
243
255
174
174
69
50
252
50
166
9
99
69
26
143
199
183
245
167
219
203
7
165
193
235
84
99
189
199
251
129
49
102
102
8
174
199
220
256
199
67
138
220
43
79
66
129
94
199
4
51
62
94
102
237
165
102
94
218
165
99
220
105
237
165
94
82
189
216
199
94
69
199
49
67
37
174
195
94
176
50
17
62
147
8
94
4
155
167
240
76
252
9
9
44
231
94
172
62
77
174
174
12
255
82
243
198
244
94
123
9
99
172
94
181
94
10
237
36
148
43
94
155
204
199
99
79
216
94
147
99
62
254
94
9
174
129
99
174
84
157
121
48
218
174
79
204
155
99
54
94
213
99
62
160
145
174
94
94
94
115
129
174
197
94
148
62
182
216
197
9
49
153
218
9
94
9
9
94
66
232
94
123
9
49
69
82
174
99
9
94
155
129
94
94
209
99
61
33
94
174
129
50
94
94
199
209
94
66
9
82
48
44
238
94
99
218
9
222
94
247
184
203
118
226
94
85
9
210
3
42
99
94
153
120
99
48
129
91
153
129
16
137
174
177
174
148
177
99
222
204
205
69
99
177
11
177
31
229
94
74
90
177
166
75
91
155
256
94
220
196
90
216
153
216
169
153
176
50
216
66
121
90
227
114
230
74
50
99
10
189
84
163
255
109
60
222
218
175
136
196
126
74
121
175
240
136
99
50
99
53
155
170
220
236
85
109
147
5
59
104
91
91
132
239
197
239
146
19
148
91
239
84
251
115
162
10
137
225
9
181
89
21
73
121
1
132
239
96
96
105
185
99
220
27
181
212
28
99
198
249
32
147
99
9
91
16
126
16
229
181
219
222
213
32
224
74
10
5
136
232
226
64
5
91
99
61
19
91
32
125
174
218
28
202
192
99
148
120
53
28
64
59
256
32
96
214
5
222
202
91
197
197
126
169
91
99
198
126
29
167
64
22
240
136
11
161
256
185
14
115
239
250
195
185
195
174
75
220
9
217
83
99
8
60
185
62
155
42
194
26
137
187
117
187
74
99
147
226
79
123
181
61
167
186
155
86
20
35
32
77
195
199
255
256
197
135
49
96
135
66
106
56
60
10
255
186
238
150
214
220
66
197
61
10
242
19
40
20
99
242
186
137
76
76
197
202
218
198
91
120
89
120
34
201
120
137
79
32
91
135
171
53
19
156
135
120
181
61
91
201
34
157
232
121
161
15
