209
209
87
231
84
84
67
231
150
209
143
194
58
143
66
162
29
231
73
66
138
84
138
143
217
231
146
73
162
73
75
21
21
243
84
29
176
138
176
89
89
29
194
121
29
143
209
165
128
59
243
162
231
162
176
7
29
210
242
121
162
205
55
162
209
62
150
66
243
242
89
143
242
162
209
138
40
84
138
66
208
243
93
138
59
208
135
143
209
73
138
162
58
69
27
138
84
138
24
165
52
242
244
84
84
87
75
194
162
194
84
209
208
138
58
69
55
150
112
60
87
211
137
243
162
98
93
160
84
221
135
209
162
75
205
130
84
211
165
211
150
143
194
205
7
137
144
135
244
52
42
178
98
253
208
252
80
146
58
165
31
256
255
33
150
144
211
202
138
162
253
194
84
208
209
164
208
42
138
31
67
150
138
75
24
150
185
138
143
138
42
222
221
181
209
211
25
174
91
143
24
39
25
128
132
70
209
236
253
168
63
75
172
132
222
31
172
29
104
67
42
143
185
58
129
253
4
138
7
176
138
203
69
87
172
136
247
222
50
43
172
174
247
176
178
74
144
97
202
172
174
7
91
208
168
165
165
190
7
71
129
55
145
104
67
59
145
130
168
128
191
191
243
164
89
71
232
104
67
87
139
231
122
132
182
168
168
168
250
97
181
212
171
244
174
67
231
136
67
55
2
233
103
182
123
209
233
40
244
212
165
115
232
129
215
67
212
35
75
66
210
216
36
194
129
144
182
245
67
212
95
66
174
174
36
246
100
141
108
77
113
136
181
112
135
128
143
136
36
144
223
191
136
206
135
212
78
60
216
191
135
36
71
17
191
188
123
231
89
51
164
71
174
89
179
29
7
231
128
55
11
29
118
231
115
115
214
136
40
243
185
243
21
256
51
83
21
114
182
120
196
242
224
199
78
123
216
55
137
228
36
215
87
59
59
165
179
243
101
5
7
209
123
185
222
162
95
89
107
94
137
191
182
128
115
254
92
101
33
162
75
108
254
50
188
24
143
84
179
174
222
85
2
40
150
220
244
53
115
195
202
84
122
92
223
112
131
39
78
107
120
66
165
254
151
55
245
22
28
220
23
122
23
208
134
199
222
16
208
7
7
70
94
17
163
122
136
161
231
50
7
20
224
79
120
19
255
84
162
81
128
125
37
225
232
107
147
104
9
113
151
104
162
113
14
157
162
20
94
188
89
211
17
190
151
120
166
138
138
162
208
128
55
253
18
162
17
89
17
165
49
17
195
142
245
243
227
77
112
245
64
7
36
208
94
7
130
26
121
4
36
123
120
146
217
92
75
69
22
120
26
191
53
68
34
161
83
26
31
142
119
55
119
162
75
211
244
84
119
81
231
87
92
144
75
68
244
165
205
200
205
95
25
218
153
17
89
171
120
29
75
58
221
97
58
227
217
138
69
142
47
29
205
113
162
66
2
85
224
182
231
205
194
16
4
171
188
49
122
126
72
244
122
174
212
50
194
9
156
127
217
227
231
188
142
40
119
47
75
63
89
227
199
29
47
2
207
232
120
78
191
217
237
53
97
250
171
203
225
207
204
17
42
188
63
118
122
162
2
97
55
17
62
68
140
97
241
53
200
208
21
104
162
83
5
214
54
205
53
91
232
150
2
138
119
99
231
188
40
80
42
6
125
120
141
66
235
234
142
115
55
168
247
184
53
66
194
206
125
125
166
208
80
83
241
135
50
115
204
175
108
191
9
172
206
101
120
234
206
232
125
164
246
187
246
124
246
108
211
92
174
157
30
186
128
186
45
4
71
77
128
99
144
243
224
85
237
180
49
198
92
231
122
9
120
199
77
19
92
120
99
36
49
20
