84
29
34
84
52
86
34
86
162
52
34
190
86
12
10
126
174
10
174
6
178
12
6
129
90
114
6
10
90
249
51
26
55
214
175
90
111
145
147
88
14
127
228
162
207
50
201
88
197
250
179
174
54
18
190
29
175
190
160
41
29
50
228
10
214
28
45
250
136
94
14
121
127
75
54
149
33
5
27
204
29
163
16
235
18
130
47
3
216
127
41
51
149
56
208
212
157
66
134
192
103
212
204
175
138
218
93
45
102
130
237
237
246
235
104
163
129
148
149
45
126
45
117
8
210
126
98
36
10
184
5
5
157
219
251
98
138
56
134
112
214
92
29
98
27
254
250
74
26
156
104
98
218
20
175
254
141
94
199
161
157
148
15
175
86
216
61
12
156
26
172
155
225
98
120
15
45
63
161
16
152
44
248
198
224
132
163
44
42
155
172
69
161
200
44
44
19
50
61
112
53
16
16
114
161
16
157
207
172
21
99
42
172
50
181
54
9
172
155
202
56
114
99
155
161
123
9
57
147
74
82
14
159
236
166
172
74
235
45
172
42
50
74
147
155
62
62
50
123
48
161
50
149
208
114
147
21
149
26
235
177
122
93
214
210
235
232
123
155
159
149
69
161
161
69
48
129
129
57
147
99
50
210
9
218
199
114
99
56
69
218
123
148
172
104
148
148
214
129
147
149
172
104
120
94
148
148
17
148
104
172
215
133
82
252
172
66
252
38
159
215
218
215
9
255
163
93
163
114
38
139
84
148
93
58
29
6
204
233
129
197
236
252
48
45
