51
81
51
51
51
214
51
126
176
114
176
81
176
94
111
71
126
81
81
207
112
81
41
93
126
176
51
44
81
181
163
151
81
87
204
199
229
163
213
87
242
176
24
47
69
81
135
50
148
96
130
87
89
47
98
73
228
90
57
87
146
87
199
115
186
34
44
112
174
8
91
50
155
51
123
110
143
50
174
225
162
34
66
96
90
56
123
50
127
42
90
34
39
49
162
232
12
76
44
94
135
56
225
186
34
15
112
50
9
162
235
143
50
56
115
45
9
66
136
137
72
35
124
56
50
163
12
90
27
9
13
45
148
231
160
228
64
17
111
45
181
160
15
76
177
41
89
189
131
75
191
43
67
39
34
12
115
76
9
44
240
213
102
75
126
39
75
256
57
114
98
115
161
232
132
136
94
57
9
51
10
126
160
12
8
12
213
9
146
136
72
155
94
213
66
66
192
155
115
104
207
186
84
7
161
124
207
75
51
165
77
58
194
9
45
120
56
154
10
9
39
199
32
39
124
163
115
79
75
112
110
66
59
9
172
9
181
235
22
79
80
112
9
161
174
251
252
165
12
66
148
39
161
176
27
210
9
186
61
163
129
192
139
140
129
72
42
9
3
9
138
97
155
67
256
44
140
200
57
186
18
199
160
39
31
176
251
162
153
230
165
191
41
165
90
213
96
111
213
148
232
97
23
42
44
143
25
12
163
77
39
126
9
31
69
207
207
77
136
213
17
153
203
9
174
111
160
115
59
176
129
39
71
153
214
166
166
256
106
120
207
101
253
120
105
99
72
120
120
200
86
9
120
83
146
39
9
83
138
36
77
197
253
120
163
224
67
75
149
176
207
45
86
199
81
55
39
120
31
174
247
120
251
219
174
12
159
84
157
149
176
115
43
91
12
210
131
117
117
204
247
129
167
129
117
7
165
204
77
256
174
207
174
54
120
163
59
8
117
84
80
207
60
174
120
71
41
91
148
77
107
99
129
20
98
184
176
105
61
191
98
174
216
200
12
154
117
236
250
183
103
153
98
103
225
33
12
170
103
9
96
113
16
238
256
104
33
65
210
207
38
17
242
117
237
102
25
253
69
32
84
253
9
155
84
221
238
9
4
206
81
163
231
161
202
18
184
184
167
251
226
31
247
62
116
12
122
7
8
172
14
222
214
59
217
66
67
72
81
172
137
48
104
167
133
163
211
38
224
17
188
84
254
196
105
221
143
214
74
122
249
87
90
34
159
167
108
163
179
163
17
249
18
202
83
9
31
249
143
43
31
122
249
81
155
115
84
148
99
87
249
43
249
239
166
66
243
224
26
74
98
207
107
209
194
162
23
9
9
87
58
99
199
165
122
120
66
23
120
161
172
213
81
129
120
90
231
104
174
107
167
94
249
211
155
172
39
43
161
213
161
133
58
23
230
37
167
34
148
25
138
126
5
50
23
199
87
129
138
185
112
229
213
204
81
252
50
65
140
230
207
176
199
87
56
83
199
52
246
199
172
87
203
130
210
87
198
110
57
217
26
42
167
221
12
186
29
154
84
87
154
217
199
102
92
199
237
213
210
197
129
121
230
213
86
210
165
249
139
66
203
42
184
160
99
12
110
120
239
117
105
172
26
243
207
199
255
204
7
92
29
193
182
206
206
9
166
54
167
216
94
31
174
159
249
172
23
174
204
213
15
180
236
45
217
45
251
120
230
139
204
43
186
213
48
78
155
222
236
206
206
171
104
9
233
199
42
42
70
57
111
92
202
54
252
237
123
25
48
188
161
205
236
230
7
186
210
44
72
99
233
120
243
148
29
157
72
131
174
120
94
167
188
251
157
139
219
190
61
255
23
144
221
167
255
157
72
94
233
169
198
110
92
249
26
76
186
249
62
53
233
202
210
194
148
56
15
45
207
156
197
36
231
111
84
72
249
198
61
249
15
99
206
50
45
230
222
252
12
99
248
209
225
15
193
42
255
4
35
249
255
182
81
98
167
190
210
178
233
256
89
186
92
210
198
157
206
13
36
197
192
167
186
157
132
42
232
158
210
193
233
230
4
161
215
120
236
255
21
76
29
92
168
210
139
255
4
84
142
125
228
210
167
157
164
210
139
116
255
99
163
233
233
202
152
48
4
205
236
68
133
5
109
24
159
63
192
139
210
4
167
245
86
221
48
167
184
167
15
233
183
133
156
15
218
233
255
101
139
133
233
156
185
45
10
153
142
210
63
101
249
179
213
210
71
57
45
72
4
53
35
210
242
12
202
45
119
76
120
142
197
15
167
188
231
45
180
159
256
185
82
133
82
249
188
21
232
185
210
56
15
72
15
89
63
170
4
4
184
158
158
56
244
45
15
163
210
68
20
82
29
184
213
163
7
193
255
252
210
116
133
186
23
233
203
210
170
210
210
70
82
210
213
99
168
232
256
210
23
210
76
210
157
167
210
252
202
163
56
158
170
133
23
210
173
56
210
163
210
73
210
218
