128
90
58
90
229
7
108
71
97
208
84
208
146
90
71
231
58
81
164
87
169
121
89
84
36
146
65
31
208
31
106
208
76
208
146
65
248
183
121
20
97
208
252
58
58
74
186
121
186
208
208
74
177
177
231
167
225
252
54
54
244
225
54
54
150
153
177
248
54
58
110
169
20
65
22
101
22
186
21
225
208
208
146
236
54
20
22
21
143
65
146
225
110
206
93
17
252
54
246
203
13
54
146
140
231
73
177
128
164
112
244
231
164
93
253
206
93
151
180
122
150
151
133
219
54
4
127
248
67
92
133
125
25
76
92
143
251
164
118
140
24
181
253
151
92
125
92
92
188
93
251
118
118
234
92
125
58
106
204
175
125
177
92
128
175
52
110
127
128
92
251
74
188
112
181
92
127
234
125
213
65
197
22
251
251
67
181
76
251
239
4
125
243
180
247
4
127
4
251
122
206
219
127
133
25
242
242
92
239
54
29
92
92
239
138
165
188
54
92
92
92
182
92
213
145
186
87
251
251
74
127
134
74
213
112
74
239
94
125
94
140
186
251
81
125
125
239
81
140
85
77
74
134
81
166
65
67
246
251
169
153
176
92
239
125
125
211
18
125
125
68
42
153
74
227
143
201
92
176
201
153
170
125
153
74
225
110
18
130
227
26
243
113
42
153
39
227
4
122
186
125
239
25
153
145
110
81
166
242
18
153
239
4
225
251
140
251
94
89
225
176
77
197
248
58
251
103
133
205
214
140
4
239
169
102
87
216
94
123
74
204
18
139
74
180
140
242
204
153
246
253
68
239
153
39
127
74
217
28
25
159
251
239
225
87
74
242
175
216
84
140
204
140
58
77
39
55
210
221
169
169
200
204
253
55
77
92
74
242
74
221
52
75
4
4
15
248
98
242
140
74
201
186
131
74
125
4
200
253
74
155
74
216
169
169
217
251
58
74
92
131
143
207
239
170
26
88
140
251
89
11
81
153
253
242
74
154
239
201
253
65
153
210
158
24
170
93
14
11
248
98
251
125
213
214
134
153
153
111
3
92
214
242
58
225
101
64
113
46
28
216
217
56
210
74
74
125
68
92
103
243
153
103
216
140
77
251
143
201
242
133
170
112
252
99
98
142
4
252
11
165
74
98
134
216
102
251
99
17
216
214
154
17
153
174
225
170
111
251
147
157
25
92
251
91
25
159
217
74
177
74
134
200
242
4
11
251
19
92
18
236
92
85
140
74
125
110
34
120
17
213
159
93
210
251
26
248
106
74
19
125
249
153
76
99
173
15
241
252
125
251
225
15
217
147
242
214
134
58
58
6
101
214
28
239
251
93
210
125
225
58
94
210
126
17
3
204
199
11
102
251
143
241
99
114
93
102
105
219
214
174
223
106
9
176
109
139
56
9
61
215
215
139
78
179
74
197
231
19
92
225
134
27
98
36
94
225
153
176
243
46
101
133
81
93
159
14
134
190
125
198
159
159
96
174
102
208
111
66
9
122
9
241
141
153
212
93
9
254
94
210
92
213
205
138
66
219
84
170
65
253
154
34
219
94
144
99
206
125
98
141
79
149
10
72
84
85
210
174
174
74
174
40
117
26
89
217
153
26
251
11
125
134
239
43
135
9
139
120
216
124
179
240
7
216
56
216
126
208
145
94
80
15
240
99
228
89
194
170
9
231
254
3
211
114
174
39
225
172
77
63
255
254
37
92
178
85
151
240
26
210
174
94
61
174
254
207
125
61
145
142
207
64
117
210
26
216
89
104
230
99
19
255
180
175
254
174
31
136
74
118
66
75
16
175
83
19
9
58
183
172
176
58
4
63
86
99
58
174
9
224
189
8
255
85
120
99
221
63
68
124
120
222
122
176
39
53
99
216
9
4
202
132
17
218
104
171
240
145
254
144
160
254
51
178
238
81
229
71
134
117
205
198
199
216
58
218
162
138
94
85
162
173
72
90
174
61
199
111
174
51
104
103
255
129
59
200
99
91
216
166
212
173
102
96
116
254
213
181
53
200
220
115
173
67
9
199
90
172
205
119
203
65
221
223
167
46
132
39
22
128
57
21
51
213
91
134
174
192
237
34
56
244
243
174
117
182
169
170
9
25
225
71
188
200
26
72
61
122
75
95
181
128
202
152
135
12
34
207
69
237
138
69
122
45
3
237
162
223
210
169
252
85
155
256
86
132
44
111
174
50
29
19
4
199
174
94
198
232
158
170
141
236
164
173
252
200
9
231
69
139
83
173
225
65
164
19
226
102
29
75
39
120
200
253
174
201
145
238
218
117
15
155
104
39
63
4
26
252
133
210
253
24
200
147
132
133
154
238
103
170
42
102
72
227
26
216
197
252
122
103
159
72
95
155
174
56
72
163
73
179
111
63
164
231
142
105
127
44
104
99
247
173
109
134
147
193
69
214
179
211
214
193
122
233
99
188
197
25
122
218
173
112
69
197
103
19
167
151
99
174
131
133
56
188
42
108
91
72
161
99
46
59
236
218
233
219
111
252
216
40
44
247
99
198
197
197
210
22
233
105
233
218
169
80
193
63
78
199
255
198
186
252
73
232
56
101
167
155
198
205
197
227
224
169
194
10
155
103
155
197
213
9
111
163
52
117
72
155
155
