186
243
195
89
107
225
29
106
84
184
145
64
237
33
108
65
50
190
140
243
127
105
30
237
29
166
70
201
167
242
108
11
127
55
217
175
251
164
249
96
96
240
170
17
90
70
95
160
71
106
112
196
236
208
70
184
172
65
237
90
210
196
112
95
130
101
12
194
96
112
34
199
205
70
208
203
110
34
31
55
65
199
241
101
249
34
121
167
237
170
50
65
237
12
233
116
38
180
34
253
249
238
201
195
140
11
158
34
190
190
13
34
34
239
17
239
46
106
69
171
210
231
181
15
112
154
248
151
50
15
228
44
97
129
98
248
70
220
5
116
102
14
238
105
96
240
7
151
201
252
219
248
11
85
91
32
103
130
190
142
101
250
104
228
22
134
176
22
11
250
241
15
54
145
239
220
79
219
13
253
62
112
96
50
172
147
253
179
38
127
126
248
96
15
111
240
238
145
34
70
187
187
76
219
76
26
180
91
116
38
192
190
95
248
201
199
5
236
220
102
56
37
34
106
13
93
248
79
111
145
228
46
19
210
167
15
241
126
112
222
185
235
79
156
93
30
96
86
147
212
96
71
127
147
6
154
46
156
64
147
126
222
142
101
243
15
147
46
147
241
31
252
102
248
189
233
147
237
84
239
96
38
186
22
235
38
248
102
101
156
50
15
14
241
148
220
8
50
81
219
44
252
2
14
96
42
242
175
242
79
156
67
5
71
30
219
207
15
180
187
142
238
95
175
90
241
163
233
157
44
21
38
137
140
201
11
237
69
57
42
24
24
57
195
145
237
79
22
235
103
163
192
14
69
230
187
147
55
179
90
187
116
30
142
147
248
93
102
70
59
27
90
77
157
65
50
15
46
101
11
170
147
55
151
90
187
186
95
21
134
76
163
70
24
101
247
46
15
73
8
34
247
111
151
163
94
142
84
230
15
134
192
76
194
134
38
181
242
111
211
164
126
101
201
230
96
192
15
2
24
15
111
15
90
121
253
235
248
15
240
135
91
34
154
165
28
26
85
210
228
220
201
252
120
10
179
175
180
104
24
2
2
177
106
13
247
219
116
169
170
163
70
44
134
76
138
116
37
106
254
172
248
230
151
90
71
189
248
190
57
5
237
26
180
12
126
200
129
142
237
90
235
253
90
12
106
157
89
5
253
248
91
28
15
170
25
12
210
248
151
111
247
34
247
249
108
165
104
252
235
99
73
134
142
151
147
75
73
9
90
233
75
77
101
116
252
57
2
242
235
128
101
101
236
164
2
201
46
201
38
238
218
2
14
128
252
248
156
134
134
148
235
5
41
134
237
90
175
66
116
26
50
104
30
200
149
10
250
38
238
235
103
5
164
142
15
171
104
11
76
57
28
220
164
237
73
115
116
174
179
46
61
44
242
247
254
201
196
137
137
130
181
183
38
95
7
36
238
27
172
61
191
15
91
146
2
248
149
90
57
104
63
172
163
61
151
210
248
243
233
57
136
101
44
196
98
175
136
247
122
116
113
44
255
179
96
242
247
174
179
57
137
250
138
104
183
237
83
97
190
27
192
128
70
9
89
61
150
247
148
11
101
147
248
110
15
201
10
104
27
73
137
57
8
180
134
253
104
61
102
192
77
134
15
58
214
105
12
172
253
235
95
207
26
145
29
50
94
86
206
217
187
235
27
37
236
196
218
179
133
196
252
160
29
101
38
138
125
201
237
154
163
15
63
187
15
147
38
15
69
71
184
34
29
235
57
81
63
58
122
190
243
122
167
237
256
158
74
201
65
171
101
2
65
46
104
15
134
122
195
116
201
62
142
52
215
204
6
43
148
190
179
168
43
56
70
233
73
104
163
187
105
163
134
237
218
147
150
167
5
141
201
155
64
163
151
134
95
189
34
179
203
57
122
235
56
120
70
242
38
142
81
85
6
65
174
248
216
211
104
168
235
83
134
247
255
179
151
179
147
104
192
134
135
233
116
170
8
216
180
125
34
167
248
233
237
163
29
190
63
248
144
5
151
158
240
167
172
56
122
180
15
201
179
158
221
256
53
9
46
81
248
9
206
111
168
174
10
21
180
140
22
91
14
64
252
145
81
172
136
101
117
15
81
158
14
70
216
24
104
87
216
63
107
218
104
154
189
145
127
81
2
99
17
247
214
179
46
179
200
248
14
90
57
11
147
168
108
44
139
61
163
127
101
119
157
46
228
21
247
52
214
46
102
127
138
247
41
21
116
116
27
243
64
96
144
32
97
216
201
246
247
214
41
101
190
104
239
236
148
26
75
196
46
247
166
154
127
57
142
242
33
41
122
148
161
253
101
187
29
116
151
214
216
241
103
35
214
129
197
30
15
101
79
15
116
255
15
165
134
215
154
175
184
89
61
248
214
38
64
57
149
37
212
182
24
15
241
237
187
147
58
171
216
171
232
122
172
2
134
238
15
190
46
247
15
247
256
101
26
62
17
63
101
237
53
167
236
121
134
134
11
164
148
158
190
57
44
163
22
121
216
256
101
91
246
29
154
228
195
60
121
75
163
179
190
226
163
247
219
56
236
38
63
109
148
10
29
247
172
15
210
50
229
101
232
216
159
247
249
104
96
84
15
49
211
233
27
97
101
247
55
89
46
214
125
70
46
116
116
210
116
226
190
215
211
79
179
179
142
87
235
252
255
145
170
231
231
228
127
179
196
231
148
226
15
117
85
179
163
238
199
227
247
216
193
156
216
49
15
147
101
10
15
116
212
63
121
46
247
122
133
210
232
56
2
184
216
130
233
251
255
174
181
52
143
247
187
187
167
148
163
148
93
15
205
167
91
219
62
73
243
79
163
90
147
148
169
195
52
125
85
82
224
2
38
12
205
196
200
46
111
158
237
155
29
200
57
210
216
167
193
255
179
167
134
17
101
119
30
132
116
252
139
116
247
179
189
102
221
210
38
43
198
189
228
163
179
10
105
216
238
228
216
229
247
179
46
10
216
58
199
116
187
247
254
142
163
101
124
104
141
12
29
139
154
15
234
82
70
163
223
15
45
179
218
233
65
12
212
148
233
179
184
2
58
58
137
139
70
135
132
63
187
30
216
145
190
210
148
101
200
54
17
193
2
248
54
47
1
179
12
23
124
70
142
116
46
234
247
148
10
101
30
193
45
117
186
46
57
218
115
142
193
193
55
134
137
194
126
216
253
119
101
222
93
122
15
37
205
133
139
24
82
23
167
169
122
254
46
16
139
154
139
254
45
141
119
101
116
133
193
148
73
124
46
116
78
192
139
58
255
116
148
158
62
82
27
82
222
179
55
37
14
228
57
46
116
129
233
137
234
90
137
248
163
93
240
15
25
27
118
193
116
194
82
193
193
102
142
82
187
193
210
255
116
101
193
15
179
231
247
102
241
205
148
234
198
222
210
101
179
101
205
38
193
193
46
248
233
12
102
119
227
236
179
13
179
46
254
193
193
203
73
193
56
163
193
158
132
139
180
101
135
193
193
82
101
157
167
234
43
58
101
15
179
104
193
73
139
163
82
70
53
119
104
82
181
148
139
149
133
139
233
156
179
89
210
75
48
82
19
227
193
19
82
139
20
191
82
193
20
47
193
82
238
101
218
82
148
78
46
116
224
63
234
193
255
193
247
247
245
167
158
53
101
149
179
234
191
87
20
181
247
247
234
113
110
82
181
191
48
193
58
246
19
193
227
193
148
193
116
255
198
82
210
133
107
101
48
210
131
57
252
193
158
233
218
205
57
25
158
193
218
255
191
230
82
82
82
58
254
139
52
247
188
142
116
181
40
119
69
254
152
133
48
66
218
216
46
82
234
255
210
191
179
65
218
255
114
139
107
198
116
237
158
149
191
158
234
193
179
191
191
210
48
139
116
116
158
47
113
244
88
256
152
139
152
89
119
17
234
43
191
40
58
40
