73
84
162
55
230
209
29
162
55
59
29
59
150
84
209
146
162
205
3
245
84
162
29
84
164
3
52
84
150
84
58
203
164
84
84
95
7
140
25
164
245
164
104
104
58
98
166
252
95
138
164
186
121
146
164
7
112
58
84
104
25
11
135
135
29
91
11
138
87
87
95
143
209
190
121
11
25
223
75
204
162
231
29
205
202
27
29
87
231
66
204
104
91
10
95
104
112
11
104
87
204
204
137
204
137
52
231
84
138
95
134
128
3
231
190
210
190
63
164
58
65
236
249
66
215
87
221
84
249
186
66
204
206
95
210
104
231
235
190
204
67
104
215
104
205
11
95
11
231
139
170
138
204
165
95
21
231
80
71
183
183
165
209
29
183
84
75
29
17
190
215
11
92
208
252
161
25
52
17
59
165
202
206
104
87
95
11
69
115
104
205
215
95
27
26
18
183
247
69
190
81
243
143
229
215
174
210
81
215
183
59
69
104
104
231
212
154
150
26
11
17
135
11
165
182
45
104
214
74
67
17
138
138
74
11
186
253
162
63
247
244
66
150
184
170
235
58
75
215
104
161
29
67
190
79
190
209
214
162
159
29
45
88
80
88
193
205
184
242
210
66
215
172
213
182
91
88
45
190
163
209
63
213
104
135
123
29
16
14
166
205
174
110
63
215
228
70
72
49
95
63
11
225
66
109
150
95
251
104
72
163
17
116
104
140
225
163
251
66
150
161
97
256
161
206
64
28
216
204
63
135
171
247
17
135
183
132
13
45
104
164
204
67
95
109
237
214
208
18
203
225
110
25
239
160
138
225
106
28
106
67
215
25
190
29
59
127
9
176
247
247
67
228
132
209
144
49
183
165
88
190
183
11
229
139
88
136
18
160
78
154
205
162
106
229
102
84
206
122
58
58
104
244
13
67
235
174
104
207
139
70
84
190
69
95
97
59
10
72
165
251
174
109
70
225
91
52
139
163
150
209
42
171
149
225
102
8
69
229
207
256
15
72
182
64
25
55
64
95
183
225
141
225
93
142
25
109
132
142
80
139
70
215
93
222
87
146
225
192
66
255
243
202
109
42
52
174
190
80
10
97
95
153
25
84
213
215
95
58
213
109
65
243
18
132
216
72
42
14
216
130
205
54
192
182
51
213
213
93
238
158
95
73
147
173
199
128
183
9
121
242
128
29
84
7
243
218
29
255
104
115
172
93
235
199
213
204
9
105
57
70
251
231
18
17
232
39
10
253
202
247
66
243
131
235
157
49
19
116
163
80
128
29
213
52
199
157
192
17
17
137
91
9
207
108
46
158
233
23
229
72
237
222
216
205
255
81
251
172
172
255
48
190
190
70
172
108
48
120
226
163
163
102
15
96
120
58
207
14
208
233
185
172
52
251
19
252
169
91
182
180
145
163
202
32
255
19
66
11
59
159
38
18
180
33
66
226
145
62
174
250
36
183
66
157
67
225
15
18
131
33
120
59
120
238
122
29
29
120
59
247
162
6
29
29
29
255
11
171
167
38
32
6
213
116
57
32
207
162
9
195
25
146
25
52
87
52
94
216
172
143
143
143
33
29
29
52
82
128
143
166
213
33
18
28
211
250
29
250
121
239
255
255
172
66
9
141
21
243
76
180
15
50
34
87
52
204
184
52
6
213
232
116
73
226
138
49
6
153
207
163
10
239
242
232
213
49
169
217
114
255
42
232
65
21
120
23
142
58
69
210
6
227
50
209
146
199
135
24
52
102
95
216
193
9
132
24
21
243
49
255
49
202
101
23
25
49
21
139
141
163
145
148
57
44
38
153
148
251
9
115
213
147
33
218
135
25
202
21
21
120
104
104
104
93
176
139
239
142
255
115
29
255
247
94
94
122
163
69
193
241
176
255
33
216
168
24
227
12
215
33
52
60
44
216
216
101
139
213
125
193
94
39
255
233
104
184
239
177
97
73
210
104
60
97
73
176
141
135
163
27
255
163
163
204
193
1
93
121
193
21
11
176
149
163
225
176
19
97
79
73
203
139
164
213
77
52
39
15
218
255
73
25
135
159
98
64
163
104
158
91
139
185
139
52
29
207
21
104
37
49
60
224
142
158
104
158
207
67
207
99
158
158
210
163
81
104
158
163
73
163
58
247
30
1
191
104
225
213
139
112
210
241
163
45
104
132
