149
105
80
166
12
31
240
146
25
237
11
97
131
149
12
143
135
135
64
31
223
128
176
128
135
59
84
38
62
230
176
138
204
204
135
13
84
176
240
178
52
232
84
80
29
52
252
33
166
30
184
52
84
42
146
85
38
62
178
146
26
32
80
42
164
33
102
73
228
123
32
176
186
145
39
146
77
62
146
123
215
135
232
26
39
50
256
26
32
45
76
80
44
135
91
77
62
147
111
220
220
187
149
172
111
209
149
252
111
178
220
26
61
80
133
42
202
84
6
248
3
123
127
209
145
39
176
145
123
220
88
62
42
146
3
117
148
96
80
42
189
145
38
52
73
220
80
162
116
120
111
84
222
84
73
170
146
3
120
145
197
120
43
76
142
237
203
220
146
35
73
221
120
84
115
91
52
232
62
189
12
39
220
239
148
2
170
84
192
202
148
31
157
148
34
115
84
104
174
39
58
110
239
197
197
104
133
216
145
105
213
110
39
74
94
105
213
126
182
213
23
252
256
110
56
27
58
115
217
39
148
250
62
25
10
219
179
53
64
109
76
84
46
57
84
228
60
63
232
69
69
146
135
215
213
178
91
60
73
185
133
157
14
21
73
179
105
166
157
146
7
197
184
148
54
86
120
171
80
99
242
64
157
14
237
161
120
101
66
73
104
247
163
149
161
182
99
163
159
196
190
204
238
23
53
204
189
69
184
70
29
207
237
184
242
1
148
175
64
178
232
82
157
178
82
84
149
211
195
1
99
109
235
149
85
73
26
220
85
76
213
111
184
85
230
32
247
206
190
31
56
159
17
82
106
20
50
31
76
11
202
56
105
76
145
148
88
106
163
52
50
130
76
85
57
117
130
52
39
20
197
72
85
56
17
37
159
73
82
11
160
163
42
190
159
72
157
184
149
117
48
178
194
85
20
86
120
197
230
121
84
30
50
57
26
219
50
54
139
94
219
76
256
100
31
69
85
184
256
26
104
157
157
42
44
240
20
184
202
56
202
76
157
139
106
178
187
215
249
44
72
85
85
56
197
214
88
214
190
256
12
183
214
160
185
39
69
213
163
178
155
148
151
115
133
146
138
214
157
25
106
148
72
249
202
256
190
104
82
235
219
76
62
72
249
190
210
135
218
157
32
157
163
242
159
45
157
56
161
85
155
242
163
163
106
85
52
178
120
50
210
190
148
150
202
178
76
220
85
190
161
157
85
228
230
77
80
249
159
134
82
133
27
186
189
163
32
213
56
232
215
86
73
207
163
104
237
157
45
236
214
120
215
77
202
176
26
26
105
159
256
56
19
161
42
161
163
214
77
219
72
163
163
155
56
140
232
120
25
44
240
94
157
159
214
163
214
214
159
12
85
42
85
155
149
76
42
131
218
157
232
60
160
20
170
157
32
249
249
240
161
247
85
39
120
140
73
232
189
159
52
163
157
157
106
31
213
199
204
53
162
86
62
218
213
56
45
166
56
217
56
131
19
91
215
45
145
84
163
44
161
157
85
12
12
237
215
157
44
215
104
163
53
155
52
157
189
157
161
48
148
64
133
159
157
23
45
137
104
15
110
155
86
161
27
15
249
148
232
133
157
26
13
157
135
29
20
237
149
219
202
99
218
189
85
53
84
161
45
163
186
79
50
56
30
167
213
190
159
159
56
160
135
163
85
148
155
146
230
48
105
106
157
157
148
157
161
48
201
148
157
157
42
39
56
133
116
42
45
236
237
56
85
32
79
213
42
163
157
48
163
52
115
202
202
159
86
215
72
159
82
23
161
25
50
27
72
249
155
31
25
133
192
26
202
42
204
52
20
135
236
230
56
190
213
67
157
43
115
161
157
157
155
52
57
78
163
214
196
161
146
155
56
86
115
72
251
189
218
159
230
88
67
52
237
157
84
161
52
215
31
210
57
163
86
128
161
196
26
163
232
249
161
161
74
256
163
202
157
57
161
48
75
159
148
69
45
115
157
159
32
133
202
256
25
140
196
157
159
236
189
39
3
161
103
29
72
159
86
218
81
56
161
159
215
155
20
42
133
133
174
157
159
57
255
249
1
56
222
190
133
52
157
223
215
115
85
159
214
31
115
157
42
161
232
76
161
214
213
214
157
78
256
162
133
42
157
163
86
157
56
52
155
85
249
133
157
69
42
128
57
202
158
69
45
120
214
157
213
42
202
189
133
81
57
159
86
163
158
189
69
247
252
199
157
48
56
42
176
202
31
42
189
186
196
163
151
202
195
94
56
157
157
163
57
56
56
88
42
31
73
157
161
202
32
213
157
45
213
32
64
219
133
230
157
157
72
91
52
120
10
85
64
53
157
42
57
115
157
25
213
91
115
56
148
220
236
23
157
155
145
148
52
55
241
15
159
76
196
213
170
249
45
202
214
159
133
249
12
105
213
202
161
225
186
89
102
170
86
101
202
134
163
163
48
45
196
96
52
85
213
202
204
145
203
52
145
219
170
133
247
56
159
155
85
225
154
213
56
56
232
120
42
220
12
170
45
49
115
115
106
15
42
45
192
116
32
213
48
161
86
232
133
163
42
73
159
45
56
236
13
193
236
189
22
218
170
214
240
48
155
157
163
45
45
133
214
23
26
239
155
155
26
45
56
148
213
213
213
27
23
106
148
163
214
9
96
56
159
42
56
159
213
52
155
26
115
215
133
149
52
110
161
240
86
155
161
159
85
115
110
256
52
115
220
256
116
157
186
157
161
213
104
163
45
82
159
145
190
76
149
148
25
13
157
103
214
23
86
155
25
230
176
157
214
106
178
134
214
32
214
77
115
56
214
31
42
91
162
115
48
27
163
23
161
39
72
170
82
26
45
111
62
140
202
214
110
26
56
26
85
159
161
121
204
110
202
10
10
49
238
240
148
19
69
26
157
12
133
214
106
159
155
238
202
189
161
202
176
64
48
31
202
230
150
159
159
214
82
133
190
26
21
45
249
189
213
169
115
256
55
104
86
174
163
133
57
158
210
52
26
189
218
91
161
53
163
91
236
39
163
45
184
256
157
88
56
84
213
174
72
202
26
106
56
53
157
232
45
27
44
150
238
213
52
77
72
82
214
120
159
88
72
23
157
86
256
32
45
117
189
44
57
56
157
220
15
215
196
230
184
25
14
26
213
72
218
256
158
159
115
232
78
53
117
157
252
230
42
159
210
72
44
214
86
45
240
213
248
42
88
57
86
157
23
84
50
39
170
134
213
155
45
155
249
53
213
56
159
82
157
115
86
56
52
192
48
155
91
25
252
73
23
157
26
120
45
133
230
213
163
163
238
12
213
189
72
39
43
56
157
245
26
33
76
249
186
204
72
133
72
230
214
232
86
157
26
53
30
176
190
45
115
39
169
157
26
232
72
178
155
189
12
103
72
161
206
157
88
220
157
115
45
73
45
210
150
134
155
45
56
149
161
134
88
219
157
35
192
12
134
204
133
86
12
45
29
159
26
15
56
10
238
29
159
189
44
207
115
159
255
42
159
184
115
157
84
213
45
52
178
221
214
45
157
161
69
215
157
72
232
199
213
56
178
23
149
44
48
150
163
215
12
72
196
45
91
157
134
31
84
133
86
31
232
86
155
213
42
214
133
13
45
23
162
12
42
162
214
157
215
31
230
56
213
214
230
189
45
53
252
133
214
214
256
77
101
45
189
13
238
163
189
202
157
133
117
44
161
197
157
169
214
38
184
213
133
148
86
189
213
133
163
12
73
133
56
56
196
85
189
12
193
12
56
172
57
23
159
218
189
157
82
155
45
202
115
249
56
213
25
215
110
25
161
25
207
105
45
157
25
248
214
159
52
159
202
196
157
202
161
99
213
25
86
199
215
248
72
157
133
157
72
85
214
157
73
230
159
56
236
133
39
214
72
86
215
56
232
157
133
133
94
86
42
124
56
157
161
202
23
163
202
115
232
45
167
133
56
213
