253
253
80
235
74
204
147
235
204
142
84
162
142
71
17
25
97
204
38
42
174
73
202
75
115
84
202
84
35
232
164
73
202
52
59
88
1
107
41
107
42
11
25
87
195
162
162
170
243
42
139
72
138
25
250
164
13
42
160
115
225
204
89
89
32
164
89
84
223
151
240
108
26
21
235
139
222
235
26
59
153
21
59
42
231
232
220
89
84
129
55
161
199
164
151
174
38
26
192
149
10
106
10
164
238
192
84
228
84
111
240
74
62
174
199
51
110
223
10
107
106
164
106
136
9
26
44
223
240
151
228
10
164
10
228
3
7
69
26
93
164
88
164
179
209
208
216
139
97
123
196
201
210
115
236
42
192
107
52
169
224
216
256
75
31
27
164
29
134
208
190
7
95
216
151
52
216
90
170
107
93
11
84
202
174
45
58
233
68
52
134
244
252
244
106
72
135
84
176
118
183
26
134
10
15
91
58
36
178
210
120
223
207
57
255
10
64
48
76
140
120
252
131
178
202
40
140
107
26
67
214
72
66
95
138
122
207
9
77
234
138
140
39
120
146
144
215
33
207
120
251
211
186
111
44
115
58
62
67
107
82
45
136
52
90
117
225
45
157
91
186
164
174
87
91
228
35
136
4
204
36
121
133
192
111
231
251
39
131
42
117
9
40
39
65
196
42
42
251
252
141
95
3
136
245
116
29
192
186
248
165
107
89
237
244
142
42
169
212
138
253
237
157
215
9
231
138
141
79
29
201
215
97
97
206
230
15
159
129
237
130
15
190
170
237
164
251
100
59
192
229
79
212
250
231
162
10
122
23
133
10
159
178
161
252
77
210
210
23
52
15
149
113
79
234
95
214
35
169
239
103
222
123
252
214
239
182
189
10
149
149
64
237
214
219
7
23
240
24
77
63
106
122
12
141
39
178
56
175
111
140
60
10
178
130
242
111
76
205
5
76
100
240
36
95
108
117
189
187
12
204
216
12
222
252
252
79
52
36
148
83
57
221
23
131
57
59
113
215
12
87
95
210
200
209
23
245
104
146
146
113
72
110
3
117
181
33
132
230
42
23
241
140
97
153
129
179
229
122
222
168
232
181
157
22
153
144
232
224
207
151
123
10
103
155
196
134
216
116
221
72
140
255
47
33
120
191
137
79
186
222
176
97
95
28
178
138
117
104
117
207
60
10
225
26
218
23
23
252
23
70
200
112
39
97
116
169
45
220
186
116
39
72
137
129
141
167
34
42
23
23
95
23
220
38
30
63
136
185
207
112
222
136
205
159
72
149
42
14
23
11
256
64
23
15
3
181
113
160
220
244
115
77
72
124
72
222
93
87
209
255
117
249
124
117
100
154
76
215
23
170
23
202
86
241
145
210
12
72
178
95
22
23
97
189
93
112
55
222
230
249
23
115
30
22
190
125
55
167
117
186
30
145
23
48
20
169
113
244
120
182
140
77
29
236
172
163
30
10
23
225
167
122
17
60
74
28
93
111
5
20
74
201
255
216
18
154
222
210
77
82
167
117
220
60
228
72
133
228
85
20
25
116
14
9
96
124
7
100
140
242
39
123
8
39
59
154
244
74
88
110
142
25
60
205
39
198
72
76
116
76
116
79
192
223
74
222
201
33
8
219
102
77
222
215
47
36
60
201
30
244
242
23
198
39
117
192
230
213
217
42
85
242
255
167
255
192
202
159
185
253
196
73
39
86
165
56
195
60
113
44
187
23
197
77
39
23
238
93
187
137
253
44
70
41
193
85
139
205
167
77
23
145
10
196
13
93
145
204
245
84
235
154
45
80
117
14
170
142
197
72
23
136
77
72
195
86
70
241
252
174
90
97
15
72
189
24
20
77
25
193
239
105
20
120
252
60
59
23
39
182
247
124
132
110
227
156
198
84
117
53
113
50
57
244
159
159
142
48
23
60
163
26
85
96
248
81
147
105
205
24
151
163
35
81
219
159
114
178
72
117
90
120
124
123
118
6
74
230
122
256
85
110
9
170
190
64
223
12
88
120
150
141
1
81
256
111
58
134
132
142
17
2
35
110
206
27
85
192
108
77
214
112
197
170
11
177
56
144
256
140
56
157
238
131
114
189
117
23
85
110
167
220
179
220
246
133
1
134
151
239
35
235
41
120
120
123
114
176
210
13
181
19
205
157
74
196
172
230
190
217
24
219
198
114
40
120
63
89
151
5
82
186
236
250
39
198
79
26
223
117
157
149
210
68
102
72
200
15
15
120
180
38
239
82
141
146
250
5
13
238
182
197
158
109
32
197
23
108
113
71
157
12
219
34
195
141
71
82
238
32
54
240
16
91
223
91
179
168
220
82
149
110
176
253
20
242
141
100
23
102
28
192
60
222
51
139
181
240
102
120
189
19
48
71
71
220
178
222
158
239
3
239
255
120
14
213
137
223
102
124
206
235
253
177
61
1
248
95
89
71
160
144
196
239
226
83
230
114
187
255
238
5
239
228
159
181
158
166
157
10
191
60
157
40
24
130
84
110
60
213
230
71
117
159
35
23
220
78
255
142
13
42
53
55
214
192
73
238
82
134
62
96
16
89
71
55
60
255
223
102
24
124
206
220
142
137
179
234
166
254
222
196
176
35
183
159
247
246
241
70
233
23
171
201
238
183
167
60
224
14
197
102
218
12
253
145
130
240
192
48
236
242
133
113
56
12
196
79
50
236
114
60
70
10
107
35
142
104
52
227
234
108
28
26
239
224
136
79
20
109
131
64
228
159
255
131
82
31
124
182
53
220
35
78
28
218
40
224
82
82
25
177
198
160
241
142
19
71
50
206
77
112
228
82
75
167
62
220
85
220
100
137
124
239
229
197
43
162
156
60
232
93
24
15
13
79
77
215
241
26
23
86
167
233
173
198
243
197
131
243
157
34
102
20
120
38
85
167
111
46
230
106
235
222
30
91
60
238
170
35
250
175
30
228
34
75
102
125
10
184
243
132
39
107
232
117
110
71
113
30
178
247
222
255
203
228
102
220
13
37
53
233
222
163
5
77
82
210
187
255
241
97
35
137
199
237
178
119
10
85
120
1
158
79
30
82
228
65
24
241
120
241
105
178
136
109
175
118
62
82
24
72
22
64
50
120
240
49
232
157
30
30
91
110
164
86
1
117
213
180
180
233
4
142
1
23
23
186
249
24
82
195
199
254
124
241
133
105
240
241
242
1
228
82
132
248
53
79
169
46
43
25
13
113
178
135
171
35
62
163
232
82
120
241
224
98
61
202
100
252
85
190
130
76
254
53
256
78
201
132
137
102
9
46
157
224
11
113
33
228
173
30
34
212
120
157
156
109
214
100
235
150
42
230
76
61
45
141
23
228
116
14
207
157
144
139
256
224
34
113
12
79
151
188
240
109
200
148
4
75
48
88
205
82
72
102
56
172
189
255
187
252
11
117
84
21
19
17
228
86
82
35
88
35
144
86
102
115
201
136
30
136
38
113
102
221
52
252
235
179
82
35
13
27
63
27
152
63
199
76
75
167
235
232
183
256
62
141
213
169
35
12
234
224
136
121
157
247
52
145
38
35
157
247
57
61
103
220
158
88
216
8
163
20
191
72
218
77
251
228
105
234
255
119
110
165
140
41
169
91
157
124
132
196
255
169
247
148
255
93
241
189
163
146
215
255
163
255
186
236
169
24
52
11
194
241
111
61
