80
80
59
7
243
165
59
165
165
216
143
128
212
194
194
127
160
194
123
17
165
128
51
150
138
206
203
11
143
84
143
206
165
64
10
181
123
131
172
128
144
211
143
138
75
154
206
154
11
95
143
66
138
95
18
211
172
114
66
51
31
154
97
243
186
31
121
58
28
123
186
21
194
66
118
66
136
143
209
76
145
151
75
48
231
151
145
16
168
58
184
11
11
222
178
66
16
183
71
112
3
29
177
51
71
230
29
79
172
3
217
118
216
79
29
80
208
71
109
29
29
141
7
71
79
58
79
181
114
222
59
9
138
105
178
154
39
216
146
50
51
105
118
76
95
206
105
71
28
243
211
73
226
166
3
193
174
95
141
196
63
9
105
19
51
94
196
39
237
109
172
145
245
118
7
222
17
105
63
15
63
220
145
4
106
226
109
206
200
228
132
63
217
166
63
151
149
141
51
165
226
66
63
9
220
26
118
154
143
83
36
39
177
74
63
212
151
193
217
236
120
217
217
110
129
4
220
63
63
123
99
211
183
235
128
217
226
197
55
243
243
217
99
154
165
63
217
217
17
204
55
246
63
147
177
9
55
242
78
168
55
172
208
136
50
242
164
197
226
217
118
208
27
136
9
207
136
217
76
177
62
99
99
217
244
81
209
150
209
249
84
27
183
120
143
207
249
143
164
73
178
117
207
254
231
208
213
105
217
36
193
118
215
138
138
184
138
42
97
198
254
29
147
176
204
9
176
237
25
74
42
179
230
182
243
113
219
65
222
61
94
208
15
176
138
237
208
44
238
45
104
230
239
219
208
25
120
182
120
89
150
52
206
23
137
192
222
183
104
233
154
75
26
94
137
104
78
121
241
32
25
11
22
150
193
11
11
128
27
147
120
150
89
172
201
247
42
179
172
182
188
237
141
172
129
112
120
25
172
245
158
206
84
161
150
127
216
9
53
44
121
42
192
75
151
204
192
78
120
193
91
112
227
84
112
145
66
103
213
184
6
129
129
193
143
57
245
174
252
184
129
245
120
79
134
122
96
232
87
54
198
28
29
13
77
36
92
93
195
163
122
226
252
207
173
132
126
226
192
249
116
252
132
237
53
142
134
112
158
193
227
82
173
237
181
130
115
241
9
184
124
180
184
15
133
182
179
220
158
22
191
206
99
238
157
137
124
1
207
174
124
173
208
63
132
164
31
252
208
141
115
201
141
93
184
19
49
208
136
82
241
133
158
25
118
173
49
19
237
25
109
80
136
53
120
230
109
228
237
120
124
25
118
82
133
250
43
65
120
237
184
132
171
132
58
133
118
237
252
193
228
237
208
237
77
53
250
256
237
139
208
132
108
132
184
256
250
158
132
29
228
118
252
159
136
238
252
237
32
57
237
133
130
149
82
202
132
49
65
252
124
82
43
182
179
70
43
146
