10
79
79
79
59
208
10
95
59
81
96
245
95
95
64
224
15
40
96
175
95
95
229
151
176
191
28
64
64
34
15
182
250
176
102
118
96
89
205
182
15
138
95
250
15
250
102
43
130
77
141
121
9
13
107
154
98
239
250
171
174
7
122
9
3
16
141
9
141
89
138
174
217
118
224
143
11
13
224
3
216
174
109
130
201
195
77
141
227
14
141
122
7
118
245
105
143
136
192
141
118
148
21
199
122
182
9
217
141
213
175
136
205
245
118
185
54
109
245
206
183
224
186
213
192
137
50
3
17
245
171
185
141
199
136
115
115
113
109
9
137
109
132
105
248
181
181
245
174
50
224
163
245
141
109
137
185
183
128
221
28
38
13
121
14
137
58
191
239
111
181
217
92
226
151
92
123
199
118
206
109
245
109
181
58
109
244
14
235
188
92
224
228
191
226
200
231
118
66
105
224
217
118
185
13
77
125
181
70
237
162
115
224
227
132
96
131
16
217
211
105
10
180
223
247
153
99
227
87
171
46
109
180
206
1
224
130
182
87
168
185
27
108
141
138
224
105
245
144
223
174
191
107
132
117
246
227
33
191
180
194
245
42
105
77
227
168
74
28
15
13
225
89
37
16
158
47
131
127
108
138
192
211
38
88
224
169
191
78
9
207
237
175
70
70
137
164
109
141
195
4
254
25
87
224
168
168
252
194
174
127
137
5
211
125
109
15
169
65
141
209
15
88
185
174
182
200
195
119
34
54
9
70
190
118
77
89
75
253
223
178
77
43
8
226
239
87
1
109
148
256
76
141
70
248
77
182
141
141
63
8
254
179
109
43
156
54
69
132
124
94
21
109
184
138
192
136
125
224
109
136
47
13
191
109
150
168
3
217
205
236
88
163
191
243
176
22
177
64
58
171
109
78
59
109
52
1
1
118
128
98
26
130
131
43
254
77
182
131
117
118
124
179
44
141
119
168
127
8
141
31
136
94
65
206
225
239
180
205
36
95
248
9
236
132
144
217
255
131
57
169
136
176
137
125
22
231
116
132
178
6
83
181
122
158
114
15
194
222
100
180
30
146
43
224
131
168
78
77
236
43
25
158
168
239
30
117
175
245
247
229
1
182
35
131
107
154
254
60
233
152
46
203
36
117
116
86
61
217
174
60
13
30
254
239
151
239
212
171
255
245
33
188
118
228
224
199
141
3
156
171
225
174
256
37
179
15
243
58
9
223
248
46
14
13
236
182
121
34
27
40
118
9
254
171
15
255
137
220
184
222
141
190
254
91
29
205
241
70
248
170
114
120
114
77
165
68
178
182
43
185
135
244
141
2
238
132
182
146
136
75
191
2
236
121
144
235
88
8
236
226
250
49
117
118
181
91
254
150
212
95
224
107
131
141
21
125
227
104
109
244
15
42
142
114
200
77
93
118
88
245
170
183
236
238
8
109
240
170
178
46
61
80
185
60
127
203
101
174
57
224
207
185
8
1
39
11
31
211
63
137
246
122
235
61
75
132
241
15
140
8
146
193
122
235
185
118
96
11
138
211
135
171
229
107
211
254
182
201
125
224
221
248
135
233
255
182
201
144
21
239
58
138
182
244
65
102
149
167
238
165
146
185
28
188
195
89
228
122
198
48
184
217
235
178
21
93
136
132
168
21
204
200
180
89
186
87
17
224
169
21
171
179
185
54
132
131
13
233
93
117
102
21
11
89
207
6
38
11
168
179
230
248
169
132
96
54
229
88
254
8
220
47
230
223
4
121
224
146
109
178
158
146
17
227
99
104
58
121
245
50
147
100
223
211
125
108
230
224
203
235
125
201
5
17
15
10
233
46
84
58
224
8
197
34
35
205
120
38
171
107
132
149
217
118
203
190
244
119
93
132
13
132
118
186
43
125
207
118
64
205
61
163
61
151
65
188
171
141
201
21
169
223
205
180
100
174
141
241
242
96
137
248
88
207
224
64
21
139
96
81
158
226
229
227
239
227
224
182
24
139
201
241
75
132
221
65
119
203
73
190
198
244
246
219
132
194
202
110
46
169
236
109
185
108
103
147
132
252
196
227
229
160
49
231
248
230
3
144
31
109
121
223
226
222
132
88
164
201
170
83
245
65
158
83
194
121
113
211
33
166
1
142
104
166
224
76
61
21
97
250
169
122
222
109
252
145
137
116
224
89
186
224
141
217
214
108
109
245
152
143
144
166
24
132
93
1
188
239
129
132
2
78
228
182
141
154
104
187
132
11
224
132
91
63
226
141
96
203
170
175
88
217
188
203
132
141
113
199
93
39
246
223
193
33
211
69
203
154
246
224
198
151
35
147
122
144
124
146
122
109
96
141
21
47
64
255
11
89
122
194
85
188
224
109
21
64
152
95
47
14
242
66
224
183
183
67
31
201
167
186
217
152
221
223
95
47
12
255
96
182
132
185
198
181
117
186
2
224
34
43
55
201
5
21
247
217
33
65
223
147
184
93
5
198
47
106
166
212
93
27
169
89
221
58
142
132
75
147
253
142
141
175
144
147
6
4
56
136
243
246
200
47
132
242
138
242
8
101
95
141
103
132
46
179
179
253
212
132
180
212
11
108
24
138
195
26
177
170
13
169
137
5
244
235
78
82
247
117
130
199
226
224
121
206
207
173
119
83
179
95
194
91
222
129
108
198
35
227
203
188
180
191
198
128
128
34
224
198
116
206
76
224
245
142
130
144
78
224
45
177
246
88
83
96
142
223
13
223
224
245
122
108
32
169
52
244
236
203
133
25
109
224
186
212
34
108
222
149
108
109
198
45
186
132
128
242
239
5
147
43
36
24
58
61
106
122
199
224
181
121
35
15
203
15
63
15
71
152
169
251
192
113
83
244
182
76
169
10
237
6
225
200
195
89
197
169
47
130
244
254
21
141
49
142
2
70
61
244
4
160
245
31
222
121
74
21
224
223
136
88
46
144
16
15
35
223
203
47
253
181
113
175
188
34
1
169
246
108
95
10
108
8
137
237
66
212
120
138
82
69
109
88
256
198
6
70
5
95
135
246
168
135
154
61
241
205
141
138
78
255
109
230
221
182
200
224
172
65
195
209
13
212
224
141
180
227
141
187
121
179
227
256
35
243
224
222
21
244
100
10
21
245
24
120
32
78
185
133
139
121
17
198
130
130
240
227
142
61
227
246
78
186
45
119
250
205
89
96
241
245
5
73
10
240
222
244
219
49
182
224
152
169
70
6
240
145
63
132
181
159
4
43
227
230
246
35
128
181
128
224
35
212
102
95
169
212
31
35
88
149
78
223
201
47
47
34
182
144
140
103
163
180
244
49
144
170
181
221
95
119
175
182
169
223
185
233
121
39
47
159
227
206
69
137
59
179
108
169
147
58
185
199
255
202
66
182
167
227
67
118
107
240
145
145
103
121
95
188
35
240
154
75
118
179
224
187
130
199
73
62
60
227
212
89
218
199
179
144
15
35
137
169
58
241
224
119
253
46
15
227
222
93
223
88
132
182
125
224
57
116
27
64
91
61
163
243
47
121
36
141
227
250
101
141
181
47
144
190
58
93
169
154
169
94
238
203
118
108
168
95
235
246
250
229
83
218
79
124
59
227
109
230
49
130
118
186
169
98
241
227
238
175
95
4
116
158
65
246
4
169
65
133
130
182
10
91
234
65
5
244
241
102
116
76
63
224
141
253
182
238
69
163
47
136
205
179
225
164
47
116
145
144
188
83
169
227
234
180
168
83
127
227
39
78
209
246
132
179
195
182
195
191
75
64
224
184
88
169
195
193
250
224
170
202
157
47
227
141
87
148
128
159
131
189
151
221
141
5
108
95
221
246
227
58
38
246
224
221
21
224
58
198
227
107
224
207
175
168
68
158
128
199
141
78
15
91
181
246
246
202
184
224
141
125
68
