231
166
186
138
176
138
81
138
138
162
166
143
194
98
143
98
115
55
214
162
186
176
115
98
162
22
165
180
81
160
115
115
84
209
71
115
160
195
214
115
158
162
162
113
21
221
202
177
87
76
51
150
110
151
177
191
74
51
177
51
151
105
225
27
162
177
71
242
7
25
73
51
232
203
223
177
71
89
59
27
52
153
62
40
180
51
153
115
67
26
170
98
31
195
60
202
45
170
213
194
143
32
143
27
115
157
214
165
194
7
176
140
178
115
232
172
97
147
231
73
52
84
26
197
208
145
84
145
204
27
225
240
202
36
29
9
62
86
164
73
91
176
7
73
208
115
162
32
203
164
61
28
172
27
52
213
41
143
9
202
202
25
83
99
123
160
164
242
223
39
197
194
169
176
157
58
242
242
191
203
176
170
160
203
230
176
256
164
40
242
103
191
256
231
146
186
151
194
75
9
147
143
84
7
84
197
242
121
83
84
40
170
176
25
59
25
17
256
146
140
52
254
166
40
98
230
203
256
176
164
27
84
75
239
225
203
208
170
40
31
161
84
164
72
72
98
170
166
162
84
7
27
157
220
225
202
192
202
202
161
191
166
115
22
153
203
202
34
161
159
236
256
256
202
62
125
47
223
115
190
27
25
213
166
115
140
72
166
75
146
187
84
246
222
113
51
176
147
161
170
244
99
191
194
149
125
143
120
140
162
170
176
202
72
127
126
71
256
71
191
25
202
34
22
201
29
115
146
7
73
22
7
196
51
40
72
77
249
162
209
243
7
50
149
244
31
72
77
72
166
128
177
213
208
74
48
225
197
98
231
256
105
244
237
157
91
243
232
48
14
98
225
231
243
125
36
244
52
122
232
130
126
36
240
56
161
251
73
231
88
48
126
77
214
128
61
204
161
76
27
140
176
156
209
202
150
91
89
25
157
36
159
218
25
162
89
151
140
99
163
73
242
32
212
73
232
114
99
89
177
157
230
202
117
48
17
159
126
75
152
3
89
208
126
141
62
184
29
155
12
36
3
72
153
159
112
54
14
253
232
130
202
149
98
52
62
253
204
256
161
50
34
112
209
161
114
212
214
150
243
76
160
50
149
254
51
256
92
125
7
72
159
239
176
244
20
161
156
133
72
7
214
162
54
251
214
204
157
220
154
113
202
159
98
71
98
244
159
151
98
7
200
159
202
66
175
67
218
225
20
213
202
162
115
115
161
115
208
98
112
161
77
202
53
199
159
50
155
165
98
160
157
220
72
50
50
89
32
249
34
181
86
72
202
202
224
90
249
240
161
157
45
137
23
45
16
7
10
127
45
125
72
132
161
48
161
157
240
154
201
253
181
48
75
244
27
159
61
248
87
48
197
141
165
132
16
256
52
25
242
214
72
160
145
115
251
242
249
151
213
239
213
136
145
53
123
162
140
77
177
209
54
157
129
133
149
248
107
61
213
75
16
61
50
238
73
98
160
72
234
190
156
107
78
64
222
72
191
84
20
34
229
182
112
170
107
213
190
72
15
163
219
157
182
133
248
177
81
228
64
139
32
81
204
236
232
182
151
255
177
165
161
210
162
37
41
70
181
165
191
251
59
251
115
107
202
36
40
86
228
182
4
59
131
31
198
31
72
251
231
163
214
213
163
197
255
141
74
254
204
184
210
62
214
18
65
107
161
77
56
204
161
52
203
113
131
72
20
182
50
86
72
208
178
251
252
118
253
227
52
50
50
125
239
152
224
252
163
133
227
7
224
78
118
161
38
143
59
201
107
3
118
106
225
86
143
190
119
253
23
62
246
52
165
123
58
244
191
218
143
75
225
239
62
190
28
172
122
210
148
239
62
148
202
214
150
148
132
224
75
58
71
7
111
62
23
82
125
78
68
50
182
152
65
234
254
148
215
239
62
78
75
193
62
194
118
132
45
45
95
95
58
17
18
18
148
152
20
244
52
50
191
107
40
7
148
198
113
133
75
5
191
220
141
145
206
251
74
125
125
244
206
125
95
254
20
125
37
125
139
6
231
133
125
239
40
96
134
62
133
210
209
202
139
220
206
152
152
74
208
152
106
125
152
197
159
242
86
163
56
255
1
56
26
45
182
152
133
226
125
115
116
69
