176
114
114
114
88
129
204
176
127
236
127
114
177
129
191
63
66
126
88
127
239
88
239
183
177
177
88
182
212
239
194
64
194
71
212
17
225
177
185
178
129
183
250
112
127
225
210
225
175
56
113
149
77
27
36
126
192
17
3
174
113
95
235
183
183
71
208
235
14
103
145
127
182
21
18
36
95
81
225
15
35
235
132
177
153
203
177
118
88
230
126
98
98
127
178
143
37
98
187
244
73
138
250
183
211
10
208
228
174
216
220
248
154
216
254
182
154
190
116
134
206
36
18
196
38
196
126
220
191
243
208
184
77
165
165
183
248
229
113
3
181
15
52
149
244
184
77
135
191
199
192
52
72
144
76
176
185
88
187
6
88
36
36
114
184
250
186
27
248
39
240
113
134
133
228
183
31
208
82
97
215
217
106
165
235
178
250
52
47
170
98
192
32
67
113
61
32
133
118
250
137
183
102
199
36
83
171
154
243
220
15
73
124
235
184
42
177
116
131
248
123
21
176
15
105
192
182
178
5
184
238
192
199
17
75
27
25
3
6
225
22
174
126
9
175
184
171
250
42
71
18
176
134
71
156
183
97
177
149
73
57
74
67
97
31
235
116
77
215
47
60
248
76
71
44
252
192
64
39
195
229
72
139
235
156
75
47
77
69
184
177
79
215
184
126
12
201
102
152
235
26
136
52
6
135
126
6
86
184
124
139
35
73
61
83
155
116
158
199
221
64
15
108
87
163
212
83
145
226
147
103
77
183
174
64
126
147
79
195
32
32
85
117
132
176
76
136
77
236
77
196
44
76
184
96
252
96
144
6
73
15
44
76
238
62
243
47
122
165
122
21
235
185
85
236
137
5
71
97
105
149
183
235
126
139
177
126
69
64
5
75
165
195
184
40
88
216
187
13
85
177
86
83
96
54
42
134
60
187
168
40
114
183
32
90
25
235
149
156
235
139
184
139
214
82
18
252
126
187
184
81
92
185
171
41
123
9
52
232
235
126
158
235
105
176
202
47
106
165
52
93
183
203
134
93
212
110
252
226
13
177
192
256
101
232
51
126
12
43
237
207
64
105
3
250
10
252
83
115
196
126
122
137
149
145
52
84
103
69
72
17
223
192
184
170
184
154
15
86
68
202
107
203
170
11
77
121
235
237
238
35
125
89
52
52
61
150
6
45
22
4
163
186
118
114
10
238
77
46
139
114
191
212
119
33
126
241
52
256
129
134
68
8
44
5
46
155
6
162
229
153
136
113
165
95
31
238
196
98
232
65
44
219
235
117
76
15
118
139
185
108
116
161
221
215
5
15
46
77
210
202
6
188
93
6
77
199
103
252
196
237
147
28
81
219
119
156
196
175
38
47
79
68
171
23
76
3
159
56
44
188
251
126
72
89
166
184
134
148
199
91
82
47
85
76
238
179
187
77
77
94
205
6
235
47
42
106
169
106
192
107
46
256
34
83
175
196
215
192
217
130
247
43
61
147
76
96
139
241
177
185
122
223
134
6
155
61
153
213
188
245
184
236
107
176
111
163
131
256
207
131
163
139
12
131
5
47
204
119
190
20
119
196
36
206
172
203
42
142
108
129
210
35
201
9
110
81
73
180
167
245
238
24
155
61
81
108
180
90
183
85
227
167
188
120
39
34
235
221
6
184
32
83
30
188
148
217
207
94
52
235
86
93
196
14
190
57
15
12
228
87
65
147
15
256
64
126
119
26
34
96
227
236
184
230
202
5
72
46
87
175
224
106
248
184
249
113
149
207
76
81
81
227
52
91
202
238
59
148
110
185
6
251
119
105
213
52
199
38
64
167
72
36
73
38
61
113
164
170
43
256
65
14
180
107
73
134
64
64
105
233
56
213
143
142
76
92
17
89
92
68
182
96
122
43
84
247
43
30
113
205
45
14
47
38
118
19
46
212
53
46
129
237
200
96
31
207
122
76
188
160
180
233
93
30
240
188
8
188
46
246
227
46
35
200
92
226
47
224
6
144
134
179
92
238
226
77
253
180
229
237
179
168
32
46
26
76
134
59
52
76
201
44
93
43
130
102
81
185
73
190
202
241
205
232
158
43
50
108
165
46
33
46
124
126
146
90
233
96
227
196
250
79
147
167
20
202
119
52
47
255
112
158
239
73
73
181
66
207
64
47
201
110
212
17
252
46
212
77
92
200
190
219
189
6
141
14
256
20
180
31
32
64
122
72
16
201
30
211
32
233
215
248
57
134
127
70
85
217
43
46
198
72
121
92
202
17
227
184
36
248
233
141
46
188
25
83
142
149
103
90
52
65
238
122
188
85
69
141
25
248
232
35
83
38
127
61
227
5
109
46
61
188
17
36
121
2
39
46
222
38
122
157
38
76
23
116
118
17
83
35
202
46
39
6
248
92
215
46
252
88
182
201
61
135
232
24
248
26
237
77
148
135
85
46
8
43
61
229
227
46
192
93
201
139
134
245
118
234
38
164
36
17
183
21
108
248
58
108
221
217
227
196
193
167
195
113
167
33
240
141
12
61
68
52
68
173
241
68
37
155
229
93
133
210
87
171
119
227
93
115
44
215
108
39
239
121
5
24
133
93
61
83
85
216
202
219
152
93
61
240
229
94
248
58
77
6
158
238
141
24
101
86
6
14
43
134
228
135
13
215
38
202
135
46
43
13
126
227
224
227
24
56
116
102
241
72
168
147
116
171
142
119
6
2
202
119
145
205
229
202
133
87
233
156
238
43
227
173
227
173
245
248
217
131
34
90
54
80
169
248
32
224
38
6
47
133
253
154
124
218
35
224
73
131
68
58
21
43
54
239
228
46
14
8
142
247
202
229
43
4
68
4
194
241
171
103
170
46
188
215
44
38
175
130
201
180
90
144
227
206
167
62
134
46
78
106
185
157
47
116
43
189
156
245
108
15
179
188
5
90
161
38
92
196
201
77
5
241
84
57
8
46
115
202
227
156
43
105
167
92
188
217
196
26
108
201
131
6
101
188
20
213
246
173
46
241
239
221
65
124
204
180
232
46
116
46
213
37
91
143
167
79
35
133
113
83
64
6
113
39
37
62
124
63
171
124
218
131
77
173
238
198
43
202
239
156
191
231
226
57
198
11
158
191
241
45
108
92
23
241
61
250
4
92
108
92
148
113
237
25
241
248
122
21
212
26
116
44
25
121
61
244
244
186
34
64
73
10
5
58
101
171
241
116
100
171
246
241
167
234
69
38
156
43
4
179
119
200
167
13
63
124
125
81
119
101
205
233
85
46
252
91
85
203
90
233
139
52
73
142
232
28
136
52
228
4
96
167
85
163
72
6
8
156
231
163
181
77
49
182
93
68
79
245
157
234
240
179
52
47
203
248
121
169
106
93
174
35
193
41
108
188
7
191
239
147
86
248
91
180
205
72
207
231
218
170
118
156
215
131
141
205
215
53
113
188
200
38
229
14
184
8
234
229
52
28
21
234
169
188
46
82
205
246
28
78
172
215
229
244
80
170
167
119
78
188
220
101
179
236
43
28
73
119
181
215
202
153
72
171
206
47
13
223
251
21
190
46
108
240
229
252
242
127
148
169
38
116
44
202
1
13
107
83
191
30
203
185
20
119
12
5
188
92
92
249
123
246
13
200
139
111
256
105
133
241
141
27
108
242
46
173
65
194
38
252
118
224
43
241
21
64
121
161
25
5
202
248
8
25
188
248
72
79
215
242
202
43
192
142
118
163
101
134
129
225
28
5
185
149
234
13
133
148
88
238
34
252
252
223
224
133
180
111
254
203
191
37
179
163
141
13
5
38
222
203
83
35
245
38
53
213
66
250
205
163
91
77
88
185
101
152
202
52
19
133
121
68
145
211
46
116
25
206
142
121
32
130
223
108
93
236
212
127
256
251
34
130
229
191
42
155
80
47
6
175
118
141
4
61
73
155
231
248
110
237
53
113
153
214
256
127
55
232
125
3
191
201
38
252
192
215
228
223
189
121
52
205
113
62
218
256
158
200
144
92
239
24
116
13
139
146
169
80
249
26
71
93
118
37
112
93
155
16
177
163
226
163
116
224
254
184
43
169
21
158
6
20
4
248
24
52
38
103
244
110
212
253
113
27
65
90
63
245
17
140
222
254
8
89
72
80
252
20
53
35
44
246
215
170
180
125
207
129
121
5
212
238
245
134
194
154
223
107
247
68
221
34
167
13
144
203
210
112
19
76
20
26
212
254
256
188
121
118
144
142
169
2
36
5
188
248
90
188
196
138
4
203
24
201
246
173
221
111
28
117
36
224
64
167
142
47
108
73
14
13
75
59
4
146
104
20
191
133
132
228
61
227
154
133
10
47
47
75
156
119
152
188
46
247
139
121
185
150
214
80
204
47
169
75
250
118
182
72
251
31
201
234
173
224
59
203
20
34
83
13
251
69
169
169
35
203
169
13
167
9
147
89
242
203
82
191
186
246
256
237
118
115
31
115
254
173
191
102
228
103
125
194
147
185
71
191
168
43
188
118
215
140
9
250
238
173
240
29
153
203
224
186
3
166
164
88
197
35
35
151
33
69
118
169
170
156
91
188
186
53
254
201
255
49
101
118
55
221
164
20
156
25
247
104
61
173
66
53
240
224
246
234
26
253
134
6
229
229
96
203
256
121
68
156
135
125
200
124
256
253
143
142
6
152
186
156
19
35
169
84
99
10
8
157
119
20
53
28
121
20
227
198
65
173
73
81
173
201
24
61
222
253
159
169
253
186
163
203
33
186
191
119
191
125
47
188
64
163
201
107
148
125
71
72
41
201
92
115
163
201
72
246
107
35
125
