58
31
135
8
27
84
193
146
128
95
29
122
166
29
130
43
29
71
132
80
31
132
128
55
121
130
153
107
21
138
128
209
244
127
121
240
141
91
194
128
203
107
135
42
194
146
162
240
55
194
146
180
128
75
59
21
166
135
194
13
170
236
128
194
168
235
144
128
166
65
205
164
88
166
37
208
25
114
65
194
153
179
203
21
127
171
128
214
146
231
108
59
3
107
243
129
203
252
110
210
185
191
186
166
130
58
256
58
166
7
31
84
166
243
58
24
165
223
35
24
243
244
143
181
185
67
222
182
208
135
115
146
216
66
231
256
205
205
194
166
150
208
146
164
166
35
211
97
164
67
89
146
168
128
95
58
121
126
186
59
181
243
146
222
40
40
89
213
244
194
166
176
132
208
221
121
169
191
194
21
101
17
67
164
166
221
194
191
170
182
127
7
94
62
126
164
245
73
220
144
211
91
190
128
95
122
136
3
253
176
194
172
105
182
8
21
194
97
97
29
13
164
8
236
165
128
205
40
212
166
33
240
132
230
244
205
136
121
24
168
121
89
33
162
203
171
135
59
18
243
87
8
164
237
170
170
135
97
40
97
169
59
146
89
243
40
121
169
180
243
89
168
238
108
21
138
1
212
25
31
87
150
43
170
123
65
40
244
24
89
165
7
236
107
11
97
97
235
17
95
17
31
182
190
89
146
114
102
166
244
194
206
102
181
166
51
67
194
166
58
33
144
144
185
138
231
162
13
55
47
40
7
128
75
244
120
64
108
185
110
159
123
100
182
231
121
243
219
93
1
206
102
123
13
126
166
127
146
214
92
136
141
215
97
80
182
217
67
211
206
120
211
170
40
28
25
178
206
24
146
236
31
144
126
50
162
200
128
101
135
203
176
8
186
89
25
132
90
71
168
205
11
169
123
231
40
37
211
33
251
219
103
169
107
256
71
150
243
126
190
191
55
40
96
230
40
126
186
31
37
182
169
172
80
182
126
170
40
84
150
182
59
7
97
5
180
256
178
108
231
90
33
169
59
40
52
182
231
67
146
24
59
13
31
41
206
36
185
138
26
19
99
169
211
59
152
186
39
181
182
117
61
21
222
237
170
113
33
232
65
195
234
248
121
96
31
19
53
205
136
179
1
186
182
181
150
245
39
164
136
31
180
170
190
135
66
43
170
7
182
39
205
121
242
71
135
71
205
13
40
112
146
180
94
60
146
144
166
256
84
194
214
35
170
188
138
59
112
40
210
252
126
138
113
150
212
16
118
236
89
144
24
88
225
80
121
231
54
226
98
40
169
138
107
85
90
208
88
153
35
217
112
225
165
40
59
185
35
139
135
63
225
144
109
141
35
121
210
244
146
33
59
150
35
95
35
121
59
18
16
236
55
106
91
62
221
118
126
23
132
37
166
108
175
88
16
121
195
59
191
224
112
118
39
166
75
136
37
130
88
256
74
179
58
159
182
141
50
192
105
89
77
128
16
121
75
107
92
204
95
128
184
80
194
185
114
101
105
180
9
16
52
92
151
162
130
40
135
236
121
225
240
178
3
106
11
35
65
228
171
118
162
146
82
16
240
208
211
54
153
225
150
146
214
207
200
186
82
221
85
151
225
170
42
106
184
117
118
128
16
3
177
235
11
25
203
136
253
16
206
186
200
192
73
54
168
60
23
217
251
3
71
85
16
65
224
178
212
23
239
253
179
253
118
54
235
199
233
73
182
27
32
256
244
256
234
3
150
175
235
88
50
186
28
74
189
128
121
184
146
118
239
130
202
237
192
43
160
151
118
101
160
113
252
107
32
126
51
254
88
105
3
71
149
118
69
130
127
128
135
18
203
178
114
186
35
141
242
179
170
126
11
88
170
236
211
147
153
50
188
37
71
8
58
146
90
206
71
178
175
50
52
196
50
64
90
9
65
242
149
82
16
235
12
55
126
189
169
230
177
253
144
203
71
210
237
239
256
83
106
200
144
111
192
152
92
107
162
211
27
151
88
18
198
121
92
235
64
23
31
61
36
178
65
178
146
32
189
148
227
40
91
160
89
6
202
160
118
241
49
17
121
77
16
17
103
199
71
248
14
90
107
12
178
83
90
244
118
232
200
201
107
62
194
49
102
237
252
35
62
180
85
220
253
137
235
174
190
32
92
186
70
28
170
221
62
244
182
26
21
126
251
23
237
178
66
242
62
224
146
244
35
64
132
126
23
228
153
144
200
16
200
249
190
181
178
58
153
103
107
185
62
185
73
118
151
34
178
178
98
117
137
12
252
19
153
44
163
239
71
204
123
214
129
240
118
175
98
111
175
172
252
164
170
71
190
188
195
43
149
148
235
172
169
109
153
52
195
8
251
28
27
35
78
186
166
78
157
89
47
36
221
118
91
148
200
71
140
196
149
169
224
236
62
51
50
134
240
252
224
186
166
131
36
195
227
228
33
166
141
200
130
195
189
17
126
35
253
199
89
189
98
13
130
197
35
5
112
170
151
189
234
125
148
160
221
89
91
5
140
167
101
169
28
4
108
21
107
39
27
212
118
57
210
147
110
185
92
253
55
169
85
149
221
240
32
109
196
134
99
191
175
5
175
92
62
32
14
169
118
105
136
169
186
31
12
66
11
63
51
178
215
236
177
215
95
169
162
109
72
73
83
118
118
203
53
102
170
247
21
23
238
23
62
25
235
91
217
170
189
73
89
249
153
12
12
149
34
169
26
35
98
242
252
225
76
41
44
23
113
50
200
32
254
192
169
34
178
178
234
242
191
58
56
66
92
149
186
189
86
149
76
238
184
75
210
163
253
238
175
210
188
219
92
175
249
139
201
65
118
203
64
66
76
76
222
21
170
196
184
3
92
113
178
118
61
118
102
211
15
169
78
115
12
254
169
234
178
235
64
180
82
252
192
69
107
15
155
77
25
147
116
223
161
102
178
186
200
230
180
118
135
19
212
59
223
221
178
85
63
177
35
178
35
201
69
118
218
157
13
11
170
23
149
229
83
170
95
242
126
74
50
228
222
175
168
34
16
238
109
244
220
88
22
250
64
147
27
149
254
224
178
192
66
31
130
254
221
19
118
58
79
248
23
65
236
27
176
50
178
157
41
10
235
111
19
202
83
217
195
224
61
50
21
72
25
13
102
10
199
64
186
178
160
26
256
117
103
35
153
31
85
64
241
219
112
182
76
92
134
178
203
5
3
98
80
44
178
118
254
256
141
27
252
181
39
236
190
65
254
189
249
11
202
34
200
178
202
201
242
20
219
118
234
123
202
251
44
12
169
254
10
34
253
35
145
105
13
16
140
83
228
19
230
93
235
219
27
74
219
188
213
21
200
118
2
47
235
113
157
220
102
211
151
178
93
76
190
183
203
133
178
114
42
63
35
200
200
69
25
57
94
87
254
126
238
253
86
192
22
170
244
35
190
151
89
163
118
178
92
191
193
254
152
200
102
98
29
76
244
177
252
122
149
242
85
15
25
19
147
174
202
98
78
196
102
26
153
219
117
238
200
118
94
203
31
186
150
200
164
30
67
111
84
42
192
118
178
80
96
240
53
184
109
86
111
246
256
219
82
111
219
178
122
66
82
61
102
123
152
14
178
94
34
63
11
190
218
34
235
243
137
249
192
121
25
251
53
203
15
103
118
200
229
234
118
182
246
104
249
192
23
82
10
163
178
172
42
44
148
178
242
196
176
153
64
235
197
61
227
118
69
9
151
98
25
201
160
82
115
98
246
217
157
152
201
160
160
148
76
235
103
21
58
35
115
47
182
231
98
35
251
10
203
238
256
169
102
35
69
161
10
185
83
169
230
208
190
83
94
236
11
56
71
219
200
126
157
154
149
178
104
152
118
10
228
50
12
73
8
193
19
194
195
224
254
186
130
220
199
152
188
13
148
206
88
240
163
141
216
10
74
34
212
199
196
196
29
224
118
170
222
23
237
25
118
170
237
102
200
73
112
186
228
59
200
10
31
199
132
73
102
8
71
196
224
240
35
118
176
152
214
238
40
144
130
169
10
32
254
43
198
78
96
237
11
91
34
163
219
72
82
177
134
67
252
169
135
85
178
203
44
248
200
244
76
115
253
64
94
234
224
64
15
111
26
12
31
124
91
219
181
72
77
85
95
163
107
135
216
35
88
22
170
200
172
238
200
8
74
10
160
247
2
25
178
118
94
19
160
139
189
166
188
35
50
163
64
185
32
221
38
184
219
61
102
83
253
64
141
83
199
253
235
174
200
154
200
61
83
189
32
8
234
10
147
240
73
74
94
229
61
31
200
89
61
29
78
227
202
223
169
51
12
27
201
74
77
82
149
38
122
200
102
145
147
71
61
230
189
104
200
140
88
242
189
190
147
31
195
118
12
242
56
25
178
118
133
94
228
155
224
94
169
140
186
57
140
157
14
256
56
22
32
170
32
8
14
218
202
218
203
104
139
149
163
26
2
201
62
216
99
91
163
64
102
242
133
18
139
163
227
149
254
168
189
72
155
163
152
196
224
27
170
130
149
174
134
237
12
161
237
204
57
3
72
148
44
130
207
240
20
237
57
61
135
19
193
115
118
224
9
39
10
130
192
98
248
254
201
254
157
9
215
76
71
112
188
252
219
88
10
171
32
201
5
49
96
141
25
81
85
200
64
198
149
219
200
67
219
82
133
118
216
139
72
78
123
204
254
130
86
159
35
178
35
57
121
48
42
236
163
121
44
76
183
31
103
28
10
149
169
160
85
16
139
133
232
190
254
86
85
82
204
19
74
76
134
242
77
169
86
184
207
218
117
149
252
195
254
170
117
253
55
219
133
240
224
5
249
147
50
254
149
185
25
254
199
175
118
50
139
64
238
44
85
88
157
149
169
35
235
201
254
52
71
213
219
22
74
34
181
118
1
120
130
254
254
182
93
39
133
228
242
132
238
86
35
35
201
117
189
201
153
35
11
26
35
85
130
61
35
240
26
181
79
138
41
48
221
256
73
153
218
85
19
163
35
148
66
133
169
27
5
204
15
111
227
72
238
201
222
69
82
76
12
200
106
134
56
133
163
240
50
186
10
72
178
13
25
76
133
32
254
30
22
157
10
158
115
186
221
48
64
173
186
235
10
191
85
133
23
139
169
96
56
223
133
256
178
200
149
219
56
235
31
38
200
58
186
10
190
234
133
254
157
187
198
204
133
72
86
249
56
103
14
220
252
240
254
254
252
107
240
224
10
235
83
102
77
153
149
61
91
25
64
10
181
133
237
23
35
190
164
133
197
205
195
69
61
252
124
188
133
133
200
161
31
89
256
86
56
169
169
184
42
214
236
224
163
110
242
25
173
197
235
133
149
145
25
254
26
76
43
31
58
35
124
94
256
25
83
83
39
224
200
200
56
139
161
173
76
173
178
76
202
146
5
215
178
192
247
201
102
31
196
157
253
148
220
169
230
152
201
232
152
133
230
201
215
44
133
133
133
14
228
237
133
246
64
96
192
196
189
170
163
56
27
45
56
10
218
254
35
157
202
88
78
72
25
173
149
32
83
202
201
133
219
232
200
221
10
252
10
4
83
133
8
228
188
170
133
73
207
254
86
232
133
199
72
192
31
133
56
207
189
10
173
72
247
72
45
72
124
117
133
56
202
