145
106
47
160
165
19
47
5
160
149
90
149
156
149
149
149
149
225
56
149
16
56
149
22
149
47
22
149
56
48
150
144
57
126
149
48
225
126
48
171
156
90
90
75
136
19
90
22
90
132
56
162
140
45
140
251
30
81
251
140
56
90
90
107
45
110
76
76
22
110
251
31
224
90
140
153
140
153
251
62
175
140
74
96
74
90
244
232
90
18
36
54
123
132
54
251
140
242
121
36
239
160
72
140
84
209
140
244
153
251
91
242
140
121
54
231
251
165
115
64
110
177
81
42
214
140
51
87
177
209
239
160
214
67
140
123
153
98
6
107
18
160
8
54
127
71
225
90
186
123
126
162
126
90
107
123
160
143
50
31
163
98
189
87
165
197
163
140
209
115
214
254
126
73
177
98
31
74
147
160
136
4
147
204
50
145
130
82
218
123
197
71
29
51
71
74
149
218
119
123
71
62
126
98
251
98
209
56
153
3
117
59
239
232
177
121
88
251
121
200
177
222
113
232
232
239
140
158
56
76
163
51
62
50
54
3
163
3
172
197
212
220
217
148
19
119
136
51
159
56
51
74
232
126
115
127
56
56
51
18
125
153
137
148
73
98
254
208
23
208
21
54
82
76
136
56
155
24
80
31
42
71
95
157
23
224
121
113
218
29
121
45
99
251
125
92
87
144
218
101
20
166
158
54
107
178
225
99
164
27
155
148
99
95
218
225
20
177
204
74
213
155
38
50
68
161
107
154
23
30
30
200
127
136
178
125
80
12
54
124
99
91
184
225
200
171
239
66
218
125
66
172
204
140
107
216
115
193
106
128
177
197
158
2
56
184
176
28
28
58
120
213
256
50
66
129
99
225
225
99
37
104
144
51
125
120
157
118
104
62
123
204
20
138
184
56
158
99
197
99
252
142
197
99
23
20
243
199
178
251
99
3
154
2
218
249
165
99
75
15
125
23
52
82
23
243
161
146
218
94
178
153
218
218
20
170
4
129
88
135
66
197
23
236
184
168
99
112
149
80
199
15
75
155
143
218
239
54
168
23
163
239
151
23
20
72
230
95
25
120
56
186
50
4
247
184
121
171
59
110
56
86
146
143
91
243
218
72
199
23
143
1
233
177
88
71
151
99
201
168
213
69
200
230
77
230
148
1
15
3
156
23
54
104
163
27
153
99
113
230
225
163
108
230
112
223
186
23
11
72
248
125
133
177
242
158
158
197
15
218
177
163
163
94
197
236
3
163
233
139
156
23
95
146
218
1
166
177
205
199
210
149
68
88
197
72
200
4
72
31
146
254
233
177
137
88
163
230
23
158
235
137
81
229
82
235
23
52
63
72
62
54
163
215
165
1
24
199
133
24
23
248
197
248
72
151
175
24
15
143
23
238
184
210
23
35
210
137
63
128
218
133
190
63
62
39
184
218
157
232
124
72
111
208
94
253
254
52
239
72
170
24
27
229
158
254
138
85
197
133
218
82
22
82
184
163
82
63
24
82
23
233
156
15
236
167
129
133
193
23
92
85
82
72
237
39
124
24
256
98
246
52
72
72
118
54
157
251
254
151
82
218
79
183
237
157
236
15
114
167
71
118
155
242
20
235
234
200
133
218
183
82
133
82
4
125
63
248
1
73
129
205
193
125
193
235
126
157
151
63
193
170
236
173
221
235
197
4
167
151
184
5
25
133
106
155
82
125
125
125
73
10
82
4
63
19
72
79
63
256
125
235
52
245
55
143
150
217
136
218
35
5
215
174
218
63
218
15
94
220
229
125
220
176
163
223
125
184
56
133
15
4
125
125
93
78
16
4
222
76
161
174
115
23
237
118
213
228
94
213
133
29
197
1
186
120
92
175
63
155
4
239
235
117
222
254
83
149
84
15
184
239
136
82
125
94
246
82
186
163
112
255
203
174
5
104
73
3
116
221
149
99
74
13
82
64
178
82
163
71
52
220
95
84
5
97
133
82
121
39
207
72
225
63
73
218
256
210
133
193
149
178
198
254
88
178
52
39
193
10
174
63
24
86
201
159
138
82
26
133
78
9
20
56
43
229
163
5
73
124
82
11
1
20
86
201
48
92
212
76
45
100
187
188
249
131
78
78
72
56
72
64
193
44
45
197
192
12
201
41
99
78
199
107
108
56
107
204
212
99
24
156
201
158
147
72
64
99
156
71
194
241
232
85
82
245
50
199
250
196
108
49
1
43
108
196
10
10
10
41
1
49
156
90
153
20
116
35
78
109
96
230
12
173
53
185
4
10
53
195
33
184
50
201
245
238
68
113
192
81
245
193
201
125
156
212
188
156
201
50
107
240
37
33
182
23
201
217
238
5
1
102
20
201
48
148
72
156
157
134
137
52
133
232
197
33
82
200
197
159
70
