58
58
166
21
166
80
80
80
80
58
58
143
52
254
162
80
208
71
143
71
162
71
113
71
36
205
208
208
162
81
208
143
205
113
143
177
113
143
71
84
229
71
7
71
113
55
36
89
84
175
164
113
55
7
84
113
113
209
62
208
165
84
55
113
209
80
209
165
165
229
205
236
160
168
71
164
84
168
202
71
81
31
183
217
113
229
55
105
164
236
168
55
105
98
166
202
55
98
168
170
37
7
80
239
249
87
55
105
87
73
168
190
84
206
36
206
113
98
236
127
37
123
232
200
239
87
182
36
76
206
127
85
244
179
55
168
222
249
244
194
98
55
76
7
175
21
98
33
168
27
113
40
190
171
73
90
98
247
87
87
46
88
211
76
3
98
190
21
51
98
87
208
150
69
76
228
247
113
22
98
206
7
191
96
7
219
144
160
69
14
113
40
168
208
150
168
3
205
181
79
96
160
168
168
177
87
228
37
38
254
160
161
222
160
36
244
37
7
113
160
116
84
185
190
73
8
124
250
18
250
87
59
71
20
160
209
7
131
119
124
254
96
232
150
256
185
224
228
225
1
236
85
3
191
18
156
235
229
235
18
144
224
185
26
7
250
235
106
175
156
209
177
47
222
231
16
151
221
41
98
87
178
16
185
91
152
108
20
26
141
160
175
168
18
222
147
180
156
168
98
13
97
40
107
83
47
18
88
79
238
216
230
208
156
160
40
222
231
107
107
13
95
239
222
18
74
195
13
107
162
96
219
166
74
225
18
251
220
65
34
175
251
97
225
136
191
18
165
97
213
33
96
32
153
6
208
222
253
207
220
195
248
87
20
76
106
106
158
18
105
239
21
99
251
21
140
128
231
192
5
62
194
160
7
201
194
244
104
47
185
157
148
231
20
148
34
16
53
192
244
111
143
26
4
102
83
3
254
251
90
190
20
20
204
182
168
3
213
54
238
254
151
132
160
28
14
118
156
147
65
14
244
54
89
30
239
122
136
231
105
239
107
21
191
178
30
165
74
231
239
185
164
28
20
85
200
122
225
89
3
223
119
96
251
36
118
156
131
71
119
98
141
57
236
194
87
147
78
121
3
182
245
119
14
177
65
36
36
125
44
159
234
165
234
206
3
177
27
29
225
107
119
156
18
9
156
20
140
160
138
31
121
46
31
94
18
13
112
206
132
251
132
222
62
3
5
125
21
205
182
36
18
14
239
87
131
225
165
130
206
251
110
76
47
83
245
119
30
158
224
65
92
211
239
113
52
131
230
129
41
206
44
204
60
12
178
50
20
29
107
254
94
185
243
156
17
251
189
38
64
244
96
7
136
195
125
3
6
222
47
50
113
20
88
239
113
169
66
183
165
165
132
231
89
158
195
92
47
234
223
3
156
229
199
136
5
7
173
192
207
102
88
95
207
237
254
126
206
208
14
13
244
177
184
137
126
85
5
95
94
185
221
20
160
41
131
207
213
123
156
16
147
206
20
125
239
113
254
59
112
239
114
3
223
152
75
212
89
18
160
215
236
206
239
112
143
41
119
246
190
158
71
173
94
221
136
20
191
104
26
89
234
26
29
156
47
16
95
99
38
47
119
177
97
20
156
131
16
26
95
207
254
34
239
20
84
250
13
112
173
33
78
8
14
20
14
59
175
194
126
29
29
244
119
27
67
5
220
59
104
21
33
60
10
239
228
13
185
250
234
160
104
182
12
241
187
4
4
118
147
231
156
17
119
125
14
195
191
68
214
158
20
173
23
138
51
219
20
232
98
11
78
97
195
33
217
219
182
98
5
231
206
11
231
119
33
106
94
18
117
188
37
20
208
31
84
41
29
243
235
51
17
245
195
173
96
253
174
143
37
12
71
117
110
119
105
197
117
234
156
251
71
77
199
255
118
133
26
97
190
203
204
11
208
37
197
254
185
195
143
104
119
231
189
160
36
51
200
105
47
76
212
194
113
216
190
182
182
126
194
109
184
105
182
181
33
17
173
86
119
147
195
119
211
171
36
12
239
204
249
200
200
229
125
50
90
154
200
36
194
171
188
120
100
87
57
218
140
244
117
255
151
185
119
20
36
51
3
20
231
107
29
53
245
244
51
19
224
36
9
112
20
245
118
119
173
5
178
231
208
89
17
120
17
197
90
44
253
211
38
180
180
79
200
17
190
109
220
200
143
54
141
114
20
234
20
72
34
20
191
171
154
191
119
130
26
165
48
185
200
113
28
105
118
195
156
49
125
112
200
20
20
7
109
207
130
125
87
117
20
207
223
113
44
226
60
1
165
142
147
44
67
139
68
254
20
200
200
95
120
254
17
211
254
152
80
114
118
132
41
204
250
9
244
155
107
141
207
20
255
245
18
119
152
2
125
117
107
155
244
212
245
224
44
91
19
36
44
8
20
244
245
21
191
224
110
224
254
41
9
20
246
234
231
107
92
204
53
54
24
220
156
208
57
36
187
20
26
8
2
209
216
95
234
244
40
113
27
156
254
173
217
164
119
216
54
234
51
200
68
244
20
65
11
202
20
152
166
173
200
80
194
254
128
173
9
225
17
33
209
82
185
119
215
152
30
182
4
20
106
244
181
20
143
20
30
4
92
244
218
43
20
152
180
39
247
2
212
242
1
189
224
114
30
246
246
247
254
107
76
112
18
130
189
226
43
178
234
21
226
218
244
254
60
30
173
226
254
125
191
189
200
240
12
180
68
43
198
152
173
224
232
152
244
125
44
238
204
197
37
30
124
224
118
184
111
128
20
241
238
150
11
20
238
128
118
247
8
156
90
207
142
12
234
61
117
241
68
63
200
21
6
1
210
118
156
215
44
152
14
198
4
44
118
247
106
234
43
241
234
90
152
125
111
228
226
234
180
200
89
222
255
247
132
170
234
234
241
185
43
125
90
224
254
198
112
254
125
81
152
141
111
141
185
142
20
185
201
220
106
200
107
78
60
224
188
12
26
5
179
224
143
189
175
247
138
106
179
28
40
15
47
254
123
29
179
46
20
79
139
193
141
123
185
20
46
79
120
56
192
29
55
185
111
233
119
119
224
26
118
211
64
136
136
43
110
221
138
126
111
20
246
234
134
60
123
75
68
245
245
210
171
220
197
118
139
210
46
114
207
186
152
152
120
109
34
38
179
51
130
234
200
221
237
1
115
136
167
86
103
147
107
32
236
242
134
169
46
176
220
9
221
224
46
139
42
29
238
142
61
196
167
21
221
74
201
253
156
197
187
188
43
111
233
192
113
215
238
