205
205
203
237
95
52
121
70
203
67
91
252
136
95
208
231
150
235
33
230
52
166
74
231
138
231
184
235
235
18
204
67
164
231
138
229
31
138
29
121
29
208
60
98
84
164
91
236
1
236
29
129
162
46
108
95
124
235
42
253
98
256
91
29
13
202
205
114
88
62
236
249
229
230
184
58
214
196
147
236
42
129
180
146
28
146
151
104
252
138
113
174
31
38
40
7
66
241
202
143
138
31
236
182
138
110
62
237
46
25
42
127
50
74
95
129
184
236
98
252
1
78
42
236
59
35
235
59
180
110
129
42
122
31
97
184
91
40
206
29
162
236
40
46
162
153
256
202
206
42
164
115
33
100
205
138
210
155
162
110
71
230
183
38
70
99
115
70
155
29
186
40
40
75
237
25
91
249
35
82
64
25
62
206
29
147
206
73
205
162
166
249
29
256
75
250
223
29
55
90
110
117
253
119
182
236
25
233
88
183
250
23
58
110
202
181
167
55
129
106
113
210
167
236
108
230
113
104
204
203
42
249
130
66
190
106
249
166
182
58
256
82
29
80
14
47
75
74
235
162
128
91
115
75
256
150
74
182
230
127
136
170
97
50
183
248
153
46
210
52
74
183
46
205
25
127
249
104
114
138
34
18
128
116
31
180
180
168
53
35
142
55
183
167
252
25
205
178
183
14
11
23
113
101
84
84
101
32
52
205
115
23
23
241
183
180
184
210
180
147
251
29
151
104
237
75
252
170
176
106
249
75
164
71
215
136
151
91
29
252
183
116
164
128
60
184
215
204
12
83
241
34
151
128
235
56
27
178
11
178
116
204
101
110
164
91
74
210
55
174
122
142
236
50
249
15
25
190
83
204
241
101
139
25
74
69
129
13
112
101
185
182
45
194
204
252
115
105
229
34
179
202
46
57
178
54
66
29
97
105
101
64
147
86
178
37
205
241
58
54
145
216
239
50
215
243
184
213
112
104
192
28
202
128
60
72
235
247
171
250
118
116
65
121
72
50
105
40
154
40
112
216
178
249
105
184
25
56
91
15
167
54
46
244
133
82
76
117
116
174
29
241
116
247
115
35
170
50
93
236
155
216
99
34
65
95
176
241
215
128
138
122
25
157
32
184
145
24
99
65
29
176
165
145
86
205
171
138
32
184
167
197
86
154
149
116
249
189
136
136
252
23
211
10
11
127
255
128
225
74
215
122
56
198
73
95
72
150
203
43
175
105
89
184
202
97
228
29
35
15
16
217
205
77
204
169
93
155
202
176
34
241
175
189
56
72
217
12
63
161
100
115
108
65
99
250
252
115
27
50
196
133
99
150
60
24
16
218
125
134
115
252
82
121
151
98
115
97
56
99
86
83
16
213
169
204
115
63
128
154
249
207
217
101
99
229
115
178
14
216
243
50
42
216
29
189
105
85
97
101
56
215
213
95
215
199
139
8
122
85
164
37
91
86
185
247
84
55
87
245
38
163
178
193
85
133
215
168
72
55
52
188
114
202
85
91
23
63
104
164
14
215
13
39
164
149
56
134
166
15
202
252
15
36
15
34
184
33
62
104
121
106
94
55
108
149
202
15
115
248
2
99
130
167
55
16
21
15
56
115
184
15
155
199
248
24
29
101
230
207
45
256
73
215
179
215
15
15
139
128
104
52
73
149
217
248
210
155
11
140
94
218
2
249
134
215
57
130
110
99
220
243
157
249
143
85
72
72
232
215
124
243
157
154
77
121
133
76
39
121
72
214
249
193
99
16
142
194
85
2
178
199
8
243
165
63
110
117
148
155
236
57
204
144
72
163
210
104
193
238
72
54
53
63
218
82
4
158
63
168
126
249
255
86
72
233
15
216
202
178
171
161
2
190
82
167
115
104
164
216
139
139
45
91
52
210
99
198
237
177
87
148
29
252
82
252
161
167
197
12
85
99
134
216
157
115
133
163
100
140
12
115
139
214
179
168
205
230
216
161
72
243
104
158
216
214
112
15
99
255
202
177
252
82
52
52
184
91
208
161
85
211
93
161
115
210
63
77
67
32
147
111
63
164
210
172
84
216
26
79
161
249
140
52
238
221
213
116
184
55
15
94
162
23
197
32
82
56
15
203
115
82
52
96
132
57
82
168
167
39
82
168
62
163
52
25
158
120
133
245
203
115
82
52
168
55
249
249
241
50
84
115
120
167
11
93
170
38
189
218
255
148
116
148
133
252
216
120
37
202
184
61
233
146
76
144
221
52
72
139
158
178
141
44
158
99
85
29
216
110
178
184
25
82
193
204
218
214
54
44
136
42
193
26
92
178
74
200
146
12
94
158
133
150
202
184
218
233
42
249
202
52
35
52
167
210
218
115
252
82
213
99
159
249
252
255
256
85
216
157
148
85
94
193
161
235
82
15
163
154
144
197
63
139
39
168
158
48
163
213
97
72
128
99
139
202
243
35
157
143
179
155
215
77
170
213
168
121
62
157
232
116
161
131
63
148
63
124
39
72
35
124
72
50
99
85
133
115
193
197
139
13
193
167
87
84
213
110
66
94
214
148
133
77
213
99
85
189
15
220
30
193
37
190
167
52
139
256
216
199
42
133
213
147
2
182
189
157
220
180
161
42
168
210
159
99
41
154
216
101
128
115
77
158
210
2
72
230
197
84
128
155
104
193
69
195
69
9
249
108
72
139
56
91
133
216
63
163
84
197
143
69
158
171
65
52
170
213
25
82
69
150
48
212
214
210
163
55
63
210
202
213
146
139
139
174
77
106
150
174
199
206
147
63
186
196
52
33
193
134
30
210
63
218
101
99
12
256
255
52
72
198
115
113
202
255
213
178
94
131
189
15
139
48
204
255
116
216
230
163
203
214
168
115
168
249
192
63
3
157
42
69
146
255
133
202
80
139
97
168
15
230
133
223
120
63
29
256
133
235
133
52
25
100
247
133
106
33
55
15
184
203
29
168
171
131
197
148
116
181
31
22
149
210
99
124
115
32
199
197
158
122
213
48
197
99
207
39
253
243
125
106
35
158
35
235
100
94
63
146
255
66
52
85
72
95
101
206
97
193
159
48
149
57
133
240
139
142
106
169
132
72
88
31
115
184
9
161
195
98
190
202
102
69
211
94
232
213
104
37
105
169
15
52
134
255
102
15
97
256
35
72
169
249
213
100
120
184
250
63
207
48
120
139
206
189
3
210
179
221
69
57
72
52
35
179
139
124
105
85
163
157
213
133
133
184
50
247
202
15
216
168
52
184
99
175
184
199
13
238
158
84
63
79
157
247
159
210
171
159
115
37
189
104
37
232
184
15
214
186
82
15
35
113
216
243
169
115
249
15
163
255
139
154
29
216
244
34
249
148
27
52
155
52
139
91
25
252
251
149
12
206
232
159
197
190
237
69
152
163
218
99
221
203
101
197
155
214
164
122
221
247
75
52
63
63
78
213
233
27
110
13
221
235
117
9
115
139
128
190
134
199
216
216
197
17
65
82
159
133
23
195
193
163
155
133
216
245
214
159
149
17
221
178
189
232
253
52
192
199
148
184
170
39
58
25
256
193
188
117
216
255
15
232
202
164
213
255
138
128
52
253
235
247
104
63
52
213
202
216
202
115
233
155
197
249
157
52
142
31
130
77
202
214
124
104
15
133
215
238
63
192
63
184
210
150
77
247
17
197
232
82
10
235
221
128
94
133
52
213
218
155
224
29
155
213
215
4
52
176
73
131
248
52
85
178
99
190
170
197
56
232
76
224
133
133
232
94
235
55
63
19
159
29
216
63
39
15
110
166
180
65
193
186
217
199
157
159
216
65
65
255
157
210
82
73
255
248
64
61
25
45
189
211
27
139
63
82
235
230
124
104
218
181
159
210
230
157
44
189
158
84
197
247
146
99
218
77
163
82
150
15
221
223
53
115
52
42
178
214
171
168
219
133
210
174
158
145
145
199
82
252
199
63
197
189
159
157
104
133
73
57
256
139
184
157
197
203
217
247
205
63
104
31
168
190
240
53
247
197
105
204
174
149
210
202
132
202
199
150
247
216
45
202
52
202
35
247
199
159
197
159
82
104
52
25
63
56
27
55
139
12
218
255
235
55
48
214
116
153
235
255
56
193
57
232
73
25
124
99
44
199
193
231
45
197
189
31
168
204
193
32
15
32
61
163
210
148
168
215
193
230
139
157
199
148
199
171
232
73
105
19
122
237
146
82
161
215
221
174
86
168
72
181
50
86
149
255
118
61
214
32
163
202
153
57
72
202
82
110
242
116
157
37
133
2
57
76
153
72
63
215
158
134
210
85
148
155
88
179
116
163
56
247
204
247
48
121
52
204
235
202
52
238
72
149
215
52
48
153
52
235
193
155
149
204
127
26
210
204
55
91
197
157
82
25
134
48
115
76
202
214
45
247
69
220
159
159
64
242
229
197
133
203
124
171
73
201
195
197
197
249
256
128
86
220
214
178
193
82
163
247
13
52
210
73
184
69
161
131
19
197
179
202
69
12
197
236
105
139
161
133
168
120
104
197
178
192
48
237
222
70
214
186
214
202
129
174
139
145
111
232
255
193
218
139
45
244
65
255
213
252
202
210
218
99
76
193
216
45
180
242
48
35
202
197
247
44
72
255
247
52
104
149
249
161
82
64
122
162
63
45
112
53
88
148
196
256
255
170
204
158
244
45
193
178
169
65
149
241
31
157
91
214
133
256
52
82
120
76
134
203
197
157
10
19
131
247
61
210
159
193
192
161
227
197
197
82
134
