135
176
176
21
33
29
29
205
176
29
146
75
205
138
29
230
146
176
29
154
7
138
87
33
29
33
40
33
180
74
84
97
59
162
97
84
253
176
84
162
184
205
249
59
84
248
50
138
211
84
171
208
249
74
80
243
115
3
205
116
162
138
55
29
95
169
167
59
40
150
55
164
180
252
115
164
31
107
62
162
88
146
111
135
84
84
225
136
138
252
59
210
243
73
135
164
164
182
194
29
112
40
132
30
241
80
166
256
139
252
33
55
90
138
135
203
17
8
136
162
230
84
24
181
29
8
59
55
136
75
121
89
47
190
194
84
29
5
225
122
164
211
47
82
59
164
59
201
146
203
177
178
186
194
108
202
125
146
233
165
84
80
230
251
122
101
108
231
178
214
186
5
256
205
208
70
221
249
128
166
88
74
164
187
74
80
28
33
84
89
80
230
52
181
59
33
236
166
58
84
97
74
138
138
154
136
160
145
28
55
242
97
128
178
33
100
100
88
249
235
74
80
139
75
138
10
203
187
59
55
194
75
203
237
194
33
52
184
47
249
74
205
231
236
13
30
33
97
131
30
80
233
235
256
181
114
33
166
146
166
29
236
114
225
97
58
192
181
153
223
107
216
59
170
249
3
187
80
230
116
208
186
195
21
166
162
162
29
47
228
59
32
208
240
75
35
128
124
15
135
59
28
55
61
222
118
109
160
235
100
90
29
249
184
33
121
160
217
75
222
107
25
222
222
211
116
187
220
135
116
250
178
146
146
95
15
59
186
249
52
103
256
256
59
186
35
28
95
78
84
124
85
178
79
186
131
60
243
166
174
9
89
31
11
3
83
222
135
212
33
178
9
131
33
75
230
106
39
94
101
182
94
54
140
186
210
206
196
209
27
100
182
25
249
249
230
240
74
97
146
1
249
98
212
59
171
248
82
131
9
107
179
85
59
97
3
27
137
194
63
7
95
150
150
194
182
253
231
81
203
135
130
131
228
114
236
183
1
59
123
71
72
181
35
150
186
97
17
59
235
115
178
177
122
237
24
101
80
249
7
230
52
135
174
252
33
249
235
80
178
242
33
109
144
147
208
40
60
35
236
235
160
59
230
96
30
77
135
136
110
16
172
27
185
89
146
135
41
137
230
9
108
103
220
73
37
25
59
31
52
256
230
88
2
210
70
168
48
121
114
80
19
208
78
66
13
230
178
147
29
56
176
59
63
115
206
179
80
2
253
168
203
80
153
24
29
130
67
184
176
230
181
27
172
248
31
110
150
172
52
76
162
36
160
136
230
60
197
32
115
88
39
205
255
97
176
70
256
109
87
203
130
33
88
75
203
33
33
58
255
35
13
87
236
214
176
236
116
240
93
219
87
166
28
33
130
19
126
10
31
130
18
215
78
117
102
77
67
171
113
136
150
86
80
40
59
150
256
193
124
185
136
77
21
144
237
194
9
110
256
88
1
144
49
131
139
255
217
70
146
231
1
186
35
231
253
139
197
136
121
123
179
77
130
135
191
135
77
203
36
166
162
73
144
3
215
59
144
40
77
83
100
37
253
179
150
176
172
39
249
33
203
105
18
181
132
230
256
75
147
37
256
172
199
39
77
160
244
139
253
191
102
60
256
212
102
88
11
226
214
248
88
167
70
191
67
219
126
3
11
100
167
77
145
191
145
107
117
67
33
203
210
18
60
66
138
136
176
146
255
135
255
139
253
124
1
170
8
64
35
193
147
18
3
139
132
20
88
152
252
169
24
176
42
255
248
117
230
148
115
176
77
226
139
60
158
25
120
78
249
183
150
91
125
50
136
39
211
125
153
253
164
60
19
210
253
77
195
103
82
167
239
107
179
210
117
11
230
176
105
117
27
169
139
150
60
108
88
230
75
32
121
36
131
15
176
59
135
8
201
88
247
109
182
53
194
88
253
161
38
117
77
176
131
89
115
35
217
20
210
65
114
179
95
178
20
151
131
239
20
123
43
151
210
131
89
2
214
97
53
164
151
226
211
49
239
165
240
236
188
88
20
123
35
136
253
184
242
63
159
167
139
165
195
131
137
49
76
89
95
53
53
70
77
131
248
193
239
240
20
117
53
59
49
201
63
120
135
169
89
8
256
74
66
119
114
49
245
207
137
40
70
178
239
27
229
124
140
150
229
42
74
2
230
117
49
53
181
95
255
183
169
183
76
82
181
135
87
58
100
132
33
38
171
181
102
255
64
248
251
88
19
35
95
95
89
255
108
75
240
14
248
2
53
131
247
65
176
63
136
20
58
95
25
249
185
105
16
105
163
43
254
182
121
130
70
111
235
210
211
58
245
124
28
53
3
135
39
255
135
173
8
256
67
230
29
87
124
117
2
174
33
28
94
38
183
113
171
32
97
35
237
33
68
43
164
120
38
56
137
39
117
89
19
169
123
147
79
74
49
60
19
88
123
146
33
204
83
160
141
10
42
192
50
172
93
28
28
204
70
254
135
50
131
103
5
207
229
220
139
55
125
255
211
247
77
53
38
141
15
204
196
27
30
192
137
176
70
70
5
113
176
172
219
35
70
102
101
211
135
60
17
155
67
33
4
178
131
210
125
113
14
149
186
223
19
37
88
176
4
33
128
221
14
117
70
117
202
226
10
155
59
207
207
90
241
80
19
176
70
79
80
120
117
176
78
236
223
95
33
33
121
70
150
206
86
171
204
141
74
78
100
206
180
255
27
104
92
136
207
206
103
193
247
230
41
43
151
120
70
70
131
26
120
36
70
126
78
70
33
132
225
125
171
101
155
14
114
39
188
35
226
135
101
78
228
122
76
206
207
226
194
243
121
214
47
176
255
171
33
235
41
38
228
224
36
131
53
77
115
14
252
193
117
140
200
24
41
201
47
78
116
198
111
160
43
136
109
228
176
16
70
60
135
132
198
180
132
217
167
60
255
116
247
201
201
33
76
111
21
13
226
220
120
228
9
207
198
53
201
178
120
38
120
236
228
100
96
108
132
33
68
111
1
163
111
14
132
86
226
114
120
169
120
201
1
148
