65
105
105
105
106
177
105
62
177
62
143
204
62
177
50
204
98
123
204
98
159
62
177
204
250
226
150
250
98
250
128
204
32
123
95
64
95
226
38
177
95
53
31
95
38
32
54
150
31
250
250
69
95
38
74
150
54
95
154
180
123
242
32
226
180
147
181
53
250
114
144
244
150
205
204
11
154
38
103
28
123
129
11
105
51
244
42
38
250
118
178
31
106
55
118
62
55
129
249
105
244
248
11
53
176
26
96
57
193
94
103
214
192
150
249
57
178
129
96
129
129
244
168
168
176
101
233
134
237
163
192
193
38
190
107
201
129
10
69
106
243
30
249
255
101
28
129
181
249
210
14
210
122
101
57
122
84
160
113
113
88
101
38
32
178
58
145
150
106
19
30
178
113
230
88
135
129
33
30
210
14
11
64
178
106
235
28
154
243
65
192
106
179
2
33
224
28
63
105
109
244
178
170
170
247
114
101
129
170
240
110
249
70
105
193
183
71
28
113
73
3
27
167
174
28
235
92
32
147
27
33
215
73
101
70
88
220
240
196
204
171
183
168
109
237
215
58
65
101
226
109
167
122
109
235
116
73
195
109
167
12
137
2
212
85
180
6
63
201
166
179
107
194
59
145
2
236
88
196
75
109
79
38
1
187
235
78
38
121
122
65
178
172
35
137
181
28
6
2
129
208
85
138
217
19
55
32
90
106
195
219
204
41
236
38
119
32
88
132
187
63
79
101
145
252
190
49
108
8
79
180
204
90
236
63
128
38
37
14
13
38
245
110
182
38
190
21
147
107
178
180
131
181
215
154
175
235
101
89
184
183
236
8
252
132
252
22
236
219
252
33
53
216
205
9
167
238
237
204
96
240
32
193
78
109
215
118
38
153
82
93
77
226
255
89
116
246
109
219
181
184
16
29
211
181
205
114
149
149
184
109
118
101
60
16
129
226
67
205
88
154
88
137
38
139
38
187
179
142
193
181
245
46
94
118
217
219
211
181
37
63
235
28
172
193
144
88
11
154
53
59
248
19
62
226
62
246
235
233
175
116
47
139
13
134
250
203
183
246
219
181
181
144
58
170
219
167
210
38
68
116
135
181
70
90
179
255
122
170
101
96
47
197
179
114
177
177
228
2
175
170
248
226
68
246
22
60
187
154
24
233
202
1
79
178
24
190
63
134
70
10
233
122
183
205
117
22
248
78
108
51
57
86
255
90
164
25
226
24
60
77
28
63
10
233
137
112
59
168
79
81
199
246
112
199
142
233
86
227
137
38
79
226
79
2
172
226
248
216
187
150
122
108
227
233
228
172
192
25
44
31
10
88
233
101
19
172
226
168
86
101
228
183
180
154
226
28
142
70
109
82
46
24
149
193
241
64
63
60
183
178
227
134
51
224
63
183
222
154
228
187
228
181
116
241
173
53
117
97
86
168
236
151
181
119
177
5
156
233
86
120
162
168
193
15
67
6
131
107
118
229
47
76
63
120
184
3
65
82
179
168
224
154
233
183
54
66
178
236
235
192
219
6
109
120
203
17
156
242
122
181
223
120
226
141
79
168
109
193
184
118
17
109
89
228
122
235
234
252
246
122
43
198
125
129
145
5
246
250
53
125
79
184
63
59
131
4
114
102
42
125
90
69
226
168
103
63
11
184
183
223
222
226
137
1
102
228
198
210
168
46
187
226
74
96
11
226
107
75
226
181
185
131
229
117
178
163
150
125
102
226
46
210
132
97
256
33
47
235
167
193
248
211
107
88
53
14
228
181
33
9
60
225
137
179
225
187
136
53
31
90
48
222
71
88
44
109
40
183
9
50
241
18
59
235
26
90
168
188
121
220
199
53
233
125
224
118
115
50
227
30
216
250
79
217
155
150
168
116
80
70
85
17
113
79
226
2
1
196
88
131
228
26
14
55
26
46
246
82
189
88
182
107
50
117
32
70
122
46
109
131
136
53
137
9
109
178
210
192
227
137
14
196
85
120
179
226
224
119
182
100
78
76
171
178
250
176
33
122
2
135
118
133
2
53
226
15
53
178
241
30
117
53
4
137
179
44
163
221
2
137
53
137
153
233
177
179
137
