252
201
212
6
79
106
106
81
14
116
239
14
201
13
111
77
96
130
74
180
67
67
174
256
196
249
249
194
31
191
55
55
93
23
95
249
176
249
117
31
95
31
62
62
176
162
95
103
62
201
176
249
14
33
256
74
135
176
97
21
221
59
148
117
115
130
141
97
99
150
58
33
33
176
181
97
42
88
62
109
115
130
22
62
253
84
84
194
74
42
249
253
97
75
183
115
18
18
215
132
74
253
82
9
9
31
235
97
95
224
82
82
131
74
85
95
221
249
121
172
182
39
114
42
97
181
220
172
82
231
76
129
196
40
176
228
178
249
150
239
49
185
127
9
120
237
3
249
199
58
1
212
9
196
20
127
237
145
75
135
29
218
229
135
130
229
39
222
141
153
146
181
109
135
221
99
10
56
212
214
146
129
9
67
222
95
55
67
202
80
74
221
67
237
33
138
67
3
60
58
117
148
132
171
229
237
99
41
135
55
117
44
27
40
220
109
67
99
62
153
95
205
94
33
16
174
85
127
212
136
106
194
55
208
129
181
106
217
94
108
126
148
105
13
136
216
27
88
206
135
191
29
191
135
33
135
59
194
181
29
202
40
33
135
1
136
44
121
130
88
60
189
240
110
78
176
84
35
13
128
48
3
152
34
172
166
40
109
114
112
15
205
205
40
15
89
172
52
165
129
105
105
136
212
55
50
240
109
139
72
172
1
252
105
63
47
131
195
124
34
99
63
105
109
205
185
83
109
103
131
37
215
205
42
176
216
88
77
44
229
238
123
168
9
9
33
71
104
82
63
121
136
109
99
230
12
84
60
84
132
150
122
64
172
131
117
124
249
205
217
196
252
195
100
147
205
256
63
107
37
203
114
114
103
206
237
170
58
71
250
176
123
136
47
249
104
178
129
223
122
37
240
115
33
170
29
182
150
252
23
101
205
97
115
23
23
114
244
183
150
176
71
171
251
129
158
199
117
169
209
37
49
30
142
211
171
135
44
136
114
217
113
105
47
84
109
92
110
109
77
37
110
26
110
205
26
26
101
128
146
217
230
29
122
94
223
150
188
77
150
71
186
29
84
109
9
31
216
101
136
26
125
242
150
115
35
218
256
9
172
24
247
170
195
49
122
30
50
170
178
198
40
39
171
174
74
84
101
182
137
157
151
84
137
84
58
171
168
198
240
73
197
117
171
135
50
101
230
121
241
40
198
241
168
250
115
162
29
244
162
99
178
224
249
29
219
227
162
84
60
29
84
24
198
117
171
256
162
240
244
84
129
29
10
99
23
85
226
89
84
36
128
249
37
142
253
171
37
184
146
211
43
62
135
247
31
28
84
230
244
55
137
256
117
84
146
121
84
166
50
100
104
252
15
247
89
84
33
50
97
193
204
170
162
171
241
4
186
216
31
230
91
153
188
84
55
256
65
19
157
214
99
249
226
186
214
153
117
84
154
176
62
206
128
105
169
117
91
195
52
84
141
8
23
202
84
200
32
19
1
38
145
162
146
27
217
11
29
102
14
217
72
162
38
230
240
154
75
169
169
154
179
84
217
142
256
91
121
148
146
48
150
155
144
247
172
194
170
256
9
129
115
236
76
29
1
196
76
84
248
115
118
26
249
136
52
1
115
17
213
172
230
230
157
115
101
141
170
208
121
227
42
154
9
45
14
170
32
178
31
183
210
189
216
188
154
91
146
241
215
122
230
136
237
186
202
190
70
117
162
108
91
241
189
206
102
214
146
115
162
186
22
256
256
52
115
253
89
50
127
243
165
138
230
249
145
30
73
115
153
96
166
214
131
249
227
253
75
256
240
53
115
189
84
94
203
117
154
245
255
182
240
210
153
236
215
169
155
74
213
170
243
23
53
35
217
175
2
241
249
213
157
16
131
70
146
178
86
178
178
31
247
62
91
33
52
252
141
162
100
256
139
176
256
112
236
248
73
238
112
121
73
188
16
249
210
252
142
178
35
133
169
216
161
241
110
178
196
44
91
35
29
106
207
112
79
140
11
196
182
110
252
84
9
178
48
32
44
197
256
141
26
82
23
101
153
256
176
35
103
70
102
104
131
131
110
235
154
118
26
77
114
217
74
237
122
186
249
141
210
115
10
77
115
84
179
199
202
140
67
144
178
115
228
35
35
99
103
50
53
157
200
213
42
115
133
176
154
100
1
55
161
256
178
164
214
235
106
228
26
213
84
55
176
50
102
53
162
169
155
26
30
122
114
131
189
42
104
203
144
157
228
153
162
197
170
131
13
240
214
250
178
252
38
42
169
161
42
256
37
57
103
124
192
103
157
26
44
115
62
210
155
84
130
101
157
176
63
117
240
76
16
123
216
80
135
210
35
26
122
55
27
32
232
56
13
25
214
35
190
77
11
82
26
82
157
53
116
142
175
117
41
213
15
244
178
133
157
10
230
115
190
153
208
56
42
230
82
255
42
31
255
33
230
202
189
42
186
26
97
214
216
52
249
227
157
213
144
195
192
10
188
196
157
244
77
149
163
21
220
114
169
53
137
74
86
5
115
216
23
70
131
188
35
147
42
169
247
216
249
197
11
230
233
215
230
105
93
115
86
41
82
230
100
183
155
82
26
106
241
76
219
3
70
188
57
15
250
110
221
39
77
47
76
102
211
227
86
42
66
110
42
115
84
120
228
15
91
115
60
157
44
140
45
31
204
159
242
49
26
3
42
216
32
237
26
150
176
196
207
213
10
73
212
106
145
153
192
189
163
241
178
95
35
209
100
151
213
70
202
57
82
26
117
153
197
25
102
144
102
189
33
115
179
100
226
33
241
72
25
238
72
204
248
219
65
134
192
115
139
247
70
12
104
13
26
52
102
49
199
197
44
69
172
23
82
252
70
137
214
218
137
34
35
256
189
82
124
226
145
202
214
163
131
226
100
196
230
73
197
73
214
25
197
84
197
192
184
50
197
207
159
96
110
230
117
207
247
150
25
117
196
128
220
13
220
86
113
70
10
56
115
76
201
256
64
52
176
53
219
23
19
214
134
214
219
190
54
256
42
72
186
26
38
13
220
161
192
213
243
213
189
82
26
242
180
44
197
163
134
163
219
230
256
226
256
197
7
53
199
8
215
70
249
115
45
193
218
77
134
178
42
124
49
113
213
133
68
131
47
155
186
70
193
207
65
163
64
148
13
155
190
190
232
202
161
197
220
34
256
48
144
43
249
240
82
238
72
148
33
94
133
73
3
82
155
42
149
108
44
197
72
133
55
163
144
82
256
22
115
205
210
255
42
72
200
159
148
157
57
