80
166
80
211
58
65
128
211
1
113
113
59
195
75
113
40
65
28
8
128
75
92
206
28
128
206
140
65
28
211
8
1
40
191
113
75
132
13
206
215
132
20
224
128
121
13
229
217
71
123
136
179
140
217
128
68
211
200
217
28
114
123
136
195
8
195
132
114
21
71
92
88
188
77
209
80
95
171
188
215
243
110
230
77
171
136
162
188
54
28
185
132
114
162
92
209
34
248
226
222
93
180
127
239
226
54
113
109
140
24
71
29
95
113
165
37
191
60
114
92
145
101
91
206
136
171
34
1
143
91
164
251
209
128
224
114
222
133
251
58
109
239
42
250
146
60
122
24
101
179
236
117
174
114
207
132
168
135
84
216
195
250
117
71
217
250
223
222
68
174
143
37
236
240
93
28
145
217
124
84
101
235
91
109
18
20
114
8
72
216
109
75
136
217
184
92
121
155
234
42
75
92
174
184
184
177
250
204
72
184
167
15
155
84
229
96
131
97
28
84
123
15
237
8
167
171
188
188
184
250
96
43
15
95
135
101
183
92
150
131
172
174
42
184
18
91
8
60
210
15
183
77
120
231
172
58
71
199
89
188
72
138
75
137
114
184
250
171
239
150
143
84
76
117
28
94
205
184
205
28
24
72
68
172
94
71
137
24
72
40
212
46
249
77
175
46
24
37
94
117
78
114
78
217
43
245
138
28
192
251
172
17
205
184
205
168
205
168
109
15
92
103
24
231
52
223
52
222
43
241
52
251
200
204
241
180
217
19
168
71
137
180
39
29
124
208
138
132
211
96
107
46
129
123
24
172
42
171
171
208
94
217
216
92
95
44
137
78
132
136
150
168
28
241
36
37
250
25
120
72
216
114
52
77
109
22
171
84
49
4
46
168
49
174
168
80
217
232
205
80
24
72
199
171
122
99
252
131
211
15
226
122
206
226
212
36
217
42
217
46
180
78
68
37
116
11
141
188
249
131
230
184
78
37
114
13
185
141
133
15
231
42
141
116
109
171
246
18
246
155
37
195
101
184
102
168
132
13
217
197
197
4
216
117
131
70
60
43
78
128
42
88
135
148
211
171
164
135
102
226
118
182
80
9
37
217
137
168
52
83
106
188
19
199
81
158
195
149
43
141
94
137
190
138
34
81
54
198
256
118
78
85
149
97
37
119
223
180
66
33
200
132
194
167
254
168
37
248
160
83
142
88
53
66
188
46
92
133
148
133
37
46
249
227
137
137
142
128
250
68
116
252
114
72
152
78
105
171
142
224
114
168
63
77
179
78
70
244
99
37
53
144
168
22
223
168
149
171
138
57
33
139
58
124
215
194
154
135
57
119
185
227
101
37
2
59
131
207
231
217
59
2
119
171
168
26
26
171
165
141
185
172
97
142
66
4
4
4
60
80
186
40
169
22
119
113
142
58
226
75
61
95
241
144
149
199
200
193
226
101
132
218
135
207
186
124
4
131
57
113
39
115
214
191
188
30
204
184
171
33
2
216
142
199
171
184
114
167
90
33
30
67
104
191
80
109
107
52
185
44
191
118
10
82
142
227
227
