33
51
51
249
51
51
51
80
54
135
127
59
177
54
54
54
246
54
33
51
177
177
177
54
177
246
154
135
177
94
94
186
172
87
83
127
246
51
118
84
51
127
123
172
174
94
105
92
256
220
179
28
186
123
248
118
123
248
123
94
28
69
57
246
57
38
118
146
123
248
134
25
92
92
26
51
28
94
129
226
94
246
69
196
129
246
238
226
174
51
246
57
118
162
51
9
102
51
12
92
52
226
51
92
199
94
122
94
92
177
226
129
92
85
129
216
246
248
246
44
57
52
246
105
52
94
179
44
219
94
164
248
122
26
118
76
52
92
219
39
92
9
246
169
219
238
38
44
26
92
177
92
246
219
67
220
94
246
154
118
106
102
219
85
92
199
13
26
220
174
99
246
115
173
79
118
85
92
60
85
174
181
92
164
121
92
97
92
129
69
159
97
92
38
238
187
174
189
92
99
92
62
205
118
192
20
35
129
37
92
9
5
226
86
26
99
52
91
16
181
118
37
31
92
174
19
256
256
64
246
81
246
92
118
85
192
139
4
159
77
76
118
1
172
145
252
79
187
54
157
180
157
230
120
222
192
82
4
238
168
246
118
4
76
127
12
248
114
175
157
16
37
75
220
235
171
222
85
178
99
161
5
115
248
37
60
63
70
226
114
173
60
139
60
249
241
197
140
91
170
202
12
26
118
46
233
32
153
1
108
82
108
137
9
236
192
75
168
105
167
99
12
69
216
176
140
114
157
183
92
82
16
32
192
106
242
4
133
157
174
22
106
189
106
190
79
181
119
92
64
189
148
116
171
241
201
102
46
186
163
147
79
12
127
248
82
92
71
158
100
50
94
140
100
34
213
183
100
39
127
157
14
12
255
254
92
54
32
111
31
4
51
159
93
220
230
92
168
60
246
148
216
189
82
100
140
157
163
189
100
137
57
100
139
4
77
90
119
26
79
4
149
4
54
139
148
187
114
183
69
157
213
189
164
92
8
149
157
15
156
131
134
173
187
92
110
219
100
79
222
148
117
77
6
157
87
39
12
200
248
227
79
64
168
13
180
35
133
86
127
4
64
155
5
183
236
64
164
89
9
79
102
118
173
172
157
82
100
156
118
73
157
197
202
145
46
127
252
140
157
79
21
21
215
51
137
12
56
79
20
183
34
4
223
245
82
106
12
4
222
56
56
222
210
210
60
189
92
163
227
187
171
133
100
21
114
109
57
74
126
109
118
11
79
133
164
119
237
212
79
158
89
34
242
57
189
100
64
119
159
76
245
189
142
91
109
125
5
158
192
100
150
134
56
116
175
44
245
136
60
12
18
100
3
142
45
77
70
48
155
134
222
110
108
215
116
77
245
5
15
189
106
155
222
222
134
56
48
90
148
4
116
188
215
167
157
181
42
214
189
13
60
26
58
187
60
82
153
69
220
149
4
117
79
124
82
220
243
57
117
139
222
158
50
187
192
157
242
76
82
12
73
109
139
236
150
79
245
45
155
5
100
4
115
5
43
104
247
90
247
110
187
153
126
100
4
4
56
34
144
62
3
163
3
117
10
247
213
96
101
140
157
118
172
155
137
66
106
251
145
153
181
137
4
140
86
206
253
56
168
116
83
251
167
253
52
134
79
61
28
216
133
230
235
97
117
57
245
255
82
56
207
108
160
55
123
28
57
60
12
56
242
174
153
187
12
109
56
154
161
106
241
253
232
44
56
108
70
8
86
134
158
173
236
48
14
76
100
4
133
108
214
46
155
198
9
198
247
200
139
227
101
28
4
134
69
65
14
133
131
79
78
185
204
216
13
157
163
57
83
45
52
132
161
157
105
103
238
6
64
4
116
179
133
168
12
32
43
139
4
15
68
101
88
149
64
86
70
44
192
235
45
55
254
86
55
149
4
5
115
181
5
150
110
116
233
23
69
104
134
39
157
153
173
86
82
105
134
167
55
82
78
113
12
232
168
157
61
2
159
251
245
134
157
193
57
241
101
114
52
14
118
158
155
155
207
139
238
184
42
35
182
31
56
197
235
213
227
23
222
56
119
232
77
202
60
82
242
147
126
190
187
161
216
151
43
157
127
164
163
147
149
187
13
213
56
82
249
248
10
39
39
36
43
79
19
161
86
86
14
253
189
133
19
149
133
86
196
192
237
211
255
57
4
86
56
193
171
19
32
226
163
10
133
121
122
14
86
32
124
115
99
196
118
163
189
232
226
13
133
43
13
57
207
170
57
69
216
147
108
12
61
212
86
14
88
192
197
242
4
32
26
140
232
218
82
147
115
228
91
50
72
96
57
61
117
196
220
163
163
171
124
82
91
215
128
122
232
79
4
19
26
134
189
212
104
117
197
228
88
155
82
91
150
48
124
196
163
213
149
228
14
52
79
173
133
249
218
108
216
255
42
82
187
232
232
14
56
77
48
109
215
70
96
175
161
196
21
124
155
4
155
52
163
159
182
134
213
4
148
153
115
189
122
86
173
198
217
82
4
184
119
103
106
133
163
45
124
245
104
148
213
42
213
157
56
172
14
132
122
148
163
163
86
160
56
134
4
43
4
30
250
232
214
4
72
211
232
131
161
157
42
115
86
76
158
124
253
210
232
