121
93
42
127
6
147
90
93
73
31
240
183
81
250
154
122
138
190
93
21
145
164
31
184
55
95
76
122
250
194
171
138
200
101
58
54
171
171
17
250
73
31
230
108
31
103
250
250
146
126
128
253
31
92
33
190
151
171
242
36
101
6
108
66
249
208
58
108
69
52
164
176
73
95
176
208
116
128
95
104
55
41
95
30
95
151
14
171
144
186
76
144
34
145
74
142
101
176
80
137
25
101
237
59
21
195
144
60
127
211
219
31
115
126
196
121
65
220
15
55
59
129
58
251
240
101
74
164
203
97
137
123
179
88
219
30
140
121
87
128
253
25
199
215
139
174
94
76
182
52
13
129
239
169
29
38
25
182
220
241
87
88
44
154
229
129
31
144
2
235
233
241
253
239
115
222
97
147
109
190
14
140
97
202
226
79
178
74
5
5
59
196
79
121
169
183
182
90
16
51
32
64
6
242
55
129
192
220
210
181
49
210
34
21
242
223
142
237
194
6
201
127
221
128
162
201
142
60
240
38
195
230
43
243
64
142
83
129
220
105
76
227
31
228
79
253
3
90
94
29
94
47
77
70
235
187
161
135
103
29
220
91
42
167
225
143
30
64
65
94
22
66
201
3
242
222
64
45
172
106
243
88
225
6
9
241
19
132
110
64
66
233
103
105
252
199
171
77
201
183
216
73
170
128
128
174
174
250
31
252
77
205
217
180
235
144
253
131
9
3
128
58
66
128
147
166
221
76
86
206
174
199
37
144
243
108
9
183
83
86
37
10
66
98
117
113
128
94
106
21
185
201
60
128
244
16
34
142
94
191
243
167
233
164
13
253
150
149
167
184
158
88
110
66
58
23
229
110
13
58
118
86
98
69
90
66
201
10
167
252
22
142
211
83
167
94
174
89
96
101
154
22
210
187
118
106
220
99
207
142
185
243
38
174
74
95
174
248
120
37
196
169
88
222
83
96
214
219
94
111
59
136
19
223
71
25
19
40
193
9
223
167
188
74
249
147
219
118
248
66
8
235
243
76
88
31
193
57
243
219
183
212
222
129
131
66
149
109
38
32
137
2
45
82
139
219
174
90
196
209
97
19
125
45
149
106
45
76
95
196
86
47
45
118
95
148
66
24
248
64
183
242
9
147
63
104
140
103
92
88
106
33
237
149
108
195
71
51
94
16
21
170
40
32
86
184
220
238
34
196
228
131
34
28
179
235
9
172
120
70
70
69
195
256
235
132
54
60
146
221
237
241
105
8
200
23
64
6
145
59
88
64
184
35
226
145
139
45
117
241
66
57
24
212
83
169
94
111
241
149
76
94
94
102
101
21
210
175
45
253
129
14
137
15
73
203
14
144
251
76
54
220
229
206
145
238
102
117
256
9
88
60
83
34
10
210
181
241
79
64
214
123
26
4
167
167
183
167
111
16
127
32
191
238
83
228
214
238
242
108
104
159
203
9
102
65
222
250
9
76
38
166
235
123
72
58
185
236
127
253
34
88
193
174
223
238
72
10
241
44
137
27
69
83
212
192
250
134
8
122
172
149
183
64
51
205
1
238
71
100
106
149
83
135
239
49
228
36
77
142
144
81
139
90
106
22
83
230
76
163
107
129
252
72
97
179
167
72
210
256
6
57
233
245
28
148
238
88
60
228
106
23
144
211
10
15
16
124
247
91
154
217
160
220
107
64
79
91
220
131
204
211
103
239
235
215
23
241
212
6
106
61
186
240
129
179
227
44
83
106
69
102
240
115
70
219
210
163
219
132
185
57
61
231
90
131
228
15
117
148
189
96
145
24
58
86
61
169
183
131
12
74
235
159
217
3
169
9
101
203
139
228
103
35
61
97
64
230
251
145
170
142
184
236
101
179
89
110
242
24
172
140
240
95
189
108
129
147
172
10
129
69
61
149
238
61
63
76
139
253
104
93
122
120
237
189
19
219
238
245
129
220
239
1
79
233
9
248
231
9
245
47
190
9
96
245
219
212
219
136
13
186
11
201
201
69
61
224
225
199
99
215
26
77
207
247
168
160
252
240
106
105
242
104
142
158
167
122
133
69
248
133
60
72
92
61
16
9
219
34
123
197
47
121
56
12
94
139
207
192
106
250
89
207
76
211
71
228
87
106
92
242
237
211
190
219
34
150
242
129
15
237
57
190
221
76
32
77
238
249
72
79
129
190
90
13
137
106
76
207
86
243
85
219
53
193
170
192
237
50
189
231
22
26
199
189
71
25
146
101
248
12
35
49
197
251
237
137
70
64
238
62
150
34
172
166
163
127
56
220
220
83
229
245
150
121
19
163
64
236
38
248
85
6
63
120
52
96
27
160
69
94
178
194
250
131
9
9
146
72
197
213
111
236
16
18
121
225
1
146
229
1
201
14
167
44
103
167
104
96
82
220
249
14
246
9
9
237
255
19
12
10
210
189
221
222
26
104
157
247
129
38
163
232
14
101
214
160
189
237
229
9
88
145
26
249
144
177
69
57
218
69
25
97
154
128
16
148
169
196
228
242
108
117
105
18
9
178
142
148
190
146
104
9
133
56
221
215
240
42
94
12
34
6
96
24
76
11
120
5
221
249
94
192
139
232
202
129
35
64
140
34
94
242
222
48
196
178
219
132
110
103
139
26
167
170
9
236
241
122
241
163
12
49
157
250
159
83
8
245
226
244
175
21
236
69
56
159
64
247
186
44
149
86
195
56
114
44
201
122
107
237
236
9
19
99
248
190
56
149
192
158
169
186
108
50
166
126
240
39
252
157
60
48
110
221
56
193
160
149
108
216
178
64
227
149
242
10
120
252
201
167
39
9
42
130
72
83
1
89
94
1
34
64
159
76
241
223
237
193
249
94
26
54
253
249
60
29
120
73
140
120
64
228
64
179
84
26
105
34
207
178
104
5
233
237
9
19
147
212
40
72
69
178
147
219
9
27
11
50
223
86
178
170
240
9
11
110
178
223
159
253
13
249
169
105
55
238
240
256
67
147
212
99
120
236
90
44
244
145
178
219
120
178
55
31
94
9
111
94
94
9
61
57
76
65
164
256
24
60
189
96
197
242
140
44
199
172
230
219
6
147
8
9
120
163
71
237
154
93
91
69
186
147
9
88
218
79
201
106
56
108
112
249
238
252
238
104
89
45
252
79
45
147
74
238
40
247
85
178
115
197
85
26
148
120
248
9
28
66
139
147
48
76
71
20
232
12
175
131
197
108
18
238
174
172
197
166
157
199
120
96
34
83
26
26
141
53
229
147
219
140
39
184
61
9
147
91
189
105
235
192
19
149
10
2
72
8
8
26
212
198
120
39
43
62
93
197
123
190
102
102
172
34
149
128
9
186
45
39
91
35
83
199
12
190
192
219
251
178
223
106
139
207
108
120
150
193
149
163
14
238
252
120
203
26
17
16
190
175
72
87
240
89
238
147
76
120
238
194
42
116
91
120
163
120
48
72
18
91
34
120
149
149
169
10
199
108
26
61
34
121
110
56
61
197
124
81
198
66
60
215
161
99
221
139
39
149
227
193
103
201
82
147
156
187
196
61
32
163
133
174
170
174
130
197
150
99
69
94
189
26
104
133
227
249
215
197
161
147
120
242
169
124
19
120
145
228
250
133
17
18
49
221
9
150
91
214
15
256
25
219
72
120
45
199
120
120
91
59
69
108
252
81
120
179
223
48
120
31
249
120
178
189
117
86
133
19
199
32
86
214
215
120
238
10
69
58
115
45
91
108
45
218
10
99
187
72
156
45
