80
80
146
80
146
31
80
146
146
162
162
55
80
162
256
80
80
146
80
256
31
164
150
146
146
84
84
162
162
162
31
84
162
162
162
256
84
31
162
80
203
80
162
84
84
84
249
84
80
146
84
84
162
202
7
74
84
162
80
162
256
84
202
162
202
52
256
162
162
176
166
166
80
162
146
80
84
146
58
84
162
162
95
84
186
162
144
128
162
136
230
256
80
95
96
146
162
80
80
150
80
164
150
150
146
55
84
256
55
249
191
106
55
198
95
80
73
34
80
126
126
80
112
106
166
55
146
209
46
143
191
136
138
14
116
211
126
143
38
40
186
209
96
138
211
73
59
201
248
84
106
97
106
111
204
205
195
184
182
126
238
40
183
136
38
111
88
126
238
205
128
226
143
76
145
106
111
95
168
143
111
111
111
243
96
96
186
37
111
151
205
40
96
225
111
248
127
182
95
111
220
211
63
14
107
211
107
52
38
111
138
34
144
111
38
87
243
111
97
111
184
111
145
168
193
6
87
40
40
90
249
126
111
154
91
242
111
98
168
194
174
97
77
193
169
203
90
96
87
47
158
90
77
116
111
14
186
111
145
221
19
75
206
98
111
138
106
111
111
63
77
256
58
111
170
149
249
63
12
84
154
229
81
77
230
171
126
194
52
63
127
249
124
98
220
63
103
146
222
111
128
106
169
17
70
6
67
208
107
108
230
47
88
237
199
98
64
236
222
225
171
170
168
248
98
53
6
253
98
243
103
171
98
51
225
58
109
95
159
85
109
103
111
46
225
225
47
47
98
138
152
231
111
182
168
225
128
229
129
65
243
109
78
109
144
89
138
171
243
168
28
153
65
138
41
121
30
122
206
95
168
50
149
222
230
72
158
147
243
75
109
121
97
103
175
208
230
28
241
98
225
20
85
254
93
58
58
128
103
56
18
231
5
6
63
31
2
113
169
225
89
251
77
211
160
131
55
67
117
242
150
110
20
110
122
61
256
223
242
182
242
129
203
160
87
124
203
193
77
77
222
74
233
218
190
162
2
54
32
109
81
107
58
165
108
96
238
33
208
142
18
223
28
70
180
109
110
237
142
76
117
145
51
59
159
193
145
239
191
183
192
80
190
74
55
162
60
152
113
60
207
63
158
142
228
192
191
254
226
122
243
127
206
106
113
171
95
120
105
120
8
62
129
254
139
113
44
56
67
127
141
207
55
189
120
44
206
52
77
184
117
154
13
26
209
127
53
77
137
256
77
26
141
128
31
39
11
233
172
79
179
244
80
127
120
44
184
124
133
145
179
198
41
213
84
122
137
155
39
119
171
142
79
207
256
233
233
75
208
104
79
42
72
42
213
72
120
154
250
106
166
57
72
219
205
184
33
208
198
207
197
77
249
185
211
46
97
215
202
42
124
7
124
135
104
72
24
31
12
63
96
84
46
246
207
207
184
249
197
120
204
122
202
52
192
4
133
104
49
138
207
57
195
254
67
206
206
51
197
247
117
49
179
136
133
13
82
155
23
178
215
103
73
12
120
25
63
52
239
15
249
36
82
199
155
46
85
230
150
232
162
157
104
54
249
239
42
247
197
145
224
124
242
137
249
157
23
255
19
202
53
159
255
177
224
116
48
80
84
230
144
150
137
202
157
157
255
157
178
157
224
215
42
213
120
137
215
