106
106
126
212
106
126
71
79
106
161
79
126
26
106
106
106
69
216
215
50
184
213
218
12
25
56
218
84
218
140
56
9
25
99
174
163
10
84
25
140
213
161
215
26
26
174
213
140
9
202
202
84
189
207
42
32
163
202
26
86
232
207
9
199
177
42
91
42
84
94
209
106
26
3
199
149
154
242
3
42
167
26
165
149
208
99
199
177
218
45
230
218
53
167
150
53
104
189
218
179
218
94
218
167
72
104
215
199
157
157
94
42
189
164
99
207
105
73
50
214
218
14
168
165
218
214
164
3
86
110
104
106
110
247
235
155
168
104
154
52
138
218
52
218
232
10
99
74
38
162
174
72
232
115
73
56
91
247
131
139
63
67
164
50
44
216
133
174
162
52
106
247
247
221
25
159
105
174
218
177
232
69
74
38
133
104
199
129
84
167
114
32
67
104
140
73
164
104
114
69
174
63
32
29
199
102
247
202
239
214
219
207
72
174
202
129
38
178
72
67
199
216
9
32
104
106
128
139
72
161
239
174
104
183
174
55
218
104
117
218
9
216
174
120
39
9
219
164
38
73
99
199
42
136
174
167
29
94
218
55
73
174
116
115
89
251
32
139
94
199
69
218
167
251
85
174
199
219
138
72
247
101
181
94
94
251
155
73
23
115
184
32
32
170
218
203
23
241
23
207
218
104
239
104
218
73
63
216
210
251
99
148
247
52
194
115
224
216
158
210
85
243
229
99
247
233
120
9
189
218
174
210
1
148
247
218
247
99
9
123
247
26
232
133
181
207
247
140
94
42
242
218
37
9
154
193
232
213
26
224
131
97
99
202
218
72
155
171
43
85
72
215
218
99
72
105
25
178
207
42
243
247
174
115
103
133
72
213
99
233
168
27
171
94
171
226
29
218
213
55
199
85
99
15
9
99
29
162
232
218
15
233
26
207
207
216
210
232
210
247
161
115
66
155
133
232
52
243
178
52
72
255
52
207
178
232
235
213
216
94
232
115
94
202
232
29
29
184
174
216
94
99
174
69
115
215
27
232
197
210
133
69
218
210
16
150
174
215
69
87
133
99
210
110
256
33
197
15
91
210
162
133
207
235
131
63
190
145
213
213
255
82
39
219
9
174
216
44
247
147
77
31
184
247
73
216
174
15
77
94
72
133
104
230
207
174
58
73
82
256
213
210
202
85
218
213
106
207
15
27
228
158
91
133
82
163
197
73
197
218
150
38
48
9
150
235
72
255
73
133
115
133
138
230
84
218
124
73
238
215
256
85
131
162
84
86
29
232
69
82
56
197
218
174
133
52
86
26
197
133
76
139
137
72
133
255
53
72
82
213
124
126
213
163
124
45
163
157
155
