208
208
62
208
208
110
136
112
208
208
26
123
51
162
162
143
147
162
220
162
114
147
211
150
26
17
211
147
123
74
211
178
105
162
228
88
74
208
74
88
228
34
150
230
55
95
75
77
86
94
29
88
115
25
104
237
104
237
87
76
3
184
188
202
153
213
184
165
87
3
86
174
220
54
62
174
54
177
164
97
140
74
202
174
177
2
34
64
30
94
71
126
85
94
247
220
140
140
177
140
178
2
85
86
174
30
220
177
165
127
177
220
140
220
83
177
9
194
153
71
220
51
216
94
84
50
181
124
140
2
15
115
51
85
200
220
115
220
232
77
178
51
15
78
109
205
163
47
151
220
74
177
199
3
210
194
205
243
193
115
193
39
95
216
50
17
85
158
202
62
30
131
161
194
12
138
194
140
178
123
140
30
17
30
123
77
145
145
2
127
210
199
17
25
123
50
82
98
205
198
129
140
9
165
15
53
69
123
38
44
67
110
118
95
151
42
52
12
109
242
95
205
143
43
25
67
126
143
207
174
143
136
188
77
158
21
73
118
67
90
118
143
251
57
118
38
230
163
84
29
205
162
157
50
99
69
194
53
249
44
66
114
17
157
193
246
4
254
50
165
67
165
82
209
2
235
231
90
20
95
140
118
110
154
157
67
206
242
20
52
23
123
52
176
123
182
154
110
12
202
162
205
143
206
18
124
123
156
12
235
205
67
182
14
118
216
162
198
182
42
14
182
205
224
182
182
182
18
206
51
209
159
75
217
212
50
165
95
88
51
181
212
162
244
118
17
222
181
243
4
51
217
20
37
165
222
176
95
209
217
250
231
161
68
71
217
44
112
81
51
249
154
105
84
243
54
28
181
81
128
162
94
89
231
114
94
208
53
184
125
249
17
206
209
55
125
221
125
104
209
217
161
54
249
143
94
249
216
52
31
85
174
72
118
250
209
164
227
225
135
125
217
31
66
165
172
125
236
128
251
251
222
103
63
66
209
211
243
3
26
209
101
92
231
144
123
72
226
171
92
206
15
8
45
78
115
37
203
143
62
114
95
127
117
62
225
217
209
219
24
239
54
226
95
162
17
209
215
171
188
4
217
139
150
239
250
189
158
66
89
59
209
37
245
76
226
188
33
9
150
158
17
150
189
9
249
243
153
155
164
206
25
148
79
227
163
174
143
159
159
93
101
72
222
43
8
68
137
144
171
70
37
37
113
137
153
4
150
33
115
200
220
9
171
220
212
17
245
123
111
56
171
235
3
75
209
215
189
118
217
206
76
192
39
245
209
4
3
174
217
76
55
44
168
199
9
8
147
54
150
74
176
211
234
75
13
123
153
145
84
209
34
217
126
177
28
254
245
9
74
245
253
171
153
165
44
211
79
208
231
67
44
188
209
28
168
67
1
189
113
172
67
28
67
72
54
231
234
251
234
115
57
148
153
54
162
168
255
4
126
182
160
29
245
208
150
123
3
217
153
3
105
245
162
24
255
234
28
28
45
77
146
8
221
211
51
32
114
114
45
211
220
209
255
123
9
85
125
82
230
106
54
17
254
13
97
92
255
209
80
87
123
27
53
98
88
105
58
168
9
133
208
42
202
49
213
172
98
245
49
155
123
87
17
206
252
255
168
188
98
91
92
250
214
188
110
230
113
29
206
18
98
188
78
205
205
217
140
53
255
9
252
217
32
3
155
167
164
206
81
26
61
209
252
49
170
217
205
4
9
127
100
26
206
52
95
205
98
123
70
54
205
58
113
205
54
238
26
4
55
58
206
188
212
167
124
105
246
118
3
188
162
206
115
180
29
123
4
98
28
129
91
221
92
157
66
154
147
38
254
238
170
134
198
212
78
193
246
221
200
217
168
210
55
111
120
210
212
8
205
255
205
4
173
13
210
122
255
152
246
246
227
62
246
133
123
213
182
206
156
118
205
200
246
217
171
120
68
173
163
53
173
37
156
78
58
81
92
247
207
68
15
247
255
137
92
246
156
