162
162
146
39
176
243
25
256
176
191
191
176
191
160
98
151
17
55
151
31
151
22
42
256
31
44
22
151
130
151
98
237
22
160
108
8
142
71
144
50
151
201
55
17
113
8
237
160
244
98
49
27
160
244
30
33
55
244
50
27
144
62
21
151
241
244
231
186
92
251
143
27
27
75
70
27
8
31
241
106
44
106
151
181
106
234
17
171
107
171
14
137
225
181
151
206
95
181
110
59
59
5
59
14
182
67
137
241
59
65
229
181
81
206
27
121
7
253
30
65
74
160
141
77
67
253
59
110
182
62
40
89
156
141
194
231
1
70
150
96
141
144
217
92
246
160
38
187
122
1
110
1
21
65
65
101
181
246
21
217
65
231
160
66
28
47
204
190
135
44
198
62
50
115
113
180
142
113
200
38
103
160
195
113
71
135
59
160
204
231
75
17
256
21
208
89
1
59
17
248
22
253
44
151
223
138
182
204
59
160
151
180
172
191
208
54
124
195
59
20
151
1
98
142
135
66
116
160
113
209
41
162
77
17
98
62
5
71
132
152
243
37
116
152
151
1
151
156
65
135
165
160
156
128
62
135
65
201
195
160
5
143
20
103
115
138
235
151
242
122
151
222
98
160
71
64
241
235
147
191
143
34
245
114
180
254
165
205
98
71
115
105
116
208
160
138
6
71
226
135
115
160
115
33
116
63
138
45
223
50
156
231
198
105
160
143
168
5
21
26
65
42
132
68
87
142
180
63
68
64
73
37
4
13
17
4
62
151
79
165
152
217
115
235
160
224
156
254
143
135
105
114
151
62
59
54
105
62
68
221
245
4
32
190
138
22
105
231
59
182
89
208
62
75
28
116
70
21
156
177
151
156
108
21
217
77
71
245
33
122
98
124
177
89
62
202
62
90
156
89
151
75
201
160
124
178
92
13
138
28
188
156
62
188
200
112
112
75
5
248
160
79
126
177
31
126
92
175
33
152
126
151
226
214
63
38
245
104
104
54
100
98
29
94
142
98
208
138
105
61
160
70
156
37
62
151
29
90
98
138
151
6
68
226
113
175
102
202
188
89
245
188
245
126
231
220
76
151
156
4
112
115
209
47
112
64
6
127
98
245
210
231
151
210
129
210
57
68
81
73
254
241
96
73
167
191
32
126
254
75
167
151
132
151
175
138
4
231
33
98
220
210
184
200
229
102
123
177
37
175
62
193
220
21
63
160
79
75
104
246
227
98
62
106
82
235
251
61
126
69
210
106
78
217
17
205
101
98
27
63
114
135
231
98
41
84
185
98
207
114
243
139
253
79
205
64
84
200
90
181
98
132
30
107
65
178
149
128
212
52
226
202
142
91
155
142
30
217
117
167
51
33
151
51
210
236
123
103
29
112
136
246
90
235
171
251
205
194
188
1
78
175
15
117
29
63
90
114
98
200
114
152
210
200
27
130
156
156
133
96
96
55
114
40
230
129
175
112
126
200
245
215
213
205
184
34
109
193
158
226
75
192
153
13
114
217
179
29
63
102
135
30
198
188
240
194
224
230
185
235
29
106
114
61
102
169
198
57
205
221
157
198
132
131
85
217
253
79
109
130
85
131
15
19
75
236
234
179
156
79
1
52
21
114
132
43
185
45
41
59
46
214
89
4
64
52
29
132
89
132
114
157
102
224
191
62
109
189
79
217
30
210
44
77
118
35
60
15
246
