129
51
129
129
145
94
94
183
249
183
153
28
129
106
55
145
102
26
222
28
106
28
183
183
175
59
106
106
183
102
59
222
33
145
145
145
196
55
79
222
183
14
106
123
28
75
222
28
106
150
75
121
28
28
181
181
76
106
75
145
181
79
75
131
64
69
95
153
236
174
132
150
28
123
178
216
182
99
145
216
216
122
140
77
95
122
145
3
150
140
174
77
67
145
212
57
138
198
194
75
79
75
182
174
165
248
66
109
99
212
132
154
75
17
11
131
142
67
99
178
141
178
140
222
137
138
248
9
183
138
48
5
141
136
28
138
154
235
178
237
182
182
222
122
171
182
207
220
150
70
154
154
112
77
138
170
37
112
230
207
235
171
192
99
5
183
66
82
59
77
112
153
122
65
216
178
99
91
78
42
77
59
149
183
70
12
104
122
77
17
91
48
92
249
66
226
222
154
197
222
24
183
77
95
207
102
216
75
37
72
84
181
218
241
150
12
41
138
131
207
150
122
99
99
37
104
226
222
219
89
76
4
122
252
77
45
109
38
217
205
72
90
77
243
66
216
121
229
122
248
15
63
235
66
77
7
17
226
84
136
70
160
104
41
207
112
75
208
77
89
213
185
1
241
168
78
91
72
46
33
182
39
72
150
24
17
138
168
239
77
66
241
121
77
207
211
218
226
66
77
211
167
163
116
29
180
29
131
172
214
174
148
9
2
153
141
247
17
174
94
178
62
240
231
99
219
165
211
240
154
104
33
154
217
29
97
21
132
72
77
104
163
252
46
34
240
65
65
9
182
121
237
164
55
182
77
248
77
134
154
90
32
203
38
207
52
36
55
77
77
50
119
201
248
42
52
172
49
188
67
248
241
119
252
226
154
126
229
33
159
55
234
176
202
2
248
55
168
94
54
101
42
35
49
91
190
77
116
154
86
207
214
58
214
33
62
57
72
241
203
45
57
50
42
57
27
42
27
91
249
139
215
83
25
40
203
256
166
228
2
163
55
249
55
230
215
157
71
57
124
42
132
33
134
21
205
139
29
237
46
35
17
117
144
252
154
92
168
35
210
142
57
87
29
159
161
144
103
73
67
219
226
66
121
226
69
256
55
144
55
205
249
52
248
50
40
33
124
237
21
158
29
234
204
13
237
90
27
49
45
149
73
156
207
66
17
58
244
29
154
132
103
72
161
237
119
134
253
119
249
249
216
126
102
4
179
210
124
29
103
38
134
73
134
154
26
66
237
35
256
214
241
219
185
179
252
29
179
124
211
141
247
39
253
134
170
133
157
179
252
33
227
214
55
71
30
101
17
55
42
159
158
211
152
144
249
231
244
195
158
117
222
196
144
134
216
134
180
158
160
55
216
159
92
216
134
16
203
75
157
144
38
70
237
66
218
226
201
136
134
157
152
124
41
16
179
109
230
210
43
154
34
150
124
9
252
161
154
91
179
233
179
134
4
164
58
158
56
42
86
71
6
15
179
52
216
70
174
216
106
52
213
48
216
117
199
156
52
179
38
115
106
104
204
106
132
198
124
77
101
57
139
201
75
256
133
169
101
91
210
17
159
29
60
132
237
24
31
33
241
42
179
102
236
134
179
139
26
63
137
58
240
57
178
217
84
169
185
214
228
134
237
248
252
131
139
77
63
72
214
73
197
207
38
205
225
252
15
134
15
131
33
29
39
153
236
4
29
158
134
168
159
252
65
185
78
210
75
142
216
29
179
77
179
127
242
142
52
109
158
179
168
157
198
72
25
38
15
101
214
56
159
64
256
101
159
150
29
91
57
138
159
232
182
63
179
134
163
252
204
63
252
185
46
210
240
248
57
101
104
52
104
12
101
86
63
247
159
132
183
32
38
210
252
77
42
169
63
191
54
52
157
158
176
211
134
134
216
77
75
34
157
159
134
55
134
210
158
102
101
170
86
248
158
32
56
79
252
63
116
116
190
118
134
157
72
116
155
210
169
25
101
155
214
6
64
159
157
131
53
101
191
214
101
179
90
56
154
142
75
73
101
255
33
215
48
249
157
215
161
33
185
122
101
115
56
108
132
124
201
45
53
157
15
101
56
159
119
102
192
170
224
102
63
134
158
52
210
103
252
77
214
159
190
144
58
131
45
210
193
157
131
134
158
157
207
114
210
82
101
103
45
134
254
79
230
167
38
179
116
101
134
159
45
101
77
77
170
77
210
161
115
134
133
86
149
134
90
134
139
179
51
95
233
157
130
157
157
131
158
25
90
134
42
210
142
71
126
131
88
145
170
210
86
242
155
134
90
51
108
169
63
45
101
233
74
134
132
168
110
158
181
238
134
37
179
27
174
244
103
115
134
214
159
179
116
53
101
133
157
235
230
99
86
51
168
174
190
38
210
77
101
45
52
131
25
101
116
116
122
77
73
139
134
214
155
213
247
142
53
134
158
157
116
77
157
30
189
39
56
149
116
116
116
197
108
2
45
157
187
63
179
232
179
6
131
193
207
35
24
161
197
197
56
133
101
33
174
56
45
161
161
1
23
159
187
233
14
192
133
23
168
245
255
104
157
157
187
157
56
179
155
210
232
45
157
