54
88
54
249
203
166
249
54
54
88
76
166
76
166
59
205
186
176
59
164
48
50
50
50
50
186
31
76
76
176
164
40
170
249
178
70
176
203
123
189
172
57
166
140
128
159
230
180
121
164
256
166
93
103
69
250
15
80
88
249
144
223
230
186
199
121
11
223
39
67
169
230
237
13
190
80
127
130
87
86
57
56
170
130
93
186
53
199
194
186
149
149
15
37
192
256
180
50
223
82
231
256
25
143
195
150
11
203
176
87
31
249
86
86
56
196
35
178
153
44
15
178
223
76
76
256
82
157
15
220
208
149
242
15
220
121
194
82
87
25
208
82
39
240
55
176
163
41
95
235
235
169
237
31
56
91
31
174
149
166
11
10
11
199
41
157
95
88
15
240
121
235
174
57
223
194
66
212
244
150
220
139
38
91
237
135
212
240
237
50
223
82
35
115
140
209
130
84
42
131
228
6
121
82
56
256
187
208
29
33
31
87
219
159
237
39
153
181
237
84
117
36
209
33
143
178
31
146
75
150
199
88
240
18
80
178
32
232
36
194
149
83
69
240
77
75
135
181
33
11
153
42
77
84
180
196
253
195
135
93
64
86
212
106
237
163
190
38
31
249
208
35
185
86
172
74
29
239
84
157
135
48
127
62
196
53
242
71
108
240
208
88
158
74
53
12
127
117
139
75
42
196
230
220
42
147
135
32
231
47
176
127
39
138
41
42
43
205
253
209
19
146
176
36
184
187
176
99
182
83
190
190
242
150
107
176
178
42
250
184
110
115
235
31
212
159
29
124
64
17
84
186
131
91
62
190
5
132
25
207
81
256
65
31
240
87
50
219
176
174
121
77
35
162
42
75
33
208
184
242
42
27
56
190
226
56
163
117
108
32
172
66
195
149
75
176
117
73
97
67
157
256
83
83
129
104
61
182
77
163
32
178
124
74
75
228
219
223
202
219
146
223
226
33
242
84
237
158
219
102
31
42
40
157
184
212
170
44
169
32
25
130
5
66
25
106
97
91
43
56
35
176
13
66
42
225
42
127
83
34
90
253
237
75
57
27
166
67
116
176
5
158
240
104
166
162
158
97
11
97
52
159
107
95
126
117
25
41
201
129
184
75
240
35
113
256
256
250
235
143
51
113
136
46
100
235
70
108
197
83
42
86
151
123
219
33
135
46
65
79
238
240
199
139
132
131
198
97
256
169
139
132
19
67
256
228
42
28
47
222
47
203
31
61
62
42
117
101
70
39
63
27
184
86
137
50
124
202
253
176
31
230
184
99
185
99
31
231
59
156
190
170
131
185
74
63
250
31
136
215
50
85
131
14
67
159
223
149
79
114
11
144
190
79
117
146
199
67
196
146
34
205
119
238
50
75
178
195
205
100
73
214
84
194
190
90
209
149
104
14
5
178
74
230
162
182
195
60
189
73
83
176
240
245
232
14
25
74
95
26
195
32
149
256
31
245
49
199
60
13
73
77
31
97
149
56
176
75
215
52
211
244
159
161
62
108
56
50
144
79
32
73
88
86
169
73
163
50
71
202
239
158
219
74
80
93
57
207
105
75
151
251
22
239
190
190
56
253
91
5
56
99
33
195
106
130
162
17
243
184
60
117
88
74
44
74
162
61
119
178
249
211
53
203
117
94
17
195
42
216
7
223
238
13
50
147
57
178
162
31
133
87
27
248
170
253
56
136
150
186
46
14
31
189
203
149
74
37
131
88
238
73
184
210
86
147
256
67
141
196
36
41
187
125
15
232
150
93
228
228
205
184
131
35
190
170
33
209
57
39
132
102
244
39
113
116
42
59
135
229
14
205
135
214
53
137
11
231
95
95
166
83
9
84
42
9
79
59
251
62
35
238
70
222
153
12
84
56
157
149
117
210
34
27
205
195
195
60
174
6
8
206
174
75
212
84
56
154
178
70
146
54
64
70
219
184
104
95
106
39
146
113
31
256
45
129
227
226
235
141
168
228
106
34
97
9
130
215
45
35
240
156
96
163
219
9
11
34
228
240
134
194
10
158
36
228
67
85
149
74
111
70
220
32
204
166
74
220
53
113
189
73
210
97
211
226
116
70
203
49
74
140
142
17
100
70
180
32
240
202
240
215
152
59
184
250
113
72
241
56
62
12
219
91
100
142
252
14
79
32
215
170
122
68
78
27
201
80
234
117
113
141
130
32
180
219
88
156
64
178
228
120
226
249
140
42
62
146
122
249
250
95
242
77
92
106
229
76
88
35
95
150
65
116
10
45
21
111
56
73
225
85
56
89
53
107
247
179
184
120
33
212
144
215
249
113
32
102
174
204
153
100
131
232
21
106
94
168
172
229
190
31
74
180
122
250
137
119
23
109
63
111
72
78
238
146
41
140
172
190
235
238
215
12
56
184
45
147
244
184
77
12
9
50
40
119
113
10
70
145
60
175
50
204
215
217
232
152
230
212
47
12
62
42
170
32
41
215
129
100
216
119
34
32
12
100
204
150
55
79
10
106
45
140
133
235
27
56
243
215
184
63
5
228
150
13
121
40
25
140
131
57
168
159
223
90
54
3
215
27
27
42
52
186
195
9
65
32
99
12
63
232
62
63
250
34
63
256
103
27
152
178
65
230
174
57
52
180
114
117
230
89
40
228
117
151
89
101
12
55
32
236
150
195
230
25
184
9
195
27
235
216
82
24
196
153
119
215
35
62
214
149
236
170
223
228
170
169
202
64
146
202
119
235
229
120
184
121
116
3
131
100
237
85
44
70
128
234
40
229
147
203
179
13
210
13
256
46
78
214
32
25
190
40
169
120
172
50
116
199
12
215
12
190
228
9
149
213
215
152
152
32
52
254
153
184
18
184
89
90
57
110
235
229
190
190
217
76
119
157
43
203
106
228
28
175
148
69
45
82
129
54
170
96
192
143
27
107
89
240
27
249
186
78
175
164
215
153
146
63
85
26
196
81
113
229
153
248
194
50
107
77
153
67
182
133
50
84
111
239
23
4
215
189
45
244
32
65
170
244
130
184
222
139
169
237
119
149
123
182
228
193
65
184
98
109
134
102
14
1
119
159
190
256
45
113
20
197
40
127
94
192
16
151
174
44
15
159
86
133
44
45
72
71
215
44
70
65
131
67
50
184
78
56
163
98
119
42
175
199
171
99
194
151
48
45
54
149
82
161
130
151
256
152
215
144
108
76
189
24
241
124
15
45
219
120
196
222
94
235
215
40
119
63
183
230
9
232
59
129
224
10
232
161
45
119
99
63
121
242
218
47
31
32
181
108
16
45
124
49
158
95
152
174
153
44
158
15
165
238
133
122
178
64
171
89
5
187
217
147
239
245
121
12
235
218
246
94
153
45
119
82
149
18
189
98
151
31
252
151
37
250
87
21
230
234
50
161
133
45
161
208
245
106
163
90
202
13
42
86
243
44
8
145
82
25
87
133
150
219
184
82
246
215
95
159
92
12
246
109
69
47
56
189
12
157
12
133
223
133
134
23
215
133
82
48
45
82
215
222
182
56
88
32
12
161
155
250
215
150
12
244
30
127
82
117
12
146
210
76
11
86
149
118
85
94
174
158
139
133
45
222
219
199
50
196
215
72
89
163
95
184
235
133
34
23
134
74
250
219
53
111
159
130
232
73
149
228
237
148
161
242
12
138
161
246
239
94
118
85
108
82
23
244
107
114
31
133
119
82
85
44
82
119
44
82
85
219
82
153
56
203
48
94
232
45
170
150
234
235
153
53
67
15
230
119
107
8
171
88
48
108
178
152
255
56
232
81
170
207
108
23
228
88
197
119
23
11
48
228
214
178
85
159
77
222
23
76
102
203
28
152
79
184
19
144
229
133
36
56
82
174
133
85
252
30
76
237
133
192
234
195
89
185
136
163
120
73
176
215
184
82
249
128
25
113
85
116
178
13
14
198
215
144
256
45
144
25
107
19
191
44
2
13
39
50
139
52
237
85
184
31
159
19
19
239
73
103
137
133
163
119
215
48
107
189
196
65
232
227
222
184
150
80
184
82
157
27
137
133
57
219
152
119
232
72
244
222
185
149
196
31
192
190
192
118
149
237
224
85
196
73
78
153
256
159
230
41
190
25
153
64
85
159
163
161
204
140
255
85
82
15
45
228
235
192
185
221
101
73
161
189
237
189
197
213
103
227
82
194
174
133
85
140
87
152
228
101
243
44
184
119
72
23
230
119
183
230
88
12
9
163
227
19
72
232
228
211
82
23
13
117
189
32
155
57
207
159
219
72
72
85
48
186
115
138
207
17
221
235
213
148
211
221
85
86
117
129
150
94
213
2
106
72
189
202
153
119
62
178
10
72
226
48
2
178
170
85
149
85
193
133
199
157
78
229
150
159
72
232
44
205
129
202
166
73
43
82
5
149
159
163
189
30
231
239
31
149
235
56
97
169
19
219
108
119
11
94
76
235
82
237
133
106
119
230
235
218
213
16
196
161
85
114
26
132
214
239
73
12
190
72
124
34
82
69
199
56
12
82
52
215
152
134
69
146
84
9
178
25
163
111
63
76
134
161
145
189
25
21
106
76
210
157
146
28
33
152
13
241
232
163
144
124
77
163
249
109
145
247
88
27
85
76
26
133
119
104
111
94
15
3
124
219
161
167
219
31
163
202
21
159
202
191
186
148
228
161
176
88
25
62
109
42
230
238
228
13
9
56
63
88
99
94
250
32
153
85
169
53
151
31
139
133
77
109
235
200
237
109
133
249
45
113
56
111
183
72
92
27
148
182
163
72
159
64
228
224
252
53
53
12
159
82
238
157
133
28
147
32
161
57
133
133
184
56
120
38
152
148
12
220
39
4
3
63
163
25
202
203
133
219
237
57
207
11
147
215
48
222
196
85
253
221
228
159
189
178
90
102
56
178
31
65
218
163
171
76
94
241
56
235
249
77
217
57
120
25
82
32
82
11
253
34
120
159
230
163
163
82
186
82
55
150
148
48
184
163
135
62
146
56
216
124
72
163
221
133
189
163
56
250
178
197
147
39
178
56
124
178
237
144
57
159
228
38
161
203
228
184
235
85
12
163
133
104
45
240
158
204
140
253
133
85
77
10
244
56
44
178
77
56
61
106
148
22
31
94
56
116
163
42
85
45
82
155
158
220
82
195
159
213
61
45
215
188
208
85
133
232
207
82
13
148
85
77
175
217
124
25
9
158
235
204
148
86
232
72
149
183
44
134
48
176
163
13
31
53
228
159
190
248
232
232
34
157
219
39
127
249
227
221
87
158
159
253
39
81
131
73
195
201
203
133
76
41
232
56
163
25
25
96
163
256
133
56
148
215
153
203
235
176
76
45
48
159
242
184
202
12
216
25
120
246
45
56
133
159
9
256
148
77
35
52
163
163
5
232
256
11
164
76
159
133
187
213
72
213
133
56
12
72
12
88
72
133
159
