129
237
138
27
33
138
33
33
237
212
174
33
138
150
150
11
84
153
88
88
189
66
153
66
59
66
153
106
106
138
177
29
189
114
114
114
222
150
106
59
212
136
62
29
5
106
66
28
222
123
136
123
174
95
153
41
42
206
2
183
5
177
29
42
216
3
177
42
106
222
216
28
63
206
189
245
215
63
136
29
5
60
150
85
63
106
49
223
187
223
204
210
40
122
206
30
63
230
73
40
17
53
216
174
2
230
236
73
217
187
206
30
29
187
216
181
217
236
57
184
141
51
223
216
40
102
154
226
217
127
208
104
151
15
127
181
216
102
182
104
184
135
76
151
168
19
109
151
151
217
81
30
127
174
77
151
77
15
39
30
124
136
75
104
220
42
31
172
172
123
132
57
132
174
158
3
43
42
191
201
220
215
229
206
241
60
31
209
201
206
28
170
102
6
154
249
235
94
34
117
39
104
82
210
215
249
124
226
39
39
39
69
184
162
240
224
241
229
43
57
157
97
51
198
158
174
157
31
77
69
108
84
174
199
42
17
192
105
22
152
44
107
39
14
141
94
22
77
85
39
241
191
72
82
215
145
253
84
35
39
57
22
105
170
106
158
141
157
82
232
101
193
216
32
44
67
133
249
192
235
159
105
131
77
232
9
82
220
158
249
158
118
228
183
44
26
193
44
237
73
91
159
231
238
67
31
9
86
72
118
26
136
34
137
99
222
224
91
228
70
72
133
64
15
39
82
238
48
34
153
116
220
42
241
34
80
57
253
106
214
215
79
104
44
124
10
52
255
79
82
193
232
193
192
82
215
141
199
101
146
53
224
123
77
10
28
159
190
133
43
73
157
201
141
15
248
240
155
207
178
17
184
106
196
10
10
228
39
170
14
235
77
70
189
30
201
12
190
110
193
42
77
207
230
25
228
91
220
35
237
124
149
236
39
256
116
191
102
133
203
114
26
252
256
230
139
193
75
43
192
86
114
184
91
189
170
73
85
111
70
114
141
11
215
240
64
42
247
178
86
219
102
90
163
189
10
94
86
178
9
106
56
111
131
256
