208
208
76
237
165
51
129
170
73
50
208
62
212
123
123
165
123
84
123
127
165
51
239
127
51
165
129
87
177
76
3
199
244
143
147
172
87
209
194
212
51
63
112
212
51
95
225
50
143
123
220
94
61
3
50
253
225
94
212
203
165
50
256
162
165
165
123
165
114
123
54
18
77
123
123
143
177
44
225
77
112
115
123
25
225
123
165
219
143
28
94
112
66
115
122
73
50
77
18
176
189
253
136
220
190
244
123
54
203
220
174
97
162
220
31
189
220
22
123
208
89
146
80
86
73
94
174
162
110
51
145
51
140
112
140
51
251
208
36
153
97
177
51
225
71
231
44
115
180
58
110
231
50
77
93
188
250
140
144
51
188
58
251
62
156
250
171
136
54
51
112
16
51
177
5
66
22
51
19
177
140
140
215
160
175
177
62
177
123
48
105
71
143
160
215
149
140
77
161
209
157
123
36
123
208
123
95
98
54
177
18
90
59
237
225
242
36
16
160
51
160
127
127
149
214
110
209
155
236
5
69
215
251
54
123
178
112
62
73
119
99
203
150
239
51
123
3
51
176
140
112
74
181
88
140
75
36
140
76
153
140
82
9
162
156
177
54
50
204
140
160
97
92
250
106
204
177
68
51
172
50
13
16
214
153
140
13
62
153
125
64
50
28
110
76
214
204
211
153
153
195
62
172
161
149
62
51
150
76
146
126
90
153
62
62
251
163
188
68
204
76
222
119
163
47
253
205
106
153
212
143
204
40
22
127
123
143
143
160
132
146
143
59
153
237
18
254
140
74
119
62
161
111
143
200
74
72
110
215
54
121
68
151
51
177
239
254
160
251
239
123
208
62
62
136
72
90
203
156
68
123
177
197
204
165
153
250
82
92
177
250
40
84
62
161
155
47
242
165
112
82
234
176
38
123
125
4
160
107
250
90
193
90
172
36
106
50
123
162
159
191
86
172
26
90
172
107
26
153
72
172
90
229
110
123
123
174
71
51
45
181
254
197
4
215
14
68
254
34
41
238
123
154
229
18
90
102
128
244
72
119
160
86
4
169
234
254
119
82
36
215
140
151
185
68
68
198
94
204
177
82
152
190
127
159
152
161
107
224
76
159
72
176
119
36
99
112
107
7
42
4
120
113
17
245
86
234
224
119
127
232
3
31
113
18
159
82
254
72
195
198
178
208
4
243
23
119
132
200
147
98
246
177
98
151
204
23
147
143
80
250
254
4
50
246
198
254
84
152
209
82
213
47
156
156
152
68
47
185
165
224
165
216
72
5
53
51
251
175
237
51
112
188
246
200
188
185
126
173
246
129
254
200
156
112
173
126
224
254
129
18
224
47
209
173
160
151
127
246
250
209
47
88
194
82
185
125
99
246
209
68
119
197
51
160
18
160
5
254
185
218
160
152
254
126
209
246
99
120
188
176
246
71
82
54
254
40
118
198
161
254
254
51
205
99
59
81
156
99
51
246
230
254
98
246
126
194
198
38
4
4
118
112
173
47
85
59
40
141
37
85
37
209
163
241
47
159
118
254
141
47
118
84
16
246
151
133
84
254
200
47
6
208
208
174
126
156
151
156
140
81
246
59
218
208
40
160
25
188
161
185
1
162
188
28
64
152
28
62
62
206
162
47
254
118
232
28
205
188
36
162
82
188
147
89
208
133
84
189
219
81
180
40
136
204
180
254
254
156
113
246
6
112
98
125
217
54
254
92
246
254
254
254
4
244
189
254
122
165
165
68
152
12
254
61
218
208
25
119
225
156
243
92
243
96
43
127
254
165
254
234
62
98
92
165
246
218
188
4
188
148
68
243
109
90
216
92
191
224
10
6
204
204
125
160
37
92
4
254
191
125
156
197
200
112
254
200
188
188
188
244
125
147
133
65
165
118
234
246
20
254
107
254
10
102
254
254
173
173
152
168
47
254
125
191
125
234
10
64
196
47
200
68
133
152
152
188
173
254
188
224
160
158
173
196
78
163
173
173
72
254
254
228
191
4
107
152
163
115
246
188
115
110
112
187
125
248
125
6
53
254
10
74
74
185
254
140
168
224
110
110
224
74
173
148
251
118
169
188
161
170
27
110
145
165
10
110
215
35
242
113
246
107
153
110
110
188
78
60
254
201
103
242
30
10
254
142
103
256
245
152
4
52
86
74
173
19
242
224
188
133
64
111
224
47
102
47
245
205
196
79
152
200
118
246
78
127
100
246
143
151
224
52
74
22
224
242
11
249
173
203
234
53
56
125
4
246
68
246
242
154
246
224
122
254
123
241
200
234
92
246
188
246
196
171
246
185
142
118
152
111
