208
208
208
208
150
206
7
107
58
97
205
97
191
58
97
97
46
58
222
171
171
248
46
250
175
250
250
171
46
84
35
16
237
60
245
256
146
162
222
108
175
169
90
54
107
177
32
201
8
79
90
40
65
60
40
90
128
80
79
244
171
175
203
245
183
54
95
114
209
147
147
40
114
46
147
183
147
245
205
144
40
71
208
97
18
40
65
150
205
208
63
90
105
205
212
96
183
206
212
3
239
108
175
38
231
164
98
130
8
222
201
126
199
3
187
60
212
54
131
6
18
105
187
205
245
175
3
212
245
3
228
54
225
90
46
54
194
205
248
40
212
66
3
138
3
3
89
130
88
212
208
90
105
135
1
206
141
175
70
60
46
36
105
186
79
212
18
231
5
97
44
105
212
238
54
241
175
3
63
150
222
151
79
145
138
65
1
226
233
14
89
128
150
127
250
225
3
90
178
206
222
250
65
251
177
235
31
11
18
105
16
250
177
145
129
126
105
199
169
87
214
213
108
231
128
127
1
212
28
231
130
213
65
87
244
181
111
168
1
209
208
87
241
14
181
205
223
97
150
137
225
226
41
243
11
208
222
14
236
226
17
208
206
10
162
14
43
61
183
208
81
141
11
233
2
67
14
222
47
151
88
250
151
142
177
204
249
128
114
241
128
3
8
143
87
67
131
11
62
14
239
243
145
229
169
25
67
175
182
11
187
65
33
250
181
211
241
182
3
150
146
203
11
187
196
123
235
207
130
53
211
108
10
177
182
96
175
71
67
245
61
206
2
250
96
174
142
204
241
67
123
150
51
177
12
212
11
5
58
61
160
51
219
165
153
118
11
3
65
123
241
172
8
248
220
105
241
84
246
241
141
182
181
182
182
103
165
19
103
172
100
211
181
141
1
207
177
98
117
1
1
11
47
18
101
11
13
43
131
123
11
62
162
150
241
31
97
237
5
233
87
13
190
216
246
211
176
153
68
229
26
170
151
177
3
108
67
181
114
182
1
47
182
217
11
51
241
211
11
108
243
49
60
19
160
229
122
107
235
182
209
77
222
242
150
76
172
110
142
88
130
30
217
107
177
70
172
65
41
66
223
151
207
170
88
177
140
235
66
114
66
138
51
131
107
223
90
12
206
5
251
16
90
89
251
42
5
3
115
168
13
241
172
102
137
153
103
88
18
3
201
70
229
145
241
142
241
16
183
172
3
97
58
3
33
5
49
175
97
235
137
174
79
254
233
241
244
79
241
54
140
181
16
73
211
223
108
242
209
209
175
130
78
219
220
105
65
251
90
91
203
37
229
156
219
40
31
47
245
241
142
137
137
17
217
98
1
41
203
242
170
172
241
115
51
24
24
219
194
205
187
1
8
230
131
109
217
174
60
25
62
86
177
5
116
183
140
182
89
61
236
131
131
172
93
241
100
129
116
248
198
243
58
90
18
247
58
137
209
177
79
140
60
97
90
12
103
176
25
187
243
84
97
179
156
8
137
211
60
156
107
130
103
209
90
217
181
100
107
172
239
190
18
246
38
98
237
75
140
185
90
45
131
88
114
190
244
84
47
11
122
140
235
107
20
66
49
60
121
102
253
181
190
27
62
87
167
168
207
196
176
17
140
3
30
107
190
140
216
57
95
46
196
58
243
111
136
217
243
97
97
197
73
11
182
41
168
87
103
16
196
137
129
30
141
122
121
59
95
204
103
154
97
179
203
17
100
156
220
185
171
187
103
149
31
17
176
151
66
203
46
154
22
181
164
223
184
59
209
140
79
205
114
248
19
3
54
107
91
95
151
115
125
227
12
39
87
150
242
74
97
66
242
109
182
47
254
147
12
207
11
19
245
1
98
239
217
162
3
97
151
146
31
212
93
72
151
98
29
11
153
171
207
229
12
153
160
32
243
56
100
41
138
96
93
47
31
235
60
109
17
60
167
206
157
95
5
28
109
97
74
18
187
79
22
41
87
242
156
215
172
61
231
79
95
60
158
250
243
30
26
7
2
138
12
95
60
48
151
144
65
16
252
239
118
74
173
241
168
40
176
175
63
107
121
246
201
128
185
114
190
91
137
87
43
176
1
171
2
130
131
30
98
87
59
3
233
49
97
118
125
2
97
1
174
245
75
165
19
1
5
5
132
237
211
17
118
161
176
101
105
13
76
228
43
13
129
106
54
2
205
97
206
104
114
251
207
94
32
97
95
217
5
89
98
180
46
141
229
228
233
181
242
107
237
252
198
180
228
22
90
157
141
173
60
127
225
182
173
30
109
248
131
227
216
226
154
90
230
207
165
14
112
90
183
255
131
11
101
92
49
222
60
156
156
171
73
251
141
129
147
112
70
116
243
1
60
139
151
241
79
97
2
130
63
187
168
181
79
117
207
196
86
197
95
203
46
8
39
154
56
128
158
144
30
12
156
224
201
142
49
241
129
5
90
151
128
54
131
43
155
230
146
255
108
75
210
97
29
14
116
116
226
229
242
208
236
117
142
222
156
182
42
61
1
43
157
95
43
64
225
126
204
150
151
236
134
127
112
78
10
182
1
115
241
151
1
137
37
211
223
30
30
1
226
97
203
35
160
127
127
230
256
69
245
50
255
107
2
102
63
220
137
10
97
244
255
12
1
100
70
137
34
116
37
224
184
97
172
97
149
209
97
183
227
47
251
225
141
62
181
51
168
142
103
8
230
97
157
50
190
45
221
141
225
127
86
137
116
10
1
170
173
25
183
140
171
136
227
113
38
101
139
122
112
241
4
16
159
244
76
221
141
227
45
175
236
254
141
64
233
183
242
255
201
43
66
227
134
105
47
45
34
204
35
126
181
116
98
56
241
208
31
55
131
217
103
243
183
222
116
225
94
219
255
23
243
139
12
213
114
156
131
222
150
228
37
171
245
64
205
122
161
142
114
41
228
147
171
40
199
179
241
104
251
201
74
49
157
150
56
57
100
40
43
182
45
248
226
236
182
204
68
251
90
119
13
250
187
43
86
203
4
41
132
1
243
132
49
73
78
242
156
141
152
222
181
73
70
71
28
198
95
116
40
37
207
228
17
145
70
34
181
2
131
236
132
46
18
25
168
222
1
141
1
189
251
173
249
122
248
43
94
8
185
181
43
73
103
181
13
103
88
164
95
84
174
20
230
201
227
188
193
2
221
192
247
121
138
131
158
236
220
137
254
241
37
125
241
18
30
117
120
246
243
152
244
180
134
245
100
200
221
114
237
43
4
24
187
11
20
136
165
234
134
12
118
246
149
11
188
207
241
213
234
241
224
152
60
28
241
109
4
234
24
4
37
226
241
48
161
77
71
142
198
8
109
48
248
109
168
184
178
198
41
37
255
5
13
251
61
254
58
131
123
122
2
43
9
43
134
181
132
39
47
200
108
245
89
234
158
151
117
244
256
117
63
193
119
254
72
246
244
168
136
43
88
152
161
30
61
207
234
137
187
205
241
188
107
117
219
113
215
212
185
77
124
111
111
121
117
1
171
253
157
79
217
246
227
107
149
188
43
254
159
122
60
152
72
56
233
251
226
184
2
108
233
200
55
233
149
117
251
203
27
125
68
168
39
131
232
217
118
8
117
8
23
114
233
234
133
202
112
24
179
4
90
241
132
117
45
124
151
224
233
241
142
215
116
90
183
4
167
229
254
148
26
137
34
197
255
217
124
157
117
50
117
37
141
217
198
185
201
23
119
43
34
74
233
212
103
96
187
53
109
23
188
226
198
24
61
227
96
148
137
132
238
255
174
22
164
73
244
159
216
244
29
233
43
2
180
4
25
137
144
68
9
155
224
130
137
255
229
124
109
182
144
117
222
117
96
42
175
15
118
169
245
181
41
157
241
120
46
4
142
125
117
60
132
65
154
142
159
213
60
126
42
254
249
151
15
228
53
214
201
114
163
15
222
68
30
68
155
30
183
56
72
250
68
142
129
2
130
72
122
182
96
188
133
118
2
174
215
114
68
117
180
222
37
96
233
254
210
187
247
53
43
159
114
199
131
231
116
220
60
117
172
119
63
132
229
129
240
20
125
146
256
157
232
228
8
193
159
72
242
188
114
131
49
149
215
255
134
249
234
43
189
198
188
112
89
217
103
77
188
2
88
203
2
233
133
129
233
255
159
201
227
48
125
247
103
68
59
247
48
191
117
68
158
1
117
207
173
207
35
12
159
213
72
82
223
159
232
96
68
1
12
5
159
190
120
82
82
233
161
201
12
156
117
1
19
233
233
82
