186
127
175
36
175
75
191
111
28
183
3
256
96
205
59
80
75
40
105
111
13
3
228
80
192
209
13
156
212
160
183
97
138
166
183
34
209
208
231
138
208
203
186
186
183
97
251
59
186
97
71
98
183
228
127
88
208
235
225
29
138
113
111
90
126
19
168
180
126
7
183
125
113
116
201
60
249
138
73
28
113
19
5
236
244
84
61
187
95
15
3
75
62
106
166
3
100
108
75
3
171
95
238
119
201
78
187
90
105
223
204
105
230
223
113
24
116
204
90
250
189
42
105
160
102
195
7
160
213
135
122
203
165
211
206
246
118
211
231
65
185
183
208
107
126
107
231
84
184
208
125
4
63
92
165
42
109
152
150
244
179
130
114
106
208
6
131
211
172
116
75
131
130
131
183
109
20
44
106
190
102
106
214
208
185
250
214
206
114
152
160
211
211
195
130
65
142
131
187
208
244
98
89
222
88
195
52
203
130
241
112
171
113
243
22
210
105
22
217
2
171
131
89
252
180
37
206
160
20
136
106
171
229
187
98
135
205
205
109
131
131
229
8
138
15
131
130
211
15
68
22
46
116
62
211
195
138
198
132
213
65
252
191
20
10
145
130
11
105
202
24
130
90
142
154
169
246
224
23
194
35
195
15
37
138
131
92
195
246
180
33
130
14
90
86
35
166
34
231
64
222
208
191
31
166
145
73
201
121
205
205
236
203
98
221
253
21
27
214
37
15
97
97
132
44
63
64
38
29
10
227
135
142
136
154
89
252
97
73
253
20
205
114
27
221
185
229
189
2
114
114
81
97
29
144
31
138
2
235
186
37
37
135
138
116
145
253
219
116
160
157
14
35
160
11
166
106
194
58
252
231
225
220
144
191
89
35
205
61
38
5
96
14
27
114
138
222
160
130
55
92
22
131
92
81
242
73
136
15
102
35
178
246
208
47
64
176
63
200
138
102
27
2
73
63
90
135
15
253
175
253
248
158
109
135
222
75
225
148
138
11
244
211
14
246
125
225
24
24
170
54
206
43
27
146
74
11
13
15
171
229
230
225
118
190
114
25
203
215
38
178
185
92
177
205
68
156
75
72
51
88
86
20
15
20
125
102
136
45
63
229
55
222
150
107
229
229
37
158
92
229
205
130
166
121
63
242
25
88
30
235
68
231
256
49
55
116
125
95
138
200
240
198
130
128
118
179
92
121
51
125
169
132
132
206
13
74
121
144
144
200
135
188
4
130
22
169
121
229
47
125
231
55
144
35
72
225
112
225
177
95
39
132
246
212
125
112
71
24
141
171
225
220
71
95
244
182
38
109
2
109
236
203
62
136
63
36
211
49
20
156
239
150
237
33
18
125
222
244
251
150
74
55
162
146
141
121
227
20
244
20
74
127
119
211
1
7
144
8
61
215
144
20
144
152
235
114
205
153
118
119
54
125
42
45
164
181
122
256
125
109
171
225
88
124
130
94
107
238
125
169
13
200
254
91
135
252
251
104
125
182
230
50
200
225
224
54
67
113
74
254
200
43
223
114
144
229
107
242
3
57
20
225
125
20
28
25
24
28
239
225
70
244
113
73
119
209
27
74
20
244
142
209
35
184
110
248
63
73
161
227
107
244
114
73
125
180
64
50
91
63
63
230
237
42
17
153
108
20
106
114
2
239
20
116
228
203
214
125
211
97
125
24
96
229
130
2
113
254
164
43
214
89
194
206
92
244
35
250
143
15
98
225
224
180
27
56
130
125
30
20
27
36
112
141
182
134
220
20
251
29
20
234
183
113
108
17
186
195
242
42
88
119
168
153
55
250
140
208
97
4
134
17
138
27
111
11
89
179
119
209
22
58
124
196
102
97
5
54
182
254
230
235
61
8
96
125
183
223
151
214
125
237
170
186
125
230
42
206
62
29
168
162
2
241
16
124
20
137
4
130
109
89
119
150
115
28
20
98
17
36
18
68
8
40
234
195
231
107
38
125
206
71
225
47
98
38
210
78
162
225
229
124
244
234
119
34
203
54
128
36
49
141
171
166
176
170
83
225
112
204
190
17
89
183
78
15
192
132
73
37
119
113
58
43
2
27
89
67
203
188
222
151
136
29
80
98
237
224
254
231
34
74
243
30
24
234
7
222
119
78
222
150
26
212
162
119
19
81
166
72
123
20
57
146
132
162
185
93
150
25
129
123
113
20
131
114
8
51
29
84
225
225
14
31
71
78
93
95
190
199
7
14
109
29
29
209
13
224
15
96
72
98
20
54
20
251
225
20
80
97
191
20
244
251
244
248
38
97
199
27
71
51
239
20
2
130
20
106
123
3
7
250
143
26
118
244
1
229
139
125
137
252
10
141
122
105
78
24
239
253
151
75
20
24
2
151
229
24
123
8
68
182
209
185
50
195
107
242
8
5
229
217
235
129
89
225
93
8
76
7
131
173
106
68
82
224
68
26
100
235
96
17
152
105
237
114
206
132
132
192
220
251
51
119
138
95
160
215
142
174
253
188
138
64
30
119
251
206
40
151
171
8
173
78
194
24
63
129
239
22
78
194
230
74
93
132
96
246
244
184
192
53
118
158
188
84
20
206
18
34
146
204
25
137
141
190
13
180
146
169
237
191
113
78
20
34
136
89
214
230
132
125
225
51
206
98
100
20
171
62
215
210
77
151
50
91
242
45
162
204
54
225
20
129
114
175
91
7
183
26
205
21
71
176
140
234
173
209
230
182
193
30
129
21
182
237
129
193
70
8
74
24
253
37
115
41
138
157
180
101
192
208
194
1
204
242
251
108
35
84
132
223
241
151
101
225
2
153
241
254
177
132
182
44
16
91
87
19
106
192
213
108
106
30
14
96
50
113
239
1
168
110
76
128
138
241
26
153
196
7
250
13
6
107
253
114
15
173
205
26
153
151
167
241
132
229
41
137
56
194
107
140
88
183
64
12
31
214
72
206
139
51
239
253
37
216
20
137
219
59
209
32
171
115
84
164
176
78
256
154
62
181
61
214
188
241
86
143
171
67
168
25
239
107
160
22
20
224
95
104
142
187
138
236
133
251
224
158
214
26
94
64
119
142
73
30
148
106
235
182
209
140
104
153
113
183
46
125
4
237
67
144
188
203
92
2
2
131
8
90
250
56
96
96
133
241
251
11
20
188
125
114
59
108
131
68
133
140
16
38
132
8
155
176
112
209
221
98
89
45
198
217
77
107
33
33
136
62
2
154
161
119
56
180
125
209
43
74
18
13
13
82
7
153
251
239
21
146
162
153
119
239
35
162
132
31
22
153
56
112
140
208
14
109
219
234
125
74
56
242
137
161
241
153
220
31
175
61
244
152
26
124
199
241
5
169
243
125
26
145
95
90
45
78
131
203
243
144
56
89
71
238
155
65
46
122
75
87
242
213
87
115
133
108
45
72
237
45
96
241
11
108
219
62
252
151
68
225
71
92
92
30
7
4
20
119
77
243
45
188
8
214
253
246
61
140
15
56
109
114
126
43
22
120
171
187
250
199
30
188
173
193
212
37
4
186
8
173
81
155
97
162
231
97
71
126
232
185
219
81
42
56
22
133
196
7
45
252
132
88
218
176
48
2
170
140
20
235
235
172
173
142
229
61
20
20
84
121
56
83
17
88
7
56
13
97
229
45
241
15
173
43
153
25
45
161
196
108
87
1
196
88
115
255
236
132
176
144
97
249
189
20
53
85
41
143
152
227
16
178
174
231
159
56
137
31
244
151
200
170
96
84
181
86
167
135
155
190
194
30
63
74
252
121
20
235
214
164
150
172
30
20
76
124
135
146
113
125
131
230
45
159
61
13
12
79
204
142
229
45
132
107
151
48
230
36
162
236
104
247
241
203
159
181
253
153
144
224
86
184
4
92
28
84
191
9
159
138
143
89
56
252
32
63
138
143
56
77
145
252
70
244
158
6
115
185
24
125
45
104
152
152
45
73
50
45
170
23
151
98
246
15
159
161
58
11
75
112
86
234
2
154
88
255
234
165
214
86
143
68
2
236
229
77
67
103
145
203
232
232
161
76
26
52
98
104
35
207
4
113
159
67
105
191
45
43
193
51
244
213
234
159
53
155
213
213
149
48
232
12
157
155
44
252
56
