174
166
166
87
87
87
54
162
174
87
58
54
17
162
58
174
162
54
172
172
172
172
15
123
54
7
65
123
250
71
138
15
226
153
138
138
29
127
54
135
250
123
95
123
172
42
54
174
138
65
172
208
71
123
97
11
95
65
11
208
94
208
95
196
235
217
138
222
128
74
226
95
67
208
256
42
49
226
74
226
226
135
118
174
183
74
166
128
136
246
150
117
74
226
196
75
41
15
209
42
224
67
197
95
128
136
21
226
246
59
215
126
222
33
98
66
42
66
178
206
245
207
118
67
15
67
98
118
123
183
59
174
67
224
136
254
183
66
151
174
95
67
65
81
166
75
41
226
118
236
197
98
174
67
55
67
66
42
71
216
226
58
15
136
95
209
222
106
160
98
145
172
98
31
188
222
226
186
70
254
123
246
123
151
95
95
176
174
206
174
98
133
112
102
129
59
165
248
39
171
120
17
39
136
151
75
174
112
102
200
3
9
183
223
17
175
222
192
138
200
98
217
230
237
207
58
81
136
136
117
66
231
9
66
207
93
173
109
63
226
231
154
192
79
139
15
54
145
120
98
98
94
94
184
129
245
226
67
120
172
98
204
243
231
172
192
162
59
109
192
245
226
196
80
108
94
204
226
184
72
99
98
1
136
235
81
138
1
184
39
139
84
181
196
256
211
165
151
151
97
17
104
183
165
98
143
54
207
231
174
166
143
89
47
136
15
81
216
254
146
165
211
222
81
58
72
15
98
235
90
124
9
72
104
133
98
86
145
109
135
14
146
207
211
9
97
113
12
58
120
231
231
233
95
106
90
130
218
106
39
216
80
58
124
151
9
109
178
63
216
130
109
109
123
59
235
204
77
33
61
233
130
107
151
61
108
109
15
130
123
99
7
98
120
235
15
33
151
138
174
60
67
151
129
251
160
135
95
131
206
218
204
128
108
112
123
184
120
77
216
80
109
104
203
235
109
128
202
218
99
40
129
226
136
9
131
226
129
164
235
131
160
100
58
130
164
67
96
131
158
21
131
109
97
128
185
132
9
78
62
77
129
131
151
77
222
136
99
100
182
132
178
100
212
184
75
140
178
78
182
75
138
174
83
207
207
98
118
75
151
96
135
35
63
176
123
3
95
132
102
203
75
182
54
138
17
104
160
107
104
138
9
53
185
84
60
220
75
140
194
212
226
21
137
142
84
53
117
107
150
33
207
55
51
142
138
9
9
171
118
245
123
112
240
105
89
69
140
14
220
6
136
222
211
62
33
132
132
132
206
9
96
184
193
25
132
124
182
222
87
7
44
104
109
222
223
96
136
164
132
87
132
236
256
17
87
136
53
109
136
220
132
206
17
5
132
135
135
59
203
59
102
109
112
218
166
84
224
53
120
39
226
70
246
144
192
224
40
109
182
60
109
135
244
87
74
224
1
183
132
118
107
165
136
158
118
136
132
218
120
247
218
14
11
11
40
46
107
220
102
164
136
174
132
184
206
26
59
182
35
171
149
132
11
109
87
118
107
144
220
193
206
181
224
247
1
197
182
38
239
130
222
120
27
132
222
135
53
132
182
51
136
207
229
149
101
46
97
101
132
176
77
158
30
144
27
177
173
132
84
77
135
118
140
65
173
2
109
182
53
224
247
24
64
53
224
87
239
192
101
120
188
217
235
169
104
114
113
112
180
113
169
79
53
53
108
231
9
53
100
246
217
182
255
10
40
99
101
2
104
101
205
33
135
60
53
60
186
166
180
121
207
121
